   0.0000000000000000       -1.9999999999999998     
  0.11111111111111110       -1.6180339887498945     
  0.22222222222222221       -1.6180339887498933     
  0.33333333333333331      -0.61803398874989535     
  0.44444444444444442      -0.61803398874989446     
  0.55555555555555558       0.61803398874989457     
  0.66666666666666663       0.61803398874989468     
  0.77777777777777779        1.6180339887498942     
  0.88888888888888884        1.6180339887498953     
   1.0000000000000000        1.9999999999999998     
