   0.0000000000000000       -1.9189859472289950     
  0.11111111111111110       -1.6825070656623617     
  0.22222222222222221       -1.3097214678905698     
  0.33333333333333331      -0.83083002600377265     
  0.44444444444444442      -0.28462967654657012     
  0.55555555555555558       0.28462967654657018     
  0.66666666666666663       0.83083002600377309     
  0.77777777777777779        1.3097214678905698     
  0.88888888888888884        1.6825070656623615     
   1.0000000000000000        1.9189859472289947     
