   0.02582
   0.04852
   0.06537
   0.07434
   0.07434
   0.06537
   0.04852
   0.02582
   0.00000
  -0.02582
  -0.04852
  -0.06537
  -0.07434
  -0.07434
  -0.06537
  -0.04852
  -0.02582
  -0.00000
   0.02582
   0.04852
   0.06537
   0.07434
   0.07434
   0.06537
   0.04852
   0.02582
   0.00000
  -0.02582
  -0.04852
  -0.06537
  -0.07434
  -0.07434
  -0.06537
  -0.04852
  -0.02582
  -0.00000
   0.02582
   0.04852
   0.06537
   0.07434
   0.07434
   0.06537
   0.04852
   0.02582
   0.00000
  -0.02582
  -0.04852
  -0.06537
  -0.07434
  -0.07434
  -0.06537
  -0.04852
  -0.02582
  -0.00000
   0.02582
   0.04852
   0.06537
   0.07434
   0.07434
   0.06537
   0.04852
   0.02582
   0.00000
  -0.02582
  -0.04852
  -0.06537
  -0.07434
  -0.07434
  -0.06537
  -0.04852
  -0.02582
  -0.00000
   0.02582
   0.04852
   0.06537
   0.07434
   0.07434
   0.06537
   0.04852
   0.02582
   0.00000
  -0.02582
  -0.04852
  -0.06537
  -0.07434
  -0.07434
  -0.06537
  -0.04852
  -0.02582
  -0.00000
   0.02582
   0.04852
   0.06537
   0.07434
   0.07434
   0.06537
   0.04852
   0.02582
   0.00000
  -0.02582
  -0.04852
  -0.06537
  -0.07434
  -0.07434
  -0.06537
  -0.04852
  -0.02582
  -0.00000
   0.02582
   0.04852
   0.06537
   0.07434
   0.07434
   0.06537
   0.04852
   0.02582
   0.00000
  -0.02582
  -0.04852
  -0.06537
  -0.07434
  -0.07434
  -0.06537
  -0.04852
  -0.02582
  -0.00000
   0.02582
   0.04852
   0.06537
   0.07434
   0.07434
   0.06537
   0.04852
   0.02582
   0.00000
  -0.02582
  -0.04852
  -0.06537
  -0.07434
  -0.07434
  -0.06537
  -0.04852
  -0.02582
  -0.00000
   0.02582
   0.04852
   0.06537
   0.07434
   0.07434
   0.06537
   0.04852
   0.02582
   0.00000
  -0.02582
  -0.04852
  -0.06537
  -0.07434
  -0.07434
  -0.06537
  -0.04852
  -0.02582
  -0.00000
   0.02582
   0.04852
   0.06537
   0.07434
   0.07434
   0.06537
   0.04852
   0.02582
   0.00000
  -0.02582
  -0.04852
  -0.06537
  -0.07434
  -0.07434
  -0.06537
  -0.04852
  -0.02582
  -0.00000
   0.02582
   0.04852
   0.06537
   0.07434
   0.07434
   0.06537
   0.04852
   0.02582
   0.00000
  -0.02582
  -0.04852
  -0.06537
  -0.07434
  -0.07434
  -0.06537
  -0.04852
  -0.02582
   0.00000
   0.02582
   0.04852
   0.06537
   0.07434
   0.07434
   0.06537
   0.04852
   0.02582
   0.00000
  -0.02582
  -0.04852
  -0.06537
  -0.07434
  -0.07434
  -0.06537
  -0.04852
  -0.02582
  -0.00000
   0.02582
   0.04852
   0.06537
   0.07434
   0.07434
   0.06537
   0.04852
   0.02582
   0.00000
  -0.02582
  -0.04852
  -0.06537
  -0.07434
  -0.07434
  -0.06537
  -0.04852
  -0.02582
  -0.00000
   0.02582
   0.04852
   0.06537
   0.07434
   0.07434
   0.06537
   0.04852
   0.02582
   0.00000
  -0.02582
  -0.04852
  -0.06537
  -0.07434
  -0.07434
  -0.06537
  -0.04852
  -0.02582
  -0.00000
   0.02582
   0.04852
   0.06537
   0.07434
   0.07434
   0.06537
   0.04852
   0.02582
   0.00000
  -0.02582
  -0.04852
  -0.06537
  -0.07434
  -0.07434
  -0.06537
  -0.04852
  -0.02582
  -0.00000
   0.02582
   0.04852
   0.06537
   0.07434
   0.07434
   0.06537
   0.04852
   0.02582
   0.00000
  -0.02582
  -0.04852
  -0.06537
  -0.07434
  -0.07434
  -0.06537
  -0.04852
  -0.02582
  -0.00000
   0.02582
   0.04852
   0.06537
   0.07434
   0.07434
   0.06537
   0.04852
   0.02582
   0.00000
  -0.02582
  -0.04852
  -0.06537
  -0.07434
  -0.07434
  -0.06537
  -0.04852
  -0.02582
  -0.00000
   0.02582
   0.04852
   0.06537
   0.07434
   0.07434
   0.06537
   0.04852
   0.02582
   0.00000
  -0.02582
  -0.04852
  -0.06537
  -0.07434
  -0.07434
  -0.06537
  -0.04852
  -0.02582
  -0.00000
   0.02582
   0.04852
   0.06537
   0.07434
   0.07434
   0.06537
   0.04852
   0.02582
   0.00000
  -0.02582
  -0.04852
  -0.06537
  -0.07434
  -0.07434
  -0.06537
  -0.04852
  -0.02582
  -0.00000
   0.02582
   0.04852
   0.06537
   0.07434
   0.07434
   0.06537
   0.04852
   0.02582
