   0.07231
  -0.04148
  -0.04852
   0.06931
   0.00876
  -0.07434
   0.03388
   0.05491
  -0.06537
  -0.01741
   0.07536
  -0.02582
  -0.06055
   0.06055
   0.02582
  -0.07536
   0.01741
   0.06537
  -0.05491
  -0.03388
   0.07434
  -0.00876
  -0.06931
   0.04852
   0.04148
  -0.07231
  -0.00000
   0.07231
  -0.04148
  -0.04852
   0.06931
   0.00876
  -0.07434
   0.03388
   0.05491
  -0.06537
  -0.01741
   0.07536
  -0.02582
  -0.06055
   0.06055
   0.02582
  -0.07536
   0.01741
   0.06537
  -0.05491
  -0.03388
   0.07434
  -0.00876
  -0.06931
   0.04852
   0.04148
  -0.07231
  -0.00000
   0.07231
  -0.04148
  -0.04852
   0.06931
   0.00876
  -0.07434
   0.03388
   0.05491
  -0.06537
  -0.01741
   0.07536
  -0.02582
  -0.06055
   0.06055
   0.02582
  -0.07536
   0.01741
   0.06537
  -0.05491
  -0.03388
   0.07434
  -0.00876
  -0.06931
   0.04852
   0.04148
  -0.07231
  -0.00000
   0.07231
  -0.04148
  -0.04852
   0.06931
   0.00876
  -0.07434
   0.03388
   0.05491
  -0.06537
  -0.01741
   0.07536
  -0.02582
  -0.06055
   0.06055
   0.02582
  -0.07536
   0.01741
   0.06537
  -0.05491
  -0.03388
   0.07434
  -0.00876
  -0.06931
   0.04852
   0.04148
  -0.07231
  -0.00000
   0.07231
  -0.04148
  -0.04852
   0.06931
   0.00876
  -0.07434
   0.03388
   0.05491
  -0.06537
  -0.01741
   0.07536
  -0.02582
  -0.06055
   0.06055
   0.02582
  -0.07536
   0.01741
   0.06537
  -0.05491
  -0.03388
   0.07434
  -0.00876
  -0.06931
   0.04852
   0.04148
  -0.07231
  -0.00000
   0.07231
  -0.04148
  -0.04852
   0.06931
   0.00876
  -0.07434
   0.03388
   0.05491
  -0.06537
  -0.01741
   0.07536
  -0.02582
  -0.06055
   0.06055
   0.02582
  -0.07536
   0.01741
   0.06537
  -0.05491
  -0.03388
   0.07434
  -0.00876
  -0.06931
   0.04852
   0.04148
  -0.07231
  -0.00000
   0.07231
  -0.04148
  -0.04852
   0.06931
   0.00876
  -0.07434
   0.03388
   0.05491
  -0.06537
  -0.01741
   0.07536
  -0.02582
  -0.06055
   0.06055
   0.02582
  -0.07536
   0.01741
   0.06537
  -0.05491
  -0.03388
   0.07434
  -0.00876
  -0.06931
   0.04852
   0.04148
  -0.07231
  -0.00000
   0.07231
  -0.04148
  -0.04852
   0.06931
   0.00876
  -0.07434
   0.03388
   0.05491
  -0.06537
  -0.01741
   0.07536
  -0.02582
  -0.06055
   0.06055
   0.02582
  -0.07536
   0.01741
   0.06537
  -0.05491
  -0.03388
   0.07434
  -0.00876
  -0.06931
   0.04852
   0.04148
  -0.07231
   0.00000
   0.07231
  -0.04148
  -0.04852
   0.06931
   0.00876
  -0.07434
   0.03388
   0.05491
  -0.06537
  -0.01741
   0.07536
  -0.02582
  -0.06055
   0.06055
   0.02582
  -0.07536
   0.01741
   0.06537
  -0.05491
  -0.03388
   0.07434
  -0.00876
  -0.06931
   0.04852
   0.04148
  -0.07231
   0.00000
   0.07231
  -0.04148
  -0.04852
   0.06931
   0.00876
  -0.07434
   0.03388
   0.05491
  -0.06537
  -0.01741
   0.07536
  -0.02582
  -0.06055
   0.06055
   0.02582
  -0.07536
   0.01741
   0.06537
  -0.05491
  -0.03388
   0.07434
  -0.00876
  -0.06931
   0.04852
   0.04148
  -0.07231
   0.00000
   0.07231
  -0.04148
  -0.04852
   0.06931
   0.00876
  -0.07434
   0.03388
   0.05491
  -0.06537
  -0.01741
   0.07536
  -0.02582
  -0.06055
   0.06055
   0.02582
  -0.07536
   0.01741
   0.06537
  -0.05491
  -0.03388
   0.07434
  -0.00876
  -0.06931
   0.04852
   0.04148
  -0.07231
   0.00000
   0.07231
  -0.04148
  -0.04852
   0.06931
   0.00876
  -0.07434
   0.03388
   0.05491
  -0.06537
  -0.01741
   0.07536
  -0.02582
  -0.06055
   0.06055
   0.02582
  -0.07536
   0.01741
   0.06537
  -0.05491
  -0.03388
   0.07434
  -0.00876
  -0.06931
   0.04852
   0.04148
  -0.07231
   0.00000
   0.07231
  -0.04148
  -0.04852
   0.06931
   0.00876
  -0.07434
   0.03388
   0.05491
  -0.06537
  -0.01741
   0.07536
  -0.02582
  -0.06055
   0.06055
   0.02582
  -0.07536
   0.01741
   0.06537
  -0.05491
  -0.03388
   0.07434
  -0.00876
  -0.06931
   0.04852
   0.04148
  -0.07231
