   0.19794
   0.01219
  -0.19718
  -0.02434
   0.19569
   0.03639
  -0.19344
  -0.04830
   0.19047
   0.06003
  -0.18677
  -0.07154
   0.18237
   0.08277
  -0.17727
  -0.09369
   0.17150
   0.10425
  -0.16508
  -0.11442
   0.15803
   0.12415
  -0.15038
  -0.13341
   0.14217
   0.14217
  -0.13341
  -0.15038
   0.12415
   0.15803
  -0.11442
  -0.16508
   0.10425
   0.17150
  -0.09369
  -0.17727
   0.08277
   0.18237
  -0.07154
  -0.18677
   0.06003
   0.19047
  -0.04830
  -0.19344
   0.03639
   0.19569
  -0.02434
  -0.19718
   0.01219
   0.19794
