   0.10425
   0.17727
   0.19718
   0.15803
   0.07154
  -0.03639
  -0.13341
  -0.19047
  -0.19047
  -0.13341
  -0.03639
   0.07154
   0.15803
   0.19718
   0.17727
   0.10425
   0.00000
  -0.10425
  -0.17727
  -0.19718
  -0.15803
  -0.07154
   0.03639
   0.13341
   0.19047
   0.19047
   0.13341
   0.03639
  -0.07154
  -0.15803
  -0.19718
  -0.17727
  -0.10425
  -0.00000
   0.10425
   0.17727
   0.19718
   0.15803
   0.07154
  -0.03639
  -0.13341
  -0.19047
  -0.19047
  -0.13341
  -0.03639
   0.07154
   0.15803
   0.19718
   0.17727
   0.10425
