   0.17150
  -0.17150
  -0.00000
   0.17150
  -0.17150
  -0.00000
   0.17150
  -0.17150
   0.00000
   0.17150
  -0.17150
  -0.00000
   0.17150
  -0.17150
  -0.00000
   0.17150
  -0.17150
  -0.00000
   0.17150
  -0.17150
  -0.00000
   0.17150
  -0.17150
   0.00000
   0.17150
  -0.17150
   0.00000
   0.17150
  -0.17150
   0.00000
   0.17150
  -0.17150
   0.00000
   0.17150
  -0.17150
   0.00000
   0.17150
  -0.17150
   0.00000
   0.17150
  -0.17150
   0.00000
   0.17150
  -0.17150
  -0.00000
   0.17150
  -0.17150
   0.00000
   0.17150
  -0.17150
