   0.01994
  -0.03887
   0.05584
  -0.06999
   0.08060
  -0.08713
   0.08926
  -0.08688
   0.08011
  -0.06929
   0.05497
  -0.03787
   0.01885
   0.00112
  -0.02103
   0.03988
  -0.05671
   0.07068
  -0.08107
   0.08737
  -0.08925
   0.08662
  -0.07961
   0.06858
  -0.05408
   0.03685
  -0.01776
  -0.00223
   0.02211
  -0.04087
   0.05757
  -0.07135
   0.08153
  -0.08759
   0.08922
  -0.08634
   0.07910
  -0.06786
   0.05319
  -0.03583
   0.01666
   0.00335
  -0.02319
   0.04186
  -0.05842
   0.07202
  -0.08198
   0.08780
  -0.08918
   0.08605
  -0.07858
   0.06713
  -0.05229
   0.03480
  -0.01556
  -0.00447
   0.02427
  -0.04285
   0.05926
  -0.07267
   0.08242
  -0.08799
   0.08912
  -0.08575
   0.07804
  -0.06639
   0.05138
  -0.03377
   0.01446
   0.00558
  -0.02534
   0.04382
  -0.06009
   0.07332
  -0.08284
   0.08817
  -0.08905
   0.08543
  -0.07749
   0.06563
  -0.05046
   0.03274
  -0.01336
  -0.00670
   0.02641
  -0.04479
   0.06091
  -0.07395
   0.08325
  -0.08834
   0.08897
  -0.08510
   0.07693
  -0.06487
   0.04953
  -0.03169
   0.01225
   0.00781
  -0.02748
   0.04576
  -0.06172
   0.07457
  -0.08365
   0.08849
  -0.08887
   0.08476
  -0.07636
   0.06410
  -0.04860
   0.03065
  -0.01114
  -0.00892
   0.02854
  -0.04671
   0.06252
  -0.07518
   0.08403
  -0.08863
   0.08876
  -0.08440
   0.07577
  -0.06332
   0.04766
  -0.02960
   0.01003
   0.01003
  -0.02960
   0.04766
  -0.06332
   0.07577
  -0.08440
   0.08876
  -0.08863
   0.08403
  -0.07518
   0.06252
  -0.04671
   0.02854
  -0.00892
  -0.01114
   0.03065
  -0.04860
   0.06410
  -0.07636
   0.08476
  -0.08887
   0.08849
  -0.08365
   0.07457
  -0.06172
   0.04576
  -0.02748
   0.00781
   0.01225
  -0.03169
   0.04953
  -0.06487
   0.07693
  -0.08510
   0.08897
  -0.08834
   0.08325
  -0.07395
   0.06091
  -0.04479
   0.02641
  -0.00670
  -0.01336
   0.03274
  -0.05046
   0.06563
  -0.07749
   0.08543
  -0.08905
   0.08817
  -0.08284
   0.07332
  -0.06009
   0.04382
  -0.02534
   0.00558
   0.01446
  -0.03377
   0.05138
  -0.06639
   0.07804
  -0.08575
   0.08912
  -0.08799
   0.08242
  -0.07267
   0.05926
  -0.04285
   0.02427
  -0.00447
  -0.01556
   0.03480
  -0.05229
   0.06713
  -0.07858
   0.08605
  -0.08918
   0.08780
  -0.08198
   0.07202
  -0.05842
   0.04186
  -0.02319
   0.00335
   0.01666
  -0.03583
   0.05319
  -0.06786
   0.07910
  -0.08634
   0.08922
  -0.08759
   0.08153
  -0.07135
   0.05757
  -0.04087
   0.02211
  -0.00223
  -0.01776
   0.03685
  -0.05408
   0.06858
  -0.07961
   0.08662
  -0.08925
   0.08737
  -0.08107
   0.07068
  -0.05671
   0.03988
  -0.02103
   0.00112
   0.01885
  -0.03787
   0.05497
  -0.06929
   0.08011
  -0.08688
   0.08926
  -0.08713
   0.08060
  -0.06999
   0.05584
  -0.03887
   0.01994
