  -0.03443
  -0.02268
   0.06110
  -0.04914
  -0.00333
   0.05305
  -0.05904
   0.01635
   0.03982
  -0.06316
   0.03443
   0.02268
  -0.06110
   0.04914
   0.00333
  -0.05305
   0.05904
  -0.01635
  -0.03982
   0.06316
  -0.03443
  -0.02268
   0.06110
  -0.04914
  -0.00333
   0.05305
  -0.05904
   0.01635
   0.03982
  -0.06316
   0.03443
   0.02268
  -0.06110
   0.04914
   0.00333
  -0.05305
   0.05904
  -0.01635
  -0.03982
   0.06316
  -0.03443
  -0.02268
   0.06110
  -0.04914
  -0.00333
   0.05305
  -0.05904
   0.01635
   0.03982
  -0.06316
   0.03443
   0.02268
  -0.06110
   0.04914
   0.00333
  -0.05305
   0.05904
  -0.01635
  -0.03982
   0.06316
  -0.03443
  -0.02268
   0.06110
  -0.04914
  -0.00333
   0.05305
  -0.05904
   0.01635
   0.03982
  -0.06316
   0.03443
   0.02268
  -0.06110
   0.04914
   0.00333
  -0.05305
   0.05904
  -0.01635
  -0.03982
   0.06316
  -0.03443
  -0.02268
   0.06110
  -0.04914
  -0.00333
   0.05305
  -0.05904
   0.01635
   0.03982
  -0.06316
   0.03443
   0.02268
  -0.06110
   0.04914
   0.00333
  -0.05305
   0.05904
  -0.01635
  -0.03982
   0.06316
  -0.03443
  -0.02268
   0.06110
  -0.04914
  -0.00333
   0.05305
  -0.05904
   0.01635
   0.03982
  -0.06316
   0.03443
   0.02268
  -0.06110
   0.04914
   0.00333
  -0.05305
   0.05904
  -0.01635
  -0.03982
   0.06316
  -0.03443
  -0.02268
   0.06110
  -0.04914
  -0.00333
   0.05305
  -0.05904
   0.01635
   0.03982
  -0.06316
   0.03443
   0.02268
  -0.06110
   0.04914
   0.00333
  -0.05305
   0.05904
  -0.01635
  -0.03982
   0.06316
  -0.03443
  -0.02268
   0.06110
  -0.04914
  -0.00333
   0.05305
  -0.05904
   0.01635
   0.03982
  -0.06316
   0.03443
   0.02268
  -0.06110
   0.04914
   0.00333
  -0.05305
   0.05904
  -0.01635
  -0.03982
   0.06316
  -0.03443
  -0.02268
   0.06110
  -0.04914
  -0.00333
   0.05305
  -0.05904
   0.01635
   0.03982
  -0.06316
   0.03443
   0.02268
  -0.06110
   0.04914
   0.00333
  -0.05305
   0.05904
  -0.01635
  -0.03982
   0.06316
  -0.03443
  -0.02268
   0.06110
  -0.04914
  -0.00333
   0.05305
  -0.05904
   0.01635
   0.03982
  -0.06316
   0.03443
   0.02268
  -0.06110
   0.04914
   0.00333
  -0.05305
   0.05904
  -0.01635
  -0.03982
   0.06316
  -0.03443
  -0.02268
   0.06110
  -0.04914
  -0.00333
   0.05305
  -0.05904
   0.01635
   0.03982
  -0.06316
   0.03443
   0.02268
  -0.06110
   0.04914
   0.00333
  -0.05305
   0.05904
  -0.01635
  -0.03982
   0.06316
  -0.03443
  -0.02268
   0.06110
  -0.04914
  -0.00333
   0.05305
  -0.05904
   0.01635
   0.03982
  -0.06316
   0.03443
   0.02268
  -0.06110
   0.04914
   0.00333
  -0.05305
   0.05904
  -0.01635
  -0.03982
   0.06316
  -0.03443
  -0.02268
   0.06110
  -0.04914
  -0.00333
   0.05305
  -0.05904
   0.01635
   0.03982
  -0.06316
   0.03443
   0.02268
  -0.06110
   0.04914
   0.00333
  -0.05305
   0.05904
  -0.01635
  -0.03982
   0.06316
  -0.03443
  -0.02268
   0.06110
  -0.04914
  -0.00333
   0.05305
  -0.05904
   0.01635
   0.03982
  -0.06316
   0.03443
   0.02268
  -0.06110
   0.04914
   0.00333
  -0.05305
   0.05904
  -0.01635
  -0.03982
   0.06316
  -0.03443
  -0.02268
   0.06110
  -0.04914
  -0.00333
   0.05305
  -0.05904
   0.01635
   0.03982
  -0.06316
   0.03443
   0.02268
  -0.06110
   0.04914
   0.00333
  -0.05305
   0.05904
  -0.01635
  -0.03982
   0.06316
  -0.03443
  -0.02268
   0.06110
  -0.04914
  -0.00333
   0.05305
  -0.05904
   0.01635
   0.03982
  -0.06316
   0.03443
   0.02268
  -0.06110
   0.04914
   0.00333
  -0.05305
   0.05904
  -0.01635
  -0.03982
   0.06316
  -0.03443
  -0.02268
   0.06110
  -0.04914
  -0.00333
   0.05305
  -0.05904
   0.01635
   0.03982
  -0.06316
   0.03443
   0.02268
  -0.06110
   0.04914
   0.00333
  -0.05305
   0.05904
  -0.01635
  -0.03982
   0.06316
  -0.03443
  -0.02268
   0.06110
  -0.04914
  -0.00333
   0.05305
  -0.05904
   0.01635
   0.03982
  -0.06316
   0.03443
   0.02268
  -0.06110
   0.04914
   0.00333
  -0.05305
   0.05904
  -0.01635
  -0.03982
   0.06316
  -0.03443
  -0.02268
   0.06110
  -0.04914
  -0.00333
   0.05305
  -0.05904
   0.01635
   0.03982
  -0.06316
   0.03443
   0.02268
  -0.06110
   0.04914
   0.00333
  -0.05305
   0.05904
  -0.01635
  -0.03982
   0.06316
  -0.03443
  -0.02268
   0.06110
  -0.04914
  -0.00333
   0.05305
  -0.05904
   0.01635
   0.03982
  -0.06316
   0.03443
   0.02268
  -0.06110
   0.04914
   0.00333
  -0.05305
   0.05904
  -0.01635
  -0.03982
   0.06316
  -0.03443
  -0.02268
   0.06110
  -0.04914
  -0.00333
   0.05305
  -0.05904
   0.01635
   0.03982
  -0.06316
   0.03443
   0.02268
  -0.06110
   0.04914
   0.00333
  -0.05305
   0.05904
  -0.01635
  -0.03982
   0.06316
  -0.03443
  -0.02268
   0.06110
  -0.04914
  -0.00333
   0.05305
  -0.05904
   0.01635
   0.03982
  -0.06316
   0.03443
   0.02268
  -0.06110
   0.04914
   0.00333
  -0.05305
   0.05904
  -0.01635
  -0.03982
   0.06316
  -0.03443
  -0.02268
   0.06110
  -0.04914
  -0.00333
   0.05305
  -0.05904
   0.01635
   0.03982
  -0.06316
   0.03443
   0.02268
  -0.06110
   0.04914
   0.00333
  -0.05305
   0.05904
  -0.01635
  -0.03982
   0.06316
  -0.03443
  -0.02268
   0.06110
  -0.04914
  -0.00333
   0.05305
  -0.05904
   0.01635
   0.03982
  -0.06316
   0.03443
   0.02268
  -0.06110
   0.04914
   0.00333
  -0.05305
   0.05904
  -0.01635
  -0.03982
   0.06316
  -0.03443
  -0.02268
   0.06110
  -0.04914
  -0.00333
   0.05305
  -0.05904
   0.01635
   0.03982
  -0.06316
   0.03443
   0.02268
  -0.06110
   0.04914
   0.00333
  -0.05305
   0.05904
  -0.01635
  -0.03982
   0.06316
