   0.02938
   0.01769
  -0.05486
   0.06135
  -0.03352
  -0.01306
   0.05233
  -0.06233
   0.03746
   0.00836
  -0.04951
   0.06296
  -0.04119
  -0.00362
   0.04640
  -0.06323
   0.04469
  -0.00115
  -0.04304
   0.06315
  -0.04794
   0.00591
   0.03942
  -0.06270
   0.05091
  -0.01064
  -0.03558
   0.06190
  -0.05359
   0.01530
   0.03154
  -0.06075
   0.05597
  -0.01988
  -0.02733
   0.05925
  -0.05803
   0.02435
   0.02295
  -0.05741
   0.05976
  -0.02868
  -0.01845
   0.05525
  -0.06115
   0.03284
   0.01384
  -0.05278
   0.06219
  -0.03682
  -0.00915
   0.05000
  -0.06288
   0.04059
   0.00441
  -0.04694
   0.06321
  -0.04413
   0.00036
   0.04361
  -0.06319
   0.04741
  -0.00512
  -0.04004
   0.06280
  -0.05043
   0.00985
   0.03624
  -0.06206
   0.05316
  -0.01453
  -0.03223
   0.06096
  -0.05559
   0.01913
   0.02804
  -0.05952
   0.05771
  -0.02361
  -0.02369
   0.05774
  -0.05949
   0.02796
   0.01921
  -0.05563
   0.06094
  -0.03216
  -0.01461
   0.05321
  -0.06204
   0.03617
   0.00994
  -0.05048
   0.06279
  -0.03997
  -0.00520
   0.04747
  -0.06318
   0.04355
   0.00044
  -0.04419
   0.06322
  -0.04688
   0.00433
   0.04065
  -0.06289
   0.04995
  -0.00907
  -0.03689
   0.06221
  -0.05273
   0.01376
   0.03291
  -0.06117
   0.05521
  -0.01837
  -0.02875
   0.05978
  -0.05738
   0.02287
   0.02443
  -0.05806
   0.05922
  -0.02725
  -0.01996
   0.05601
  -0.06072
   0.03147
   0.01538
  -0.05363
   0.06188
  -0.03551
  -0.01072
   0.05096
  -0.06269
   0.03936
   0.00599
  -0.04799
   0.06314
  -0.04297
  -0.00123
   0.04475
  -0.06324
   0.04635
  -0.00353
  -0.04126
   0.06297
  -0.04946
   0.00828
   0.03753
  -0.06234
   0.05229
  -0.01298
  -0.03359
   0.06137
  -0.05482
   0.01760
   0.02946
  -0.06004
   0.05704
  -0.02213
  -0.02516
   0.05837
  -0.05893
   0.02653
   0.02071
  -0.05637
   0.06050
  -0.03078
  -0.01615
   0.05405
  -0.06171
   0.03485
   0.01150
  -0.05142
   0.06258
  -0.03873
  -0.00678
   0.04850
  -0.06309
   0.04239
   0.00203
  -0.04531
   0.06324
  -0.04580
   0.00274
   0.04186
  -0.06304
   0.04896
  -0.00749
  -0.03817
   0.06247
  -0.05183
   0.01220
   0.03426
  -0.06155
   0.05442
  -0.01684
  -0.03016
   0.06028
  -0.05669
   0.02138
   0.02588
  -0.05867
   0.05864
  -0.02581
  -0.02146
   0.05673
  -0.06026
   0.03008
   0.01692
  -0.05446
   0.06153
  -0.03419
  -0.01228
   0.05188
  -0.06246
   0.03810
   0.00757
  -0.04901
   0.06303
  -0.04179
  -0.00282
   0.04586
  -0.06324
   0.04525
  -0.00194
  -0.04245
   0.06310
  -0.04845
   0.00670
   0.03880
  -0.06259
   0.05137
  -0.01142
  -0.03492
   0.06173
  -0.05401
   0.01607
   0.03085
  -0.06052
   0.05633
  -0.02063
  -0.02661
   0.05896
  -0.05834
   0.02508
   0.02221
  -0.05707
   0.06001
  -0.02938
  -0.01769
   0.05486
  -0.06135
   0.03352
   0.01306
  -0.05233
   0.06233
  -0.03746
  -0.00836
   0.04951
  -0.06296
   0.04119
   0.00362
  -0.04640
   0.06323
  -0.04469
   0.00115
   0.04304
  -0.06315
   0.04794
  -0.00591
  -0.03942
   0.06270
  -0.05091
   0.01064
   0.03558
  -0.06190
   0.05359
  -0.01530
  -0.03154
   0.06075
  -0.05597
   0.01988
   0.02733
  -0.05925
   0.05803
  -0.02435
  -0.02295
   0.05741
  -0.05976
   0.02868
   0.01845
  -0.05525
   0.06115
  -0.03284
  -0.01384
   0.05278
  -0.06219
   0.03682
   0.00915
  -0.05000
   0.06288
  -0.04059
  -0.00441
   0.04694
  -0.06321
   0.04413
  -0.00036
  -0.04361
   0.06319
  -0.04741
   0.00512
   0.04004
  -0.06280
   0.05043
  -0.00985
  -0.03624
   0.06206
  -0.05316
   0.01453
   0.03223
  -0.06096
   0.05559
  -0.01913
  -0.02804
   0.05952
  -0.05771
   0.02361
   0.02369
  -0.05774
   0.05949
  -0.02796
  -0.01921
   0.05563
  -0.06094
   0.03216
   0.01461
  -0.05321
   0.06204
  -0.03617
  -0.00994
   0.05048
  -0.06279
   0.03997
   0.00520
  -0.04747
   0.06318
  -0.04355
  -0.00044
   0.04419
  -0.06322
   0.04688
  -0.00433
  -0.04065
   0.06289
  -0.04995
   0.00907
   0.03689
  -0.06221
   0.05273
  -0.01376
  -0.03291
   0.06117
  -0.05521
   0.01837
   0.02875
  -0.05978
   0.05738
  -0.02287
  -0.02443
   0.05806
  -0.05922
   0.02725
   0.01996
  -0.05601
   0.06072
  -0.03147
  -0.01538
   0.05363
  -0.06188
   0.03551
   0.01072
  -0.05096
   0.06269
  -0.03936
  -0.00599
   0.04799
  -0.06314
   0.04297
   0.00123
  -0.04475
   0.06324
  -0.04635
   0.00353
   0.04126
  -0.06297
   0.04946
  -0.00828
  -0.03753
   0.06234
  -0.05229
   0.01298
   0.03359
  -0.06137
   0.05482
  -0.01760
  -0.02946
   0.06004
  -0.05704
   0.02213
   0.02516
  -0.05837
   0.05893
  -0.02653
  -0.02071
   0.05637
  -0.06050
   0.03078
   0.01615
  -0.05405
   0.06171
  -0.03485
  -0.01150
   0.05142
  -0.06258
   0.03873
   0.00678
  -0.04850
   0.06309
  -0.04239
  -0.00203
   0.04531
  -0.06324
   0.04580
  -0.00274
  -0.04186
   0.06304
  -0.04896
   0.00749
   0.03817
  -0.06247
   0.05183
  -0.01220
  -0.03426
   0.06155
  -0.05442
   0.01684
   0.03016
  -0.06028
   0.05669
  -0.02138
  -0.02588
   0.05867
  -0.05864
   0.02581
   0.02146
  -0.05673
   0.06026
  -0.03008
  -0.01692
   0.05446
  -0.06153
   0.03419
   0.01228
  -0.05188
   0.06246
  -0.03810
  -0.00757
   0.04901
  -0.06303
   0.04179
   0.00282
  -0.04586
   0.06324
  -0.04525
   0.00194
   0.04245
  -0.06310
   0.04845
  -0.00670
  -0.03880
   0.06259
  -0.05137
   0.01142
   0.03492
  -0.06173
   0.05401
  -0.01607
  -0.03085
   0.06052
  -0.05633
   0.02063
   0.02661
  -0.05896
   0.05834
  -0.02508
  -0.02221
   0.05707
  -0.06001
