   0.02200
  -0.04650
  -0.05732
   0.00296
   0.05957
   0.04228
  -0.02745
  -0.06313
  -0.02050
   0.04756
   0.05663
  -0.00455
  -0.06008
  -0.04109
   0.02888
   0.06302
   0.01899
  -0.04859
  -0.05590
   0.00613
   0.06056
   0.03987
  -0.03028
  -0.06287
  -0.01747
   0.04960
   0.05514
  -0.00771
  -0.06100
  -0.03862
   0.03167
   0.06267
   0.01594
  -0.05057
  -0.05435
   0.00929
   0.06140
   0.03735
  -0.03303
  -0.06244
  -0.01439
   0.05151
   0.05351
  -0.01086
  -0.06176
  -0.03605
   0.03438
   0.06217
   0.01284
  -0.05241
  -0.05265
   0.01242
   0.06208
   0.03474
  -0.03570
  -0.06185
  -0.01128
   0.05328
   0.05175
  -0.01397
  -0.06237
  -0.03340
   0.03700
   0.06150
   0.00971
  -0.05412
  -0.05082
   0.01552
   0.06261
   0.03204
  -0.03828
  -0.06111
  -0.00814
   0.05493
   0.04986
  -0.01706
  -0.06282
  -0.03066
   0.03953
   0.06068
   0.00656
  -0.05570
  -0.04887
   0.01858
   0.06298
   0.02926
  -0.04076
  -0.06022
  -0.00498
   0.05643
   0.04784
  -0.02009
  -0.06311
  -0.02784
   0.04196
   0.05971
   0.00339
  -0.05713
  -0.04679
   0.02159
   0.06319
   0.02640
  -0.04314
  -0.05917
  -0.00180
   0.05780
   0.04571
  -0.02308
  -0.06324
  -0.02495
   0.04429
   0.05859
   0.00022
  -0.05842
  -0.04459
   0.02455
   0.06324
   0.02348
  -0.04541
  -0.05797
   0.00137
   0.05902
   0.04345
  -0.02601
  -0.06321
  -0.02200
   0.04650
   0.05732
  -0.00296
  -0.05957
  -0.04228
   0.02745
   0.06313
   0.02050
  -0.04756
  -0.05663
   0.00455
   0.06008
   0.04109
  -0.02888
  -0.06302
  -0.01899
   0.04859
   0.05590
  -0.00613
  -0.06056
  -0.03987
   0.03028
   0.06287
   0.01747
  -0.04960
  -0.05514
   0.00771
   0.06100
   0.03862
  -0.03167
  -0.06267
  -0.01594
   0.05057
   0.05435
  -0.00929
  -0.06140
  -0.03735
   0.03303
   0.06244
   0.01439
  -0.05151
  -0.05351
   0.01086
   0.06176
   0.03605
  -0.03438
  -0.06217
  -0.01284
   0.05241
   0.05265
  -0.01242
  -0.06208
  -0.03474
   0.03570
   0.06185
   0.01128
  -0.05328
  -0.05175
   0.01397
   0.06237
   0.03340
  -0.03700
  -0.06150
  -0.00971
   0.05412
   0.05082
  -0.01552
  -0.06261
  -0.03204
   0.03828
   0.06111
   0.00814
  -0.05493
  -0.04986
   0.01706
   0.06282
   0.03066
  -0.03953
  -0.06068
  -0.00656
   0.05570
   0.04887
  -0.01858
  -0.06298
  -0.02926
   0.04076
   0.06022
   0.00498
  -0.05643
  -0.04784
   0.02009
   0.06311
   0.02784
  -0.04196
  -0.05971
  -0.00339
   0.05713
   0.04679
  -0.02159
  -0.06319
  -0.02640
   0.04314
   0.05917
   0.00180
  -0.05780
  -0.04571
   0.02308
   0.06324
   0.02495
  -0.04429
  -0.05859
  -0.00022
   0.05842
   0.04459
  -0.02455
  -0.06324
  -0.02348
   0.04541
   0.05797
  -0.00137
  -0.05902
  -0.04345
   0.02601
   0.06321
   0.02200
  -0.04650
  -0.05732
   0.00296
   0.05957
   0.04228
  -0.02745
  -0.06313
  -0.02050
   0.04756
   0.05663
  -0.00455
  -0.06008
  -0.04109
   0.02888
   0.06302
   0.01899
  -0.04859
  -0.05590
   0.00613
   0.06056
   0.03987
  -0.03028
  -0.06287
  -0.01747
   0.04960
   0.05514
  -0.00771
  -0.06100
  -0.03862
   0.03167
   0.06267
   0.01594
  -0.05057
  -0.05435
   0.00929
   0.06140
   0.03735
  -0.03303
  -0.06244
  -0.01439
   0.05151
   0.05351
  -0.01086
  -0.06176
  -0.03605
   0.03438
   0.06217
   0.01284
  -0.05241
  -0.05265
   0.01242
   0.06208
   0.03474
  -0.03570
  -0.06185
  -0.01128
   0.05328
   0.05175
  -0.01397
  -0.06237
  -0.03340
   0.03700
   0.06150
   0.00971
  -0.05412
  -0.05082
   0.01552
   0.06261
   0.03204
  -0.03828
  -0.06111
  -0.00814
   0.05493
   0.04986
  -0.01706
  -0.06282
  -0.03066
   0.03953
   0.06068
   0.00656
  -0.05570
  -0.04887
   0.01858
   0.06298
   0.02926
  -0.04076
  -0.06022
  -0.00498
   0.05643
   0.04784
  -0.02009
  -0.06311
  -0.02784
   0.04196
   0.05971
   0.00339
  -0.05713
  -0.04679
   0.02159
   0.06319
   0.02640
  -0.04314
  -0.05917
  -0.00180
   0.05780
   0.04571
  -0.02308
  -0.06324
  -0.02495
   0.04429
   0.05859
   0.00022
  -0.05842
  -0.04459
   0.02455
   0.06324
   0.02348
  -0.04541
  -0.05797
   0.00137
   0.05902
   0.04345
  -0.02601
  -0.06321
  -0.02200
   0.04650
   0.05732
  -0.00296
  -0.05957
  -0.04228
   0.02745
   0.06313
   0.02050
  -0.04756
  -0.05663
   0.00455
   0.06008
   0.04109
  -0.02888
  -0.06302
  -0.01899
   0.04859
   0.05590
  -0.00613
  -0.06056
  -0.03987
   0.03028
   0.06287
   0.01747
  -0.04960
  -0.05514
   0.00771
   0.06100
   0.03862
  -0.03167
  -0.06267
  -0.01594
   0.05057
   0.05435
  -0.00929
  -0.06140
  -0.03735
   0.03303
   0.06244
   0.01439
  -0.05151
  -0.05351
   0.01086
   0.06176
   0.03605
  -0.03438
  -0.06217
  -0.01284
   0.05241
   0.05265
  -0.01242
  -0.06208
  -0.03474
   0.03570
   0.06185
   0.01128
  -0.05328
  -0.05175
   0.01397
   0.06237
   0.03340
  -0.03700
  -0.06150
  -0.00971
   0.05412
   0.05082
  -0.01552
  -0.06261
  -0.03204
   0.03828
   0.06111
   0.00814
  -0.05493
  -0.04986
   0.01706
   0.06282
   0.03066
  -0.03953
  -0.06068
  -0.00656
   0.05570
   0.04887
  -0.01858
  -0.06298
  -0.02926
   0.04076
   0.06022
   0.00498
  -0.05643
  -0.04784
   0.02009
   0.06311
   0.02784
  -0.04196
  -0.05971
  -0.00339
   0.05713
   0.04679
  -0.02159
  -0.06319
  -0.02640
   0.04314
   0.05917
   0.00180
  -0.05780
  -0.04571
   0.02308
   0.06324
   0.02495
  -0.04429
  -0.05859
  -0.00022
   0.05842
   0.04459
  -0.02455
  -0.06324
  -0.02348
   0.04541
   0.05797
  -0.00137
  -0.05902
  -0.04345
   0.02601
   0.06321
