   0.06323
  -0.06317
   0.06307
  -0.06293
   0.06275
  -0.06253
   0.06227
  -0.06197
   0.06163
  -0.06126
   0.06084
  -0.06039
   0.05990
  -0.05937
   0.05880
  -0.05820
   0.05756
  -0.05688
   0.05617
  -0.05542
   0.05464
  -0.05382
   0.05297
  -0.05208
   0.05117
  -0.05022
   0.04923
  -0.04822
   0.04718
  -0.04610
   0.04500
  -0.04387
   0.04271
  -0.04153
   0.04031
  -0.03908
   0.03781
  -0.03653
   0.03522
  -0.03389
   0.03254
  -0.03116
   0.02977
  -0.02836
   0.02693
  -0.02548
   0.02402
  -0.02254
   0.02105
  -0.01954
   0.01803
  -0.01650
   0.01496
  -0.01341
   0.01185
  -0.01029
   0.00871
  -0.00714
   0.00556
  -0.00397
   0.00238
  -0.00079
  -0.00079
   0.00238
  -0.00397
   0.00556
  -0.00714
   0.00871
  -0.01029
   0.01185
  -0.01341
   0.01496
  -0.01650
   0.01803
  -0.01954
   0.02105
  -0.02254
   0.02402
  -0.02548
   0.02693
  -0.02836
   0.02977
  -0.03116
   0.03254
  -0.03389
   0.03522
  -0.03653
   0.03781
  -0.03908
   0.04031
  -0.04153
   0.04271
  -0.04387
   0.04500
  -0.04610
   0.04718
  -0.04822
   0.04923
  -0.05022
   0.05117
  -0.05208
   0.05297
  -0.05382
   0.05464
  -0.05542
   0.05617
  -0.05688
   0.05756
  -0.05820
   0.05880
  -0.05937
   0.05990
  -0.06039
   0.06084
  -0.06126
   0.06163
  -0.06197
   0.06227
  -0.06253
   0.06275
  -0.06293
   0.06307
  -0.06317
   0.06323
  -0.06325
   0.06323
  -0.06317
   0.06307
  -0.06293
   0.06275
  -0.06253
   0.06227
  -0.06197
   0.06163
  -0.06126
   0.06084
  -0.06039
   0.05990
  -0.05937
   0.05880
  -0.05820
   0.05756
  -0.05688
   0.05617
  -0.05542
   0.05464
  -0.05382
   0.05297
  -0.05208
   0.05117
  -0.05022
   0.04923
  -0.04822
   0.04718
  -0.04610
   0.04500
  -0.04387
   0.04271
  -0.04153
   0.04031
  -0.03908
   0.03781
  -0.03653
   0.03522
  -0.03389
   0.03254
  -0.03116
   0.02977
  -0.02836
   0.02693
  -0.02548
   0.02402
  -0.02254
   0.02105
  -0.01954
   0.01803
  -0.01650
   0.01496
  -0.01341
   0.01185
  -0.01029
   0.00871
  -0.00714
   0.00556
  -0.00397
   0.00238
  -0.00079
  -0.00079
   0.00238
  -0.00397
   0.00556
  -0.00714
   0.00871
  -0.01029
   0.01185
  -0.01341
   0.01496
  -0.01650
   0.01803
  -0.01954
   0.02105
  -0.02254
   0.02402
  -0.02548
   0.02693
  -0.02836
   0.02977
  -0.03116
   0.03254
  -0.03389
   0.03522
  -0.03653
   0.03781
  -0.03908
   0.04031
  -0.04153
   0.04271
  -0.04387
   0.04500
  -0.04610
   0.04718
  -0.04822
   0.04923
  -0.05022
   0.05117
  -0.05208
   0.05297
  -0.05382
   0.05464
  -0.05542
   0.05617
  -0.05688
   0.05756
  -0.05820
   0.05880
  -0.05937
   0.05990
  -0.06039
   0.06084
  -0.06126
   0.06163
  -0.06197
   0.06227
  -0.06253
   0.06275
  -0.06293
   0.06307
  -0.06317
   0.06323
  -0.06325
   0.06323
  -0.06317
   0.06307
  -0.06293
   0.06275
  -0.06253
   0.06227
  -0.06197
   0.06163
  -0.06126
   0.06084
  -0.06039
   0.05990
  -0.05937
   0.05880
  -0.05820
   0.05756
  -0.05688
   0.05617
  -0.05542
   0.05464
  -0.05382
   0.05297
  -0.05208
   0.05117
  -0.05022
   0.04923
  -0.04822
   0.04718
  -0.04610
   0.04500
  -0.04387
   0.04271
  -0.04153
   0.04031
  -0.03908
   0.03781
  -0.03653
   0.03522
  -0.03389
   0.03254
  -0.03116
   0.02977
  -0.02836
   0.02693
  -0.02548
   0.02402
  -0.02254
   0.02105
  -0.01954
   0.01803
  -0.01650
   0.01496
  -0.01341
   0.01185
  -0.01029
   0.00871
  -0.00714
   0.00556
  -0.00397
   0.00238
  -0.00079
  -0.00079
   0.00238
  -0.00397
   0.00556
  -0.00714
   0.00871
  -0.01029
   0.01185
  -0.01341
   0.01496
  -0.01650
   0.01803
  -0.01954
   0.02105
  -0.02254
   0.02402
  -0.02548
   0.02693
  -0.02836
   0.02977
  -0.03116
   0.03254
  -0.03389
   0.03522
  -0.03653
   0.03781
  -0.03908
   0.04031
  -0.04153
   0.04271
  -0.04387
   0.04500
  -0.04610
   0.04718
  -0.04822
   0.04923
  -0.05022
   0.05117
  -0.05208
   0.05297
  -0.05382
   0.05464
  -0.05542
   0.05617
  -0.05688
   0.05756
  -0.05820
   0.05880
  -0.05937
   0.05990
  -0.06039
   0.06084
  -0.06126
   0.06163
  -0.06197
   0.06227
  -0.06253
   0.06275
  -0.06293
   0.06307
  -0.06317
   0.06323
  -0.06325
   0.06323
  -0.06317
   0.06307
  -0.06293
   0.06275
  -0.06253
   0.06227
  -0.06197
   0.06163
  -0.06126
   0.06084
  -0.06039
   0.05990
  -0.05937
   0.05880
  -0.05820
   0.05756
  -0.05688
   0.05617
  -0.05542
   0.05464
  -0.05382
   0.05297
  -0.05208
   0.05117
  -0.05022
   0.04923
  -0.04822
   0.04718
  -0.04610
   0.04500
  -0.04387
   0.04271
  -0.04153
   0.04031
  -0.03908
   0.03781
  -0.03653
   0.03522
  -0.03389
   0.03254
  -0.03116
   0.02977
  -0.02836
   0.02693
  -0.02548
   0.02402
  -0.02254
   0.02105
  -0.01954
   0.01803
  -0.01650
   0.01496
  -0.01341
   0.01185
  -0.01029
   0.00871
  -0.00714
   0.00556
  -0.00397
   0.00238
  -0.00079
  -0.00079
   0.00238
  -0.00397
   0.00556
  -0.00714
   0.00871
  -0.01029
   0.01185
  -0.01341
   0.01496
  -0.01650
   0.01803
  -0.01954
   0.02105
  -0.02254
   0.02402
  -0.02548
   0.02693
  -0.02836
   0.02977
  -0.03116
   0.03254
  -0.03389
   0.03522
  -0.03653
   0.03781
  -0.03908
   0.04031
  -0.04153
   0.04271
  -0.04387
   0.04500
  -0.04610
   0.04718
  -0.04822
   0.04923
  -0.05022
   0.05117
  -0.05208
   0.05297
  -0.05382
   0.05464
  -0.05542
   0.05617
  -0.05688
   0.05756
  -0.05820
   0.05880
  -0.05937
   0.05990
  -0.06039
   0.06084
  -0.06126
   0.06163
  -0.06197
   0.06227
  -0.06253
   0.06275
  -0.06293
   0.06307
  -0.06317
   0.06323
  -0.06325
