  -0.02036
   0.03723
  -0.05074
   0.05966
  -0.06320
   0.06104
  -0.05336
   0.04087
  -0.02469
   0.00628
   0.01270
  -0.03053
   0.04561
  -0.05656
   0.06241
  -0.06263
   0.05720
  -0.04660
   0.03179
  -0.01412
  -0.00483
   0.02335
  -0.03975
   0.05257
  -0.06064
   0.06324
  -0.06013
   0.05159
  -0.03839
   0.02173
  -0.00311
  -0.01580
   0.03327
  -0.04775
   0.05791
  -0.06285
   0.06211
  -0.05577
   0.04439
  -0.02900
   0.01100
   0.00800
  -0.02627
   0.04217
  -0.05427
   0.06147
  -0.06312
   0.05907
  -0.04969
   0.03582
  -0.01872
  -0.00007
   0.01885
  -0.03594
   0.04977
  -0.05912
   0.06313
  -0.06143
   0.05420
  -0.04207
   0.02614
  -0.00786
  -0.01114
   0.02913
  -0.04449
   0.05583
  -0.06214
   0.06283
  -0.05786
   0.04766
  -0.03316
   0.01566
   0.00325
  -0.02186
   0.03850
  -0.05167
   0.06017
  -0.06324
   0.06060
  -0.05249
   0.03964
  -0.02322
   0.00469
   0.01425
  -0.03191
   0.04669
  -0.05726
   0.06265
  -0.06239
   0.05650
  -0.04551
   0.03041
  -0.01256
  -0.00642
   0.02482
  -0.04098
   0.05344
  -0.06107
   0.06320
  -0.05962
   0.05065
  -0.03712
   0.02023
  -0.00152
  -0.01733
   0.03462
  -0.04878
   0.05853
  -0.06301
   0.06179
  -0.05500
   0.04324
  -0.02758
   0.00943
   0.00957
  -0.02771
   0.04335
  -0.05507
   0.06182
  -0.06299
   0.05848
  -0.04869
   0.03450
  -0.01720
  -0.00166
   0.02036
  -0.03723
   0.05074
  -0.05966
   0.06320
  -0.06104
   0.05336
  -0.04087
   0.02469
  -0.00628
  -0.01270
   0.03053
  -0.04561
   0.05656
  -0.06241
   0.06263
  -0.05720
   0.04660
  -0.03179
   0.01412
   0.00483
  -0.02335
   0.03975
  -0.05257
   0.06064
  -0.06324
   0.06013
  -0.05159
   0.03839
  -0.02173
   0.00311
   0.01580
  -0.03327
   0.04775
  -0.05791
   0.06285
  -0.06211
   0.05577
  -0.04439
   0.02900
  -0.01100
  -0.00800
   0.02627
  -0.04217
   0.05427
  -0.06147
   0.06312
  -0.05907
   0.04969
  -0.03582
   0.01872
   0.00007
  -0.01885
   0.03594
  -0.04977
   0.05912
  -0.06313
   0.06143
  -0.05420
   0.04207
  -0.02614
   0.00786
   0.01114
  -0.02913
   0.04449
  -0.05583
   0.06214
  -0.06283
   0.05786
  -0.04766
   0.03316
  -0.01566
  -0.00325
   0.02186
  -0.03850
   0.05167
  -0.06017
   0.06324
  -0.06060
   0.05249
  -0.03964
   0.02322
  -0.00469
  -0.01425
   0.03191
  -0.04669
   0.05726
  -0.06265
   0.06239
  -0.05650
   0.04551
  -0.03041
   0.01256
   0.00642
  -0.02482
   0.04098
  -0.05344
   0.06107
  -0.06320
   0.05962
  -0.05065
   0.03712
  -0.02023
   0.00152
   0.01733
  -0.03462
   0.04878
  -0.05853
   0.06301
  -0.06179
   0.05500
  -0.04324
   0.02758
  -0.00943
  -0.00957
   0.02771
  -0.04335
   0.05507
  -0.06182
   0.06299
  -0.05848
   0.04869
  -0.03450
   0.01720
   0.00166
  -0.02036
   0.03723
  -0.05074
   0.05966
  -0.06320
   0.06104
  -0.05336
   0.04087
  -0.02469
   0.00628
   0.01270
  -0.03053
   0.04561
  -0.05656
   0.06241
  -0.06263
   0.05720
  -0.04660
   0.03179
  -0.01412
  -0.00483
   0.02335
  -0.03975
   0.05257
  -0.06064
   0.06324
  -0.06013
   0.05159
  -0.03839
   0.02173
  -0.00311
  -0.01580
   0.03327
  -0.04775
   0.05791
  -0.06285
   0.06211
  -0.05577
   0.04439
  -0.02900
   0.01100
   0.00800
  -0.02627
   0.04217
  -0.05427
   0.06147
  -0.06312
   0.05907
  -0.04969
   0.03582
  -0.01872
  -0.00007
   0.01885
  -0.03594
   0.04977
  -0.05912
   0.06313
  -0.06143
   0.05420
  -0.04207
   0.02614
  -0.00786
  -0.01114
   0.02913
  -0.04449
   0.05583
  -0.06214
   0.06283
  -0.05786
   0.04766
  -0.03316
   0.01566
   0.00325
  -0.02186
   0.03850
  -0.05167
   0.06017
  -0.06324
   0.06060
  -0.05249
   0.03964
  -0.02322
   0.00469
   0.01425
  -0.03191
   0.04669
  -0.05726
   0.06265
  -0.06239
   0.05650
  -0.04551
   0.03041
  -0.01256
  -0.00642
   0.02482
  -0.04098
   0.05344
  -0.06107
   0.06320
  -0.05962
   0.05065
  -0.03712
   0.02023
  -0.00152
  -0.01733
   0.03462
  -0.04878
   0.05853
  -0.06301
   0.06179
  -0.05500
   0.04324
  -0.02758
   0.00943
   0.00957
  -0.02771
   0.04335
  -0.05507
   0.06182
  -0.06299
   0.05848
  -0.04869
   0.03450
  -0.01720
  -0.00166
   0.02036
  -0.03723
   0.05074
  -0.05966
   0.06320
  -0.06104
   0.05336
  -0.04087
   0.02469
  -0.00628
  -0.01270
   0.03053
  -0.04561
   0.05656
  -0.06241
   0.06263
  -0.05720
   0.04660
  -0.03179
   0.01412
   0.00483
  -0.02335
   0.03975
  -0.05257
   0.06064
  -0.06324
   0.06013
  -0.05159
   0.03839
  -0.02173
   0.00311
   0.01580
  -0.03327
   0.04775
  -0.05791
   0.06285
  -0.06211
   0.05577
  -0.04439
   0.02900
  -0.01100
  -0.00800
   0.02627
  -0.04217
   0.05427
  -0.06147
   0.06312
  -0.05907
   0.04969
  -0.03582
   0.01872
   0.00007
  -0.01885
   0.03594
  -0.04977
   0.05912
  -0.06313
   0.06143
  -0.05420
   0.04207
  -0.02614
   0.00786
   0.01114
  -0.02913
   0.04449
  -0.05583
   0.06214
  -0.06283
   0.05786
  -0.04766
   0.03316
  -0.01566
  -0.00325
   0.02186
  -0.03850
   0.05167
  -0.06017
   0.06324
  -0.06060
   0.05249
  -0.03964
   0.02322
  -0.00469
  -0.01425
   0.03191
  -0.04669
   0.05726
  -0.06265
   0.06239
  -0.05650
   0.04551
  -0.03041
   0.01256
   0.00642
  -0.02482
   0.04098
  -0.05344
   0.06107
  -0.06320
   0.05962
  -0.05065
   0.03712
  -0.02023
   0.00152
   0.01733
  -0.03462
   0.04878
  -0.05853
   0.06301
  -0.06179
   0.05500
  -0.04324
   0.02758
  -0.00943
  -0.00957
   0.02771
  -0.04335
   0.05507
  -0.06182
   0.06299
  -0.05848
   0.04869
  -0.03450
   0.01720
   0.00166
