   0.01987
  -0.05278
  -0.04741
   0.02805
   0.06204
   0.00432
  -0.05979
  -0.03551
   0.04127
   0.05703
  -0.01151
  -0.06304
  -0.02137
   0.05189
   0.04844
  -0.02662
  -0.06233
  -0.00590
   0.05925
   0.03681
  -0.04005
  -0.05770
   0.00995
   0.06289
   0.02286
  -0.05096
  -0.04945
   0.02517
   0.06258
   0.00748
  -0.05868
  -0.03809
   0.03880
   0.05833
  -0.00837
  -0.06270
  -0.02434
   0.05001
   0.05043
  -0.02370
  -0.06279
  -0.00906
   0.05806
   0.03935
  -0.03754
  -0.05893
   0.00679
   0.06248
   0.02580
  -0.04902
  -0.05137
   0.02222
   0.06296
   0.01063
  -0.05742
  -0.04058
   0.03625
   0.05949
  -0.00521
  -0.06221
  -0.02724
   0.04800
   0.05228
  -0.02072
  -0.06309
  -0.01219
   0.05673
   0.04179
  -0.03493
  -0.06001
   0.00363
   0.06190
   0.02867
  -0.04695
  -0.05316
   0.01922
   0.06318
   0.01375
  -0.05601
  -0.04297
   0.03360
   0.06049
  -0.00204
  -0.06156
  -0.03007
   0.04587
   0.05400
  -0.01770
  -0.06323
  -0.01529
   0.05526
   0.04412
  -0.03224
  -0.06094
   0.00045
   0.06117
   0.03146
  -0.04476
  -0.05481
   0.01616
   0.06324
   0.01683
  -0.05446
  -0.04524
   0.03086
   0.06134
   0.00114
  -0.06075
  -0.03283
   0.04362
   0.05559
  -0.01462
  -0.06322
  -0.01836
   0.05364
   0.04634
  -0.02946
  -0.06171
  -0.00273
   0.06029
   0.03418
  -0.04246
  -0.05633
   0.01307
   0.06315
   0.01987
  -0.05278
  -0.04741
   0.02805
   0.06204
   0.00432
  -0.05979
  -0.03551
   0.04127
   0.05703
  -0.01151
  -0.06304
  -0.02137
   0.05189
   0.04844
  -0.02662
  -0.06233
  -0.00590
   0.05925
   0.03681
  -0.04005
  -0.05770
   0.00995
   0.06289
   0.02286
  -0.05096
  -0.04945
   0.02517
   0.06258
   0.00748
  -0.05868
  -0.03809
   0.03880
   0.05833
  -0.00837
  -0.06270
  -0.02434
   0.05001
   0.05043
  -0.02370
  -0.06279
  -0.00906
   0.05806
   0.03935
  -0.03754
  -0.05893
   0.00679
   0.06248
   0.02580
  -0.04902
  -0.05137
   0.02222
   0.06296
   0.01063
  -0.05742
  -0.04058
   0.03625
   0.05949
  -0.00521
  -0.06221
  -0.02724
   0.04800
   0.05228
  -0.02072
  -0.06309
  -0.01219
   0.05673
   0.04179
  -0.03493
  -0.06001
   0.00363
   0.06190
   0.02867
  -0.04695
  -0.05316
   0.01922
   0.06318
   0.01375
  -0.05601
  -0.04297
   0.03360
   0.06049
  -0.00204
  -0.06156
  -0.03007
   0.04587
   0.05400
  -0.01770
  -0.06323
  -0.01529
   0.05526
   0.04412
  -0.03224
  -0.06094
   0.00045
   0.06117
   0.03146
  -0.04476
  -0.05481
   0.01616
   0.06324
   0.01683
  -0.05446
  -0.04524
   0.03086
   0.06134
   0.00114
  -0.06075
  -0.03283
   0.04362
   0.05559
  -0.01462
  -0.06322
  -0.01836
   0.05364
   0.04634
  -0.02946
  -0.06171
  -0.00273
   0.06029
   0.03418
  -0.04246
  -0.05633
   0.01307
   0.06315
   0.01987
  -0.05278
  -0.04741
   0.02805
   0.06204
   0.00432
  -0.05979
  -0.03551
   0.04127
   0.05703
  -0.01151
  -0.06304
  -0.02137
   0.05189
   0.04844
  -0.02662
  -0.06233
  -0.00590
   0.05925
   0.03681
  -0.04005
  -0.05770
   0.00995
   0.06289
   0.02286
  -0.05096
  -0.04945
   0.02517
   0.06258
   0.00748
  -0.05868
  -0.03809
   0.03880
   0.05833
  -0.00837
  -0.06270
  -0.02434
   0.05001
   0.05043
  -0.02370
  -0.06279
  -0.00906
   0.05806
   0.03935
  -0.03754
  -0.05893
   0.00679
   0.06248
   0.02580
  -0.04902
  -0.05137
   0.02222
   0.06296
   0.01063
  -0.05742
  -0.04058
   0.03625
   0.05949
  -0.00521
  -0.06221
  -0.02724
   0.04800
   0.05228
  -0.02072
  -0.06309
  -0.01219
   0.05673
   0.04179
  -0.03493
  -0.06001
   0.00363
   0.06190
   0.02867
  -0.04695
  -0.05316
   0.01922
   0.06318
   0.01375
  -0.05601
  -0.04297
   0.03360
   0.06049
  -0.00204
  -0.06156
  -0.03007
   0.04587
   0.05400
  -0.01770
  -0.06323
  -0.01529
   0.05526
   0.04412
  -0.03224
  -0.06094
   0.00045
   0.06117
   0.03146
  -0.04476
  -0.05481
   0.01616
   0.06324
   0.01683
  -0.05446
  -0.04524
   0.03086
   0.06134
   0.00114
  -0.06075
  -0.03283
   0.04362
   0.05559
  -0.01462
  -0.06322
  -0.01836
   0.05364
   0.04634
  -0.02946
  -0.06171
  -0.00273
   0.06029
   0.03418
  -0.04246
  -0.05633
   0.01307
   0.06315
   0.01987
  -0.05278
  -0.04741
   0.02805
   0.06204
   0.00432
  -0.05979
  -0.03551
   0.04127
   0.05703
  -0.01151
  -0.06304
  -0.02137
   0.05189
   0.04844
  -0.02662
  -0.06233
  -0.00590
   0.05925
   0.03681
  -0.04005
  -0.05770
   0.00995
   0.06289
   0.02286
  -0.05096
  -0.04945
   0.02517
   0.06258
   0.00748
  -0.05868
  -0.03809
   0.03880
   0.05833
  -0.00837
  -0.06270
  -0.02434
   0.05001
   0.05043
  -0.02370
  -0.06279
  -0.00906
   0.05806
   0.03935
  -0.03754
  -0.05893
   0.00679
   0.06248
   0.02580
  -0.04902
  -0.05137
   0.02222
   0.06296
   0.01063
  -0.05742
  -0.04058
   0.03625
   0.05949
  -0.00521
  -0.06221
  -0.02724
   0.04800
   0.05228
  -0.02072
  -0.06309
  -0.01219
   0.05673
   0.04179
  -0.03493
  -0.06001
   0.00363
   0.06190
   0.02867
  -0.04695
  -0.05316
   0.01922
   0.06318
   0.01375
  -0.05601
  -0.04297
   0.03360
   0.06049
  -0.00204
  -0.06156
  -0.03007
   0.04587
   0.05400
  -0.01770
  -0.06323
  -0.01529
   0.05526
   0.04412
  -0.03224
  -0.06094
   0.00045
   0.06117
   0.03146
  -0.04476
  -0.05481
   0.01616
   0.06324
   0.01683
  -0.05446
  -0.04524
   0.03086
   0.06134
   0.00114
  -0.06075
  -0.03283
   0.04362
   0.05559
  -0.01462
  -0.06322
  -0.01836
   0.05364
   0.04634
  -0.02946
  -0.06171
  -0.00273
   0.06029
   0.03418
  -0.04246
  -0.05633
   0.01307
   0.06315
