   0.00272
  -0.06190
  -0.02286
   0.05447
   0.04058
  -0.04127
  -0.05400
   0.02370
   0.06171
  -0.00363
  -0.06289
  -0.01682
   0.05742
   0.03550
  -0.04587
  -0.05042
   0.02947
   0.06001
  -0.00995
  -0.06324
  -0.01062
   0.05979
   0.03007
  -0.05001
  -0.04634
   0.03494
   0.05770
  -0.01617
  -0.06296
  -0.00431
   0.06156
   0.02433
  -0.05364
  -0.04178
   0.04005
   0.05481
  -0.02222
  -0.06204
   0.00204
   0.06270
   0.01835
  -0.05673
  -0.03681
   0.04476
   0.05137
  -0.02805
  -0.06049
   0.00838
   0.06322
   0.01218
  -0.05925
  -0.03146
   0.04902
   0.04740
  -0.03360
  -0.05833
   0.01463
   0.06309
   0.00589
  -0.06117
  -0.02579
   0.05278
   0.04296
  -0.03881
  -0.05559
   0.02073
   0.06233
  -0.00045
  -0.06248
  -0.01987
   0.05601
   0.03809
  -0.04363
  -0.05228
   0.02662
   0.06094
  -0.00680
  -0.06315
  -0.01374
   0.05868
   0.03283
  -0.04800
  -0.04844
   0.03224
   0.05893
  -0.01308
  -0.06318
  -0.00748
   0.06075
   0.02724
  -0.05189
  -0.04411
   0.03754
   0.05633
  -0.01922
  -0.06258
  -0.00113
   0.06221
   0.02137
  -0.05526
  -0.03934
   0.04246
   0.05315
  -0.02517
  -0.06134
   0.00522
   0.06304
   0.01529
  -0.05807
  -0.03418
   0.04695
   0.04945
  -0.03087
  -0.05949
   0.01152
   0.06323
   0.00905
  -0.06029
  -0.02866
   0.05097
   0.04524
  -0.03625
  -0.05703
   0.01770
   0.06279
   0.00272
  -0.06190
  -0.02286
   0.05447
   0.04058
  -0.04127
  -0.05400
   0.02370
   0.06171
  -0.00363
  -0.06289
  -0.01682
   0.05742
   0.03550
  -0.04587
  -0.05042
   0.02947
   0.06001
  -0.00995
  -0.06324
  -0.01062
   0.05979
   0.03007
  -0.05001
  -0.04634
   0.03494
   0.05770
  -0.01617
  -0.06296
  -0.00431
   0.06156
   0.02433
  -0.05364
  -0.04178
   0.04005
   0.05481
  -0.02222
  -0.06204
   0.00204
   0.06270
   0.01835
  -0.05673
  -0.03681
   0.04476
   0.05137
  -0.02805
  -0.06049
   0.00838
   0.06322
   0.01218
  -0.05925
  -0.03146
   0.04902
   0.04740
  -0.03360
  -0.05833
   0.01463
   0.06309
   0.00589
  -0.06117
  -0.02579
   0.05278
   0.04296
  -0.03881
  -0.05559
   0.02073
   0.06233
  -0.00045
  -0.06248
  -0.01987
   0.05601
   0.03809
  -0.04363
  -0.05228
   0.02662
   0.06094
  -0.00680
  -0.06315
  -0.01374
   0.05868
   0.03283
  -0.04800
  -0.04844
   0.03224
   0.05893
  -0.01308
  -0.06318
  -0.00748
   0.06075
   0.02724
  -0.05189
  -0.04411
   0.03754
   0.05633
  -0.01922
  -0.06258
  -0.00113
   0.06221
   0.02137
  -0.05526
  -0.03934
   0.04246
   0.05315
  -0.02517
  -0.06134
   0.00522
   0.06304
   0.01529
  -0.05807
  -0.03418
   0.04695
   0.04945
  -0.03087
  -0.05949
   0.01152
   0.06323
   0.00905
  -0.06029
  -0.02866
   0.05097
   0.04524
  -0.03625
  -0.05703
   0.01770
   0.06279
   0.00272
  -0.06190
  -0.02286
   0.05447
   0.04058
  -0.04127
  -0.05400
   0.02370
   0.06171
  -0.00363
  -0.06289
  -0.01682
   0.05742
   0.03550
  -0.04587
  -0.05042
   0.02947
   0.06001
  -0.00995
  -0.06324
  -0.01062
   0.05979
   0.03007
  -0.05001
  -0.04634
   0.03494
   0.05770
  -0.01617
  -0.06296
  -0.00431
   0.06156
   0.02433
  -0.05364
  -0.04178
   0.04005
   0.05481
  -0.02222
  -0.06204
   0.00204
   0.06270
   0.01835
  -0.05673
  -0.03681
   0.04476
   0.05137
  -0.02805
  -0.06049
   0.00838
   0.06322
   0.01218
  -0.05925
  -0.03146
   0.04902
   0.04740
  -0.03360
  -0.05833
   0.01463
   0.06309
   0.00589
  -0.06117
  -0.02579
   0.05278
   0.04296
  -0.03881
  -0.05559
   0.02073
   0.06233
  -0.00045
  -0.06248
  -0.01987
   0.05601
   0.03809
  -0.04363
  -0.05228
   0.02662
   0.06094
  -0.00680
  -0.06315
  -0.01374
   0.05868
   0.03283
  -0.04800
  -0.04844
   0.03224
   0.05893
  -0.01308
  -0.06318
  -0.00748
   0.06075
   0.02724
  -0.05189
  -0.04411
   0.03754
   0.05633
  -0.01922
  -0.06258
  -0.00113
   0.06221
   0.02137
  -0.05526
  -0.03934
   0.04246
   0.05315
  -0.02517
  -0.06134
   0.00522
   0.06304
   0.01529
  -0.05807
  -0.03418
   0.04695
   0.04945
  -0.03087
  -0.05949
   0.01152
   0.06323
   0.00905
  -0.06029
  -0.02866
   0.05097
   0.04524
  -0.03625
  -0.05703
   0.01770
   0.06279
   0.00272
  -0.06190
  -0.02286
   0.05447
   0.04058
  -0.04127
  -0.05400
   0.02370
   0.06171
  -0.00363
  -0.06289
  -0.01682
   0.05742
   0.03550
  -0.04587
  -0.05042
   0.02947
   0.06001
  -0.00995
  -0.06324
  -0.01062
   0.05979
   0.03007
  -0.05001
  -0.04634
   0.03494
   0.05770
  -0.01617
  -0.06296
  -0.00431
   0.06156
   0.02433
  -0.05364
  -0.04178
   0.04005
   0.05481
  -0.02222
  -0.06204
   0.00204
   0.06270
   0.01835
  -0.05673
  -0.03681
   0.04476
   0.05137
  -0.02805
  -0.06049
   0.00838
   0.06322
   0.01218
  -0.05925
  -0.03146
   0.04902
   0.04740
  -0.03360
  -0.05833
   0.01463
   0.06309
   0.00589
  -0.06117
  -0.02579
   0.05278
   0.04296
  -0.03881
  -0.05559
   0.02073
   0.06233
  -0.00045
  -0.06248
  -0.01987
   0.05601
   0.03809
  -0.04363
  -0.05228
   0.02662
   0.06094
  -0.00680
  -0.06315
  -0.01374
   0.05868
   0.03283
  -0.04800
  -0.04844
   0.03224
   0.05893
  -0.01308
  -0.06318
  -0.00748
   0.06075
   0.02724
  -0.05189
  -0.04411
   0.03754
   0.05633
  -0.01922
  -0.06258
  -0.00113
   0.06221
   0.02137
  -0.05526
  -0.03934
   0.04246
   0.05315
  -0.02517
  -0.06134
   0.00522
   0.06304
   0.01529
  -0.05807
  -0.03418
   0.04695
   0.04945
  -0.03087
  -0.05949
   0.01152
   0.06323
   0.00905
  -0.06029
  -0.02866
   0.05097
   0.04524
  -0.03625
  -0.05703
   0.01770
   0.06279
