   0.03196
   0.05417
  -0.03332
  -0.05333
   0.03466
   0.05246
  -0.03598
  -0.05156
   0.03728
   0.05062
  -0.03855
  -0.04965
   0.03980
   0.04865
  -0.04102
  -0.04762
   0.04222
   0.04656
  -0.04339
  -0.04547
   0.04453
   0.04435
  -0.04564
  -0.04320
   0.04673
   0.04203
  -0.04779
  -0.04083
   0.04881
   0.03960
  -0.04981
  -0.03835
   0.05077
   0.03707
  -0.05170
  -0.03577
   0.05260
   0.03445
  -0.05347
  -0.03311
   0.05430
   0.03174
  -0.05510
  -0.03036
   0.05586
   0.02895
  -0.05659
  -0.02753
   0.05728
   0.02609
  -0.05794
  -0.02464
   0.05856
   0.02316
  -0.05914
  -0.02168
   0.05968
   0.02018
  -0.06019
  -0.01867
   0.06066
   0.01714
  -0.06109
  -0.01561
   0.06148
   0.01406
  -0.06183
  -0.01251
   0.06215
   0.01094
  -0.06242
  -0.00938
   0.06266
   0.00780
  -0.06286
  -0.00622
   0.06301
   0.00464
  -0.06313
  -0.00305
   0.06321
   0.00146
  -0.06324
   0.00013
   0.06324
  -0.00172
  -0.06320
   0.00330
   0.06311
  -0.00489
  -0.06299
   0.00647
   0.06283
  -0.00805
  -0.06262
   0.00963
   0.06238
  -0.01119
  -0.06210
   0.01276
   0.06178
  -0.01431
  -0.06142
   0.01585
   0.06102
  -0.01739
  -0.06059
   0.01891
   0.06011
  -0.02042
  -0.05960
   0.02192
   0.05905
  -0.02340
  -0.05846
   0.02487
   0.05783
  -0.02632
  -0.05717
   0.02776
   0.05647
  -0.02918
  -0.05574
   0.03058
   0.05497
  -0.03196
  -0.05417
   0.03332
   0.05333
  -0.03466
  -0.05246
   0.03598
   0.05156
  -0.03728
  -0.05062
   0.03855
   0.04965
  -0.03980
  -0.04865
   0.04102
   0.04762
  -0.04222
  -0.04656
   0.04339
   0.04547
  -0.04453
  -0.04435
   0.04564
   0.04320
  -0.04673
  -0.04203
   0.04779
   0.04083
  -0.04881
  -0.03960
   0.04981
   0.03835
  -0.05077
  -0.03707
   0.05170
   0.03577
  -0.05260
  -0.03445
   0.05347
   0.03311
  -0.05430
  -0.03174
   0.05510
   0.03036
  -0.05586
  -0.02895
   0.05659
   0.02753
  -0.05728
  -0.02609
   0.05794
   0.02464
  -0.05856
  -0.02316
   0.05914
   0.02168
  -0.05968
  -0.02018
   0.06019
   0.01867
  -0.06066
  -0.01714
   0.06109
   0.01561
  -0.06148
  -0.01406
   0.06183
   0.01251
  -0.06215
  -0.01094
   0.06242
   0.00938
  -0.06266
  -0.00780
   0.06286
   0.00622
  -0.06301
  -0.00464
   0.06313
   0.00305
  -0.06321
  -0.00146
   0.06324
  -0.00013
  -0.06324
   0.00172
   0.06320
  -0.00330
  -0.06311
   0.00489
   0.06299
  -0.00647
  -0.06283
   0.00805
   0.06262
  -0.00963
  -0.06238
   0.01119
   0.06210
  -0.01276
  -0.06178
   0.01431
   0.06142
  -0.01585
  -0.06102
   0.01739
   0.06059
  -0.01891
  -0.06011
   0.02042
   0.05960
  -0.02192
  -0.05905
   0.02340
   0.05846
  -0.02487
  -0.05783
   0.02632
   0.05717
  -0.02776
  -0.05647
   0.02918
   0.05574
  -0.03058
  -0.05497
   0.03196
   0.05417
  -0.03332
  -0.05333
   0.03466
   0.05246
  -0.03598
  -0.05156
   0.03728
   0.05062
  -0.03855
  -0.04965
   0.03980
   0.04865
  -0.04102
  -0.04762
   0.04222
   0.04656
  -0.04339
  -0.04547
   0.04453
   0.04435
  -0.04564
  -0.04320
   0.04673
   0.04203
  -0.04779
  -0.04083
   0.04881
   0.03960
  -0.04981
  -0.03835
   0.05077
   0.03707
  -0.05170
  -0.03577
   0.05260
   0.03445
  -0.05347
  -0.03311
   0.05430
   0.03174
  -0.05510
  -0.03036
   0.05586
   0.02895
  -0.05659
  -0.02753
   0.05728
   0.02609
  -0.05794
  -0.02464
   0.05856
   0.02316
  -0.05914
  -0.02168
   0.05968
   0.02018
  -0.06019
  -0.01867
   0.06066
   0.01714
  -0.06109
  -0.01561
   0.06148
   0.01406
  -0.06183
  -0.01251
   0.06215
   0.01094
  -0.06242
  -0.00938
   0.06266
   0.00780
  -0.06286
  -0.00622
   0.06301
   0.00464
  -0.06313
  -0.00305
   0.06321
   0.00146
  -0.06324
   0.00013
   0.06324
  -0.00172
  -0.06320
   0.00330
   0.06311
  -0.00489
  -0.06299
   0.00647
   0.06283
  -0.00805
  -0.06262
   0.00963
   0.06238
  -0.01119
  -0.06210
   0.01276
   0.06178
  -0.01431
  -0.06142
   0.01585
   0.06102
  -0.01739
  -0.06059
   0.01891
   0.06011
  -0.02042
  -0.05960
   0.02192
   0.05905
  -0.02340
  -0.05846
   0.02487
   0.05783
  -0.02632
  -0.05717
   0.02776
   0.05647
  -0.02918
  -0.05574
   0.03058
   0.05497
  -0.03196
  -0.05417
   0.03332
   0.05333
  -0.03466
  -0.05246
   0.03598
   0.05156
  -0.03728
  -0.05062
   0.03855
   0.04965
  -0.03980
  -0.04865
   0.04102
   0.04762
  -0.04222
  -0.04656
   0.04339
   0.04547
  -0.04453
  -0.04435
   0.04564
   0.04320
  -0.04673
  -0.04203
   0.04779
   0.04083
  -0.04881
  -0.03960
   0.04981
   0.03835
  -0.05077
  -0.03707
   0.05170
   0.03577
  -0.05260
  -0.03445
   0.05347
   0.03311
  -0.05430
  -0.03174
   0.05510
   0.03036
  -0.05586
  -0.02895
   0.05659
   0.02753
  -0.05728
  -0.02609
   0.05794
   0.02464
  -0.05856
  -0.02316
   0.05914
   0.02168
  -0.05968
  -0.02018
   0.06019
   0.01867
  -0.06066
  -0.01714
   0.06109
   0.01561
  -0.06148
  -0.01406
   0.06183
   0.01251
  -0.06215
  -0.01094
   0.06242
   0.00938
  -0.06266
  -0.00780
   0.06286
   0.00622
  -0.06301
  -0.00464
   0.06313
   0.00305
  -0.06321
  -0.00146
   0.06324
  -0.00013
  -0.06324
   0.00172
   0.06320
  -0.00330
  -0.06311
   0.00489
   0.06299
  -0.00647
  -0.06283
   0.00805
   0.06262
  -0.00963
  -0.06238
   0.01119
   0.06210
  -0.01276
  -0.06178
   0.01431
   0.06142
  -0.01585
  -0.06102
   0.01739
   0.06059
  -0.01891
  -0.06011
   0.02042
   0.05960
  -0.02192
  -0.05905
   0.02340
   0.05846
  -0.02487
  -0.05783
   0.02632
   0.05717
  -0.02776
  -0.05647
   0.02918
   0.05574
  -0.03058
  -0.05497
