   0.04398
  -0.00778
  -0.05374
  -0.05969
  -0.02119
   0.03309
   0.06273
   0.04566
  -0.00541
  -0.05245
  -0.06044
  -0.02342
   0.03103
   0.06238
   0.04728
  -0.00303
  -0.05108
  -0.06110
  -0.02562
   0.02893
   0.06194
   0.04883
  -0.00064
  -0.04964
  -0.06167
  -0.02778
   0.02679
   0.06142
   0.05031
   0.00174
  -0.04812
  -0.06215
  -0.02990
   0.02461
   0.06080
   0.05172
   0.00412
  -0.04654
  -0.06255
  -0.03198
   0.02240
   0.06010
   0.05305
   0.00650
  -0.04490
  -0.06286
  -0.03402
   0.02016
   0.05932
   0.05431
   0.00886
  -0.04318
  -0.06308
  -0.03600
   0.01788
   0.05845
   0.05549
   0.01122
  -0.04141
  -0.06321
  -0.03794
   0.01558
   0.05750
   0.05660
   0.01356
  -0.03958
  -0.06325
  -0.03982
   0.01326
   0.05646
   0.05762
   0.01587
  -0.03769
  -0.06319
  -0.04164
   0.01092
   0.05535
   0.05856
   0.01817
  -0.03575
  -0.06305
  -0.04340
   0.00857
   0.05416
   0.05942
   0.02044
  -0.03376
  -0.06282
  -0.04511
   0.00620
   0.05289
   0.06020
   0.02268
  -0.03172
  -0.06251
  -0.04675
   0.00382
   0.05154
   0.06088
   0.02489
  -0.02964
  -0.06210
  -0.04832
   0.00144
   0.05012
   0.06149
   0.02706
  -0.02751
  -0.06160
  -0.04982
  -0.00095
   0.04864
   0.06200
   0.02920
  -0.02534
  -0.06102
  -0.05126
  -0.00333
   0.04708
   0.06243
   0.03129
  -0.02314
  -0.06035
  -0.05262
  -0.00571
   0.04545
   0.06277
   0.03334
  -0.02091
  -0.05959
  -0.05390
  -0.00808
   0.04376
   0.06301
   0.03534
  -0.01864
  -0.05875
  -0.05511
  -0.01043
   0.04201
   0.06317
   0.03730
  -0.01635
  -0.05782
  -0.05624
  -0.01278
   0.04020
   0.06324
   0.03920
  -0.01404
  -0.05682
  -0.05729
  -0.01510
   0.03833
   0.06322
   0.04104
  -0.01170
  -0.05573
  -0.05826
  -0.01741
   0.03641
   0.06311
   0.04282
  -0.00935
  -0.05456
  -0.05915
  -0.01969
   0.03443
   0.06291
   0.04455
  -0.00699
  -0.05332
  -0.05995
  -0.02194
   0.03241
   0.06262
   0.04621
  -0.00461
  -0.05200
  -0.06067
  -0.02416
   0.03034
   0.06224
   0.04780
  -0.00223
  -0.05061
  -0.06130
  -0.02634
   0.02822
   0.06178
   0.04933
   0.00015
  -0.04914
  -0.06184
  -0.02849
   0.02607
   0.06122
   0.05079
   0.00253
  -0.04760
  -0.06230
  -0.03060
   0.02388
   0.06058
   0.05217
   0.00491
  -0.04600
  -0.06266
  -0.03267
   0.02166
   0.05985
   0.05348
   0.00729
  -0.04433
  -0.06294
  -0.03468
   0.01940
   0.05904
   0.05472
   0.00965
  -0.04260
  -0.06313
  -0.03665
   0.01712
   0.05814
   0.05587
   0.01200
  -0.04081
  -0.06323
  -0.03857
   0.01481
   0.05716
   0.05695
   0.01433
  -0.03896
  -0.06324
  -0.04043
   0.01248
   0.05610
   0.05795
   0.01664
  -0.03705
  -0.06316
  -0.04223
   0.01014
   0.05496
   0.05886
   0.01893
  -0.03509
  -0.06299
  -0.04398
   0.00778
   0.05374
   0.05969
   0.02119
  -0.03309
  -0.06273
  -0.04566
   0.00541
   0.05245
   0.06044
   0.02342
  -0.03103
  -0.06238
  -0.04728
   0.00303
   0.05108
   0.06110
   0.02562
  -0.02893
  -0.06194
  -0.04883
   0.00064
   0.04964
   0.06167
   0.02778
  -0.02679
  -0.06142
  -0.05031
  -0.00174
   0.04812
   0.06215
   0.02990
  -0.02461
  -0.06080
  -0.05172
  -0.00412
   0.04654
   0.06255
   0.03198
  -0.02240
  -0.06010
  -0.05305
  -0.00650
   0.04490
   0.06286
   0.03402
  -0.02016
  -0.05932
  -0.05431
  -0.00886
   0.04318
   0.06308
   0.03600
  -0.01788
  -0.05845
  -0.05549
  -0.01122
   0.04141
   0.06321
   0.03794
  -0.01558
  -0.05750
  -0.05660
  -0.01356
   0.03958
   0.06325
   0.03982
  -0.01326
  -0.05646
  -0.05762
  -0.01587
   0.03769
   0.06319
   0.04164
  -0.01092
  -0.05535
  -0.05856
  -0.01817
   0.03575
   0.06305
   0.04340
  -0.00857
  -0.05416
  -0.05942
  -0.02044
   0.03376
   0.06282
   0.04511
  -0.00620
  -0.05289
  -0.06020
  -0.02268
   0.03172
   0.06251
   0.04675
  -0.00382
  -0.05154
  -0.06088
  -0.02489
   0.02964
   0.06210
   0.04832
  -0.00144
  -0.05012
  -0.06149
  -0.02706
   0.02751
   0.06160
   0.04982
   0.00095
  -0.04864
  -0.06200
  -0.02920
   0.02534
   0.06102
   0.05126
   0.00333
  -0.04708
  -0.06243
  -0.03129
   0.02314
   0.06035
   0.05262
   0.00571
  -0.04545
  -0.06277
  -0.03334
   0.02091
   0.05959
   0.05390
   0.00808
  -0.04376
  -0.06301
  -0.03534
   0.01864
   0.05875
   0.05511
   0.01043
  -0.04201
  -0.06317
  -0.03730
   0.01635
   0.05782
   0.05624
   0.01278
  -0.04020
  -0.06324
  -0.03920
   0.01404
   0.05682
   0.05729
   0.01510
  -0.03833
  -0.06322
  -0.04104
   0.01170
   0.05573
   0.05826
   0.01741
  -0.03641
  -0.06311
  -0.04282
   0.00935
   0.05456
   0.05915
   0.01969
  -0.03443
  -0.06291
  -0.04455
   0.00699
   0.05332
   0.05995
   0.02194
  -0.03241
  -0.06262
  -0.04621
   0.00461
   0.05200
   0.06067
   0.02416
  -0.03034
  -0.06224
  -0.04780
   0.00223
   0.05061
   0.06130
   0.02634
  -0.02822
  -0.06178
  -0.04933
  -0.00015
   0.04914
   0.06184
   0.02849
  -0.02607
  -0.06122
  -0.05079
  -0.00253
   0.04760
   0.06230
   0.03060
  -0.02388
  -0.06058
  -0.05217
  -0.00491
   0.04600
   0.06266
   0.03267
  -0.02166
  -0.05985
  -0.05348
  -0.00729
   0.04433
   0.06294
   0.03468
  -0.01940
  -0.05904
  -0.05472
  -0.00965
   0.04260
   0.06313
   0.03665
  -0.01712
  -0.05814
  -0.05587
  -0.01200
   0.04081
   0.06323
   0.03857
  -0.01481
  -0.05716
  -0.05695
  -0.01433
   0.03896
   0.06324
   0.04043
  -0.01248
  -0.05610
  -0.05795
  -0.01664
   0.03705
   0.06316
   0.04223
  -0.01014
  -0.05496
  -0.05886
  -0.01893
   0.03509
   0.06299
