  -0.05983
  -0.03474
   0.04255
   0.05590
  -0.01475
  -0.06324
  -0.01671
   0.05493
   0.04403
  -0.03303
  -0.06046
   0.00296
   0.06193
   0.02784
  -0.04808
  -0.05175
   0.02234
   0.06287
   0.00893
  -0.05842
  -0.03799
   0.03953
   0.05765
  -0.01086
  -0.06305
  -0.02050
   0.05285
   0.04679
  -0.02958
  -0.06150
  -0.00101
   0.06100
   0.03135
  -0.04541
  -0.05394
   0.01858
   0.06318
   0.01284
  -0.05679
  -0.04109
   0.03635
   0.05917
  -0.00692
  -0.06261
  -0.02422
   0.05057
   0.04937
  -0.02601
  -0.06231
  -0.00498
   0.05983
   0.03474
  -0.04255
  -0.05590
   0.01475
   0.06324
   0.01671
  -0.05493
  -0.04403
   0.03303
   0.06046
  -0.00296
  -0.06193
  -0.02784
   0.04808
   0.05175
  -0.02234
  -0.06287
  -0.00893
   0.05842
   0.03799
  -0.03953
  -0.05765
   0.01086
   0.06305
   0.02050
  -0.05285
  -0.04679
   0.02958
   0.06150
   0.00101
  -0.06100
  -0.03135
   0.04541
   0.05394
  -0.01858
  -0.06318
  -0.01284
   0.05679
   0.04109
  -0.03635
  -0.05917
   0.00692
   0.06261
   0.02422
  -0.05057
  -0.04937
   0.02601
   0.06231
   0.00498
  -0.05983
  -0.03474
   0.04255
   0.05590
  -0.01475
  -0.06324
  -0.01671
   0.05493
   0.04403
  -0.03303
  -0.06046
   0.00296
   0.06193
   0.02784
  -0.04808
  -0.05175
   0.02234
   0.06287
   0.00893
  -0.05842
  -0.03799
   0.03953
   0.05765
  -0.01086
  -0.06305
  -0.02050
   0.05285
   0.04679
  -0.02958
  -0.06150
  -0.00101
   0.06100
   0.03135
  -0.04541
  -0.05394
   0.01858
   0.06318
   0.01284
  -0.05679
  -0.04109
   0.03635
   0.05917
  -0.00692
  -0.06261
  -0.02422
   0.05057
   0.04937
  -0.02601
  -0.06231
  -0.00498
   0.05983
   0.03474
  -0.04255
  -0.05590
   0.01475
   0.06324
   0.01671
  -0.05493
  -0.04403
   0.03303
   0.06046
  -0.00296
  -0.06193
  -0.02784
   0.04808
   0.05175
  -0.02234
  -0.06287
  -0.00893
   0.05842
   0.03799
  -0.03953
  -0.05765
   0.01086
   0.06305
   0.02050
  -0.05285
  -0.04679
   0.02958
   0.06150
   0.00101
  -0.06100
  -0.03135
   0.04541
   0.05394
  -0.01858
  -0.06318
  -0.01284
   0.05679
   0.04109
  -0.03635
  -0.05917
   0.00692
   0.06261
   0.02422
  -0.05057
  -0.04937
   0.02601
   0.06231
   0.00498
  -0.05983
  -0.03474
   0.04255
   0.05590
  -0.01475
  -0.06324
  -0.01671
   0.05493
   0.04403
  -0.03303
  -0.06046
   0.00296
   0.06193
   0.02784
  -0.04808
  -0.05175
   0.02234
   0.06287
   0.00893
  -0.05842
  -0.03799
   0.03953
   0.05765
  -0.01086
  -0.06305
  -0.02050
   0.05285
   0.04679
  -0.02958
  -0.06150
  -0.00101
   0.06100
   0.03135
  -0.04541
  -0.05394
   0.01858
   0.06318
   0.01284
  -0.05679
  -0.04109
   0.03635
   0.05917
  -0.00692
  -0.06261
  -0.02422
   0.05057
   0.04937
  -0.02601
  -0.06231
  -0.00498
   0.05983
   0.03474
  -0.04255
  -0.05590
   0.01475
   0.06324
   0.01671
  -0.05493
  -0.04403
   0.03303
   0.06046
  -0.00296
  -0.06193
  -0.02784
   0.04808
   0.05175
  -0.02234
  -0.06287
  -0.00893
   0.05842
   0.03799
  -0.03953
  -0.05765
   0.01086
   0.06305
   0.02050
  -0.05285
  -0.04679
   0.02958
   0.06150
   0.00101
  -0.06100
  -0.03135
   0.04541
   0.05394
  -0.01858
  -0.06318
  -0.01284
   0.05679
   0.04109
  -0.03635
  -0.05917
   0.00692
   0.06261
   0.02422
  -0.05057
  -0.04937
   0.02601
   0.06231
   0.00498
  -0.05983
  -0.03474
   0.04255
   0.05590
  -0.01475
  -0.06324
  -0.01671
   0.05493
   0.04403
  -0.03303
  -0.06046
   0.00296
   0.06193
   0.02784
  -0.04808
  -0.05175
   0.02234
   0.06287
   0.00893
  -0.05842
  -0.03799
   0.03953
   0.05765
  -0.01086
  -0.06305
  -0.02050
   0.05285
   0.04679
  -0.02958
  -0.06150
  -0.00101
   0.06100
   0.03135
  -0.04541
  -0.05394
   0.01858
   0.06318
   0.01284
  -0.05679
  -0.04109
   0.03635
   0.05917
  -0.00692
  -0.06261
  -0.02422
   0.05057
   0.04937
  -0.02601
  -0.06231
  -0.00498
   0.05983
   0.03474
  -0.04255
  -0.05590
   0.01475
   0.06324
   0.01671
  -0.05493
  -0.04403
   0.03303
   0.06046
  -0.00296
  -0.06193
  -0.02784
   0.04808
   0.05175
  -0.02234
  -0.06287
  -0.00893
   0.05842
   0.03799
  -0.03953
  -0.05765
   0.01086
   0.06305
   0.02050
  -0.05285
  -0.04679
   0.02958
   0.06150
   0.00101
  -0.06100
  -0.03135
   0.04541
   0.05394
  -0.01858
  -0.06318
  -0.01284
   0.05679
   0.04109
  -0.03635
  -0.05917
   0.00692
   0.06261
   0.02422
  -0.05057
  -0.04937
   0.02601
   0.06231
   0.00498
  -0.05983
  -0.03474
   0.04255
   0.05590
  -0.01475
  -0.06324
  -0.01671
   0.05493
   0.04403
  -0.03303
  -0.06046
   0.00296
   0.06193
   0.02784
  -0.04808
  -0.05175
   0.02234
   0.06287
   0.00893
  -0.05842
  -0.03799
   0.03953
   0.05765
  -0.01086
  -0.06305
  -0.02050
   0.05285
   0.04679
  -0.02958
  -0.06150
  -0.00101
   0.06100
   0.03135
  -0.04541
  -0.05394
   0.01858
   0.06318
   0.01284
  -0.05679
  -0.04109
   0.03635
   0.05917
  -0.00692
  -0.06261
  -0.02422
   0.05057
   0.04937
  -0.02601
  -0.06231
  -0.00498
   0.05983
   0.03474
  -0.04255
  -0.05590
   0.01475
   0.06324
   0.01671
  -0.05493
  -0.04403
   0.03303
   0.06046
  -0.00296
  -0.06193
  -0.02784
   0.04808
   0.05175
  -0.02234
  -0.06287
  -0.00893
   0.05842
   0.03799
  -0.03953
  -0.05765
   0.01086
   0.06305
   0.02050
  -0.05285
  -0.04679
   0.02958
   0.06150
   0.00101
  -0.06100
  -0.03135
   0.04541
   0.05394
  -0.01858
  -0.06318
  -0.01284
   0.05679
   0.04109
  -0.03635
  -0.05917
   0.00692
   0.06261
   0.02422
  -0.05057
  -0.04937
   0.02601
   0.06231
   0.00498
