   0.05321
  -0.05669
   0.00511
   0.05143
  -0.05803
   0.00828
   0.04951
  -0.05922
   0.01142
   0.04747
  -0.06026
   0.01453
   0.04531
  -0.06115
   0.01760
   0.04304
  -0.06188
   0.02063
   0.04065
  -0.06246
   0.02361
   0.03817
  -0.06288
   0.02653
   0.03559
  -0.06314
   0.02938
   0.03292
  -0.06324
   0.03216
   0.03016
  -0.06319
   0.03485
   0.02733
  -0.06297
   0.03746
   0.02443
  -0.06259
   0.03997
   0.02147
  -0.06206
   0.04238
   0.01845
  -0.06137
   0.04469
   0.01539
  -0.06052
   0.04688
   0.01229
  -0.05952
   0.04895
   0.00915
  -0.05837
   0.05090
   0.00600
  -0.05708
   0.05273
   0.00283
  -0.05563
   0.05441
  -0.00035
  -0.05405
   0.05597
  -0.00353
  -0.05233
   0.05738
  -0.00670
  -0.05048
   0.05864
  -0.00985
  -0.04851
   0.05976
  -0.01298
  -0.04641
   0.06072
  -0.01607
  -0.04419
   0.06153
  -0.01912
  -0.04186
   0.06219
  -0.02213
  -0.03942
   0.06269
  -0.02508
  -0.03689
   0.06303
  -0.02796
  -0.03426
   0.06321
  -0.03078
  -0.03155
   0.06324
  -0.03351
  -0.02875
   0.06310
  -0.03617
  -0.02589
   0.06280
  -0.03873
  -0.02296
   0.06235
  -0.04119
  -0.01996
   0.06173
  -0.04355
  -0.01692
   0.06096
  -0.04580
  -0.01384
   0.06004
  -0.04793
  -0.01072
   0.05897
  -0.04995
  -0.00758
   0.05774
  -0.05183
  -0.00441
   0.05637
  -0.05359
  -0.00124
   0.05486
  -0.05521
   0.00194
   0.05321
  -0.05669
   0.00511
   0.05143
  -0.05803
   0.00828
   0.04951
  -0.05922
   0.01142
   0.04747
  -0.06026
   0.01453
   0.04531
  -0.06115
   0.01760
   0.04304
  -0.06188
   0.02063
   0.04065
  -0.06246
   0.02361
   0.03817
  -0.06288
   0.02653
   0.03559
  -0.06314
   0.02938
   0.03292
  -0.06324
   0.03216
   0.03016
  -0.06319
   0.03485
   0.02733
  -0.06297
   0.03746
   0.02443
  -0.06259
   0.03997
   0.02147
  -0.06206
   0.04238
   0.01845
  -0.06137
   0.04469
   0.01539
  -0.06052
   0.04688
   0.01229
  -0.05952
   0.04895
   0.00915
  -0.05837
   0.05090
   0.00600
  -0.05708
   0.05273
   0.00283
  -0.05563
   0.05441
  -0.00035
  -0.05405
   0.05597
  -0.00353
  -0.05233
   0.05738
  -0.00670
  -0.05048
   0.05864
  -0.00985
  -0.04851
   0.05976
  -0.01298
  -0.04641
   0.06072
  -0.01607
  -0.04419
   0.06153
  -0.01912
  -0.04186
   0.06219
  -0.02213
  -0.03942
   0.06269
  -0.02508
  -0.03689
   0.06303
  -0.02796
  -0.03426
   0.06321
  -0.03078
  -0.03155
   0.06324
  -0.03351
  -0.02875
   0.06310
  -0.03617
  -0.02589
   0.06280
  -0.03873
  -0.02296
   0.06235
  -0.04119
  -0.01996
   0.06173
  -0.04355
  -0.01692
   0.06096
  -0.04580
  -0.01384
   0.06004
  -0.04793
  -0.01072
   0.05897
  -0.04995
  -0.00758
   0.05774
  -0.05183
  -0.00441
   0.05637
  -0.05359
  -0.00124
   0.05486
  -0.05521
   0.00194
   0.05321
  -0.05669
   0.00511
   0.05143
  -0.05803
   0.00828
   0.04951
  -0.05922
   0.01142
   0.04747
  -0.06026
   0.01453
   0.04531
  -0.06115
   0.01760
   0.04304
  -0.06188
   0.02063
   0.04065
  -0.06246
   0.02361
   0.03817
  -0.06288
   0.02653
   0.03559
  -0.06314
   0.02938
   0.03292
  -0.06324
   0.03216
   0.03016
  -0.06319
   0.03485
   0.02733
  -0.06297
   0.03746
   0.02443
  -0.06259
   0.03997
   0.02147
  -0.06206
   0.04238
   0.01845
  -0.06137
   0.04469
   0.01539
  -0.06052
   0.04688
   0.01229
  -0.05952
   0.04895
   0.00915
  -0.05837
   0.05090
   0.00600
  -0.05708
   0.05273
   0.00283
  -0.05563
   0.05441
  -0.00035
  -0.05405
   0.05597
  -0.00353
  -0.05233
   0.05738
  -0.00670
  -0.05048
   0.05864
  -0.00985
  -0.04851
   0.05976
  -0.01298
  -0.04641
   0.06072
  -0.01607
  -0.04419
   0.06153
  -0.01912
  -0.04186
   0.06219
  -0.02213
  -0.03942
   0.06269
  -0.02508
  -0.03689
   0.06303
  -0.02796
  -0.03426
   0.06321
  -0.03078
  -0.03155
   0.06324
  -0.03351
  -0.02875
   0.06310
  -0.03617
  -0.02589
   0.06280
  -0.03873
  -0.02296
   0.06235
  -0.04119
  -0.01996
   0.06173
  -0.04355
  -0.01692
   0.06096
  -0.04580
  -0.01384
   0.06004
  -0.04793
  -0.01072
   0.05897
  -0.04995
  -0.00758
   0.05774
  -0.05183
  -0.00441
   0.05637
  -0.05359
  -0.00124
   0.05486
  -0.05521
   0.00194
   0.05321
  -0.05669
   0.00511
   0.05143
  -0.05803
   0.00828
   0.04951
  -0.05922
   0.01142
   0.04747
  -0.06026
   0.01453
   0.04531
  -0.06115
   0.01760
   0.04304
  -0.06188
   0.02063
   0.04065
  -0.06246
   0.02361
   0.03817
  -0.06288
   0.02653
   0.03559
  -0.06314
   0.02938
   0.03292
  -0.06324
   0.03216
   0.03016
  -0.06319
   0.03485
   0.02733
  -0.06297
   0.03746
   0.02443
  -0.06259
   0.03997
   0.02147
  -0.06206
   0.04238
   0.01845
  -0.06137
   0.04469
   0.01539
  -0.06052
   0.04688
   0.01229
  -0.05952
   0.04895
   0.00915
  -0.05837
   0.05090
   0.00600
  -0.05708
   0.05273
   0.00283
  -0.05563
   0.05441
  -0.00035
  -0.05405
   0.05597
  -0.00353
  -0.05233
   0.05738
  -0.00670
  -0.05048
   0.05864
  -0.00985
  -0.04851
   0.05976
  -0.01298
  -0.04641
   0.06072
  -0.01607
  -0.04419
   0.06153
  -0.01912
  -0.04186
   0.06219
  -0.02213
  -0.03942
   0.06269
  -0.02508
  -0.03689
   0.06303
  -0.02796
  -0.03426
   0.06321
  -0.03078
  -0.03155
   0.06324
  -0.03351
  -0.02875
   0.06310
  -0.03617
  -0.02589
   0.06280
  -0.03873
  -0.02296
   0.06235
  -0.04119
  -0.01996
   0.06173
  -0.04355
  -0.01692
   0.06096
  -0.04580
  -0.01384
   0.06004
  -0.04793
  -0.01072
   0.05897
  -0.04995
  -0.00758
   0.05774
  -0.05183
  -0.00441
   0.05637
  -0.05359
  -0.00124
   0.05486
  -0.05521
   0.00194
