   0.06204
   0.02946
  -0.04524
  -0.05525
   0.01375
   0.06309
   0.02222
  -0.05043
  -0.05096
   0.02138
   0.06315
   0.01462
  -0.05481
  -0.04587
   0.02867
   0.06221
   0.00679
  -0.05834
  -0.04005
   0.03551
   0.06029
  -0.00114
  -0.06094
  -0.03359
   0.04179
   0.05742
  -0.00906
  -0.06258
  -0.02661
   0.04741
   0.05364
  -0.01683
  -0.06323
  -0.01921
   0.05228
   0.04902
  -0.02434
  -0.06289
  -0.01151
   0.05633
   0.04362
  -0.03146
  -0.06156
  -0.00362
   0.05949
   0.03754
  -0.03809
  -0.05925
   0.00432
   0.06171
   0.03086
  -0.04412
  -0.05601
   0.01219
   0.06296
   0.02370
  -0.04945
  -0.05189
   0.01987
   0.06322
   0.01616
  -0.05400
  -0.04695
   0.02724
   0.06247
   0.00837
  -0.05770
  -0.04126
   0.03418
   0.06075
   0.00045
  -0.06049
  -0.03493
   0.04058
   0.05806
  -0.00748
  -0.06233
  -0.02805
   0.04634
   0.05446
  -0.01529
  -0.06318
  -0.02072
   0.05137
   0.05000
  -0.02287
  -0.06304
  -0.01307
   0.05559
   0.04476
  -0.03008
  -0.06190
  -0.00521
   0.05893
   0.03880
  -0.03681
  -0.05979
   0.00273
   0.06134
   0.03224
  -0.04297
  -0.05673
   0.01063
   0.06279
   0.02516
  -0.04845
  -0.05278
   0.01836
   0.06324
   0.01769
  -0.05316
  -0.04800
   0.02580
   0.06270
   0.00994
  -0.05703
  -0.04245
   0.03283
   0.06117
   0.00204
  -0.06001
  -0.03624
   0.03935
   0.05868
  -0.00590
  -0.06204
  -0.02946
   0.04524
   0.05525
  -0.01375
  -0.06309
  -0.02222
   0.05043
   0.05096
  -0.02138
  -0.06315
  -0.01462
   0.05481
   0.04587
  -0.02867
  -0.06221
  -0.00679
   0.05834
   0.04005
  -0.03551
  -0.06029
   0.00114
   0.06094
   0.03359
  -0.04179
  -0.05742
   0.00906
   0.06258
   0.02661
  -0.04741
  -0.05364
   0.01683
   0.06323
   0.01921
  -0.05228
  -0.04902
   0.02434
   0.06289
   0.01151
  -0.05633
  -0.04362
   0.03146
   0.06156
   0.00362
  -0.05949
  -0.03754
   0.03809
   0.05925
  -0.00432
  -0.06171
  -0.03086
   0.04412
   0.05601
  -0.01219
  -0.06296
  -0.02370
   0.04945
   0.05189
  -0.01987
  -0.06322
  -0.01616
   0.05400
   0.04695
  -0.02724
  -0.06247
  -0.00837
   0.05770
   0.04126
  -0.03418
  -0.06075
  -0.00045
   0.06049
   0.03493
  -0.04058
  -0.05806
   0.00748
   0.06233
   0.02805
  -0.04634
  -0.05446
   0.01529
   0.06318
   0.02072
  -0.05137
  -0.05000
   0.02287
   0.06304
   0.01307
  -0.05559
  -0.04476
   0.03008
   0.06190
   0.00521
  -0.05893
  -0.03880
   0.03681
   0.05979
  -0.00273
  -0.06134
  -0.03224
   0.04297
   0.05673
  -0.01063
  -0.06279
  -0.02516
   0.04845
   0.05278
  -0.01836
  -0.06324
  -0.01769
   0.05316
   0.04800
  -0.02580
  -0.06270
  -0.00994
   0.05703
   0.04245
  -0.03283
  -0.06117
  -0.00204
   0.06001
   0.03624
  -0.03935
  -0.05868
   0.00590
   0.06204
   0.02946
  -0.04524
  -0.05525
   0.01375
   0.06309
   0.02222
  -0.05043
  -0.05096
   0.02138
   0.06315
   0.01462
  -0.05481
  -0.04587
   0.02867
   0.06221
   0.00679
  -0.05834
  -0.04005
   0.03551
   0.06029
  -0.00114
  -0.06094
  -0.03359
   0.04179
   0.05742
  -0.00906
  -0.06258
  -0.02661
   0.04741
   0.05364
  -0.01683
  -0.06323
  -0.01921
   0.05228
   0.04902
  -0.02434
  -0.06289
  -0.01151
   0.05633
   0.04362
  -0.03146
  -0.06156
  -0.00362
   0.05949
   0.03754
  -0.03809
  -0.05925
   0.00432
   0.06171
   0.03086
  -0.04412
  -0.05601
   0.01219
   0.06296
   0.02370
  -0.04945
  -0.05189
   0.01987
   0.06322
   0.01616
  -0.05400
  -0.04695
   0.02724
   0.06247
   0.00837
  -0.05770
  -0.04126
   0.03418
   0.06075
   0.00045
  -0.06049
  -0.03493
   0.04058
   0.05806
  -0.00748
  -0.06233
  -0.02805
   0.04634
   0.05446
  -0.01529
  -0.06318
  -0.02072
   0.05137
   0.05000
  -0.02287
  -0.06304
  -0.01307
   0.05559
   0.04476
  -0.03008
  -0.06190
  -0.00521
   0.05893
   0.03880
  -0.03681
  -0.05979
   0.00273
   0.06134
   0.03224
  -0.04297
  -0.05673
   0.01063
   0.06279
   0.02516
  -0.04845
  -0.05278
   0.01836
   0.06324
   0.01769
  -0.05316
  -0.04800
   0.02580
   0.06270
   0.00994
  -0.05703
  -0.04245
   0.03283
   0.06117
   0.00204
  -0.06001
  -0.03624
   0.03935
   0.05868
  -0.00590
  -0.06204
  -0.02946
   0.04524
   0.05525
  -0.01375
  -0.06309
  -0.02222
   0.05043
   0.05096
  -0.02138
  -0.06315
  -0.01462
   0.05481
   0.04587
  -0.02867
  -0.06221
  -0.00679
   0.05834
   0.04005
  -0.03551
  -0.06029
   0.00114
   0.06094
   0.03359
  -0.04179
  -0.05742
   0.00906
   0.06258
   0.02661
  -0.04741
  -0.05364
   0.01683
   0.06323
   0.01921
  -0.05228
  -0.04902
   0.02434
   0.06289
   0.01151
  -0.05633
  -0.04362
   0.03146
   0.06156
   0.00362
  -0.05949
  -0.03754
   0.03809
   0.05925
  -0.00432
  -0.06171
  -0.03086
   0.04412
   0.05601
  -0.01219
  -0.06296
  -0.02370
   0.04945
   0.05189
  -0.01987
  -0.06322
  -0.01616
   0.05400
   0.04695
  -0.02724
  -0.06247
  -0.00837
   0.05770
   0.04126
  -0.03418
  -0.06075
  -0.00045
   0.06049
   0.03493
  -0.04058
  -0.05806
   0.00748
   0.06233
   0.02805
  -0.04634
  -0.05446
   0.01529
   0.06318
   0.02072
  -0.05137
  -0.05000
   0.02287
   0.06304
   0.01307
  -0.05559
  -0.04476
   0.03008
   0.06190
   0.00521
  -0.05893
  -0.03880
   0.03681
   0.05979
  -0.00273
  -0.06134
  -0.03224
   0.04297
   0.05673
  -0.01063
  -0.06279
  -0.02516
   0.04845
   0.05278
  -0.01836
  -0.06324
  -0.01769
   0.05316
   0.04800
  -0.02580
  -0.06270
  -0.00994
   0.05703
   0.04245
  -0.03283
  -0.06117
  -0.00204
   0.06001
   0.03624
  -0.03935
  -0.05868
   0.00590
