   0.04605
   0.06293
   0.03659
  -0.01488
  -0.05614
  -0.05883
  -0.02112
   0.03110
   0.06196
   0.05026
   0.00405
  -0.04495
  -0.06307
  -0.03788
   0.01333
   0.05539
   0.05940
   0.02261
  -0.02970
  -0.06162
  -0.05121
  -0.00563
   0.04382
   0.06317
   0.03914
  -0.01178
  -0.05460
  -0.05992
  -0.02409
   0.02829
   0.06124
   0.05213
   0.00721
  -0.04266
  -0.06323
  -0.04037
   0.01021
   0.05378
   0.06041
   0.02555
  -0.02686
  -0.06082
  -0.05301
  -0.00879
   0.04147
   0.06325
   0.04158
  -0.00864
  -0.05293
  -0.06086
  -0.02700
   0.02541
   0.06037
   0.05386
   0.01036
  -0.04026
  -0.06322
  -0.04277
   0.00706
   0.05204
   0.06128
   0.02843
  -0.02395
  -0.05988
  -0.05468
  -0.01193
   0.03902
   0.06316
   0.04392
  -0.00548
  -0.05112
  -0.06165
  -0.02984
   0.02247
   0.05934
   0.05546
   0.01348
  -0.03775
  -0.06306
  -0.04505
   0.00390
   0.05017
   0.06199
   0.03123
  -0.02098
  -0.05878
  -0.05621
  -0.01503
   0.03647
   0.06292
   0.04616
  -0.00231
  -0.04919
  -0.06228
  -0.03260
   0.01947
   0.05817
   0.05692
   0.01657
  -0.03516
  -0.06274
  -0.04723
   0.00072
   0.04817
   0.06254
   0.03395
  -0.01795
  -0.05753
  -0.05759
  -0.01810
   0.03382
   0.06252
   0.04827
   0.00087
  -0.04713
  -0.06276
  -0.03528
   0.01642
   0.05685
   0.05823
   0.01962
  -0.03247
  -0.06226
  -0.04928
  -0.00246
   0.04605
   0.06293
   0.03659
  -0.01488
  -0.05614
  -0.05883
  -0.02112
   0.03110
   0.06196
   0.05026
   0.00405
  -0.04495
  -0.06307
  -0.03788
   0.01333
   0.05539
   0.05940
   0.02261
  -0.02970
  -0.06162
  -0.05121
  -0.00563
   0.04382
   0.06317
   0.03914
  -0.01178
  -0.05460
  -0.05992
  -0.02409
   0.02829
   0.06124
   0.05213
   0.00721
  -0.04266
  -0.06323
  -0.04037
   0.01021
   0.05378
   0.06041
   0.02555
  -0.02686
  -0.06082
  -0.05301
  -0.00879
   0.04147
   0.06325
   0.04158
  -0.00864
  -0.05293
  -0.06086
  -0.02700
   0.02541
   0.06037
   0.05386
   0.01036
  -0.04026
  -0.06322
  -0.04277
   0.00706
   0.05204
   0.06128
   0.02843
  -0.02395
  -0.05988
  -0.05468
  -0.01193
   0.03902
   0.06316
   0.04392
  -0.00548
  -0.05112
  -0.06165
  -0.02984
   0.02247
   0.05934
   0.05546
   0.01348
  -0.03775
  -0.06306
  -0.04505
   0.00390
   0.05017
   0.06199
   0.03123
  -0.02098
  -0.05878
  -0.05621
  -0.01503
   0.03647
   0.06292
   0.04616
  -0.00231
  -0.04919
  -0.06228
  -0.03260
   0.01947
   0.05817
   0.05692
   0.01657
  -0.03516
  -0.06274
  -0.04723
   0.00072
   0.04817
   0.06254
   0.03395
  -0.01795
  -0.05753
  -0.05759
  -0.01810
   0.03382
   0.06252
   0.04827
   0.00087
  -0.04713
  -0.06276
  -0.03528
   0.01642
   0.05685
   0.05823
   0.01962
  -0.03247
  -0.06226
  -0.04928
  -0.00246
   0.04605
   0.06293
   0.03659
  -0.01488
  -0.05614
  -0.05883
  -0.02112
   0.03110
   0.06196
   0.05026
   0.00405
  -0.04495
  -0.06307
  -0.03788
   0.01333
   0.05539
   0.05940
   0.02261
  -0.02970
  -0.06162
  -0.05121
  -0.00563
   0.04382
   0.06317
   0.03914
  -0.01178
  -0.05460
  -0.05992
  -0.02409
   0.02829
   0.06124
   0.05213
   0.00721
  -0.04266
  -0.06323
  -0.04037
   0.01021
   0.05378
   0.06041
   0.02555
  -0.02686
  -0.06082
  -0.05301
  -0.00879
   0.04147
   0.06325
   0.04158
  -0.00864
  -0.05293
  -0.06086
  -0.02700
   0.02541
   0.06037
   0.05386
   0.01036
  -0.04026
  -0.06322
  -0.04277
   0.00706
   0.05204
   0.06128
   0.02843
  -0.02395
  -0.05988
  -0.05468
  -0.01193
   0.03902
   0.06316
   0.04392
  -0.00548
  -0.05112
  -0.06165
  -0.02984
   0.02247
   0.05934
   0.05546
   0.01348
  -0.03775
  -0.06306
  -0.04505
   0.00390
   0.05017
   0.06199
   0.03123
  -0.02098
  -0.05878
  -0.05621
  -0.01503
   0.03647
   0.06292
   0.04616
  -0.00231
  -0.04919
  -0.06228
  -0.03260
   0.01947
   0.05817
   0.05692
   0.01657
  -0.03516
  -0.06274
  -0.04723
   0.00072
   0.04817
   0.06254
   0.03395
  -0.01795
  -0.05753
  -0.05759
  -0.01810
   0.03382
   0.06252
   0.04827
   0.00087
  -0.04713
  -0.06276
  -0.03528
   0.01642
   0.05685
   0.05823
   0.01962
  -0.03247
  -0.06226
  -0.04928
  -0.00246
   0.04605
   0.06293
   0.03659
  -0.01488
  -0.05614
  -0.05883
  -0.02112
   0.03110
   0.06196
   0.05026
   0.00405
  -0.04495
  -0.06307
  -0.03788
   0.01333
   0.05539
   0.05940
   0.02261
  -0.02970
  -0.06162
  -0.05121
  -0.00563
   0.04382
   0.06317
   0.03914
  -0.01178
  -0.05460
  -0.05992
  -0.02409
   0.02829
   0.06124
   0.05213
   0.00721
  -0.04266
  -0.06323
  -0.04037
   0.01021
   0.05378
   0.06041
   0.02555
  -0.02686
  -0.06082
  -0.05301
  -0.00879
   0.04147
   0.06325
   0.04158
  -0.00864
  -0.05293
  -0.06086
  -0.02700
   0.02541
   0.06037
   0.05386
   0.01036
  -0.04026
  -0.06322
  -0.04277
   0.00706
   0.05204
   0.06128
   0.02843
  -0.02395
  -0.05988
  -0.05468
  -0.01193
   0.03902
   0.06316
   0.04392
  -0.00548
  -0.05112
  -0.06165
  -0.02984
   0.02247
   0.05934
   0.05546
   0.01348
  -0.03775
  -0.06306
  -0.04505
   0.00390
   0.05017
   0.06199
   0.03123
  -0.02098
  -0.05878
  -0.05621
  -0.01503
   0.03647
   0.06292
   0.04616
  -0.00231
  -0.04919
  -0.06228
  -0.03260
   0.01947
   0.05817
   0.05692
   0.01657
  -0.03516
  -0.06274
  -0.04723
   0.00072
   0.04817
   0.06254
   0.03395
  -0.01795
  -0.05753
  -0.05759
  -0.01810
   0.03382
   0.06252
   0.04827
   0.00087
  -0.04713
  -0.06276
  -0.03528
   0.01642
   0.05685
   0.05823
   0.01962
  -0.03247
  -0.06226
  -0.04928
  -0.00246
