   0.03280
   0.02226
  -0.06030
   0.05226
  -0.00428
  -0.04697
   0.06232
  -0.03004
  -0.02520
   0.06118
  -0.05040
   0.00110
   0.04904
  -0.06170
   0.02720
   0.02809
  -0.06191
   0.04842
   0.00208
  -0.05099
   0.06093
  -0.02430
  -0.03090
   0.06248
  -0.04631
  -0.00525
   0.05280
  -0.06000
   0.02134
   0.03363
  -0.06289
   0.04409
   0.00841
  -0.05449
   0.05892
  -0.01832
  -0.03628
   0.06315
  -0.04176
  -0.01155
   0.05603
  -0.05769
   0.01525
   0.03884
  -0.06324
   0.03932
   0.01466
  -0.05743
   0.05631
  -0.01215
  -0.04130
   0.06318
  -0.03678
  -0.01773
   0.05869
  -0.05479
   0.00902
   0.04365
  -0.06296
   0.03415
   0.02076
  -0.05980
   0.05314
  -0.00586
  -0.04590
   0.06257
  -0.03143
  -0.02374
   0.06076
  -0.05135
   0.00269
   0.04802
  -0.06203
   0.02863
   0.02665
  -0.06157
   0.04942
   0.00049
  -0.05003
   0.06133
  -0.02576
  -0.02950
   0.06222
  -0.04738
  -0.00367
   0.05191
  -0.06048
   0.02283
   0.03227
  -0.06271
   0.04521
   0.00683
  -0.05366
   0.05948
  -0.01983
  -0.03497
   0.06304
  -0.04294
  -0.00999
   0.05528
  -0.05832
   0.01679
   0.03757
  -0.06322
   0.04055
   0.01311
  -0.05675
   0.05702
  -0.01371
  -0.04008
   0.06323
  -0.03806
  -0.01620
   0.05808
  -0.05557
   0.01059
   0.04249
  -0.06309
   0.03547
   0.01925
  -0.05927
   0.05398
  -0.00744
  -0.04479
   0.06278
  -0.03280
  -0.02226
   0.06030
  -0.05226
   0.00428
   0.04697
  -0.06232
   0.03004
   0.02520
  -0.06118
   0.05040
  -0.00110
  -0.04904
   0.06170
  -0.02720
  -0.02809
   0.06191
  -0.04842
  -0.00208
   0.05099
  -0.06093
   0.02430
   0.03090
  -0.06248
   0.04631
   0.00525
  -0.05280
   0.06000
  -0.02134
  -0.03363
   0.06289
  -0.04409
  -0.00841
   0.05449
  -0.05892
   0.01832
   0.03628
  -0.06315
   0.04176
   0.01155
  -0.05603
   0.05769
  -0.01525
  -0.03884
   0.06324
  -0.03932
  -0.01466
   0.05743
  -0.05631
   0.01215
   0.04130
  -0.06318
   0.03678
   0.01773
  -0.05869
   0.05479
  -0.00902
  -0.04365
   0.06296
  -0.03415
  -0.02076
   0.05980
  -0.05314
   0.00586
   0.04590
  -0.06257
   0.03143
   0.02374
  -0.06076
   0.05135
  -0.00269
  -0.04802
   0.06203
  -0.02863
  -0.02665
   0.06157
  -0.04942
  -0.00049
   0.05003
  -0.06133
   0.02576
   0.02950
  -0.06222
   0.04738
   0.00367
  -0.05191
   0.06048
  -0.02283
  -0.03227
   0.06271
  -0.04521
  -0.00683
   0.05366
  -0.05948
   0.01983
   0.03497
  -0.06304
   0.04294
   0.00999
  -0.05528
   0.05832
  -0.01679
  -0.03757
   0.06322
  -0.04055
  -0.01311
   0.05675
  -0.05702
   0.01371
   0.04008
  -0.06323
   0.03806
   0.01620
  -0.05808
   0.05557
  -0.01059
  -0.04249
   0.06309
  -0.03547
  -0.01925
   0.05927
  -0.05398
   0.00744
   0.04479
  -0.06278
   0.03280
   0.02226
  -0.06030
   0.05226
  -0.00428
  -0.04697
   0.06232
  -0.03004
  -0.02520
   0.06118
  -0.05040
   0.00110
   0.04904
  -0.06170
   0.02720
   0.02809
  -0.06191
   0.04842
   0.00208
  -0.05099
   0.06093
  -0.02430
  -0.03090
   0.06248
  -0.04631
  -0.00525
   0.05280
  -0.06000
   0.02134
   0.03363
  -0.06289
   0.04409
   0.00841
  -0.05449
   0.05892
  -0.01832
  -0.03628
   0.06315
  -0.04176
  -0.01155
   0.05603
  -0.05769
   0.01525
   0.03884
  -0.06324
   0.03932
   0.01466
  -0.05743
   0.05631
  -0.01215
  -0.04130
   0.06318
  -0.03678
  -0.01773
   0.05869
  -0.05479
   0.00902
   0.04365
  -0.06296
   0.03415
   0.02076
  -0.05980
   0.05314
  -0.00586
  -0.04590
   0.06257
  -0.03143
  -0.02374
   0.06076
  -0.05135
   0.00269
   0.04802
  -0.06203
   0.02863
   0.02665
  -0.06157
   0.04942
   0.00049
  -0.05003
   0.06133
  -0.02576
  -0.02950
   0.06222
  -0.04738
  -0.00367
   0.05191
  -0.06048
   0.02283
   0.03227
  -0.06271
   0.04521
   0.00683
  -0.05366
   0.05948
  -0.01983
  -0.03497
   0.06304
  -0.04294
  -0.00999
   0.05528
  -0.05832
   0.01679
   0.03757
  -0.06322
   0.04055
   0.01311
  -0.05675
   0.05702
  -0.01371
  -0.04008
   0.06323
  -0.03806
  -0.01620
   0.05808
  -0.05557
   0.01059
   0.04249
  -0.06309
   0.03547
   0.01925
  -0.05927
   0.05398
  -0.00744
  -0.04479
   0.06278
  -0.03280
  -0.02226
   0.06030
  -0.05226
   0.00428
   0.04697
  -0.06232
   0.03004
   0.02520
  -0.06118
   0.05040
  -0.00110
  -0.04904
   0.06170
  -0.02720
  -0.02809
   0.06191
  -0.04842
  -0.00208
   0.05099
  -0.06093
   0.02430
   0.03090
  -0.06248
   0.04631
   0.00525
  -0.05280
   0.06000
  -0.02134
  -0.03363
   0.06289
  -0.04409
  -0.00841
   0.05449
  -0.05892
   0.01832
   0.03628
  -0.06315
   0.04176
   0.01155
  -0.05603
   0.05769
  -0.01525
  -0.03884
   0.06324
  -0.03932
  -0.01466
   0.05743
  -0.05631
   0.01215
   0.04130
  -0.06318
   0.03678
   0.01773
  -0.05869
   0.05479
  -0.00902
  -0.04365
   0.06296
  -0.03415
  -0.02076
   0.05980
  -0.05314
   0.00586
   0.04590
  -0.06257
   0.03143
   0.02374
  -0.06076
   0.05135
  -0.00269
  -0.04802
   0.06203
  -0.02863
  -0.02665
   0.06157
  -0.04942
  -0.00049
   0.05003
  -0.06133
   0.02576
   0.02950
  -0.06222
   0.04738
   0.00367
  -0.05191
   0.06048
  -0.02283
  -0.03227
   0.06271
  -0.04521
  -0.00683
   0.05366
  -0.05948
   0.01983
   0.03497
  -0.06304
   0.04294
   0.00999
  -0.05528
   0.05832
  -0.01679
  -0.03757
   0.06322
  -0.04055
  -0.01311
   0.05675
  -0.05702
   0.01371
   0.04008
  -0.06323
   0.03806
   0.01620
  -0.05808
   0.05557
  -0.01059
  -0.04249
   0.06309
  -0.03547
  -0.01925
   0.05927
  -0.05398
   0.00744
   0.04479
  -0.06278
