  -0.06019
   0.05304
  -0.04222
   0.02848
  -0.01276
  -0.00383
   0.02017
  -0.03511
   0.04761
  -0.05682
   0.06210
  -0.06308
   0.05969
  -0.05216
   0.04103
  -0.02705
   0.01120
   0.00542
  -0.02167
   0.03642
  -0.04864
   0.05750
  -0.06238
   0.06294
  -0.05914
   0.05125
  -0.03981
   0.02561
  -0.00964
  -0.00700
   0.02315
  -0.03770
   0.04964
  -0.05815
   0.06262
  -0.06276
   0.05856
  -0.05030
   0.03856
  -0.02415
   0.00806
   0.00858
  -0.02463
   0.03897
  -0.05061
   0.05875
  -0.06283
   0.06255
  -0.05794
   0.04932
  -0.03729
   0.02267
  -0.00648
  -0.01015
   0.02608
  -0.04021
   0.05155
  -0.05932
   0.06299
  -0.06229
   0.05728
  -0.04831
   0.03599
  -0.02118
   0.00490
   0.01172
  -0.02752
   0.04142
  -0.05246
   0.05986
  -0.06311
   0.06200
  -0.05659
   0.04727
  -0.03467
   0.01967
  -0.00331
  -0.01327
   0.02894
  -0.04261
   0.05333
  -0.06035
   0.06320
  -0.06167
   0.05587
  -0.04620
   0.03333
  -0.01816
   0.00173
   0.01482
  -0.03035
   0.04377
  -0.05416
   0.06081
  -0.06324
   0.06129
  -0.05510
   0.04510
  -0.03197
   0.01663
  -0.00014
  -0.01636
   0.03173
  -0.04491
   0.05497
  -0.06122
   0.06324
  -0.06088
   0.05431
  -0.04397
   0.03059
  -0.01509
  -0.00145
   0.01789
  -0.03310
   0.04601
  -0.05574
   0.06160
  -0.06321
   0.06043
  -0.05347
   0.04281
  -0.02919
   0.01354
   0.00304
  -0.01941
   0.03444
  -0.04709
   0.05647
  -0.06194
   0.06313
  -0.05994
   0.05261
  -0.04163
   0.02777
  -0.01199
  -0.00463
   0.02092
  -0.03576
   0.04813
  -0.05717
   0.06225
  -0.06301
   0.05942
  -0.05171
   0.04042
  -0.02633
   0.01042
   0.00621
  -0.02241
   0.03706
  -0.04915
   0.05783
  -0.06251
   0.06286
  -0.05885
   0.05078
  -0.03918
   0.02488
  -0.00885
  -0.00779
   0.02389
  -0.03834
   0.05013
  -0.05845
   0.06273
  -0.06266
   0.05825
  -0.04981
   0.03792
  -0.02341
   0.00727
   0.00937
  -0.02536
   0.03959
  -0.05109
   0.05904
  -0.06291
   0.06243
  -0.05762
   0.04882
  -0.03664
   0.02193
  -0.00569
  -0.01093
   0.02680
  -0.04082
   0.05201
  -0.05959
   0.06306
  -0.06215
   0.05694
  -0.04779
   0.03533
  -0.02043
   0.00411
   0.01250
  -0.02824
   0.04202
  -0.05289
   0.06011
  -0.06316
   0.06184
  -0.05623
   0.04674
  -0.03400
   0.01892
  -0.00252
  -0.01405
   0.02965
  -0.04319
   0.05375
  -0.06058
   0.06322
  -0.06148
   0.05549
  -0.04565
   0.03265
  -0.01739
   0.00093
   0.01560
  -0.03104
   0.04434
  -0.05457
   0.06102
  -0.06325
   0.06109
  -0.05471
   0.04454
  -0.03128
   0.01586
   0.00066
  -0.01713
   0.03242
  -0.04546
   0.05536
  -0.06142
   0.06323
  -0.06066
   0.05389
  -0.04339
   0.02989
  -0.01432
  -0.00225
   0.01866
  -0.03377
   0.04655
  -0.05611
   0.06178
  -0.06317
   0.06019
  -0.05304
   0.04222
  -0.02848
   0.01276
   0.00383
  -0.02017
   0.03511
  -0.04761
   0.05682
  -0.06210
   0.06308
  -0.05969
   0.05216
  -0.04103
   0.02705
  -0.01120
  -0.00542
   0.02167
  -0.03642
   0.04864
  -0.05750
   0.06238
  -0.06294
   0.05914
  -0.05125
   0.03981
  -0.02561
   0.00964
   0.00700
  -0.02315
   0.03770
  -0.04964
   0.05815
  -0.06262
   0.06276
  -0.05856
   0.05030
  -0.03856
   0.02415
  -0.00806
  -0.00858
   0.02463
  -0.03897
   0.05061
  -0.05875
   0.06283
  -0.06255
   0.05794
  -0.04932
   0.03729
  -0.02267
   0.00648
   0.01015
  -0.02608
   0.04021
  -0.05155
   0.05932
  -0.06299
   0.06229
  -0.05728
   0.04831
  -0.03599
   0.02118
  -0.00490
  -0.01172
   0.02752
  -0.04142
   0.05246
  -0.05986
   0.06311
  -0.06200
   0.05659
  -0.04727
   0.03467
  -0.01967
   0.00331
   0.01327
  -0.02894
   0.04261
  -0.05333
   0.06035
  -0.06320
   0.06167
  -0.05587
   0.04620
  -0.03333
   0.01816
  -0.00173
  -0.01482
   0.03035
  -0.04377
   0.05416
  -0.06081
   0.06324
  -0.06129
   0.05510
  -0.04510
   0.03197
  -0.01663
   0.00014
   0.01636
  -0.03173
   0.04491
  -0.05497
   0.06122
  -0.06324
   0.06088
  -0.05431
   0.04397
  -0.03059
   0.01509
   0.00145
  -0.01789
   0.03310
  -0.04601
   0.05574
  -0.06160
   0.06321
  -0.06043
   0.05347
  -0.04281
   0.02919
  -0.01354
  -0.00304
   0.01941
  -0.03444
   0.04709
  -0.05647
   0.06194
  -0.06313
   0.05994
  -0.05261
   0.04163
  -0.02777
   0.01199
   0.00463
  -0.02092
   0.03576
  -0.04813
   0.05717
  -0.06225
   0.06301
  -0.05942
   0.05171
  -0.04042
   0.02633
  -0.01042
  -0.00621
   0.02241
  -0.03706
   0.04915
  -0.05783
   0.06251
  -0.06286
   0.05885
  -0.05078
   0.03918
  -0.02488
   0.00885
   0.00779
  -0.02389
   0.03834
  -0.05013
   0.05845
  -0.06273
   0.06266
  -0.05825
   0.04981
  -0.03792
   0.02341
  -0.00727
  -0.00937
   0.02536
  -0.03959
   0.05109
  -0.05904
   0.06291
  -0.06243
   0.05762
  -0.04882
   0.03664
  -0.02193
   0.00569
   0.01093
  -0.02680
   0.04082
  -0.05201
   0.05959
  -0.06306
   0.06215
  -0.05694
   0.04779
  -0.03533
   0.02043
  -0.00411
  -0.01250
   0.02824
  -0.04202
   0.05289
  -0.06011
   0.06316
  -0.06184
   0.05623
  -0.04674
   0.03400
  -0.01892
   0.00252
   0.01405
  -0.02965
   0.04319
  -0.05375
   0.06058
  -0.06322
   0.06148
  -0.05549
   0.04565
  -0.03265
   0.01739
  -0.00093
  -0.01560
   0.03104
  -0.04434
   0.05457
  -0.06102
   0.06325
  -0.06109
   0.05471
  -0.04454
   0.03128
  -0.01586
  -0.00066
   0.01713
  -0.03242
   0.04546
  -0.05536
   0.06142
  -0.06323
   0.06066
  -0.05389
   0.04339
  -0.02989
   0.01432
   0.00225
  -0.01866
   0.03377
  -0.04655
   0.05611
  -0.06178
   0.06317
