   0.05513
  -0.05645
   0.00774
   0.04782
  -0.06101
   0.02012
   0.03860
  -0.06311
   0.03169
   0.02781
  -0.06267
   0.04198
   0.01591
  -0.05970
   0.05059
   0.00336
  -0.05433
   0.05715
  -0.00932
  -0.04677
   0.06141
  -0.02162
  -0.03732
   0.06319
  -0.03306
  -0.02638
   0.06243
  -0.04316
  -0.01436
   0.05916
  -0.05152
  -0.00177
   0.05350
  -0.05781
   0.01089
   0.04568
  -0.06177
   0.02311
   0.03603
  -0.06324
   0.03440
   0.02492
  -0.06216
   0.04431
   0.01281
  -0.05858
   0.05243
   0.00018
  -0.05263
   0.05844
  -0.01245
  -0.04457
   0.06209
  -0.02458
  -0.03471
   0.06324
  -0.03573
  -0.02345
   0.06185
  -0.04543
  -0.01125
   0.05796
  -0.05330
   0.00141
   0.05174
  -0.05903
   0.01400
   0.04343
  -0.06237
   0.02604
   0.03337
  -0.06321
   0.03703
   0.02197
  -0.06149
   0.04652
   0.00968
  -0.05730
   0.05414
  -0.00299
  -0.05081
   0.05958
  -0.01555
  -0.04226
   0.06262
  -0.02748
  -0.03201
   0.06313
  -0.03830
  -0.02047
   0.06110
  -0.04758
  -0.00811
   0.05661
  -0.05494
   0.00458
   0.04984
  -0.06009
   0.01709
   0.04106
  -0.06282
   0.02890
   0.03063
  -0.06302
   0.03956
   0.01896
  -0.06067
   0.04861
   0.00653
  -0.05589
   0.05571
  -0.00616
  -0.04885
   0.06057
  -0.01861
  -0.03984
   0.06298
  -0.03031
  -0.02923
   0.06286
  -0.04078
  -0.01744
   0.06021
  -0.04962
  -0.00495
   0.05513
  -0.05645
   0.00774
   0.04782
  -0.06101
   0.02012
   0.03860
  -0.06311
   0.03169
   0.02781
  -0.06267
   0.04198
   0.01591
  -0.05970
   0.05059
   0.00336
  -0.05433
   0.05715
  -0.00932
  -0.04677
   0.06141
  -0.02162
  -0.03732
   0.06319
  -0.03306
  -0.02638
   0.06243
  -0.04316
  -0.01436
   0.05916
  -0.05152
  -0.00177
   0.05350
  -0.05781
   0.01089
   0.04568
  -0.06177
   0.02311
   0.03603
  -0.06324
   0.03440
   0.02492
  -0.06216
   0.04431
   0.01281
  -0.05858
   0.05243
   0.00018
  -0.05263
   0.05844
  -0.01245
  -0.04457
   0.06209
  -0.02458
  -0.03471
   0.06324
  -0.03573
  -0.02345
   0.06185
  -0.04543
  -0.01125
   0.05796
  -0.05330
   0.00141
   0.05174
  -0.05903
   0.01400
   0.04343
  -0.06237
   0.02604
   0.03337
  -0.06321
   0.03703
   0.02197
  -0.06149
   0.04652
   0.00968
  -0.05730
   0.05414
  -0.00299
  -0.05081
   0.05958
  -0.01555
  -0.04226
   0.06262
  -0.02748
  -0.03201
   0.06313
  -0.03830
  -0.02047
   0.06110
  -0.04758
  -0.00811
   0.05661
  -0.05494
   0.00458
   0.04984
  -0.06009
   0.01709
   0.04106
  -0.06282
   0.02890
   0.03063
  -0.06302
   0.03956
   0.01896
  -0.06067
   0.04861
   0.00653
  -0.05589
   0.05571
  -0.00616
  -0.04885
   0.06057
  -0.01861
  -0.03984
   0.06298
  -0.03031
  -0.02923
   0.06286
  -0.04078
  -0.01744
   0.06021
  -0.04962
  -0.00495
   0.05513
  -0.05645
   0.00774
   0.04782
  -0.06101
   0.02012
   0.03860
  -0.06311
   0.03169
   0.02781
  -0.06267
   0.04198
   0.01591
  -0.05970
   0.05059
   0.00336
  -0.05433
   0.05715
  -0.00932
  -0.04677
   0.06141
  -0.02162
  -0.03732
   0.06319
  -0.03306
  -0.02638
   0.06243
  -0.04316
  -0.01436
   0.05916
  -0.05152
  -0.00177
   0.05350
  -0.05781
   0.01089
   0.04568
  -0.06177
   0.02311
   0.03603
  -0.06324
   0.03440
   0.02492
  -0.06216
   0.04431
   0.01281
  -0.05858
   0.05243
   0.00018
  -0.05263
   0.05844
  -0.01245
  -0.04457
   0.06209
  -0.02458
  -0.03471
   0.06324
  -0.03573
  -0.02345
   0.06185
  -0.04543
  -0.01125
   0.05796
  -0.05330
   0.00141
   0.05174
  -0.05903
   0.01400
   0.04343
  -0.06237
   0.02604
   0.03337
  -0.06321
   0.03703
   0.02197
  -0.06149
   0.04652
   0.00968
  -0.05730
   0.05414
  -0.00299
  -0.05081
   0.05958
  -0.01555
  -0.04226
   0.06262
  -0.02748
  -0.03201
   0.06313
  -0.03830
  -0.02047
   0.06110
  -0.04758
  -0.00811
   0.05661
  -0.05494
   0.00458
   0.04984
  -0.06009
   0.01709
   0.04106
  -0.06282
   0.02890
   0.03063
  -0.06302
   0.03956
   0.01896
  -0.06067
   0.04861
   0.00653
  -0.05589
   0.05571
  -0.00616
  -0.04885
   0.06057
  -0.01861
  -0.03984
   0.06298
  -0.03031
  -0.02923
   0.06286
  -0.04078
  -0.01744
   0.06021
  -0.04962
  -0.00495
   0.05513
  -0.05645
   0.00774
   0.04782
  -0.06101
   0.02012
   0.03860
  -0.06311
   0.03169
   0.02781
  -0.06267
   0.04198
   0.01591
  -0.05970
   0.05059
   0.00336
  -0.05433
   0.05715
  -0.00932
  -0.04677
   0.06141
  -0.02162
  -0.03732
   0.06319
  -0.03306
  -0.02638
   0.06243
  -0.04316
  -0.01436
   0.05916
  -0.05152
  -0.00177
   0.05350
  -0.05781
   0.01089
   0.04568
  -0.06177
   0.02311
   0.03603
  -0.06324
   0.03440
   0.02492
  -0.06216
   0.04431
   0.01281
  -0.05858
   0.05243
   0.00018
  -0.05263
   0.05844
  -0.01245
  -0.04457
   0.06209
  -0.02458
  -0.03471
   0.06324
  -0.03573
  -0.02345
   0.06185
  -0.04543
  -0.01125
   0.05796
  -0.05330
   0.00141
   0.05174
  -0.05903
   0.01400
   0.04343
  -0.06237
   0.02604
   0.03337
  -0.06321
   0.03703
   0.02197
  -0.06149
   0.04652
   0.00968
  -0.05730
   0.05414
  -0.00299
  -0.05081
   0.05958
  -0.01555
  -0.04226
   0.06262
  -0.02748
  -0.03201
   0.06313
  -0.03830
  -0.02047
   0.06110
  -0.04758
  -0.00811
   0.05661
  -0.05494
   0.00458
   0.04984
  -0.06009
   0.01709
   0.04106
  -0.06282
   0.02890
   0.03063
  -0.06302
   0.03956
   0.01896
  -0.06067
   0.04861
   0.00653
  -0.05589
   0.05571
  -0.00616
  -0.04885
   0.06057
  -0.01861
  -0.03984
   0.06298
  -0.03031
  -0.02923
   0.06286
  -0.04078
  -0.01744
   0.06021
  -0.04962
  -0.00495
