   0.05729
  -0.05154
  -0.00650
   0.05795
  -0.05060
  -0.00808
   0.05856
  -0.04964
  -0.00965
   0.05915
  -0.04863
  -0.01122
   0.05969
  -0.04760
  -0.01278
   0.06020
  -0.04654
  -0.01433
   0.06067
  -0.04545
  -0.01588
   0.06110
  -0.04433
  -0.01741
   0.06149
  -0.04318
  -0.01893
   0.06184
  -0.04201
  -0.02044
   0.06215
  -0.04081
  -0.02194
   0.06243
  -0.03958
  -0.02342
   0.06266
  -0.03833
  -0.02489
   0.06286
  -0.03705
  -0.02635
   0.06301
  -0.03575
  -0.02778
   0.06313
  -0.03443
  -0.02920
   0.06321
  -0.03309
  -0.03060
   0.06324
  -0.03172
  -0.03198
   0.06324
  -0.03034
  -0.03334
   0.06319
  -0.02893
  -0.03468
   0.06311
  -0.02751
  -0.03600
   0.06299
  -0.02607
  -0.03730
   0.06282
  -0.02461
  -0.03857
   0.06262
  -0.02314
  -0.03982
   0.06238
  -0.02165
  -0.04104
   0.06210
  -0.02015
  -0.04224
   0.06178
  -0.01864
  -0.04341
   0.06142
  -0.01712
  -0.04455
   0.06102
  -0.01558
  -0.04566
   0.06058
  -0.01404
  -0.04675
   0.06010
  -0.01248
  -0.04780
   0.05959
  -0.01092
  -0.04883
   0.05904
  -0.00935
  -0.04982
   0.05845
  -0.00778
  -0.05079
   0.05782
  -0.00620
  -0.05172
   0.05716
  -0.00461
  -0.05262
   0.05646
  -0.00303
  -0.05348
   0.05573
  -0.00144
  -0.05431
   0.05496
   0.00015
  -0.05511
   0.05416
   0.00174
  -0.05587
   0.05332
   0.00333
  -0.05660
   0.05245
   0.00492
  -0.05729
   0.05154
   0.00650
  -0.05795
   0.05060
   0.00808
  -0.05856
   0.04964
   0.00965
  -0.05915
   0.04863
   0.01122
  -0.05969
   0.04760
   0.01278
  -0.06020
   0.04654
   0.01433
  -0.06067
   0.04545
   0.01588
  -0.06110
   0.04433
   0.01741
  -0.06149
   0.04318
   0.01893
  -0.06184
   0.04201
   0.02044
  -0.06215
   0.04081
   0.02194
  -0.06243
   0.03958
   0.02342
  -0.06266
   0.03833
   0.02489
  -0.06286
   0.03705
   0.02635
  -0.06301
   0.03575
   0.02778
  -0.06313
   0.03443
   0.02920
  -0.06321
   0.03309
   0.03060
  -0.06324
   0.03172
   0.03198
  -0.06324
   0.03034
   0.03334
  -0.06319
   0.02893
   0.03468
  -0.06311
   0.02751
   0.03600
  -0.06299
   0.02607
   0.03730
  -0.06282
   0.02461
   0.03857
  -0.06262
   0.02314
   0.03982
  -0.06238
   0.02165
   0.04104
  -0.06210
   0.02015
   0.04224
  -0.06178
   0.01864
   0.04341
  -0.06142
   0.01712
   0.04455
  -0.06102
   0.01558
   0.04566
  -0.06058
   0.01404
   0.04675
  -0.06010
   0.01248
   0.04780
  -0.05959
   0.01092
   0.04883
  -0.05904
   0.00935
   0.04982
  -0.05845
   0.00778
   0.05079
  -0.05782
   0.00620
   0.05172
  -0.05716
   0.00461
   0.05262
  -0.05646
   0.00303
   0.05348
  -0.05573
   0.00144
   0.05431
  -0.05496
  -0.00015
   0.05511
  -0.05416
  -0.00174
   0.05587
  -0.05332
  -0.00333
   0.05660
  -0.05245
  -0.00492
   0.05729
  -0.05154
  -0.00650
   0.05795
  -0.05060
  -0.00808
   0.05856
  -0.04964
  -0.00965
   0.05915
  -0.04863
  -0.01122
   0.05969
  -0.04760
  -0.01278
   0.06020
  -0.04654
  -0.01433
   0.06067
  -0.04545
  -0.01588
   0.06110
  -0.04433
  -0.01741
   0.06149
  -0.04318
  -0.01893
   0.06184
  -0.04201
  -0.02044
   0.06215
  -0.04081
  -0.02194
   0.06243
  -0.03958
  -0.02342
   0.06266
  -0.03833
  -0.02489
   0.06286
  -0.03705
  -0.02635
   0.06301
  -0.03575
  -0.02778
   0.06313
  -0.03443
  -0.02920
   0.06321
  -0.03309
  -0.03060
   0.06324
  -0.03172
  -0.03198
   0.06324
  -0.03034
  -0.03334
   0.06319
  -0.02893
  -0.03468
   0.06311
  -0.02751
  -0.03600
   0.06299
  -0.02607
  -0.03730
   0.06282
  -0.02461
  -0.03857
   0.06262
  -0.02314
  -0.03982
   0.06238
  -0.02165
  -0.04104
   0.06210
  -0.02015
  -0.04224
   0.06178
  -0.01864
  -0.04341
   0.06142
  -0.01712
  -0.04455
   0.06102
  -0.01558
  -0.04566
   0.06058
  -0.01404
  -0.04675
   0.06010
  -0.01248
  -0.04780
   0.05959
  -0.01092
  -0.04883
   0.05904
  -0.00935
  -0.04982
   0.05845
  -0.00778
  -0.05079
   0.05782
  -0.00620
  -0.05172
   0.05716
  -0.00461
  -0.05262
   0.05646
  -0.00303
  -0.05348
   0.05573
  -0.00144
  -0.05431
   0.05496
   0.00015
  -0.05511
   0.05416
   0.00174
  -0.05587
   0.05332
   0.00333
  -0.05660
   0.05245
   0.00492
  -0.05729
   0.05154
   0.00650
  -0.05795
   0.05060
   0.00808
  -0.05856
   0.04964
   0.00965
  -0.05915
   0.04863
   0.01122
  -0.05969
   0.04760
   0.01278
  -0.06020
   0.04654
   0.01433
  -0.06067
   0.04545
   0.01588
  -0.06110
   0.04433
   0.01741
  -0.06149
   0.04318
   0.01893
  -0.06184
   0.04201
   0.02044
  -0.06215
   0.04081
   0.02194
  -0.06243
   0.03958
   0.02342
  -0.06266
   0.03833
   0.02489
  -0.06286
   0.03705
   0.02635
  -0.06301
   0.03575
   0.02778
  -0.06313
   0.03443
   0.02920
  -0.06321
   0.03309
   0.03060
  -0.06324
   0.03172
   0.03198
  -0.06324
   0.03034
   0.03334
  -0.06319
   0.02893
   0.03468
  -0.06311
   0.02751
   0.03600
  -0.06299
   0.02607
   0.03730
  -0.06282
   0.02461
   0.03857
  -0.06262
   0.02314
   0.03982
  -0.06238
   0.02165
   0.04104
  -0.06210
   0.02015
   0.04224
  -0.06178
   0.01864
   0.04341
  -0.06142
   0.01712
   0.04455
  -0.06102
   0.01558
   0.04566
  -0.06058
   0.01404
   0.04675
  -0.06010
   0.01248
   0.04780
  -0.05959
   0.01092
   0.04883
  -0.05904
   0.00935
   0.04982
  -0.05845
   0.00778
   0.05079
  -0.05782
   0.00620
   0.05172
  -0.05716
   0.00461
   0.05262
  -0.05646
   0.00303
   0.05348
  -0.05573
   0.00144
   0.05431
  -0.05496
  -0.00015
   0.05511
  -0.05416
  -0.00174
   0.05587
  -0.05332
  -0.00333
   0.05660
  -0.05245
  -0.00492
