   0.01522
   0.05711
  -0.03803
  -0.04192
   0.05478
   0.02004
  -0.06278
   0.00503
   0.06077
  -0.02931
  -0.04906
   0.04890
   0.02953
  -0.06070
  -0.00529
   0.06281
  -0.01980
  -0.05490
   0.04173
   0.03823
  -0.05700
  -0.01547
   0.06318
  -0.00977
  -0.05928
   0.03344
   0.04592
  -0.05179
  -0.02523
   0.06186
   0.00052
  -0.06207
   0.02427
   0.05238
  -0.04519
  -0.03433
   0.05890
   0.01080
  -0.06322
   0.01445
   0.05745
  -0.03739
  -0.04251
   0.05437
   0.02079
  -0.06268
   0.00424
   0.06098
  -0.02860
  -0.04956
   0.04840
   0.03023
  -0.06047
  -0.00608
   0.06290
  -0.01904
  -0.05529
   0.04113
   0.03886
  -0.05665
  -0.01624
   0.06314
  -0.00898
  -0.05955
   0.03277
   0.04646
  -0.05133
  -0.02596
   0.06169
   0.00132
  -0.06222
   0.02353
   0.05282
  -0.04463
  -0.03499
   0.05861
   0.01159
  -0.06324
   0.01367
   0.05778
  -0.03675
  -0.04310
   0.05396
   0.02154
  -0.06257
   0.00345
   0.06119
  -0.02789
  -0.05005
   0.04788
   0.03093
  -0.06023
  -0.00687
   0.06298
  -0.01829
  -0.05567
   0.04052
   0.03949
  -0.05629
  -0.01700
   0.06309
  -0.00820
  -0.05981
   0.03209
   0.04700
  -0.05086
  -0.02668
   0.06151
   0.00211
  -0.06236
   0.02279
   0.05325
  -0.04407
  -0.03565
   0.05831
   0.01237
  -0.06324
   0.01290
   0.05809
  -0.03610
  -0.04368
   0.05354
   0.02229
  -0.06245
   0.00265
   0.06139
  -0.02717
  -0.05053
   0.04736
   0.03162
  -0.05999
  -0.00766
   0.06304
  -0.01752
  -0.05605
   0.03991
   0.04011
  -0.05593
  -0.01777
   0.06302
  -0.00741
  -0.06007
   0.03140
   0.04752
  -0.05038
  -0.02740
   0.06133
   0.00291
  -0.06249
   0.02205
   0.05368
  -0.04349
  -0.03631
   0.05799
   0.01314
  -0.06324
   0.01212
   0.05840
  -0.03544
  -0.04425
   0.05312
   0.02303
  -0.06232
   0.00186
   0.06157
  -0.02645
  -0.05101
   0.04683
   0.03230
  -0.05973
  -0.00845
   0.06310
  -0.01676
  -0.05641
   0.03929
   0.04072
  -0.05555
  -0.01853
   0.06295
  -0.00662
  -0.06031
   0.03071
   0.04805
  -0.04990
  -0.02812
   0.06113
   0.00370
  -0.06260
   0.02130
   0.05410
  -0.04291
  -0.03696
   0.05767
   0.01392
  -0.06323
   0.01134
   0.05870
  -0.03478
  -0.04481
   0.05268
   0.02377
  -0.06218
   0.00107
   0.06175
  -0.02573
  -0.05147
   0.04629
   0.03298
  -0.05946
  -0.00923
   0.06315
  -0.01599
  -0.05676
   0.03866
   0.04132
  -0.05517
  -0.01929
   0.06287
  -0.00583
  -0.06054
   0.03001
   0.04856
  -0.04940
  -0.02883
   0.06092
   0.00449
  -0.06271
   0.02055
   0.05450
  -0.04232
  -0.03760
   0.05734
   0.01469
  -0.06321
   0.01055
   0.05900
  -0.03412
  -0.04537
   0.05224
   0.02450
  -0.06202
   0.00027
   0.06192
  -0.02500
  -0.05193
   0.04574
   0.03366
  -0.05919
  -0.01002
   0.06319
  -0.01522
  -0.05711
   0.03803
   0.04192
  -0.05478
  -0.02004
   0.06278
  -0.00503
  -0.06077
   0.02931
   0.04906
  -0.04890
  -0.02953
   0.06070
   0.00529
  -0.06281
   0.01980
   0.05490
  -0.04173
  -0.03823
   0.05700
   0.01547
  -0.06318
   0.00977
   0.05928
  -0.03344
  -0.04592
   0.05179
   0.02523
  -0.06186
  -0.00052
   0.06207
  -0.02427
  -0.05238
   0.04519
   0.03433
  -0.05890
  -0.01080
   0.06322
  -0.01445
  -0.05745
   0.03739
   0.04251
  -0.05437
  -0.02079
   0.06268
  -0.00424
  -0.06098
   0.02860
   0.04956
  -0.04840
  -0.03023
   0.06047
   0.00608
  -0.06290
   0.01904
   0.05529
  -0.04113
  -0.03886
   0.05665
   0.01624
  -0.06314
   0.00898
   0.05955
  -0.03277
  -0.04646
   0.05133
   0.02596
  -0.06169
  -0.00132
   0.06222
  -0.02353
  -0.05282
   0.04463
   0.03499
  -0.05861
  -0.01159
   0.06324
  -0.01367
  -0.05778
   0.03675
   0.04310
  -0.05396
  -0.02154
   0.06257
  -0.00345
  -0.06119
   0.02789
   0.05005
  -0.04788
  -0.03093
   0.06023
   0.00687
  -0.06298
   0.01829
   0.05567
  -0.04052
  -0.03949
   0.05629
   0.01700
  -0.06309
   0.00820
   0.05981
  -0.03209
  -0.04700
   0.05086
   0.02668
  -0.06151
  -0.00211
   0.06236
  -0.02279
  -0.05325
   0.04407
   0.03565
  -0.05831
  -0.01237
   0.06324
  -0.01290
  -0.05809
   0.03610
   0.04368
  -0.05354
  -0.02229
   0.06245
  -0.00265
  -0.06139
   0.02717
   0.05053
  -0.04736
  -0.03162
   0.05999
   0.00766
  -0.06304
   0.01752
   0.05605
  -0.03991
  -0.04011
   0.05593
   0.01777
  -0.06302
   0.00741
   0.06007
  -0.03140
  -0.04752
   0.05038
   0.02740
  -0.06133
  -0.00291
   0.06249
  -0.02205
  -0.05368
   0.04349
   0.03631
  -0.05799
  -0.01314
   0.06324
  -0.01212
  -0.05840
   0.03544
   0.04425
  -0.05312
  -0.02303
   0.06232
  -0.00186
  -0.06157
   0.02645
   0.05101
  -0.04683
  -0.03230
   0.05973
   0.00845
  -0.06310
   0.01676
   0.05641
  -0.03929
  -0.04072
   0.05555
   0.01853
  -0.06295
   0.00662
   0.06031
  -0.03071
  -0.04805
   0.04990
   0.02812
  -0.06113
  -0.00370
   0.06260
  -0.02130
  -0.05410
   0.04291
   0.03696
  -0.05767
  -0.01392
   0.06323
  -0.01134
  -0.05870
   0.03478
   0.04481
  -0.05268
  -0.02377
   0.06218
  -0.00107
  -0.06175
   0.02573
   0.05147
  -0.04629
  -0.03298
   0.05946
   0.00923
  -0.06315
   0.01599
   0.05676
  -0.03866
  -0.04132
   0.05517
   0.01929
  -0.06287
   0.00583
   0.06054
  -0.03001
  -0.04856
   0.04940
   0.02883
  -0.06092
  -0.00449
   0.06271
  -0.02055
  -0.05450
   0.04232
   0.03760
  -0.05734
  -0.01469
   0.06321
  -0.01055
  -0.05900
   0.03412
   0.04537
  -0.05224
  -0.02450
   0.06202
  -0.00027
  -0.06192
   0.02500
   0.05193
  -0.04574
  -0.03366
   0.05919
   0.01002
  -0.06319
