  -0.03352
  -0.02071
   0.05952
  -0.05401
   0.00829
   0.04361
  -0.06303
   0.03552
   0.01844
  -0.05867
   0.05521
  -0.01064
  -0.04185
   0.06318
  -0.03747
  -0.01615
   0.05774
  -0.05634
   0.01299
   0.04003
  -0.06324
   0.03936
   0.01383
  -0.05672
   0.05738
  -0.01531
  -0.03816
   0.06322
  -0.04120
  -0.01149
   0.05563
  -0.05834
   0.01761
   0.03623
  -0.06310
   0.04298
   0.00914
  -0.05446
   0.05922
  -0.01989
  -0.03425
   0.06289
  -0.04470
  -0.00678
   0.05320
  -0.06002
   0.02214
   0.03222
  -0.06259
   0.04635
   0.00440
  -0.05188
   0.06072
  -0.02436
  -0.03015
   0.06220
  -0.04794
  -0.00202
   0.05048
  -0.06135
   0.02654
   0.02803
  -0.06173
   0.04946
  -0.00036
  -0.04901
   0.06188
  -0.02868
  -0.02588
   0.06117
  -0.05091
   0.00275
   0.04746
  -0.06233
   0.03079
   0.02368
  -0.06052
   0.05229
  -0.00513
  -0.04585
   0.06269
  -0.03285
  -0.02146
   0.05978
  -0.05359
   0.00750
   0.04418
  -0.06296
   0.03486
   0.01920
  -0.05896
   0.05482
  -0.00986
  -0.04244
   0.06314
  -0.03683
  -0.01691
   0.05806
  -0.05597
   0.01221
   0.04065
  -0.06323
   0.03874
   0.01460
  -0.05707
   0.05704
  -0.01454
  -0.03879
   0.06323
  -0.04059
  -0.01227
   0.05600
  -0.05803
   0.01685
   0.03688
  -0.06315
   0.04239
   0.00993
  -0.05486
   0.05894
  -0.01913
  -0.03492
   0.06297
  -0.04413
  -0.00757
   0.05363
  -0.05976
   0.02139
   0.03290
  -0.06270
   0.04581
   0.00519
  -0.05233
   0.06050
  -0.02362
  -0.03085
   0.06234
  -0.04742
  -0.00281
   0.05095
  -0.06115
   0.02581
   0.02874
  -0.06190
   0.04896
   0.00043
  -0.04950
   0.06172
  -0.02797
  -0.02660
   0.06136
  -0.05044
   0.00195
   0.04799
  -0.06219
   0.03009
   0.02442
  -0.06074
   0.05184
  -0.00433
  -0.04640
   0.06258
  -0.03217
  -0.02220
   0.06004
  -0.05317
   0.00671
   0.04475
  -0.06288
   0.03420
   0.01995
  -0.05924
   0.05442
  -0.00907
  -0.04303
   0.06309
  -0.03618
  -0.01768
   0.05837
  -0.05560
   0.01143
   0.04125
  -0.06321
   0.03811
   0.01538
  -0.05741
   0.05669
  -0.01376
  -0.03941
   0.06324
  -0.03998
  -0.01305
   0.05637
  -0.05771
   0.01608
   0.03752
  -0.06319
   0.04180
   0.01071
  -0.05525
   0.05864
  -0.01837
  -0.03558
   0.06304
  -0.04356
  -0.00835
   0.05405
  -0.05950
   0.02064
   0.03358
  -0.06280
   0.04526
   0.00599
  -0.05277
   0.06026
  -0.02288
  -0.03154
   0.06247
  -0.04689
  -0.00361
   0.05142
  -0.06094
   0.02509
   0.02945
  -0.06206
   0.04846
   0.00123
  -0.04999
   0.06154
  -0.02726
  -0.02732
   0.06155
  -0.04995
   0.00116
   0.04850
  -0.06204
   0.02939
   0.02515
  -0.06096
   0.05138
  -0.00354
  -0.04693
   0.06246
  -0.03148
  -0.02294
   0.06028
  -0.05273
   0.00592
   0.04530
  -0.06279
   0.03352
   0.02071
  -0.05952
   0.05401
  -0.00829
  -0.04361
   0.06303
  -0.03552
  -0.01844
   0.05867
  -0.05521
   0.01064
   0.04185
  -0.06318
   0.03747
   0.01615
  -0.05774
   0.05634
  -0.01299
  -0.04003
   0.06324
  -0.03936
  -0.01383
   0.05672
  -0.05738
   0.01531
   0.03816
  -0.06322
   0.04120
   0.01149
  -0.05563
   0.05834
  -0.01761
  -0.03623
   0.06310
  -0.04298
  -0.00914
   0.05446
  -0.05922
   0.01989
   0.03425
  -0.06289
   0.04470
   0.00678
  -0.05320
   0.06002
  -0.02214
  -0.03222
   0.06259
  -0.04635
  -0.00440
   0.05188
  -0.06072
   0.02436
   0.03015
  -0.06220
   0.04794
   0.00202
  -0.05048
   0.06135
  -0.02654
  -0.02803
   0.06173
  -0.04946
   0.00036
   0.04901
  -0.06188
   0.02868
   0.02588
  -0.06117
   0.05091
  -0.00275
  -0.04746
   0.06233
  -0.03079
  -0.02368
   0.06052
  -0.05229
   0.00513
   0.04585
  -0.06269
   0.03285
   0.02146
  -0.05978
   0.05359
  -0.00750
  -0.04418
   0.06296
  -0.03486
  -0.01920
   0.05896
  -0.05482
   0.00986
   0.04244
  -0.06314
   0.03683
   0.01691
  -0.05806
   0.05597
  -0.01221
  -0.04065
   0.06323
  -0.03874
  -0.01460
   0.05707
  -0.05704
   0.01454
   0.03879
  -0.06323
   0.04059
   0.01227
  -0.05600
   0.05803
  -0.01685
  -0.03688
   0.06315
  -0.04239
  -0.00993
   0.05486
  -0.05894
   0.01913
   0.03492
  -0.06297
   0.04413
   0.00757
  -0.05363
   0.05976
  -0.02139
  -0.03290
   0.06270
  -0.04581
  -0.00519
   0.05233
  -0.06050
   0.02362
   0.03085
  -0.06234
   0.04742
   0.00281
  -0.05095
   0.06115
  -0.02581
  -0.02874
   0.06190
  -0.04896
  -0.00043
   0.04950
  -0.06172
   0.02797
   0.02660
  -0.06136
   0.05044
  -0.00195
  -0.04799
   0.06219
  -0.03009
  -0.02442
   0.06074
  -0.05184
   0.00433
   0.04640
  -0.06258
   0.03217
   0.02220
  -0.06004
   0.05317
  -0.00671
  -0.04475
   0.06288
  -0.03420
  -0.01995
   0.05924
  -0.05442
   0.00907
   0.04303
  -0.06309
   0.03618
   0.01768
  -0.05837
   0.05560
  -0.01143
  -0.04125
   0.06321
  -0.03811
  -0.01538
   0.05741
  -0.05669
   0.01376
   0.03941
  -0.06324
   0.03998
   0.01305
  -0.05637
   0.05771
  -0.01608
  -0.03752
   0.06319
  -0.04180
  -0.01071
   0.05525
  -0.05864
   0.01837
   0.03558
  -0.06304
   0.04356
   0.00835
  -0.05405
   0.05950
  -0.02064
  -0.03358
   0.06280
  -0.04526
  -0.00599
   0.05277
  -0.06026
   0.02288
   0.03154
  -0.06247
   0.04689
   0.00361
  -0.05142
   0.06094
  -0.02509
  -0.02945
   0.06206
  -0.04846
  -0.00123
   0.04999
  -0.06154
   0.02726
   0.02732
  -0.06155
   0.04995
  -0.00116
  -0.04850
   0.06204
  -0.02939
  -0.02515
   0.06096
  -0.05138
   0.00354
   0.04693
  -0.06246
   0.03148
   0.02294
  -0.06028
   0.05273
  -0.00592
  -0.04530
   0.06279
