  -0.05914
   0.04882
  -0.03333
   0.01432
   0.00621
  -0.02608
   0.04320
  -0.05574
   0.06238
  -0.06243
   0.05586
  -0.04339
   0.02633
  -0.00648
  -0.01405
   0.03310
  -0.04865
   0.05904
  -0.06320
   0.06066
  -0.05171
   0.03728
  -0.01892
  -0.00145
   0.02167
  -0.03959
   0.05333
  -0.06142
   0.06301
  -0.05794
   0.04674
  -0.03059
   0.01120
   0.00937
  -0.02895
   0.04546
  -0.05717
   0.06283
  -0.06184
   0.05430
  -0.04103
   0.02341
  -0.00331
  -0.01713
   0.03577
  -0.05061
   0.06011
  -0.06324
   0.05968
  -0.04981
   0.03467
  -0.01586
  -0.00463
   0.02463
  -0.04202
   0.05497
  -0.06210
   0.06266
  -0.05659
   0.04454
  -0.02777
   0.00806
   0.01250
  -0.03173
   0.04761
  -0.05846
   0.06311
  -0.06109
   0.05261
  -0.03856
   0.02043
  -0.00014
  -0.02017
   0.03834
  -0.05246
   0.06102
  -0.06313
   0.05856
  -0.04779
   0.03197
  -0.01276
  -0.00779
   0.02752
  -0.04434
   0.05647
  -0.06262
   0.06215
  -0.05510
   0.04222
  -0.02488
   0.00490
   0.01560
  -0.03444
   0.04965
  -0.05959
   0.06324
  -0.06019
   0.05078
  -0.03599
   0.01739
   0.00304
  -0.02316
   0.04082
  -0.05416
   0.06178
  -0.06286
   0.05728
  -0.04565
   0.02919
  -0.00963
  -0.01094
   0.03035
  -0.04655
   0.05783
  -0.06299
   0.06148
  -0.05347
   0.03980
  -0.02192
   0.00172
   0.01866
  -0.03707
   0.05155
  -0.06058
   0.06321
  -0.05914
   0.04882
  -0.03333
   0.01432
   0.00621
  -0.02608
   0.04320
  -0.05574
   0.06238
  -0.06243
   0.05586
  -0.04339
   0.02633
  -0.00648
  -0.01405
   0.03310
  -0.04865
   0.05904
  -0.06320
   0.06066
  -0.05171
   0.03728
  -0.01892
  -0.00145
   0.02167
  -0.03959
   0.05333
  -0.06142
   0.06301
  -0.05794
   0.04674
  -0.03059
   0.01120
   0.00937
  -0.02895
   0.04546
  -0.05717
   0.06283
  -0.06184
   0.05430
  -0.04103
   0.02341
  -0.00331
  -0.01713
   0.03577
  -0.05061
   0.06011
  -0.06324
   0.05968
  -0.04981
   0.03467
  -0.01586
  -0.00463
   0.02463
  -0.04202
   0.05497
  -0.06210
   0.06266
  -0.05659
   0.04454
  -0.02777
   0.00806
   0.01250
  -0.03173
   0.04761
  -0.05846
   0.06311
  -0.06109
   0.05261
  -0.03856
   0.02043
  -0.00014
  -0.02017
   0.03834
  -0.05246
   0.06102
  -0.06313
   0.05856
  -0.04779
   0.03197
  -0.01276
  -0.00779
   0.02752
  -0.04434
   0.05647
  -0.06262
   0.06215
  -0.05510
   0.04222
  -0.02488
   0.00490
   0.01560
  -0.03444
   0.04965
  -0.05959
   0.06324
  -0.06019
   0.05078
  -0.03599
   0.01739
   0.00304
  -0.02316
   0.04082
  -0.05416
   0.06178
  -0.06286
   0.05728
  -0.04565
   0.02919
  -0.00963
  -0.01094
   0.03035
  -0.04655
   0.05783
  -0.06299
   0.06148
  -0.05347
   0.03980
  -0.02192
   0.00172
   0.01866
  -0.03707
   0.05155
  -0.06058
   0.06321
  -0.05914
   0.04882
  -0.03333
   0.01432
   0.00621
  -0.02608
   0.04320
  -0.05574
   0.06238
  -0.06243
   0.05586
  -0.04339
   0.02633
  -0.00648
  -0.01405
   0.03310
  -0.04865
   0.05904
  -0.06320
   0.06066
  -0.05171
   0.03728
  -0.01892
  -0.00145
   0.02167
  -0.03959
   0.05333
  -0.06142
   0.06301
  -0.05794
   0.04674
  -0.03059
   0.01120
   0.00937
  -0.02895
   0.04546
  -0.05717
   0.06283
  -0.06184
   0.05430
  -0.04103
   0.02341
  -0.00331
  -0.01713
   0.03577
  -0.05061
   0.06011
  -0.06324
   0.05968
  -0.04981
   0.03467
  -0.01586
  -0.00463
   0.02463
  -0.04202
   0.05497
  -0.06210
   0.06266
  -0.05659
   0.04454
  -0.02777
   0.00806
   0.01250
  -0.03173
   0.04761
  -0.05846
   0.06311
  -0.06109
   0.05261
  -0.03856
   0.02043
  -0.00014
  -0.02017
   0.03834
  -0.05246
   0.06102
  -0.06313
   0.05856
  -0.04779
   0.03197
  -0.01276
  -0.00779
   0.02752
  -0.04434
   0.05647
  -0.06262
   0.06215
  -0.05510
   0.04222
  -0.02488
   0.00490
   0.01560
  -0.03444
   0.04965
  -0.05959
   0.06324
  -0.06019
   0.05078
  -0.03599
   0.01739
   0.00304
  -0.02316
   0.04082
  -0.05416
   0.06178
  -0.06286
   0.05728
  -0.04565
   0.02919
  -0.00963
  -0.01094
   0.03035
  -0.04655
   0.05783
  -0.06299
   0.06148
  -0.05347
   0.03980
  -0.02192
   0.00172
   0.01866
  -0.03707
   0.05155
  -0.06058
   0.06321
  -0.05914
   0.04882
  -0.03333
   0.01432
   0.00621
  -0.02608
   0.04320
  -0.05574
   0.06238
  -0.06243
   0.05586
  -0.04339
   0.02633
  -0.00648
  -0.01405
   0.03310
  -0.04865
   0.05904
  -0.06320
   0.06066
  -0.05171
   0.03728
  -0.01892
  -0.00145
   0.02167
  -0.03959
   0.05333
  -0.06142
   0.06301
  -0.05794
   0.04674
  -0.03059
   0.01120
   0.00937
  -0.02895
   0.04546
  -0.05717
   0.06283
  -0.06184
   0.05430
  -0.04103
   0.02341
  -0.00331
  -0.01713
   0.03577
  -0.05061
   0.06011
  -0.06324
   0.05968
  -0.04981
   0.03467
  -0.01586
  -0.00463
   0.02463
  -0.04202
   0.05497
  -0.06210
   0.06266
  -0.05659
   0.04454
  -0.02777
   0.00806
   0.01250
  -0.03173
   0.04761
  -0.05846
   0.06311
  -0.06109
   0.05261
  -0.03856
   0.02043
  -0.00014
  -0.02017
   0.03834
  -0.05246
   0.06102
  -0.06313
   0.05856
  -0.04779
   0.03197
  -0.01276
  -0.00779
   0.02752
  -0.04434
   0.05647
  -0.06262
   0.06215
  -0.05510
   0.04222
  -0.02488
   0.00490
   0.01560
  -0.03444
   0.04965
  -0.05959
   0.06324
  -0.06019
   0.05078
  -0.03599
   0.01739
   0.00304
  -0.02316
   0.04082
  -0.05416
   0.06178
  -0.06286
   0.05728
  -0.04565
   0.02919
  -0.00963
  -0.01094
   0.03035
  -0.04655
   0.05783
  -0.06299
   0.06148
  -0.05347
   0.03980
  -0.02192
   0.00172
   0.01866
  -0.03707
   0.05155
  -0.06058
   0.06321
