   0.05266
   0.05643
   0.00296
  -0.05352
  -0.05570
  -0.00137
   0.05435
   0.05493
  -0.00022
  -0.05514
  -0.05412
   0.00181
   0.05591
   0.05328
  -0.00340
  -0.05663
  -0.05241
   0.00499
   0.05732
   0.05150
  -0.00657
  -0.05797
  -0.05056
   0.00815
   0.05859
   0.04959
  -0.00972
  -0.05917
  -0.04859
   0.01129
   0.05971
   0.04756
  -0.01285
  -0.06022
  -0.04649
   0.01440
   0.06069
   0.04540
  -0.01594
  -0.06111
  -0.04428
   0.01748
   0.06150
   0.04313
  -0.01900
  -0.06185
  -0.04196
   0.02051
   0.06217
   0.04075
  -0.02201
  -0.06244
  -0.03953
   0.02349
   0.06267
   0.03827
  -0.02496
  -0.06287
  -0.03699
   0.02641
   0.06302
   0.03569
  -0.02785
  -0.06313
  -0.03437
   0.02926
   0.06321
   0.03303
  -0.03066
  -0.06324
  -0.03166
   0.03204
   0.06324
   0.03027
  -0.03340
  -0.06319
  -0.02887
   0.03474
   0.06311
   0.02745
  -0.03606
  -0.06298
  -0.02600
   0.03735
   0.06282
   0.02455
  -0.03863
  -0.06261
  -0.02308
   0.03987
   0.06237
   0.02159
  -0.04109
  -0.06208
  -0.02009
   0.04229
   0.06176
   0.01857
  -0.04346
  -0.06140
  -0.01705
   0.04460
   0.06100
   0.01551
  -0.04571
  -0.06056
  -0.01397
   0.04679
   0.06008
   0.01241
  -0.04785
  -0.05957
  -0.01085
   0.04887
   0.05901
   0.00928
  -0.04987
  -0.05842
  -0.00771
   0.05083
   0.05779
   0.00613
  -0.05176
  -0.05713
  -0.00454
   0.05266
   0.05643
   0.00296
  -0.05352
  -0.05570
  -0.00137
   0.05435
   0.05493
  -0.00022
  -0.05514
  -0.05412
   0.00181
   0.05591
   0.05328
  -0.00340
  -0.05663
  -0.05241
   0.00499
   0.05732
   0.05150
  -0.00657
  -0.05797
  -0.05056
   0.00815
   0.05859
   0.04959
  -0.00972
  -0.05917
  -0.04859
   0.01129
   0.05971
   0.04756
  -0.01285
  -0.06022
  -0.04649
   0.01440
   0.06069
   0.04540
  -0.01594
  -0.06111
  -0.04428
   0.01748
   0.06150
   0.04313
  -0.01900
  -0.06185
  -0.04196
   0.02051
   0.06217
   0.04075
  -0.02201
  -0.06244
  -0.03953
   0.02349
   0.06267
   0.03827
  -0.02496
  -0.06287
  -0.03699
   0.02641
   0.06302
   0.03569
  -0.02785
  -0.06313
  -0.03437
   0.02926
   0.06321
   0.03303
  -0.03066
  -0.06324
  -0.03166
   0.03204
   0.06324
   0.03027
  -0.03340
  -0.06319
  -0.02887
   0.03474
   0.06311
   0.02745
  -0.03606
  -0.06298
  -0.02600
   0.03735
   0.06282
   0.02455
  -0.03863
  -0.06261
  -0.02308
   0.03987
   0.06237
   0.02159
  -0.04109
  -0.06208
  -0.02009
   0.04229
   0.06176
   0.01857
  -0.04346
  -0.06140
  -0.01705
   0.04460
   0.06100
   0.01551
  -0.04571
  -0.06056
  -0.01397
   0.04679
   0.06008
   0.01241
  -0.04785
  -0.05957
  -0.01085
   0.04887
   0.05901
   0.00928
  -0.04987
  -0.05842
  -0.00771
   0.05083
   0.05779
   0.00613
  -0.05176
  -0.05713
  -0.00454
   0.05266
   0.05643
   0.00296
  -0.05352
  -0.05570
  -0.00137
   0.05435
   0.05493
  -0.00022
  -0.05514
  -0.05412
   0.00181
   0.05591
   0.05328
  -0.00340
  -0.05663
  -0.05241
   0.00499
   0.05732
   0.05150
  -0.00657
  -0.05797
  -0.05056
   0.00815
   0.05859
   0.04959
  -0.00972
  -0.05917
  -0.04859
   0.01129
   0.05971
   0.04756
  -0.01285
  -0.06022
  -0.04649
   0.01440
   0.06069
   0.04540
  -0.01594
  -0.06111
  -0.04428
   0.01748
   0.06150
   0.04313
  -0.01900
  -0.06185
  -0.04196
   0.02051
   0.06217
   0.04075
  -0.02201
  -0.06244
  -0.03953
   0.02349
   0.06267
   0.03827
  -0.02496
  -0.06287
  -0.03699
   0.02641
   0.06302
   0.03569
  -0.02785
  -0.06313
  -0.03437
   0.02926
   0.06321
   0.03303
  -0.03066
  -0.06324
  -0.03166
   0.03204
   0.06324
   0.03027
  -0.03340
  -0.06319
  -0.02887
   0.03474
   0.06311
   0.02745
  -0.03606
  -0.06298
  -0.02600
   0.03735
   0.06282
   0.02455
  -0.03863
  -0.06261
  -0.02308
   0.03987
   0.06237
   0.02159
  -0.04109
  -0.06208
  -0.02009
   0.04229
   0.06176
   0.01857
  -0.04346
  -0.06140
  -0.01705
   0.04460
   0.06100
   0.01551
  -0.04571
  -0.06056
  -0.01397
   0.04679
   0.06008
   0.01241
  -0.04785
  -0.05957
  -0.01085
   0.04887
   0.05901
   0.00928
  -0.04987
  -0.05842
  -0.00771
   0.05083
   0.05779
   0.00613
  -0.05176
  -0.05713
  -0.00454
   0.05266
   0.05643
   0.00296
  -0.05352
  -0.05570
  -0.00137
   0.05435
   0.05493
  -0.00022
  -0.05514
  -0.05412
   0.00181
   0.05591
   0.05328
  -0.00340
  -0.05663
  -0.05241
   0.00499
   0.05732
   0.05150
  -0.00657
  -0.05797
  -0.05056
   0.00815
   0.05859
   0.04959
  -0.00972
  -0.05917
  -0.04859
   0.01129
   0.05971
   0.04756
  -0.01285
  -0.06022
  -0.04649
   0.01440
   0.06069
   0.04540
  -0.01594
  -0.06111
  -0.04428
   0.01748
   0.06150
   0.04313
  -0.01900
  -0.06185
  -0.04196
   0.02051
   0.06217
   0.04075
  -0.02201
  -0.06244
  -0.03953
   0.02349
   0.06267
   0.03827
  -0.02496
  -0.06287
  -0.03699
   0.02641
   0.06302
   0.03569
  -0.02785
  -0.06313
  -0.03437
   0.02926
   0.06321
   0.03303
  -0.03066
  -0.06324
  -0.03166
   0.03204
   0.06324
   0.03027
  -0.03340
  -0.06319
  -0.02887
   0.03474
   0.06311
   0.02745
  -0.03606
  -0.06298
  -0.02600
   0.03735
   0.06282
   0.02455
  -0.03863
  -0.06261
  -0.02308
   0.03987
   0.06237
   0.02159
  -0.04109
  -0.06208
  -0.02009
   0.04229
   0.06176
   0.01857
  -0.04346
  -0.06140
  -0.01705
   0.04460
   0.06100
   0.01551
  -0.04571
  -0.06056
  -0.01397
   0.04679
   0.06008
   0.01241
  -0.04785
  -0.05957
  -0.01085
   0.04887
   0.05901
   0.00928
  -0.04987
  -0.05842
  -0.00771
   0.05083
   0.05779
   0.00613
  -0.05176
  -0.05713
  -0.00454
