   0.05185
  -0.05485
  -0.00514
   0.05923
  -0.04529
  -0.02066
   0.06288
  -0.03289
  -0.03487
   0.06259
  -0.01842
  -0.04690
   0.05836
  -0.00280
  -0.05598
   0.05047
   0.01300
  -0.06154
   0.03940
   0.02799
  -0.06323
   0.02586
   0.04121
  -0.06096
   0.01070
   0.05185
  -0.05485
  -0.00514
   0.05923
  -0.04529
  -0.02066
   0.06288
  -0.03289
  -0.03487
   0.06259
  -0.01842
  -0.04690
   0.05836
  -0.00280
  -0.05598
   0.05047
   0.01300
  -0.06154
   0.03940
   0.02799
  -0.06323
   0.02586
   0.04121
  -0.06096
   0.01070
   0.05185
  -0.05485
  -0.00514
   0.05923
  -0.04529
  -0.02066
   0.06288
  -0.03289
  -0.03487
   0.06259
  -0.01842
  -0.04690
   0.05836
  -0.00280
  -0.05598
   0.05047
   0.01300
  -0.06154
   0.03940
   0.02799
  -0.06323
   0.02586
   0.04121
  -0.06096
   0.01070
   0.05185
  -0.05485
  -0.00514
   0.05923
  -0.04529
  -0.02066
   0.06288
  -0.03289
  -0.03487
   0.06259
  -0.01842
  -0.04690
   0.05836
  -0.00280
  -0.05598
   0.05047
   0.01300
  -0.06154
   0.03940
   0.02799
  -0.06323
   0.02586
   0.04121
  -0.06096
   0.01070
   0.05185
  -0.05485
  -0.00514
   0.05923
  -0.04529
  -0.02066
   0.06288
  -0.03289
  -0.03487
   0.06259
  -0.01842
  -0.04690
   0.05836
  -0.00280
  -0.05598
   0.05047
   0.01300
  -0.06154
   0.03940
   0.02799
  -0.06323
   0.02586
   0.04121
  -0.06096
   0.01070
   0.05185
  -0.05485
  -0.00514
   0.05923
  -0.04529
  -0.02066
   0.06288
  -0.03289
  -0.03487
   0.06259
  -0.01842
  -0.04690
   0.05836
  -0.00280
  -0.05598
   0.05047
   0.01300
  -0.06154
   0.03940
   0.02799
  -0.06323
   0.02586
   0.04121
  -0.06096
   0.01070
   0.05185
  -0.05485
  -0.00514
   0.05923
  -0.04529
  -0.02066
   0.06288
  -0.03289
  -0.03487
   0.06259
  -0.01842
  -0.04690
   0.05836
  -0.00280
  -0.05598
   0.05047
   0.01300
  -0.06154
   0.03940
   0.02799
  -0.06323
   0.02586
   0.04121
  -0.06096
   0.01070
   0.05185
  -0.05485
  -0.00514
   0.05923
  -0.04529
  -0.02066
   0.06288
  -0.03289
  -0.03487
   0.06259
  -0.01842
  -0.04690
   0.05836
  -0.00280
  -0.05598
   0.05047
   0.01300
  -0.06154
   0.03940
   0.02799
  -0.06323
   0.02586
   0.04121
  -0.06096
   0.01070
   0.05185
  -0.05485
  -0.00514
   0.05923
  -0.04529
  -0.02066
   0.06288
  -0.03289
  -0.03487
   0.06259
  -0.01842
  -0.04690
   0.05836
  -0.00280
  -0.05598
   0.05047
   0.01300
  -0.06154
   0.03940
   0.02799
  -0.06323
   0.02586
   0.04121
  -0.06096
   0.01070
   0.05185
  -0.05485
  -0.00514
   0.05923
  -0.04529
  -0.02066
   0.06288
  -0.03289
  -0.03487
   0.06259
  -0.01842
  -0.04690
   0.05836
  -0.00280
  -0.05598
   0.05047
   0.01300
  -0.06154
   0.03940
   0.02799
  -0.06323
   0.02586
   0.04121
  -0.06096
   0.01070
   0.05185
  -0.05485
  -0.00514
   0.05923
  -0.04529
  -0.02066
   0.06288
  -0.03289
  -0.03487
   0.06259
  -0.01842
  -0.04690
   0.05836
  -0.00280
  -0.05598
   0.05047
   0.01300
  -0.06154
   0.03940
   0.02799
  -0.06323
   0.02586
   0.04121
  -0.06096
   0.01070
   0.05185
  -0.05485
  -0.00514
   0.05923
  -0.04529
  -0.02066
   0.06288
  -0.03289
  -0.03487
   0.06259
  -0.01842
  -0.04690
   0.05836
  -0.00280
  -0.05598
   0.05047
   0.01300
  -0.06154
   0.03940
   0.02799
  -0.06323
   0.02586
   0.04121
  -0.06096
   0.01070
   0.05185
  -0.05485
  -0.00514
   0.05923
  -0.04529
  -0.02066
   0.06288
  -0.03289
  -0.03487
   0.06259
  -0.01842
  -0.04690
   0.05836
  -0.00280
  -0.05598
   0.05047
   0.01300
  -0.06154
   0.03940
   0.02799
  -0.06323
   0.02586
   0.04121
  -0.06096
   0.01070
   0.05185
  -0.05485
  -0.00514
   0.05923
  -0.04529
  -0.02066
   0.06288
  -0.03289
  -0.03487
   0.06259
  -0.01842
  -0.04690
   0.05836
  -0.00280
  -0.05598
   0.05047
   0.01300
  -0.06154
   0.03940
   0.02799
  -0.06323
   0.02586
   0.04121
  -0.06096
   0.01070
   0.05185
  -0.05485
  -0.00514
   0.05923
  -0.04529
  -0.02066
   0.06288
  -0.03289
  -0.03487
   0.06259
  -0.01842
  -0.04690
   0.05836
  -0.00280
  -0.05598
   0.05047
   0.01300
  -0.06154
   0.03940
   0.02799
  -0.06323
   0.02586
   0.04121
  -0.06096
   0.01070
   0.05185
  -0.05485
  -0.00514
   0.05923
  -0.04529
  -0.02066
   0.06288
  -0.03289
  -0.03487
   0.06259
  -0.01842
  -0.04690
   0.05836
  -0.00280
  -0.05598
   0.05047
   0.01300
  -0.06154
   0.03940
   0.02799
  -0.06323
   0.02586
   0.04121
  -0.06096
   0.01070
   0.05185
  -0.05485
  -0.00514
   0.05923
  -0.04529
  -0.02066
   0.06288
  -0.03289
  -0.03487
   0.06259
  -0.01842
  -0.04690
   0.05836
  -0.00280
  -0.05598
   0.05047
   0.01300
  -0.06154
   0.03940
   0.02799
  -0.06323
   0.02586
   0.04121
  -0.06096
   0.01070
   0.05185
  -0.05485
  -0.00514
   0.05923
  -0.04529
  -0.02066
   0.06288
  -0.03289
  -0.03487
   0.06259
  -0.01842
  -0.04690
   0.05836
  -0.00280
  -0.05598
   0.05047
   0.01300
  -0.06154
   0.03940
   0.02799
  -0.06323
   0.02586
   0.04121
  -0.06096
   0.01070
   0.05185
  -0.05485
  -0.00514
   0.05923
  -0.04529
  -0.02066
   0.06288
  -0.03289
  -0.03487
   0.06259
  -0.01842
  -0.04690
   0.05836
  -0.00280
  -0.05598
   0.05047
   0.01300
  -0.06154
   0.03940
   0.02799
  -0.06323
   0.02586
   0.04121
  -0.06096
   0.01070
   0.05185
  -0.05485
  -0.00514
   0.05923
  -0.04529
  -0.02066
   0.06288
  -0.03289
  -0.03487
   0.06259
  -0.01842
  -0.04690
   0.05836
  -0.00280
  -0.05598
   0.05047
   0.01300
  -0.06154
   0.03940
   0.02799
  -0.06323
   0.02586
   0.04121
  -0.06096
   0.01070
