  -0.05764
   0.04401
  -0.02420
   0.00099
   0.02236
  -0.04257
   0.05680
  -0.06305
   0.06045
  -0.04936
   0.03133
  -0.00891
  -0.01477
   0.03637
  -0.05286
   0.06193
  -0.06230
   0.05392
  -0.03797
   0.01668
   0.00695
  -0.02960
   0.04810
  -0.05984
   0.06318
  -0.05764
   0.04401
  -0.02420
   0.00099
   0.02236
  -0.04257
   0.05680
  -0.06305
   0.06045
  -0.04936
   0.03133
  -0.00891
  -0.01477
   0.03637
  -0.05286
   0.06193
  -0.06230
   0.05392
  -0.03797
   0.01668
   0.00695
  -0.02960
   0.04810
  -0.05984
   0.06318
  -0.05764
   0.04401
  -0.02420
   0.00099
   0.02236
  -0.04257
   0.05680
  -0.06305
   0.06045
  -0.04936
   0.03133
  -0.00891
  -0.01477
   0.03637
  -0.05286
   0.06193
  -0.06230
   0.05392
  -0.03797
   0.01668
   0.00695
  -0.02960
   0.04810
  -0.05984
   0.06318
  -0.05764
   0.04401
  -0.02420
   0.00099
   0.02236
  -0.04257
   0.05680
  -0.06305
   0.06045
  -0.04936
   0.03133
  -0.00891
  -0.01477
   0.03637
  -0.05286
   0.06193
  -0.06230
   0.05392
  -0.03797
   0.01668
   0.00695
  -0.02960
   0.04810
  -0.05984
   0.06318
  -0.05764
   0.04401
  -0.02420
   0.00099
   0.02236
  -0.04257
   0.05680
  -0.06305
   0.06045
  -0.04936
   0.03133
  -0.00891
  -0.01477
   0.03637
  -0.05286
   0.06193
  -0.06230
   0.05392
  -0.03797
   0.01668
   0.00695
  -0.02960
   0.04810
  -0.05984
   0.06318
  -0.05764
   0.04401
  -0.02420
   0.00099
   0.02236
  -0.04257
   0.05680
  -0.06305
   0.06045
  -0.04936
   0.03133
  -0.00891
  -0.01477
   0.03637
  -0.05286
   0.06193
  -0.06230
   0.05392
  -0.03797
   0.01668
   0.00695
  -0.02960
   0.04810
  -0.05984
   0.06318
  -0.05764
   0.04401
  -0.02420
   0.00099
   0.02236
  -0.04257
   0.05680
  -0.06305
   0.06045
  -0.04936
   0.03133
  -0.00891
  -0.01477
   0.03637
  -0.05286
   0.06193
  -0.06230
   0.05392
  -0.03797
   0.01668
   0.00695
  -0.02960
   0.04810
  -0.05984
   0.06318
  -0.05764
   0.04401
  -0.02420
   0.00099
   0.02236
  -0.04257
   0.05680
  -0.06305
   0.06045
  -0.04936
   0.03133
  -0.00891
  -0.01477
   0.03637
  -0.05286
   0.06193
  -0.06230
   0.05392
  -0.03797
   0.01668
   0.00695
  -0.02960
   0.04810
  -0.05984
   0.06318
  -0.05764
   0.04401
  -0.02420
   0.00099
   0.02236
  -0.04257
   0.05680
  -0.06305
   0.06045
  -0.04936
   0.03133
  -0.00891
  -0.01477
   0.03637
  -0.05286
   0.06193
  -0.06230
   0.05392
  -0.03797
   0.01668
   0.00695
  -0.02960
   0.04810
  -0.05984
   0.06318
  -0.05764
   0.04401
  -0.02420
   0.00099
   0.02236
  -0.04257
   0.05680
  -0.06305
   0.06045
  -0.04936
   0.03133
  -0.00891
  -0.01477
   0.03637
  -0.05286
   0.06193
  -0.06230
   0.05392
  -0.03797
   0.01668
   0.00695
  -0.02960
   0.04810
  -0.05984
   0.06318
  -0.05764
   0.04401
  -0.02420
   0.00099
   0.02236
  -0.04257
   0.05680
  -0.06305
   0.06045
  -0.04936
   0.03133
  -0.00891
  -0.01477
   0.03637
  -0.05286
   0.06193
  -0.06230
   0.05392
  -0.03797
   0.01668
   0.00695
  -0.02960
   0.04810
  -0.05984
   0.06318
  -0.05764
   0.04401
  -0.02420
   0.00099
   0.02236
  -0.04257
   0.05680
  -0.06305
   0.06045
  -0.04936
   0.03133
  -0.00891
  -0.01477
   0.03637
  -0.05286
   0.06193
  -0.06230
   0.05392
  -0.03797
   0.01668
   0.00695
  -0.02960
   0.04810
  -0.05984
   0.06318
  -0.05764
   0.04401
  -0.02420
   0.00099
   0.02236
  -0.04257
   0.05680
  -0.06305
   0.06045
  -0.04936
   0.03133
  -0.00891
  -0.01477
   0.03637
  -0.05286
   0.06193
  -0.06230
   0.05392
  -0.03797
   0.01668
   0.00695
  -0.02960
   0.04810
  -0.05984
   0.06318
  -0.05764
   0.04401
  -0.02420
   0.00099
   0.02236
  -0.04257
   0.05680
  -0.06305
   0.06045
  -0.04936
   0.03133
  -0.00891
  -0.01477
   0.03637
  -0.05286
   0.06193
  -0.06230
   0.05392
  -0.03797
   0.01668
   0.00695
  -0.02960
   0.04810
  -0.05984
   0.06318
  -0.05764
   0.04401
  -0.02420
   0.00099
   0.02236
  -0.04257
   0.05680
  -0.06305
   0.06045
  -0.04936
   0.03133
  -0.00891
  -0.01477
   0.03637
  -0.05286
   0.06193
  -0.06230
   0.05392
  -0.03797
   0.01668
   0.00695
  -0.02960
   0.04810
  -0.05984
   0.06318
  -0.05764
   0.04401
  -0.02420
   0.00099
   0.02236
  -0.04257
   0.05680
  -0.06305
   0.06045
  -0.04936
   0.03133
  -0.00891
  -0.01477
   0.03637
  -0.05286
   0.06193
  -0.06230
   0.05392
  -0.03797
   0.01668
   0.00695
  -0.02960
   0.04810
  -0.05984
   0.06318
  -0.05764
   0.04401
  -0.02420
   0.00099
   0.02236
  -0.04257
   0.05680
  -0.06305
   0.06045
  -0.04936
   0.03133
  -0.00891
  -0.01477
   0.03637
  -0.05286
   0.06193
  -0.06230
   0.05392
  -0.03797
   0.01668
   0.00695
  -0.02960
   0.04810
  -0.05984
   0.06318
  -0.05764
   0.04401
  -0.02420
   0.00099
   0.02236
  -0.04257
   0.05680
  -0.06305
   0.06045
  -0.04936
   0.03133
  -0.00891
  -0.01477
   0.03637
  -0.05286
   0.06193
  -0.06230
   0.05392
  -0.03797
   0.01668
   0.00695
  -0.02960
   0.04810
  -0.05984
   0.06318
  -0.05764
   0.04401
  -0.02420
   0.00099
   0.02236
  -0.04257
   0.05680
  -0.06305
   0.06045
  -0.04936
   0.03133
  -0.00891
  -0.01477
   0.03637
  -0.05286
   0.06193
  -0.06230
   0.05392
  -0.03797
   0.01668
   0.00695
  -0.02960
   0.04810
  -0.05984
   0.06318
  -0.05764
   0.04401
  -0.02420
   0.00099
   0.02236
  -0.04257
   0.05680
  -0.06305
   0.06045
  -0.04936
   0.03133
  -0.00891
  -0.01477
   0.03637
  -0.05286
   0.06193
  -0.06230
   0.05392
  -0.03797
   0.01668
   0.00695
  -0.02960
   0.04810
  -0.05984
   0.06318
