   0.04132
  -0.05676
   0.06315
  -0.05946
   0.04629
  -0.02573
   0.00107
   0.02377
  -0.04481
   0.05870
  -0.06323
   0.05767
  -0.04291
   0.02131
   0.00370
  -0.02812
   0.04804
  -0.06031
   0.06295
  -0.05555
   0.03929
  -0.01676
  -0.00845
   0.03230
  -0.05101
   0.06157
  -0.06232
   0.05312
  -0.03545
   0.01212
   0.01314
  -0.03631
   0.05368
  -0.06249
   0.06133
  -0.05038
   0.03140
  -0.00741
  -0.01777
   0.04010
  -0.05605
   0.06304
  -0.05999
   0.04736
  -0.02717
   0.00266
   0.02229
  -0.04367
   0.05809
  -0.06324
   0.05831
  -0.04407
   0.02280
   0.00211
  -0.02668
   0.04700
  -0.05981
   0.06309
  -0.05630
   0.04052
  -0.01829
  -0.00687
   0.03093
  -0.05005
   0.06119
  -0.06257
   0.05396
  -0.03675
   0.01367
   0.01158
  -0.03499
   0.05282
  -0.06222
   0.06169
  -0.05133
   0.03277
  -0.00898
  -0.01623
   0.03886
  -0.05529
   0.06290
  -0.06047
   0.04840
  -0.02860
   0.00424
   0.02079
  -0.04251
   0.05745
  -0.06322
   0.05890
  -0.04519
   0.02427
   0.00052
  -0.02523
   0.04592
  -0.05928
   0.06318
  -0.05700
   0.04173
  -0.01980
  -0.00529
   0.02953
  -0.04906
   0.06077
  -0.06278
   0.05478
  -0.03803
   0.01522
   0.01002
  -0.03366
   0.05193
  -0.06192
   0.06203
  -0.05224
   0.03412
  -0.01055
  -0.01469
   0.03760
  -0.05450
   0.06271
  -0.06092
   0.04940
  -0.03001
   0.00583
   0.01929
  -0.04132
   0.05676
  -0.06315
   0.05946
  -0.04629
   0.02573
  -0.00107
  -0.02377
   0.04481
  -0.05870
   0.06323
  -0.05767
   0.04291
  -0.02131
  -0.00370
   0.02812
  -0.04804
   0.06031
  -0.06295
   0.05555
  -0.03929
   0.01676
   0.00845
  -0.03230
   0.05101
  -0.06157
   0.06232
  -0.05312
   0.03545
  -0.01212
  -0.01314
   0.03631
  -0.05368
   0.06249
  -0.06133
   0.05038
  -0.03140
   0.00741
   0.01777
  -0.04010
   0.05605
  -0.06304
   0.05999
  -0.04736
   0.02717
  -0.00266
  -0.02229
   0.04367
  -0.05809
   0.06324
  -0.05831
   0.04407
  -0.02280
  -0.00211
   0.02668
  -0.04700
   0.05981
  -0.06309
   0.05630
  -0.04052
   0.01829
   0.00687
  -0.03093
   0.05005
  -0.06119
   0.06257
  -0.05396
   0.03675
  -0.01367
  -0.01158
   0.03499
  -0.05282
   0.06222
  -0.06169
   0.05133
  -0.03277
   0.00898
   0.01623
  -0.03886
   0.05529
  -0.06290
   0.06047
  -0.04840
   0.02860
  -0.00424
  -0.02079
   0.04251
  -0.05745
   0.06322
  -0.05890
   0.04519
  -0.02427
  -0.00052
   0.02523
  -0.04592
   0.05928
  -0.06318
   0.05700
  -0.04173
   0.01980
   0.00529
  -0.02953
   0.04906
  -0.06077
   0.06278
  -0.05478
   0.03803
  -0.01522
  -0.01002
   0.03366
  -0.05193
   0.06192
  -0.06203
   0.05224
  -0.03412
   0.01055
   0.01469
  -0.03760
   0.05450
  -0.06271
   0.06092
  -0.04940
   0.03001
  -0.00583
  -0.01929
   0.04132
  -0.05676
   0.06315
  -0.05946
   0.04629
  -0.02573
   0.00107
   0.02377
  -0.04481
   0.05870
  -0.06323
   0.05767
  -0.04291
   0.02131
   0.00370
  -0.02812
   0.04804
  -0.06031
   0.06295
  -0.05555
   0.03929
  -0.01676
  -0.00845
   0.03230
  -0.05101
   0.06157
  -0.06232
   0.05312
  -0.03545
   0.01212
   0.01314
  -0.03631
   0.05368
  -0.06249
   0.06133
  -0.05038
   0.03140
  -0.00741
  -0.01777
   0.04010
  -0.05605
   0.06304
  -0.05999
   0.04736
  -0.02717
   0.00266
   0.02229
  -0.04367
   0.05809
  -0.06324
   0.05831
  -0.04407
   0.02280
   0.00211
  -0.02668
   0.04700
  -0.05981
   0.06309
  -0.05630
   0.04052
  -0.01829
  -0.00687
   0.03093
  -0.05005
   0.06119
  -0.06257
   0.05396
  -0.03675
   0.01367
   0.01158
  -0.03499
   0.05282
  -0.06222
   0.06169
  -0.05133
   0.03277
  -0.00898
  -0.01623
   0.03886
  -0.05529
   0.06290
  -0.06047
   0.04840
  -0.02860
   0.00424
   0.02079
  -0.04251
   0.05745
  -0.06322
   0.05890
  -0.04519
   0.02427
   0.00052
  -0.02523
   0.04592
  -0.05928
   0.06318
  -0.05700
   0.04173
  -0.01980
  -0.00529
   0.02953
  -0.04906
   0.06077
  -0.06278
   0.05478
  -0.03803
   0.01522
   0.01002
  -0.03366
   0.05193
  -0.06192
   0.06203
  -0.05224
   0.03412
  -0.01055
  -0.01469
   0.03760
  -0.05450
   0.06271
  -0.06092
   0.04940
  -0.03001
   0.00583
   0.01929
  -0.04132
   0.05676
  -0.06315
   0.05946
  -0.04629
   0.02573
  -0.00107
  -0.02377
   0.04481
  -0.05870
   0.06323
  -0.05767
   0.04291
  -0.02131
  -0.00370
   0.02812
  -0.04804
   0.06031
  -0.06295
   0.05555
  -0.03929
   0.01676
   0.00845
  -0.03230
   0.05101
  -0.06157
   0.06232
  -0.05312
   0.03545
  -0.01212
  -0.01314
   0.03631
  -0.05368
   0.06249
  -0.06133
   0.05038
  -0.03140
   0.00741
   0.01777
  -0.04010
   0.05605
  -0.06304
   0.05999
  -0.04736
   0.02717
  -0.00266
  -0.02229
   0.04367
  -0.05809
   0.06324
  -0.05831
   0.04407
  -0.02280
  -0.00211
   0.02668
  -0.04700
   0.05981
  -0.06309
   0.05630
  -0.04052
   0.01829
   0.00687
  -0.03093
   0.05005
  -0.06119
   0.06257
  -0.05396
   0.03675
  -0.01367
  -0.01158
   0.03499
  -0.05282
   0.06222
  -0.06169
   0.05133
  -0.03277
   0.00898
   0.01623
  -0.03886
   0.05529
  -0.06290
   0.06047
  -0.04840
   0.02860
  -0.00424
  -0.02079
   0.04251
  -0.05745
   0.06322
  -0.05890
   0.04519
  -0.02427
  -0.00052
   0.02523
  -0.04592
   0.05928
  -0.06318
   0.05700
  -0.04173
   0.01980
   0.00529
  -0.02953
   0.04906
  -0.06077
   0.06278
  -0.05478
   0.03803
  -0.01522
  -0.01002
   0.03366
  -0.05193
   0.06192
  -0.06203
   0.05224
  -0.03412
   0.01055
   0.01469
  -0.03760
   0.05450
  -0.06271
   0.06092
  -0.04940
   0.03001
  -0.00583
  -0.01929
