  -0.04699
  -0.00686
   0.03676
   0.06170
   0.05529
   0.02079
  -0.02428
  -0.05701
  -0.06077
  -0.03365
   0.01056
   0.04941
   0.06315
   0.04480
   0.00369
  -0.03930
  -0.06232
  -0.05367
  -0.01776
   0.02718
   0.05831
   0.05981
   0.03092
  -0.01368
  -0.05133
  -0.06290
  -0.04251
  -0.00052
   0.04174
   0.06278
   0.05193
   0.01469
  -0.03002
  -0.05947
  -0.05870
  -0.02811
   0.01677
   0.05312
   0.06249
   0.04010
  -0.00266
  -0.04407
  -0.06309
  -0.05005
  -0.01158
   0.03278
   0.06047
   0.05744
   0.02523
  -0.01981
  -0.05478
  -0.06192
  -0.03759
   0.00583
   0.04629
   0.06323
   0.04804
   0.00844
  -0.03545
  -0.06133
  -0.05604
  -0.02228
   0.02280
   0.05630
   0.06119
   0.03499
  -0.00899
  -0.04840
  -0.06322
  -0.04591
  -0.00528
   0.03804
   0.06203
   0.05450
   0.01928
  -0.02574
  -0.05768
  -0.06031
  -0.03230
   0.01213
   0.05039
   0.06304
   0.04367
   0.00210
  -0.04053
  -0.06257
  -0.05282
  -0.01623
   0.02861
   0.05891
   0.05927
   0.02952
  -0.01523
  -0.05224
  -0.06271
  -0.04131
   0.00107
   0.04292
   0.06295
   0.05100
   0.01314
  -0.03141
  -0.05999
  -0.05809
  -0.02668
   0.01829
   0.05397
   0.06222
   0.03886
  -0.00425
  -0.04520
  -0.06318
  -0.04906
  -0.01001
   0.03412
   0.06092
   0.05676
   0.02376
  -0.02131
  -0.05556
  -0.06157
  -0.03630
   0.00742
   0.04736
   0.06324
   0.04699
   0.00686
  -0.03676
  -0.06170
  -0.05529
  -0.02079
   0.02428
   0.05701
   0.06077
   0.03365
  -0.01056
  -0.04941
  -0.06315
  -0.04480
  -0.00369
   0.03930
   0.06232
   0.05367
   0.01776
  -0.02718
  -0.05831
  -0.05981
  -0.03092
   0.01368
   0.05133
   0.06290
   0.04251
   0.00052
  -0.04174
  -0.06278
  -0.05193
  -0.01469
   0.03002
   0.05947
   0.05870
   0.02811
  -0.01677
  -0.05312
  -0.06249
  -0.04010
   0.00266
   0.04407
   0.06309
   0.05005
   0.01158
  -0.03278
  -0.06047
  -0.05744
  -0.02523
   0.01981
   0.05478
   0.06192
   0.03759
  -0.00583
  -0.04629
  -0.06323
  -0.04804
  -0.00844
   0.03545
   0.06133
   0.05604
   0.02228
  -0.02280
  -0.05630
  -0.06119
  -0.03499
   0.00899
   0.04840
   0.06322
   0.04591
   0.00528
  -0.03804
  -0.06203
  -0.05450
  -0.01928
   0.02574
   0.05768
   0.06031
   0.03230
  -0.01213
  -0.05039
  -0.06304
  -0.04367
  -0.00210
   0.04053
   0.06257
   0.05282
   0.01623
  -0.02861
  -0.05891
  -0.05927
  -0.02952
   0.01523
   0.05224
   0.06271
   0.04131
  -0.00107
  -0.04292
  -0.06295
  -0.05100
  -0.01314
   0.03141
   0.05999
   0.05809
   0.02668
  -0.01829
  -0.05397
  -0.06222
  -0.03886
   0.00425
   0.04520
   0.06318
   0.04906
   0.01001
  -0.03412
  -0.06092
  -0.05676
  -0.02376
   0.02131
   0.05556
   0.06157
   0.03630
  -0.00742
  -0.04736
  -0.06324
  -0.04699
  -0.00686
   0.03676
   0.06170
   0.05529
   0.02079
  -0.02428
  -0.05701
  -0.06077
  -0.03365
   0.01056
   0.04941
   0.06315
   0.04480
   0.00369
  -0.03930
  -0.06232
  -0.05367
  -0.01776
   0.02718
   0.05831
   0.05981
   0.03092
  -0.01368
  -0.05133
  -0.06290
  -0.04251
  -0.00052
   0.04174
   0.06278
   0.05193
   0.01469
  -0.03002
  -0.05947
  -0.05870
  -0.02811
   0.01677
   0.05312
   0.06249
   0.04010
  -0.00266
  -0.04407
  -0.06309
  -0.05005
  -0.01158
   0.03278
   0.06047
   0.05744
   0.02523
  -0.01981
  -0.05478
  -0.06192
  -0.03759
   0.00583
   0.04629
   0.06323
   0.04804
   0.00844
  -0.03545
  -0.06133
  -0.05604
  -0.02228
   0.02280
   0.05630
   0.06119
   0.03499
  -0.00899
  -0.04840
  -0.06322
  -0.04591
  -0.00528
   0.03804
   0.06203
   0.05450
   0.01928
  -0.02574
  -0.05768
  -0.06031
  -0.03230
   0.01213
   0.05039
   0.06304
   0.04367
   0.00210
  -0.04053
  -0.06257
  -0.05282
  -0.01623
   0.02861
   0.05891
   0.05927
   0.02952
  -0.01523
  -0.05224
  -0.06271
  -0.04131
   0.00107
   0.04292
   0.06295
   0.05100
   0.01314
  -0.03141
  -0.05999
  -0.05809
  -0.02668
   0.01829
   0.05397
   0.06222
   0.03886
  -0.00425
  -0.04520
  -0.06318
  -0.04906
  -0.01001
   0.03412
   0.06092
   0.05676
   0.02376
  -0.02131
  -0.05556
  -0.06157
  -0.03630
   0.00742
   0.04736
   0.06324
   0.04699
   0.00686
  -0.03676
  -0.06170
  -0.05529
  -0.02079
   0.02428
   0.05701
   0.06077
   0.03365
  -0.01056
  -0.04941
  -0.06315
  -0.04480
  -0.00369
   0.03930
   0.06232
   0.05367
   0.01776
  -0.02718
  -0.05831
  -0.05981
  -0.03092
   0.01368
   0.05133
   0.06290
   0.04251
   0.00052
  -0.04174
  -0.06278
  -0.05193
  -0.01469
   0.03002
   0.05947
   0.05870
   0.02811
  -0.01677
  -0.05312
  -0.06249
  -0.04010
   0.00266
   0.04407
   0.06309
   0.05005
   0.01158
  -0.03278
  -0.06047
  -0.05744
  -0.02523
   0.01981
   0.05478
   0.06192
   0.03759
  -0.00583
  -0.04629
  -0.06323
  -0.04804
  -0.00844
   0.03545
   0.06133
   0.05604
   0.02228
  -0.02280
  -0.05630
  -0.06119
  -0.03499
   0.00899
   0.04840
   0.06322
   0.04591
   0.00528
  -0.03804
  -0.06203
  -0.05450
  -0.01928
   0.02574
   0.05768
   0.06031
   0.03230
  -0.01213
  -0.05039
  -0.06304
  -0.04367
  -0.00210
   0.04053
   0.06257
   0.05282
   0.01623
  -0.02861
  -0.05891
  -0.05927
  -0.02952
   0.01523
   0.05224
   0.06271
   0.04131
  -0.00107
  -0.04292
  -0.06295
  -0.05100
  -0.01314
   0.03141
   0.05999
   0.05809
   0.02668
  -0.01829
  -0.05397
  -0.06222
  -0.03886
   0.00425
   0.04520
   0.06318
   0.04906
   0.01001
  -0.03412
  -0.06092
  -0.05676
  -0.02376
   0.02131
   0.05556
   0.06157
   0.03630
  -0.00742
  -0.04736
  -0.06324
