  -0.04544
  -0.00175
   0.04781
  -0.06282
   0.03704
   0.01279
  -0.05432
   0.06058
  -0.02750
  -0.02343
   0.05915
  -0.05646
   0.01711
   0.03335
  -0.06216
   0.05060
  -0.00619
  -0.04224
   0.06324
  -0.04318
  -0.00492
   0.04983
  -0.06238
   0.03442
   0.01588
  -0.05588
   0.05959
  -0.02460
  -0.02635
   0.06020
  -0.05496
   0.01403
   0.03601
  -0.06266
   0.04863
  -0.00302
  -0.04455
   0.06319
  -0.04080
  -0.00809
   0.05172
  -0.06177
   0.03171
   0.01894
  -0.05729
   0.05845
  -0.02165
  -0.02921
   0.06110
  -0.05331
   0.01091
   0.03858
  -0.06301
   0.04654
   0.00016
  -0.04675
   0.06299
  -0.03832
  -0.01123
   0.05349
  -0.06101
   0.02892
   0.02195
  -0.05857
   0.05716
  -0.01863
  -0.03199
   0.06184
  -0.05154
   0.00777
   0.04105
  -0.06321
   0.04432
   0.00334
  -0.04883
   0.06262
  -0.03574
  -0.01434
   0.05511
  -0.06010
   0.02606
   0.02490
  -0.05969
   0.05572
  -0.01557
  -0.03469
   0.06243
  -0.04963
   0.00460
   0.04341
  -0.06324
   0.04200
   0.00651
  -0.05079
   0.06209
  -0.03308
  -0.01742
   0.05660
  -0.05903
   0.02313
   0.02779
  -0.06067
   0.05415
  -0.01247
  -0.03731
   0.06286
  -0.04760
   0.00143
   0.04567
  -0.06311
   0.03957
   0.00966
  -0.05262
   0.06141
  -0.03033
  -0.02045
   0.05795
  -0.05782
   0.02015
   0.03061
  -0.06149
   0.05244
  -0.00934
  -0.03982
   0.06313
  -0.04544
  -0.00175
   0.04781
  -0.06282
   0.03704
   0.01279
  -0.05432
   0.06058
  -0.02750
  -0.02343
   0.05915
  -0.05646
   0.01711
   0.03335
  -0.06216
   0.05060
  -0.00619
  -0.04224
   0.06324
  -0.04318
  -0.00492
   0.04983
  -0.06238
   0.03442
   0.01588
  -0.05588
   0.05959
  -0.02460
  -0.02635
   0.06020
  -0.05496
   0.01403
   0.03601
  -0.06266
   0.04863
  -0.00302
  -0.04455
   0.06319
  -0.04080
  -0.00809
   0.05172
  -0.06177
   0.03171
   0.01894
  -0.05729
   0.05845
  -0.02165
  -0.02921
   0.06110
  -0.05331
   0.01091
   0.03858
  -0.06301
   0.04654
   0.00016
  -0.04675
   0.06299
  -0.03832
  -0.01123
   0.05349
  -0.06101
   0.02892
   0.02195
  -0.05857
   0.05716
  -0.01863
  -0.03199
   0.06184
  -0.05154
   0.00777
   0.04105
  -0.06321
   0.04432
   0.00334
  -0.04883
   0.06262
  -0.03574
  -0.01434
   0.05511
  -0.06010
   0.02606
   0.02490
  -0.05969
   0.05572
  -0.01557
  -0.03469
   0.06243
  -0.04963
   0.00460
   0.04341
  -0.06324
   0.04200
   0.00651
  -0.05079
   0.06209
  -0.03308
  -0.01742
   0.05660
  -0.05903
   0.02313
   0.02779
  -0.06067
   0.05415
  -0.01247
  -0.03731
   0.06286
  -0.04760
   0.00143
   0.04567
  -0.06311
   0.03957
   0.00966
  -0.05262
   0.06141
  -0.03033
  -0.02045
   0.05795
  -0.05782
   0.02015
   0.03061
  -0.06149
   0.05244
  -0.00934
  -0.03982
   0.06313
  -0.04544
  -0.00175
   0.04781
  -0.06282
   0.03704
   0.01279
  -0.05432
   0.06058
  -0.02750
  -0.02343
   0.05915
  -0.05646
   0.01711
   0.03335
  -0.06216
   0.05060
  -0.00619
  -0.04224
   0.06324
  -0.04318
  -0.00492
   0.04983
  -0.06238
   0.03442
   0.01588
  -0.05588
   0.05959
  -0.02460
  -0.02635
   0.06020
  -0.05496
   0.01403
   0.03601
  -0.06266
   0.04863
  -0.00302
  -0.04455
   0.06319
  -0.04080
  -0.00809
   0.05172
  -0.06177
   0.03171
   0.01894
  -0.05729
   0.05845
  -0.02165
  -0.02921
   0.06110
  -0.05331
   0.01091
   0.03858
  -0.06301
   0.04654
   0.00016
  -0.04675
   0.06299
  -0.03832
  -0.01123
   0.05349
  -0.06101
   0.02892
   0.02195
  -0.05857
   0.05716
  -0.01863
  -0.03199
   0.06184
  -0.05154
   0.00777
   0.04105
  -0.06321
   0.04432
   0.00334
  -0.04883
   0.06262
  -0.03574
  -0.01434
   0.05511
  -0.06010
   0.02606
   0.02490
  -0.05969
   0.05572
  -0.01557
  -0.03469
   0.06243
  -0.04963
   0.00460
   0.04341
  -0.06324
   0.04200
   0.00651
  -0.05079
   0.06209
  -0.03308
  -0.01742
   0.05660
  -0.05903
   0.02313
   0.02779
  -0.06067
   0.05415
  -0.01247
  -0.03731
   0.06286
  -0.04760
   0.00143
   0.04567
  -0.06311
   0.03957
   0.00966
  -0.05262
   0.06141
  -0.03033
  -0.02045
   0.05795
  -0.05782
   0.02015
   0.03061
  -0.06149
   0.05244
  -0.00934
  -0.03982
   0.06313
  -0.04544
  -0.00175
   0.04781
  -0.06282
   0.03704
   0.01279
  -0.05432
   0.06058
  -0.02750
  -0.02343
   0.05915
  -0.05646
   0.01711
   0.03335
  -0.06216
   0.05060
  -0.00619
  -0.04224
   0.06324
  -0.04318
  -0.00492
   0.04983
  -0.06238
   0.03442
   0.01588
  -0.05588
   0.05959
  -0.02460
  -0.02635
   0.06020
  -0.05496
   0.01403
   0.03601
  -0.06266
   0.04863
  -0.00302
  -0.04455
   0.06319
  -0.04080
  -0.00809
   0.05172
  -0.06177
   0.03171
   0.01894
  -0.05729
   0.05845
  -0.02165
  -0.02921
   0.06110
  -0.05331
   0.01091
   0.03858
  -0.06301
   0.04654
   0.00016
  -0.04675
   0.06299
  -0.03832
  -0.01123
   0.05349
  -0.06101
   0.02892
   0.02195
  -0.05857
   0.05716
  -0.01863
  -0.03199
   0.06184
  -0.05154
   0.00777
   0.04105
  -0.06321
   0.04432
   0.00334
  -0.04883
   0.06262
  -0.03574
  -0.01434
   0.05511
  -0.06010
   0.02606
   0.02490
  -0.05969
   0.05572
  -0.01557
  -0.03469
   0.06243
  -0.04963
   0.00460
   0.04341
  -0.06324
   0.04200
   0.00651
  -0.05079
   0.06209
  -0.03308
  -0.01742
   0.05660
  -0.05903
   0.02313
   0.02779
  -0.06067
   0.05415
  -0.01247
  -0.03731
   0.06286
  -0.04760
   0.00143
   0.04567
  -0.06311
   0.03957
   0.00966
  -0.05262
   0.06141
  -0.03033
  -0.02045
   0.05795
  -0.05782
   0.02015
   0.03061
  -0.06149
   0.05244
  -0.00934
  -0.03982
   0.06313
