  -0.05180
  -0.02057
   0.01851
   0.05052
   0.06324
   0.05180
   0.02057
  -0.01851
  -0.05052
  -0.06324
  -0.05180
  -0.02057
   0.01851
   0.05052
   0.06324
   0.05180
   0.02057
  -0.01851
  -0.05052
  -0.06324
  -0.05180
  -0.02057
   0.01851
   0.05052
   0.06324
   0.05180
   0.02057
  -0.01851
  -0.05052
  -0.06324
  -0.05180
  -0.02057
   0.01851
   0.05052
   0.06324
   0.05180
   0.02057
  -0.01851
  -0.05052
  -0.06324
  -0.05180
  -0.02057
   0.01851
   0.05052
   0.06324
   0.05180
   0.02057
  -0.01851
  -0.05052
  -0.06324
  -0.05180
  -0.02057
   0.01851
   0.05052
   0.06324
   0.05180
   0.02057
  -0.01851
  -0.05052
  -0.06324
  -0.05180
  -0.02057
   0.01851
   0.05052
   0.06324
   0.05180
   0.02057
  -0.01851
  -0.05052
  -0.06324
  -0.05180
  -0.02057
   0.01851
   0.05052
   0.06324
   0.05180
   0.02057
  -0.01851
  -0.05052
  -0.06324
  -0.05180
  -0.02057
   0.01851
   0.05052
   0.06324
   0.05180
   0.02057
  -0.01851
  -0.05052
  -0.06324
  -0.05180
  -0.02057
   0.01851
   0.05052
   0.06324
   0.05180
   0.02057
  -0.01851
  -0.05052
  -0.06324
  -0.05180
  -0.02057
   0.01851
   0.05052
   0.06324
   0.05180
   0.02057
  -0.01851
  -0.05052
  -0.06324
  -0.05180
  -0.02057
   0.01851
   0.05052
   0.06324
   0.05180
   0.02057
  -0.01851
  -0.05052
  -0.06324
  -0.05180
  -0.02057
   0.01851
   0.05052
   0.06324
   0.05180
   0.02057
  -0.01851
  -0.05052
  -0.06324
  -0.05180
  -0.02057
   0.01851
   0.05052
   0.06324
   0.05180
   0.02057
  -0.01851
  -0.05052
  -0.06324
  -0.05180
  -0.02057
   0.01851
   0.05052
   0.06324
   0.05180
   0.02057
  -0.01851
  -0.05052
  -0.06324
  -0.05180
  -0.02057
   0.01851
   0.05052
   0.06324
   0.05180
   0.02057
  -0.01851
  -0.05052
  -0.06324
  -0.05180
  -0.02057
   0.01851
   0.05052
   0.06324
   0.05180
   0.02057
  -0.01851
  -0.05052
  -0.06324
  -0.05180
  -0.02057
   0.01851
   0.05052
   0.06324
   0.05180
   0.02057
  -0.01851
  -0.05052
  -0.06324
  -0.05180
  -0.02057
   0.01851
   0.05052
   0.06324
   0.05180
   0.02057
  -0.01851
  -0.05052
  -0.06324
  -0.05180
  -0.02057
   0.01851
   0.05052
   0.06324
   0.05180
   0.02057
  -0.01851
  -0.05052
  -0.06324
  -0.05180
  -0.02057
   0.01851
   0.05052
   0.06324
   0.05180
   0.02057
  -0.01851
  -0.05052
  -0.06324
  -0.05180
  -0.02057
   0.01851
   0.05052
   0.06324
   0.05180
   0.02057
  -0.01851
  -0.05052
  -0.06324
  -0.05180
  -0.02057
   0.01851
   0.05052
   0.06324
   0.05180
   0.02057
  -0.01851
  -0.05052
  -0.06324
  -0.05180
  -0.02057
   0.01851
   0.05052
   0.06324
   0.05180
   0.02057
  -0.01851
  -0.05052
  -0.06324
  -0.05180
  -0.02057
   0.01851
   0.05052
   0.06324
   0.05180
   0.02057
  -0.01851
  -0.05052
  -0.06324
  -0.05180
  -0.02057
   0.01851
   0.05052
   0.06324
   0.05180
   0.02057
  -0.01851
  -0.05052
  -0.06324
  -0.05180
  -0.02057
   0.01851
   0.05052
   0.06324
   0.05180
   0.02057
  -0.01851
  -0.05052
  -0.06324
  -0.05180
  -0.02057
   0.01851
   0.05052
   0.06324
   0.05180
   0.02057
  -0.01851
  -0.05052
  -0.06324
  -0.05180
  -0.02057
   0.01851
   0.05052
   0.06324
   0.05180
   0.02057
  -0.01851
  -0.05052
  -0.06324
  -0.05180
  -0.02057
   0.01851
   0.05052
   0.06324
   0.05180
   0.02057
  -0.01851
  -0.05052
  -0.06324
  -0.05180
  -0.02057
   0.01851
   0.05052
   0.06324
   0.05180
   0.02057
  -0.01851
  -0.05052
  -0.06324
  -0.05180
  -0.02057
   0.01851
   0.05052
   0.06324
   0.05180
   0.02057
  -0.01851
  -0.05052
  -0.06324
  -0.05180
  -0.02057
   0.01851
   0.05052
   0.06324
   0.05180
   0.02057
  -0.01851
  -0.05052
  -0.06324
  -0.05180
  -0.02057
   0.01851
   0.05052
   0.06324
   0.05180
   0.02057
  -0.01851
  -0.05052
  -0.06324
  -0.05180
  -0.02057
   0.01851
   0.05052
   0.06324
   0.05180
   0.02057
  -0.01851
  -0.05052
  -0.06324
  -0.05180
  -0.02057
   0.01851
   0.05052
   0.06324
   0.05180
   0.02057
  -0.01851
  -0.05052
  -0.06324
  -0.05180
  -0.02057
   0.01851
   0.05052
   0.06324
   0.05180
   0.02057
  -0.01851
  -0.05052
  -0.06324
  -0.05180
  -0.02057
   0.01851
   0.05052
   0.06324
   0.05180
   0.02057
  -0.01851
  -0.05052
  -0.06324
  -0.05180
  -0.02057
   0.01851
   0.05052
   0.06324
   0.05180
   0.02057
  -0.01851
  -0.05052
  -0.06324
  -0.05180
  -0.02057
   0.01851
   0.05052
   0.06324
   0.05180
   0.02057
  -0.01851
  -0.05052
  -0.06324
  -0.05180
  -0.02057
   0.01851
   0.05052
   0.06324
   0.05180
   0.02057
  -0.01851
  -0.05052
  -0.06324
  -0.05180
  -0.02057
   0.01851
   0.05052
   0.06324
   0.05180
   0.02057
  -0.01851
  -0.05052
  -0.06324
  -0.05180
  -0.02057
   0.01851
   0.05052
   0.06324
   0.05180
   0.02057
  -0.01851
  -0.05052
  -0.06324
  -0.05180
  -0.02057
   0.01851
   0.05052
   0.06324
   0.05180
   0.02057
  -0.01851
  -0.05052
  -0.06324
  -0.05180
  -0.02057
   0.01851
   0.05052
   0.06324
   0.05180
   0.02057
  -0.01851
  -0.05052
  -0.06324
  -0.05180
  -0.02057
   0.01851
   0.05052
   0.06324
   0.05180
   0.02057
  -0.01851
  -0.05052
  -0.06324
  -0.05180
  -0.02057
   0.01851
   0.05052
   0.06324
   0.05180
   0.02057
  -0.01851
  -0.05052
  -0.06324
  -0.05180
  -0.02057
   0.01851
   0.05052
   0.06324
   0.05180
   0.02057
  -0.01851
  -0.05052
  -0.06324
  -0.05180
  -0.02057
   0.01851
   0.05052
   0.06324
   0.05180
   0.02057
  -0.01851
  -0.05052
  -0.06324
  -0.05180
  -0.02057
   0.01851
   0.05052
   0.06324
   0.05180
   0.02057
  -0.01851
  -0.05052
  -0.06324
