  -0.01311
   0.02447
  -0.03497
   0.04422
  -0.05191
   0.05776
  -0.06157
   0.06319
  -0.06257
   0.05974
  -0.05479
   0.04790
  -0.03931
   0.02933
  -0.01832
   0.00665
   0.00525
  -0.01697
   0.02809
  -0.03821
   0.04698
  -0.05408
   0.05927
  -0.06235
   0.06323
  -0.06187
   0.05832
  -0.05270
   0.04521
  -0.03613
   0.02576
  -0.01448
   0.00269
   0.00920
  -0.02076
   0.03159
  -0.04130
   0.04954
  -0.05603
   0.06054
  -0.06290
   0.06303
  -0.06093
   0.05667
  -0.05040
   0.04235
  -0.03279
   0.02208
  -0.01058
  -0.00129
   0.01311
  -0.02447
   0.03497
  -0.04422
   0.05191
  -0.05776
   0.06157
  -0.06319
   0.06257
  -0.05974
   0.05479
  -0.04790
   0.03931
  -0.02933
   0.01832
  -0.00665
  -0.00525
   0.01697
  -0.02809
   0.03821
  -0.04698
   0.05408
  -0.05927
   0.06235
  -0.06323
   0.06187
  -0.05832
   0.05270
  -0.04521
   0.03613
  -0.02576
   0.01448
  -0.00269
  -0.00920
   0.02076
  -0.03159
   0.04130
  -0.04954
   0.05603
  -0.06054
   0.06290
  -0.06303
   0.06093
  -0.05667
   0.05040
  -0.04235
   0.03279
  -0.02208
   0.01058
   0.00129
  -0.01311
   0.02447
  -0.03497
   0.04422
  -0.05191
   0.05776
  -0.06157
   0.06319
  -0.06257
   0.05974
  -0.05479
   0.04790
  -0.03931
   0.02933
  -0.01832
   0.00665
   0.00525
  -0.01697
   0.02809
  -0.03821
   0.04698
  -0.05408
   0.05927
  -0.06235
   0.06323
  -0.06187
   0.05832
  -0.05270
   0.04521
  -0.03613
   0.02576
  -0.01448
   0.00269
   0.00920
  -0.02076
   0.03159
  -0.04130
   0.04954
  -0.05603
   0.06054
  -0.06290
   0.06303
  -0.06093
   0.05667
  -0.05040
   0.04235
  -0.03279
   0.02208
  -0.01058
  -0.00129
   0.01311
  -0.02447
   0.03497
  -0.04422
   0.05191
  -0.05776
   0.06157
  -0.06319
   0.06257
  -0.05974
   0.05479
  -0.04790
   0.03931
  -0.02933
   0.01832
  -0.00665
  -0.00525
   0.01697
  -0.02809
   0.03821
  -0.04698
   0.05408
  -0.05927
   0.06235
  -0.06323
   0.06187
  -0.05832
   0.05270
  -0.04521
   0.03613
  -0.02576
   0.01448
  -0.00269
  -0.00920
   0.02076
  -0.03159
   0.04130
  -0.04954
   0.05603
  -0.06054
   0.06290
  -0.06303
   0.06093
  -0.05667
   0.05040
  -0.04235
   0.03279
  -0.02208
   0.01058
   0.00129
  -0.01311
   0.02447
  -0.03497
   0.04422
  -0.05191
   0.05776
  -0.06157
   0.06319
  -0.06257
   0.05974
  -0.05479
   0.04790
  -0.03931
   0.02933
  -0.01832
   0.00665
   0.00525
  -0.01697
   0.02809
  -0.03821
   0.04698
  -0.05408
   0.05927
  -0.06235
   0.06323
  -0.06187
   0.05832
  -0.05270
   0.04521
  -0.03613
   0.02576
  -0.01448
   0.00269
   0.00920
  -0.02076
   0.03159
  -0.04130
   0.04954
  -0.05603
   0.06054
  -0.06290
   0.06303
  -0.06093
   0.05667
  -0.05040
   0.04235
  -0.03279
   0.02208
  -0.01058
  -0.00129
   0.01311
  -0.02447
   0.03497
  -0.04422
   0.05191
  -0.05776
   0.06157
  -0.06319
   0.06257
  -0.05974
   0.05479
  -0.04790
   0.03931
  -0.02933
   0.01832
  -0.00665
  -0.00525
   0.01697
  -0.02809
   0.03821
  -0.04698
   0.05408
  -0.05927
   0.06235
  -0.06323
   0.06187
  -0.05832
   0.05270
  -0.04521
   0.03613
  -0.02576
   0.01448
  -0.00269
  -0.00920
   0.02076
  -0.03159
   0.04130
  -0.04954
   0.05603
  -0.06054
   0.06290
  -0.06303
   0.06093
  -0.05667
   0.05040
  -0.04235
   0.03279
  -0.02208
   0.01058
   0.00129
  -0.01311
   0.02447
  -0.03497
   0.04422
  -0.05191
   0.05776
  -0.06157
   0.06319
  -0.06257
   0.05974
  -0.05479
   0.04790
  -0.03931
   0.02933
  -0.01832
   0.00665
   0.00525
  -0.01697
   0.02809
  -0.03821
   0.04698
  -0.05408
   0.05927
  -0.06235
   0.06323
  -0.06187
   0.05832
  -0.05270
   0.04521
  -0.03613
   0.02576
  -0.01448
   0.00269
   0.00920
  -0.02076
   0.03159
  -0.04130
   0.04954
  -0.05603
   0.06054
  -0.06290
   0.06303
  -0.06093
   0.05667
  -0.05040
   0.04235
  -0.03279
   0.02208
  -0.01058
  -0.00129
   0.01311
  -0.02447
   0.03497
  -0.04422
   0.05191
  -0.05776
   0.06157
  -0.06319
   0.06257
  -0.05974
   0.05479
  -0.04790
   0.03931
  -0.02933
   0.01832
  -0.00665
  -0.00525
   0.01697
  -0.02809
   0.03821
  -0.04698
   0.05408
  -0.05927
   0.06235
  -0.06323
   0.06187
  -0.05832
   0.05270
  -0.04521
   0.03613
  -0.02576
   0.01448
  -0.00269
  -0.00920
   0.02076
  -0.03159
   0.04130
  -0.04954
   0.05603
  -0.06054
   0.06290
  -0.06303
   0.06093
  -0.05667
   0.05040
  -0.04235
   0.03279
  -0.02208
   0.01058
   0.00129
  -0.01311
   0.02447
  -0.03497
   0.04422
  -0.05191
   0.05776
  -0.06157
   0.06319
  -0.06257
   0.05974
  -0.05479
   0.04790
  -0.03931
   0.02933
  -0.01832
   0.00665
   0.00525
  -0.01697
   0.02809
  -0.03821
   0.04698
  -0.05408
   0.05927
  -0.06235
   0.06323
  -0.06187
   0.05832
  -0.05270
   0.04521
  -0.03613
   0.02576
  -0.01448
   0.00269
   0.00920
  -0.02076
   0.03159
  -0.04130
   0.04954
  -0.05603
   0.06054
  -0.06290
   0.06303
  -0.06093
   0.05667
  -0.05040
   0.04235
  -0.03279
   0.02208
  -0.01058
  -0.00129
   0.01311
  -0.02447
   0.03497
  -0.04422
   0.05191
  -0.05776
   0.06157
  -0.06319
   0.06257
  -0.05974
   0.05479
  -0.04790
   0.03931
  -0.02933
   0.01832
  -0.00665
  -0.00525
   0.01697
  -0.02809
   0.03821
  -0.04698
   0.05408
  -0.05927
   0.06235
  -0.06323
   0.06187
  -0.05832
   0.05270
  -0.04521
   0.03613
  -0.02576
   0.01448
  -0.00269
  -0.00920
   0.02076
  -0.03159
   0.04130
  -0.04954
   0.05603
  -0.06054
   0.06290
  -0.06303
   0.06093
  -0.05667
   0.05040
  -0.04235
   0.03279
  -0.02208
   0.01058
   0.00129
