   0.01328
   0.05914
  -0.03105
  -0.04981
   0.04601
   0.03599
  -0.05683
  -0.01891
   0.06251
   0.00013
  -0.06255
   0.01866
   0.05694
  -0.03577
  -0.04620
   0.04965
   0.03128
  -0.05904
  -0.01354
   0.06311
  -0.00542
  -0.06148
   0.02390
   0.05430
  -0.04021
  -0.04222
   0.05290
   0.02633
  -0.06081
  -0.00806
   0.06323
  -0.01094
  -0.05994
   0.02895
   0.05124
  -0.04434
  -0.03792
   0.05574
   0.02117
  -0.06210
  -0.00252
   0.06286
  -0.01637
  -0.05794
   0.03378
   0.04779
  -0.04813
  -0.03333
   0.05815
   0.01586
  -0.06291
   0.00304
   0.06200
  -0.02167
  -0.05549
   0.03834
   0.04397
  -0.05155
  -0.02848
   0.06011
   0.01042
  -0.06324
   0.00858
   0.06066
  -0.02681
  -0.05261
   0.04261
   0.03980
  -0.05457
  -0.02341
   0.06160
   0.00490
  -0.06308
   0.01405
   0.05885
  -0.03174
  -0.04932
   0.04655
   0.03533
  -0.05717
  -0.01815
   0.06262
  -0.00066
  -0.06243
   0.01942
   0.05659
  -0.03642
  -0.04565
   0.05014
   0.03059
  -0.05932
  -0.01276
   0.06316
  -0.00621
  -0.06129
   0.02463
   0.05389
  -0.04082
  -0.04163
   0.05333
   0.02560
  -0.06102
  -0.00727
   0.06321
  -0.01172
  -0.05968
   0.02965
   0.05078
  -0.04491
  -0.03728
   0.05611
   0.02042
  -0.06225
  -0.00172
   0.06276
  -0.01713
  -0.05762
   0.03445
   0.04727
  -0.04865
  -0.03265
   0.05846
   0.01509
  -0.06299
   0.00384
   0.06184
  -0.02242
  -0.05510
   0.03897
   0.04339
  -0.05201
  -0.02777
   0.06035
   0.00963
  -0.06325
   0.00937
   0.06043
  -0.02753
  -0.05216
   0.04320
   0.03918
  -0.05497
  -0.02267
   0.06178
   0.00410
  -0.06301
   0.01483
   0.05856
  -0.03242
  -0.04882
   0.04709
   0.03467
  -0.05750
  -0.01739
   0.06273
  -0.00146
  -0.06229
   0.02017
   0.05623
  -0.03707
  -0.04509
   0.05062
   0.02989
  -0.05960
  -0.01198
   0.06320
  -0.00701
  -0.06109
   0.02536
   0.05347
  -0.04143
  -0.04102
   0.05375
   0.02488
  -0.06123
  -0.00648
   0.06317
  -0.01250
  -0.05942
   0.03035
   0.05030
  -0.04546
  -0.03664
   0.05647
   0.01967
  -0.06238
  -0.00093
   0.06266
  -0.01790
  -0.05728
   0.03511
   0.04673
  -0.04915
  -0.03197
   0.05876
   0.01431
  -0.06306
   0.00463
   0.06166
  -0.02316
  -0.05471
   0.03959
   0.04281
  -0.05246
  -0.02705
   0.06058
   0.00885
  -0.06324
   0.01015
   0.06019
  -0.02824
  -0.05171
   0.04377
   0.03855
  -0.05536
  -0.02192
   0.06194
   0.00331
  -0.06294
   0.01560
   0.05825
  -0.03310
  -0.04831
   0.04762
   0.03400
  -0.05783
  -0.01663
   0.06283
  -0.00225
  -0.06215
   0.02092
   0.05586
  -0.03771
  -0.04453
   0.05109
   0.02918
  -0.05986
  -0.01120
   0.06322
  -0.00779
  -0.06088
   0.02609
   0.05304
  -0.04202
  -0.04042
   0.05417
   0.02414
  -0.06142
  -0.00569
   0.06313
  -0.01328
  -0.05914
   0.03105
   0.04981
  -0.04601
  -0.03599
   0.05683
   0.01891
  -0.06251
  -0.00013
   0.06255
  -0.01866
  -0.05694
   0.03577
   0.04620
  -0.04965
  -0.03128
   0.05904
   0.01354
  -0.06311
   0.00542
   0.06148
  -0.02390
  -0.05430
   0.04021
   0.04222
  -0.05290
  -0.02633
   0.06081
   0.00806
  -0.06323
   0.01094
   0.05994
  -0.02895
  -0.05124
   0.04434
   0.03792
  -0.05574
  -0.02117
   0.06210
   0.00252
  -0.06286
   0.01637
   0.05794
  -0.03378
  -0.04779
   0.04813
   0.03333
  -0.05815
  -0.01586
   0.06291
  -0.00304
  -0.06200
   0.02167
   0.05549
  -0.03834
  -0.04397
   0.05155
   0.02848
  -0.06011
  -0.01042
   0.06324
  -0.00858
  -0.06066
   0.02681
   0.05261
  -0.04261
  -0.03980
   0.05457
   0.02341
  -0.06160
  -0.00490
   0.06308
  -0.01405
  -0.05885
   0.03174
   0.04932
  -0.04655
  -0.03533
   0.05717
   0.01815
  -0.06262
   0.00066
   0.06243
  -0.01942
  -0.05659
   0.03642
   0.04565
  -0.05014
  -0.03059
   0.05932
   0.01276
  -0.06316
   0.00621
   0.06129
  -0.02463
  -0.05389
   0.04082
   0.04163
  -0.05333
  -0.02560
   0.06102
   0.00727
  -0.06321
   0.01172
   0.05968
  -0.02965
  -0.05078
   0.04491
   0.03728
  -0.05611
  -0.02042
   0.06225
   0.00172
  -0.06276
   0.01713
   0.05762
  -0.03445
  -0.04727
   0.04865
   0.03265
  -0.05846
  -0.01509
   0.06299
  -0.00384
  -0.06184
   0.02242
   0.05510
  -0.03897
  -0.04339
   0.05201
   0.02777
  -0.06035
  -0.00963
   0.06325
  -0.00937
  -0.06043
   0.02753
   0.05216
  -0.04320
  -0.03918
   0.05497
   0.02267
  -0.06178
  -0.00410
   0.06301
  -0.01483
  -0.05856
   0.03242
   0.04882
  -0.04709
  -0.03467
   0.05750
   0.01739
  -0.06273
   0.00146
   0.06229
  -0.02017
  -0.05623
   0.03707
   0.04509
  -0.05062
  -0.02989
   0.05960
   0.01198
  -0.06320
   0.00701
   0.06109
  -0.02536
  -0.05347
   0.04143
   0.04102
  -0.05375
  -0.02488
   0.06123
   0.00648
  -0.06317
   0.01250
   0.05942
  -0.03035
  -0.05030
   0.04546
   0.03664
  -0.05647
  -0.01967
   0.06238
   0.00093
  -0.06266
   0.01790
   0.05728
  -0.03511
  -0.04673
   0.04915
   0.03197
  -0.05876
  -0.01431
   0.06306
  -0.00463
  -0.06166
   0.02316
   0.05471
  -0.03959
  -0.04281
   0.05246
   0.02705
  -0.06058
  -0.00885
   0.06324
  -0.01015
  -0.06019
   0.02824
   0.05171
  -0.04377
  -0.03855
   0.05536
   0.02192
  -0.06194
  -0.00331
   0.06294
  -0.01560
  -0.05825
   0.03310
   0.04831
  -0.04762
  -0.03400
   0.05783
   0.01663
  -0.06283
   0.00225
   0.06215
  -0.02092
  -0.05586
   0.03771
   0.04453
  -0.05109
  -0.02918
   0.05986
   0.01120
  -0.06322
   0.00779
   0.06088
  -0.02609
  -0.05304
   0.04202
   0.04042
  -0.05417
  -0.02414
   0.06142
   0.00569
  -0.06313
