  -0.01791
  -0.03898
  -0.05458
  -0.06251
  -0.06166
  -0.05215
  -0.03532
  -0.01353
   0.01016
   0.03243
   0.05014
   0.06081
   0.06294
   0.05623
   0.04162
   0.02117
  -0.00226
  -0.02537
  -0.04491
  -0.05815
  -0.06322
  -0.05941
  -0.04726
  -0.02847
  -0.00568
   0.01791
   0.03898
   0.05458
   0.06251
   0.06166
   0.05215
   0.03532
   0.01353
  -0.01016
  -0.03243
  -0.05014
  -0.06081
  -0.06294
  -0.05623
  -0.04162
  -0.02117
   0.00226
   0.02537
   0.04491
   0.05815
   0.06322
   0.05941
   0.04726
   0.02847
   0.00568
  -0.01791
  -0.03898
  -0.05458
  -0.06251
  -0.06166
  -0.05215
  -0.03532
  -0.01353
   0.01016
   0.03243
   0.05014
   0.06081
   0.06294
   0.05623
   0.04162
   0.02117
  -0.00226
  -0.02537
  -0.04491
  -0.05815
  -0.06322
  -0.05941
  -0.04726
  -0.02847
  -0.00568
   0.01791
   0.03898
   0.05458
   0.06251
   0.06166
   0.05215
   0.03532
   0.01353
  -0.01016
  -0.03243
  -0.05014
  -0.06081
  -0.06294
  -0.05623
  -0.04162
  -0.02117
   0.00226
   0.02537
   0.04491
   0.05815
   0.06322
   0.05941
   0.04726
   0.02847
   0.00568
  -0.01791
  -0.03898
  -0.05458
  -0.06251
  -0.06166
  -0.05215
  -0.03532
  -0.01353
   0.01016
   0.03243
   0.05014
   0.06081
   0.06294
   0.05623
   0.04162
   0.02117
  -0.00226
  -0.02537
  -0.04491
  -0.05815
  -0.06322
  -0.05941
  -0.04726
  -0.02847
  -0.00568
   0.01791
   0.03898
   0.05458
   0.06251
   0.06166
   0.05215
   0.03532
   0.01353
  -0.01016
  -0.03243
  -0.05014
  -0.06081
  -0.06294
  -0.05623
  -0.04162
  -0.02117
   0.00226
   0.02537
   0.04491
   0.05815
   0.06322
   0.05941
   0.04726
   0.02847
   0.00568
  -0.01791
  -0.03898
  -0.05458
  -0.06251
  -0.06166
  -0.05215
  -0.03532
  -0.01353
   0.01016
   0.03243
   0.05014
   0.06081
   0.06294
   0.05623
   0.04162
   0.02117
  -0.00226
  -0.02537
  -0.04491
  -0.05815
  -0.06322
  -0.05941
  -0.04726
  -0.02847
  -0.00568
   0.01791
   0.03898
   0.05458
   0.06251
   0.06166
   0.05215
   0.03532
   0.01353
  -0.01016
  -0.03243
  -0.05014
  -0.06081
  -0.06294
  -0.05623
  -0.04162
  -0.02117
   0.00226
   0.02537
   0.04491
   0.05815
   0.06322
   0.05941
   0.04726
   0.02847
   0.00568
  -0.01791
  -0.03898
  -0.05458
  -0.06251
  -0.06166
  -0.05215
  -0.03532
  -0.01353
   0.01016
   0.03243
   0.05014
   0.06081
   0.06294
   0.05623
   0.04162
   0.02117
  -0.00226
  -0.02537
  -0.04491
  -0.05815
  -0.06322
  -0.05941
  -0.04726
  -0.02847
  -0.00568
   0.01791
   0.03898
   0.05458
   0.06251
   0.06166
   0.05215
   0.03532
   0.01353
  -0.01016
  -0.03243
  -0.05014
  -0.06081
  -0.06294
  -0.05623
  -0.04162
  -0.02117
   0.00226
   0.02537
   0.04491
   0.05815
   0.06322
   0.05941
   0.04726
   0.02847
   0.00568
  -0.01791
  -0.03898
  -0.05458
  -0.06251
  -0.06166
  -0.05215
  -0.03532
  -0.01353
   0.01016
   0.03243
   0.05014
   0.06081
   0.06294
   0.05623
   0.04162
   0.02117
  -0.00226
  -0.02537
  -0.04491
  -0.05815
  -0.06322
  -0.05941
  -0.04726
  -0.02847
  -0.00568
   0.01791
   0.03898
   0.05458
   0.06251
   0.06166
   0.05215
   0.03532
   0.01353
  -0.01016
  -0.03243
  -0.05014
  -0.06081
  -0.06294
  -0.05623
  -0.04162
  -0.02117
   0.00226
   0.02537
   0.04491
   0.05815
   0.06322
   0.05941
   0.04726
   0.02847
   0.00568
  -0.01791
  -0.03898
  -0.05458
  -0.06251
  -0.06166
  -0.05215
  -0.03532
  -0.01353
   0.01016
   0.03243
   0.05014
   0.06081
   0.06294
   0.05623
   0.04162
   0.02117
  -0.00226
  -0.02537
  -0.04491
  -0.05815
  -0.06322
  -0.05941
  -0.04726
  -0.02847
  -0.00568
   0.01791
   0.03898
   0.05458
   0.06251
   0.06166
   0.05215
   0.03532
   0.01353
  -0.01016
  -0.03243
  -0.05014
  -0.06081
  -0.06294
  -0.05623
  -0.04162
  -0.02117
   0.00226
   0.02537
   0.04491
   0.05815
   0.06322
   0.05941
   0.04726
   0.02847
   0.00568
  -0.01791
  -0.03898
  -0.05458
  -0.06251
  -0.06166
  -0.05215
  -0.03532
  -0.01353
   0.01016
   0.03243
   0.05014
   0.06081
   0.06294
   0.05623
   0.04162
   0.02117
  -0.00226
  -0.02537
  -0.04491
  -0.05815
  -0.06322
  -0.05941
  -0.04726
  -0.02847
  -0.00568
   0.01791
   0.03898
   0.05458
   0.06251
   0.06166
   0.05215
   0.03532
   0.01353
  -0.01016
  -0.03243
  -0.05014
  -0.06081
  -0.06294
  -0.05623
  -0.04162
  -0.02117
   0.00226
   0.02537
   0.04491
   0.05815
   0.06322
   0.05941
   0.04726
   0.02847
   0.00568
  -0.01791
  -0.03898
  -0.05458
  -0.06251
  -0.06166
  -0.05215
  -0.03532
  -0.01353
   0.01016
   0.03243
   0.05014
   0.06081
   0.06294
   0.05623
   0.04162
   0.02117
  -0.00226
  -0.02537
  -0.04491
  -0.05815
  -0.06322
  -0.05941
  -0.04726
  -0.02847
  -0.00568
   0.01791
   0.03898
   0.05458
   0.06251
   0.06166
   0.05215
   0.03532
   0.01353
  -0.01016
  -0.03243
  -0.05014
  -0.06081
  -0.06294
  -0.05623
  -0.04162
  -0.02117
   0.00226
   0.02537
   0.04491
   0.05815
   0.06322
   0.05941
   0.04726
   0.02847
   0.00568
  -0.01791
  -0.03898
  -0.05458
  -0.06251
  -0.06166
  -0.05215
  -0.03532
  -0.01353
   0.01016
   0.03243
   0.05014
   0.06081
   0.06294
   0.05623
   0.04162
   0.02117
  -0.00226
  -0.02537
  -0.04491
  -0.05815
  -0.06322
  -0.05941
  -0.04726
  -0.02847
  -0.00568
   0.01791
   0.03898
   0.05458
   0.06251
   0.06166
   0.05215
   0.03532
   0.01353
  -0.01016
  -0.03243
  -0.05014
  -0.06081
  -0.06294
  -0.05623
  -0.04162
  -0.02117
   0.00226
   0.02537
   0.04491
   0.05815
   0.06322
   0.05941
   0.04726
   0.02847
   0.00568
