   0.05882
  -0.04090
  -0.03257
   0.06180
  -0.00710
  -0.05724
   0.04385
   0.02910
  -0.06252
   0.01104
   0.05544
  -0.04662
  -0.02551
   0.06300
  -0.01492
  -0.05342
   0.04921
   0.02183
  -0.06322
   0.01875
   0.05119
  -0.05161
  -0.01806
   0.06320
  -0.02251
  -0.04875
   0.05380
   0.01422
  -0.06293
   0.02618
   0.04613
  -0.05578
  -0.01032
   0.06241
  -0.02974
  -0.04332
   0.05755
   0.00638
  -0.06164
   0.03319
   0.04034
  -0.05908
  -0.00242
   0.06063
  -0.03650
  -0.03720
   0.06038
  -0.00156
  -0.05938
   0.03967
   0.03392
  -0.06144
   0.00552
   0.05790
  -0.04269
  -0.03050
   0.06226
  -0.00947
  -0.05619
   0.04553
   0.02696
  -0.06284
   0.01337
   0.05425
  -0.04820
  -0.02331
   0.06316
  -0.01723
  -0.05210
   0.05068
   0.01958
  -0.06324
   0.02102
   0.04975
  -0.05295
  -0.01576
   0.06307
  -0.02472
  -0.04720
   0.05502
   0.01188
  -0.06265
   0.02833
   0.04446
  -0.05687
  -0.00796
   0.06198
  -0.03182
  -0.04155
   0.05849
   0.00401
  -0.06107
   0.03519
   0.03848
  -0.05989
  -0.00003
   0.05991
  -0.03842
  -0.03525
   0.06105
  -0.00394
  -0.05852
   0.04150
   0.03188
  -0.06196
   0.00789
   0.05690
  -0.04442
  -0.02839
   0.06264
  -0.01182
  -0.05505
   0.04715
   0.02478
  -0.06306
   0.01570
   0.05299
  -0.04971
  -0.02108
   0.06324
  -0.01951
  -0.05072
   0.05207
   0.01730
  -0.06317
   0.02325
   0.04824
  -0.05422
  -0.01344
   0.06285
  -0.02690
  -0.04558
   0.05615
   0.00954
  -0.06228
   0.03044
   0.04274
  -0.05787
  -0.00559
   0.06146
  -0.03386
  -0.03973
   0.05936
   0.00162
  -0.06040
   0.03715
   0.03656
  -0.06061
   0.00235
   0.05910
  -0.04029
  -0.03324
   0.06163
  -0.00631
  -0.05757
   0.04327
   0.02980
  -0.06240
   0.01025
   0.05582
  -0.04608
  -0.02624
   0.06292
  -0.01415
  -0.05384
   0.04871
   0.02257
  -0.06320
   0.01799
   0.05165
  -0.05115
  -0.01882
   0.06323
  -0.02176
  -0.04926
   0.05338
   0.01499
  -0.06300
   0.02545
   0.04667
  -0.05541
  -0.01110
   0.06253
  -0.02904
  -0.04390
   0.05721
   0.00717
  -0.06182
   0.03251
   0.04095
  -0.05879
  -0.00321
   0.06085
  -0.03585
  -0.03784
   0.06014
  -0.00076
  -0.05965
   0.03905
   0.03459
  -0.06125
   0.00473
   0.05821
  -0.04210
  -0.03119
   0.06212
  -0.00868
  -0.05655
   0.04498
   0.02768
  -0.06274
   0.01260
   0.05466
  -0.04768
  -0.02405
   0.06312
  -0.01646
  -0.05255
   0.05020
   0.02033
  -0.06325
   0.02027
   0.05024
  -0.05251
  -0.01653
   0.06312
  -0.02399
  -0.04773
   0.05462
   0.01266
  -0.06275
   0.02761
   0.04503
  -0.05652
  -0.00875
   0.06213
  -0.03113
  -0.04215
   0.05819
   0.00480
  -0.06127
   0.03453
   0.03910
  -0.05963
  -0.00083
   0.06016
  -0.03779
  -0.03591
   0.06083
  -0.00314
  -0.05882
   0.04090
   0.03257
  -0.06180
   0.00710
   0.05724
  -0.04385
  -0.02910
   0.06252
  -0.01104
  -0.05544
   0.04662
   0.02551
  -0.06300
   0.01492
   0.05342
  -0.04921
  -0.02183
   0.06322
  -0.01875
  -0.05119
   0.05161
   0.01806
  -0.06320
   0.02251
   0.04875
  -0.05380
  -0.01422
   0.06293
  -0.02618
  -0.04613
   0.05578
   0.01032
  -0.06241
   0.02974
   0.04332
  -0.05755
  -0.00638
   0.06164
  -0.03319
  -0.04034
   0.05908
   0.00242
  -0.06063
   0.03650
   0.03720
  -0.06038
   0.00156
   0.05938
  -0.03967
  -0.03392
   0.06144
  -0.00552
  -0.05790
   0.04269
   0.03050
  -0.06226
   0.00947
   0.05619
  -0.04553
  -0.02696
   0.06284
  -0.01337
  -0.05425
   0.04820
   0.02331
  -0.06316
   0.01723
   0.05210
  -0.05068
  -0.01958
   0.06324
  -0.02102
  -0.04975
   0.05295
   0.01576
  -0.06307
   0.02472
   0.04720
  -0.05502
  -0.01188
   0.06265
  -0.02833
  -0.04446
   0.05687
   0.00796
  -0.06198
   0.03182
   0.04155
  -0.05849
  -0.00401
   0.06107
  -0.03519
  -0.03848
   0.05989
   0.00003
  -0.05991
   0.03842
   0.03525
  -0.06105
   0.00394
   0.05852
  -0.04150
  -0.03188
   0.06196
  -0.00789
  -0.05690
   0.04442
   0.02839
  -0.06264
   0.01182
   0.05505
  -0.04715
  -0.02478
   0.06306
  -0.01570
  -0.05299
   0.04971
   0.02108
  -0.06324
   0.01951
   0.05072
  -0.05207
  -0.01730
   0.06317
  -0.02325
  -0.04824
   0.05422
   0.01344
  -0.06285
   0.02690
   0.04558
  -0.05615
  -0.00954
   0.06228
  -0.03044
  -0.04274
   0.05787
   0.00559
  -0.06146
   0.03386
   0.03973
  -0.05936
  -0.00162
   0.06040
  -0.03715
  -0.03656
   0.06061
  -0.00235
  -0.05910
   0.04029
   0.03324
  -0.06163
   0.00631
   0.05757
  -0.04327
  -0.02980
   0.06240
  -0.01025
  -0.05582
   0.04608
   0.02624
  -0.06292
   0.01415
   0.05384
  -0.04871
  -0.02257
   0.06320
  -0.01799
  -0.05165
   0.05115
   0.01882
  -0.06323
   0.02176
   0.04926
  -0.05338
  -0.01499
   0.06300
  -0.02545
  -0.04667
   0.05541
   0.01110
  -0.06253
   0.02904
   0.04390
  -0.05721
  -0.00717
   0.06182
  -0.03251
  -0.04095
   0.05879
   0.00321
  -0.06085
   0.03585
   0.03784
  -0.06014
   0.00076
   0.05965
  -0.03905
  -0.03459
   0.06125
  -0.00473
  -0.05821
   0.04210
   0.03119
  -0.06212
   0.00868
   0.05655
  -0.04498
  -0.02768
   0.06274
  -0.01260
  -0.05466
   0.04768
   0.02405
  -0.06312
   0.01646
   0.05255
  -0.05020
  -0.02033
   0.06325
  -0.02027
  -0.05024
   0.05251
   0.01653
  -0.06312
   0.02399
   0.04773
  -0.05462
  -0.01266
   0.06275
  -0.02761
  -0.04503
   0.05652
   0.00875
  -0.06213
   0.03113
   0.04215
  -0.05819
  -0.00480
   0.06127
  -0.03453
  -0.03910
   0.05963
   0.00083
  -0.06016
   0.03779
   0.03591
  -0.06083
   0.00314
