  -0.05547
  -0.03397
  -0.00407
   0.02684
   0.05111
   0.06273
   0.05884
   0.04039
   0.01195
  -0.01945
  -0.04604
  -0.06123
  -0.06128
  -0.04617
  -0.01964
   0.01175
   0.04024
   0.05877
   0.06276
   0.05123
   0.02702
  -0.00387
  -0.03380
  -0.05537
  -0.06325
  -0.05547
  -0.03397
  -0.00407
   0.02684
   0.05111
   0.06273
   0.05884
   0.04039
   0.01195
  -0.01945
  -0.04604
  -0.06123
  -0.06128
  -0.04617
  -0.01964
   0.01175
   0.04024
   0.05877
   0.06276
   0.05123
   0.02702
  -0.00387
  -0.03380
  -0.05537
  -0.06325
  -0.05547
  -0.03397
  -0.00407
   0.02684
   0.05111
   0.06273
   0.05884
   0.04039
   0.01195
  -0.01945
  -0.04604
  -0.06123
  -0.06128
  -0.04617
  -0.01964
   0.01175
   0.04024
   0.05877
   0.06276
   0.05123
   0.02702
  -0.00387
  -0.03380
  -0.05537
  -0.06325
  -0.05547
  -0.03397
  -0.00407
   0.02684
   0.05111
   0.06273
   0.05884
   0.04039
   0.01195
  -0.01945
  -0.04604
  -0.06123
  -0.06128
  -0.04617
  -0.01964
   0.01175
   0.04024
   0.05877
   0.06276
   0.05123
   0.02702
  -0.00387
  -0.03380
  -0.05537
  -0.06325
  -0.05547
  -0.03397
  -0.00407
   0.02684
   0.05111
   0.06273
   0.05884
   0.04039
   0.01195
  -0.01945
  -0.04604
  -0.06123
  -0.06128
  -0.04617
  -0.01964
   0.01175
   0.04024
   0.05877
   0.06276
   0.05123
   0.02702
  -0.00387
  -0.03380
  -0.05537
  -0.06325
  -0.05547
  -0.03397
  -0.00407
   0.02684
   0.05111
   0.06273
   0.05884
   0.04039
   0.01195
  -0.01945
  -0.04604
  -0.06123
  -0.06128
  -0.04617
  -0.01964
   0.01175
   0.04024
   0.05877
   0.06276
   0.05123
   0.02702
  -0.00387
  -0.03380
  -0.05537
  -0.06325
  -0.05547
  -0.03397
  -0.00407
   0.02684
   0.05111
   0.06273
   0.05884
   0.04039
   0.01195
  -0.01945
  -0.04604
  -0.06123
  -0.06128
  -0.04617
  -0.01964
   0.01175
   0.04024
   0.05877
   0.06276
   0.05123
   0.02702
  -0.00387
  -0.03380
  -0.05537
  -0.06325
  -0.05547
  -0.03397
  -0.00407
   0.02684
   0.05111
   0.06273
   0.05884
   0.04039
   0.01195
  -0.01945
  -0.04604
  -0.06123
  -0.06128
  -0.04617
  -0.01964
   0.01175
   0.04024
   0.05877
   0.06276
   0.05123
   0.02702
  -0.00387
  -0.03380
  -0.05537
  -0.06325
  -0.05547
  -0.03397
  -0.00407
   0.02684
   0.05111
   0.06273
   0.05884
   0.04039
   0.01195
  -0.01945
  -0.04604
  -0.06123
  -0.06128
  -0.04617
  -0.01964
   0.01175
   0.04024
   0.05877
   0.06276
   0.05123
   0.02702
  -0.00387
  -0.03380
  -0.05537
  -0.06325
  -0.05547
  -0.03397
  -0.00407
   0.02684
   0.05111
   0.06273
   0.05884
   0.04039
   0.01195
  -0.01945
  -0.04604
  -0.06123
  -0.06128
  -0.04617
  -0.01964
   0.01175
   0.04024
   0.05877
   0.06276
   0.05123
   0.02702
  -0.00387
  -0.03380
  -0.05537
  -0.06325
  -0.05547
  -0.03397
  -0.00407
   0.02684
   0.05111
   0.06273
   0.05884
   0.04039
   0.01195
  -0.01945
  -0.04604
  -0.06123
  -0.06128
  -0.04617
  -0.01964
   0.01175
   0.04024
   0.05877
   0.06276
   0.05123
   0.02702
  -0.00387
  -0.03380
  -0.05537
  -0.06325
  -0.05547
  -0.03397
  -0.00407
   0.02684
   0.05111
   0.06273
   0.05884
   0.04039
   0.01195
  -0.01945
  -0.04604
  -0.06123
  -0.06128
  -0.04617
  -0.01964
   0.01175
   0.04024
   0.05877
   0.06276
   0.05123
   0.02702
  -0.00387
  -0.03380
  -0.05537
  -0.06325
  -0.05547
  -0.03397
  -0.00407
   0.02684
   0.05111
   0.06273
   0.05884
   0.04039
   0.01195
  -0.01945
  -0.04604
  -0.06123
  -0.06128
  -0.04617
  -0.01964
   0.01175
   0.04024
   0.05877
   0.06276
   0.05123
   0.02702
  -0.00387
  -0.03380
  -0.05537
  -0.06325
  -0.05547
  -0.03397
  -0.00407
   0.02684
   0.05111
   0.06273
   0.05884
   0.04039
   0.01195
  -0.01945
  -0.04604
  -0.06123
  -0.06128
  -0.04617
  -0.01964
   0.01175
   0.04024
   0.05877
   0.06276
   0.05123
   0.02702
  -0.00387
  -0.03380
  -0.05537
  -0.06325
  -0.05547
  -0.03397
  -0.00407
   0.02684
   0.05111
   0.06273
   0.05884
   0.04039
   0.01195
  -0.01945
  -0.04604
  -0.06123
  -0.06128
  -0.04617
  -0.01964
   0.01175
   0.04024
   0.05877
   0.06276
   0.05123
   0.02702
  -0.00387
  -0.03380
  -0.05537
  -0.06325
  -0.05547
  -0.03397
  -0.00407
   0.02684
   0.05111
   0.06273
   0.05884
   0.04039
   0.01195
  -0.01945
  -0.04604
  -0.06123
  -0.06128
  -0.04617
  -0.01964
   0.01175
   0.04024
   0.05877
   0.06276
   0.05123
   0.02702
  -0.00387
  -0.03380
  -0.05537
  -0.06325
  -0.05547
  -0.03397
  -0.00407
   0.02684
   0.05111
   0.06273
   0.05884
   0.04039
   0.01195
  -0.01945
  -0.04604
  -0.06123
  -0.06128
  -0.04617
  -0.01964
   0.01175
   0.04024
   0.05877
   0.06276
   0.05123
   0.02702
  -0.00387
  -0.03380
  -0.05537
  -0.06325
  -0.05547
  -0.03397
  -0.00407
   0.02684
   0.05111
   0.06273
   0.05884
   0.04039
   0.01195
  -0.01945
  -0.04604
  -0.06123
  -0.06128
  -0.04617
  -0.01964
   0.01175
   0.04024
   0.05877
   0.06276
   0.05123
   0.02702
  -0.00387
  -0.03380
  -0.05537
  -0.06325
  -0.05547
  -0.03397
  -0.00407
   0.02684
   0.05111
   0.06273
   0.05884
   0.04039
   0.01195
  -0.01945
  -0.04604
  -0.06123
  -0.06128
  -0.04617
  -0.01964
   0.01175
   0.04024
   0.05877
   0.06276
   0.05123
   0.02702
  -0.00387
  -0.03380
  -0.05537
  -0.06325
  -0.05547
  -0.03397
  -0.00407
   0.02684
   0.05111
   0.06273
   0.05884
   0.04039
   0.01195
  -0.01945
  -0.04604
  -0.06123
  -0.06128
  -0.04617
  -0.01964
   0.01175
   0.04024
   0.05877
   0.06276
   0.05123
   0.02702
  -0.00387
  -0.03380
  -0.05537
  -0.06325
