   0.04915
  -0.02753
   0.00066
   0.02633
  -0.04830
   0.06109
  -0.06225
   0.05155
  -0.03105
   0.00463
   0.02266
  -0.04565
   0.05994
  -0.06283
   0.05375
  -0.03445
   0.00859
   0.01891
  -0.04281
   0.05856
  -0.06316
   0.05574
  -0.03771
   0.01250
   0.01508
  -0.03980
   0.05694
  -0.06324
   0.05751
  -0.04082
   0.01637
   0.01120
  -0.03663
   0.05510
  -0.06308
   0.05905
  -0.04378
   0.02018
   0.00727
  -0.03333
   0.05304
  -0.06266
   0.06035
  -0.04656
   0.02390
   0.00331
  -0.02988
   0.05077
  -0.06200
   0.06142
  -0.04915
   0.02753
  -0.00066
  -0.02633
   0.04830
  -0.06109
   0.06225
  -0.05155
   0.03105
  -0.00463
  -0.02266
   0.04565
  -0.05994
   0.06283
  -0.05375
   0.03445
  -0.00859
  -0.01891
   0.04281
  -0.05856
   0.06316
  -0.05574
   0.03771
  -0.01250
  -0.01508
   0.03980
  -0.05694
   0.06324
  -0.05751
   0.04082
  -0.01637
  -0.01120
   0.03663
  -0.05510
   0.06308
  -0.05905
   0.04378
  -0.02018
  -0.00727
   0.03333
  -0.05304
   0.06266
  -0.06035
   0.04656
  -0.02390
  -0.00331
   0.02988
  -0.05077
   0.06200
  -0.06142
   0.04915
  -0.02753
   0.00066
   0.02633
  -0.04830
   0.06109
  -0.06225
   0.05155
  -0.03105
   0.00463
   0.02266
  -0.04565
   0.05994
  -0.06283
   0.05375
  -0.03445
   0.00859
   0.01891
  -0.04281
   0.05856
  -0.06316
   0.05574
  -0.03771
   0.01250
   0.01508
  -0.03980
   0.05694
  -0.06324
   0.05751
  -0.04082
   0.01637
   0.01120
  -0.03663
   0.05510
  -0.06308
   0.05905
  -0.04378
   0.02018
   0.00727
  -0.03333
   0.05304
  -0.06266
   0.06035
  -0.04656
   0.02390
   0.00331
  -0.02988
   0.05077
  -0.06200
   0.06142
  -0.04915
   0.02753
  -0.00066
  -0.02633
   0.04830
  -0.06109
   0.06225
  -0.05155
   0.03105
  -0.00463
  -0.02266
   0.04565
  -0.05994
   0.06283
  -0.05375
   0.03445
  -0.00859
  -0.01891
   0.04281
  -0.05856
   0.06316
  -0.05574
   0.03771
  -0.01250
  -0.01508
   0.03980
  -0.05694
   0.06324
  -0.05751
   0.04082
  -0.01637
  -0.01120
   0.03663
  -0.05510
   0.06308
  -0.05905
   0.04378
  -0.02018
  -0.00727
   0.03333
  -0.05304
   0.06266
  -0.06035
   0.04656
  -0.02390
  -0.00331
   0.02988
  -0.05077
   0.06200
  -0.06142
   0.04915
  -0.02753
   0.00066
   0.02633
  -0.04830
   0.06109
  -0.06225
   0.05155
  -0.03105
   0.00463
   0.02266
  -0.04565
   0.05994
  -0.06283
   0.05375
  -0.03445
   0.00859
   0.01891
  -0.04281
   0.05856
  -0.06316
   0.05574
  -0.03771
   0.01250
   0.01508
  -0.03980
   0.05694
  -0.06324
   0.05751
  -0.04082
   0.01637
   0.01120
  -0.03663
   0.05510
  -0.06308
   0.05905
  -0.04378
   0.02018
   0.00727
  -0.03333
   0.05304
  -0.06266
   0.06035
  -0.04656
   0.02390
   0.00331
  -0.02988
   0.05077
  -0.06200
   0.06142
  -0.04915
   0.02753
  -0.00066
  -0.02633
   0.04830
  -0.06109
   0.06225
  -0.05155
   0.03105
  -0.00463
  -0.02266
   0.04565
  -0.05994
   0.06283
  -0.05375
   0.03445
  -0.00859
  -0.01891
   0.04281
  -0.05856
   0.06316
  -0.05574
   0.03771
  -0.01250
  -0.01508
   0.03980
  -0.05694
   0.06324
  -0.05751
   0.04082
  -0.01637
  -0.01120
   0.03663
  -0.05510
   0.06308
  -0.05905
   0.04378
  -0.02018
  -0.00727
   0.03333
  -0.05304
   0.06266
  -0.06035
   0.04656
  -0.02390
  -0.00331
   0.02988
  -0.05077
   0.06200
  -0.06142
   0.04915
  -0.02753
   0.00066
   0.02633
  -0.04830
   0.06109
  -0.06225
   0.05155
  -0.03105
   0.00463
   0.02266
  -0.04565
   0.05994
  -0.06283
   0.05375
  -0.03445
   0.00859
   0.01891
  -0.04281
   0.05856
  -0.06316
   0.05574
  -0.03771
   0.01250
   0.01508
  -0.03980
   0.05694
  -0.06324
   0.05751
  -0.04082
   0.01637
   0.01120
  -0.03663
   0.05510
  -0.06308
   0.05905
  -0.04378
   0.02018
   0.00727
  -0.03333
   0.05304
  -0.06266
   0.06035
  -0.04656
   0.02390
   0.00331
  -0.02988
   0.05077
  -0.06200
   0.06142
  -0.04915
   0.02753
  -0.00066
  -0.02633
   0.04830
  -0.06109
   0.06225
  -0.05155
   0.03105
  -0.00463
  -0.02266
   0.04565
  -0.05994
   0.06283
  -0.05375
   0.03445
  -0.00859
  -0.01891
   0.04281
  -0.05856
   0.06316
  -0.05574
   0.03771
  -0.01250
  -0.01508
   0.03980
  -0.05694
   0.06324
  -0.05751
   0.04082
  -0.01637
  -0.01120
   0.03663
  -0.05510
   0.06308
  -0.05905
   0.04378
  -0.02018
  -0.00727
   0.03333
  -0.05304
   0.06266
  -0.06035
   0.04656
  -0.02390
  -0.00331
   0.02988
  -0.05077
   0.06200
  -0.06142
   0.04915
  -0.02753
   0.00066
   0.02633
  -0.04830
   0.06109
  -0.06225
   0.05155
  -0.03105
   0.00463
   0.02266
  -0.04565
   0.05994
  -0.06283
   0.05375
  -0.03445
   0.00859
   0.01891
  -0.04281
   0.05856
  -0.06316
   0.05574
  -0.03771
   0.01250
   0.01508
  -0.03980
   0.05694
  -0.06324
   0.05751
  -0.04082
   0.01637
   0.01120
  -0.03663
   0.05510
  -0.06308
   0.05905
  -0.04378
   0.02018
   0.00727
  -0.03333
   0.05304
  -0.06266
   0.06035
  -0.04656
   0.02390
   0.00331
  -0.02988
   0.05077
  -0.06200
   0.06142
  -0.04915
   0.02753
  -0.00066
  -0.02633
   0.04830
  -0.06109
   0.06225
  -0.05155
   0.03105
  -0.00463
  -0.02266
   0.04565
  -0.05994
   0.06283
  -0.05375
   0.03445
  -0.00859
  -0.01891
   0.04281
  -0.05856
   0.06316
  -0.05574
   0.03771
  -0.01250
  -0.01508
   0.03980
  -0.05694
   0.06324
  -0.05751
   0.04082
  -0.01637
  -0.01120
   0.03663
  -0.05510
   0.06308
  -0.05905
   0.04378
  -0.02018
  -0.00727
   0.03333
  -0.05304
   0.06266
  -0.06035
   0.04656
  -0.02390
  -0.00331
   0.02988
  -0.05077
   0.06200
  -0.06142
