  -0.05351
  -0.02855
   0.00455
   0.03635
   0.05780
   0.06277
   0.04986
   0.02274
  -0.01086
  -0.04137
  -0.06008
  -0.06168
  -0.04570
  -0.01670
   0.01706
   0.04596
   0.06176
   0.05997
   0.04109
   0.01050
  -0.02308
  -0.05009
  -0.06282
  -0.05765
  -0.03605
  -0.00418
   0.02888
   0.05371
   0.06324
   0.05475
   0.03066
  -0.00217
  -0.03438
  -0.05679
  -0.06302
  -0.05129
  -0.02495
   0.00850
   0.03953
   0.05930
   0.06216
   0.04732
   0.01899
  -0.01475
  -0.04429
  -0.06121
  -0.06068
  -0.04287
  -0.01284
   0.02085
   0.04860
   0.06250
   0.05859
   0.03799
   0.00656
  -0.02674
  -0.05241
  -0.06315
  -0.05590
  -0.03272
  -0.00021
   0.03235
   0.05570
   0.06318
   0.05265
   0.02712
  -0.00614
  -0.03764
  -0.05843
  -0.06256
  -0.04887
  -0.02125
   0.01242
   0.04255
   0.06056
   0.06131
   0.04459
   0.01516
  -0.01858
  -0.04704
  -0.06209
  -0.05944
  -0.03986
  -0.00893
   0.02456
   0.05104
   0.06298
   0.05698
   0.03474
   0.00260
  -0.03028
  -0.05453
  -0.06324
  -0.05393
  -0.02926
   0.00376
   0.03570
   0.05747
   0.06287
   0.05035
   0.02348
  -0.01008
  -0.04076
  -0.05983
  -0.06185
  -0.04625
  -0.01747
   0.01629
   0.04541
   0.06159
   0.06022
   0.04169
   0.01128
  -0.02234
  -0.04960
  -0.06272
  -0.05797
  -0.03670
  -0.00498
   0.02817
   0.05329
   0.06322
   0.05514
   0.03135
  -0.00138
  -0.03371
  -0.05644
  -0.06308
  -0.05175
  -0.02568
   0.00772
   0.03891
   0.05902
   0.06231
   0.04784
   0.01975
  -0.01398
  -0.04372
  -0.06100
  -0.06090
  -0.04345
  -0.01362
   0.02010
   0.04808
   0.06237
   0.05888
   0.03862
   0.00735
  -0.02601
  -0.05196
  -0.06311
  -0.05627
  -0.03340
  -0.00101
   0.03167
   0.05532
   0.06321
   0.05309
   0.02784
  -0.00534
  -0.03700
  -0.05812
  -0.06267
  -0.04937
  -0.02200
   0.01164
   0.04196
   0.06033
   0.06150
   0.04515
   0.01593
  -0.01782
  -0.04650
  -0.06193
  -0.05971
  -0.04048
  -0.00971
   0.02382
   0.05057
   0.06290
   0.05732
   0.03540
   0.00339
  -0.02958
  -0.05412
  -0.06325
  -0.05434
  -0.02996
   0.00296
   0.03504
   0.05714
   0.06295
   0.05082
   0.02422
  -0.00929
  -0.04015
  -0.05957
  -0.06201
  -0.04679
  -0.01823
   0.01552
   0.04485
   0.06140
   0.06045
   0.04228
   0.01206
  -0.02160
  -0.04910
  -0.06261
  -0.05828
  -0.03735
  -0.00577
   0.02745
   0.05285
   0.06319
   0.05552
   0.03204
  -0.00058
  -0.03303
  -0.05607
  -0.06313
  -0.05221
  -0.02640
   0.00693
   0.03828
   0.05873
   0.06244
   0.04836
   0.02050
  -0.01320
  -0.04314
  -0.06079
  -0.06111
  -0.04402
  -0.01439
   0.01934
   0.04756
   0.06223
   0.05917
   0.03924
   0.00814
  -0.02529
  -0.05151
  -0.06305
  -0.05663
  -0.03407
  -0.00180
   0.03098
   0.05493
   0.06323
   0.05351
   0.02855
  -0.00455
  -0.03635
  -0.05780
  -0.06277
  -0.04986
  -0.02274
   0.01086
   0.04137
   0.06008
   0.06168
   0.04570
   0.01670
  -0.01706
  -0.04596
  -0.06176
  -0.05997
  -0.04109
  -0.01050
   0.02308
   0.05009
   0.06282
   0.05765
   0.03605
   0.00418
  -0.02888
  -0.05371
  -0.06324
  -0.05475
  -0.03066
   0.00217
   0.03438
   0.05679
   0.06302
   0.05129
   0.02495
  -0.00850
  -0.03953
  -0.05930
  -0.06216
  -0.04732
  -0.01899
   0.01475
   0.04429
   0.06121
   0.06068
   0.04287
   0.01284
  -0.02085
  -0.04860
  -0.06250
  -0.05859
  -0.03799
  -0.00656
   0.02674
   0.05241
   0.06315
   0.05590
   0.03272
   0.00021
  -0.03235
  -0.05570
  -0.06318
  -0.05265
  -0.02712
   0.00614
   0.03764
   0.05843
   0.06256
   0.04887
   0.02125
  -0.01242
  -0.04255
  -0.06056
  -0.06131
  -0.04459
  -0.01516
   0.01858
   0.04704
   0.06209
   0.05944
   0.03986
   0.00893
  -0.02456
  -0.05104
  -0.06298
  -0.05698
  -0.03474
  -0.00260
   0.03028
   0.05453
   0.06324
   0.05393
   0.02926
  -0.00376
  -0.03570
  -0.05747
  -0.06287
  -0.05035
  -0.02348
   0.01008
   0.04076
   0.05983
   0.06185
   0.04625
   0.01747
  -0.01629
  -0.04541
  -0.06159
  -0.06022
  -0.04169
  -0.01128
   0.02234
   0.04960
   0.06272
   0.05797
   0.03670
   0.00498
  -0.02817
  -0.05329
  -0.06322
  -0.05514
  -0.03135
   0.00138
   0.03371
   0.05644
   0.06308
   0.05175
   0.02568
  -0.00772
  -0.03891
  -0.05902
  -0.06231
  -0.04784
  -0.01975
   0.01398
   0.04372
   0.06100
   0.06090
   0.04345
   0.01362
  -0.02010
  -0.04808
  -0.06237
  -0.05888
  -0.03862
  -0.00735
   0.02601
   0.05196
   0.06311
   0.05627
   0.03340
   0.00101
  -0.03167
  -0.05532
  -0.06321
  -0.05309
  -0.02784
   0.00534
   0.03700
   0.05812
   0.06267
   0.04937
   0.02200
  -0.01164
  -0.04196
  -0.06033
  -0.06150
  -0.04515
  -0.01593
   0.01782
   0.04650
   0.06193
   0.05971
   0.04048
   0.00971
  -0.02382
  -0.05057
  -0.06290
  -0.05732
  -0.03540
  -0.00339
   0.02958
   0.05412
   0.06325
   0.05434
   0.02996
  -0.00296
  -0.03504
  -0.05714
  -0.06295
  -0.05082
  -0.02422
   0.00929
   0.04015
   0.05957
   0.06201
   0.04679
   0.01823
  -0.01552
  -0.04485
  -0.06140
  -0.06045
  -0.04228
  -0.01206
   0.02160
   0.04910
   0.06261
   0.05828
   0.03735
   0.00577
  -0.02745
  -0.05285
  -0.06319
  -0.05552
  -0.03204
   0.00058
   0.03303
   0.05607
   0.06313
   0.05221
   0.02640
  -0.00693
  -0.03828
  -0.05873
  -0.06244
  -0.04836
  -0.02050
   0.01320
   0.04314
   0.06079
   0.06111
   0.04402
   0.01439
  -0.01934
  -0.04756
  -0.06223
  -0.05917
  -0.03924
  -0.00814
   0.02529
   0.05151
   0.06305
   0.05663
   0.03407
   0.00180
  -0.03098
  -0.05493
  -0.06323
