  -0.06324
   0.00281
   0.06303
  -0.00756
  -0.06246
   0.01227
   0.06154
  -0.01691
  -0.06026
   0.02145
   0.05865
  -0.02587
  -0.05670
   0.03015
   0.05442
  -0.03425
  -0.05184
   0.03816
   0.04897
  -0.04185
  -0.04581
   0.04530
   0.04240
  -0.04850
  -0.03874
   0.05142
   0.03487
  -0.05404
  -0.03079
   0.05637
   0.02654
  -0.05837
  -0.02214
   0.06004
   0.01762
  -0.06136
  -0.01299
   0.06234
   0.00829
  -0.06297
  -0.00355
   0.06323
  -0.00122
  -0.06314
   0.00598
   0.06269
  -0.01071
  -0.06188
   0.01537
   0.06073
  -0.01995
  -0.05922
   0.02441
   0.05738
  -0.02874
  -0.05522
   0.03290
   0.05274
  -0.03688
  -0.04996
   0.04064
   0.04689
  -0.04418
  -0.04356
   0.04746
   0.03998
  -0.05047
  -0.03618
   0.05320
   0.03217
  -0.05563
  -0.02798
   0.05774
   0.02362
  -0.05952
  -0.01914
   0.06096
   0.01454
  -0.06206
  -0.00987
   0.06280
   0.00513
  -0.06319
  -0.00037
   0.06321
  -0.00440
  -0.06288
   0.00914
   0.06219
  -0.01382
  -0.06115
   0.01843
   0.05976
  -0.02294
  -0.05803
   0.02731
   0.05597
  -0.03153
  -0.05360
   0.03557
   0.05091
  -0.03941
  -0.04794
   0.04303
   0.04470
  -0.04639
  -0.04120
   0.04950
   0.03747
  -0.05233
  -0.03353
   0.05485
   0.02939
  -0.05707
  -0.02509
   0.05896
   0.02065
  -0.06052
  -0.01609
   0.06173
   0.01143
  -0.06259
  -0.00671
   0.06310
   0.00196
  -0.06324
   0.00281
   0.06303
  -0.00756
  -0.06246
   0.01227
   0.06154
  -0.01691
  -0.06026
   0.02145
   0.05865
  -0.02587
  -0.05670
   0.03015
   0.05442
  -0.03425
  -0.05184
   0.03816
   0.04897
  -0.04185
  -0.04581
   0.04530
   0.04240
  -0.04850
  -0.03874
   0.05142
   0.03487
  -0.05404
  -0.03079
   0.05637
   0.02654
  -0.05837
  -0.02214
   0.06004
   0.01762
  -0.06136
  -0.01299
   0.06234
   0.00829
  -0.06297
  -0.00355
   0.06323
  -0.00122
  -0.06314
   0.00598
   0.06269
  -0.01071
  -0.06188
   0.01537
   0.06073
  -0.01995
  -0.05922
   0.02441
   0.05738
  -0.02874
  -0.05522
   0.03290
   0.05274
  -0.03688
  -0.04996
   0.04064
   0.04689
  -0.04418
  -0.04356
   0.04746
   0.03998
  -0.05047
  -0.03618
   0.05320
   0.03217
  -0.05563
  -0.02798
   0.05774
   0.02362
  -0.05952
  -0.01914
   0.06096
   0.01454
  -0.06206
  -0.00987
   0.06280
   0.00513
  -0.06319
  -0.00037
   0.06321
  -0.00440
  -0.06288
   0.00914
   0.06219
  -0.01382
  -0.06115
   0.01843
   0.05976
  -0.02294
  -0.05803
   0.02731
   0.05597
  -0.03153
  -0.05360
   0.03557
   0.05091
  -0.03941
  -0.04794
   0.04303
   0.04470
  -0.04639
  -0.04120
   0.04950
   0.03747
  -0.05233
  -0.03353
   0.05485
   0.02939
  -0.05707
  -0.02509
   0.05896
   0.02065
  -0.06052
  -0.01609
   0.06173
   0.01143
  -0.06259
  -0.00671
   0.06310
   0.00196
  -0.06324
   0.00281
   0.06303
  -0.00756
  -0.06246
   0.01227
   0.06154
  -0.01691
  -0.06026
   0.02145
   0.05865
  -0.02587
  -0.05670
   0.03015
   0.05442
  -0.03425
  -0.05184
   0.03816
   0.04897
  -0.04185
  -0.04581
   0.04530
   0.04240
  -0.04850
  -0.03874
   0.05142
   0.03487
  -0.05404
  -0.03079
   0.05637
   0.02654
  -0.05837
  -0.02214
   0.06004
   0.01762
  -0.06136
  -0.01299
   0.06234
   0.00829
  -0.06297
  -0.00355
   0.06323
  -0.00122
  -0.06314
   0.00598
   0.06269
  -0.01071
  -0.06188
   0.01537
   0.06073
  -0.01995
  -0.05922
   0.02441
   0.05738
  -0.02874
  -0.05522
   0.03290
   0.05274
  -0.03688
  -0.04996
   0.04064
   0.04689
  -0.04418
  -0.04356
   0.04746
   0.03998
  -0.05047
  -0.03618
   0.05320
   0.03217
  -0.05563
  -0.02798
   0.05774
   0.02362
  -0.05952
  -0.01914
   0.06096
   0.01454
  -0.06206
  -0.00987
   0.06280
   0.00513
  -0.06319
  -0.00037
   0.06321
  -0.00440
  -0.06288
   0.00914
   0.06219
  -0.01382
  -0.06115
   0.01843
   0.05976
  -0.02294
  -0.05803
   0.02731
   0.05597
  -0.03153
  -0.05360
   0.03557
   0.05091
  -0.03941
  -0.04794
   0.04303
   0.04470
  -0.04639
  -0.04120
   0.04950
   0.03747
  -0.05233
  -0.03353
   0.05485
   0.02939
  -0.05707
  -0.02509
   0.05896
   0.02065
  -0.06052
  -0.01609
   0.06173
   0.01143
  -0.06259
  -0.00671
   0.06310
   0.00196
  -0.06324
   0.00281
   0.06303
  -0.00756
  -0.06246
   0.01227
   0.06154
  -0.01691
  -0.06026
   0.02145
   0.05865
  -0.02587
  -0.05670
   0.03015
   0.05442
  -0.03425
  -0.05184
   0.03816
   0.04897
  -0.04185
  -0.04581
   0.04530
   0.04240
  -0.04850
  -0.03874
   0.05142
   0.03487
  -0.05404
  -0.03079
   0.05637
   0.02654
  -0.05837
  -0.02214
   0.06004
   0.01762
  -0.06136
  -0.01299
   0.06234
   0.00829
  -0.06297
  -0.00355
   0.06323
  -0.00122
  -0.06314
   0.00598
   0.06269
  -0.01071
  -0.06188
   0.01537
   0.06073
  -0.01995
  -0.05922
   0.02441
   0.05738
  -0.02874
  -0.05522
   0.03290
   0.05274
  -0.03688
  -0.04996
   0.04064
   0.04689
  -0.04418
  -0.04356
   0.04746
   0.03998
  -0.05047
  -0.03618
   0.05320
   0.03217
  -0.05563
  -0.02798
   0.05774
   0.02362
  -0.05952
  -0.01914
   0.06096
   0.01454
  -0.06206
  -0.00987
   0.06280
   0.00513
  -0.06319
  -0.00037
   0.06321
  -0.00440
  -0.06288
   0.00914
   0.06219
  -0.01382
  -0.06115
   0.01843
   0.05976
  -0.02294
  -0.05803
   0.02731
   0.05597
  -0.03153
  -0.05360
   0.03557
   0.05091
  -0.03941
  -0.04794
   0.04303
   0.04470
  -0.04639
  -0.04120
   0.04950
   0.03747
  -0.05233
  -0.03353
   0.05485
   0.02939
  -0.05707
  -0.02509
   0.05896
   0.02065
  -0.06052
  -0.01609
   0.06173
   0.01143
  -0.06259
  -0.00671
   0.06310
   0.00196
