   0.06293
   0.06198
   0.06040
   0.05821
   0.05544
   0.05210
   0.04824
   0.04389
   0.03910
   0.03391
   0.02838
   0.02257
   0.01652
   0.01031
   0.00400
  -0.00236
  -0.00869
  -0.01493
  -0.02102
  -0.02690
  -0.03251
  -0.03779
  -0.04269
  -0.04716
  -0.05115
  -0.05463
  -0.05755
  -0.05989
  -0.06163
  -0.06274
  -0.06322
  -0.06307
  -0.06227
  -0.06085
  -0.05881
  -0.05618
  -0.05299
  -0.04925
  -0.04502
  -0.04034
  -0.03524
  -0.02979
  -0.02405
  -0.01805
  -0.01188
  -0.00558
   0.00077
   0.00711
   0.01338
   0.01952
   0.02546
   0.03114
   0.03651
   0.04151
   0.04608
   0.05020
   0.05381
   0.05687
   0.05936
   0.06125
   0.06252
   0.06316
   0.06317
   0.06253
   0.06127
   0.05938
   0.05690
   0.05384
   0.05023
   0.04612
   0.04155
   0.03655
   0.03119
   0.02551
   0.01957
   0.01344
   0.00717
   0.00082
  -0.00553
  -0.01182
  -0.01800
  -0.02399
  -0.02975
  -0.03520
  -0.04029
  -0.04498
  -0.04922
  -0.05295
  -0.05616
  -0.05879
  -0.06084
  -0.06226
  -0.06306
  -0.06323
  -0.06275
  -0.06164
  -0.05991
  -0.05757
  -0.05465
  -0.05118
  -0.04720
  -0.04273
  -0.03784
  -0.03256
  -0.02695
  -0.02108
  -0.01498
  -0.00874
  -0.00241
   0.00394
   0.01026
   0.01647
   0.02252
   0.02833
   0.03387
   0.03906
   0.04385
   0.04820
   0.05207
   0.05541
   0.05819
   0.06038
   0.06197
   0.06292
   0.06325
   0.06293
   0.06198
   0.06040
   0.05821
   0.05544
   0.05210
   0.04824
   0.04389
   0.03910
   0.03391
   0.02838
   0.02257
   0.01652
   0.01031
   0.00400
  -0.00236
  -0.00869
  -0.01493
  -0.02102
  -0.02690
  -0.03251
  -0.03779
  -0.04269
  -0.04716
  -0.05115
  -0.05463
  -0.05755
  -0.05989
  -0.06163
  -0.06274
  -0.06322
  -0.06307
  -0.06227
  -0.06085
  -0.05881
  -0.05618
  -0.05299
  -0.04925
  -0.04502
  -0.04034
  -0.03524
  -0.02979
  -0.02405
  -0.01805
  -0.01188
  -0.00558
   0.00077
   0.00711
   0.01338
   0.01952
   0.02546
   0.03114
   0.03651
   0.04151
   0.04608
   0.05020
   0.05381
   0.05687
   0.05936
   0.06125
   0.06252
   0.06316
   0.06317
   0.06253
   0.06127
   0.05938
   0.05690
   0.05384
   0.05023
   0.04612
   0.04155
   0.03655
   0.03119
   0.02551
   0.01957
   0.01344
   0.00717
   0.00082
  -0.00553
  -0.01182
  -0.01800
  -0.02399
  -0.02975
  -0.03520
  -0.04029
  -0.04498
  -0.04922
  -0.05295
  -0.05616
  -0.05879
  -0.06084
  -0.06226
  -0.06306
  -0.06323
  -0.06275
  -0.06164
  -0.05991
  -0.05757
  -0.05465
  -0.05118
  -0.04720
  -0.04273
  -0.03784
  -0.03256
  -0.02695
  -0.02108
  -0.01498
  -0.00874
  -0.00241
   0.00394
   0.01026
   0.01647
   0.02252
   0.02833
   0.03387
   0.03906
   0.04385
   0.04820
   0.05207
   0.05541
   0.05819
   0.06038
   0.06197
   0.06292
   0.06325
   0.06293
   0.06198
   0.06040
   0.05821
   0.05544
   0.05210
   0.04824
   0.04389
   0.03910
   0.03391
   0.02838
   0.02257
   0.01652
   0.01031
   0.00400
  -0.00236
  -0.00869
  -0.01493
  -0.02102
  -0.02690
  -0.03251
  -0.03779
  -0.04269
  -0.04716
  -0.05115
  -0.05463
  -0.05755
  -0.05989
  -0.06163
  -0.06274
  -0.06322
  -0.06307
  -0.06227
  -0.06085
  -0.05881
  -0.05618
  -0.05299
  -0.04925
  -0.04502
  -0.04034
  -0.03524
  -0.02979
  -0.02405
  -0.01805
  -0.01188
  -0.00558
   0.00077
   0.00711
   0.01338
   0.01952
   0.02546
   0.03114
   0.03651
   0.04151
   0.04608
   0.05020
   0.05381
   0.05687
   0.05936
   0.06125
   0.06252
   0.06316
   0.06317
   0.06253
   0.06127
   0.05938
   0.05690
   0.05384
   0.05023
   0.04612
   0.04155
   0.03655
   0.03119
   0.02551
   0.01957
   0.01344
   0.00717
   0.00082
  -0.00553
  -0.01182
  -0.01800
  -0.02399
  -0.02975
  -0.03520
  -0.04029
  -0.04498
  -0.04922
  -0.05295
  -0.05616
  -0.05879
  -0.06084
  -0.06226
  -0.06306
  -0.06323
  -0.06275
  -0.06164
  -0.05991
  -0.05757
  -0.05465
  -0.05118
  -0.04720
  -0.04273
  -0.03784
  -0.03256
  -0.02695
  -0.02108
  -0.01498
  -0.00874
  -0.00241
   0.00394
   0.01026
   0.01647
   0.02252
   0.02833
   0.03387
   0.03906
   0.04385
   0.04820
   0.05207
   0.05541
   0.05819
   0.06038
   0.06197
   0.06292
   0.06325
   0.06293
   0.06198
   0.06040
   0.05821
   0.05544
   0.05210
   0.04824
   0.04389
   0.03910
   0.03391
   0.02838
   0.02257
   0.01652
   0.01031
   0.00400
  -0.00236
  -0.00869
  -0.01493
  -0.02102
  -0.02690
  -0.03251
  -0.03779
  -0.04269
  -0.04716
  -0.05115
  -0.05463
  -0.05755
  -0.05989
  -0.06163
  -0.06274
  -0.06322
  -0.06307
  -0.06227
  -0.06085
  -0.05881
  -0.05618
  -0.05299
  -0.04925
  -0.04502
  -0.04034
  -0.03524
  -0.02979
  -0.02405
  -0.01805
  -0.01188
  -0.00558
   0.00077
   0.00711
   0.01338
   0.01952
   0.02546
   0.03114
   0.03651
   0.04151
   0.04608
   0.05020
   0.05381
   0.05687
   0.05936
   0.06125
   0.06252
   0.06316
   0.06317
   0.06253
   0.06127
   0.05938
   0.05690
   0.05384
   0.05023
   0.04612
   0.04155
   0.03655
   0.03119
   0.02551
   0.01957
   0.01344
   0.00717
   0.00082
  -0.00553
  -0.01182
  -0.01800
  -0.02399
  -0.02975
  -0.03520
  -0.04029
  -0.04498
  -0.04922
  -0.05295
  -0.05616
  -0.05879
  -0.06084
  -0.06226
  -0.06306
  -0.06323
  -0.06275
  -0.06164
  -0.05991
  -0.05757
  -0.05465
  -0.05118
  -0.04720
  -0.04273
  -0.03784
  -0.03256
  -0.02695
  -0.02108
  -0.01498
  -0.00874
  -0.00241
   0.00394
   0.01026
   0.01647
   0.02252
   0.02833
   0.03387
   0.03906
   0.04385
   0.04820
   0.05207
   0.05541
   0.05819
   0.06038
   0.06197
   0.06292
   0.06325
