   0.03503
  -0.02856
  -0.06318
  -0.03370
   0.02997
   0.06323
   0.03234
  -0.03136
  -0.06325
  -0.03097
   0.03273
   0.06322
   0.02957
  -0.03408
  -0.06315
  -0.02816
   0.03540
   0.06305
   0.02673
  -0.03671
  -0.06290
  -0.02528
   0.03799
   0.06272
   0.02381
  -0.03925
  -0.06249
  -0.02233
   0.04049
   0.06223
   0.02084
  -0.04169
  -0.06193
  -0.01933
   0.04288
   0.06158
   0.01781
  -0.04403
  -0.06120
  -0.01628
   0.04516
   0.06078
   0.01474
  -0.04626
  -0.06032
  -0.01319
   0.04733
   0.05983
   0.01163
  -0.04836
  -0.05929
  -0.01007
   0.04937
   0.05872
   0.00849
  -0.05035
  -0.05811
  -0.00692
   0.05130
   0.05747
   0.00533
  -0.05221
  -0.05679
  -0.00375
   0.05309
   0.05607
   0.00216
  -0.05394
  -0.05531
  -0.00057
   0.05475
   0.05453
  -0.00102
  -0.05553
  -0.05370
   0.00261
   0.05627
   0.05285
  -0.00419
  -0.05698
  -0.05196
   0.00578
   0.05765
   0.05104
  -0.00736
  -0.05829
  -0.05008
   0.00894
   0.05889
   0.04909
  -0.01051
  -0.05945
  -0.04808
   0.01207
   0.05997
   0.04703
  -0.01363
  -0.06046
  -0.04595
   0.01517
   0.06090
   0.04484
  -0.01671
  -0.06131
  -0.04371
   0.01824
   0.06168
   0.04255
  -0.01976
  -0.06202
  -0.04136
   0.02126
   0.06231
   0.04014
  -0.02275
  -0.06256
  -0.03890
   0.02423
   0.06277
   0.03764
  -0.02569
  -0.06295
  -0.03635
   0.02713
   0.06308
   0.03503
  -0.02856
  -0.06318
  -0.03370
   0.02997
   0.06323
   0.03234
  -0.03136
  -0.06325
  -0.03097
   0.03273
   0.06322
   0.02957
  -0.03408
  -0.06315
  -0.02816
   0.03540
   0.06305
   0.02673
  -0.03671
  -0.06290
  -0.02528
   0.03799
   0.06272
   0.02381
  -0.03925
  -0.06249
  -0.02233
   0.04049
   0.06223
   0.02084
  -0.04169
  -0.06193
  -0.01933
   0.04288
   0.06158
   0.01781
  -0.04403
  -0.06120
  -0.01628
   0.04516
   0.06078
   0.01474
  -0.04626
  -0.06032
  -0.01319
   0.04733
   0.05983
   0.01163
  -0.04836
  -0.05929
  -0.01007
   0.04937
   0.05872
   0.00849
  -0.05035
  -0.05811
  -0.00692
   0.05130
   0.05747
   0.00533
  -0.05221
  -0.05679
  -0.00375
   0.05309
   0.05607
   0.00216
  -0.05394
  -0.05531
  -0.00057
   0.05475
   0.05453
  -0.00102
  -0.05553
  -0.05370
   0.00261
   0.05627
   0.05285
  -0.00419
  -0.05698
  -0.05196
   0.00578
   0.05765
   0.05104
  -0.00736
  -0.05829
  -0.05008
   0.00894
   0.05889
   0.04909
  -0.01051
  -0.05945
  -0.04808
   0.01207
   0.05997
   0.04703
  -0.01363
  -0.06046
  -0.04595
   0.01517
   0.06090
   0.04484
  -0.01671
  -0.06131
  -0.04371
   0.01824
   0.06168
   0.04255
  -0.01976
  -0.06202
  -0.04136
   0.02126
   0.06231
   0.04014
  -0.02275
  -0.06256
  -0.03890
   0.02423
   0.06277
   0.03764
  -0.02569
  -0.06295
  -0.03635
   0.02713
   0.06308
   0.03503
  -0.02856
  -0.06318
  -0.03370
   0.02997
   0.06323
   0.03234
  -0.03136
  -0.06325
  -0.03097
   0.03273
   0.06322
   0.02957
  -0.03408
  -0.06315
  -0.02816
   0.03540
   0.06305
   0.02673
  -0.03671
  -0.06290
  -0.02528
   0.03799
   0.06272
   0.02381
  -0.03925
  -0.06249
  -0.02233
   0.04049
   0.06223
   0.02084
  -0.04169
  -0.06193
  -0.01933
   0.04288
   0.06158
   0.01781
  -0.04403
  -0.06120
  -0.01628
   0.04516
   0.06078
   0.01474
  -0.04626
  -0.06032
  -0.01319
   0.04733
   0.05983
   0.01163
  -0.04836
  -0.05929
  -0.01007
   0.04937
   0.05872
   0.00849
  -0.05035
  -0.05811
  -0.00692
   0.05130
   0.05747
   0.00533
  -0.05221
  -0.05679
  -0.00375
   0.05309
   0.05607
   0.00216
  -0.05394
  -0.05531
  -0.00057
   0.05475
   0.05453
  -0.00102
  -0.05553
  -0.05370
   0.00261
   0.05627
   0.05285
  -0.00419
  -0.05698
  -0.05196
   0.00578
   0.05765
   0.05104
  -0.00736
  -0.05829
  -0.05008
   0.00894
   0.05889
   0.04909
  -0.01051
  -0.05945
  -0.04808
   0.01207
   0.05997
   0.04703
  -0.01363
  -0.06046
  -0.04595
   0.01517
   0.06090
   0.04484
  -0.01671
  -0.06131
  -0.04371
   0.01824
   0.06168
   0.04255
  -0.01976
  -0.06202
  -0.04136
   0.02126
   0.06231
   0.04014
  -0.02275
  -0.06256
  -0.03890
   0.02423
   0.06277
   0.03764
  -0.02569
  -0.06295
  -0.03635
   0.02713
   0.06308
   0.03503
  -0.02856
  -0.06318
  -0.03370
   0.02997
   0.06323
   0.03234
  -0.03136
  -0.06325
  -0.03097
   0.03273
   0.06322
   0.02957
  -0.03408
  -0.06315
  -0.02816
   0.03540
   0.06305
   0.02673
  -0.03671
  -0.06290
  -0.02528
   0.03799
   0.06272
   0.02381
  -0.03925
  -0.06249
  -0.02233
   0.04049
   0.06223
   0.02084
  -0.04169
  -0.06193
  -0.01933
   0.04288
   0.06158
   0.01781
  -0.04403
  -0.06120
  -0.01628
   0.04516
   0.06078
   0.01474
  -0.04626
  -0.06032
  -0.01319
   0.04733
   0.05983
   0.01163
  -0.04836
  -0.05929
  -0.01007
   0.04937
   0.05872
   0.00849
  -0.05035
  -0.05811
  -0.00692
   0.05130
   0.05747
   0.00533
  -0.05221
  -0.05679
  -0.00375
   0.05309
   0.05607
   0.00216
  -0.05394
  -0.05531
  -0.00057
   0.05475
   0.05453
  -0.00102
  -0.05553
  -0.05370
   0.00261
   0.05627
   0.05285
  -0.00419
  -0.05698
  -0.05196
   0.00578
   0.05765
   0.05104
  -0.00736
  -0.05829
  -0.05008
   0.00894
   0.05889
   0.04909
  -0.01051
  -0.05945
  -0.04808
   0.01207
   0.05997
   0.04703
  -0.01363
  -0.06046
  -0.04595
   0.01517
   0.06090
   0.04484
  -0.01671
  -0.06131
  -0.04371
   0.01824
   0.06168
   0.04255
  -0.01976
  -0.06202
  -0.04136
   0.02126
   0.06231
   0.04014
  -0.02275
  -0.06256
  -0.03890
   0.02423
   0.06277
   0.03764
  -0.02569
  -0.06295
  -0.03635
   0.02713
   0.06308
