   0.02975
  -0.03523
  -0.06292
  -0.02400
   0.04033
   0.06197
   0.01801
  -0.04501
  -0.06039
  -0.01183
   0.04925
   0.05819
   0.00554
  -0.05298
  -0.05541
   0.00081
   0.05618
   0.05207
  -0.00716
  -0.05881
  -0.04821
   0.01343
   0.06085
   0.04386
  -0.01956
  -0.06227
  -0.03906
   0.02550
   0.06307
   0.03387
  -0.03118
  -0.06323
  -0.02834
   0.03654
   0.06274
   0.02252
  -0.04154
  -0.06163
  -0.01648
   0.04612
   0.05989
   0.01027
  -0.05023
  -0.05755
  -0.00395
   0.05383
   0.05463
  -0.00240
  -0.05689
  -0.05116
   0.00873
   0.05938
   0.04717
  -0.01497
  -0.06126
  -0.04270
   0.02107
   0.06253
   0.03780
  -0.02694
  -0.06317
  -0.03252
   0.03255
   0.06316
   0.02691
  -0.03783
  -0.06253
  -0.02103
   0.04272
   0.06125
   0.01494
  -0.04719
  -0.05936
  -0.00870
   0.05118
   0.05688
   0.00237
  -0.05465
  -0.05381
   0.00399
   0.05757
   0.05021
  -0.01030
  -0.05991
  -0.04609
   0.01651
   0.06164
   0.04151
  -0.02256
  -0.06275
  -0.03651
   0.02837
   0.06323
   0.03115
  -0.03390
  -0.06306
  -0.02547
   0.03909
   0.06227
   0.01953
  -0.04388
  -0.06084
  -0.01339
   0.04823
   0.05880
   0.00712
  -0.05209
  -0.05616
  -0.00078
   0.05543
   0.05296
  -0.00557
  -0.05821
  -0.04922
   0.01187
   0.06040
   0.04499
  -0.01804
  -0.06198
  -0.04030
   0.02404
   0.06293
   0.03521
  -0.02979
  -0.06325
  -0.02975
   0.03523
   0.06292
   0.02400
  -0.04033
  -0.06197
  -0.01801
   0.04501
   0.06039
   0.01183
  -0.04925
  -0.05819
  -0.00554
   0.05298
   0.05541
  -0.00081
  -0.05618
  -0.05207
   0.00716
   0.05881
   0.04821
  -0.01343
  -0.06085
  -0.04386
   0.01956
   0.06227
   0.03906
  -0.02550
  -0.06307
  -0.03387
   0.03118
   0.06323
   0.02834
  -0.03654
  -0.06274
  -0.02252
   0.04154
   0.06163
   0.01648
  -0.04612
  -0.05989
  -0.01027
   0.05023
   0.05755
   0.00395
  -0.05383
  -0.05463
   0.00240
   0.05689
   0.05116
  -0.00873
  -0.05938
  -0.04717
   0.01497
   0.06126
   0.04270
  -0.02107
  -0.06253
  -0.03780
   0.02694
   0.06317
   0.03252
  -0.03255
  -0.06316
  -0.02691
   0.03783
   0.06253
   0.02103
  -0.04272
  -0.06125
  -0.01494
   0.04719
   0.05936
   0.00870
  -0.05118
  -0.05688
  -0.00237
   0.05465
   0.05381
  -0.00399
  -0.05757
  -0.05021
   0.01030
   0.05991
   0.04609
  -0.01651
  -0.06164
  -0.04151
   0.02256
   0.06275
   0.03651
  -0.02837
  -0.06323
  -0.03115
   0.03390
   0.06306
   0.02547
  -0.03909
  -0.06227
  -0.01953
   0.04388
   0.06084
   0.01339
  -0.04823
  -0.05880
  -0.00712
   0.05209
   0.05616
   0.00078
  -0.05543
  -0.05296
   0.00557
   0.05821
   0.04922
  -0.01187
  -0.06040
  -0.04499
   0.01804
   0.06198
   0.04030
  -0.02404
  -0.06293
  -0.03521
   0.02979
   0.06325
   0.02975
  -0.03523
  -0.06292
  -0.02400
   0.04033
   0.06197
   0.01801
  -0.04501
  -0.06039
  -0.01183
   0.04925
   0.05819
   0.00554
  -0.05298
  -0.05541
   0.00081
   0.05618
   0.05207
  -0.00716
  -0.05881
  -0.04821
   0.01343
   0.06085
   0.04386
  -0.01956
  -0.06227
  -0.03906
   0.02550
   0.06307
   0.03387
  -0.03118
  -0.06323
  -0.02834
   0.03654
   0.06274
   0.02252
  -0.04154
  -0.06163
  -0.01648
   0.04612
   0.05989
   0.01027
  -0.05023
  -0.05755
  -0.00395
   0.05383
   0.05463
  -0.00240
  -0.05689
  -0.05116
   0.00873
   0.05938
   0.04717
  -0.01497
  -0.06126
  -0.04270
   0.02107
   0.06253
   0.03780
  -0.02694
  -0.06317
  -0.03252
   0.03255
   0.06316
   0.02691
  -0.03783
  -0.06253
  -0.02103
   0.04272
   0.06125
   0.01494
  -0.04719
  -0.05936
  -0.00870
   0.05118
   0.05688
   0.00237
  -0.05465
  -0.05381
   0.00399
   0.05757
   0.05021
  -0.01030
  -0.05991
  -0.04609
   0.01651
   0.06164
   0.04151
  -0.02256
  -0.06275
  -0.03651
   0.02837
   0.06323
   0.03115
  -0.03390
  -0.06306
  -0.02547
   0.03909
   0.06227
   0.01953
  -0.04388
  -0.06084
  -0.01339
   0.04823
   0.05880
   0.00712
  -0.05209
  -0.05616
  -0.00078
   0.05543
   0.05296
  -0.00557
  -0.05821
  -0.04922
   0.01187
   0.06040
   0.04499
  -0.01804
  -0.06198
  -0.04030
   0.02404
   0.06293
   0.03521
  -0.02979
  -0.06325
  -0.02975
   0.03523
   0.06292
   0.02400
  -0.04033
  -0.06197
  -0.01801
   0.04501
   0.06039
   0.01183
  -0.04925
  -0.05819
  -0.00554
   0.05298
   0.05541
  -0.00081
  -0.05618
  -0.05207
   0.00716
   0.05881
   0.04821
  -0.01343
  -0.06085
  -0.04386
   0.01956
   0.06227
   0.03906
  -0.02550
  -0.06307
  -0.03387
   0.03118
   0.06323
   0.02834
  -0.03654
  -0.06274
  -0.02252
   0.04154
   0.06163
   0.01648
  -0.04612
  -0.05989
  -0.01027
   0.05023
   0.05755
   0.00395
  -0.05383
  -0.05463
   0.00240
   0.05689
   0.05116
  -0.00873
  -0.05938
  -0.04717
   0.01497
   0.06126
   0.04270
  -0.02107
  -0.06253
  -0.03780
   0.02694
   0.06317
   0.03252
  -0.03255
  -0.06316
  -0.02691
   0.03783
   0.06253
   0.02103
  -0.04272
  -0.06125
  -0.01494
   0.04719
   0.05936
   0.00870
  -0.05118
  -0.05688
  -0.00237
   0.05465
   0.05381
  -0.00399
  -0.05757
  -0.05021
   0.01030
   0.05991
   0.04609
  -0.01651
  -0.06164
  -0.04151
   0.02256
   0.06275
   0.03651
  -0.02837
  -0.06323
  -0.03115
   0.03390
   0.06306
   0.02547
  -0.03909
  -0.06227
  -0.01953
   0.04388
   0.06084
   0.01339
  -0.04823
  -0.05880
  -0.00712
   0.05209
   0.05616
   0.00078
  -0.05543
  -0.05296
   0.00557
   0.05821
   0.04922
  -0.01187
  -0.06040
  -0.04499
   0.01804
   0.06198
   0.04030
  -0.02404
  -0.06293
  -0.03521
   0.02979
   0.06325
