   0.05257
   0.05719
   0.00627
  -0.05074
  -0.05848
  -0.00943
   0.04878
   0.05962
   0.01256
  -0.04669
  -0.06060
  -0.01566
   0.04449
   0.06143
   0.01872
  -0.04218
  -0.06211
  -0.02173
   0.03976
   0.06263
   0.02468
  -0.03723
  -0.06299
  -0.02758
   0.03462
   0.06320
   0.03040
  -0.03192
  -0.06324
  -0.03315
   0.02913
   0.06313
   0.03582
  -0.02627
  -0.06285
  -0.03839
   0.02335
   0.06242
   0.04087
  -0.02037
  -0.06182
  -0.04324
   0.01733
   0.06108
   0.04550
  -0.01426
  -0.06017
  -0.04765
   0.01114
   0.05912
   0.04968
  -0.00800
  -0.05791
  -0.05159
   0.00484
   0.05656
   0.05336
  -0.00166
  -0.05507
  -0.05500
  -0.00152
   0.05344
   0.05650
   0.00469
  -0.05167
  -0.05785
  -0.00785
   0.04978
   0.05907
   0.01100
  -0.04775
  -0.06013
  -0.01411
   0.04561
   0.06104
   0.01719
  -0.04335
  -0.06179
  -0.02023
   0.04098
   0.06239
   0.02321
  -0.03851
  -0.06283
  -0.02614
   0.03594
   0.06312
   0.02900
  -0.03328
  -0.06324
  -0.03179
   0.03053
   0.06320
   0.03449
  -0.02771
  -0.06301
  -0.03711
   0.02482
   0.06265
   0.03964
  -0.02187
  -0.06214
  -0.04207
   0.01886
   0.06147
   0.04439
  -0.01580
  -0.06064
  -0.04659
   0.01270
   0.05966
   0.04868
  -0.00957
  -0.05854
  -0.05065
   0.00642
   0.05726
   0.05249
  -0.00325
  -0.05584
  -0.05420
   0.00007
   0.05427
   0.05577
   0.00310
  -0.05257
  -0.05719
  -0.00627
   0.05074
   0.05848
   0.00943
  -0.04878
  -0.05962
  -0.01256
   0.04669
   0.06060
   0.01566
  -0.04449
  -0.06143
  -0.01872
   0.04218
   0.06211
   0.02173
  -0.03976
  -0.06263
  -0.02468
   0.03723
   0.06299
   0.02758
  -0.03462
  -0.06320
  -0.03040
   0.03192
   0.06324
   0.03315
  -0.02913
  -0.06313
  -0.03582
   0.02627
   0.06285
   0.03839
  -0.02335
  -0.06242
  -0.04087
   0.02037
   0.06182
   0.04324
  -0.01733
  -0.06108
  -0.04550
   0.01426
   0.06017
   0.04765
  -0.01114
  -0.05912
  -0.04968
   0.00800
   0.05791
   0.05159
  -0.00484
  -0.05656
  -0.05336
   0.00166
   0.05507
   0.05500
   0.00152
  -0.05344
  -0.05650
  -0.00469
   0.05167
   0.05785
   0.00785
  -0.04978
  -0.05907
  -0.01100
   0.04775
   0.06013
   0.01411
  -0.04561
  -0.06104
  -0.01719
   0.04335
   0.06179
   0.02023
  -0.04098
  -0.06239
  -0.02321
   0.03851
   0.06283
   0.02614
  -0.03594
  -0.06312
  -0.02900
   0.03328
   0.06324
   0.03179
  -0.03053
  -0.06320
  -0.03449
   0.02771
   0.06301
   0.03711
  -0.02482
  -0.06265
  -0.03964
   0.02187
   0.06214
   0.04207
  -0.01886
  -0.06147
  -0.04439
   0.01580
   0.06064
   0.04659
  -0.01270
  -0.05966
  -0.04868
   0.00957
   0.05854
   0.05065
  -0.00642
  -0.05726
  -0.05249
   0.00325
   0.05584
   0.05420
  -0.00007
  -0.05427
  -0.05577
  -0.00310
   0.05257
   0.05719
   0.00627
  -0.05074
  -0.05848
  -0.00943
   0.04878
   0.05962
   0.01256
  -0.04669
  -0.06060
  -0.01566
   0.04449
   0.06143
   0.01872
  -0.04218
  -0.06211
  -0.02173
   0.03976
   0.06263
   0.02468
  -0.03723
  -0.06299
  -0.02758
   0.03462
   0.06320
   0.03040
  -0.03192
  -0.06324
  -0.03315
   0.02913
   0.06313
   0.03582
  -0.02627
  -0.06285
  -0.03839
   0.02335
   0.06242
   0.04087
  -0.02037
  -0.06182
  -0.04324
   0.01733
   0.06108
   0.04550
  -0.01426
  -0.06017
  -0.04765
   0.01114
   0.05912
   0.04968
  -0.00800
  -0.05791
  -0.05159
   0.00484
   0.05656
   0.05336
  -0.00166
  -0.05507
  -0.05500
  -0.00152
   0.05344
   0.05650
   0.00469
  -0.05167
  -0.05785
  -0.00785
   0.04978
   0.05907
   0.01100
  -0.04775
  -0.06013
  -0.01411
   0.04561
   0.06104
   0.01719
  -0.04335
  -0.06179
  -0.02023
   0.04098
   0.06239
   0.02321
  -0.03851
  -0.06283
  -0.02614
   0.03594
   0.06312
   0.02900
  -0.03328
  -0.06324
  -0.03179
   0.03053
   0.06320
   0.03449
  -0.02771
  -0.06301
  -0.03711
   0.02482
   0.06265
   0.03964
  -0.02187
  -0.06214
  -0.04207
   0.01886
   0.06147
   0.04439
  -0.01580
  -0.06064
  -0.04659
   0.01270
   0.05966
   0.04868
  -0.00957
  -0.05854
  -0.05065
   0.00642
   0.05726
   0.05249
  -0.00325
  -0.05584
  -0.05420
   0.00007
   0.05427
   0.05577
   0.00310
  -0.05257
  -0.05719
  -0.00627
   0.05074
   0.05848
   0.00943
  -0.04878
  -0.05962
  -0.01256
   0.04669
   0.06060
   0.01566
  -0.04449
  -0.06143
  -0.01872
   0.04218
   0.06211
   0.02173
  -0.03976
  -0.06263
  -0.02468
   0.03723
   0.06299
   0.02758
  -0.03462
  -0.06320
  -0.03040
   0.03192
   0.06324
   0.03315
  -0.02913
  -0.06313
  -0.03582
   0.02627
   0.06285
   0.03839
  -0.02335
  -0.06242
  -0.04087
   0.02037
   0.06182
   0.04324
  -0.01733
  -0.06108
  -0.04550
   0.01426
   0.06017
   0.04765
  -0.01114
  -0.05912
  -0.04968
   0.00800
   0.05791
   0.05159
  -0.00484
  -0.05656
  -0.05336
   0.00166
   0.05507
   0.05500
   0.00152
  -0.05344
  -0.05650
  -0.00469
   0.05167
   0.05785
   0.00785
  -0.04978
  -0.05907
  -0.01100
   0.04775
   0.06013
   0.01411
  -0.04561
  -0.06104
  -0.01719
   0.04335
   0.06179
   0.02023
  -0.04098
  -0.06239
  -0.02321
   0.03851
   0.06283
   0.02614
  -0.03594
  -0.06312
  -0.02900
   0.03328
   0.06324
   0.03179
  -0.03053
  -0.06320
  -0.03449
   0.02771
   0.06301
   0.03711
  -0.02482
  -0.06265
  -0.03964
   0.02187
   0.06214
   0.04207
  -0.01886
  -0.06147
  -0.04439
   0.01580
   0.06064
   0.04659
  -0.01270
  -0.05966
  -0.04868
   0.00957
   0.05854
   0.05065
  -0.00642
  -0.05726
  -0.05249
   0.00325
   0.05584
   0.05420
  -0.00007
  -0.05427
  -0.05577
  -0.00310
