   0.05140
  -0.02872
  -0.00039
   0.02941
  -0.05185
   0.06269
  -0.05951
   0.04301
  -0.01689
  -0.01301
   0.04000
  -0.05804
   0.06309
  -0.05403
   0.03288
  -0.00437
  -0.02511
   0.04898
  -0.06189
   0.06095
  -0.04638
   0.02143
   0.00831
  -0.03620
   0.05598
  -0.06324
   0.05636
  -0.03686
   0.00911
   0.02067
  -0.04583
   0.06073
  -0.06205
   0.04949
  -0.02585
  -0.00357
   0.03219
  -0.05361
   0.06303
  -0.05836
   0.04062
  -0.01380
  -0.01611
   0.04241
  -0.05923
   0.06280
  -0.05231
   0.03013
  -0.00120
  -0.02800
   0.05093
  -0.06247
   0.06003
  -0.04416
   0.01841
   0.01145
  -0.03876
   0.05739
  -0.06318
   0.05484
  -0.03423
   0.00596
   0.02365
  -0.04796
   0.06154
  -0.06136
   0.04745
  -0.02292
  -0.00674
   0.03488
  -0.05523
   0.06321
  -0.05706
   0.03814
  -0.01068
  -0.01916
   0.04472
  -0.06027
   0.06234
  -0.05046
   0.02729
   0.00198
  -0.03081
   0.05275
  -0.06288
   0.05895
  -0.04183
   0.01535
   0.01457
  -0.04122
   0.05865
  -0.06297
   0.05319
  -0.03151
   0.00279
   0.02656
  -0.04997
   0.06220
  -0.06051
   0.04528
  -0.01993
  -0.00989
   0.03749
  -0.05671
   0.06323
  -0.05562
   0.03555
  -0.00754
  -0.02216
   0.04691
  -0.06116
   0.06172
  -0.04848
   0.02439
   0.00515
  -0.03355
   0.05443
  -0.06314
   0.05773
  -0.03939
   0.01225
   0.01764
  -0.04358
   0.05977
  -0.06259
   0.05140
  -0.02872
  -0.00039
   0.02941
  -0.05185
   0.06269
  -0.05951
   0.04301
  -0.01689
  -0.01301
   0.04000
  -0.05804
   0.06309
  -0.05403
   0.03288
  -0.00437
  -0.02511
   0.04898
  -0.06189
   0.06095
  -0.04638
   0.02143
   0.00831
  -0.03620
   0.05598
  -0.06324
   0.05636
  -0.03686
   0.00911
   0.02067
  -0.04583
   0.06073
  -0.06205
   0.04949
  -0.02585
  -0.00357
   0.03219
  -0.05361
   0.06303
  -0.05836
   0.04062
  -0.01380
  -0.01611
   0.04241
  -0.05923
   0.06280
  -0.05231
   0.03013
  -0.00120
  -0.02800
   0.05093
  -0.06247
   0.06003
  -0.04416
   0.01841
   0.01145
  -0.03876
   0.05739
  -0.06318
   0.05484
  -0.03423
   0.00596
   0.02365
  -0.04796
   0.06154
  -0.06136
   0.04745
  -0.02292
  -0.00674
   0.03488
  -0.05523
   0.06321
  -0.05706
   0.03814
  -0.01068
  -0.01916
   0.04472
  -0.06027
   0.06234
  -0.05046
   0.02729
   0.00198
  -0.03081
   0.05275
  -0.06288
   0.05895
  -0.04183
   0.01535
   0.01457
  -0.04122
   0.05865
  -0.06297
   0.05319
  -0.03151
   0.00279
   0.02656
  -0.04997
   0.06220
  -0.06051
   0.04528
  -0.01993
  -0.00989
   0.03749
  -0.05671
   0.06323
  -0.05562
   0.03555
  -0.00754
  -0.02216
   0.04691
  -0.06116
   0.06172
  -0.04848
   0.02439
   0.00515
  -0.03355
   0.05443
  -0.06314
   0.05773
  -0.03939
   0.01225
   0.01764
  -0.04358
   0.05977
  -0.06259
   0.05140
  -0.02872
  -0.00039
   0.02941
  -0.05185
   0.06269
  -0.05951
   0.04301
  -0.01689
  -0.01301
   0.04000
  -0.05804
   0.06309
  -0.05403
   0.03288
  -0.00437
  -0.02511
   0.04898
  -0.06189
   0.06095
  -0.04638
   0.02143
   0.00831
  -0.03620
   0.05598
  -0.06324
   0.05636
  -0.03686
   0.00911
   0.02067
  -0.04583
   0.06073
  -0.06205
   0.04949
  -0.02585
  -0.00357
   0.03219
  -0.05361
   0.06303
  -0.05836
   0.04062
  -0.01380
  -0.01611
   0.04241
  -0.05923
   0.06280
  -0.05231
   0.03013
  -0.00120
  -0.02800
   0.05093
  -0.06247
   0.06003
  -0.04416
   0.01841
   0.01145
  -0.03876
   0.05739
  -0.06318
   0.05484
  -0.03423
   0.00596
   0.02365
  -0.04796
   0.06154
  -0.06136
   0.04745
  -0.02292
  -0.00674
   0.03488
  -0.05523
   0.06321
  -0.05706
   0.03814
  -0.01068
  -0.01916
   0.04472
  -0.06027
   0.06234
  -0.05046
   0.02729
   0.00198
  -0.03081
   0.05275
  -0.06288
   0.05895
  -0.04183
   0.01535
   0.01457
  -0.04122
   0.05865
  -0.06297
   0.05319
  -0.03151
   0.00279
   0.02656
  -0.04997
   0.06220
  -0.06051
   0.04528
  -0.01993
  -0.00989
   0.03749
  -0.05671
   0.06323
  -0.05562
   0.03555
  -0.00754
  -0.02216
   0.04691
  -0.06116
   0.06172
  -0.04848
   0.02439
   0.00515
  -0.03355
   0.05443
  -0.06314
   0.05773
  -0.03939
   0.01225
   0.01764
  -0.04358
   0.05977
  -0.06259
   0.05140
  -0.02872
  -0.00039
   0.02941
  -0.05185
   0.06269
  -0.05951
   0.04301
  -0.01689
  -0.01301
   0.04000
  -0.05804
   0.06309
  -0.05403
   0.03288
  -0.00437
  -0.02511
   0.04898
  -0.06189
   0.06095
  -0.04638
   0.02143
   0.00831
  -0.03620
   0.05598
  -0.06324
   0.05636
  -0.03686
   0.00911
   0.02067
  -0.04583
   0.06073
  -0.06205
   0.04949
  -0.02585
  -0.00357
   0.03219
  -0.05361
   0.06303
  -0.05836
   0.04062
  -0.01380
  -0.01611
   0.04241
  -0.05923
   0.06280
  -0.05231
   0.03013
  -0.00120
  -0.02800
   0.05093
  -0.06247
   0.06003
  -0.04416
   0.01841
   0.01145
  -0.03876
   0.05739
  -0.06318
   0.05484
  -0.03423
   0.00596
   0.02365
  -0.04796
   0.06154
  -0.06136
   0.04745
  -0.02292
  -0.00674
   0.03488
  -0.05523
   0.06321
  -0.05706
   0.03814
  -0.01068
  -0.01916
   0.04472
  -0.06027
   0.06234
  -0.05046
   0.02729
   0.00198
  -0.03081
   0.05275
  -0.06288
   0.05895
  -0.04183
   0.01535
   0.01457
  -0.04122
   0.05865
  -0.06297
   0.05319
  -0.03151
   0.00279
   0.02656
  -0.04997
   0.06220
  -0.06051
   0.04528
  -0.01993
  -0.00989
   0.03749
  -0.05671
   0.06323
  -0.05562
   0.03555
  -0.00754
  -0.02216
   0.04691
  -0.06116
   0.06172
  -0.04848
   0.02439
   0.00515
  -0.03355
   0.05443
  -0.06314
   0.05773
  -0.03939
   0.01225
   0.01764
  -0.04358
   0.05977
  -0.06259
