   0.03100
   0.02852
  -0.06277
   0.04139
   0.01667
  -0.05996
   0.05010
   0.00416
  -0.05473
   0.05680
  -0.00853
  -0.04730
   0.06121
  -0.02088
  -0.03796
   0.06316
  -0.03238
  -0.02710
   0.06256
  -0.04258
  -0.01514
   0.05943
  -0.05106
  -0.00257
   0.05392
  -0.05748
   0.01010
   0.04623
  -0.06159
   0.02237
   0.03668
  -0.06322
   0.03373
   0.02565
  -0.06230
   0.04374
   0.01359
  -0.05887
   0.05198
   0.00098
  -0.05307
   0.05813
  -0.01167
  -0.04513
   0.06193
  -0.02385
  -0.03537
   0.06325
  -0.03507
  -0.02419
   0.06201
  -0.04487
  -0.01203
   0.05827
  -0.05287
   0.00061
   0.05219
  -0.05874
   0.01323
   0.04400
  -0.06224
   0.02531
   0.03404
  -0.06323
   0.03638
   0.02271
  -0.06168
   0.04598
   0.01047
  -0.05764
   0.05372
  -0.00220
  -0.05127
   0.05931
  -0.01478
  -0.04285
   0.06250
  -0.02676
  -0.03269
   0.06317
  -0.03767
  -0.02122
   0.06130
  -0.04705
  -0.00890
   0.05696
  -0.05455
   0.00379
   0.05033
  -0.05984
   0.01632
   0.04166
  -0.06272
   0.02819
   0.03132
  -0.06308
   0.03893
   0.01972
  -0.06089
   0.04810
   0.00732
  -0.05626
   0.05533
  -0.00537
  -0.04935
   0.06034
  -0.01785
  -0.04046
   0.06291
  -0.02961
  -0.02993
   0.06294
  -0.04017
  -0.01820
   0.06045
  -0.04912
  -0.00574
   0.05551
  -0.05609
   0.00695
   0.04834
  -0.06079
   0.01937
   0.03922
  -0.06305
   0.03100
   0.02852
  -0.06277
   0.04139
   0.01667
  -0.05996
   0.05010
   0.00416
  -0.05473
   0.05680
  -0.00853
  -0.04730
   0.06121
  -0.02088
  -0.03796
   0.06316
  -0.03238
  -0.02710
   0.06256
  -0.04258
  -0.01514
   0.05943
  -0.05106
  -0.00257
   0.05392
  -0.05748
   0.01010
   0.04623
  -0.06159
   0.02237
   0.03668
  -0.06322
   0.03373
   0.02565
  -0.06230
   0.04374
   0.01359
  -0.05887
   0.05198
   0.00098
  -0.05307
   0.05813
  -0.01167
  -0.04513
   0.06193
  -0.02385
  -0.03537
   0.06325
  -0.03507
  -0.02419
   0.06201
  -0.04487
  -0.01203
   0.05827
  -0.05287
   0.00061
   0.05219
  -0.05874
   0.01323
   0.04400
  -0.06224
   0.02531
   0.03404
  -0.06323
   0.03638
   0.02271
  -0.06168
   0.04598
   0.01047
  -0.05764
   0.05372
  -0.00220
  -0.05127
   0.05931
  -0.01478
  -0.04285
   0.06250
  -0.02676
  -0.03269
   0.06317
  -0.03767
  -0.02122
   0.06130
  -0.04705
  -0.00890
   0.05696
  -0.05455
   0.00379
   0.05033
  -0.05984
   0.01632
   0.04166
  -0.06272
   0.02819
   0.03132
  -0.06308
   0.03893
   0.01972
  -0.06089
   0.04810
   0.00732
  -0.05626
   0.05533
  -0.00537
  -0.04935
   0.06034
  -0.01785
  -0.04046
   0.06291
  -0.02961
  -0.02993
   0.06294
  -0.04017
  -0.01820
   0.06045
  -0.04912
  -0.00574
   0.05551
  -0.05609
   0.00695
   0.04834
  -0.06079
   0.01937
   0.03922
  -0.06305
   0.03100
   0.02852
  -0.06277
   0.04139
   0.01667
  -0.05996
   0.05010
   0.00416
  -0.05473
   0.05680
  -0.00853
  -0.04730
   0.06121
  -0.02088
  -0.03796
   0.06316
  -0.03238
  -0.02710
   0.06256
  -0.04258
  -0.01514
   0.05943
  -0.05106
  -0.00257
   0.05392
  -0.05748
   0.01010
   0.04623
  -0.06159
   0.02237
   0.03668
  -0.06322
   0.03373
   0.02565
  -0.06230
   0.04374
   0.01359
  -0.05887
   0.05198
   0.00098
  -0.05307
   0.05813
  -0.01167
  -0.04513
   0.06193
  -0.02385
  -0.03537
   0.06325
  -0.03507
  -0.02419
   0.06201
  -0.04487
  -0.01203
   0.05827
  -0.05287
   0.00061
   0.05219
  -0.05874
   0.01323
   0.04400
  -0.06224
   0.02531
   0.03404
  -0.06323
   0.03638
   0.02271
  -0.06168
   0.04598
   0.01047
  -0.05764
   0.05372
  -0.00220
  -0.05127
   0.05931
  -0.01478
  -0.04285
   0.06250
  -0.02676
  -0.03269
   0.06317
  -0.03767
  -0.02122
   0.06130
  -0.04705
  -0.00890
   0.05696
  -0.05455
   0.00379
   0.05033
  -0.05984
   0.01632
   0.04166
  -0.06272
   0.02819
   0.03132
  -0.06308
   0.03893
   0.01972
  -0.06089
   0.04810
   0.00732
  -0.05626
   0.05533
  -0.00537
  -0.04935
   0.06034
  -0.01785
  -0.04046
   0.06291
  -0.02961
  -0.02993
   0.06294
  -0.04017
  -0.01820
   0.06045
  -0.04912
  -0.00574
   0.05551
  -0.05609
   0.00695
   0.04834
  -0.06079
   0.01937
   0.03922
  -0.06305
   0.03100
   0.02852
  -0.06277
   0.04139
   0.01667
  -0.05996
   0.05010
   0.00416
  -0.05473
   0.05680
  -0.00853
  -0.04730
   0.06121
  -0.02088
  -0.03796
   0.06316
  -0.03238
  -0.02710
   0.06256
  -0.04258
  -0.01514
   0.05943
  -0.05106
  -0.00257
   0.05392
  -0.05748
   0.01010
   0.04623
  -0.06159
   0.02237
   0.03668
  -0.06322
   0.03373
   0.02565
  -0.06230
   0.04374
   0.01359
  -0.05887
   0.05198
   0.00098
  -0.05307
   0.05813
  -0.01167
  -0.04513
   0.06193
  -0.02385
  -0.03537
   0.06325
  -0.03507
  -0.02419
   0.06201
  -0.04487
  -0.01203
   0.05827
  -0.05287
   0.00061
   0.05219
  -0.05874
   0.01323
   0.04400
  -0.06224
   0.02531
   0.03404
  -0.06323
   0.03638
   0.02271
  -0.06168
   0.04598
   0.01047
  -0.05764
   0.05372
  -0.00220
  -0.05127
   0.05931
  -0.01478
  -0.04285
   0.06250
  -0.02676
  -0.03269
   0.06317
  -0.03767
  -0.02122
   0.06130
  -0.04705
  -0.00890
   0.05696
  -0.05455
   0.00379
   0.05033
  -0.05984
   0.01632
   0.04166
  -0.06272
   0.02819
   0.03132
  -0.06308
   0.03893
   0.01972
  -0.06089
   0.04810
   0.00732
  -0.05626
   0.05533
  -0.00537
  -0.04935
   0.06034
  -0.01785
  -0.04046
   0.06291
  -0.02961
  -0.02993
   0.06294
  -0.04017
  -0.01820
   0.06045
  -0.04912
  -0.00574
   0.05551
  -0.05609
   0.00695
   0.04834
  -0.06079
   0.01937
   0.03922
  -0.06305
