  -0.01578
  -0.03052
  -0.04334
  -0.05343
  -0.06017
  -0.06312
  -0.06211
  -0.05720
  -0.04869
  -0.03713
  -0.02323
  -0.00787
   0.00798
   0.02334
   0.03722
   0.04877
   0.05725
   0.06214
   0.06312
   0.06013
   0.05337
   0.04325
   0.03042
   0.01567
  -0.00006
  -0.01578
  -0.03052
  -0.04334
  -0.05343
  -0.06017
  -0.06312
  -0.06211
  -0.05720
  -0.04869
  -0.03713
  -0.02323
  -0.00787
   0.00798
   0.02334
   0.03722
   0.04877
   0.05725
   0.06214
   0.06312
   0.06013
   0.05337
   0.04325
   0.03042
   0.01567
  -0.00006
  -0.01578
  -0.03052
  -0.04334
  -0.05343
  -0.06017
  -0.06312
  -0.06211
  -0.05720
  -0.04869
  -0.03713
  -0.02323
  -0.00787
   0.00798
   0.02334
   0.03722
   0.04877
   0.05725
   0.06214
   0.06312
   0.06013
   0.05337
   0.04325
   0.03042
   0.01567
  -0.00006
  -0.01578
  -0.03052
  -0.04334
  -0.05343
  -0.06017
  -0.06312
  -0.06211
  -0.05720
  -0.04869
  -0.03713
  -0.02323
  -0.00787
   0.00798
   0.02334
   0.03722
   0.04877
   0.05725
   0.06214
   0.06312
   0.06013
   0.05337
   0.04325
   0.03042
   0.01567
  -0.00006
  -0.01578
  -0.03052
  -0.04334
  -0.05343
  -0.06017
  -0.06312
  -0.06211
  -0.05720
  -0.04869
  -0.03713
  -0.02323
  -0.00787
   0.00798
   0.02334
   0.03722
   0.04877
   0.05725
   0.06214
   0.06312
   0.06013
   0.05337
   0.04325
   0.03042
   0.01567
  -0.00006
  -0.01578
  -0.03052
  -0.04334
  -0.05343
  -0.06017
  -0.06312
  -0.06211
  -0.05720
  -0.04869
  -0.03713
  -0.02323
  -0.00787
   0.00798
   0.02334
   0.03722
   0.04877
   0.05725
   0.06214
   0.06312
   0.06013
   0.05337
   0.04325
   0.03042
   0.01567
  -0.00006
  -0.01578
  -0.03052
  -0.04334
  -0.05343
  -0.06017
  -0.06312
  -0.06211
  -0.05720
  -0.04869
  -0.03713
  -0.02323
  -0.00787
   0.00798
   0.02334
   0.03722
   0.04877
   0.05725
   0.06214
   0.06312
   0.06013
   0.05337
   0.04325
   0.03042
   0.01567
  -0.00006
  -0.01578
  -0.03052
  -0.04334
  -0.05343
  -0.06017
  -0.06312
  -0.06211
  -0.05720
  -0.04869
  -0.03713
  -0.02323
  -0.00787
   0.00798
   0.02334
   0.03722
   0.04877
   0.05725
   0.06214
   0.06312
   0.06013
   0.05337
   0.04325
   0.03042
   0.01567
  -0.00006
  -0.01578
  -0.03052
  -0.04334
  -0.05343
  -0.06017
  -0.06312
  -0.06211
  -0.05720
  -0.04869
  -0.03713
  -0.02323
  -0.00787
   0.00798
   0.02334
   0.03722
   0.04877
   0.05725
   0.06214
   0.06312
   0.06013
   0.05337
   0.04325
   0.03042
   0.01567
  -0.00006
  -0.01578
  -0.03052
  -0.04334
  -0.05343
  -0.06017
  -0.06312
  -0.06211
  -0.05720
  -0.04869
  -0.03713
  -0.02323
  -0.00787
   0.00798
   0.02334
   0.03722
   0.04877
   0.05725
   0.06214
   0.06312
   0.06013
   0.05337
   0.04325
   0.03042
   0.01567
  -0.00006
  -0.01578
  -0.03052
  -0.04334
  -0.05343
  -0.06017
  -0.06312
  -0.06211
  -0.05720
  -0.04869
  -0.03713
  -0.02323
  -0.00787
   0.00798
   0.02334
   0.03722
   0.04877
   0.05725
   0.06214
   0.06312
   0.06013
   0.05337
   0.04325
   0.03042
   0.01567
  -0.00006
  -0.01578
  -0.03052
  -0.04334
  -0.05343
  -0.06017
  -0.06312
  -0.06211
  -0.05720
  -0.04869
  -0.03713
  -0.02323
  -0.00787
   0.00798
   0.02334
   0.03722
   0.04877
   0.05725
   0.06214
   0.06312
   0.06013
   0.05337
   0.04325
   0.03042
   0.01567
  -0.00006
  -0.01578
  -0.03052
  -0.04334
  -0.05343
  -0.06017
  -0.06312
  -0.06211
  -0.05720
  -0.04869
  -0.03713
  -0.02323
  -0.00787
   0.00798
   0.02334
   0.03722
   0.04877
   0.05725
   0.06214
   0.06312
   0.06013
   0.05337
   0.04325
   0.03042
   0.01567
  -0.00006
  -0.01578
  -0.03052
  -0.04334
  -0.05343
  -0.06017
  -0.06312
  -0.06211
  -0.05720
  -0.04869
  -0.03713
  -0.02323
  -0.00787
   0.00798
   0.02334
   0.03722
   0.04877
   0.05725
   0.06214
   0.06312
   0.06013
   0.05337
   0.04325
   0.03042
   0.01567
  -0.00006
  -0.01578
  -0.03052
  -0.04334
  -0.05343
  -0.06017
  -0.06312
  -0.06211
  -0.05720
  -0.04869
  -0.03713
  -0.02323
  -0.00787
   0.00798
   0.02334
   0.03722
   0.04877
   0.05725
   0.06214
   0.06312
   0.06013
   0.05337
   0.04325
   0.03042
   0.01567
  -0.00006
  -0.01578
  -0.03052
  -0.04334
  -0.05343
  -0.06017
  -0.06312
  -0.06211
  -0.05720
  -0.04869
  -0.03713
  -0.02323
  -0.00787
   0.00798
   0.02334
   0.03722
   0.04877
   0.05725
   0.06214
   0.06312
   0.06013
   0.05337
   0.04325
   0.03042
   0.01567
  -0.00006
  -0.01578
  -0.03052
  -0.04334
  -0.05343
  -0.06017
  -0.06312
  -0.06211
  -0.05720
  -0.04869
  -0.03713
  -0.02323
  -0.00787
   0.00798
   0.02334
   0.03722
   0.04877
   0.05725
   0.06214
   0.06312
   0.06013
   0.05337
   0.04325
   0.03042
   0.01567
  -0.00006
  -0.01578
  -0.03052
  -0.04334
  -0.05343
  -0.06017
  -0.06312
  -0.06211
  -0.05720
  -0.04869
  -0.03713
  -0.02323
  -0.00787
   0.00798
   0.02334
   0.03722
   0.04877
   0.05725
   0.06214
   0.06312
   0.06013
   0.05337
   0.04325
   0.03042
   0.01567
  -0.00006
  -0.01578
  -0.03052
  -0.04334
  -0.05343
  -0.06017
  -0.06312
  -0.06211
  -0.05720
  -0.04869
  -0.03713
  -0.02323
  -0.00787
   0.00798
   0.02334
   0.03722
   0.04877
   0.05725
   0.06214
   0.06312
   0.06013
   0.05337
   0.04325
   0.03042
   0.01567
  -0.00006
  -0.01578
  -0.03052
  -0.04334
  -0.05343
  -0.06017
  -0.06312
  -0.06211
  -0.05720
  -0.04869
  -0.03713
  -0.02323
  -0.00787
   0.00798
   0.02334
   0.03722
   0.04877
   0.05725
   0.06214
   0.06312
   0.06013
   0.05337
   0.04325
   0.03042
   0.01567
  -0.00006
