   0.03759
   0.01981
  -0.06047
   0.05005
   0.00266
  -0.05312
   0.05870
  -0.01469
  -0.04173
   0.06290
  -0.03092
  -0.02718
   0.06232
  -0.04481
  -0.01056
   0.05700
  -0.05529
   0.00686
   0.04736
  -0.06157
   0.02376
   0.03412
  -0.06318
   0.03886
   0.01829
  -0.05999
   0.05100
   0.00107
  -0.05224
   0.05928
  -0.01623
  -0.04053
   0.06304
  -0.03230
  -0.02573
   0.06203
  -0.04591
  -0.00899
   0.05630
  -0.05604
   0.00844
   0.04629
  -0.06192
   0.02523
   0.03277
  -0.06309
   0.04010
   0.01676
  -0.05947
   0.05193
  -0.00052
  -0.05133
   0.05981
  -0.01776
  -0.03929
   0.06315
  -0.03366
  -0.02427
   0.06170
  -0.04699
  -0.00741
   0.05555
  -0.05676
   0.01001
   0.04519
  -0.06222
   0.02668
   0.03140
  -0.06295
   0.04132
   0.01523
  -0.05891
   0.05282
  -0.00211
  -0.05038
   0.06031
  -0.01928
  -0.03804
   0.06322
  -0.03499
  -0.02280
   0.06133
  -0.04804
  -0.00583
   0.05478
  -0.05745
   0.01158
   0.04407
  -0.06249
   0.02811
   0.03001
  -0.06278
   0.04251
   0.01368
  -0.05831
   0.05368
  -0.00370
  -0.04941
   0.06077
  -0.02079
  -0.03675
   0.06324
  -0.03630
  -0.02131
   0.06092
  -0.04906
  -0.00425
   0.05397
  -0.05809
   0.01314
   0.04291
  -0.06271
   0.02953
   0.02860
  -0.06257
   0.04367
   0.01212
  -0.05767
   0.05450
  -0.00528
  -0.04840
   0.06119
  -0.02228
  -0.03545
   0.06323
  -0.03759
  -0.01981
   0.06047
  -0.05005
  -0.00266
   0.05312
  -0.05870
   0.01469
   0.04173
  -0.06290
   0.03092
   0.02718
  -0.06232
   0.04481
   0.01056
  -0.05700
   0.05529
  -0.00686
  -0.04736
   0.06157
  -0.02376
  -0.03412
   0.06318
  -0.03886
  -0.01829
   0.05999
  -0.05100
  -0.00107
   0.05224
  -0.05928
   0.01623
   0.04053
  -0.06304
   0.03230
   0.02573
  -0.06203
   0.04591
   0.00899
  -0.05630
   0.05604
  -0.00844
  -0.04629
   0.06192
  -0.02523
  -0.03277
   0.06309
  -0.04010
  -0.01676
   0.05947
  -0.05193
   0.00052
   0.05133
  -0.05981
   0.01776
   0.03929
  -0.06315
   0.03366
   0.02427
  -0.06170
   0.04699
   0.00741
  -0.05555
   0.05676
  -0.01001
  -0.04519
   0.06222
  -0.02668
  -0.03140
   0.06295
  -0.04132
  -0.01523
   0.05891
  -0.05282
   0.00211
   0.05038
  -0.06031
   0.01928
   0.03804
  -0.06322
   0.03499
   0.02280
  -0.06133
   0.04804
   0.00583
  -0.05478
   0.05745
  -0.01158
  -0.04407
   0.06249
  -0.02811
  -0.03001
   0.06278
  -0.04251
  -0.01368
   0.05831
  -0.05368
   0.00370
   0.04941
  -0.06077
   0.02079
   0.03675
  -0.06324
   0.03630
   0.02131
  -0.06092
   0.04906
   0.00425
  -0.05397
   0.05809
  -0.01314
  -0.04291
   0.06271
  -0.02953
  -0.02860
   0.06257
  -0.04367
  -0.01212
   0.05767
  -0.05450
   0.00528
   0.04840
  -0.06119
   0.02228
   0.03545
  -0.06323
   0.03759
   0.01981
  -0.06047
   0.05005
   0.00266
  -0.05312
   0.05870
  -0.01469
  -0.04173
   0.06290
  -0.03092
  -0.02718
   0.06232
  -0.04481
  -0.01056
   0.05700
  -0.05529
   0.00686
   0.04736
  -0.06157
   0.02376
   0.03412
  -0.06318
   0.03886
   0.01829
  -0.05999
   0.05100
   0.00107
  -0.05224
   0.05928
  -0.01623
  -0.04053
   0.06304
  -0.03230
  -0.02573
   0.06203
  -0.04591
  -0.00899
   0.05630
  -0.05604
   0.00844
   0.04629
  -0.06192
   0.02523
   0.03277
  -0.06309
   0.04010
   0.01676
  -0.05947
   0.05193
  -0.00052
  -0.05133
   0.05981
  -0.01776
  -0.03929
   0.06315
  -0.03366
  -0.02427
   0.06170
  -0.04699
  -0.00741
   0.05555
  -0.05676
   0.01001
   0.04519
  -0.06222
   0.02668
   0.03140
  -0.06295
   0.04132
   0.01523
  -0.05891
   0.05282
  -0.00211
  -0.05038
   0.06031
  -0.01928
  -0.03804
   0.06322
  -0.03499
  -0.02280
   0.06133
  -0.04804
  -0.00583
   0.05478
  -0.05745
   0.01158
   0.04407
  -0.06249
   0.02811
   0.03001
  -0.06278
   0.04251
   0.01368
  -0.05831
   0.05368
  -0.00370
  -0.04941
   0.06077
  -0.02079
  -0.03675
   0.06324
  -0.03630
  -0.02131
   0.06092
  -0.04906
  -0.00425
   0.05397
  -0.05809
   0.01314
   0.04291
  -0.06271
   0.02953
   0.02860
  -0.06257
   0.04367
   0.01212
  -0.05767
   0.05450
  -0.00528
  -0.04840
   0.06119
  -0.02228
  -0.03545
   0.06323
  -0.03759
  -0.01981
   0.06047
  -0.05005
  -0.00266
   0.05312
  -0.05870
   0.01469
   0.04173
  -0.06290
   0.03092
   0.02718
  -0.06232
   0.04481
   0.01056
  -0.05700
   0.05529
  -0.00686
  -0.04736
   0.06157
  -0.02376
  -0.03412
   0.06318
  -0.03886
  -0.01829
   0.05999
  -0.05100
  -0.00107
   0.05224
  -0.05928
   0.01623
   0.04053
  -0.06304
   0.03230
   0.02573
  -0.06203
   0.04591
   0.00899
  -0.05630
   0.05604
  -0.00844
  -0.04629
   0.06192
  -0.02523
  -0.03277
   0.06309
  -0.04010
  -0.01676
   0.05947
  -0.05193
   0.00052
   0.05133
  -0.05981
   0.01776
   0.03929
  -0.06315
   0.03366
   0.02427
  -0.06170
   0.04699
   0.00741
  -0.05555
   0.05676
  -0.01001
  -0.04519
   0.06222
  -0.02668
  -0.03140
   0.06295
  -0.04132
  -0.01523
   0.05891
  -0.05282
   0.00211
   0.05038
  -0.06031
   0.01928
   0.03804
  -0.06322
   0.03499
   0.02280
  -0.06133
   0.04804
   0.00583
  -0.05478
   0.05745
  -0.01158
  -0.04407
   0.06249
  -0.02811
  -0.03001
   0.06278
  -0.04251
  -0.01368
   0.05831
  -0.05368
   0.00370
   0.04941
  -0.06077
   0.02079
   0.03675
  -0.06324
   0.03630
   0.02131
  -0.06092
   0.04906
   0.00425
  -0.05397
   0.05809
  -0.01314
  -0.04291
   0.06271
  -0.02953
  -0.02860
   0.06257
  -0.04367
  -0.01212
   0.05767
  -0.05450
   0.00528
   0.04840
  -0.06119
   0.02228
   0.03545
  -0.06323
