   0.04124
   0.00830
  -0.05230
   0.06136
  -0.02944
  -0.02215
   0.05894
  -0.05636
   0.01614
   0.03487
  -0.06258
   0.04849
  -0.00201
  -0.04581
   0.06304
  -0.03815
  -0.01222
   0.05443
  -0.06028
   0.02587
   0.02582
  -0.06026
   0.05445
  -0.01226
  -0.03811
   0.06303
  -0.04585
  -0.00196
   0.04846
  -0.06259
   0.03491
   0.01609
  -0.05634
   0.05896
  -0.02219
  -0.02940
   0.06135
  -0.05232
   0.00834
   0.04121
  -0.06323
   0.04302
   0.00593
  -0.05092
   0.06190
  -0.03153
  -0.01990
   0.05803
  -0.05740
   0.01843
   0.03286
  -0.06219
   0.04999
  -0.00439
  -0.04414
   0.06319
  -0.04003
  -0.00987
   0.05317
  -0.06096
   0.02802
   0.02363
  -0.05950
   0.05562
  -0.01459
  -0.03618
   0.06279
  -0.04746
   0.00042
   0.04690
  -0.06289
   0.03687
   0.01377
  -0.05522
   0.05978
  -0.02441
  -0.02727
   0.06073
  -0.05362
   0.01070
   0.03937
  -0.06314
   0.04474
   0.00355
  -0.04947
   0.06234
  -0.03357
  -0.01762
   0.05705
  -0.05836
   0.02070
   0.03080
  -0.06172
   0.05141
  -0.00677
  -0.04240
   0.06324
  -0.04184
  -0.00751
   0.05184
  -0.06155
   0.03014
   0.02140
  -0.05865
   0.05672
  -0.01690
  -0.03420
   0.06246
  -0.04900
   0.00280
   0.04526
  -0.06310
   0.03878
   0.01144
  -0.05402
   0.06051
  -0.02659
  -0.02510
   0.06002
  -0.05485
   0.01304
   0.03748
  -0.06296
   0.04639
   0.00117
  -0.04795
   0.06270
  -0.03557
  -0.01532
   0.05598
  -0.05924
   0.02293
   0.02869
  -0.06115
   0.05276
  -0.00913
  -0.04060
   0.06321
  -0.04360
  -0.00514
   0.05044
  -0.06205
   0.03221
   0.01914
  -0.05771
   0.05773
  -0.01919
  -0.03217
   0.06205
  -0.05047
   0.00518
   0.04357
  -0.06322
   0.04064
   0.00908
  -0.05274
   0.06116
  -0.02873
  -0.02289
   0.05922
  -0.05600
   0.01537
   0.03553
  -0.06269
   0.04798
  -0.00122
  -0.04636
   0.06297
  -0.03751
  -0.01300
   0.05483
  -0.06003
   0.02514
   0.02655
  -0.06050
   0.05404
  -0.01148
  -0.03875
   0.06309
  -0.04530
  -0.00276
   0.04897
  -0.06247
   0.03424
   0.01686
  -0.05670
   0.05867
  -0.02145
  -0.03010
   0.06154
  -0.05187
   0.00756
   0.04181
  -0.06324
   0.04244
   0.00672
  -0.05139
   0.06173
  -0.03084
  -0.02065
   0.05835
  -0.05707
   0.01767
   0.03353
  -0.06233
   0.04950
  -0.00360
  -0.04470
   0.06315
  -0.03941
  -0.01065
   0.05360
  -0.06074
   0.02731
   0.02436
  -0.05976
   0.05524
  -0.01382
  -0.03683
   0.06288
  -0.04693
  -0.00037
   0.04743
  -0.06280
   0.03622
   0.01455
  -0.05560
   0.05951
  -0.02367
  -0.02798
   0.06094
  -0.05320
   0.00992
   0.03999
  -0.06318
   0.04417
   0.00434
  -0.04996
   0.06220
  -0.03290
  -0.01838
   0.05738
  -0.05805
   0.01994
   0.03149
  -0.06189
   0.05095
  -0.00598
  -0.04299
   0.06323
  -0.04124
  -0.00830
   0.05230
  -0.06136
   0.02944
   0.02215
  -0.05894
   0.05636
  -0.01614
  -0.03487
   0.06258
  -0.04849
   0.00201
   0.04581
  -0.06304
   0.03815
   0.01222
  -0.05443
   0.06028
  -0.02587
  -0.02582
   0.06026
  -0.05445
   0.01226
   0.03811
  -0.06303
   0.04585
   0.00196
  -0.04846
   0.06259
  -0.03491
  -0.01609
   0.05634
  -0.05896
   0.02219
   0.02940
  -0.06135
   0.05232
  -0.00834
  -0.04121
   0.06323
  -0.04302
  -0.00593
   0.05092
  -0.06190
   0.03153
   0.01990
  -0.05803
   0.05740
  -0.01843
  -0.03286
   0.06219
  -0.04999
   0.00439
   0.04414
  -0.06319
   0.04003
   0.00987
  -0.05317
   0.06096
  -0.02802
  -0.02363
   0.05950
  -0.05562
   0.01459
   0.03618
  -0.06279
   0.04746
  -0.00042
  -0.04690
   0.06289
  -0.03687
  -0.01377
   0.05522
  -0.05978
   0.02441
   0.02727
  -0.06073
   0.05362
  -0.01070
  -0.03937
   0.06314
  -0.04474
  -0.00355
   0.04947
  -0.06234
   0.03357
   0.01762
  -0.05705
   0.05836
  -0.02070
  -0.03080
   0.06172
  -0.05141
   0.00677
   0.04240
  -0.06324
   0.04184
   0.00751
  -0.05184
   0.06155
  -0.03014
  -0.02140
   0.05865
  -0.05672
   0.01690
   0.03420
  -0.06246
   0.04900
  -0.00280
  -0.04526
   0.06310
  -0.03878
  -0.01144
   0.05402
  -0.06051
   0.02659
   0.02510
  -0.06002
   0.05485
  -0.01304
  -0.03748
   0.06296
  -0.04639
  -0.00117
   0.04795
  -0.06270
   0.03557
   0.01532
  -0.05598
   0.05924
  -0.02293
  -0.02869
   0.06115
  -0.05276
   0.00913
   0.04060
  -0.06321
   0.04360
   0.00514
  -0.05044
   0.06205
  -0.03221
  -0.01914
   0.05771
  -0.05773
   0.01919
   0.03217
  -0.06205
   0.05047
  -0.00518
  -0.04357
   0.06322
  -0.04064
  -0.00908
   0.05274
  -0.06116
   0.02873
   0.02289
  -0.05922
   0.05600
  -0.01537
  -0.03553
   0.06269
  -0.04798
   0.00122
   0.04636
  -0.06297
   0.03751
   0.01300
  -0.05483
   0.06003
  -0.02514
  -0.02655
   0.06050
  -0.05404
   0.01148
   0.03875
  -0.06309
   0.04530
   0.00276
  -0.04897
   0.06247
  -0.03424
  -0.01686
   0.05670
  -0.05867
   0.02145
   0.03010
  -0.06154
   0.05187
  -0.00756
  -0.04181
   0.06324
  -0.04244
  -0.00672
   0.05139
  -0.06173
   0.03084
   0.02065
  -0.05835
   0.05707
  -0.01767
  -0.03353
   0.06233
  -0.04950
   0.00360
   0.04470
  -0.06315
   0.03941
   0.01065
  -0.05360
   0.06074
  -0.02731
  -0.02436
   0.05976
  -0.05524
   0.01382
   0.03683
  -0.06288
   0.04693
   0.00037
  -0.04743
   0.06280
  -0.03622
  -0.01455
   0.05560
  -0.05951
   0.02367
   0.02798
  -0.06094
   0.05320
  -0.00992
  -0.03999
   0.06318
  -0.04417
  -0.00434
   0.04996
  -0.06220
   0.03290
   0.01838
  -0.05738
   0.05805
  -0.01994
  -0.03149
   0.06189
  -0.05095
   0.00598
   0.04299
  -0.06323
