   0.03516
  -0.02700
  -0.06293
  -0.03776
   0.02409
   0.06254
   0.04026
  -0.02112
  -0.06199
  -0.04266
   0.01810
   0.06128
   0.04495
  -0.01503
  -0.06041
  -0.04713
   0.01192
   0.05940
   0.04919
  -0.00879
  -0.05823
  -0.05112
   0.00563
   0.05692
   0.05293
  -0.00246
  -0.05546
  -0.05460
  -0.00072
   0.05386
   0.05614
   0.00390
  -0.05213
  -0.05753
  -0.00706
   0.05026
   0.05878
   0.01021
  -0.04827
  -0.05988
  -0.01334
   0.04615
   0.06082
   0.01643
  -0.04392
  -0.06162
  -0.01947
   0.04158
   0.06226
   0.02247
  -0.03914
  -0.06274
  -0.02541
   0.03659
   0.06306
   0.02829
  -0.03395
  -0.06322
  -0.03110
   0.03123
   0.06323
   0.03383
  -0.02842
  -0.06307
  -0.03647
   0.02555
   0.06276
   0.03902
  -0.02261
  -0.06228
  -0.04147
   0.01961
   0.06165
   0.04382
  -0.01657
  -0.06086
  -0.04605
   0.01348
   0.05992
   0.04817
  -0.01036
  -0.05883
  -0.05017
   0.00721
   0.05759
   0.05204
  -0.00405
  -0.05620
  -0.05378
   0.00087
   0.05468
   0.05539
   0.00231
  -0.05301
  -0.05685
  -0.00548
   0.05121
   0.05817
   0.00864
  -0.04928
  -0.05935
  -0.01178
   0.04723
   0.06037
   0.01489
  -0.04505
  -0.06124
  -0.01796
   0.04277
   0.06196
   0.02098
  -0.04037
  -0.06252
  -0.02395
   0.03787
   0.06292
   0.02686
  -0.03528
  -0.06316
  -0.02970
   0.03260
   0.06325
   0.03247
  -0.02984
  -0.06317
  -0.03516
   0.02700
   0.06293
   0.03776
  -0.02409
  -0.06254
  -0.04026
   0.02112
   0.06199
   0.04266
  -0.01810
  -0.06128
  -0.04495
   0.01503
   0.06041
   0.04713
  -0.01192
  -0.05940
  -0.04919
   0.00879
   0.05823
   0.05112
  -0.00563
  -0.05692
  -0.05293
   0.00246
   0.05546
   0.05460
   0.00072
  -0.05386
  -0.05614
  -0.00390
   0.05213
   0.05753
   0.00706
  -0.05026
  -0.05878
  -0.01021
   0.04827
   0.05988
   0.01334
  -0.04615
  -0.06082
  -0.01643
   0.04392
   0.06162
   0.01947
  -0.04158
  -0.06226
  -0.02247
   0.03914
   0.06274
   0.02541
  -0.03659
  -0.06306
  -0.02829
   0.03395
   0.06322
   0.03110
  -0.03123
  -0.06323
  -0.03383
   0.02842
   0.06307
   0.03647
  -0.02555
  -0.06276
  -0.03902
   0.02261
   0.06228
   0.04147
  -0.01961
  -0.06165
  -0.04382
   0.01657
   0.06086
   0.04605
  -0.01348
  -0.05992
  -0.04817
   0.01036
   0.05883
   0.05017
  -0.00721
  -0.05759
  -0.05204
   0.00405
   0.05620
   0.05378
  -0.00087
  -0.05468
  -0.05539
  -0.00231
   0.05301
   0.05685
   0.00548
  -0.05121
  -0.05817
  -0.00864
   0.04928
   0.05935
   0.01178
  -0.04723
  -0.06037
  -0.01489
   0.04505
   0.06124
   0.01796
  -0.04277
  -0.06196
  -0.02098
   0.04037
   0.06252
   0.02395
  -0.03787
  -0.06292
  -0.02686
   0.03528
   0.06316
   0.02970
  -0.03260
  -0.06325
  -0.03247
   0.02984
   0.06317
   0.03516
  -0.02700
  -0.06293
  -0.03776
   0.02409
   0.06254
   0.04026
  -0.02112
  -0.06199
  -0.04266
   0.01810
   0.06128
   0.04495
  -0.01503
  -0.06041
  -0.04713
   0.01192
   0.05940
   0.04919
  -0.00879
  -0.05823
  -0.05112
   0.00563
   0.05692
   0.05293
  -0.00246
  -0.05546
  -0.05460
  -0.00072
   0.05386
   0.05614
   0.00390
  -0.05213
  -0.05753
  -0.00706
   0.05026
   0.05878
   0.01021
  -0.04827
  -0.05988
  -0.01334
   0.04615
   0.06082
   0.01643
  -0.04392
  -0.06162
  -0.01947
   0.04158
   0.06226
   0.02247
  -0.03914
  -0.06274
  -0.02541
   0.03659
   0.06306
   0.02829
  -0.03395
  -0.06322
  -0.03110
   0.03123
   0.06323
   0.03383
  -0.02842
  -0.06307
  -0.03647
   0.02555
   0.06276
   0.03902
  -0.02261
  -0.06228
  -0.04147
   0.01961
   0.06165
   0.04382
  -0.01657
  -0.06086
  -0.04605
   0.01348
   0.05992
   0.04817
  -0.01036
  -0.05883
  -0.05017
   0.00721
   0.05759
   0.05204
  -0.00405
  -0.05620
  -0.05378
   0.00087
   0.05468
   0.05539
   0.00231
  -0.05301
  -0.05685
  -0.00548
   0.05121
   0.05817
   0.00864
  -0.04928
  -0.05935
  -0.01178
   0.04723
   0.06037
   0.01489
  -0.04505
  -0.06124
  -0.01796
   0.04277
   0.06196
   0.02098
  -0.04037
  -0.06252
  -0.02395
   0.03787
   0.06292
   0.02686
  -0.03528
  -0.06316
  -0.02970
   0.03260
   0.06325
   0.03247
  -0.02984
  -0.06317
  -0.03516
   0.02700
   0.06293
   0.03776
  -0.02409
  -0.06254
  -0.04026
   0.02112
   0.06199
   0.04266
  -0.01810
  -0.06128
  -0.04495
   0.01503
   0.06041
   0.04713
  -0.01192
  -0.05940
  -0.04919
   0.00879
   0.05823
   0.05112
  -0.00563
  -0.05692
  -0.05293
   0.00246
   0.05546
   0.05460
   0.00072
  -0.05386
  -0.05614
  -0.00390
   0.05213
   0.05753
   0.00706
  -0.05026
  -0.05878
  -0.01021
   0.04827
   0.05988
   0.01334
  -0.04615
  -0.06082
  -0.01643
   0.04392
   0.06162
   0.01947
  -0.04158
  -0.06226
  -0.02247
   0.03914
   0.06274
   0.02541
  -0.03659
  -0.06306
  -0.02829
   0.03395
   0.06322
   0.03110
  -0.03123
  -0.06323
  -0.03383
   0.02842
   0.06307
   0.03647
  -0.02555
  -0.06276
  -0.03902
   0.02261
   0.06228
   0.04147
  -0.01961
  -0.06165
  -0.04382
   0.01657
   0.06086
   0.04605
  -0.01348
  -0.05992
  -0.04817
   0.01036
   0.05883
   0.05017
  -0.00721
  -0.05759
  -0.05204
   0.00405
   0.05620
   0.05378
  -0.00087
  -0.05468
  -0.05539
  -0.00231
   0.05301
   0.05685
   0.00548
  -0.05121
  -0.05817
  -0.00864
   0.04928
   0.05935
   0.01178
  -0.04723
  -0.06037
  -0.01489
   0.04505
   0.06124
   0.01796
  -0.04277
  -0.06196
  -0.02098
   0.04037
   0.06252
   0.02395
  -0.03787
  -0.06292
  -0.02686
   0.03528
   0.06316
   0.02970
  -0.03260
  -0.06325
  -0.03247
   0.02984
   0.06317
