   0.00312
   0.00629
   0.00945
   0.01258
   0.01567
   0.01873
   0.02174
   0.02470
   0.02760
   0.03042
   0.03317
   0.03583
   0.03840
   0.04088
   0.04325
   0.04552
   0.04767
   0.04969
   0.05160
   0.05337
   0.05501
   0.05651
   0.05786
   0.05907
   0.06013
   0.06104
   0.06180
   0.06239
   0.06284
   0.06312
   0.06324
   0.06320
   0.06301
   0.06265
   0.06214
   0.06146
   0.06064
   0.05966
   0.05853
   0.05725
   0.05583
   0.05426
   0.05256
   0.05073
   0.04877
   0.04668
   0.04448
   0.04216
   0.03974
   0.03722
   0.03460
   0.03190
   0.02912
   0.02626
   0.02333
   0.02035
   0.01732
   0.01424
   0.01112
   0.00798
   0.00482
   0.00165
  -0.00153
  -0.00471
  -0.00787
  -0.01101
  -0.01413
  -0.01721
  -0.02025
  -0.02323
  -0.02616
  -0.02902
  -0.03180
  -0.03451
  -0.03713
  -0.03966
  -0.04208
  -0.04440
  -0.04661
  -0.04870
  -0.05066
  -0.05250
  -0.05421
  -0.05577
  -0.05720
  -0.05849
  -0.05962
  -0.06061
  -0.06144
  -0.06211
  -0.06263
  -0.06300
  -0.06320
  -0.06324
  -0.06312
  -0.06285
  -0.06241
  -0.06182
  -0.06107
  -0.06017
  -0.05911
  -0.05791
  -0.05656
  -0.05506
  -0.05343
  -0.05166
  -0.04976
  -0.04774
  -0.04560
  -0.04334
  -0.04097
  -0.03849
  -0.03592
  -0.03326
  -0.03052
  -0.02770
  -0.02480
  -0.02185
  -0.01884
  -0.01578
  -0.01269
  -0.00956
  -0.00640
  -0.00323
  -0.00006
   0.00312
   0.00629
   0.00945
   0.01258
   0.01567
   0.01873
   0.02174
   0.02470
   0.02760
   0.03042
   0.03317
   0.03583
   0.03840
   0.04088
   0.04325
   0.04552
   0.04767
   0.04969
   0.05160
   0.05337
   0.05501
   0.05651
   0.05786
   0.05907
   0.06013
   0.06104
   0.06180
   0.06239
   0.06284
   0.06312
   0.06324
   0.06320
   0.06301
   0.06265
   0.06214
   0.06146
   0.06064
   0.05966
   0.05853
   0.05725
   0.05583
   0.05426
   0.05256
   0.05073
   0.04877
   0.04668
   0.04448
   0.04216
   0.03974
   0.03722
   0.03460
   0.03190
   0.02912
   0.02626
   0.02333
   0.02035
   0.01732
   0.01424
   0.01112
   0.00798
   0.00482
   0.00165
  -0.00153
  -0.00471
  -0.00787
  -0.01101
  -0.01413
  -0.01721
  -0.02025
  -0.02323
  -0.02616
  -0.02902
  -0.03180
  -0.03451
  -0.03713
  -0.03966
  -0.04208
  -0.04440
  -0.04661
  -0.04870
  -0.05066
  -0.05250
  -0.05421
  -0.05577
  -0.05720
  -0.05849
  -0.05962
  -0.06061
  -0.06144
  -0.06211
  -0.06263
  -0.06300
  -0.06320
  -0.06324
  -0.06312
  -0.06285
  -0.06241
  -0.06182
  -0.06107
  -0.06017
  -0.05911
  -0.05791
  -0.05656
  -0.05506
  -0.05343
  -0.05166
  -0.04976
  -0.04774
  -0.04560
  -0.04334
  -0.04097
  -0.03849
  -0.03592
  -0.03326
  -0.03052
  -0.02770
  -0.02480
  -0.02185
  -0.01884
  -0.01578
  -0.01269
  -0.00956
  -0.00640
  -0.00323
  -0.00006
   0.00312
   0.00629
   0.00945
   0.01258
   0.01567
   0.01873
   0.02174
   0.02470
   0.02760
   0.03042
   0.03317
   0.03583
   0.03840
   0.04088
   0.04325
   0.04552
   0.04767
   0.04969
   0.05160
   0.05337
   0.05501
   0.05651
   0.05786
   0.05907
   0.06013
   0.06104
   0.06180
   0.06239
   0.06284
   0.06312
   0.06324
   0.06320
   0.06301
   0.06265
   0.06214
   0.06146
   0.06064
   0.05966
   0.05853
   0.05725
   0.05583
   0.05426
   0.05256
   0.05073
   0.04877
   0.04668
   0.04448
   0.04216
   0.03974
   0.03722
   0.03460
   0.03190
   0.02912
   0.02626
   0.02333
   0.02035
   0.01732
   0.01424
   0.01112
   0.00798
   0.00482
   0.00165
  -0.00153
  -0.00471
  -0.00787
  -0.01101
  -0.01413
  -0.01721
  -0.02025
  -0.02323
  -0.02616
  -0.02902
  -0.03180
  -0.03451
  -0.03713
  -0.03966
  -0.04208
  -0.04440
  -0.04661
  -0.04870
  -0.05066
  -0.05250
  -0.05421
  -0.05577
  -0.05720
  -0.05849
  -0.05962
  -0.06061
  -0.06144
  -0.06211
  -0.06263
  -0.06300
  -0.06320
  -0.06324
  -0.06312
  -0.06285
  -0.06241
  -0.06182
  -0.06107
  -0.06017
  -0.05911
  -0.05791
  -0.05656
  -0.05506
  -0.05343
  -0.05166
  -0.04976
  -0.04774
  -0.04560
  -0.04334
  -0.04097
  -0.03849
  -0.03592
  -0.03326
  -0.03052
  -0.02770
  -0.02480
  -0.02185
  -0.01884
  -0.01578
  -0.01269
  -0.00956
  -0.00640
  -0.00323
  -0.00006
   0.00312
   0.00629
   0.00945
   0.01258
   0.01567
   0.01873
   0.02174
   0.02470
   0.02760
   0.03042
   0.03317
   0.03583
   0.03840
   0.04088
   0.04325
   0.04552
   0.04767
   0.04969
   0.05160
   0.05337
   0.05501
   0.05651
   0.05786
   0.05907
   0.06013
   0.06104
   0.06180
   0.06239
   0.06284
   0.06312
   0.06324
   0.06320
   0.06301
   0.06265
   0.06214
   0.06146
   0.06064
   0.05966
   0.05853
   0.05725
   0.05583
   0.05426
   0.05256
   0.05073
   0.04877
   0.04668
   0.04448
   0.04216
   0.03974
   0.03722
   0.03460
   0.03190
   0.02912
   0.02626
   0.02333
   0.02035
   0.01732
   0.01424
   0.01112
   0.00798
   0.00482
   0.00165
  -0.00153
  -0.00471
  -0.00787
  -0.01101
  -0.01413
  -0.01721
  -0.02025
  -0.02323
  -0.02616
  -0.02902
  -0.03180
  -0.03451
  -0.03713
  -0.03966
  -0.04208
  -0.04440
  -0.04661
  -0.04870
  -0.05066
  -0.05250
  -0.05421
  -0.05577
  -0.05720
  -0.05849
  -0.05962
  -0.06061
  -0.06144
  -0.06211
  -0.06263
  -0.06300
  -0.06320
  -0.06324
  -0.06312
  -0.06285
  -0.06241
  -0.06182
  -0.06107
  -0.06017
  -0.05911
  -0.05791
  -0.05656
  -0.05506
  -0.05343
  -0.05166
  -0.04976
  -0.04774
  -0.04560
  -0.04334
  -0.04097
  -0.03849
  -0.03592
  -0.03326
  -0.03052
  -0.02770
  -0.02480
  -0.02185
  -0.01884
  -0.01578
  -0.01269
  -0.00956
  -0.00640
  -0.00323
  -0.00006
