  -0.01137
   0.06207
   0.01293
  -0.06174
  -0.01448
   0.06138
   0.01602
  -0.06098
  -0.01756
   0.06053
   0.01908
  -0.06006
  -0.02059
   0.05954
   0.02208
  -0.05898
  -0.02357
   0.05839
   0.02503
  -0.05776
  -0.02648
   0.05710
   0.02792
  -0.05639
  -0.02934
   0.05566
   0.03074
  -0.05488
  -0.03212
   0.05408
   0.03347
  -0.05324
  -0.03481
   0.05236
   0.03613
  -0.05145
  -0.03742
   0.05051
   0.03869
  -0.04954
  -0.03994
   0.04854
   0.04116
  -0.04750
  -0.04235
   0.04644
   0.04352
  -0.04534
  -0.04466
   0.04422
   0.04577
  -0.04307
  -0.04685
   0.04189
   0.04790
  -0.04069
  -0.04893
   0.03946
   0.04992
  -0.03821
  -0.05088
   0.03693
   0.05181
  -0.03563
  -0.05270
   0.03430
   0.05356
  -0.03295
  -0.05439
   0.03159
   0.05518
  -0.03020
  -0.05594
   0.02880
   0.05667
  -0.02737
  -0.05736
   0.02593
   0.05801
  -0.02447
  -0.05862
   0.02300
   0.05920
  -0.02151
  -0.05974
   0.02001
   0.06024
  -0.01849
  -0.06071
   0.01697
   0.06113
  -0.01543
  -0.06152
   0.01389
   0.06187
  -0.01233
  -0.06218
   0.01077
   0.06245
  -0.00920
  -0.06268
   0.00762
   0.06288
  -0.00604
  -0.06303
   0.00446
   0.06314
  -0.00287
  -0.06321
   0.00128
   0.06324
   0.00031
  -0.06324
  -0.00189
   0.06319
   0.00348
  -0.06310
  -0.00507
   0.06297
   0.00665
  -0.06281
  -0.00823
   0.06260
   0.00980
  -0.06235
  -0.01137
   0.06207
   0.01293
  -0.06174
  -0.01448
   0.06138
   0.01602
  -0.06098
  -0.01756
   0.06053
   0.01908
  -0.06006
  -0.02059
   0.05954
   0.02208
  -0.05898
  -0.02357
   0.05839
   0.02503
  -0.05776
  -0.02648
   0.05710
   0.02792
  -0.05639
  -0.02934
   0.05566
   0.03074
  -0.05488
  -0.03212
   0.05408
   0.03347
  -0.05324
  -0.03481
   0.05236
   0.03613
  -0.05145
  -0.03742
   0.05051
   0.03869
  -0.04954
  -0.03994
   0.04854
   0.04116
  -0.04750
  -0.04235
   0.04644
   0.04352
  -0.04534
  -0.04466
   0.04422
   0.04577
  -0.04307
  -0.04685
   0.04189
   0.04790
  -0.04069
  -0.04893
   0.03946
   0.04992
  -0.03821
  -0.05088
   0.03693
   0.05181
  -0.03563
  -0.05270
   0.03430
   0.05356
  -0.03295
  -0.05439
   0.03159
   0.05518
  -0.03020
  -0.05594
   0.02880
   0.05667
  -0.02737
  -0.05736
   0.02593
   0.05801
  -0.02447
  -0.05862
   0.02300
   0.05920
  -0.02151
  -0.05974
   0.02001
   0.06024
  -0.01849
  -0.06071
   0.01697
   0.06113
  -0.01543
  -0.06152
   0.01389
   0.06187
  -0.01233
  -0.06218
   0.01077
   0.06245
  -0.00920
  -0.06268
   0.00762
   0.06288
  -0.00604
  -0.06303
   0.00446
   0.06314
  -0.00287
  -0.06321
   0.00128
   0.06324
   0.00031
  -0.06324
  -0.00189
   0.06319
   0.00348
  -0.06310
  -0.00507
   0.06297
   0.00665
  -0.06281
  -0.00823
   0.06260
   0.00980
  -0.06235
  -0.01137
   0.06207
   0.01293
  -0.06174
  -0.01448
   0.06138
   0.01602
  -0.06098
  -0.01756
   0.06053
   0.01908
  -0.06006
  -0.02059
   0.05954
   0.02208
  -0.05898
  -0.02357
   0.05839
   0.02503
  -0.05776
  -0.02648
   0.05710
   0.02792
  -0.05639
  -0.02934
   0.05566
   0.03074
  -0.05488
  -0.03212
   0.05408
   0.03347
  -0.05324
  -0.03481
   0.05236
   0.03613
  -0.05145
  -0.03742
   0.05051
   0.03869
  -0.04954
  -0.03994
   0.04854
   0.04116
  -0.04750
  -0.04235
   0.04644
   0.04352
  -0.04534
  -0.04466
   0.04422
   0.04577
  -0.04307
  -0.04685
   0.04189
   0.04790
  -0.04069
  -0.04893
   0.03946
   0.04992
  -0.03821
  -0.05088
   0.03693
   0.05181
  -0.03563
  -0.05270
   0.03430
   0.05356
  -0.03295
  -0.05439
   0.03159
   0.05518
  -0.03020
  -0.05594
   0.02880
   0.05667
  -0.02737
  -0.05736
   0.02593
   0.05801
  -0.02447
  -0.05862
   0.02300
   0.05920
  -0.02151
  -0.05974
   0.02001
   0.06024
  -0.01849
  -0.06071
   0.01697
   0.06113
  -0.01543
  -0.06152
   0.01389
   0.06187
  -0.01233
  -0.06218
   0.01077
   0.06245
  -0.00920
  -0.06268
   0.00762
   0.06288
  -0.00604
  -0.06303
   0.00446
   0.06314
  -0.00287
  -0.06321
   0.00128
   0.06324
   0.00031
  -0.06324
  -0.00189
   0.06319
   0.00348
  -0.06310
  -0.00507
   0.06297
   0.00665
  -0.06281
  -0.00823
   0.06260
   0.00980
  -0.06235
  -0.01137
   0.06207
   0.01293
  -0.06174
  -0.01448
   0.06138
   0.01602
  -0.06098
  -0.01756
   0.06053
   0.01908
  -0.06006
  -0.02059
   0.05954
   0.02208
  -0.05898
  -0.02357
   0.05839
   0.02503
  -0.05776
  -0.02648
   0.05710
   0.02792
  -0.05639
  -0.02934
   0.05566
   0.03074
  -0.05488
  -0.03212
   0.05408
   0.03347
  -0.05324
  -0.03481
   0.05236
   0.03613
  -0.05145
  -0.03742
   0.05051
   0.03869
  -0.04954
  -0.03994
   0.04854
   0.04116
  -0.04750
  -0.04235
   0.04644
   0.04352
  -0.04534
  -0.04466
   0.04422
   0.04577
  -0.04307
  -0.04685
   0.04189
   0.04790
  -0.04069
  -0.04893
   0.03946
   0.04992
  -0.03821
  -0.05088
   0.03693
   0.05181
  -0.03563
  -0.05270
   0.03430
   0.05356
  -0.03295
  -0.05439
   0.03159
   0.05518
  -0.03020
  -0.05594
   0.02880
   0.05667
  -0.02737
  -0.05736
   0.02593
   0.05801
  -0.02447
  -0.05862
   0.02300
   0.05920
  -0.02151
  -0.05974
   0.02001
   0.06024
  -0.01849
  -0.06071
   0.01697
   0.06113
  -0.01543
  -0.06152
   0.01389
   0.06187
  -0.01233
  -0.06218
   0.01077
   0.06245
  -0.00920
  -0.06268
   0.00762
   0.06288
  -0.00604
  -0.06303
   0.00446
   0.06314
  -0.00287
  -0.06321
   0.00128
   0.06324
   0.00031
  -0.06324
  -0.00189
   0.06319
   0.00348
  -0.06310
  -0.00507
   0.06297
   0.00665
  -0.06281
  -0.00823
   0.06260
   0.00980
  -0.06235
