   0.06209
  -0.01822
  -0.05843
   0.02995
   0.05242
  -0.04047
  -0.04430
   0.04936
   0.03439
  -0.05626
  -0.02310
   0.06090
   0.01087
  -0.06308
   0.00179
   0.06272
  -0.01438
  -0.05984
   0.02639
   0.05454
  -0.03734
  -0.04704
   0.04678
   0.03766
  -0.05434
  -0.02675
   0.05971
   0.01476
  -0.06267
  -0.00218
   0.06311
  -0.01048
  -0.06100
   0.02273
   0.05644
  -0.03406
  -0.04961
   0.04401
   0.04077
  -0.05220
  -0.03029
   0.05828
   0.01860
  -0.06201
  -0.00615
   0.06325
  -0.00655
  -0.06193
   0.01898
   0.05812
  -0.03064
  -0.05197
   0.04107
   0.04373
  -0.04985
  -0.03372
   0.05662
   0.02236
  -0.06111
  -0.01009
   0.06313
  -0.00258
  -0.06261
   0.01515
   0.05957
  -0.02711
  -0.05413
   0.03797
   0.04651
  -0.04731
  -0.03701
   0.05474
   0.02603
  -0.05996
  -0.01399
   0.06277
   0.00139
  -0.06305
   0.01127
   0.06079
  -0.02347
  -0.05608
   0.03472
   0.04911
  -0.04458
  -0.04016
   0.05264
   0.02959
  -0.05858
  -0.01784
   0.06216
   0.00536
  -0.06324
   0.00734
   0.06177
  -0.01973
  -0.05780
   0.03134
   0.05151
  -0.04168
  -0.04315
   0.05034
   0.03305
  -0.05697
  -0.02161
   0.06131
   0.00930
  -0.06318
   0.00338
   0.06250
  -0.01592
  -0.05930
   0.02782
   0.05372
  -0.03861
  -0.04597
   0.04783
   0.03637
  -0.05513
  -0.02530
   0.06021
   0.01321
  -0.06286
  -0.00060
   0.06298
  -0.01205
  -0.06057
   0.02420
   0.05571
  -0.03539
  -0.04860
   0.04514
   0.03954
  -0.05308
  -0.02889
   0.05888
   0.01707
  -0.06230
  -0.00457
   0.06322
  -0.00812
  -0.06159
   0.02049
   0.05748
  -0.03202
  -0.05105
   0.04227
   0.04256
  -0.05081
  -0.03237
   0.05731
   0.02086
  -0.06150
  -0.00852
   0.06321
  -0.00417
  -0.06237
   0.01669
   0.05902
  -0.02854
  -0.05329
   0.03923
   0.04542
  -0.04835
  -0.03571
   0.05552
   0.02457
  -0.06045
  -0.01244
   0.06295
  -0.00020
  -0.06291
   0.01283
   0.06033
  -0.02494
  -0.05533
   0.03604
   0.04809
  -0.04569
  -0.03892
   0.05351
   0.02818
  -0.05916
  -0.01630
   0.06244
   0.00377
  -0.06319
   0.00891
   0.06140
  -0.02124
  -0.05714
   0.03271
   0.05058
  -0.04286
  -0.04197
   0.05128
   0.03168
  -0.05764
  -0.02011
   0.06168
   0.00773
  -0.06323
   0.00496
   0.06223
  -0.01745
  -0.05873
   0.02924
   0.05286
  -0.03985
  -0.04486
   0.04886
   0.03505
  -0.05589
  -0.02384
   0.06068
   0.01166
  -0.06302
   0.00099
   0.06282
  -0.01360
  -0.06009
   0.02566
   0.05494
  -0.03669
  -0.04757
   0.04624
   0.03829
  -0.05393
  -0.02747
   0.05944
   0.01554
  -0.06256
  -0.00298
   0.06316
  -0.00970
  -0.06121
   0.02198
   0.05680
  -0.03338
  -0.05010
   0.04344
   0.04138
  -0.05174
  -0.03099
   0.05796
   0.01935
  -0.06185
  -0.00694
   0.06324
  -0.00575
  -0.06209
   0.01822
   0.05843
  -0.02995
  -0.05242
   0.04047
   0.04430
  -0.04936
  -0.03439
   0.05626
   0.02310
  -0.06090
  -0.01087
   0.06308
  -0.00179
  -0.06272
   0.01438
   0.05984
  -0.02639
  -0.05454
   0.03734
   0.04704
  -0.04678
  -0.03766
   0.05434
   0.02675
  -0.05971
  -0.01476
   0.06267
   0.00218
  -0.06311
   0.01048
   0.06100
  -0.02273
  -0.05644
   0.03406
   0.04961
  -0.04401
  -0.04077
   0.05220
   0.03029
  -0.05828
  -0.01860
   0.06201
   0.00615
  -0.06325
   0.00655
   0.06193
  -0.01898
  -0.05812
   0.03064
   0.05197
  -0.04107
  -0.04373
   0.04985
   0.03372
  -0.05662
  -0.02236
   0.06111
   0.01009
  -0.06313
   0.00258
   0.06261
  -0.01515
  -0.05957
   0.02711
   0.05413
  -0.03797
  -0.04651
   0.04731
   0.03701
  -0.05474
  -0.02603
   0.05996
   0.01399
  -0.06277
  -0.00139
   0.06305
  -0.01127
  -0.06079
   0.02347
   0.05608
  -0.03472
  -0.04911
   0.04458
   0.04016
  -0.05264
  -0.02959
   0.05858
   0.01784
  -0.06216
  -0.00536
   0.06324
  -0.00734
  -0.06177
   0.01973
   0.05780
  -0.03134
  -0.05151
   0.04168
   0.04315
  -0.05034
  -0.03305
   0.05697
   0.02161
  -0.06131
  -0.00930
   0.06318
  -0.00338
  -0.06250
   0.01592
   0.05930
  -0.02782
  -0.05372
   0.03861
   0.04597
  -0.04783
  -0.03637
   0.05513
   0.02530
  -0.06021
  -0.01321
   0.06286
   0.00060
  -0.06298
   0.01205
   0.06057
  -0.02420
  -0.05571
   0.03539
   0.04860
  -0.04514
  -0.03954
   0.05308
   0.02889
  -0.05888
  -0.01707
   0.06230
   0.00457
  -0.06322
   0.00812
   0.06159
  -0.02049
  -0.05748
   0.03202
   0.05105
  -0.04227
  -0.04256
   0.05081
   0.03237
  -0.05731
  -0.02086
   0.06150
   0.00852
  -0.06321
   0.00417
   0.06237
  -0.01669
  -0.05902
   0.02854
   0.05329
  -0.03923
  -0.04542
   0.04835
   0.03571
  -0.05552
  -0.02457
   0.06045
   0.01244
  -0.06295
   0.00020
   0.06291
  -0.01283
  -0.06033
   0.02494
   0.05533
  -0.03604
  -0.04809
   0.04569
   0.03892
  -0.05351
  -0.02818
   0.05916
   0.01630
  -0.06244
  -0.00377
   0.06319
  -0.00891
  -0.06140
   0.02124
   0.05714
  -0.03271
  -0.05058
   0.04286
   0.04197
  -0.05128
  -0.03168
   0.05764
   0.02011
  -0.06168
  -0.00773
   0.06323
  -0.00496
  -0.06223
   0.01745
   0.05873
  -0.02924
  -0.05286
   0.03985
   0.04486
  -0.04886
  -0.03505
   0.05589
   0.02384
  -0.06068
  -0.01166
   0.06302
  -0.00099
  -0.06282
   0.01360
   0.06009
  -0.02566
  -0.05494
   0.03669
   0.04757
  -0.04624
  -0.03829
   0.05393
   0.02747
  -0.05944
  -0.01554
   0.06256
   0.00298
  -0.06316
   0.00970
   0.06121
  -0.02198
  -0.05680
   0.03338
   0.05010
  -0.04344
  -0.04138
   0.05174
   0.03099
  -0.05796
  -0.01935
   0.06185
   0.00694
  -0.06324
   0.00575
