   0.06066
   0.04981
   0.03196
   0.00962
  -0.01406
  -0.03578
  -0.05246
  -0.06178
  -0.06242
  -0.05430
  -0.03855
  -0.01738
   0.00622
   0.02896
   0.04762
   0.05960
   0.06321
   0.05793
   0.04453
   0.02487
   0.00171
  -0.02168
  -0.04203
  -0.05648
  -0.06299
  -0.06066
  -0.04981
  -0.03196
  -0.00962
   0.01406
   0.03578
   0.05246
   0.06178
   0.06242
   0.05430
   0.03855
   0.01738
  -0.00622
  -0.02896
  -0.04762
  -0.05960
  -0.06321
  -0.05793
  -0.04453
  -0.02487
  -0.00171
   0.02168
   0.04203
   0.05648
   0.06299
   0.06066
   0.04981
   0.03196
   0.00962
  -0.01406
  -0.03578
  -0.05246
  -0.06178
  -0.06242
  -0.05430
  -0.03855
  -0.01738
   0.00622
   0.02896
   0.04762
   0.05960
   0.06321
   0.05793
   0.04453
   0.02487
   0.00171
  -0.02168
  -0.04203
  -0.05648
  -0.06299
  -0.06066
  -0.04981
  -0.03196
  -0.00962
   0.01406
   0.03578
   0.05246
   0.06178
   0.06242
   0.05430
   0.03855
   0.01738
  -0.00622
  -0.02896
  -0.04762
  -0.05960
  -0.06321
  -0.05793
  -0.04453
  -0.02487
  -0.00171
   0.02168
   0.04203
   0.05648
   0.06299
   0.06066
   0.04981
   0.03196
   0.00962
  -0.01406
  -0.03578
  -0.05246
  -0.06178
  -0.06242
  -0.05430
  -0.03855
  -0.01738
   0.00622
   0.02896
   0.04762
   0.05960
   0.06321
   0.05793
   0.04453
   0.02487
   0.00171
  -0.02168
  -0.04203
  -0.05648
  -0.06299
  -0.06066
  -0.04981
  -0.03196
  -0.00962
   0.01406
   0.03578
   0.05246
   0.06178
   0.06242
   0.05430
   0.03855
   0.01738
  -0.00622
  -0.02896
  -0.04762
  -0.05960
  -0.06321
  -0.05793
  -0.04453
  -0.02487
  -0.00171
   0.02168
   0.04203
   0.05648
   0.06299
   0.06066
   0.04981
   0.03196
   0.00962
  -0.01406
  -0.03578
  -0.05246
  -0.06178
  -0.06242
  -0.05430
  -0.03855
  -0.01738
   0.00622
   0.02896
   0.04762
   0.05960
   0.06321
   0.05793
   0.04453
   0.02487
   0.00171
  -0.02168
  -0.04203
  -0.05648
  -0.06299
  -0.06066
  -0.04981
  -0.03196
  -0.00962
   0.01406
   0.03578
   0.05246
   0.06178
   0.06242
   0.05430
   0.03855
   0.01738
  -0.00622
  -0.02896
  -0.04762
  -0.05960
  -0.06321
  -0.05793
  -0.04453
  -0.02487
  -0.00171
   0.02168
   0.04203
   0.05648
   0.06299
   0.06066
   0.04981
   0.03196
   0.00962
  -0.01406
  -0.03578
  -0.05246
  -0.06178
  -0.06242
  -0.05430
  -0.03855
  -0.01738
   0.00622
   0.02896
   0.04762
   0.05960
   0.06321
   0.05793
   0.04453
   0.02487
   0.00171
  -0.02168
  -0.04203
  -0.05648
  -0.06299
  -0.06066
  -0.04981
  -0.03196
  -0.00962
   0.01406
   0.03578
   0.05246
   0.06178
   0.06242
   0.05430
   0.03855
   0.01738
  -0.00622
  -0.02896
  -0.04762
  -0.05960
  -0.06321
  -0.05793
  -0.04453
  -0.02487
  -0.00171
   0.02168
   0.04203
   0.05648
   0.06299
   0.06066
   0.04981
   0.03196
   0.00962
  -0.01406
  -0.03578
  -0.05246
  -0.06178
  -0.06242
  -0.05430
  -0.03855
  -0.01738
   0.00622
   0.02896
   0.04762
   0.05960
   0.06321
   0.05793
   0.04453
   0.02487
   0.00171
  -0.02168
  -0.04203
  -0.05648
  -0.06299
  -0.06066
  -0.04981
  -0.03196
  -0.00962
   0.01406
   0.03578
   0.05246
   0.06178
   0.06242
   0.05430
   0.03855
   0.01738
  -0.00622
  -0.02896
  -0.04762
  -0.05960
  -0.06321
  -0.05793
  -0.04453
  -0.02487
  -0.00171
   0.02168
   0.04203
   0.05648
   0.06299
   0.06066
   0.04981
   0.03196
   0.00962
  -0.01406
  -0.03578
  -0.05246
  -0.06178
  -0.06242
  -0.05430
  -0.03855
  -0.01738
   0.00622
   0.02896
   0.04762
   0.05960
   0.06321
   0.05793
   0.04453
   0.02487
   0.00171
  -0.02168
  -0.04203
  -0.05648
  -0.06299
  -0.06066
  -0.04981
  -0.03196
  -0.00962
   0.01406
   0.03578
   0.05246
   0.06178
   0.06242
   0.05430
   0.03855
   0.01738
  -0.00622
  -0.02896
  -0.04762
  -0.05960
  -0.06321
  -0.05793
  -0.04453
  -0.02487
  -0.00171
   0.02168
   0.04203
   0.05648
   0.06299
   0.06066
   0.04981
   0.03196
   0.00962
  -0.01406
  -0.03578
  -0.05246
  -0.06178
  -0.06242
  -0.05430
  -0.03855
  -0.01738
   0.00622
   0.02896
   0.04762
   0.05960
   0.06321
   0.05793
   0.04453
   0.02487
   0.00171
  -0.02168
  -0.04203
  -0.05648
  -0.06299
  -0.06066
  -0.04981
  -0.03196
  -0.00962
   0.01406
   0.03578
   0.05246
   0.06178
   0.06242
   0.05430
   0.03855
   0.01738
  -0.00622
  -0.02896
  -0.04762
  -0.05960
  -0.06321
  -0.05793
  -0.04453
  -0.02487
  -0.00171
   0.02168
   0.04203
   0.05648
   0.06299
   0.06066
   0.04981
   0.03196
   0.00962
  -0.01406
  -0.03578
  -0.05246
  -0.06178
  -0.06242
  -0.05430
  -0.03855
  -0.01738
   0.00622
   0.02896
   0.04762
   0.05960
   0.06321
   0.05793
   0.04453
   0.02487
   0.00171
  -0.02168
  -0.04203
  -0.05648
  -0.06299
  -0.06066
  -0.04981
  -0.03196
  -0.00962
   0.01406
   0.03578
   0.05246
   0.06178
   0.06242
   0.05430
   0.03855
   0.01738
  -0.00622
  -0.02896
  -0.04762
  -0.05960
  -0.06321
  -0.05793
  -0.04453
  -0.02487
  -0.00171
   0.02168
   0.04203
   0.05648
   0.06299
   0.06066
   0.04981
   0.03196
   0.00962
  -0.01406
  -0.03578
  -0.05246
  -0.06178
  -0.06242
  -0.05430
  -0.03855
  -0.01738
   0.00622
   0.02896
   0.04762
   0.05960
   0.06321
   0.05793
   0.04453
   0.02487
   0.00171
  -0.02168
  -0.04203
  -0.05648
  -0.06299
  -0.06066
  -0.04981
  -0.03196
  -0.00962
   0.01406
   0.03578
   0.05246
   0.06178
   0.06242
   0.05430
   0.03855
   0.01738
  -0.00622
  -0.02896
  -0.04762
  -0.05960
  -0.06321
  -0.05793
  -0.04453
  -0.02487
  -0.00171
   0.02168
   0.04203
   0.05648
   0.06299
