  -0.06192
   0.02127
   0.05606
  -0.03672
  -0.04594
   0.04938
   0.03234
  -0.05829
  -0.01627
   0.06278
  -0.00103
  -0.06249
   0.01825
   0.05746
  -0.03408
  -0.04807
   0.04733
   0.03503
  -0.05698
  -0.01932
   0.06231
   0.00215
  -0.06290
   0.01518
   0.05872
  -0.03137
  -0.05007
   0.04516
   0.03763
  -0.05553
  -0.02232
   0.06169
   0.00532
  -0.06315
   0.01208
   0.05982
  -0.02857
  -0.05195
   0.04288
   0.04013
  -0.05394
  -0.02527
   0.06091
   0.00848
  -0.06325
   0.00894
   0.06078
  -0.02569
  -0.05370
   0.04049
   0.04254
  -0.05222
  -0.02815
   0.05997
   0.01162
  -0.06318
   0.00579
   0.06158
  -0.02276
  -0.05531
   0.03800
   0.04484
  -0.05036
  -0.03096
   0.05889
   0.01473
  -0.06295
   0.00262
   0.06223
  -0.01977
  -0.05678
   0.03541
   0.04702
  -0.04837
  -0.03369
   0.05766
   0.01780
  -0.06256
  -0.00056
   0.06272
  -0.01672
  -0.05811
   0.03274
   0.04909
  -0.04626
  -0.03634
   0.05628
   0.02083
  -0.06202
  -0.00374
   0.06305
  -0.01364
  -0.05929
   0.02997
   0.05103
  -0.04404
  -0.03889
   0.05476
   0.02380
  -0.06132
  -0.00691
   0.06322
  -0.01052
  -0.06032
   0.02714
   0.05284
  -0.04170
  -0.04135
   0.05310
   0.02672
  -0.06046
  -0.01006
   0.06323
  -0.00737
  -0.06120
   0.02423
   0.05452
  -0.03926
  -0.04370
   0.05130
   0.02956
  -0.05945
  -0.01318
   0.06308
  -0.00420
  -0.06192
   0.02127
   0.05606
  -0.03672
  -0.04594
   0.04938
   0.03234
  -0.05829
  -0.01627
   0.06278
  -0.00103
  -0.06249
   0.01825
   0.05746
  -0.03408
  -0.04807
   0.04733
   0.03503
  -0.05698
  -0.01932
   0.06231
   0.00215
  -0.06290
   0.01518
   0.05872
  -0.03137
  -0.05007
   0.04516
   0.03763
  -0.05553
  -0.02232
   0.06169
   0.00532
  -0.06315
   0.01208
   0.05982
  -0.02857
  -0.05195
   0.04288
   0.04013
  -0.05394
  -0.02527
   0.06091
   0.00848
  -0.06325
   0.00894
   0.06078
  -0.02569
  -0.05370
   0.04049
   0.04254
  -0.05222
  -0.02815
   0.05997
   0.01162
  -0.06318
   0.00579
   0.06158
  -0.02276
  -0.05531
   0.03800
   0.04484
  -0.05036
  -0.03096
   0.05889
   0.01473
  -0.06295
   0.00262
   0.06223
  -0.01977
  -0.05678
   0.03541
   0.04702
  -0.04837
  -0.03369
   0.05766
   0.01780
  -0.06256
  -0.00056
   0.06272
  -0.01672
  -0.05811
   0.03274
   0.04909
  -0.04626
  -0.03634
   0.05628
   0.02083
  -0.06202
  -0.00374
   0.06305
  -0.01364
  -0.05929
   0.02997
   0.05103
  -0.04404
  -0.03889
   0.05476
   0.02380
  -0.06132
  -0.00691
   0.06322
  -0.01052
  -0.06032
   0.02714
   0.05284
  -0.04170
  -0.04135
   0.05310
   0.02672
  -0.06046
  -0.01006
   0.06323
  -0.00737
  -0.06120
   0.02423
   0.05452
  -0.03926
  -0.04370
   0.05130
   0.02956
  -0.05945
  -0.01318
   0.06308
  -0.00420
  -0.06192
   0.02127
   0.05606
  -0.03672
  -0.04594
   0.04938
   0.03234
  -0.05829
  -0.01627
   0.06278
  -0.00103
  -0.06249
   0.01825
   0.05746
  -0.03408
  -0.04807
   0.04733
   0.03503
  -0.05698
  -0.01932
   0.06231
   0.00215
  -0.06290
   0.01518
   0.05872
  -0.03137
  -0.05007
   0.04516
   0.03763
  -0.05553
  -0.02232
   0.06169
   0.00532
  -0.06315
   0.01208
   0.05982
  -0.02857
  -0.05195
   0.04288
   0.04013
  -0.05394
  -0.02527
   0.06091
   0.00848
  -0.06325
   0.00894
   0.06078
  -0.02569
  -0.05370
   0.04049
   0.04254
  -0.05222
  -0.02815
   0.05997
   0.01162
  -0.06318
   0.00579
   0.06158
  -0.02276
  -0.05531
   0.03800
   0.04484
  -0.05036
  -0.03096
   0.05889
   0.01473
  -0.06295
   0.00262
   0.06223
  -0.01977
  -0.05678
   0.03541
   0.04702
  -0.04837
  -0.03369
   0.05766
   0.01780
  -0.06256
  -0.00056
   0.06272
  -0.01672
  -0.05811
   0.03274
   0.04909
  -0.04626
  -0.03634
   0.05628
   0.02083
  -0.06202
  -0.00374
   0.06305
  -0.01364
  -0.05929
   0.02997
   0.05103
  -0.04404
  -0.03889
   0.05476
   0.02380
  -0.06132
  -0.00691
   0.06322
  -0.01052
  -0.06032
   0.02714
   0.05284
  -0.04170
  -0.04135
   0.05310
   0.02672
  -0.06046
  -0.01006
   0.06323
  -0.00737
  -0.06120
   0.02423
   0.05452
  -0.03926
  -0.04370
   0.05130
   0.02956
  -0.05945
  -0.01318
   0.06308
  -0.00420
  -0.06192
   0.02127
   0.05606
  -0.03672
  -0.04594
   0.04938
   0.03234
  -0.05829
  -0.01627
   0.06278
  -0.00103
  -0.06249
   0.01825
   0.05746
  -0.03408
  -0.04807
   0.04733
   0.03503
  -0.05698
  -0.01932
   0.06231
   0.00215
  -0.06290
   0.01518
   0.05872
  -0.03137
  -0.05007
   0.04516
   0.03763
  -0.05553
  -0.02232
   0.06169
   0.00532
  -0.06315
   0.01208
   0.05982
  -0.02857
  -0.05195
   0.04288
   0.04013
  -0.05394
  -0.02527
   0.06091
   0.00848
  -0.06325
   0.00894
   0.06078
  -0.02569
  -0.05370
   0.04049
   0.04254
  -0.05222
  -0.02815
   0.05997
   0.01162
  -0.06318
   0.00579
   0.06158
  -0.02276
  -0.05531
   0.03800
   0.04484
  -0.05036
  -0.03096
   0.05889
   0.01473
  -0.06295
   0.00262
   0.06223
  -0.01977
  -0.05678
   0.03541
   0.04702
  -0.04837
  -0.03369
   0.05766
   0.01780
  -0.06256
  -0.00056
   0.06272
  -0.01672
  -0.05811
   0.03274
   0.04909
  -0.04626
  -0.03634
   0.05628
   0.02083
  -0.06202
  -0.00374
   0.06305
  -0.01364
  -0.05929
   0.02997
   0.05103
  -0.04404
  -0.03889
   0.05476
   0.02380
  -0.06132
  -0.00691
   0.06322
  -0.01052
  -0.06032
   0.02714
   0.05284
  -0.04170
  -0.04135
   0.05310
   0.02672
  -0.06046
  -0.01006
   0.06323
  -0.00737
  -0.06120
   0.02423
   0.05452
  -0.03926
  -0.04370
   0.05130
   0.02956
  -0.05945
  -0.01318
   0.06308
  -0.00420
