  -0.00841
  -0.06170
   0.01925
   0.05832
  -0.02950
  -0.05314
   0.03883
   0.04632
  -0.04697
  -0.03806
   0.05366
   0.02864
  -0.05869
  -0.01832
   0.06191
   0.00745
  -0.06322
   0.00366
   0.06257
  -0.01466
  -0.06000
   0.02520
   0.05557
  -0.03496
  -0.04943
   0.04365
   0.04176
  -0.05098
  -0.03280
   0.05675
   0.02283
  -0.06076
  -0.01216
   0.06289
   0.00111
  -0.06309
   0.00998
   0.06134
  -0.02076
  -0.05769
   0.03089
   0.05226
  -0.04007
  -0.04522
   0.04802
   0.03678
  -0.05448
  -0.02721
   0.05926
   0.01680
  -0.06221
  -0.00587
   0.06324
  -0.00525
  -0.06232
   0.01620
   0.05948
  -0.02665
  -0.05480
   0.03627
   0.04842
  -0.04478
  -0.04055
   0.05191
   0.03143
  -0.05743
  -0.02134
   0.06118
   0.01059
  -0.06304
   0.00048
   0.06296
  -0.01155
  -0.06093
   0.02225
   0.05702
  -0.03227
  -0.05135
   0.04129
   0.04409
  -0.04904
  -0.03548
   0.05527
   0.02577
  -0.05980
  -0.01526
   0.06248
   0.00428
  -0.06323
   0.00683
   0.06203
  -0.01773
  -0.05892
   0.02808
   0.05398
  -0.03757
  -0.04738
   0.04589
   0.03932
  -0.05280
  -0.03004
   0.05808
   0.01984
  -0.06156
  -0.00902
   0.06315
  -0.00207
  -0.06279
   0.01310
   0.06048
  -0.02373
  -0.05631
   0.03363
   0.05040
  -0.04248
  -0.04294
   0.05003
   0.03415
  -0.05603
  -0.02431
   0.06030
   0.01371
  -0.06271
  -0.00269
   0.06318
  -0.00841
  -0.06170
   0.01925
   0.05832
  -0.02950
  -0.05314
   0.03883
   0.04632
  -0.04697
  -0.03806
   0.05366
   0.02864
  -0.05869
  -0.01832
   0.06191
   0.00745
  -0.06322
   0.00366
   0.06257
  -0.01466
  -0.06000
   0.02520
   0.05557
  -0.03496
  -0.04943
   0.04365
   0.04176
  -0.05098
  -0.03280
   0.05675
   0.02283
  -0.06076
  -0.01216
   0.06289
   0.00111
  -0.06309
   0.00998
   0.06134
  -0.02076
  -0.05769
   0.03089
   0.05226
  -0.04007
  -0.04522
   0.04802
   0.03678
  -0.05448
  -0.02721
   0.05926
   0.01680
  -0.06221
  -0.00587
   0.06324
  -0.00525
  -0.06232
   0.01620
   0.05948
  -0.02665
  -0.05480
   0.03627
   0.04842
  -0.04478
  -0.04055
   0.05191
   0.03143
  -0.05743
  -0.02134
   0.06118
   0.01059
  -0.06304
   0.00048
   0.06296
  -0.01155
  -0.06093
   0.02225
   0.05702
  -0.03227
  -0.05135
   0.04129
   0.04409
  -0.04904
  -0.03548
   0.05527
   0.02577
  -0.05980
  -0.01526
   0.06248
   0.00428
  -0.06323
   0.00683
   0.06203
  -0.01773
  -0.05892
   0.02808
   0.05398
  -0.03757
  -0.04738
   0.04589
   0.03932
  -0.05280
  -0.03004
   0.05808
   0.01984
  -0.06156
  -0.00902
   0.06315
  -0.00207
  -0.06279
   0.01310
   0.06048
  -0.02373
  -0.05631
   0.03363
   0.05040
  -0.04248
  -0.04294
   0.05003
   0.03415
  -0.05603
  -0.02431
   0.06030
   0.01371
  -0.06271
  -0.00269
   0.06318
  -0.00841
  -0.06170
   0.01925
   0.05832
  -0.02950
  -0.05314
   0.03883
   0.04632
  -0.04697
  -0.03806
   0.05366
   0.02864
  -0.05869
  -0.01832
   0.06191
   0.00745
  -0.06322
   0.00366
   0.06257
  -0.01466
  -0.06000
   0.02520
   0.05557
  -0.03496
  -0.04943
   0.04365
   0.04176
  -0.05098
  -0.03280
   0.05675
   0.02283
  -0.06076
  -0.01216
   0.06289
   0.00111
  -0.06309
   0.00998
   0.06134
  -0.02076
  -0.05769
   0.03089
   0.05226
  -0.04007
  -0.04522
   0.04802
   0.03678
  -0.05448
  -0.02721
   0.05926
   0.01680
  -0.06221
  -0.00587
   0.06324
  -0.00525
  -0.06232
   0.01620
   0.05948
  -0.02665
  -0.05480
   0.03627
   0.04842
  -0.04478
  -0.04055
   0.05191
   0.03143
  -0.05743
  -0.02134
   0.06118
   0.01059
  -0.06304
   0.00048
   0.06296
  -0.01155
  -0.06093
   0.02225
   0.05702
  -0.03227
  -0.05135
   0.04129
   0.04409
  -0.04904
  -0.03548
   0.05527
   0.02577
  -0.05980
  -0.01526
   0.06248
   0.00428
  -0.06323
   0.00683
   0.06203
  -0.01773
  -0.05892
   0.02808
   0.05398
  -0.03757
  -0.04738
   0.04589
   0.03932
  -0.05280
  -0.03004
   0.05808
   0.01984
  -0.06156
  -0.00902
   0.06315
  -0.00207
  -0.06279
   0.01310
   0.06048
  -0.02373
  -0.05631
   0.03363
   0.05040
  -0.04248
  -0.04294
   0.05003
   0.03415
  -0.05603
  -0.02431
   0.06030
   0.01371
  -0.06271
  -0.00269
   0.06318
  -0.00841
  -0.06170
   0.01925
   0.05832
  -0.02950
  -0.05314
   0.03883
   0.04632
  -0.04697
  -0.03806
   0.05366
   0.02864
  -0.05869
  -0.01832
   0.06191
   0.00745
  -0.06322
   0.00366
   0.06257
  -0.01466
  -0.06000
   0.02520
   0.05557
  -0.03496
  -0.04943
   0.04365
   0.04176
  -0.05098
  -0.03280
   0.05675
   0.02283
  -0.06076
  -0.01216
   0.06289
   0.00111
  -0.06309
   0.00998
   0.06134
  -0.02076
  -0.05769
   0.03089
   0.05226
  -0.04007
  -0.04522
   0.04802
   0.03678
  -0.05448
  -0.02721
   0.05926
   0.01680
  -0.06221
  -0.00587
   0.06324
  -0.00525
  -0.06232
   0.01620
   0.05948
  -0.02665
  -0.05480
   0.03627
   0.04842
  -0.04478
  -0.04055
   0.05191
   0.03143
  -0.05743
  -0.02134
   0.06118
   0.01059
  -0.06304
   0.00048
   0.06296
  -0.01155
  -0.06093
   0.02225
   0.05702
  -0.03227
  -0.05135
   0.04129
   0.04409
  -0.04904
  -0.03548
   0.05527
   0.02577
  -0.05980
  -0.01526
   0.06248
   0.00428
  -0.06323
   0.00683
   0.06203
  -0.01773
  -0.05892
   0.02808
   0.05398
  -0.03757
  -0.04738
   0.04589
   0.03932
  -0.05280
  -0.03004
   0.05808
   0.01984
  -0.06156
  -0.00902
   0.06315
  -0.00207
  -0.06279
   0.01310
   0.06048
  -0.02373
  -0.05631
   0.03363
   0.05040
  -0.04248
  -0.04294
   0.05003
   0.03415
  -0.05603
  -0.02431
   0.06030
   0.01371
  -0.06271
  -0.00269
   0.06318
