   0.03258
  -0.03452
  -0.06275
  -0.02034
   0.04497
   0.05966
   0.00718
  -0.05337
  -0.05385
   0.00630
   0.05935
   0.04559
  -0.01950
  -0.06264
  -0.03526
   0.03181
   0.06307
   0.02333
  -0.04268
  -0.06064
  -0.01033
   0.05160
   0.05545
  -0.00313
  -0.05818
  -0.04773
   0.01645
   0.06212
   0.03785
  -0.02902
  -0.06323
  -0.02625
   0.04028
   0.06146
   0.01345
  -0.04970
  -0.05690
  -0.00005
   0.05686
   0.04976
  -0.01336
  -0.06144
  -0.04035
   0.02616
   0.06322
   0.02911
  -0.03778
  -0.06213
  -0.01654
   0.04767
   0.05822
   0.00322
  -0.05540
  -0.05166
   0.01024
   0.06061
   0.04275
  -0.02324
  -0.06306
  -0.03189
   0.03518
   0.06265
   0.01959
  -0.04552
  -0.05939
  -0.00639
   0.05380
   0.05343
  -0.00709
  -0.05962
  -0.04503
   0.02025
   0.06274
   0.03460
  -0.03250
  -0.06301
  -0.02259
   0.04326
   0.06040
   0.00955
  -0.05206
  -0.05506
   0.00392
   0.05849
   0.04721
  -0.01722
  -0.06226
  -0.03721
   0.02973
   0.06320
   0.02552
  -0.04089
  -0.06127
  -0.01268
   0.05019
   0.05655
  -0.00075
  -0.05721
  -0.04926
   0.01414
   0.06162
   0.03974
  -0.02689
  -0.06324
  -0.02840
   0.03841
   0.06198
   0.01577
  -0.04819
  -0.05790
  -0.00243
   0.05578
   0.05119
  -0.01102
  -0.06083
  -0.04216
   0.02398
   0.06312
   0.03120
  -0.03584
  -0.06253
  -0.01883
   0.04607
   0.05911
   0.00560
  -0.05421
  -0.05300
   0.00788
   0.05988
   0.04447
  -0.02101
  -0.06284
  -0.03393
   0.03318
   0.06293
   0.02184
  -0.04384
  -0.06016
  -0.00876
   0.05251
   0.05466
  -0.00472
  -0.05879
  -0.04668
   0.01798
   0.06240
   0.03657
  -0.03043
  -0.06317
  -0.02480
   0.04149
   0.06107
   0.01190
  -0.05067
  -0.05619
   0.00154
   0.05754
   0.04876
  -0.01491
  -0.06180
  -0.03911
   0.02760
   0.06325
   0.02769
  -0.03904
  -0.06182
  -0.01500
   0.04870
   0.05758
   0.00164
  -0.05615
  -0.05072
   0.01181
   0.06104
   0.04156
  -0.02471
  -0.06316
  -0.03051
   0.03649
   0.06241
   0.01807
  -0.04661
  -0.05882
  -0.00481
   0.05462
   0.05256
  -0.00867
  -0.06014
  -0.04390
   0.02175
   0.06292
   0.03325
  -0.03385
  -0.06285
  -0.02109
   0.04441
   0.05991
   0.00797
  -0.05294
  -0.05426
   0.00551
   0.05908
   0.04614
  -0.01874
  -0.06252
  -0.03592
   0.03112
   0.06312
   0.02406
  -0.04209
  -0.06086
  -0.01112
   0.05114
   0.05582
  -0.00234
  -0.05787
  -0.04825
   0.01568
   0.06196
   0.03849
  -0.02832
  -0.06324
  -0.02697
   0.03966
   0.06164
   0.01423
  -0.04920
  -0.05725
  -0.00084
   0.05651
   0.05024
  -0.01258
  -0.06125
  -0.04096
   0.02544
   0.06320
   0.02981
  -0.03714
  -0.06228
  -0.01731
   0.04715
   0.05852
   0.00402
  -0.05501
  -0.05211
   0.00945
   0.06038
   0.04333
  -0.02250
  -0.06300
  -0.03258
   0.03452
   0.06275
   0.02034
  -0.04497
  -0.05966
  -0.00718
   0.05337
   0.05385
  -0.00630
  -0.05935
  -0.04559
   0.01950
   0.06264
   0.03526
  -0.03181
  -0.06307
  -0.02333
   0.04268
   0.06064
   0.01033
  -0.05160
  -0.05545
   0.00313
   0.05818
   0.04773
  -0.01645
  -0.06212
  -0.03785
   0.02902
   0.06323
   0.02625
  -0.04028
  -0.06146
  -0.01345
   0.04970
   0.05690
   0.00005
  -0.05686
  -0.04976
   0.01336
   0.06144
   0.04035
  -0.02616
  -0.06322
  -0.02911
   0.03778
   0.06213
   0.01654
  -0.04767
  -0.05822
  -0.00322
   0.05540
   0.05166
  -0.01024
  -0.06061
  -0.04275
   0.02324
   0.06306
   0.03189
  -0.03518
  -0.06265
  -0.01959
   0.04552
   0.05939
   0.00639
  -0.05380
  -0.05343
   0.00709
   0.05962
   0.04503
  -0.02025
  -0.06274
  -0.03460
   0.03250
   0.06301
   0.02259
  -0.04326
  -0.06040
  -0.00955
   0.05206
   0.05506
  -0.00392
  -0.05849
  -0.04721
   0.01722
   0.06226
   0.03721
  -0.02973
  -0.06320
  -0.02552
   0.04089
   0.06127
   0.01268
  -0.05019
  -0.05655
   0.00075
   0.05721
   0.04926
  -0.01414
  -0.06162
  -0.03974
   0.02689
   0.06324
   0.02840
  -0.03841
  -0.06198
  -0.01577
   0.04819
   0.05790
   0.00243
  -0.05578
  -0.05119
   0.01102
   0.06083
   0.04216
  -0.02398
  -0.06312
  -0.03120
   0.03584
   0.06253
   0.01883
  -0.04607
  -0.05911
  -0.00560
   0.05421
   0.05300
  -0.00788
  -0.05988
  -0.04447
   0.02101
   0.06284
   0.03393
  -0.03318
  -0.06293
  -0.02184
   0.04384
   0.06016
   0.00876
  -0.05251
  -0.05466
   0.00472
   0.05879
   0.04668
  -0.01798
  -0.06240
  -0.03657
   0.03043
   0.06317
   0.02480
  -0.04149
  -0.06107
  -0.01190
   0.05067
   0.05619
  -0.00154
  -0.05754
  -0.04876
   0.01491
   0.06180
   0.03911
  -0.02760
  -0.06325
  -0.02769
   0.03904
   0.06182
   0.01500
  -0.04870
  -0.05758
  -0.00164
   0.05615
   0.05072
  -0.01181
  -0.06104
  -0.04156
   0.02471
   0.06316
   0.03051
  -0.03649
  -0.06241
  -0.01807
   0.04661
   0.05882
   0.00481
  -0.05462
  -0.05256
   0.00867
   0.06014
   0.04390
  -0.02175
  -0.06292
  -0.03325
   0.03385
   0.06285
   0.02109
  -0.04441
  -0.05991
  -0.00797
   0.05294
   0.05426
  -0.00551
  -0.05908
  -0.04614
   0.01874
   0.06252
   0.03592
  -0.03112
  -0.06312
  -0.02406
   0.04209
   0.06086
   0.01112
  -0.05114
  -0.05582
   0.00234
   0.05787
   0.04825
  -0.01568
  -0.06196
  -0.03849
   0.02832
   0.06324
   0.02697
  -0.03966
  -0.06164
  -0.01423
   0.04920
   0.05725
   0.00084
  -0.05651
  -0.05024
   0.01258
   0.06125
   0.04096
  -0.02544
  -0.06320
  -0.02981
   0.03714
   0.06228
   0.01731
  -0.04715
  -0.05852
  -0.00402
   0.05501
   0.05211
  -0.00945
  -0.06038
  -0.04333
   0.02250
   0.06300
