  -0.03208
  -0.05517
  -0.06324
  -0.05410
  -0.03023
   0.00186
   0.03344
   0.05593
   0.06319
   0.05326
   0.02883
  -0.00345
  -0.03478
  -0.05665
  -0.06310
  -0.05238
  -0.02740
   0.00503
   0.03610
   0.05734
   0.06298
   0.05147
   0.02596
  -0.00661
  -0.03739
  -0.05799
  -0.06281
  -0.05053
  -0.02451
   0.00819
   0.03866
   0.05861
   0.06260
   0.04956
   0.02303
  -0.00977
  -0.03991
  -0.05919
  -0.06236
  -0.04856
  -0.02154
   0.01133
   0.04113
   0.05973
   0.06207
   0.04753
   0.02004
  -0.01289
  -0.04232
  -0.06023
  -0.06175
  -0.04646
  -0.01853
   0.01445
   0.04349
   0.06070
   0.06139
   0.04537
   0.01700
  -0.01599
  -0.04463
  -0.06113
  -0.06099
  -0.04425
  -0.01547
   0.01752
   0.04574
   0.06151
   0.06055
   0.04310
   0.01392
  -0.01904
  -0.04683
  -0.06186
  -0.06007
  -0.04192
  -0.01237
   0.02055
   0.04788
   0.06218
   0.05955
   0.04072
   0.01081
  -0.02205
  -0.04890
  -0.06245
  -0.05900
  -0.03949
  -0.00924
   0.02353
   0.04989
   0.06268
   0.05840
   0.03824
   0.00766
  -0.02500
  -0.05086
  -0.06287
  -0.05778
  -0.03696
  -0.00608
   0.02645
   0.05178
   0.06302
   0.05711
   0.03566
   0.00450
  -0.02789
  -0.05268
  -0.06314
  -0.05641
  -0.03433
  -0.00291
   0.02930
   0.05354
   0.06321
   0.05567
   0.03299
   0.00132
  -0.03070
  -0.05437
  -0.06324
  -0.05490
  -0.03162
   0.00027
   0.03208
   0.05517
   0.06324
   0.05410
   0.03023
  -0.00186
  -0.03344
  -0.05593
  -0.06319
  -0.05326
  -0.02883
   0.00345
   0.03478
   0.05665
   0.06310
   0.05238
   0.02740
  -0.00503
  -0.03610
  -0.05734
  -0.06298
  -0.05147
  -0.02596
   0.00661
   0.03739
   0.05799
   0.06281
   0.05053
   0.02451
  -0.00819
  -0.03866
  -0.05861
  -0.06260
  -0.04956
  -0.02303
   0.00977
   0.03991
   0.05919
   0.06236
   0.04856
   0.02154
  -0.01133
  -0.04113
  -0.05973
  -0.06207
  -0.04753
  -0.02004
   0.01289
   0.04232
   0.06023
   0.06175
   0.04646
   0.01853
  -0.01445
  -0.04349
  -0.06070
  -0.06139
  -0.04537
  -0.01700
   0.01599
   0.04463
   0.06113
   0.06099
   0.04425
   0.01547
  -0.01752
  -0.04574
  -0.06151
  -0.06055
  -0.04310
  -0.01392
   0.01904
   0.04683
   0.06186
   0.06007
   0.04192
   0.01237
  -0.02055
  -0.04788
  -0.06218
  -0.05955
  -0.04072
  -0.01081
   0.02205
   0.04890
   0.06245
   0.05900
   0.03949
   0.00924
  -0.02353
  -0.04989
  -0.06268
  -0.05840
  -0.03824
  -0.00766
   0.02500
   0.05086
   0.06287
   0.05778
   0.03696
   0.00608
  -0.02645
  -0.05178
  -0.06302
  -0.05711
  -0.03566
  -0.00450
   0.02789
   0.05268
   0.06314
   0.05641
   0.03433
   0.00291
  -0.02930
  -0.05354
  -0.06321
  -0.05567
  -0.03299
  -0.00132
   0.03070
   0.05437
   0.06324
   0.05490
   0.03162
  -0.00027
  -0.03208
  -0.05517
  -0.06324
  -0.05410
  -0.03023
   0.00186
   0.03344
   0.05593
   0.06319
   0.05326
   0.02883
  -0.00345
  -0.03478
  -0.05665
  -0.06310
  -0.05238
  -0.02740
   0.00503
   0.03610
   0.05734
   0.06298
   0.05147
   0.02596
  -0.00661
  -0.03739
  -0.05799
  -0.06281
  -0.05053
  -0.02451
   0.00819
   0.03866
   0.05861
   0.06260
   0.04956
   0.02303
  -0.00977
  -0.03991
  -0.05919
  -0.06236
  -0.04856
  -0.02154
   0.01133
   0.04113
   0.05973
   0.06207
   0.04753
   0.02004
  -0.01289
  -0.04232
  -0.06023
  -0.06175
  -0.04646
  -0.01853
   0.01445
   0.04349
   0.06070
   0.06139
   0.04537
   0.01700
  -0.01599
  -0.04463
  -0.06113
  -0.06099
  -0.04425
  -0.01547
   0.01752
   0.04574
   0.06151
   0.06055
   0.04310
   0.01392
  -0.01904
  -0.04683
  -0.06186
  -0.06007
  -0.04192
  -0.01237
   0.02055
   0.04788
   0.06218
   0.05955
   0.04072
   0.01081
  -0.02205
  -0.04890
  -0.06245
  -0.05900
  -0.03949
  -0.00924
   0.02353
   0.04989
   0.06268
   0.05840
   0.03824
   0.00766
  -0.02500
  -0.05086
  -0.06287
  -0.05778
  -0.03696
  -0.00608
   0.02645
   0.05178
   0.06302
   0.05711
   0.03566
   0.00450
  -0.02789
  -0.05268
  -0.06314
  -0.05641
  -0.03433
  -0.00291
   0.02930
   0.05354
   0.06321
   0.05567
   0.03299
   0.00132
  -0.03070
  -0.05437
  -0.06324
  -0.05490
  -0.03162
   0.00027
   0.03208
   0.05517
   0.06324
   0.05410
   0.03023
  -0.00186
  -0.03344
  -0.05593
  -0.06319
  -0.05326
  -0.02883
   0.00345
   0.03478
   0.05665
   0.06310
   0.05238
   0.02740
  -0.00503
  -0.03610
  -0.05734
  -0.06298
  -0.05147
  -0.02596
   0.00661
   0.03739
   0.05799
   0.06281
   0.05053
   0.02451
  -0.00819
  -0.03866
  -0.05861
  -0.06260
  -0.04956
  -0.02303
   0.00977
   0.03991
   0.05919
   0.06236
   0.04856
   0.02154
  -0.01133
  -0.04113
  -0.05973
  -0.06207
  -0.04753
  -0.02004
   0.01289
   0.04232
   0.06023
   0.06175
   0.04646
   0.01853
  -0.01445
  -0.04349
  -0.06070
  -0.06139
  -0.04537
  -0.01700
   0.01599
   0.04463
   0.06113
   0.06099
   0.04425
   0.01547
  -0.01752
  -0.04574
  -0.06151
  -0.06055
  -0.04310
  -0.01392
   0.01904
   0.04683
   0.06186
   0.06007
   0.04192
   0.01237
  -0.02055
  -0.04788
  -0.06218
  -0.05955
  -0.04072
  -0.01081
   0.02205
   0.04890
   0.06245
   0.05900
   0.03949
   0.00924
  -0.02353
  -0.04989
  -0.06268
  -0.05840
  -0.03824
  -0.00766
   0.02500
   0.05086
   0.06287
   0.05778
   0.03696
   0.00608
  -0.02645
  -0.05178
  -0.06302
  -0.05711
  -0.03566
  -0.00450
   0.02789
   0.05268
   0.06314
   0.05641
   0.03433
   0.00291
  -0.02930
  -0.05354
  -0.06321
  -0.05567
  -0.03299
  -0.00132
   0.03070
   0.05437
   0.06324
   0.05490
   0.03162
  -0.00027
