  -0.05229
  -0.02288
   0.01460
   0.04694
   0.06270
   0.05634
   0.03009
  -0.00678
  -0.04125
  -0.06117
  -0.05949
  -0.03682
  -0.00116
   0.03492
   0.05867
   0.06171
   0.04298
   0.00907
  -0.02803
  -0.05525
  -0.06296
  -0.04845
  -0.01685
   0.02071
   0.05095
   0.06322
   0.05317
   0.02435
  -0.01305
  -0.04586
  -0.06247
  -0.05704
  -0.03148
   0.00519
   0.04003
   0.06074
   0.06002
   0.03810
   0.00275
  -0.03358
  -0.05806
  -0.06204
  -0.04413
  -0.01064
   0.02660
   0.05446
   0.06309
   0.04946
   0.01837
  -0.01920
  -0.05000
  -0.06315
  -0.05401
  -0.02581
   0.01149
   0.04475
   0.06220
   0.05771
   0.03285
  -0.00361
  -0.03879
  -0.06028
  -0.06050
  -0.03936
  -0.00433
   0.03222
   0.05741
   0.06233
   0.04526
   0.01221
  -0.02515
  -0.05363
  -0.06318
  -0.05044
  -0.01989
   0.01768
   0.04901
   0.06304
   0.05482
   0.02726
  -0.00993
  -0.04361
  -0.06190
  -0.05834
  -0.03419
   0.00202
   0.03752
   0.05978
   0.06094
   0.04059
   0.00592
  -0.03085
  -0.05672
  -0.06258
  -0.04635
  -0.01376
   0.02368
   0.05277
   0.06323
   0.05138
   0.02139
  -0.01615
  -0.04799
  -0.06289
  -0.05560
  -0.02868
   0.00836
   0.04244
   0.06155
   0.05894
   0.03552
  -0.00043
  -0.03623
  -0.05924
  -0.06135
  -0.04180
  -0.00750
   0.02945
   0.05600
   0.06279
   0.04742
   0.01531
  -0.02220
  -0.05188
  -0.06324
  -0.05229
  -0.02288
   0.01460
   0.04694
   0.06270
   0.05634
   0.03009
  -0.00678
  -0.04125
  -0.06117
  -0.05949
  -0.03682
  -0.00116
   0.03492
   0.05867
   0.06171
   0.04298
   0.00907
  -0.02803
  -0.05525
  -0.06296
  -0.04845
  -0.01685
   0.02071
   0.05095
   0.06322
   0.05317
   0.02435
  -0.01305
  -0.04586
  -0.06247
  -0.05704
  -0.03148
   0.00519
   0.04003
   0.06074
   0.06002
   0.03810
   0.00275
  -0.03358
  -0.05806
  -0.06204
  -0.04413
  -0.01064
   0.02660
   0.05446
   0.06309
   0.04946
   0.01837
  -0.01920
  -0.05000
  -0.06315
  -0.05401
  -0.02581
   0.01149
   0.04475
   0.06220
   0.05771
   0.03285
  -0.00361
  -0.03879
  -0.06028
  -0.06050
  -0.03936
  -0.00433
   0.03222
   0.05741
   0.06233
   0.04526
   0.01221
  -0.02515
  -0.05363
  -0.06318
  -0.05044
  -0.01989
   0.01768
   0.04901
   0.06304
   0.05482
   0.02726
  -0.00993
  -0.04361
  -0.06190
  -0.05834
  -0.03419
   0.00202
   0.03752
   0.05978
   0.06094
   0.04059
   0.00592
  -0.03085
  -0.05672
  -0.06258
  -0.04635
  -0.01376
   0.02368
   0.05277
   0.06323
   0.05138
   0.02139
  -0.01615
  -0.04799
  -0.06289
  -0.05560
  -0.02868
   0.00836
   0.04244
   0.06155
   0.05894
   0.03552
  -0.00043
  -0.03623
  -0.05924
  -0.06135
  -0.04180
  -0.00750
   0.02945
   0.05600
   0.06279
   0.04742
   0.01531
  -0.02220
  -0.05188
  -0.06324
  -0.05229
  -0.02288
   0.01460
   0.04694
   0.06270
   0.05634
   0.03009
  -0.00678
  -0.04125
  -0.06117
  -0.05949
  -0.03682
  -0.00116
   0.03492
   0.05867
   0.06171
   0.04298
   0.00907
  -0.02803
  -0.05525
  -0.06296
  -0.04845
  -0.01685
   0.02071
   0.05095
   0.06322
   0.05317
   0.02435
  -0.01305
  -0.04586
  -0.06247
  -0.05704
  -0.03148
   0.00519
   0.04003
   0.06074
   0.06002
   0.03810
   0.00275
  -0.03358
  -0.05806
  -0.06204
  -0.04413
  -0.01064
   0.02660
   0.05446
   0.06309
   0.04946
   0.01837
  -0.01920
  -0.05000
  -0.06315
  -0.05401
  -0.02581
   0.01149
   0.04475
   0.06220
   0.05771
   0.03285
  -0.00361
  -0.03879
  -0.06028
  -0.06050
  -0.03936
  -0.00433
   0.03222
   0.05741
   0.06233
   0.04526
   0.01221
  -0.02515
  -0.05363
  -0.06318
  -0.05044
  -0.01989
   0.01768
   0.04901
   0.06304
   0.05482
   0.02726
  -0.00993
  -0.04361
  -0.06190
  -0.05834
  -0.03419
   0.00202
   0.03752
   0.05978
   0.06094
   0.04059
   0.00592
  -0.03085
  -0.05672
  -0.06258
  -0.04635
  -0.01376
   0.02368
   0.05277
   0.06323
   0.05138
   0.02139
  -0.01615
  -0.04799
  -0.06289
  -0.05560
  -0.02868
   0.00836
   0.04244
   0.06155
   0.05894
   0.03552
  -0.00043
  -0.03623
  -0.05924
  -0.06135
  -0.04180
  -0.00750
   0.02945
   0.05600
   0.06279
   0.04742
   0.01531
  -0.02220
  -0.05188
  -0.06324
  -0.05229
  -0.02288
   0.01460
   0.04694
   0.06270
   0.05634
   0.03009
  -0.00678
  -0.04125
  -0.06117
  -0.05949
  -0.03682
  -0.00116
   0.03492
   0.05867
   0.06171
   0.04298
   0.00907
  -0.02803
  -0.05525
  -0.06296
  -0.04845
  -0.01685
   0.02071
   0.05095
   0.06322
   0.05317
   0.02435
  -0.01305
  -0.04586
  -0.06247
  -0.05704
  -0.03148
   0.00519
   0.04003
   0.06074
   0.06002
   0.03810
   0.00275
  -0.03358
  -0.05806
  -0.06204
  -0.04413
  -0.01064
   0.02660
   0.05446
   0.06309
   0.04946
   0.01837
  -0.01920
  -0.05000
  -0.06315
  -0.05401
  -0.02581
   0.01149
   0.04475
   0.06220
   0.05771
   0.03285
  -0.00361
  -0.03879
  -0.06028
  -0.06050
  -0.03936
  -0.00433
   0.03222
   0.05741
   0.06233
   0.04526
   0.01221
  -0.02515
  -0.05363
  -0.06318
  -0.05044
  -0.01989
   0.01768
   0.04901
   0.06304
   0.05482
   0.02726
  -0.00993
  -0.04361
  -0.06190
  -0.05834
  -0.03419
   0.00202
   0.03752
   0.05978
   0.06094
   0.04059
   0.00592
  -0.03085
  -0.05672
  -0.06258
  -0.04635
  -0.01376
   0.02368
   0.05277
   0.06323
   0.05138
   0.02139
  -0.01615
  -0.04799
  -0.06289
  -0.05560
  -0.02868
   0.00836
   0.04244
   0.06155
   0.05894
   0.03552
  -0.00043
  -0.03623
  -0.05924
  -0.06135
  -0.04180
  -0.00750
   0.02945
   0.05600
   0.06279
   0.04742
   0.01531
  -0.02220
  -0.05188
  -0.06324
