  -0.05845
   0.03575
  -0.00143
  -0.03335
   0.05729
  -0.06262
   0.04760
  -0.01711
  -0.01894
   0.04883
  -0.06286
   0.05646
  -0.03172
  -0.00333
   0.03730
  -0.05915
   0.06177
  -0.04433
   0.01248
   0.02343
  -0.05172
   0.06321
  -0.05415
   0.02750
   0.00808
  -0.04104
   0.06067
  -0.06058
   0.04080
  -0.00777
  -0.02779
   0.05432
  -0.06319
   0.05154
  -0.02314
  -0.01278
   0.04455
  -0.06184
   0.05904
  -0.03705
   0.00302
   0.03199
  -0.05660
   0.06282
  -0.04863
   0.01864
   0.01741
  -0.04781
   0.06266
  -0.05716
   0.03308
   0.00175
  -0.03601
   0.05857
  -0.06210
   0.04545
  -0.01403
  -0.02194
   0.05079
  -0.06313
   0.05496
  -0.02893
  -0.00650
   0.03982
  -0.06020
   0.06102
  -0.04201
   0.00935
   0.02635
  -0.05348
   0.06324
  -0.05244
   0.02461
   0.01122
  -0.04341
   0.06149
  -0.05959
   0.03832
  -0.00461
  -0.03061
   0.05587
  -0.06299
   0.04963
  -0.02015
  -0.01588
   0.04675
  -0.06243
   0.05782
  -0.03443
  -0.00016
   0.03469
  -0.05795
   0.06238
  -0.04654
   0.01558
   0.02045
  -0.04983
   0.06301
  -0.05573
   0.03033
   0.00492
  -0.03857
   0.05969
  -0.06141
   0.04318
  -0.01092
  -0.02490
   0.05262
  -0.06324
   0.05332
  -0.02606
  -0.00966
   0.04224
  -0.06110
   0.06010
  -0.03958
   0.00619
   0.02921
  -0.05511
   0.06311
  -0.05060
   0.02165
   0.01434
  -0.04566
   0.06215
  -0.05845
   0.03575
  -0.00143
  -0.03335
   0.05729
  -0.06262
   0.04760
  -0.01711
  -0.01894
   0.04883
  -0.06286
   0.05646
  -0.03172
  -0.00333
   0.03730
  -0.05915
   0.06177
  -0.04433
   0.01248
   0.02343
  -0.05172
   0.06321
  -0.05415
   0.02750
   0.00808
  -0.04104
   0.06067
  -0.06058
   0.04080
  -0.00777
  -0.02779
   0.05432
  -0.06319
   0.05154
  -0.02314
  -0.01278
   0.04455
  -0.06184
   0.05904
  -0.03705
   0.00302
   0.03199
  -0.05660
   0.06282
  -0.04863
   0.01864
   0.01741
  -0.04781
   0.06266
  -0.05716
   0.03308
   0.00175
  -0.03601
   0.05857
  -0.06210
   0.04545
  -0.01403
  -0.02194
   0.05079
  -0.06313
   0.05496
  -0.02893
  -0.00650
   0.03982
  -0.06020
   0.06102
  -0.04201
   0.00935
   0.02635
  -0.05348
   0.06324
  -0.05244
   0.02461
   0.01122
  -0.04341
   0.06149
  -0.05959
   0.03832
  -0.00461
  -0.03061
   0.05587
  -0.06299
   0.04963
  -0.02015
  -0.01588
   0.04675
  -0.06243
   0.05782
  -0.03443
  -0.00016
   0.03469
  -0.05795
   0.06238
  -0.04654
   0.01558
   0.02045
  -0.04983
   0.06301
  -0.05573
   0.03033
   0.00492
  -0.03857
   0.05969
  -0.06141
   0.04318
  -0.01092
  -0.02490
   0.05262
  -0.06324
   0.05332
  -0.02606
  -0.00966
   0.04224
  -0.06110
   0.06010
  -0.03958
   0.00619
   0.02921
  -0.05511
   0.06311
  -0.05060
   0.02165
   0.01434
  -0.04566
   0.06215
  -0.05845
   0.03575
  -0.00143
  -0.03335
   0.05729
  -0.06262
   0.04760
  -0.01711
  -0.01894
   0.04883
  -0.06286
   0.05646
  -0.03172
  -0.00333
   0.03730
  -0.05915
   0.06177
  -0.04433
   0.01248
   0.02343
  -0.05172
   0.06321
  -0.05415
   0.02750
   0.00808
  -0.04104
   0.06067
  -0.06058
   0.04080
  -0.00777
  -0.02779
   0.05432
  -0.06319
   0.05154
  -0.02314
  -0.01278
   0.04455
  -0.06184
   0.05904
  -0.03705
   0.00302
   0.03199
  -0.05660
   0.06282
  -0.04863
   0.01864
   0.01741
  -0.04781
   0.06266
  -0.05716
   0.03308
   0.00175
  -0.03601
   0.05857
  -0.06210
   0.04545
  -0.01403
  -0.02194
   0.05079
  -0.06313
   0.05496
  -0.02893
  -0.00650
   0.03982
  -0.06020
   0.06102
  -0.04201
   0.00935
   0.02635
  -0.05348
   0.06324
  -0.05244
   0.02461
   0.01122
  -0.04341
   0.06149
  -0.05959
   0.03832
  -0.00461
  -0.03061
   0.05587
  -0.06299
   0.04963
  -0.02015
  -0.01588
   0.04675
  -0.06243
   0.05782
  -0.03443
  -0.00016
   0.03469
  -0.05795
   0.06238
  -0.04654
   0.01558
   0.02045
  -0.04983
   0.06301
  -0.05573
   0.03033
   0.00492
  -0.03857
   0.05969
  -0.06141
   0.04318
  -0.01092
  -0.02490
   0.05262
  -0.06324
   0.05332
  -0.02606
  -0.00966
   0.04224
  -0.06110
   0.06010
  -0.03958
   0.00619
   0.02921
  -0.05511
   0.06311
  -0.05060
   0.02165
   0.01434
  -0.04566
   0.06215
  -0.05845
   0.03575
  -0.00143
  -0.03335
   0.05729
  -0.06262
   0.04760
  -0.01711
  -0.01894
   0.04883
  -0.06286
   0.05646
  -0.03172
  -0.00333
   0.03730
  -0.05915
   0.06177
  -0.04433
   0.01248
   0.02343
  -0.05172
   0.06321
  -0.05415
   0.02750
   0.00808
  -0.04104
   0.06067
  -0.06058
   0.04080
  -0.00777
  -0.02779
   0.05432
  -0.06319
   0.05154
  -0.02314
  -0.01278
   0.04455
  -0.06184
   0.05904
  -0.03705
   0.00302
   0.03199
  -0.05660
   0.06282
  -0.04863
   0.01864
   0.01741
  -0.04781
   0.06266
  -0.05716
   0.03308
   0.00175
  -0.03601
   0.05857
  -0.06210
   0.04545
  -0.01403
  -0.02194
   0.05079
  -0.06313
   0.05496
  -0.02893
  -0.00650
   0.03982
  -0.06020
   0.06102
  -0.04201
   0.00935
   0.02635
  -0.05348
   0.06324
  -0.05244
   0.02461
   0.01122
  -0.04341
   0.06149
  -0.05959
   0.03832
  -0.00461
  -0.03061
   0.05587
  -0.06299
   0.04963
  -0.02015
  -0.01588
   0.04675
  -0.06243
   0.05782
  -0.03443
  -0.00016
   0.03469
  -0.05795
   0.06238
  -0.04654
   0.01558
   0.02045
  -0.04983
   0.06301
  -0.05573
   0.03033
   0.00492
  -0.03857
   0.05969
  -0.06141
   0.04318
  -0.01092
  -0.02490
   0.05262
  -0.06324
   0.05332
  -0.02606
  -0.00966
   0.04224
  -0.06110
   0.06010
  -0.03958
   0.00619
   0.02921
  -0.05511
   0.06311
  -0.05060
   0.02165
   0.01434
  -0.04566
   0.06215
