   0.00940
   0.01869
   0.02755
   0.03579
   0.04322
   0.04966
   0.05498
   0.05905
   0.06179
   0.06311
   0.06301
   0.06148
   0.05855
   0.05429
   0.04880
   0.04220
   0.03465
   0.02630
   0.01736
   0.00803
  -0.00148
  -0.01097
  -0.02020
  -0.02897
  -0.03709
  -0.04436
  -0.05063
  -0.05575
  -0.05960
  -0.06211
  -0.06320
  -0.06285
  -0.06108
  -0.05793
  -0.05346
  -0.04777
  -0.04100
  -0.03330
  -0.02485
  -0.01583
  -0.00645
   0.00307
   0.01253
   0.02170
   0.03038
   0.03837
   0.04548
   0.05157
   0.05648
   0.06012
   0.06239
   0.06324
   0.06266
   0.06065
   0.05727
   0.05259
   0.04672
   0.03978
   0.03194
   0.02338
   0.01429
   0.00487
  -0.00466
  -0.01408
  -0.02318
  -0.03176
  -0.03962
  -0.04657
  -0.05247
  -0.05718
  -0.06059
  -0.06263
  -0.06324
  -0.06242
  -0.06018
  -0.05658
  -0.05169
  -0.04563
  -0.03853
  -0.03056
  -0.02190
  -0.01273
  -0.00328
   0.00624
   0.01563
   0.02466
   0.03313
   0.04084
   0.04763
   0.05334
   0.05784
   0.06103
   0.06283
   0.06320
   0.06214
   0.05967
   0.05585
   0.05076
   0.04451
   0.03726
   0.02916
   0.02040
   0.01117
   0.00169
  -0.00782
  -0.01716
  -0.02611
  -0.03447
  -0.04204
  -0.04866
  -0.05418
  -0.05847
  -0.06143
  -0.06299
  -0.06313
  -0.06183
  -0.05913
  -0.05509
  -0.04979
  -0.04337
  -0.03596
  -0.02774
  -0.01889
  -0.00961
  -0.00011
   0.00940
   0.01869
   0.02755
   0.03579
   0.04322
   0.04966
   0.05498
   0.05905
   0.06179
   0.06311
   0.06301
   0.06148
   0.05855
   0.05429
   0.04880
   0.04220
   0.03465
   0.02630
   0.01736
   0.00803
  -0.00148
  -0.01097
  -0.02020
  -0.02897
  -0.03709
  -0.04436
  -0.05063
  -0.05575
  -0.05960
  -0.06211
  -0.06320
  -0.06285
  -0.06108
  -0.05793
  -0.05346
  -0.04777
  -0.04100
  -0.03330
  -0.02485
  -0.01583
  -0.00645
   0.00307
   0.01253
   0.02170
   0.03038
   0.03837
   0.04548
   0.05157
   0.05648
   0.06012
   0.06239
   0.06324
   0.06266
   0.06065
   0.05727
   0.05259
   0.04672
   0.03978
   0.03194
   0.02338
   0.01429
   0.00487
  -0.00466
  -0.01408
  -0.02318
  -0.03176
  -0.03962
  -0.04657
  -0.05247
  -0.05718
  -0.06059
  -0.06263
  -0.06324
  -0.06242
  -0.06018
  -0.05658
  -0.05169
  -0.04563
  -0.03853
  -0.03056
  -0.02190
  -0.01273
  -0.00328
   0.00624
   0.01563
   0.02466
   0.03313
   0.04084
   0.04763
   0.05334
   0.05784
   0.06103
   0.06283
   0.06320
   0.06214
   0.05967
   0.05585
   0.05076
   0.04451
   0.03726
   0.02916
   0.02040
   0.01117
   0.00169
  -0.00782
  -0.01716
  -0.02611
  -0.03447
  -0.04204
  -0.04866
  -0.05418
  -0.05847
  -0.06143
  -0.06299
  -0.06313
  -0.06183
  -0.05913
  -0.05509
  -0.04979
  -0.04337
  -0.03596
  -0.02774
  -0.01889
  -0.00961
  -0.00011
   0.00940
   0.01869
   0.02755
   0.03579
   0.04322
   0.04966
   0.05498
   0.05905
   0.06179
   0.06311
   0.06301
   0.06148
   0.05855
   0.05429
   0.04880
   0.04220
   0.03465
   0.02630
   0.01736
   0.00803
  -0.00148
  -0.01097
  -0.02020
  -0.02897
  -0.03709
  -0.04436
  -0.05063
  -0.05575
  -0.05960
  -0.06211
  -0.06320
  -0.06285
  -0.06108
  -0.05793
  -0.05346
  -0.04777
  -0.04100
  -0.03330
  -0.02485
  -0.01583
  -0.00645
   0.00307
   0.01253
   0.02170
   0.03038
   0.03837
   0.04548
   0.05157
   0.05648
   0.06012
   0.06239
   0.06324
   0.06266
   0.06065
   0.05727
   0.05259
   0.04672
   0.03978
   0.03194
   0.02338
   0.01429
   0.00487
  -0.00466
  -0.01408
  -0.02318
  -0.03176
  -0.03962
  -0.04657
  -0.05247
  -0.05718
  -0.06059
  -0.06263
  -0.06324
  -0.06242
  -0.06018
  -0.05658
  -0.05169
  -0.04563
  -0.03853
  -0.03056
  -0.02190
  -0.01273
  -0.00328
   0.00624
   0.01563
   0.02466
   0.03313
   0.04084
   0.04763
   0.05334
   0.05784
   0.06103
   0.06283
   0.06320
   0.06214
   0.05967
   0.05585
   0.05076
   0.04451
   0.03726
   0.02916
   0.02040
   0.01117
   0.00169
  -0.00782
  -0.01716
  -0.02611
  -0.03447
  -0.04204
  -0.04866
  -0.05418
  -0.05847
  -0.06143
  -0.06299
  -0.06313
  -0.06183
  -0.05913
  -0.05509
  -0.04979
  -0.04337
  -0.03596
  -0.02774
  -0.01889
  -0.00961
  -0.00011
   0.00940
   0.01869
   0.02755
   0.03579
   0.04322
   0.04966
   0.05498
   0.05905
   0.06179
   0.06311
   0.06301
   0.06148
   0.05855
   0.05429
   0.04880
   0.04220
   0.03465
   0.02630
   0.01736
   0.00803
  -0.00148
  -0.01097
  -0.02020
  -0.02897
  -0.03709
  -0.04436
  -0.05063
  -0.05575
  -0.05960
  -0.06211
  -0.06320
  -0.06285
  -0.06108
  -0.05793
  -0.05346
  -0.04777
  -0.04100
  -0.03330
  -0.02485
  -0.01583
  -0.00645
   0.00307
   0.01253
   0.02170
   0.03038
   0.03837
   0.04548
   0.05157
   0.05648
   0.06012
   0.06239
   0.06324
   0.06266
   0.06065
   0.05727
   0.05259
   0.04672
   0.03978
   0.03194
   0.02338
   0.01429
   0.00487
  -0.00466
  -0.01408
  -0.02318
  -0.03176
  -0.03962
  -0.04657
  -0.05247
  -0.05718
  -0.06059
  -0.06263
  -0.06324
  -0.06242
  -0.06018
  -0.05658
  -0.05169
  -0.04563
  -0.03853
  -0.03056
  -0.02190
  -0.01273
  -0.00328
   0.00624
   0.01563
   0.02466
   0.03313
   0.04084
   0.04763
   0.05334
   0.05784
   0.06103
   0.06283
   0.06320
   0.06214
   0.05967
   0.05585
   0.05076
   0.04451
   0.03726
   0.02916
   0.02040
   0.01117
   0.00169
  -0.00782
  -0.01716
  -0.02611
  -0.03447
  -0.04204
  -0.04866
  -0.05418
  -0.05847
  -0.06143
  -0.06299
  -0.06313
  -0.06183
  -0.05913
  -0.05509
  -0.04979
  -0.04337
  -0.03596
  -0.02774
  -0.01889
  -0.00961
  -0.00011
