   0.04553
   0.00394
  -0.03972
  -0.06253
  -0.05251
  -0.01493
   0.03050
   0.05991
   0.05787
   0.02545
  -0.02033
  -0.05544
  -0.06144
  -0.03519
   0.00953
   0.04925
   0.06312
   0.04385
   0.00156
  -0.04155
  -0.06285
  -0.05115
  -0.01260
   0.03256
   0.06063
   0.05687
   0.02325
  -0.02257
  -0.05655
  -0.06084
  -0.03319
   0.01188
   0.05071
   0.06292
   0.04210
  -0.00083
  -0.04332
  -0.06307
  -0.04971
  -0.01026
   0.03458
   0.06127
   0.05579
   0.02102
  -0.02478
  -0.05757
  -0.06014
  -0.03114
   0.01421
   0.05210
   0.06264
   0.04029
  -0.00321
  -0.04502
  -0.06320
  -0.04820
  -0.00790
   0.03655
   0.06181
   0.05462
   0.01876
  -0.02696
  -0.05852
  -0.05936
  -0.02904
   0.01653
   0.05342
   0.06226
   0.03842
  -0.00559
  -0.04667
  -0.06325
  -0.04662
  -0.00553
   0.03847
   0.06227
   0.05338
   0.01647
  -0.02909
  -0.05938
  -0.05850
  -0.02690
   0.01882
   0.05466
   0.06180
   0.03650
  -0.00796
  -0.04824
  -0.06320
  -0.04498
  -0.00315
   0.04034
   0.06265
   0.05207
   0.01415
  -0.03119
  -0.06016
  -0.05755
  -0.02472
   0.02108
   0.05582
   0.06125
   0.03453
  -0.01032
  -0.04975
  -0.06306
  -0.04327
  -0.00076
   0.04215
   0.06293
   0.05068
   0.01182
  -0.03324
  -0.06085
  -0.05652
  -0.02251
   0.02331
   0.05690
   0.06061
   0.03251
  -0.01266
  -0.05119
  -0.06284
  -0.04150
   0.00162
   0.04389
   0.06312
   0.04921
   0.00947
  -0.03525
  -0.06146
  -0.05541
  -0.02027
   0.02551
   0.05790
   0.05989
   0.03044
  -0.01499
  -0.05255
  -0.06252
  -0.03967
   0.00400
   0.04558
   0.06323
   0.04768
   0.00711
  -0.03720
  -0.06198
  -0.05422
  -0.01800
   0.02767
   0.05882
   0.05908
   0.02833
  -0.01729
  -0.05384
  -0.06212
  -0.03779
   0.00638
   0.04720
   0.06324
   0.04608
   0.00473
  -0.03910
  -0.06241
  -0.05295
  -0.01570
   0.02980
   0.05965
   0.05819
   0.02618
  -0.01957
  -0.05505
  -0.06163
  -0.03585
   0.00875
   0.04875
   0.06316
   0.04442
   0.00235
  -0.04095
  -0.06275
  -0.05161
  -0.01338
   0.03188
   0.06040
   0.05721
   0.02399
  -0.02183
  -0.05619
  -0.06105
  -0.03386
   0.01110
   0.05024
   0.06300
   0.04269
  -0.00003
  -0.04273
  -0.06300
  -0.05020
  -0.01104
   0.03392
   0.06106
   0.05616
   0.02177
  -0.02405
  -0.05724
  -0.06038
  -0.03182
   0.01344
   0.05165
   0.06274
   0.04090
  -0.00241
  -0.04446
  -0.06317
  -0.04871
  -0.00868
   0.03590
   0.06164
   0.05502
   0.01951
  -0.02624
  -0.05821
  -0.05963
  -0.02974
   0.01576
   0.05299
   0.06240
   0.03905
  -0.00480
  -0.04613
  -0.06324
  -0.04716
  -0.00632
   0.03784
   0.06213
   0.05381
   0.01723
  -0.02839
  -0.05910
  -0.05879
  -0.02762
   0.01806
   0.05425
   0.06197
   0.03715
  -0.00717
  -0.04772
  -0.06322
  -0.04553
  -0.00394
   0.03972
   0.06253
   0.05251
   0.01493
  -0.03050
  -0.05991
  -0.05787
  -0.02545
   0.02033
   0.05544
   0.06144
   0.03519
  -0.00953
  -0.04925
  -0.06312
  -0.04385
  -0.00156
   0.04155
   0.06285
   0.05115
   0.01260
  -0.03256
  -0.06063
  -0.05687
  -0.02325
   0.02257
   0.05655
   0.06084
   0.03319
  -0.01188
  -0.05071
  -0.06292
  -0.04210
   0.00083
   0.04332
   0.06307
   0.04971
   0.01026
  -0.03458
  -0.06127
  -0.05579
  -0.02102
   0.02478
   0.05757
   0.06014
   0.03114
  -0.01421
  -0.05210
  -0.06264
  -0.04029
   0.00321
   0.04502
   0.06320
   0.04820
   0.00790
  -0.03655
  -0.06181
  -0.05462
  -0.01876
   0.02696
   0.05852
   0.05936
   0.02904
  -0.01653
  -0.05342
  -0.06226
  -0.03842
   0.00559
   0.04667
   0.06325
   0.04662
   0.00553
  -0.03847
  -0.06227
  -0.05338
  -0.01647
   0.02909
   0.05938
   0.05850
   0.02690
  -0.01882
  -0.05466
  -0.06180
  -0.03650
   0.00796
   0.04824
   0.06320
   0.04498
   0.00315
  -0.04034
  -0.06265
  -0.05207
  -0.01415
   0.03119
   0.06016
   0.05755
   0.02472
  -0.02108
  -0.05582
  -0.06125
  -0.03453
   0.01032
   0.04975
   0.06306
   0.04327
   0.00076
  -0.04215
  -0.06293
  -0.05068
  -0.01182
   0.03324
   0.06085
   0.05652
   0.02251
  -0.02331
  -0.05690
  -0.06061
  -0.03251
   0.01266
   0.05119
   0.06284
   0.04150
  -0.00162
  -0.04389
  -0.06312
  -0.04921
  -0.00947
   0.03525
   0.06146
   0.05541
   0.02027
  -0.02551
  -0.05790
  -0.05989
  -0.03044
   0.01499
   0.05255
   0.06252
   0.03967
  -0.00400
  -0.04558
  -0.06323
  -0.04768
  -0.00711
   0.03720
   0.06198
   0.05422
   0.01800
  -0.02767
  -0.05882
  -0.05908
  -0.02833
   0.01729
   0.05384
   0.06212
   0.03779
  -0.00638
  -0.04720
  -0.06324
  -0.04608
  -0.00473
   0.03910
   0.06241
   0.05295
   0.01570
  -0.02980
  -0.05965
  -0.05819
  -0.02618
   0.01957
   0.05505
   0.06163
   0.03585
  -0.00875
  -0.04875
  -0.06316
  -0.04442
  -0.00235
   0.04095
   0.06275
   0.05161
   0.01338
  -0.03188
  -0.06040
  -0.05721
  -0.02399
   0.02183
   0.05619
   0.06105
   0.03386
  -0.01110
  -0.05024
  -0.06300
  -0.04269
   0.00003
   0.04273
   0.06300
   0.05020
   0.01104
  -0.03392
  -0.06106
  -0.05616
  -0.02177
   0.02405
   0.05724
   0.06038
   0.03182
  -0.01344
  -0.05165
  -0.06274
  -0.04090
   0.00241
   0.04446
   0.06317
   0.04871
   0.00868
  -0.03590
  -0.06164
  -0.05502
  -0.01951
   0.02624
   0.05821
   0.05963
   0.02974
  -0.01576
  -0.05299
  -0.06240
  -0.03905
   0.00480
   0.04613
   0.06324
   0.04716
   0.00632
  -0.03784
  -0.06213
  -0.05381
  -0.01723
   0.02839
   0.05910
   0.05879
   0.02762
  -0.01806
  -0.05425
  -0.06197
  -0.03715
   0.00717
   0.04772
   0.06322
