   0.06119
  -0.05735
   0.02719
   0.01545
  -0.05100
   0.06314
  -0.04630
   0.00822
   0.03364
  -0.06006
   0.05891
  -0.03072
  -0.01156
   0.04855
  -0.06324
   0.04892
  -0.01214
  -0.03021
   0.05870
  -0.06024
   0.03413
   0.00764
  -0.04590
   0.06310
  -0.05134
   0.01601
   0.02666
  -0.05710
   0.06133
  -0.03741
  -0.00368
   0.04308
  -0.06271
   0.05356
  -0.01982
  -0.02301
   0.05528
  -0.06218
   0.04054
  -0.00029
  -0.04009
   0.06207
  -0.05556
   0.02355
   0.01927
  -0.05324
   0.06278
  -0.04351
   0.00426
   0.03694
  -0.06119
   0.05735
  -0.02719
  -0.01545
   0.05100
  -0.06314
   0.04630
  -0.00822
  -0.03364
   0.06006
  -0.05891
   0.03072
   0.01156
  -0.04855
   0.06324
  -0.04892
   0.01214
   0.03021
  -0.05870
   0.06024
  -0.03413
  -0.00764
   0.04590
  -0.06310
   0.05134
  -0.01601
  -0.02666
   0.05710
  -0.06133
   0.03741
   0.00368
  -0.04308
   0.06271
  -0.05356
   0.01982
   0.02301
  -0.05528
   0.06218
  -0.04054
   0.00029
   0.04009
  -0.06207
   0.05556
  -0.02355
  -0.01927
   0.05324
  -0.06278
   0.04351
  -0.00426
  -0.03694
   0.06119
  -0.05735
   0.02719
   0.01545
  -0.05100
   0.06314
  -0.04630
   0.00822
   0.03364
  -0.06006
   0.05891
  -0.03072
  -0.01156
   0.04855
  -0.06324
   0.04892
  -0.01214
  -0.03021
   0.05870
  -0.06024
   0.03413
   0.00764
  -0.04590
   0.06310
  -0.05134
   0.01601
   0.02666
  -0.05710
   0.06133
  -0.03741
  -0.00368
   0.04308
  -0.06271
   0.05356
  -0.01982
  -0.02301
   0.05528
  -0.06218
   0.04054
  -0.00029
  -0.04009
   0.06207
  -0.05556
   0.02355
   0.01927
  -0.05324
   0.06278
  -0.04351
   0.00426
   0.03694
  -0.06119
   0.05735
  -0.02719
  -0.01545
   0.05100
  -0.06314
   0.04630
  -0.00822
  -0.03364
   0.06006
  -0.05891
   0.03072
   0.01156
  -0.04855
   0.06324
  -0.04892
   0.01214
   0.03021
  -0.05870
   0.06024
  -0.03413
  -0.00764
   0.04590
  -0.06310
   0.05134
  -0.01601
  -0.02666
   0.05710
  -0.06133
   0.03741
   0.00368
  -0.04308
   0.06271
  -0.05356
   0.01982
   0.02301
  -0.05528
   0.06218
  -0.04054
   0.00029
   0.04009
  -0.06207
   0.05556
  -0.02355
  -0.01927
   0.05324
  -0.06278
   0.04351
  -0.00426
  -0.03694
   0.06119
  -0.05735
   0.02719
   0.01545
  -0.05100
   0.06314
  -0.04630
   0.00822
   0.03364
  -0.06006
   0.05891
  -0.03072
  -0.01156
   0.04855
  -0.06324
   0.04892
  -0.01214
  -0.03021
   0.05870
  -0.06024
   0.03413
   0.00764
  -0.04590
   0.06310
  -0.05134
   0.01601
   0.02666
  -0.05710
   0.06133
  -0.03741
  -0.00368
   0.04308
  -0.06271
   0.05356
  -0.01982
  -0.02301
   0.05528
  -0.06218
   0.04054
  -0.00029
  -0.04009
   0.06207
  -0.05556
   0.02355
   0.01927
  -0.05324
   0.06278
  -0.04351
   0.00426
   0.03694
  -0.06119
   0.05735
  -0.02719
  -0.01545
   0.05100
  -0.06314
   0.04630
  -0.00822
  -0.03364
   0.06006
  -0.05891
   0.03072
   0.01156
  -0.04855
   0.06324
  -0.04892
   0.01214
   0.03021
  -0.05870
   0.06024
  -0.03413
  -0.00764
   0.04590
  -0.06310
   0.05134
  -0.01601
  -0.02666
   0.05710
  -0.06133
   0.03741
   0.00368
  -0.04308
   0.06271
  -0.05356
   0.01982
   0.02301
  -0.05528
   0.06218
  -0.04054
   0.00029
   0.04009
  -0.06207
   0.05556
  -0.02355
  -0.01927
   0.05324
  -0.06278
   0.04351
  -0.00426
  -0.03694
   0.06119
  -0.05735
   0.02719
   0.01545
  -0.05100
   0.06314
  -0.04630
   0.00822
   0.03364
  -0.06006
   0.05891
  -0.03072
  -0.01156
   0.04855
  -0.06324
   0.04892
  -0.01214
  -0.03021
   0.05870
  -0.06024
   0.03413
   0.00764
  -0.04590
   0.06310
  -0.05134
   0.01601
   0.02666
  -0.05710
   0.06133
  -0.03741
  -0.00368
   0.04308
  -0.06271
   0.05356
  -0.01982
  -0.02301
   0.05528
  -0.06218
   0.04054
  -0.00029
  -0.04009
   0.06207
  -0.05556
   0.02355
   0.01927
  -0.05324
   0.06278
  -0.04351
   0.00426
   0.03694
  -0.06119
   0.05735
  -0.02719
  -0.01545
   0.05100
  -0.06314
   0.04630
  -0.00822
  -0.03364
   0.06006
  -0.05891
   0.03072
   0.01156
  -0.04855
   0.06324
  -0.04892
   0.01214
   0.03021
  -0.05870
   0.06024
  -0.03413
  -0.00764
   0.04590
  -0.06310
   0.05134
  -0.01601
  -0.02666
   0.05710
  -0.06133
   0.03741
   0.00368
  -0.04308
   0.06271
  -0.05356
   0.01982
   0.02301
  -0.05528
   0.06218
  -0.04054
   0.00029
   0.04009
  -0.06207
   0.05556
  -0.02355
  -0.01927
   0.05324
  -0.06278
   0.04351
  -0.00426
  -0.03694
   0.06119
  -0.05735
   0.02719
   0.01545
  -0.05100
   0.06314
  -0.04630
   0.00822
   0.03364
  -0.06006
   0.05891
  -0.03072
  -0.01156
   0.04855
  -0.06324
   0.04892
  -0.01214
  -0.03021
   0.05870
  -0.06024
   0.03413
   0.00764
  -0.04590
   0.06310
  -0.05134
   0.01601
   0.02666
  -0.05710
   0.06133
  -0.03741
  -0.00368
   0.04308
  -0.06271
   0.05356
  -0.01982
  -0.02301
   0.05528
  -0.06218
   0.04054
  -0.00029
  -0.04009
   0.06207
  -0.05556
   0.02355
   0.01927
  -0.05324
   0.06278
  -0.04351
   0.00426
   0.03694
  -0.06119
   0.05735
  -0.02719
  -0.01545
   0.05100
  -0.06314
   0.04630
  -0.00822
  -0.03364
   0.06006
  -0.05891
   0.03072
   0.01156
  -0.04855
   0.06324
  -0.04892
   0.01214
   0.03021
  -0.05870
   0.06024
  -0.03413
  -0.00764
   0.04590
  -0.06310
   0.05134
  -0.01601
  -0.02666
   0.05710
  -0.06133
   0.03741
   0.00368
  -0.04308
   0.06271
  -0.05356
   0.01982
   0.02301
  -0.05528
   0.06218
  -0.04054
   0.00029
   0.04009
  -0.06207
   0.05556
  -0.02355
  -0.01927
   0.05324
  -0.06278
   0.04351
  -0.00426
  -0.03694
