   0.04233
   0.06287
   0.05147
   0.01391
  -0.03071
  -0.05973
  -0.05840
  -0.02739
   0.01753
   0.05355
   0.06236
   0.03948
  -0.00346
  -0.04464
  -0.06314
  -0.04956
  -0.01079
   0.03345
   0.06070
   0.05711
   0.02450
  -0.02056
  -0.05517
  -0.06175
  -0.03695
   0.00663
   0.04683
   0.06324
   0.04752
   0.00765
  -0.03611
  -0.06152
  -0.05567
  -0.02153
   0.02354
   0.05666
   0.06098
   0.03432
  -0.00978
  -0.04891
  -0.06319
  -0.04536
  -0.00449
   0.03867
   0.06218
   0.05409
   0.01852
  -0.02646
  -0.05800
  -0.06006
  -0.03161
   0.01290
   0.05086
   0.06298
   0.04309
   0.00131
  -0.04114
  -0.06268
  -0.05238
  -0.01546
   0.02931
   0.05919
   0.05899
   0.02882
  -0.01600
  -0.05269
  -0.06260
  -0.04071
   0.00187
   0.04350
   0.06302
   0.05053
   0.01236
  -0.03209
  -0.06024
  -0.05777
  -0.02595
   0.01905
   0.05438
   0.06207
   0.03823
  -0.00504
  -0.04575
  -0.06321
  -0.04855
  -0.00922
   0.03479
   0.06113
   0.05641
   0.02302
  -0.02206
  -0.05593
  -0.06138
  -0.03565
   0.00820
   0.04789
   0.06324
   0.04646
   0.00607
  -0.03740
  -0.06187
  -0.05490
  -0.02003
   0.02501
   0.05734
   0.06054
   0.03298
  -0.01134
  -0.04990
  -0.06310
  -0.04424
  -0.00290
   0.03992
   0.06245
   0.05325
   0.01699
  -0.02790
  -0.05861
  -0.05955
  -0.03022
   0.01446
   0.05179
   0.06281
   0.04191
  -0.00028
  -0.04233
  -0.06287
  -0.05147
  -0.01391
   0.03071
   0.05973
   0.05840
   0.02739
  -0.01753
  -0.05355
  -0.06236
  -0.03948
   0.00346
   0.04464
   0.06314
   0.04956
   0.01079
  -0.03345
  -0.06070
  -0.05711
  -0.02450
   0.02056
   0.05517
   0.06175
   0.03695
  -0.00663
  -0.04683
  -0.06324
  -0.04752
  -0.00765
   0.03611
   0.06152
   0.05567
   0.02153
  -0.02354
  -0.05666
  -0.06098
  -0.03432
   0.00978
   0.04891
   0.06319
   0.04536
   0.00449
  -0.03867
  -0.06218
  -0.05409
  -0.01852
   0.02646
   0.05800
   0.06006
   0.03161
  -0.01290
  -0.05086
  -0.06298
  -0.04309
  -0.00131
   0.04114
   0.06268
   0.05238
   0.01546
  -0.02931
  -0.05919
  -0.05899
  -0.02882
   0.01600
   0.05269
   0.06260
   0.04071
  -0.00187
  -0.04350
  -0.06302
  -0.05053
  -0.01236
   0.03209
   0.06024
   0.05777
   0.02595
  -0.01905
  -0.05438
  -0.06207
  -0.03823
   0.00504
   0.04575
   0.06321
   0.04855
   0.00922
  -0.03479
  -0.06113
  -0.05641
  -0.02302
   0.02206
   0.05593
   0.06138
   0.03565
  -0.00820
  -0.04789
  -0.06324
  -0.04646
  -0.00607
   0.03740
   0.06187
   0.05490
   0.02003
  -0.02501
  -0.05734
  -0.06054
  -0.03298
   0.01134
   0.04990
   0.06310
   0.04424
   0.00290
  -0.03992
  -0.06245
  -0.05325
  -0.01699
   0.02790
   0.05861
   0.05955
   0.03022
  -0.01446
  -0.05179
  -0.06281
  -0.04191
   0.00028
   0.04233
   0.06287
   0.05147
   0.01391
  -0.03071
  -0.05973
  -0.05840
  -0.02739
   0.01753
   0.05355
   0.06236
   0.03948
  -0.00346
  -0.04464
  -0.06314
  -0.04956
  -0.01079
   0.03345
   0.06070
   0.05711
   0.02450
  -0.02056
  -0.05517
  -0.06175
  -0.03695
   0.00663
   0.04683
   0.06324
   0.04752
   0.00765
  -0.03611
  -0.06152
  -0.05567
  -0.02153
   0.02354
   0.05666
   0.06098
   0.03432
  -0.00978
  -0.04891
  -0.06319
  -0.04536
  -0.00449
   0.03867
   0.06218
   0.05409
   0.01852
  -0.02646
  -0.05800
  -0.06006
  -0.03161
   0.01290
   0.05086
   0.06298
   0.04309
   0.00131
  -0.04114
  -0.06268
  -0.05238
  -0.01546
   0.02931
   0.05919
   0.05899
   0.02882
  -0.01600
  -0.05269
  -0.06260
  -0.04071
   0.00187
   0.04350
   0.06302
   0.05053
   0.01236
  -0.03209
  -0.06024
  -0.05777
  -0.02595
   0.01905
   0.05438
   0.06207
   0.03823
  -0.00504
  -0.04575
  -0.06321
  -0.04855
  -0.00922
   0.03479
   0.06113
   0.05641
   0.02302
  -0.02206
  -0.05593
  -0.06138
  -0.03565
   0.00820
   0.04789
   0.06324
   0.04646
   0.00607
  -0.03740
  -0.06187
  -0.05490
  -0.02003
   0.02501
   0.05734
   0.06054
   0.03298
  -0.01134
  -0.04990
  -0.06310
  -0.04424
  -0.00290
   0.03992
   0.06245
   0.05325
   0.01699
  -0.02790
  -0.05861
  -0.05955
  -0.03022
   0.01446
   0.05179
   0.06281
   0.04191
  -0.00028
  -0.04233
  -0.06287
  -0.05147
  -0.01391
   0.03071
   0.05973
   0.05840
   0.02739
  -0.01753
  -0.05355
  -0.06236
  -0.03948
   0.00346
   0.04464
   0.06314
   0.04956
   0.01079
  -0.03345
  -0.06070
  -0.05711
  -0.02450
   0.02056
   0.05517
   0.06175
   0.03695
  -0.00663
  -0.04683
  -0.06324
  -0.04752
  -0.00765
   0.03611
   0.06152
   0.05567
   0.02153
  -0.02354
  -0.05666
  -0.06098
  -0.03432
   0.00978
   0.04891
   0.06319
   0.04536
   0.00449
  -0.03867
  -0.06218
  -0.05409
  -0.01852
   0.02646
   0.05800
   0.06006
   0.03161
  -0.01290
  -0.05086
  -0.06298
  -0.04309
  -0.00131
   0.04114
   0.06268
   0.05238
   0.01546
  -0.02931
  -0.05919
  -0.05899
  -0.02882
   0.01600
   0.05269
   0.06260
   0.04071
  -0.00187
  -0.04350
  -0.06302
  -0.05053
  -0.01236
   0.03209
   0.06024
   0.05777
   0.02595
  -0.01905
  -0.05438
  -0.06207
  -0.03823
   0.00504
   0.04575
   0.06321
   0.04855
   0.00922
  -0.03479
  -0.06113
  -0.05641
  -0.02302
   0.02206
   0.05593
   0.06138
   0.03565
  -0.00820
  -0.04789
  -0.06324
  -0.04646
  -0.00607
   0.03740
   0.06187
   0.05490
   0.02003
  -0.02501
  -0.05734
  -0.06054
  -0.03298
   0.01134
   0.04990
   0.06310
   0.04424
   0.00290
  -0.03992
  -0.06245
  -0.05325
  -0.01699
   0.02790
   0.05861
   0.05955
   0.03022
  -0.01446
  -0.05179
  -0.06281
  -0.04191
   0.00028
