   0.02628
   0.04776
   0.06065
   0.06263
   0.05336
   0.03449
   0.00942
  -0.01734
  -0.04099
  -0.05726
  -0.06324
  -0.05785
  -0.04206
  -0.01871
   0.00801
   0.03329
   0.05258
   0.06242
   0.06103
   0.04868
   0.02757
   0.00151
  -0.02483
  -0.04670
  -0.06018
  -0.06283
  -0.05419
  -0.03581
  -0.01099
   0.01581
   0.03976
   0.05657
   0.06320
   0.05848
   0.04323
   0.02022
  -0.00643
  -0.03192
  -0.05168
  -0.06214
  -0.06143
  -0.04968
  -0.02899
  -0.00309
   0.02336
   0.04561
   0.05967
   0.06299
   0.05499
   0.03711
   0.01255
  -0.01427
  -0.03851
  -0.05584
  -0.06313
  -0.05906
  -0.04438
  -0.02172
   0.00485
   0.03054
   0.05075
   0.06183
   0.06179
   0.05065
   0.03040
   0.00468
  -0.02188
  -0.04450
  -0.05912
  -0.06312
  -0.05576
  -0.03838
  -0.01410
   0.01271
   0.03724
   0.05508
   0.06301
   0.05961
   0.04550
   0.02320
  -0.00326
  -0.02914
  -0.04978
  -0.06147
  -0.06211
  -0.05158
  -0.03178
  -0.00626
   0.02038
   0.04336
   0.05854
   0.06320
   0.05649
   0.03963
   0.01565
  -0.01115
  -0.03595
  -0.05428
  -0.06285
  -0.06012
  -0.04659
  -0.02468
   0.00167
   0.02772
   0.04878
   0.06108
   0.06239
   0.05249
   0.03314
   0.00784
  -0.01887
  -0.04218
  -0.05792
  -0.06324
  -0.05719
  -0.04086
  -0.01718
   0.00958
   0.03463
   0.05344
   0.06265
   0.06060
   0.04765
   0.02613
  -0.00008
  -0.02628
  -0.04776
  -0.06065
  -0.06263
  -0.05336
  -0.03449
  -0.00942
   0.01734
   0.04099
   0.05726
   0.06324
   0.05785
   0.04206
   0.01871
  -0.00801
  -0.03329
  -0.05258
  -0.06242
  -0.06103
  -0.04868
  -0.02757
  -0.00151
   0.02483
   0.04670
   0.06018
   0.06283
   0.05419
   0.03581
   0.01099
  -0.01581
  -0.03976
  -0.05657
  -0.06320
  -0.05848
  -0.04323
  -0.02022
   0.00643
   0.03192
   0.05168
   0.06214
   0.06143
   0.04968
   0.02899
   0.00309
  -0.02336
  -0.04561
  -0.05967
  -0.06299
  -0.05499
  -0.03711
  -0.01255
   0.01427
   0.03851
   0.05584
   0.06313
   0.05906
   0.04438
   0.02172
  -0.00485
  -0.03054
  -0.05075
  -0.06183
  -0.06179
  -0.05065
  -0.03040
  -0.00468
   0.02188
   0.04450
   0.05912
   0.06312
   0.05576
   0.03838
   0.01410
  -0.01271
  -0.03724
  -0.05508
  -0.06301
  -0.05961
  -0.04550
  -0.02320
   0.00326
   0.02914
   0.04978
   0.06147
   0.06211
   0.05158
   0.03178
   0.00626
  -0.02038
  -0.04336
  -0.05854
  -0.06320
  -0.05649
  -0.03963
  -0.01565
   0.01115
   0.03595
   0.05428
   0.06285
   0.06012
   0.04659
   0.02468
  -0.00167
  -0.02772
  -0.04878
  -0.06108
  -0.06239
  -0.05249
  -0.03314
  -0.00784
   0.01887
   0.04218
   0.05792
   0.06324
   0.05719
   0.04086
   0.01718
  -0.00958
  -0.03463
  -0.05344
  -0.06265
  -0.06060
  -0.04765
  -0.02613
   0.00008
   0.02628
   0.04776
   0.06065
   0.06263
   0.05336
   0.03449
   0.00942
  -0.01734
  -0.04099
  -0.05726
  -0.06324
  -0.05785
  -0.04206
  -0.01871
   0.00801
   0.03329
   0.05258
   0.06242
   0.06103
   0.04868
   0.02757
   0.00151
  -0.02483
  -0.04670
  -0.06018
  -0.06283
  -0.05419
  -0.03581
  -0.01099
   0.01581
   0.03976
   0.05657
   0.06320
   0.05848
   0.04323
   0.02022
  -0.00643
  -0.03192
  -0.05168
  -0.06214
  -0.06143
  -0.04968
  -0.02899
  -0.00309
   0.02336
   0.04561
   0.05967
   0.06299
   0.05499
   0.03711
   0.01255
  -0.01427
  -0.03851
  -0.05584
  -0.06313
  -0.05906
  -0.04438
  -0.02172
   0.00485
   0.03054
   0.05075
   0.06183
   0.06179
   0.05065
   0.03040
   0.00468
  -0.02188
  -0.04450
  -0.05912
  -0.06312
  -0.05576
  -0.03838
  -0.01410
   0.01271
   0.03724
   0.05508
   0.06301
   0.05961
   0.04550
   0.02320
  -0.00326
  -0.02914
  -0.04978
  -0.06147
  -0.06211
  -0.05158
  -0.03178
  -0.00626
   0.02038
   0.04336
   0.05854
   0.06320
   0.05649
   0.03963
   0.01565
  -0.01115
  -0.03595
  -0.05428
  -0.06285
  -0.06012
  -0.04659
  -0.02468
   0.00167
   0.02772
   0.04878
   0.06108
   0.06239
   0.05249
   0.03314
   0.00784
  -0.01887
  -0.04218
  -0.05792
  -0.06324
  -0.05719
  -0.04086
  -0.01718
   0.00958
   0.03463
   0.05344
   0.06265
   0.06060
   0.04765
   0.02613
  -0.00008
  -0.02628
  -0.04776
  -0.06065
  -0.06263
  -0.05336
  -0.03449
  -0.00942
   0.01734
   0.04099
   0.05726
   0.06324
   0.05785
   0.04206
   0.01871
  -0.00801
  -0.03329
  -0.05258
  -0.06242
  -0.06103
  -0.04868
  -0.02757
  -0.00151
   0.02483
   0.04670
   0.06018
   0.06283
   0.05419
   0.03581
   0.01099
  -0.01581
  -0.03976
  -0.05657
  -0.06320
  -0.05848
  -0.04323
  -0.02022
   0.00643
   0.03192
   0.05168
   0.06214
   0.06143
   0.04968
   0.02899
   0.00309
  -0.02336
  -0.04561
  -0.05967
  -0.06299
  -0.05499
  -0.03711
  -0.01255
   0.01427
   0.03851
   0.05584
   0.06313
   0.05906
   0.04438
   0.02172
  -0.00485
  -0.03054
  -0.05075
  -0.06183
  -0.06179
  -0.05065
  -0.03040
  -0.00468
   0.02188
   0.04450
   0.05912
   0.06312
   0.05576
   0.03838
   0.01410
  -0.01271
  -0.03724
  -0.05508
  -0.06301
  -0.05961
  -0.04550
  -0.02320
   0.00326
   0.02914
   0.04978
   0.06147
   0.06211
   0.05158
   0.03178
   0.00626
  -0.02038
  -0.04336
  -0.05854
  -0.06320
  -0.05649
  -0.03963
  -0.01565
   0.01115
   0.03595
   0.05428
   0.06285
   0.06012
   0.04659
   0.02468
  -0.00167
  -0.02772
  -0.04878
  -0.06108
  -0.06239
  -0.05249
  -0.03314
  -0.00784
   0.01887
   0.04218
   0.05792
   0.06324
   0.05719
   0.04086
   0.01718
  -0.00958
  -0.03463
  -0.05344
  -0.06265
  -0.06060
  -0.04765
  -0.02613
   0.00008
