   0.04959
   0.00692
  -0.03987
  -0.06295
  -0.04859
  -0.00533
   0.04109
   0.06308
   0.04756
   0.00375
  -0.04229
  -0.06318
  -0.04649
  -0.00216
   0.04346
   0.06323
   0.04540
   0.00057
  -0.04460
  -0.06325
  -0.04428
   0.00102
   0.04571
   0.06322
   0.04313
  -0.00261
  -0.04679
  -0.06315
  -0.04196
   0.00419
   0.04785
   0.06305
   0.04075
  -0.00578
  -0.04887
  -0.06290
  -0.03952
   0.00736
   0.04987
   0.06272
   0.03827
  -0.00894
  -0.05083
  -0.06249
  -0.03699
   0.01051
   0.05176
   0.06223
   0.03569
  -0.01207
  -0.05266
  -0.06193
  -0.03437
   0.01363
   0.05352
   0.06158
   0.03302
  -0.01517
  -0.05435
  -0.06120
  -0.03166
   0.01671
   0.05514
   0.06078
   0.03027
  -0.01824
  -0.05591
  -0.06032
  -0.02887
   0.01976
   0.05663
   0.05983
   0.02744
  -0.02126
  -0.05732
  -0.05929
  -0.02600
   0.02275
   0.05797
   0.05872
   0.02455
  -0.02423
  -0.05859
  -0.05811
  -0.02307
   0.02569
   0.05917
   0.05747
   0.02159
  -0.02713
  -0.05971
  -0.05679
  -0.02009
   0.02856
   0.06022
   0.05607
   0.01857
  -0.02997
  -0.06069
  -0.05531
  -0.01705
   0.03136
   0.06111
   0.05453
   0.01551
  -0.03273
  -0.06150
  -0.05370
  -0.01397
   0.03408
   0.06185
   0.05285
   0.01241
  -0.03540
  -0.06217
  -0.05196
  -0.01085
   0.03671
   0.06244
   0.05104
   0.00928
  -0.03799
  -0.06267
  -0.05008
  -0.00771
   0.03925
   0.06287
   0.04909
   0.00613
  -0.04049
  -0.06302
  -0.04808
  -0.00454
   0.04169
   0.06313
   0.04703
   0.00295
  -0.04288
  -0.06321
  -0.04595
  -0.00137
   0.04403
   0.06324
   0.04484
  -0.00022
  -0.04516
  -0.06324
  -0.04371
   0.00181
   0.04626
   0.06319
   0.04255
  -0.00340
  -0.04733
  -0.06311
  -0.04136
   0.00499
   0.04837
   0.06298
   0.04014
  -0.00657
  -0.04937
  -0.06282
  -0.03890
   0.00815
   0.05035
   0.06261
   0.03764
  -0.00972
  -0.05130
  -0.06237
  -0.03635
   0.01129
   0.05221
   0.06208
   0.03503
  -0.01285
  -0.05309
  -0.06176
  -0.03370
   0.01440
   0.05394
   0.06140
   0.03234
  -0.01594
  -0.05475
  -0.06100
  -0.03097
   0.01748
   0.05553
   0.06056
   0.02957
  -0.01900
  -0.05627
  -0.06008
  -0.02816
   0.02051
   0.05698
   0.05957
   0.02673
  -0.02201
  -0.05765
  -0.05901
  -0.02528
   0.02349
   0.05829
   0.05842
   0.02381
  -0.02496
  -0.05889
  -0.05779
  -0.02233
   0.02641
   0.05945
   0.05713
   0.02084
  -0.02785
  -0.05997
  -0.05643
  -0.01933
   0.02926
   0.06046
   0.05570
   0.01781
  -0.03066
  -0.06090
  -0.05493
  -0.01628
   0.03204
   0.06131
   0.05412
   0.01474
  -0.03340
  -0.06168
  -0.05328
  -0.01319
   0.03474
   0.06202
   0.05241
   0.01163
  -0.03606
  -0.06231
  -0.05150
  -0.01007
   0.03735
   0.06256
   0.05056
   0.00849
  -0.03863
  -0.06277
  -0.04959
  -0.00692
   0.03987
   0.06295
   0.04859
   0.00533
  -0.04109
  -0.06308
  -0.04756
  -0.00375
   0.04229
   0.06318
   0.04649
   0.00216
  -0.04346
  -0.06323
  -0.04540
  -0.00057
   0.04460
   0.06325
   0.04428
  -0.00102
  -0.04571
  -0.06322
  -0.04313
   0.00261
   0.04679
   0.06315
   0.04196
  -0.00419
  -0.04785
  -0.06305
  -0.04075
   0.00578
   0.04887
   0.06290
   0.03952
  -0.00736
  -0.04987
  -0.06272
  -0.03827
   0.00894
   0.05083
   0.06249
   0.03699
  -0.01051
  -0.05176
  -0.06223
  -0.03569
   0.01207
   0.05266
   0.06193
   0.03437
  -0.01363
  -0.05352
  -0.06158
  -0.03302
   0.01517
   0.05435
   0.06120
   0.03166
  -0.01671
  -0.05514
  -0.06078
  -0.03027
   0.01824
   0.05591
   0.06032
   0.02887
  -0.01976
  -0.05663
  -0.05983
  -0.02744
   0.02126
   0.05732
   0.05929
   0.02600
  -0.02275
  -0.05797
  -0.05872
  -0.02455
   0.02423
   0.05859
   0.05811
   0.02307
  -0.02569
  -0.05917
  -0.05747
  -0.02159
   0.02713
   0.05971
   0.05679
   0.02009
  -0.02856
  -0.06022
  -0.05607
  -0.01857
   0.02997
   0.06069
   0.05531
   0.01705
  -0.03136
  -0.06111
  -0.05453
  -0.01551
   0.03273
   0.06150
   0.05370
   0.01397
  -0.03408
  -0.06185
  -0.05285
  -0.01241
   0.03540
   0.06217
   0.05196
   0.01085
  -0.03671
  -0.06244
  -0.05104
  -0.00928
   0.03799
   0.06267
   0.05008
   0.00771
  -0.03925
  -0.06287
  -0.04909
  -0.00613
   0.04049
   0.06302
   0.04808
   0.00454
  -0.04169
  -0.06313
  -0.04703
  -0.00295
   0.04288
   0.06321
   0.04595
   0.00137
  -0.04403
  -0.06324
  -0.04484
   0.00022
   0.04516
   0.06324
   0.04371
  -0.00181
  -0.04626
  -0.06319
  -0.04255
   0.00340
   0.04733
   0.06311
   0.04136
  -0.00499
  -0.04837
  -0.06298
  -0.04014
   0.00657
   0.04937
   0.06282
   0.03890
  -0.00815
  -0.05035
  -0.06261
  -0.03764
   0.00972
   0.05130
   0.06237
   0.03635
  -0.01129
  -0.05221
  -0.06208
  -0.03503
   0.01285
   0.05309
   0.06176
   0.03370
  -0.01440
  -0.05394
  -0.06140
  -0.03234
   0.01594
   0.05475
   0.06100
   0.03097
  -0.01748
  -0.05553
  -0.06056
  -0.02957
   0.01900
   0.05627
   0.06008
   0.02816
  -0.02051
  -0.05698
  -0.05957
  -0.02673
   0.02201
   0.05765
   0.05901
   0.02528
  -0.02349
  -0.05829
  -0.05842
  -0.02381
   0.02496
   0.05889
   0.05779
   0.02233
  -0.02641
  -0.05945
  -0.05713
  -0.02084
   0.02785
   0.05997
   0.05643
   0.01933
  -0.02926
  -0.06046
  -0.05570
  -0.01781
   0.03066
   0.06090
   0.05493
   0.01628
  -0.03204
  -0.06131
  -0.05412
  -0.01474
   0.03340
   0.06168
   0.05328
   0.01319
  -0.03474
  -0.06202
  -0.05241
  -0.01163
   0.03606
   0.06231
   0.05150
   0.01007
  -0.03735
  -0.06256
  -0.05056
  -0.00849
   0.03863
   0.06277
