   0.02230
  -0.04989
  -0.05194
   0.01904
   0.06325
   0.01854
  -0.05223
  -0.04957
   0.02279
   0.06310
   0.01470
  -0.05437
  -0.04700
   0.02645
   0.06271
   0.01081
  -0.05629
  -0.04425
   0.03000
   0.06208
   0.00688
  -0.05799
  -0.04133
   0.03344
   0.06119
   0.00291
  -0.05946
  -0.03824
   0.03674
   0.06007
  -0.00106
  -0.06070
  -0.03500
   0.03990
   0.05871
  -0.00503
  -0.06169
  -0.03162
   0.04291
   0.05711
  -0.00898
  -0.06245
  -0.02812
   0.04574
   0.05530
  -0.01289
  -0.06295
  -0.02451
   0.04839
   0.05326
  -0.01675
  -0.06321
  -0.02080
   0.05085
   0.05101
  -0.02055
  -0.06322
  -0.01701
   0.05311
   0.04856
  -0.02426
  -0.06298
  -0.01315
   0.05516
   0.04592
  -0.02788
  -0.06249
  -0.00924
   0.05700
   0.04310
  -0.03139
  -0.06175
  -0.00529
   0.05861
   0.04011
  -0.03478
  -0.06077
  -0.00133
   0.05998
   0.03696
  -0.03803
  -0.05955
   0.00265
   0.06112
   0.03367
  -0.04112
  -0.05810
   0.00661
   0.06202
   0.03024
  -0.04406
  -0.05641
   0.01055
   0.06268
   0.02669
  -0.04682
  -0.05451
   0.01444
   0.06309
   0.02304
  -0.04940
  -0.05238
   0.01828
   0.06324
   0.01929
  -0.05178
  -0.05006
   0.02204
   0.06315
   0.01547
  -0.05396
  -0.04753
   0.02572
   0.06281
   0.01159
  -0.05592
  -0.04482
   0.02930
   0.06222
   0.00767
  -0.05767
  -0.04193
   0.03276
   0.06139
   0.00371
  -0.05919
  -0.03887
   0.03609
   0.06031
  -0.00026
  -0.06047
  -0.03566
   0.03928
   0.05900
  -0.00423
  -0.06151
  -0.03231
   0.04232
   0.05745
  -0.00819
  -0.06231
  -0.02883
   0.04519
   0.05568
  -0.01211
  -0.06287
  -0.02524
   0.04788
   0.05368
  -0.01598
  -0.06318
  -0.02155
   0.05038
   0.05148
  -0.01979
  -0.06324
  -0.01777
   0.05268
   0.04907
  -0.02353
  -0.06305
  -0.01393
   0.05477
   0.04647
  -0.02717
  -0.06261
  -0.01003
   0.05665
   0.04368
  -0.03070
  -0.06192
  -0.00609
   0.05830
   0.04072
  -0.03411
  -0.06099
  -0.00212
   0.05973
   0.03760
  -0.03739
  -0.05981
   0.00185
   0.06092
   0.03434
  -0.04052
  -0.05841
   0.00582
   0.06186
   0.03093
  -0.04349
  -0.05677
   0.00976
   0.06257
   0.02741
  -0.04628
  -0.05491
   0.01367
   0.06302
   0.02378
  -0.04890
  -0.05283
   0.01752
   0.06323
   0.02005
  -0.05132
  -0.05054
   0.02130
   0.06319
   0.01624
  -0.05354
  -0.04805
   0.02499
   0.06290
   0.01237
  -0.05555
  -0.04537
   0.02859
   0.06236
   0.00845
  -0.05734
  -0.04252
   0.03208
   0.06157
   0.00450
  -0.05890
  -0.03949
   0.03544
   0.06055
   0.00053
  -0.06023
  -0.03631
   0.03866
   0.05928
  -0.00344
  -0.06132
  -0.03299
   0.04172
   0.05778
  -0.00740
  -0.06217
  -0.02954
   0.04463
   0.05605
  -0.01133
  -0.06278
  -0.02597
   0.04735
   0.05410
  -0.01521
  -0.06314
  -0.02230
   0.04989
   0.05194
  -0.01904
  -0.06325
  -0.01854
   0.05223
   0.04957
  -0.02279
  -0.06310
  -0.01470
   0.05437
   0.04700
  -0.02645
  -0.06271
  -0.01081
   0.05629
   0.04425
  -0.03000
  -0.06208
  -0.00688
   0.05799
   0.04133
  -0.03344
  -0.06119
  -0.00291
   0.05946
   0.03824
  -0.03674
  -0.06007
   0.00106
   0.06070
   0.03500
  -0.03990
  -0.05871
   0.00503
   0.06169
   0.03162
  -0.04291
  -0.05711
   0.00898
   0.06245
   0.02812
  -0.04574
  -0.05530
   0.01289
   0.06295
   0.02451
  -0.04839
  -0.05326
   0.01675
   0.06321
   0.02080
  -0.05085
  -0.05101
   0.02055
   0.06322
   0.01701
  -0.05311
  -0.04856
   0.02426
   0.06298
   0.01315
  -0.05516
  -0.04592
   0.02788
   0.06249
   0.00924
  -0.05700
  -0.04310
   0.03139
   0.06175
   0.00529
  -0.05861
  -0.04011
   0.03478
   0.06077
   0.00133
  -0.05998
  -0.03696
   0.03803
   0.05955
  -0.00265
  -0.06112
  -0.03367
   0.04112
   0.05810
  -0.00661
  -0.06202
  -0.03024
   0.04406
   0.05641
  -0.01055
  -0.06268
  -0.02669
   0.04682
   0.05451
  -0.01444
  -0.06309
  -0.02304
   0.04940
   0.05238
  -0.01828
  -0.06324
  -0.01929
   0.05178
   0.05006
  -0.02204
  -0.06315
  -0.01547
   0.05396
   0.04753
  -0.02572
  -0.06281
  -0.01159
   0.05592
   0.04482
  -0.02930
  -0.06222
  -0.00767
   0.05767
   0.04193
  -0.03276
  -0.06139
  -0.00371
   0.05919
   0.03887
  -0.03609
  -0.06031
   0.00026
   0.06047
   0.03566
  -0.03928
  -0.05900
   0.00423
   0.06151
   0.03231
  -0.04232
  -0.05745
   0.00819
   0.06231
   0.02883
  -0.04519
  -0.05568
   0.01211
   0.06287
   0.02524
  -0.04788
  -0.05368
   0.01598
   0.06318
   0.02155
  -0.05038
  -0.05148
   0.01979
   0.06324
   0.01777
  -0.05268
  -0.04907
   0.02353
   0.06305
   0.01393
  -0.05477
  -0.04647
   0.02717
   0.06261
   0.01003
  -0.05665
  -0.04368
   0.03070
   0.06192
   0.00609
  -0.05830
  -0.04072
   0.03411
   0.06099
   0.00212
  -0.05973
  -0.03760
   0.03739
   0.05981
  -0.00185
  -0.06092
  -0.03434
   0.04052
   0.05841
  -0.00582
  -0.06186
  -0.03093
   0.04349
   0.05677
  -0.00976
  -0.06257
  -0.02741
   0.04628
   0.05491
  -0.01367
  -0.06302
  -0.02378
   0.04890
   0.05283
  -0.01752
  -0.06323
  -0.02005
   0.05132
   0.05054
  -0.02130
  -0.06319
  -0.01624
   0.05354
   0.04805
  -0.02499
  -0.06290
  -0.01237
   0.05555
   0.04537
  -0.02859
  -0.06236
  -0.00845
   0.05734
   0.04252
  -0.03208
  -0.06157
  -0.00450
   0.05890
   0.03949
  -0.03544
  -0.06055
  -0.00053
   0.06023
   0.03631
  -0.03866
  -0.05928
   0.00344
   0.06132
   0.03299
  -0.04172
  -0.05778
   0.00740
   0.06217
   0.02954
  -0.04463
  -0.05605
   0.01133
   0.06278
   0.02597
  -0.04735
  -0.05410
   0.01521
   0.06314
