   0.01603
   0.05743
  -0.03613
  -0.04478
   0.05181
   0.02665
  -0.06114
  -0.00525
   0.06297
  -0.01680
  -0.05709
   0.03678
   0.04422
  -0.05226
  -0.02592
   0.06134
   0.00445
  -0.06289
   0.01756
   0.05675
  -0.03743
  -0.04365
   0.05270
   0.02520
  -0.06152
  -0.00366
   0.06281
  -0.01832
  -0.05639
   0.03806
   0.04307
  -0.05314
  -0.02447
   0.06170
   0.00287
  -0.06271
   0.01908
   0.05603
  -0.03870
  -0.04248
   0.05357
   0.02373
  -0.06187
  -0.00207
   0.06260
  -0.01984
  -0.05565
   0.03932
   0.04189
  -0.05398
  -0.02299
   0.06203
   0.00128
  -0.06248
   0.02059
   0.05527
  -0.03994
  -0.04129
   0.05439
   0.02225
  -0.06218
  -0.00048
   0.06235
  -0.02134
  -0.05488
   0.04055
   0.04069
  -0.05480
  -0.02150
   0.06232
  -0.00031
  -0.06221
   0.02209
   0.05448
  -0.04116
  -0.04007
   0.05519
   0.02076
  -0.06245
   0.00111
   0.06207
  -0.02283
  -0.05407
   0.04176
   0.03946
  -0.05557
  -0.02000
   0.06257
  -0.00190
  -0.06191
   0.02357
   0.05366
  -0.04235
  -0.03883
   0.05595
   0.01925
  -0.06268
   0.00269
   0.06174
  -0.02431
  -0.05323
   0.04294
   0.03820
  -0.05631
  -0.01849
   0.06279
  -0.00349
  -0.06156
   0.02504
   0.05280
  -0.04352
  -0.03756
   0.05667
   0.01773
  -0.06288
   0.00428
   0.06138
  -0.02577
  -0.05236
   0.04409
   0.03692
  -0.05702
  -0.01696
   0.06296
  -0.00507
  -0.06118
   0.02649
   0.05191
  -0.04466
  -0.03627
   0.05736
   0.01620
  -0.06303
   0.00587
   0.06097
  -0.02721
  -0.05145
   0.04522
   0.03562
  -0.05769
  -0.01543
   0.06309
  -0.00666
  -0.06076
   0.02793
   0.05098
  -0.04577
  -0.03496
   0.05801
   0.01466
  -0.06314
   0.00745
   0.06053
  -0.02864
  -0.05051
   0.04632
   0.03430
  -0.05832
  -0.01388
   0.06318
  -0.00824
  -0.06030
   0.02934
   0.05003
  -0.04685
  -0.03363
   0.05862
   0.01310
  -0.06321
   0.00902
   0.06005
  -0.03004
  -0.04954
   0.04738
   0.03295
  -0.05892
  -0.01233
   0.06323
  -0.00981
  -0.05980
   0.03074
   0.04904
  -0.04791
  -0.03227
   0.05920
   0.01155
  -0.06324
   0.01059
   0.05954
  -0.03143
  -0.04853
   0.04842
   0.03158
  -0.05948
  -0.01076
   0.06324
  -0.01138
  -0.05926
   0.03212
   0.04802
  -0.04893
  -0.03089
   0.05974
   0.00998
  -0.06324
   0.01216
   0.05898
  -0.03280
  -0.04750
   0.04943
   0.03020
  -0.06000
  -0.00919
   0.06322
  -0.01294
  -0.05869
   0.03348
   0.04697
  -0.04992
  -0.02950
   0.06025
   0.00841
  -0.06319
   0.01371
   0.05839
  -0.03415
  -0.04643
   0.05040
   0.02879
  -0.06048
  -0.00762
   0.06315
  -0.01449
  -0.05808
   0.03482
   0.04589
  -0.05088
  -0.02808
   0.06071
   0.00683
  -0.06310
   0.01526
   0.05776
  -0.03548
  -0.04534
   0.05135
   0.02737
  -0.06093
  -0.00604
   0.06304
  -0.01603
  -0.05743
   0.03613
   0.04478
  -0.05181
  -0.02665
   0.06114
   0.00525
  -0.06297
   0.01680
   0.05709
  -0.03678
  -0.04422
   0.05226
   0.02592
  -0.06134
  -0.00445
   0.06289
  -0.01756
  -0.05675
   0.03743
   0.04365
  -0.05270
  -0.02520
   0.06152
   0.00366
  -0.06281
   0.01832
   0.05639
  -0.03806
  -0.04307
   0.05314
   0.02447
  -0.06170
  -0.00287
   0.06271
  -0.01908
  -0.05603
   0.03870
   0.04248
  -0.05357
  -0.02373
   0.06187
   0.00207
  -0.06260
   0.01984
   0.05565
  -0.03932
  -0.04189
   0.05398
   0.02299
  -0.06203
  -0.00128
   0.06248
  -0.02059
  -0.05527
   0.03994
   0.04129
  -0.05439
  -0.02225
   0.06218
   0.00048
  -0.06235
   0.02134
   0.05488
  -0.04055
  -0.04069
   0.05480
   0.02150
  -0.06232
   0.00031
   0.06221
  -0.02209
  -0.05448
   0.04116
   0.04007
  -0.05519
  -0.02076
   0.06245
  -0.00111
  -0.06207
   0.02283
   0.05407
  -0.04176
  -0.03946
   0.05557
   0.02000
  -0.06257
   0.00190
   0.06191
  -0.02357
  -0.05366
   0.04235
   0.03883
  -0.05595
  -0.01925
   0.06268
  -0.00269
  -0.06174
   0.02431
   0.05323
  -0.04294
  -0.03820
   0.05631
   0.01849
  -0.06279
   0.00349
   0.06156
  -0.02504
  -0.05280
   0.04352
   0.03756
  -0.05667
  -0.01773
   0.06288
  -0.00428
  -0.06138
   0.02577
   0.05236
  -0.04409
  -0.03692
   0.05702
   0.01696
  -0.06296
   0.00507
   0.06118
  -0.02649
  -0.05191
   0.04466
   0.03627
  -0.05736
  -0.01620
   0.06303
  -0.00587
  -0.06097
   0.02721
   0.05145
  -0.04522
  -0.03562
   0.05769
   0.01543
  -0.06309
   0.00666
   0.06076
  -0.02793
  -0.05098
   0.04577
   0.03496
  -0.05801
  -0.01466
   0.06314
  -0.00745
  -0.06053
   0.02864
   0.05051
  -0.04632
  -0.03430
   0.05832
   0.01388
  -0.06318
   0.00824
   0.06030
  -0.02934
  -0.05003
   0.04685
   0.03363
  -0.05862
  -0.01310
   0.06321
  -0.00902
  -0.06005
   0.03004
   0.04954
  -0.04738
  -0.03295
   0.05892
   0.01233
  -0.06323
   0.00981
   0.05980
  -0.03074
  -0.04904
   0.04791
   0.03227
  -0.05920
  -0.01155
   0.06324
  -0.01059
  -0.05954
   0.03143
   0.04853
  -0.04842
  -0.03158
   0.05948
   0.01076
  -0.06324
   0.01138
   0.05926
  -0.03212
  -0.04802
   0.04893
   0.03089
  -0.05974
  -0.00998
   0.06324
  -0.01216
  -0.05898
   0.03280
   0.04750
  -0.04943
  -0.03020
   0.06000
   0.00919
  -0.06322
   0.01294
   0.05869
  -0.03348
  -0.04697
   0.04992
   0.02950
  -0.06025
  -0.00841
   0.06319
  -0.01371
  -0.05839
   0.03415
   0.04643
  -0.05040
  -0.02879
   0.06048
   0.00762
  -0.06315
   0.01449
   0.05808
  -0.03482
  -0.04589
   0.05088
   0.02808
  -0.06071
  -0.00683
   0.06310
  -0.01526
  -0.05776
   0.03548
   0.04534
  -0.05135
  -0.02737
   0.06093
   0.00604
  -0.06304
