   0.05372
  -0.05571
   0.05748
  -0.05902
   0.06033
  -0.06141
   0.06224
  -0.06282
   0.06316
  -0.06324
   0.06308
  -0.06267
   0.06201
  -0.06111
   0.05996
  -0.05858
   0.05697
  -0.05513
   0.05307
  -0.05081
   0.04835
  -0.04569
   0.04285
  -0.03985
   0.03669
  -0.03338
   0.02994
  -0.02638
   0.02272
  -0.01897
   0.01514
  -0.01126
   0.00733
  -0.00337
  -0.00060
   0.00457
  -0.00852
   0.01244
  -0.01631
   0.02012
  -0.02384
   0.02747
  -0.03100
   0.03440
  -0.03766
   0.04078
  -0.04373
   0.04651
  -0.04911
   0.05152
  -0.05372
   0.05571
  -0.05748
   0.05902
  -0.06033
   0.06141
  -0.06224
   0.06282
  -0.06316
   0.06324
  -0.06308
   0.06267
  -0.06201
   0.06111
  -0.05996
   0.05858
  -0.05697
   0.05513
  -0.05307
   0.05081
  -0.04835
   0.04569
  -0.04285
   0.03985
  -0.03669
   0.03338
  -0.02994
   0.02638
  -0.02272
   0.01897
  -0.01514
   0.01126
  -0.00733
   0.00337
   0.00060
  -0.00457
   0.00852
  -0.01244
   0.01631
  -0.02012
   0.02384
  -0.02747
   0.03100
  -0.03440
   0.03766
  -0.04078
   0.04373
  -0.04651
   0.04911
  -0.05152
   0.05372
  -0.05571
   0.05748
  -0.05902
   0.06033
  -0.06141
   0.06224
  -0.06282
   0.06316
  -0.06324
   0.06308
  -0.06267
   0.06201
  -0.06111
   0.05996
  -0.05858
   0.05697
  -0.05513
   0.05307
  -0.05081
   0.04835
  -0.04569
   0.04285
  -0.03985
   0.03669
  -0.03338
   0.02994
  -0.02638
   0.02272
  -0.01897
   0.01514
  -0.01126
   0.00733
  -0.00337
  -0.00060
   0.00457
  -0.00852
   0.01244
  -0.01631
   0.02012
  -0.02384
   0.02747
  -0.03100
   0.03440
  -0.03766
   0.04078
  -0.04373
   0.04651
  -0.04911
   0.05152
  -0.05372
   0.05571
  -0.05748
   0.05902
  -0.06033
   0.06141
  -0.06224
   0.06282
  -0.06316
   0.06324
  -0.06308
   0.06267
  -0.06201
   0.06111
  -0.05996
   0.05858
  -0.05697
   0.05513
  -0.05307
   0.05081
  -0.04835
   0.04569
  -0.04285
   0.03985
  -0.03669
   0.03338
  -0.02994
   0.02638
  -0.02272
   0.01897
  -0.01514
   0.01126
  -0.00733
   0.00337
   0.00060
  -0.00457
   0.00852
  -0.01244
   0.01631
  -0.02012
   0.02384
  -0.02747
   0.03100
  -0.03440
   0.03766
  -0.04078
   0.04373
  -0.04651
   0.04911
  -0.05152
   0.05372
  -0.05571
   0.05748
  -0.05902
   0.06033
  -0.06141
   0.06224
  -0.06282
   0.06316
  -0.06324
   0.06308
  -0.06267
   0.06201
  -0.06111
   0.05996
  -0.05858
   0.05697
  -0.05513
   0.05307
  -0.05081
   0.04835
  -0.04569
   0.04285
  -0.03985
   0.03669
  -0.03338
   0.02994
  -0.02638
   0.02272
  -0.01897
   0.01514
  -0.01126
   0.00733
  -0.00337
  -0.00060
   0.00457
  -0.00852
   0.01244
  -0.01631
   0.02012
  -0.02384
   0.02747
  -0.03100
   0.03440
  -0.03766
   0.04078
  -0.04373
   0.04651
  -0.04911
   0.05152
  -0.05372
   0.05571
  -0.05748
   0.05902
  -0.06033
   0.06141
  -0.06224
   0.06282
  -0.06316
   0.06324
  -0.06308
   0.06267
  -0.06201
   0.06111
  -0.05996
   0.05858
  -0.05697
   0.05513
  -0.05307
   0.05081
  -0.04835
   0.04569
  -0.04285
   0.03985
  -0.03669
   0.03338
  -0.02994
   0.02638
  -0.02272
   0.01897
  -0.01514
   0.01126
  -0.00733
   0.00337
   0.00060
  -0.00457
   0.00852
  -0.01244
   0.01631
  -0.02012
   0.02384
  -0.02747
   0.03100
  -0.03440
   0.03766
  -0.04078
   0.04373
  -0.04651
   0.04911
  -0.05152
   0.05372
  -0.05571
   0.05748
  -0.05902
   0.06033
  -0.06141
   0.06224
  -0.06282
   0.06316
  -0.06324
   0.06308
  -0.06267
   0.06201
  -0.06111
   0.05996
  -0.05858
   0.05697
  -0.05513
   0.05307
  -0.05081
   0.04835
  -0.04569
   0.04285
  -0.03985
   0.03669
  -0.03338
   0.02994
  -0.02638
   0.02272
  -0.01897
   0.01514
  -0.01126
   0.00733
  -0.00337
  -0.00060
   0.00457
  -0.00852
   0.01244
  -0.01631
   0.02012
  -0.02384
   0.02747
  -0.03100
   0.03440
  -0.03766
   0.04078
  -0.04373
   0.04651
  -0.04911
   0.05152
  -0.05372
   0.05571
  -0.05748
   0.05902
  -0.06033
   0.06141
  -0.06224
   0.06282
  -0.06316
   0.06324
  -0.06308
   0.06267
  -0.06201
   0.06111
  -0.05996
   0.05858
  -0.05697
   0.05513
  -0.05307
   0.05081
  -0.04835
   0.04569
  -0.04285
   0.03985
  -0.03669
   0.03338
  -0.02994
   0.02638
  -0.02272
   0.01897
  -0.01514
   0.01126
  -0.00733
   0.00337
   0.00060
  -0.00457
   0.00852
  -0.01244
   0.01631
  -0.02012
   0.02384
  -0.02747
   0.03100
  -0.03440
   0.03766
  -0.04078
   0.04373
  -0.04651
   0.04911
  -0.05152
   0.05372
  -0.05571
   0.05748
  -0.05902
   0.06033
  -0.06141
   0.06224
  -0.06282
   0.06316
  -0.06324
   0.06308
  -0.06267
   0.06201
  -0.06111
   0.05996
  -0.05858
   0.05697
  -0.05513
   0.05307
  -0.05081
   0.04835
  -0.04569
   0.04285
  -0.03985
   0.03669
  -0.03338
   0.02994
  -0.02638
   0.02272
  -0.01897
   0.01514
  -0.01126
   0.00733
  -0.00337
  -0.00060
   0.00457
  -0.00852
   0.01244
  -0.01631
   0.02012
  -0.02384
   0.02747
  -0.03100
   0.03440
  -0.03766
   0.04078
  -0.04373
   0.04651
  -0.04911
   0.05152
  -0.05372
   0.05571
  -0.05748
   0.05902
  -0.06033
   0.06141
  -0.06224
   0.06282
  -0.06316
   0.06324
  -0.06308
   0.06267
  -0.06201
   0.06111
  -0.05996
   0.05858
  -0.05697
   0.05513
  -0.05307
   0.05081
  -0.04835
   0.04569
  -0.04285
   0.03985
  -0.03669
   0.03338
  -0.02994
   0.02638
  -0.02272
   0.01897
  -0.01514
   0.01126
  -0.00733
   0.00337
   0.00060
  -0.00457
   0.00852
  -0.01244
   0.01631
  -0.02012
   0.02384
  -0.02747
   0.03100
  -0.03440
   0.03766
  -0.04078
   0.04373
  -0.04651
   0.04911
  -0.05152
