   0.04538
   0.06324
   0.04462
   0.00025
  -0.04426
  -0.06324
  -0.04573
  -0.00184
   0.04311
   0.06319
   0.04681
   0.00343
  -0.04194
  -0.06310
  -0.04787
  -0.00501
   0.04073
   0.06298
   0.04889
   0.00660
  -0.03950
  -0.06281
  -0.04988
  -0.00817
   0.03825
   0.06261
   0.05084
   0.00975
  -0.03697
  -0.06236
  -0.05177
  -0.01131
   0.03567
   0.06208
   0.05267
   0.01288
  -0.03435
  -0.06175
  -0.05353
  -0.01443
   0.03300
   0.06139
   0.05436
   0.01597
  -0.03164
  -0.06099
  -0.05516
  -0.01750
   0.03025
   0.06055
   0.05592
   0.01902
  -0.02884
  -0.06007
  -0.05664
  -0.02053
   0.02742
   0.05956
   0.05733
   0.02203
  -0.02598
  -0.05900
  -0.05799
  -0.02351
   0.02452
   0.05841
   0.05860
   0.02498
  -0.02305
  -0.05778
  -0.05918
  -0.02643
   0.02156
   0.05712
   0.05972
   0.02787
  -0.02006
  -0.05642
  -0.06023
  -0.02929
   0.01855
   0.05568
   0.06069
   0.03069
  -0.01702
  -0.05491
  -0.06112
  -0.03207
   0.01549
   0.05411
   0.06151
   0.03343
  -0.01394
  -0.05327
  -0.06186
  -0.03477
   0.01239
   0.05239
   0.06217
   0.03608
  -0.01082
  -0.05149
  -0.06244
  -0.03738
   0.00925
   0.05055
   0.06268
   0.03865
  -0.00768
  -0.04957
  -0.06287
  -0.03989
   0.00610
   0.04857
   0.06302
   0.04111
  -0.00452
  -0.04754
  -0.06314
  -0.04231
   0.00293
   0.04648
   0.06321
   0.04348
  -0.00134
  -0.04538
  -0.06324
  -0.04462
  -0.00025
   0.04426
   0.06324
   0.04573
   0.00184
  -0.04311
  -0.06319
  -0.04681
  -0.00343
   0.04194
   0.06310
   0.04787
   0.00501
  -0.04073
  -0.06298
  -0.04889
  -0.00660
   0.03950
   0.06281
   0.04988
   0.00817
  -0.03825
  -0.06261
  -0.05084
  -0.00975
   0.03697
   0.06236
   0.05177
   0.01131
  -0.03567
  -0.06208
  -0.05267
  -0.01288
   0.03435
   0.06175
   0.05353
   0.01443
  -0.03300
  -0.06139
  -0.05436
  -0.01597
   0.03164
   0.06099
   0.05516
   0.01750
  -0.03025
  -0.06055
  -0.05592
  -0.01902
   0.02884
   0.06007
   0.05664
   0.02053
  -0.02742
  -0.05956
  -0.05733
  -0.02203
   0.02598
   0.05900
   0.05799
   0.02351
  -0.02452
  -0.05841
  -0.05860
  -0.02498
   0.02305
   0.05778
   0.05918
   0.02643
  -0.02156
  -0.05712
  -0.05972
  -0.02787
   0.02006
   0.05642
   0.06023
   0.02929
  -0.01855
  -0.05568
  -0.06069
  -0.03069
   0.01702
   0.05491
   0.06112
   0.03207
  -0.01549
  -0.05411
  -0.06151
  -0.03343
   0.01394
   0.05327
   0.06186
   0.03477
  -0.01239
  -0.05239
  -0.06217
  -0.03608
   0.01082
   0.05149
   0.06244
   0.03738
  -0.00925
  -0.05055
  -0.06268
  -0.03865
   0.00768
   0.04957
   0.06287
   0.03989
  -0.00610
  -0.04857
  -0.06302
  -0.04111
   0.00452
   0.04754
   0.06314
   0.04231
  -0.00293
  -0.04648
  -0.06321
  -0.04348
   0.00134
   0.04538
   0.06324
   0.04462
   0.00025
  -0.04426
  -0.06324
  -0.04573
  -0.00184
   0.04311
   0.06319
   0.04681
   0.00343
  -0.04194
  -0.06310
  -0.04787
  -0.00501
   0.04073
   0.06298
   0.04889
   0.00660
  -0.03950
  -0.06281
  -0.04988
  -0.00817
   0.03825
   0.06261
   0.05084
   0.00975
  -0.03697
  -0.06236
  -0.05177
  -0.01131
   0.03567
   0.06208
   0.05267
   0.01288
  -0.03435
  -0.06175
  -0.05353
  -0.01443
   0.03300
   0.06139
   0.05436
   0.01597
  -0.03164
  -0.06099
  -0.05516
  -0.01750
   0.03025
   0.06055
   0.05592
   0.01902
  -0.02884
  -0.06007
  -0.05664
  -0.02053
   0.02742
   0.05956
   0.05733
   0.02203
  -0.02598
  -0.05900
  -0.05799
  -0.02351
   0.02452
   0.05841
   0.05860
   0.02498
  -0.02305
  -0.05778
  -0.05918
  -0.02643
   0.02156
   0.05712
   0.05972
   0.02787
  -0.02006
  -0.05642
  -0.06023
  -0.02929
   0.01855
   0.05568
   0.06069
   0.03069
  -0.01702
  -0.05491
  -0.06112
  -0.03207
   0.01549
   0.05411
   0.06151
   0.03343
  -0.01394
  -0.05327
  -0.06186
  -0.03477
   0.01239
   0.05239
   0.06217
   0.03608
  -0.01082
  -0.05149
  -0.06244
  -0.03738
   0.00925
   0.05055
   0.06268
   0.03865
  -0.00768
  -0.04957
  -0.06287
  -0.03989
   0.00610
   0.04857
   0.06302
   0.04111
  -0.00452
  -0.04754
  -0.06314
  -0.04231
   0.00293
   0.04648
   0.06321
   0.04348
  -0.00134
  -0.04538
  -0.06324
  -0.04462
  -0.00025
   0.04426
   0.06324
   0.04573
   0.00184
  -0.04311
  -0.06319
  -0.04681
  -0.00343
   0.04194
   0.06310
   0.04787
   0.00501
  -0.04073
  -0.06298
  -0.04889
  -0.00660
   0.03950
   0.06281
   0.04988
   0.00817
  -0.03825
  -0.06261
  -0.05084
  -0.00975
   0.03697
   0.06236
   0.05177
   0.01131
  -0.03567
  -0.06208
  -0.05267
  -0.01288
   0.03435
   0.06175
   0.05353
   0.01443
  -0.03300
  -0.06139
  -0.05436
  -0.01597
   0.03164
   0.06099
   0.05516
   0.01750
  -0.03025
  -0.06055
  -0.05592
  -0.01902
   0.02884
   0.06007
   0.05664
   0.02053
  -0.02742
  -0.05956
  -0.05733
  -0.02203
   0.02598
   0.05900
   0.05799
   0.02351
  -0.02452
  -0.05841
  -0.05860
  -0.02498
   0.02305
   0.05778
   0.05918
   0.02643
  -0.02156
  -0.05712
  -0.05972
  -0.02787
   0.02006
   0.05642
   0.06023
   0.02929
  -0.01855
  -0.05568
  -0.06069
  -0.03069
   0.01702
   0.05491
   0.06112
   0.03207
  -0.01549
  -0.05411
  -0.06151
  -0.03343
   0.01394
   0.05327
   0.06186
   0.03477
  -0.01239
  -0.05239
  -0.06217
  -0.03608
   0.01082
   0.05149
   0.06244
   0.03738
  -0.00925
  -0.05055
  -0.06268
  -0.03865
   0.00768
   0.04957
   0.06287
   0.03989
  -0.00610
  -0.04857
  -0.06302
  -0.04111
   0.00452
   0.04754
   0.06314
   0.04231
  -0.00293
  -0.04648
  -0.06321
  -0.04348
   0.00134
