  -0.05247
  -0.05622
  -0.00169
   0.05459
   0.05429
  -0.00228
  -0.05649
  -0.05214
   0.00625
   0.05816
   0.04979
  -0.01019
  -0.05961
  -0.04724
   0.01409
   0.06082
   0.04451
  -0.01793
  -0.06179
  -0.04160
   0.02170
   0.06251
   0.03853
  -0.02539
  -0.06299
  -0.03530
   0.02898
   0.06322
   0.03194
  -0.03245
  -0.06320
  -0.02845
   0.03579
   0.06294
   0.02485
  -0.03900
  -0.06242
  -0.02115
   0.04205
   0.06166
   0.01736
  -0.04493
  -0.06065
  -0.01351
   0.04764
   0.05941
   0.00960
  -0.05015
  -0.05793
  -0.00566
   0.05247
   0.05622
   0.00169
  -0.05459
  -0.05429
   0.00228
   0.05649
   0.05214
  -0.00625
  -0.05816
  -0.04979
   0.01019
   0.05961
   0.04724
  -0.01409
  -0.06082
  -0.04451
   0.01793
   0.06179
   0.04160
  -0.02170
  -0.06251
  -0.03853
   0.02539
   0.06299
   0.03530
  -0.02898
  -0.06322
  -0.03194
   0.03245
   0.06320
   0.02845
  -0.03579
  -0.06294
  -0.02485
   0.03900
   0.06242
   0.02115
  -0.04205
  -0.06166
  -0.01736
   0.04493
   0.06065
   0.01351
  -0.04764
  -0.05941
  -0.00960
   0.05015
   0.05793
   0.00566
  -0.05247
  -0.05622
  -0.00169
   0.05459
   0.05429
  -0.00228
  -0.05649
  -0.05214
   0.00625
   0.05816
   0.04979
  -0.01019
  -0.05961
  -0.04724
   0.01409
   0.06082
   0.04451
  -0.01793
  -0.06179
  -0.04160
   0.02170
   0.06251
   0.03853
  -0.02539
  -0.06299
  -0.03530
   0.02898
   0.06322
   0.03194
  -0.03245
  -0.06320
  -0.02845
   0.03579
   0.06294
   0.02485
  -0.03900
  -0.06242
  -0.02115
   0.04205
   0.06166
   0.01736
  -0.04493
  -0.06065
  -0.01351
   0.04764
   0.05941
   0.00960
  -0.05015
  -0.05793
  -0.00566
   0.05247
   0.05622
   0.00169
  -0.05459
  -0.05429
   0.00228
   0.05649
   0.05214
  -0.00625
  -0.05816
  -0.04979
   0.01019
   0.05961
   0.04724
  -0.01409
  -0.06082
  -0.04451
   0.01793
   0.06179
   0.04160
  -0.02170
  -0.06251
  -0.03853
   0.02539
   0.06299
   0.03530
  -0.02898
  -0.06322
  -0.03194
   0.03245
   0.06320
   0.02845
  -0.03579
  -0.06294
  -0.02485
   0.03900
   0.06242
   0.02115
  -0.04205
  -0.06166
  -0.01736
   0.04493
   0.06065
   0.01351
  -0.04764
  -0.05941
  -0.00960
   0.05015
   0.05793
   0.00566
  -0.05247
  -0.05622
  -0.00169
   0.05459
   0.05429
  -0.00228
  -0.05649
  -0.05214
   0.00625
   0.05816
   0.04979
  -0.01019
  -0.05961
  -0.04724
   0.01409
   0.06082
   0.04451
  -0.01793
  -0.06179
  -0.04160
   0.02170
   0.06251
   0.03853
  -0.02539
  -0.06299
  -0.03530
   0.02898
   0.06322
   0.03194
  -0.03245
  -0.06320
  -0.02845
   0.03579
   0.06294
   0.02485
  -0.03900
  -0.06242
  -0.02115
   0.04205
   0.06166
   0.01736
  -0.04493
  -0.06065
  -0.01351
   0.04764
   0.05941
   0.00960
  -0.05015
  -0.05793
  -0.00566
   0.05247
   0.05622
   0.00169
  -0.05459
  -0.05429
   0.00228
   0.05649
   0.05214
  -0.00625
  -0.05816
  -0.04979
   0.01019
   0.05961
   0.04724
  -0.01409
  -0.06082
  -0.04451
   0.01793
   0.06179
   0.04160
  -0.02170
  -0.06251
  -0.03853
   0.02539
   0.06299
   0.03530
  -0.02898
  -0.06322
  -0.03194
   0.03245
   0.06320
   0.02845
  -0.03579
  -0.06294
  -0.02485
   0.03900
   0.06242
   0.02115
  -0.04205
  -0.06166
  -0.01736
   0.04493
   0.06065
   0.01351
  -0.04764
  -0.05941
  -0.00960
   0.05015
   0.05793
   0.00566
  -0.05247
  -0.05622
  -0.00169
   0.05459
   0.05429
  -0.00228
  -0.05649
  -0.05214
   0.00625
   0.05816
   0.04979
  -0.01019
  -0.05961
  -0.04724
   0.01409
   0.06082
   0.04451
  -0.01793
  -0.06179
  -0.04160
   0.02170
   0.06251
   0.03853
  -0.02539
  -0.06299
  -0.03530
   0.02898
   0.06322
   0.03194
  -0.03245
  -0.06320
  -0.02845
   0.03579
   0.06294
   0.02485
  -0.03900
  -0.06242
  -0.02115
   0.04205
   0.06166
   0.01736
  -0.04493
  -0.06065
  -0.01351
   0.04764
   0.05941
   0.00960
  -0.05015
  -0.05793
  -0.00566
   0.05247
   0.05622
   0.00169
  -0.05459
  -0.05429
   0.00228
   0.05649
   0.05214
  -0.00625
  -0.05816
  -0.04979
   0.01019
   0.05961
   0.04724
  -0.01409
  -0.06082
  -0.04451
   0.01793
   0.06179
   0.04160
  -0.02170
  -0.06251
  -0.03853
   0.02539
   0.06299
   0.03530
  -0.02898
  -0.06322
  -0.03194
   0.03245
   0.06320
   0.02845
  -0.03579
  -0.06294
  -0.02485
   0.03900
   0.06242
   0.02115
  -0.04205
  -0.06166
  -0.01736
   0.04493
   0.06065
   0.01351
  -0.04764
  -0.05941
  -0.00960
   0.05015
   0.05793
   0.00566
  -0.05247
  -0.05622
  -0.00169
   0.05459
   0.05429
  -0.00228
  -0.05649
  -0.05214
   0.00625
   0.05816
   0.04979
  -0.01019
  -0.05961
  -0.04724
   0.01409
   0.06082
   0.04451
  -0.01793
  -0.06179
  -0.04160
   0.02170
   0.06251
   0.03853
  -0.02539
  -0.06299
  -0.03530
   0.02898
   0.06322
   0.03194
  -0.03245
  -0.06320
  -0.02845
   0.03579
   0.06294
   0.02485
  -0.03900
  -0.06242
  -0.02115
   0.04205
   0.06166
   0.01736
  -0.04493
  -0.06065
  -0.01351
   0.04764
   0.05941
   0.00960
  -0.05015
  -0.05793
  -0.00566
   0.05247
   0.05622
   0.00169
  -0.05459
  -0.05429
   0.00228
   0.05649
   0.05214
  -0.00625
  -0.05816
  -0.04979
   0.01019
   0.05961
   0.04724
  -0.01409
  -0.06082
  -0.04451
   0.01793
   0.06179
   0.04160
  -0.02170
  -0.06251
  -0.03853
   0.02539
   0.06299
   0.03530
  -0.02898
  -0.06322
  -0.03194
   0.03245
   0.06320
   0.02845
  -0.03579
  -0.06294
  -0.02485
   0.03900
   0.06242
   0.02115
  -0.04205
  -0.06166
  -0.01736
   0.04493
   0.06065
   0.01351
  -0.04764
  -0.05941
  -0.00960
   0.05015
   0.05793
   0.00566
