   0.04024
  -0.06161
   0.05760
  -0.02985
  -0.01019
   0.04604
  -0.06292
   0.05387
  -0.02263
  -0.01793
   0.05111
  -0.06323
   0.04929
  -0.01505
  -0.02539
   0.05538
  -0.06254
   0.04394
  -0.00723
  -0.03245
   0.05877
  -0.06087
   0.03789
   0.00070
  -0.03900
   0.06123
  -0.05824
   0.03125
   0.00862
  -0.04493
   0.06273
  -0.05469
   0.02411
   0.01640
  -0.05016
   0.06325
  -0.05027
   0.01659
   0.02393
  -0.05459
   0.06276
  -0.04507
   0.00881
   0.03108
  -0.05816
   0.06128
  -0.03915
   0.00089
   0.03774
  -0.06082
   0.05884
  -0.03262
  -0.00704
   0.04380
  -0.06251
   0.05547
  -0.02557
  -0.01486
   0.04917
  -0.06322
   0.05122
  -0.01812
  -0.02245
   0.05377
  -0.06294
   0.04617
  -0.01038
  -0.02969
   0.05752
  -0.06166
   0.04039
  -0.00248
  -0.03645
   0.06036
  -0.05940
   0.03397
   0.00546
  -0.04264
   0.06225
  -0.05621
   0.02702
   0.01332
  -0.04816
   0.06316
  -0.05214
   0.01963
   0.02096
  -0.05292
   0.06307
  -0.04724
   0.01194
   0.02827
  -0.05684
   0.06199
  -0.04160
   0.00407
   0.03514
  -0.05987
   0.05993
  -0.03530
  -0.00388
   0.04145
  -0.06195
   0.05693
  -0.02844
  -0.01176
   0.04711
  -0.06306
   0.05302
  -0.02114
  -0.01945
   0.05203
  -0.06317
   0.04828
  -0.01350
  -0.02684
   0.05613
  -0.06229
   0.04278
  -0.00565
  -0.03381
   0.05934
  -0.06042
   0.03661
   0.00229
  -0.04024
   0.06161
  -0.05760
   0.02985
   0.01019
  -0.04604
   0.06292
  -0.05387
   0.02263
   0.01793
  -0.05111
   0.06323
  -0.04929
   0.01505
   0.02539
  -0.05538
   0.06254
  -0.04394
   0.00723
   0.03245
  -0.05877
   0.06087
  -0.03789
  -0.00070
   0.03900
  -0.06123
   0.05824
  -0.03125
  -0.00862
   0.04493
  -0.06273
   0.05469
  -0.02411
  -0.01640
   0.05016
  -0.06325
   0.05027
  -0.01659
  -0.02393
   0.05459
  -0.06276
   0.04507
  -0.00881
  -0.03108
   0.05816
  -0.06128
   0.03915
  -0.00089
  -0.03774
   0.06082
  -0.05884
   0.03262
   0.00704
  -0.04380
   0.06251
  -0.05547
   0.02557
   0.01486
  -0.04917
   0.06322
  -0.05122
   0.01812
   0.02245
  -0.05377
   0.06294
  -0.04617
   0.01038
   0.02969
  -0.05752
   0.06166
  -0.04039
   0.00248
   0.03645
  -0.06036
   0.05940
  -0.03397
  -0.00546
   0.04264
  -0.06225
   0.05621
  -0.02702
  -0.01332
   0.04816
  -0.06316
   0.05214
  -0.01963
  -0.02096
   0.05292
  -0.06307
   0.04724
  -0.01194
  -0.02827
   0.05684
  -0.06199
   0.04160
  -0.00407
  -0.03514
   0.05987
  -0.05993
   0.03530
   0.00388
  -0.04145
   0.06195
  -0.05693
   0.02844
   0.01176
  -0.04711
   0.06306
  -0.05302
   0.02114
   0.01945
  -0.05203
   0.06317
  -0.04828
   0.01350
   0.02684
  -0.05613
   0.06229
  -0.04278
   0.00565
   0.03381
  -0.05934
   0.06042
  -0.03661
  -0.00229
   0.04024
  -0.06161
   0.05760
  -0.02985
  -0.01019
   0.04604
  -0.06292
   0.05387
  -0.02263
  -0.01793
   0.05111
  -0.06323
   0.04929
  -0.01505
  -0.02539
   0.05538
  -0.06254
   0.04394
  -0.00723
  -0.03245
   0.05877
  -0.06087
   0.03789
   0.00070
  -0.03900
   0.06123
  -0.05824
   0.03125
   0.00862
  -0.04493
   0.06273
  -0.05469
   0.02411
   0.01640
  -0.05016
   0.06325
  -0.05027
   0.01659
   0.02393
  -0.05459
   0.06276
  -0.04507
   0.00881
   0.03108
  -0.05816
   0.06128
  -0.03915
   0.00089
   0.03774
  -0.06082
   0.05884
  -0.03262
  -0.00704
   0.04380
  -0.06251
   0.05547
  -0.02557
  -0.01486
   0.04917
  -0.06322
   0.05122
  -0.01812
  -0.02245
   0.05377
  -0.06294
   0.04617
  -0.01038
  -0.02969
   0.05752
  -0.06166
   0.04039
  -0.00248
  -0.03645
   0.06036
  -0.05940
   0.03397
   0.00546
  -0.04264
   0.06225
  -0.05621
   0.02702
   0.01332
  -0.04816
   0.06316
  -0.05214
   0.01963
   0.02096
  -0.05292
   0.06307
  -0.04724
   0.01194
   0.02827
  -0.05684
   0.06199
  -0.04160
   0.00407
   0.03514
  -0.05987
   0.05993
  -0.03530
  -0.00388
   0.04145
  -0.06195
   0.05693
  -0.02844
  -0.01176
   0.04711
  -0.06306
   0.05302
  -0.02114
  -0.01945
   0.05203
  -0.06317
   0.04828
  -0.01350
  -0.02684
   0.05613
  -0.06229
   0.04278
  -0.00565
  -0.03381
   0.05934
  -0.06042
   0.03661
   0.00229
  -0.04024
   0.06161
  -0.05760
   0.02985
   0.01019
  -0.04604
   0.06292
  -0.05387
   0.02263
   0.01793
  -0.05111
   0.06323
  -0.04929
   0.01505
   0.02539
  -0.05538
   0.06254
  -0.04394
   0.00723
   0.03245
  -0.05877
   0.06087
  -0.03789
  -0.00070
   0.03900
  -0.06123
   0.05824
  -0.03125
  -0.00862
   0.04493
  -0.06273
   0.05469
  -0.02411
  -0.01640
   0.05016
  -0.06325
   0.05027
  -0.01659
  -0.02393
   0.05459
  -0.06276
   0.04507
  -0.00881
  -0.03108
   0.05816
  -0.06128
   0.03915
  -0.00089
  -0.03774
   0.06082
  -0.05884
   0.03262
   0.00704
  -0.04380
   0.06251
  -0.05547
   0.02557
   0.01486
  -0.04917
   0.06322
  -0.05122
   0.01812
   0.02245
  -0.05377
   0.06294
  -0.04617
   0.01038
   0.02969
  -0.05752
   0.06166
  -0.04039
   0.00248
   0.03645
  -0.06036
   0.05940
  -0.03397
  -0.00546
   0.04264
  -0.06225
   0.05621
  -0.02702
  -0.01332
   0.04816
  -0.06316
   0.05214
  -0.01963
  -0.02096
   0.05292
  -0.06307
   0.04724
  -0.01194
  -0.02827
   0.05684
  -0.06199
   0.04160
  -0.00407
  -0.03514
   0.05987
  -0.05993
   0.03530
   0.00388
  -0.04145
   0.06195
  -0.05693
   0.02844
   0.01176
  -0.04711
   0.06306
  -0.05302
   0.02114
   0.01945
  -0.05203
   0.06317
  -0.04828
   0.01350
   0.02684
  -0.05613
   0.06229
  -0.04278
   0.00565
   0.03381
  -0.05934
   0.06042
  -0.03661
  -0.00229
