  -0.06147
   0.05725
  -0.05074
   0.04217
  -0.03191
   0.02036
  -0.00799
  -0.00470
   0.01720
  -0.02901
   0.03965
  -0.04869
   0.05577
  -0.06060
   0.06300
  -0.06285
   0.06017
  -0.05507
   0.04775
  -0.03850
   0.02771
  -0.01579
   0.00324
   0.00943
  -0.02173
   0.03316
  -0.04325
   0.05159
  -0.05786
   0.06179
  -0.06324
   0.06214
  -0.05853
   0.05257
  -0.04449
   0.03461
  -0.02334
   0.01114
   0.00152
  -0.01412
   0.02615
  -0.03712
   0.04660
  -0.05420
   0.05962
  -0.06263
   0.06312
  -0.06107
   0.05656
  -0.04977
   0.04097
  -0.03053
   0.01885
  -0.00641
  -0.00628
   0.01872
  -0.03041
   0.04087
  -0.04969
   0.05650
  -0.06104
   0.06312
  -0.06265
   0.05966
  -0.05427
   0.04669
  -0.03723
   0.02627
  -0.01425
   0.00166
   0.01100
  -0.02322
   0.03450
  -0.04439
   0.05249
  -0.05848
   0.06211
  -0.06324
   0.06182
  -0.05791
   0.05167
  -0.04334
   0.03327
  -0.02186
   0.00957
   0.00311
  -0.01566
   0.02759
  -0.03840
   0.04766
  -0.05500
   0.06013
  -0.06283
   0.06301
  -0.06064
   0.05583
  -0.04877
   0.03975
  -0.02913
   0.01733
  -0.00483
  -0.00786
   0.02023
  -0.03179
   0.04207
  -0.05066
   0.05720
  -0.06144
   0.06320
  -0.06241
   0.05912
  -0.05344
   0.04560
  -0.03593
   0.02481
  -0.01270
   0.00007
   0.01256
  -0.02469
   0.03582
  -0.04551
   0.05336
  -0.05907
   0.06239
  -0.06320
   0.06147
  -0.05725
   0.05074
  -0.04217
   0.03191
  -0.02036
   0.00799
   0.00470
  -0.01720
   0.02901
  -0.03965
   0.04869
  -0.05577
   0.06060
  -0.06300
   0.06285
  -0.06017
   0.05507
  -0.04775
   0.03850
  -0.02771
   0.01579
  -0.00324
  -0.00943
   0.02173
  -0.03316
   0.04325
  -0.05159
   0.05786
  -0.06179
   0.06324
  -0.06214
   0.05853
  -0.05257
   0.04449
  -0.03461
   0.02334
  -0.01114
  -0.00152
   0.01412
  -0.02615
   0.03712
  -0.04660
   0.05420
  -0.05962
   0.06263
  -0.06312
   0.06107
  -0.05656
   0.04977
  -0.04097
   0.03053
  -0.01885
   0.00641
   0.00628
  -0.01872
   0.03041
  -0.04087
   0.04969
  -0.05650
   0.06104
  -0.06312
   0.06265
  -0.05966
   0.05427
  -0.04669
   0.03723
  -0.02627
   0.01425
  -0.00166
  -0.01100
   0.02322
  -0.03450
   0.04439
  -0.05249
   0.05848
  -0.06211
   0.06324
  -0.06182
   0.05791
  -0.05167
   0.04334
  -0.03327
   0.02186
  -0.00957
  -0.00311
   0.01566
  -0.02759
   0.03840
  -0.04766
   0.05500
  -0.06013
   0.06283
  -0.06301
   0.06064
  -0.05583
   0.04877
  -0.03975
   0.02913
  -0.01733
   0.00483
   0.00786
  -0.02023
   0.03179
  -0.04207
   0.05066
  -0.05720
   0.06144
  -0.06320
   0.06241
  -0.05912
   0.05344
  -0.04560
   0.03593
  -0.02481
   0.01270
  -0.00007
  -0.01256
   0.02469
  -0.03582
   0.04551
  -0.05336
   0.05907
  -0.06239
   0.06320
  -0.06147
   0.05725
  -0.05074
   0.04217
  -0.03191
   0.02036
  -0.00799
  -0.00470
   0.01720
  -0.02901
   0.03965
  -0.04869
   0.05577
  -0.06060
   0.06300
  -0.06285
   0.06017
  -0.05507
   0.04775
  -0.03850
   0.02771
  -0.01579
   0.00324
   0.00943
  -0.02173
   0.03316
  -0.04325
   0.05159
  -0.05786
   0.06179
  -0.06324
   0.06214
  -0.05853
   0.05257
  -0.04449
   0.03461
  -0.02334
   0.01114
   0.00152
  -0.01412
   0.02615
  -0.03712
   0.04660
  -0.05420
   0.05962
  -0.06263
   0.06312
  -0.06107
   0.05656
  -0.04977
   0.04097
  -0.03053
   0.01885
  -0.00641
  -0.00628
   0.01872
  -0.03041
   0.04087
  -0.04969
   0.05650
  -0.06104
   0.06312
  -0.06265
   0.05966
  -0.05427
   0.04669
  -0.03723
   0.02627
  -0.01425
   0.00166
   0.01100
  -0.02322
   0.03450
  -0.04439
   0.05249
  -0.05848
   0.06211
  -0.06324
   0.06182
  -0.05791
   0.05167
  -0.04334
   0.03327
  -0.02186
   0.00957
   0.00311
  -0.01566
   0.02759
  -0.03840
   0.04766
  -0.05500
   0.06013
  -0.06283
   0.06301
  -0.06064
   0.05583
  -0.04877
   0.03975
  -0.02913
   0.01733
  -0.00483
  -0.00786
   0.02023
  -0.03179
   0.04207
  -0.05066
   0.05720
  -0.06144
   0.06320
  -0.06241
   0.05912
  -0.05344
   0.04560
  -0.03593
   0.02481
  -0.01270
   0.00007
   0.01256
  -0.02469
   0.03582
  -0.04551
   0.05336
  -0.05907
   0.06239
  -0.06320
   0.06147
  -0.05725
   0.05074
  -0.04217
   0.03191
  -0.02036
   0.00799
   0.00470
  -0.01720
   0.02901
  -0.03965
   0.04869
  -0.05577
   0.06060
  -0.06300
   0.06285
  -0.06017
   0.05507
  -0.04775
   0.03850
  -0.02771
   0.01579
  -0.00324
  -0.00943
   0.02173
  -0.03316
   0.04325
  -0.05159
   0.05786
  -0.06179
   0.06324
  -0.06214
   0.05853
  -0.05257
   0.04449
  -0.03461
   0.02334
  -0.01114
  -0.00152
   0.01412
  -0.02615
   0.03712
  -0.04660
   0.05420
  -0.05962
   0.06263
  -0.06312
   0.06107
  -0.05656
   0.04977
  -0.04097
   0.03053
  -0.01885
   0.00641
   0.00628
  -0.01872
   0.03041
  -0.04087
   0.04969
  -0.05650
   0.06104
  -0.06312
   0.06265
  -0.05966
   0.05427
  -0.04669
   0.03723
  -0.02627
   0.01425
  -0.00166
  -0.01100
   0.02322
  -0.03450
   0.04439
  -0.05249
   0.05848
  -0.06211
   0.06324
  -0.06182
   0.05791
  -0.05167
   0.04334
  -0.03327
   0.02186
  -0.00957
  -0.00311
   0.01566
  -0.02759
   0.03840
  -0.04766
   0.05500
  -0.06013
   0.06283
  -0.06301
   0.06064
  -0.05583
   0.04877
  -0.03975
   0.02913
  -0.01733
   0.00483
   0.00786
  -0.02023
   0.03179
  -0.04207
   0.05066
  -0.05720
   0.06144
  -0.06320
   0.06241
  -0.05912
   0.05344
  -0.04560
   0.03593
  -0.02481
   0.01270
  -0.00007
  -0.01256
   0.02469
  -0.03582
   0.04551
  -0.05336
   0.05907
  -0.06239
   0.06320
