  -0.06291
   0.06210
  -0.06081
   0.05905
  -0.05683
   0.05417
  -0.05109
   0.04762
  -0.04378
   0.03960
  -0.03511
   0.03036
  -0.02537
   0.02018
  -0.01483
   0.00938
  -0.00384
  -0.00172
   0.00726
  -0.01276
   0.01815
  -0.02340
   0.02847
  -0.03332
   0.03792
  -0.04222
   0.04619
  -0.04981
   0.05304
  -0.05586
   0.05825
  -0.06019
   0.06166
  -0.06266
   0.06317
  -0.06320
   0.06273
  -0.06178
   0.06035
  -0.05846
   0.05611
  -0.05333
   0.05014
  -0.04656
   0.04262
  -0.03835
   0.03378
  -0.02895
   0.02390
  -0.01866
   0.01328
  -0.00780
   0.00226
   0.00330
  -0.00884
   0.01431
  -0.01967
   0.02487
  -0.02988
   0.03466
  -0.03918
   0.04339
  -0.04726
   0.05077
  -0.05389
   0.05659
  -0.05885
   0.06066
  -0.06200
   0.06286
  -0.06323
   0.06311
  -0.06251
   0.06142
  -0.05986
   0.05783
  -0.05536
   0.05246
  -0.04915
   0.04547
  -0.04143
   0.03707
  -0.03243
   0.02753
  -0.02242
   0.01714
  -0.01173
   0.00622
  -0.00067
  -0.00489
   0.01041
  -0.01585
   0.02117
  -0.02632
   0.03127
  -0.03598
   0.04041
  -0.04453
   0.04830
  -0.05170
   0.05470
  -0.05728
   0.05941
  -0.06109
   0.06229
  -0.06301
   0.06325
  -0.06299
   0.06225
  -0.06102
   0.05933
  -0.05717
   0.05458
  -0.05156
   0.04814
  -0.04435
   0.04022
  -0.03577
   0.03105
  -0.02609
   0.02093
  -0.01561
   0.01016
  -0.00464
  -0.00092
   0.00647
  -0.01198
   0.01739
  -0.02266
   0.02776
  -0.03265
   0.03728
  -0.04162
   0.04564
  -0.04931
   0.05260
  -0.05548
   0.05794
  -0.05994
   0.06148
  -0.06255
   0.06313
  -0.06322
   0.06283
  -0.06195
   0.06059
  -0.05876
   0.05647
  -0.05375
   0.05062
  -0.04709
   0.04320
  -0.03898
   0.03445
  -0.02966
   0.02464
  -0.01942
   0.01406
  -0.00859
   0.00305
   0.00251
  -0.00805
   0.01353
  -0.01891
   0.02414
  -0.02918
   0.03400
  -0.03855
   0.04281
  -0.04673
   0.05029
  -0.05347
   0.05623
  -0.05856
   0.06043
  -0.06183
   0.06276
  -0.06321
   0.06316
  -0.06262
   0.06161
  -0.06011
   0.05815
  -0.05574
   0.05290
  -0.04965
   0.04602
  -0.04203
   0.03771
  -0.03311
   0.02824
  -0.02316
   0.01790
  -0.01251
   0.00701
  -0.00146
  -0.00410
   0.00963
  -0.01508
   0.02042
  -0.02560
   0.03058
  -0.03533
   0.03980
  -0.04396
   0.04779
  -0.05124
   0.05430
  -0.05694
   0.05914
  -0.06088
   0.06215
  -0.06294
   0.06324
  -0.06306
   0.06238
  -0.06123
   0.05960
  -0.05751
   0.05497
  -0.05201
   0.04865
  -0.04491
   0.04083
  -0.03642
   0.03174
  -0.02681
   0.02168
  -0.01637
   0.01094
  -0.00543
  -0.00013
   0.00568
  -0.01119
   0.01662
  -0.02192
   0.02704
  -0.03196
   0.03663
  -0.04102
   0.04509
  -0.04881
   0.05216
  -0.05510
   0.05761
  -0.05968
   0.06129
  -0.06242
   0.06308
  -0.06324
   0.06291
  -0.06210
   0.06081
  -0.05905
   0.05683
  -0.05417
   0.05109
  -0.04762
   0.04378
  -0.03960
   0.03511
  -0.03036
   0.02537
  -0.02018
   0.01483
  -0.00938
   0.00384
   0.00172
  -0.00726
   0.01276
  -0.01815
   0.02340
  -0.02847
   0.03332
  -0.03792
   0.04222
  -0.04619
   0.04981
  -0.05304
   0.05586
  -0.05825
   0.06019
  -0.06166
   0.06266
  -0.06317
   0.06320
  -0.06273
   0.06178
  -0.06035
   0.05846
  -0.05611
   0.05333
  -0.05014
   0.04656
  -0.04262
   0.03835
  -0.03378
   0.02895
  -0.02390
   0.01866
  -0.01328
   0.00780
  -0.00226
  -0.00330
   0.00884
  -0.01431
   0.01967
  -0.02487
   0.02988
  -0.03466
   0.03918
  -0.04339
   0.04726
  -0.05077
   0.05389
  -0.05659
   0.05885
  -0.06066
   0.06200
  -0.06286
   0.06323
  -0.06311
   0.06251
  -0.06142
   0.05986
  -0.05783
   0.05536
  -0.05246
   0.04915
  -0.04547
   0.04143
  -0.03707
   0.03243
  -0.02753
   0.02242
  -0.01714
   0.01173
  -0.00622
   0.00067
   0.00489
  -0.01041
   0.01585
  -0.02117
   0.02632
  -0.03127
   0.03598
  -0.04041
   0.04453
  -0.04830
   0.05170
  -0.05470
   0.05728
  -0.05941
   0.06109
  -0.06229
   0.06301
  -0.06325
   0.06299
  -0.06225
   0.06102
  -0.05933
   0.05717
  -0.05458
   0.05156
  -0.04814
   0.04435
  -0.04022
   0.03577
  -0.03105
   0.02609
  -0.02093
   0.01561
  -0.01016
   0.00464
   0.00092
  -0.00647
   0.01198
  -0.01739
   0.02266
  -0.02776
   0.03265
  -0.03728
   0.04162
  -0.04564
   0.04931
  -0.05260
   0.05548
  -0.05794
   0.05994
  -0.06148
   0.06255
  -0.06313
   0.06322
  -0.06283
   0.06195
  -0.06059
   0.05876
  -0.05647
   0.05375
  -0.05062
   0.04709
  -0.04320
   0.03898
  -0.03445
   0.02966
  -0.02464
   0.01942
  -0.01406
   0.00859
  -0.00305
  -0.00251
   0.00805
  -0.01353
   0.01891
  -0.02414
   0.02918
  -0.03400
   0.03855
  -0.04281
   0.04673
  -0.05029
   0.05347
  -0.05623
   0.05856
  -0.06043
   0.06183
  -0.06276
   0.06321
  -0.06316
   0.06262
  -0.06161
   0.06011
  -0.05815
   0.05574
  -0.05290
   0.04965
  -0.04602
   0.04203
  -0.03771
   0.03311
  -0.02824
   0.02316
  -0.01790
   0.01251
  -0.00701
   0.00146
   0.00410
  -0.00963
   0.01508
  -0.02042
   0.02560
  -0.03058
   0.03533
  -0.03980
   0.04396
  -0.04779
   0.05124
  -0.05430
   0.05694
  -0.05914
   0.06088
  -0.06215
   0.06294
  -0.06324
   0.06306
  -0.06238
   0.06123
  -0.05960
   0.05751
  -0.05497
   0.05201
  -0.04865
   0.04491
  -0.04083
   0.03642
  -0.03174
   0.02681
  -0.02168
   0.01637
  -0.01094
   0.00543
   0.00013
  -0.00568
   0.01119
  -0.01662
   0.02192
  -0.02704
   0.03196
  -0.03663
   0.04102
  -0.04509
   0.04881
  -0.05216
   0.05510
  -0.05761
   0.05968
  -0.06129
   0.06242
  -0.06308
   0.06324
