   0.03948
  -0.01290
  -0.05593
  -0.05840
  -0.01852
   0.03479
   0.06287
   0.04536
  -0.00504
  -0.05179
  -0.06098
  -0.02596
   0.02789
   0.06152
   0.05053
   0.00290
  -0.04683
  -0.06260
  -0.03298
   0.02056
   0.05919
   0.05490
   0.01080
  -0.04113
  -0.06324
  -0.03948
   0.01290
   0.05593
   0.05840
   0.01852
  -0.03479
  -0.06287
  -0.04536
   0.00504
   0.05179
   0.06098
   0.02596
  -0.02789
  -0.06152
  -0.05053
  -0.00290
   0.04683
   0.06260
   0.03298
  -0.02056
  -0.05919
  -0.05490
  -0.01080
   0.04113
   0.06324
   0.03948
  -0.01290
  -0.05593
  -0.05840
  -0.01852
   0.03479
   0.06287
   0.04536
  -0.00504
  -0.05179
  -0.06098
  -0.02596
   0.02789
   0.06152
   0.05053
   0.00290
  -0.04683
  -0.06260
  -0.03298
   0.02056
   0.05919
   0.05490
   0.01080
  -0.04113
  -0.06324
  -0.03948
   0.01290
   0.05593
   0.05840
   0.01852
  -0.03479
  -0.06287
  -0.04536
   0.00504
   0.05179
   0.06098
   0.02596
  -0.02789
  -0.06152
  -0.05053
  -0.00290
   0.04683
   0.06260
   0.03298
  -0.02056
  -0.05919
  -0.05490
  -0.01080
   0.04113
   0.06324
   0.03948
  -0.01290
  -0.05593
  -0.05840
  -0.01852
   0.03479
   0.06287
   0.04536
  -0.00504
  -0.05179
  -0.06098
  -0.02596
   0.02789
   0.06152
   0.05053
   0.00290
  -0.04683
  -0.06260
  -0.03298
   0.02056
   0.05919
   0.05490
   0.01080
  -0.04113
  -0.06324
  -0.03948
   0.01290
   0.05593
   0.05840
   0.01852
  -0.03479
  -0.06287
  -0.04536
   0.00504
   0.05179
   0.06098
   0.02596
  -0.02789
  -0.06152
  -0.05053
  -0.00290
   0.04683
   0.06260
   0.03298
  -0.02056
  -0.05919
  -0.05490
  -0.01080
   0.04113
   0.06324
   0.03948
  -0.01290
  -0.05593
  -0.05840
  -0.01852
   0.03479
   0.06287
   0.04536
  -0.00504
  -0.05179
  -0.06098
  -0.02596
   0.02789
   0.06152
   0.05053
   0.00290
  -0.04683
  -0.06260
  -0.03298
   0.02056
   0.05919
   0.05490
   0.01080
  -0.04113
  -0.06324
  -0.03948
   0.01290
   0.05593
   0.05840
   0.01852
  -0.03479
  -0.06287
  -0.04536
   0.00504
   0.05179
   0.06098
   0.02596
  -0.02789
  -0.06152
  -0.05053
  -0.00290
   0.04683
   0.06260
   0.03298
  -0.02056
  -0.05919
  -0.05490
  -0.01080
   0.04113
   0.06324
   0.03948
  -0.01290
  -0.05593
  -0.05840
  -0.01852
   0.03479
   0.06287
   0.04536
  -0.00504
  -0.05179
  -0.06098
  -0.02596
   0.02789
   0.06152
   0.05053
   0.00290
  -0.04683
  -0.06260
  -0.03298
   0.02056
   0.05919
   0.05490
   0.01080
  -0.04113
  -0.06324
  -0.03948
   0.01290
   0.05593
   0.05840
   0.01852
  -0.03479
  -0.06287
  -0.04536
   0.00504
   0.05179
   0.06098
   0.02596
  -0.02789
  -0.06152
  -0.05053
  -0.00290
   0.04683
   0.06260
   0.03298
  -0.02056
  -0.05919
  -0.05490
  -0.01080
   0.04113
   0.06324
   0.03948
  -0.01290
  -0.05593
  -0.05840
  -0.01852
   0.03479
   0.06287
   0.04536
  -0.00504
  -0.05179
  -0.06098
  -0.02596
   0.02789
   0.06152
   0.05053
   0.00290
  -0.04683
  -0.06260
  -0.03298
   0.02056
   0.05919
   0.05490
   0.01080
  -0.04113
  -0.06324
  -0.03948
   0.01290
   0.05593
   0.05840
   0.01852
  -0.03479
  -0.06287
  -0.04536
   0.00504
   0.05179
   0.06098
   0.02596
  -0.02789
  -0.06152
  -0.05053
  -0.00290
   0.04683
   0.06260
   0.03298
  -0.02056
  -0.05919
  -0.05490
  -0.01080
   0.04113
   0.06324
   0.03948
  -0.01290
  -0.05593
  -0.05840
  -0.01852
   0.03479
   0.06287
   0.04536
  -0.00504
  -0.05179
  -0.06098
  -0.02596
   0.02789
   0.06152
   0.05053
   0.00290
  -0.04683
  -0.06260
  -0.03298
   0.02056
   0.05919
   0.05490
   0.01080
  -0.04113
  -0.06324
  -0.03948
   0.01290
   0.05593
   0.05840
   0.01852
  -0.03479
  -0.06287
  -0.04536
   0.00504
   0.05179
   0.06098
   0.02596
  -0.02789
  -0.06152
  -0.05053
  -0.00290
   0.04683
   0.06260
   0.03298
  -0.02056
  -0.05919
  -0.05490
  -0.01080
   0.04113
   0.06324
   0.03948
  -0.01290
  -0.05593
  -0.05840
  -0.01852
   0.03479
   0.06287
   0.04536
  -0.00504
  -0.05179
  -0.06098
  -0.02596
   0.02789
   0.06152
   0.05053
   0.00290
  -0.04683
  -0.06260
  -0.03298
   0.02056
   0.05919
   0.05490
   0.01080
  -0.04113
  -0.06324
  -0.03948
   0.01290
   0.05593
   0.05840
   0.01852
  -0.03479
  -0.06287
  -0.04536
   0.00504
   0.05179
   0.06098
   0.02596
  -0.02789
  -0.06152
  -0.05053
  -0.00290
   0.04683
   0.06260
   0.03298
  -0.02056
  -0.05919
  -0.05490
  -0.01080
   0.04113
   0.06324
   0.03948
  -0.01290
  -0.05593
  -0.05840
  -0.01852
   0.03479
   0.06287
   0.04536
  -0.00504
  -0.05179
  -0.06098
  -0.02596
   0.02789
   0.06152
   0.05053
   0.00290
  -0.04683
  -0.06260
  -0.03298
   0.02056
   0.05919
   0.05490
   0.01080
  -0.04113
  -0.06324
  -0.03948
   0.01290
   0.05593
   0.05840
   0.01852
  -0.03479
  -0.06287
  -0.04536
   0.00504
   0.05179
   0.06098
   0.02596
  -0.02789
  -0.06152
  -0.05053
  -0.00290
   0.04683
   0.06260
   0.03298
  -0.02056
  -0.05919
  -0.05490
  -0.01080
   0.04113
   0.06324
   0.03948
  -0.01290
  -0.05593
  -0.05840
  -0.01852
   0.03479
   0.06287
   0.04536
  -0.00504
  -0.05179
  -0.06098
  -0.02596
   0.02789
   0.06152
   0.05053
   0.00290
  -0.04683
  -0.06260
  -0.03298
   0.02056
   0.05919
   0.05490
   0.01080
  -0.04113
  -0.06324
  -0.03948
   0.01290
   0.05593
   0.05840
   0.01852
  -0.03479
  -0.06287
  -0.04536
   0.00504
   0.05179
   0.06098
   0.02596
  -0.02789
  -0.06152
  -0.05053
  -0.00290
   0.04683
   0.06260
   0.03298
  -0.02056
  -0.05919
  -0.05490
  -0.01080
   0.04113
   0.06324
