  -0.06184
  -0.05763
  -0.05080
  -0.04166
  -0.03062
  -0.01819
  -0.00494
   0.00854
   0.02163
   0.03374
   0.04432
   0.05288
   0.05903
   0.06250
   0.06313
   0.06089
   0.05588
   0.04833
   0.03859
   0.02708
   0.01435
   0.00097
  -0.01246
  -0.02532
  -0.03703
  -0.04706
  -0.05495
  -0.06034
  -0.06299
  -0.06277
  -0.05970
  -0.05391
  -0.04568
  -0.03536
  -0.02344
  -0.01046
   0.00301
   0.01633
   0.02891
   0.04018
   0.04962
   0.05681
   0.06141
   0.06322
   0.06216
   0.05827
   0.05173
   0.04284
   0.03200
   0.01971
   0.00652
  -0.00697
  -0.02013
  -0.03239
  -0.04317
  -0.05199
  -0.05844
  -0.06224
  -0.06321
  -0.06130
  -0.05661
  -0.04934
  -0.03983
  -0.02851
  -0.01590
  -0.00256
   0.01090
   0.02386
   0.03573
   0.04599
   0.05415
   0.05984
   0.06282
   0.06294
   0.06020
   0.05473
   0.04676
   0.03667
   0.02491
   0.01202
  -0.00142
  -0.01479
  -0.02749
  -0.03894
  -0.04862
  -0.05609
  -0.06101
  -0.06316
  -0.06243
  -0.05887
  -0.05263
  -0.04399
  -0.03336
  -0.02121
  -0.00810
   0.00538
   0.01862
   0.03101
   0.04199
   0.05106
   0.05782
   0.06194
   0.06324
   0.06167
   0.05730
   0.05032
   0.04105
   0.02992
   0.01743
   0.00414
  -0.00933
  -0.02238
  -0.03441
  -0.04488
  -0.05331
  -0.05931
  -0.06262
  -0.06308
  -0.06067
  -0.05551
  -0.04782
  -0.03795
  -0.02636
  -0.01358
  -0.00017
   0.01324
   0.02605
   0.03768
   0.04759
   0.05534
   0.06057
   0.06305
   0.06267
   0.05943
   0.05349
   0.04512
   0.03470
   0.02270
   0.00967
  -0.00380
  -0.01710
  -0.02962
  -0.04079
  -0.05011
  -0.05715
  -0.06160
  -0.06324
  -0.06201
  -0.05795
  -0.05127
  -0.04225
  -0.03131
  -0.01895
  -0.00573
   0.00776
   0.02089
   0.03307
   0.04375
   0.05244
   0.05874
   0.06238
   0.06317
   0.06110
   0.05625
   0.04884
   0.03921
   0.02780
   0.01513
   0.00176
  -0.01168
  -0.02459
  -0.03639
  -0.04653
  -0.05455
  -0.06010
  -0.06291
  -0.06286
  -0.05995
  -0.05432
  -0.04622
  -0.03602
  -0.02418
  -0.01124
   0.00221
   0.01556
   0.02820
   0.03956
   0.04913
   0.05645
   0.06122
   0.06319
   0.06230
   0.05857
   0.05218
   0.04342
   0.03268
   0.02046
   0.00731
  -0.00618
  -0.01938
  -0.03170
  -0.04258
  -0.05153
  -0.05813
  -0.06209
  -0.06323
  -0.06149
  -0.05696
  -0.04984
  -0.04045
  -0.02922
  -0.01666
  -0.00335
   0.01012
   0.02312
   0.03508
   0.04544
   0.05373
   0.05958
   0.06272
   0.06302
   0.06044
   0.05512
   0.04729
   0.03731
   0.02564
   0.01280
  -0.00062
  -0.01402
  -0.02677
  -0.03831
  -0.04811
  -0.05572
  -0.06080
  -0.06311
  -0.06255
  -0.05915
  -0.05306
  -0.04456
  -0.03403
  -0.02196
  -0.00889
   0.00459
   0.01786
   0.03032
   0.04140
   0.05059
   0.05749
   0.06177
   0.06325
   0.06184
   0.05763
   0.05080
   0.04166
   0.03062
   0.01819
   0.00494
  -0.00854
  -0.02163
  -0.03374
  -0.04432
  -0.05288
  -0.05903
  -0.06250
  -0.06313
  -0.06089
  -0.05588
  -0.04833
  -0.03859
  -0.02708
  -0.01435
  -0.00097
   0.01246
   0.02532
   0.03703
   0.04706
   0.05495
   0.06034
   0.06299
   0.06277
   0.05970
   0.05391
   0.04568
   0.03536
   0.02344
   0.01046
  -0.00301
  -0.01633
  -0.02891
  -0.04018
  -0.04962
  -0.05681
  -0.06141
  -0.06322
  -0.06216
  -0.05827
  -0.05173
  -0.04284
  -0.03200
  -0.01971
  -0.00652
   0.00697
   0.02013
   0.03239
   0.04317
   0.05199
   0.05844
   0.06224
   0.06321
   0.06130
   0.05661
   0.04934
   0.03983
   0.02851
   0.01590
   0.00256
  -0.01090
  -0.02386
  -0.03573
  -0.04599
  -0.05415
  -0.05984
  -0.06282
  -0.06294
  -0.06020
  -0.05473
  -0.04676
  -0.03667
  -0.02491
  -0.01202
   0.00142
   0.01479
   0.02749
   0.03894
   0.04862
   0.05609
   0.06101
   0.06316
   0.06243
   0.05887
   0.05263
   0.04399
   0.03336
   0.02121
   0.00810
  -0.00538
  -0.01862
  -0.03101
  -0.04199
  -0.05106
  -0.05782
  -0.06194
  -0.06324
  -0.06167
  -0.05730
  -0.05032
  -0.04105
  -0.02992
  -0.01743
  -0.00414
   0.00933
   0.02238
   0.03441
   0.04488
   0.05331
   0.05931
   0.06262
   0.06308
   0.06067
   0.05551
   0.04782
   0.03795
   0.02636
   0.01358
   0.00017
  -0.01324
  -0.02605
  -0.03768
  -0.04759
  -0.05534
  -0.06057
  -0.06305
  -0.06267
  -0.05943
  -0.05349
  -0.04512
  -0.03470
  -0.02270
  -0.00967
   0.00380
   0.01710
   0.02962
   0.04079
   0.05011
   0.05715
   0.06160
   0.06324
   0.06201
   0.05795
   0.05127
   0.04225
   0.03131
   0.01895
   0.00573
  -0.00776
  -0.02089
  -0.03307
  -0.04375
  -0.05244
  -0.05874
  -0.06238
  -0.06317
  -0.06110
  -0.05625
  -0.04884
  -0.03921
  -0.02780
  -0.01513
  -0.00176
   0.01168
   0.02459
   0.03639
   0.04653
   0.05455
   0.06010
   0.06291
   0.06286
   0.05995
   0.05432
   0.04622
   0.03602
   0.02418
   0.01124
  -0.00221
  -0.01556
  -0.02820
  -0.03956
  -0.04913
  -0.05645
  -0.06122
  -0.06319
  -0.06230
  -0.05857
  -0.05218
  -0.04342
  -0.03268
  -0.02046
  -0.00731
   0.00618
   0.01938
   0.03170
   0.04258
   0.05153
   0.05813
   0.06209
   0.06323
   0.06149
   0.05696
   0.04984
   0.04045
   0.02922
   0.01666
   0.00335
  -0.01012
  -0.02312
  -0.03508
  -0.04544
  -0.05373
  -0.05958
  -0.06272
  -0.06302
  -0.06044
  -0.05512
  -0.04729
  -0.03731
  -0.02564
  -0.01280
   0.00062
   0.01402
   0.02677
   0.03831
   0.04811
   0.05572
   0.06080
   0.06311
   0.06255
   0.05915
   0.05306
   0.04456
   0.03403
   0.02196
   0.00889
  -0.00459
  -0.01786
  -0.03032
  -0.04140
  -0.05059
  -0.05749
  -0.06177
  -0.06325
