  -0.05974
   0.04069
   0.03074
  -0.06260
   0.01388
   0.05270
  -0.05145
  -0.01603
   0.06288
  -0.02879
  -0.04235
   0.05898
   0.00031
  -0.05920
   0.04189
   0.02934
  -0.06281
   0.01543
   0.05181
  -0.05236
  -0.01449
   0.06268
  -0.03020
  -0.04116
   0.05954
  -0.00128
  -0.05862
   0.04307
   0.02793
  -0.06297
   0.01696
   0.05088
  -0.05323
  -0.01294
   0.06245
  -0.03158
  -0.03994
   0.06005
  -0.00287
  -0.05801
   0.04422
   0.02649
  -0.06310
   0.01849
   0.04992
  -0.05407
  -0.01138
   0.06218
  -0.03295
  -0.03870
   0.06053
  -0.00445
  -0.05736
   0.04534
   0.02504
  -0.06319
   0.02000
   0.04893
  -0.05488
  -0.00981
   0.06187
  -0.03430
  -0.03743
   0.06097
  -0.00604
  -0.05667
   0.04643
   0.02357
  -0.06324
   0.02150
   0.04791
  -0.05565
  -0.00824
   0.06152
  -0.03562
  -0.03613
   0.06138
  -0.00762
  -0.05595
   0.04750
   0.02209
  -0.06324
   0.02299
   0.04685
  -0.05639
  -0.00666
   0.06114
  -0.03692
  -0.03482
   0.06174
  -0.00919
  -0.05519
   0.04853
   0.02059
  -0.06321
   0.02447
   0.04577
  -0.05709
  -0.00507
   0.06071
  -0.03820
  -0.03348
   0.06207
  -0.01076
  -0.05439
   0.04954
   0.01908
  -0.06314
   0.02592
   0.04466
  -0.05776
  -0.00349
   0.06025
  -0.03946
  -0.03212
   0.06235
  -0.01233
  -0.05357
   0.05051
   0.01756
  -0.06303
   0.02737
   0.04352
  -0.05839
  -0.00190
   0.05974
  -0.04069
  -0.03074
   0.06260
  -0.01388
  -0.05270
   0.05145
   0.01603
  -0.06288
   0.02879
   0.04235
  -0.05898
  -0.00031
   0.05920
  -0.04189
  -0.02934
   0.06281
  -0.01543
  -0.05181
   0.05236
   0.01449
  -0.06268
   0.03020
   0.04116
  -0.05954
   0.00128
   0.05862
  -0.04307
  -0.02793
   0.06297
  -0.01696
  -0.05088
   0.05323
   0.01294
  -0.06245
   0.03158
   0.03994
  -0.06005
   0.00287
   0.05801
  -0.04422
  -0.02649
   0.06310
  -0.01849
  -0.04992
   0.05407
   0.01138
  -0.06218
   0.03295
   0.03870
  -0.06053
   0.00445
   0.05736
  -0.04534
  -0.02504
   0.06319
  -0.02000
  -0.04893
   0.05488
   0.00981
  -0.06187
   0.03430
   0.03743
  -0.06097
   0.00604
   0.05667
  -0.04643
  -0.02357
   0.06324
  -0.02150
  -0.04791
   0.05565
   0.00824
  -0.06152
   0.03562
   0.03613
  -0.06138
   0.00762
   0.05595
  -0.04750
  -0.02209
   0.06324
  -0.02299
  -0.04685
   0.05639
   0.00666
  -0.06114
   0.03692
   0.03482
  -0.06174
   0.00919
   0.05519
  -0.04853
  -0.02059
   0.06321
  -0.02447
  -0.04577
   0.05709
   0.00507
  -0.06071
   0.03820
   0.03348
  -0.06207
   0.01076
   0.05439
  -0.04954
  -0.01908
   0.06314
  -0.02592
  -0.04466
   0.05776
   0.00349
  -0.06025
   0.03946
   0.03212
  -0.06235
   0.01233
   0.05357
  -0.05051
  -0.01756
   0.06303
  -0.02737
  -0.04352
   0.05839
   0.00190
  -0.05974
   0.04069
   0.03074
  -0.06260
   0.01388
   0.05270
  -0.05145
  -0.01603
   0.06288
  -0.02879
  -0.04235
   0.05898
   0.00031
  -0.05920
   0.04189
   0.02934
  -0.06281
   0.01543
   0.05181
  -0.05236
  -0.01449
   0.06268
  -0.03020
  -0.04116
   0.05954
  -0.00128
  -0.05862
   0.04307
   0.02793
  -0.06297
   0.01696
   0.05088
  -0.05323
  -0.01294
   0.06245
  -0.03158
  -0.03994
   0.06005
  -0.00287
  -0.05801
   0.04422
   0.02649
  -0.06310
   0.01849
   0.04992
  -0.05407
  -0.01138
   0.06218
  -0.03295
  -0.03870
   0.06053
  -0.00445
  -0.05736
   0.04534
   0.02504
  -0.06319
   0.02000
   0.04893
  -0.05488
  -0.00981
   0.06187
  -0.03430
  -0.03743
   0.06097
  -0.00604
  -0.05667
   0.04643
   0.02357
  -0.06324
   0.02150
   0.04791
  -0.05565
  -0.00824
   0.06152
  -0.03562
  -0.03613
   0.06138
  -0.00762
  -0.05595
   0.04750
   0.02209
  -0.06324
   0.02299
   0.04685
  -0.05639
  -0.00666
   0.06114
  -0.03692
  -0.03482
   0.06174
  -0.00919
  -0.05519
   0.04853
   0.02059
  -0.06321
   0.02447
   0.04577
  -0.05709
  -0.00507
   0.06071
  -0.03820
  -0.03348
   0.06207
  -0.01076
  -0.05439
   0.04954
   0.01908
  -0.06314
   0.02592
   0.04466
  -0.05776
  -0.00349
   0.06025
  -0.03946
  -0.03212
   0.06235
  -0.01233
  -0.05357
   0.05051
   0.01756
  -0.06303
   0.02737
   0.04352
  -0.05839
  -0.00190
   0.05974
  -0.04069
  -0.03074
   0.06260
  -0.01388
  -0.05270
   0.05145
   0.01603
  -0.06288
   0.02879
   0.04235
  -0.05898
  -0.00031
   0.05920
  -0.04189
  -0.02934
   0.06281
  -0.01543
  -0.05181
   0.05236
   0.01449
  -0.06268
   0.03020
   0.04116
  -0.05954
   0.00128
   0.05862
  -0.04307
  -0.02793
   0.06297
  -0.01696
  -0.05088
   0.05323
   0.01294
  -0.06245
   0.03158
   0.03994
  -0.06005
   0.00287
   0.05801
  -0.04422
  -0.02649
   0.06310
  -0.01849
  -0.04992
   0.05407
   0.01138
  -0.06218
   0.03295
   0.03870
  -0.06053
   0.00445
   0.05736
  -0.04534
  -0.02504
   0.06319
  -0.02000
  -0.04893
   0.05488
   0.00981
  -0.06187
   0.03430
   0.03743
  -0.06097
   0.00604
   0.05667
  -0.04643
  -0.02357
   0.06324
  -0.02150
  -0.04791
   0.05565
   0.00824
  -0.06152
   0.03562
   0.03613
  -0.06138
   0.00762
   0.05595
  -0.04750
  -0.02209
   0.06324
  -0.02299
  -0.04685
   0.05639
   0.00666
  -0.06114
   0.03692
   0.03482
  -0.06174
   0.00919
   0.05519
  -0.04853
  -0.02059
   0.06321
  -0.02447
  -0.04577
   0.05709
   0.00507
  -0.06071
   0.03820
   0.03348
  -0.06207
   0.01076
   0.05439
  -0.04954
  -0.01908
   0.06314
  -0.02592
  -0.04466
   0.05776
   0.00349
  -0.06025
   0.03946
   0.03212
  -0.06235
   0.01233
   0.05357
  -0.05051
  -0.01756
   0.06303
  -0.02737
  -0.04352
   0.05839
   0.00190
