   0.02083
  -0.04786
  -0.05606
   0.00658
   0.06091
   0.03826
  -0.03274
  -0.06236
  -0.01318
   0.05266
   0.05195
  -0.01441
  -0.06256
  -0.03165
   0.03926
   0.06055
   0.00532
  -0.05664
  -0.04702
   0.02202
   0.06323
   0.02454
  -0.04517
  -0.05779
   0.00262
   0.05972
   0.04135
  -0.02928
  -0.06290
  -0.01704
   0.05036
   0.05411
  -0.01052
  -0.06186
  -0.03502
   0.03607
   0.06158
   0.00927
  -0.05476
  -0.04958
   0.01825
   0.06302
   0.02815
  -0.04230
  -0.05929
  -0.00135
   0.05829
   0.04427
  -0.02570
  -0.06319
  -0.02083
   0.04786
   0.05606
  -0.00658
  -0.06091
  -0.03826
   0.03274
   0.06236
   0.01318
  -0.05266
  -0.05195
   0.01441
   0.06256
   0.03165
  -0.03926
  -0.06055
  -0.00532
   0.05664
   0.04702
  -0.02202
  -0.06323
  -0.02454
   0.04517
   0.05779
  -0.00262
  -0.05972
  -0.04135
   0.02928
   0.06290
   0.01704
  -0.05036
  -0.05411
   0.01052
   0.06186
   0.03502
  -0.03607
  -0.06158
  -0.00927
   0.05476
   0.04958
  -0.01825
  -0.06302
  -0.02815
   0.04230
   0.05929
   0.00135
  -0.05829
  -0.04427
   0.02570
   0.06319
   0.02083
  -0.04786
  -0.05606
   0.00658
   0.06091
   0.03826
  -0.03274
  -0.06236
  -0.01318
   0.05266
   0.05195
  -0.01441
  -0.06256
  -0.03165
   0.03926
   0.06055
   0.00532
  -0.05664
  -0.04702
   0.02202
   0.06323
   0.02454
  -0.04517
  -0.05779
   0.00262
   0.05972
   0.04135
  -0.02928
  -0.06290
  -0.01704
   0.05036
   0.05411
  -0.01052
  -0.06186
  -0.03502
   0.03607
   0.06158
   0.00927
  -0.05476
  -0.04958
   0.01825
   0.06302
   0.02815
  -0.04230
  -0.05929
  -0.00135
   0.05829
   0.04427
  -0.02570
  -0.06319
  -0.02083
   0.04786
   0.05606
  -0.00658
  -0.06091
  -0.03826
   0.03274
   0.06236
   0.01318
  -0.05266
  -0.05195
   0.01441
   0.06256
   0.03165
  -0.03926
  -0.06055
  -0.00532
   0.05664
   0.04702
  -0.02202
  -0.06323
  -0.02454
   0.04517
   0.05779
  -0.00262
  -0.05972
  -0.04135
   0.02928
   0.06290
   0.01704
  -0.05036
  -0.05411
   0.01052
   0.06186
   0.03502
  -0.03607
  -0.06158
  -0.00927
   0.05476
   0.04958
  -0.01825
  -0.06302
  -0.02815
   0.04230
   0.05929
   0.00135
  -0.05829
  -0.04427
   0.02570
   0.06319
   0.02083
  -0.04786
  -0.05606
   0.00658
   0.06091
   0.03826
  -0.03274
  -0.06236
  -0.01318
   0.05266
   0.05195
  -0.01441
  -0.06256
  -0.03165
   0.03926
   0.06055
   0.00532
  -0.05664
  -0.04702
   0.02202
   0.06323
   0.02454
  -0.04517
  -0.05779
   0.00262
   0.05972
   0.04135
  -0.02928
  -0.06290
  -0.01704
   0.05036
   0.05411
  -0.01052
  -0.06186
  -0.03502
   0.03607
   0.06158
   0.00927
  -0.05476
  -0.04958
   0.01825
   0.06302
   0.02815
  -0.04230
  -0.05929
  -0.00135
   0.05829
   0.04427
  -0.02570
  -0.06319
  -0.02083
   0.04786
   0.05606
  -0.00658
  -0.06091
  -0.03826
   0.03274
   0.06236
   0.01318
  -0.05266
  -0.05195
   0.01441
   0.06256
   0.03165
  -0.03926
  -0.06055
  -0.00532
   0.05664
   0.04702
  -0.02202
  -0.06323
  -0.02454
   0.04517
   0.05779
  -0.00262
  -0.05972
  -0.04135
   0.02928
   0.06290
   0.01704
  -0.05036
  -0.05411
   0.01052
   0.06186
   0.03502
  -0.03607
  -0.06158
  -0.00927
   0.05476
   0.04958
  -0.01825
  -0.06302
  -0.02815
   0.04230
   0.05929
   0.00135
  -0.05829
  -0.04427
   0.02570
   0.06319
   0.02083
  -0.04786
  -0.05606
   0.00658
   0.06091
   0.03826
  -0.03274
  -0.06236
  -0.01318
   0.05266
   0.05195
  -0.01441
  -0.06256
  -0.03165
   0.03926
   0.06055
   0.00532
  -0.05664
  -0.04702
   0.02202
   0.06323
   0.02454
  -0.04517
  -0.05779
   0.00262
   0.05972
   0.04135
  -0.02928
  -0.06290
  -0.01704
   0.05036
   0.05411
  -0.01052
  -0.06186
  -0.03502
   0.03607
   0.06158
   0.00927
  -0.05476
  -0.04958
   0.01825
   0.06302
   0.02815
  -0.04230
  -0.05929
  -0.00135
   0.05829
   0.04427
  -0.02570
  -0.06319
  -0.02083
   0.04786
   0.05606
  -0.00658
  -0.06091
  -0.03826
   0.03274
   0.06236
   0.01318
  -0.05266
  -0.05195
   0.01441
   0.06256
   0.03165
  -0.03926
  -0.06055
  -0.00532
   0.05664
   0.04702
  -0.02202
  -0.06323
  -0.02454
   0.04517
   0.05779
  -0.00262
  -0.05972
  -0.04135
   0.02928
   0.06290
   0.01704
  -0.05036
  -0.05411
   0.01052
   0.06186
   0.03502
  -0.03607
  -0.06158
  -0.00927
   0.05476
   0.04958
  -0.01825
  -0.06302
  -0.02815
   0.04230
   0.05929
   0.00135
  -0.05829
  -0.04427
   0.02570
   0.06319
   0.02083
  -0.04786
  -0.05606
   0.00658
   0.06091
   0.03826
  -0.03274
  -0.06236
  -0.01318
   0.05266
   0.05195
  -0.01441
  -0.06256
  -0.03165
   0.03926
   0.06055
   0.00532
  -0.05664
  -0.04702
   0.02202
   0.06323
   0.02454
  -0.04517
  -0.05779
   0.00262
   0.05972
   0.04135
  -0.02928
  -0.06290
  -0.01704
   0.05036
   0.05411
  -0.01052
  -0.06186
  -0.03502
   0.03607
   0.06158
   0.00927
  -0.05476
  -0.04958
   0.01825
   0.06302
   0.02815
  -0.04230
  -0.05929
  -0.00135
   0.05829
   0.04427
  -0.02570
  -0.06319
  -0.02083
   0.04786
   0.05606
  -0.00658
  -0.06091
  -0.03826
   0.03274
   0.06236
   0.01318
  -0.05266
  -0.05195
   0.01441
   0.06256
   0.03165
  -0.03926
  -0.06055
  -0.00532
   0.05664
   0.04702
  -0.02202
  -0.06323
  -0.02454
   0.04517
   0.05779
  -0.00262
  -0.05972
  -0.04135
   0.02928
   0.06290
   0.01704
  -0.05036
  -0.05411
   0.01052
   0.06186
   0.03502
  -0.03607
  -0.06158
  -0.00927
   0.05476
   0.04958
  -0.01825
  -0.06302
  -0.02815
   0.04230
   0.05929
   0.00135
  -0.05829
  -0.04427
   0.02570
   0.06319
