   0.02411
   0.04451
   0.05824
   0.06324
   0.05877
   0.04549
   0.02540
   0.00150
  -0.02263
  -0.04336
  -0.05760
  -0.06320
  -0.05934
  -0.04658
  -0.02684
  -0.00308
   0.02114
   0.04219
   0.05692
   0.06313
   0.05987
   0.04764
   0.02827
   0.00467
  -0.01963
  -0.04099
  -0.05621
  -0.06301
  -0.06036
  -0.04867
  -0.02969
  -0.00625
   0.01812
   0.03977
   0.05547
   0.06285
   0.06082
   0.04967
   0.03108
   0.00783
  -0.01659
  -0.03852
  -0.05469
  -0.06266
  -0.06124
  -0.05064
  -0.03246
  -0.00941
   0.01505
   0.03725
   0.05387
   0.06242
   0.06161
   0.05158
   0.03381
   0.01098
  -0.01350
  -0.03595
  -0.05302
  -0.06214
  -0.06195
  -0.05248
  -0.03514
  -0.01254
   0.01194
   0.03464
   0.05214
   0.06183
   0.06225
   0.05335
   0.03645
   0.01409
  -0.01038
  -0.03329
  -0.05122
  -0.06147
  -0.06251
  -0.05419
  -0.03774
  -0.01564
   0.00881
   0.03193
   0.05027
   0.06108
   0.06274
   0.05499
   0.03900
   0.01717
  -0.00723
  -0.03055
  -0.04929
  -0.06065
  -0.06292
  -0.05576
  -0.04024
  -0.01870
   0.00565
   0.02915
   0.04828
   0.06018
   0.06306
   0.05649
   0.04146
   0.02021
  -0.00406
  -0.02773
  -0.04724
  -0.05967
  -0.06316
  -0.05719
  -0.04264
  -0.02171
   0.00248
   0.02629
   0.04617
   0.05913
   0.06322
   0.05785
   0.04380
   0.02320
  -0.00089
  -0.02484
  -0.04507
  -0.05854
  -0.06325
  -0.05847
  -0.04494
  -0.02467
  -0.00070
   0.02337
   0.04394
   0.05792
   0.06323
   0.05906
   0.04604
   0.02612
   0.00229
  -0.02188
  -0.04278
  -0.05727
  -0.06317
  -0.05961
  -0.04712
  -0.02756
  -0.00388
   0.02039
   0.04160
   0.05657
   0.06307
   0.06012
   0.04816
   0.02898
   0.00546
  -0.01888
  -0.04039
  -0.05584
  -0.06294
  -0.06060
  -0.04918
  -0.03039
  -0.00704
   0.01735
   0.03915
   0.05508
   0.06276
   0.06103
   0.05016
   0.03177
   0.00862
  -0.01582
  -0.03789
  -0.05428
  -0.06254
  -0.06143
  -0.05111
  -0.03314
  -0.01019
   0.01428
   0.03661
   0.05345
   0.06229
   0.06179
   0.05203
   0.03448
   0.01176
  -0.01272
  -0.03530
  -0.05258
  -0.06199
  -0.06211
  -0.05292
  -0.03580
  -0.01332
   0.01116
   0.03397
   0.05168
   0.06166
   0.06239
   0.05377
   0.03710
   0.01487
  -0.00959
  -0.03262
  -0.05075
  -0.06128
  -0.06263
  -0.05459
  -0.03837
  -0.01641
   0.00802
   0.03124
   0.04979
   0.06087
   0.06283
   0.05538
   0.03963
   0.01794
  -0.00644
  -0.02985
  -0.04879
  -0.06042
  -0.06299
  -0.05613
  -0.04085
  -0.01946
   0.00486
   0.02844
   0.04776
   0.05993
   0.06311
   0.05684
   0.04205
   0.02096
  -0.00327
  -0.02701
  -0.04671
  -0.05940
  -0.06320
  -0.05752
  -0.04323
  -0.02245
   0.00168
   0.02557
   0.04562
   0.05884
   0.06324
   0.05816
   0.04437
   0.02393
  -0.00009
  -0.02411
  -0.04451
  -0.05824
  -0.06324
  -0.05877
  -0.04549
  -0.02540
  -0.00150
   0.02263
   0.04336
   0.05760
   0.06320
   0.05934
   0.04658
   0.02684
   0.00308
  -0.02114
  -0.04219
  -0.05692
  -0.06313
  -0.05987
  -0.04764
  -0.02827
  -0.00467
   0.01963
   0.04099
   0.05621
   0.06301
   0.06036
   0.04867
   0.02969
   0.00625
  -0.01812
  -0.03977
  -0.05547
  -0.06285
  -0.06082
  -0.04967
  -0.03108
  -0.00783
   0.01659
   0.03852
   0.05469
   0.06266
   0.06124
   0.05064
   0.03246
   0.00941
  -0.01505
  -0.03725
  -0.05387
  -0.06242
  -0.06161
  -0.05158
  -0.03381
  -0.01098
   0.01350
   0.03595
   0.05302
   0.06214
   0.06195
   0.05248
   0.03514
   0.01254
  -0.01194
  -0.03464
  -0.05214
  -0.06183
  -0.06225
  -0.05335
  -0.03645
  -0.01409
   0.01038
   0.03329
   0.05122
   0.06147
   0.06251
   0.05419
   0.03774
   0.01564
  -0.00881
  -0.03193
  -0.05027
  -0.06108
  -0.06274
  -0.05499
  -0.03900
  -0.01717
   0.00723
   0.03055
   0.04929
   0.06065
   0.06292
   0.05576
   0.04024
   0.01870
  -0.00565
  -0.02915
  -0.04828
  -0.06018
  -0.06306
  -0.05649
  -0.04146
  -0.02021
   0.00406
   0.02773
   0.04724
   0.05967
   0.06316
   0.05719
   0.04264
   0.02171
  -0.00248
  -0.02629
  -0.04617
  -0.05913
  -0.06322
  -0.05785
  -0.04380
  -0.02320
   0.00089
   0.02484
   0.04507
   0.05854
   0.06325
   0.05847
   0.04494
   0.02467
   0.00070
  -0.02337
  -0.04394
  -0.05792
  -0.06323
  -0.05906
  -0.04604
  -0.02612
  -0.00229
   0.02188
   0.04278
   0.05727
   0.06317
   0.05961
   0.04712
   0.02756
   0.00388
  -0.02039
  -0.04160
  -0.05657
  -0.06307
  -0.06012
  -0.04816
  -0.02898
  -0.00546
   0.01888
   0.04039
   0.05584
   0.06294
   0.06060
   0.04918
   0.03039
   0.00704
  -0.01735
  -0.03915
  -0.05508
  -0.06276
  -0.06103
  -0.05016
  -0.03177
  -0.00862
   0.01582
   0.03789
   0.05428
   0.06254
   0.06143
   0.05111
   0.03314
   0.01019
  -0.01428
  -0.03661
  -0.05345
  -0.06229
  -0.06179
  -0.05203
  -0.03448
  -0.01176
   0.01272
   0.03530
   0.05258
   0.06199
   0.06211
   0.05292
   0.03580
   0.01332
  -0.01116
  -0.03397
  -0.05168
  -0.06166
  -0.06239
  -0.05377
  -0.03710
  -0.01487
   0.00959
   0.03262
   0.05075
   0.06128
   0.06263
   0.05459
   0.03837
   0.01641
  -0.00802
  -0.03124
  -0.04979
  -0.06087
  -0.06283
  -0.05538
  -0.03963
  -0.01794
   0.00644
   0.02985
   0.04879
   0.06042
   0.06299
   0.05613
   0.04085
   0.01946
  -0.00486
  -0.02844
  -0.04776
  -0.05993
  -0.06311
  -0.05684
  -0.04205
  -0.02096
   0.00327
   0.02701
   0.04671
   0.05940
   0.06320
   0.05752
   0.04323
   0.02245
  -0.00168
  -0.02557
  -0.04562
  -0.05884
  -0.06324
  -0.05816
  -0.04437
  -0.02393
   0.00009
