   0.04424
  -0.00188
  -0.04684
  -0.06310
  -0.04070
   0.00663
   0.04991
   0.06260
   0.03694
  -0.01135
  -0.05269
  -0.06175
  -0.03297
   0.01601
   0.05518
   0.06054
   0.02881
  -0.02057
  -0.05735
  -0.05899
  -0.02449
   0.02502
   0.05919
   0.05710
   0.02003
  -0.02932
  -0.06070
  -0.05489
  -0.01545
   0.03346
   0.06187
   0.05237
   0.01079
  -0.03741
  -0.06268
  -0.04955
  -0.00606
   0.04114
   0.06314
   0.04645
   0.00130
  -0.04464
  -0.06324
  -0.04309
   0.00346
   0.04789
   0.06298
   0.03948
  -0.00821
  -0.05087
  -0.06236
  -0.03564
   0.01291
   0.05355
   0.06138
   0.03160
  -0.01754
  -0.05594
  -0.06006
  -0.02739
   0.02207
   0.05800
   0.05840
   0.02302
  -0.02647
  -0.05973
  -0.05640
  -0.01851
   0.03072
   0.06113
   0.05409
   0.01391
  -0.03480
  -0.06218
  -0.05146
  -0.00922
   0.03868
   0.06287
   0.04855
   0.00448
  -0.04234
  -0.06321
  -0.04536
   0.00029
   0.04575
   0.06319
   0.04191
  -0.00505
  -0.04891
  -0.06281
  -0.03822
   0.00978
   0.05179
   0.06207
   0.03432
  -0.01446
  -0.05438
  -0.06098
  -0.03022
   0.01906
   0.05666
   0.05954
   0.02595
  -0.02355
  -0.05862
  -0.05777
  -0.02153
   0.02790
   0.06024
   0.05567
   0.01699
  -0.03210
  -0.06152
  -0.05325
  -0.01235
   0.03611
   0.06245
   0.05052
   0.00764
  -0.03992
  -0.06303
  -0.04751
  -0.00289
   0.04350
   0.06324
   0.04424
  -0.00188
  -0.04684
  -0.06310
  -0.04070
   0.00663
   0.04991
   0.06260
   0.03694
  -0.01135
  -0.05269
  -0.06175
  -0.03297
   0.01601
   0.05518
   0.06054
   0.02881
  -0.02057
  -0.05735
  -0.05899
  -0.02449
   0.02502
   0.05919
   0.05710
   0.02003
  -0.02932
  -0.06070
  -0.05489
  -0.01545
   0.03346
   0.06187
   0.05237
   0.01079
  -0.03741
  -0.06268
  -0.04955
  -0.00606
   0.04114
   0.06314
   0.04645
   0.00130
  -0.04464
  -0.06324
  -0.04309
   0.00346
   0.04789
   0.06298
   0.03948
  -0.00821
  -0.05087
  -0.06236
  -0.03564
   0.01291
   0.05355
   0.06138
   0.03160
  -0.01754
  -0.05594
  -0.06006
  -0.02739
   0.02207
   0.05800
   0.05840
   0.02302
  -0.02647
  -0.05973
  -0.05640
  -0.01851
   0.03072
   0.06113
   0.05409
   0.01391
  -0.03480
  -0.06218
  -0.05146
  -0.00922
   0.03868
   0.06287
   0.04855
   0.00448
  -0.04234
  -0.06321
  -0.04536
   0.00029
   0.04575
   0.06319
   0.04191
  -0.00505
  -0.04891
  -0.06281
  -0.03822
   0.00978
   0.05179
   0.06207
   0.03432
  -0.01446
  -0.05438
  -0.06098
  -0.03022
   0.01906
   0.05666
   0.05954
   0.02595
  -0.02355
  -0.05862
  -0.05777
  -0.02153
   0.02790
   0.06024
   0.05567
   0.01699
  -0.03210
  -0.06152
  -0.05325
  -0.01235
   0.03611
   0.06245
   0.05052
   0.00764
  -0.03992
  -0.06303
  -0.04751
  -0.00289
   0.04350
   0.06324
   0.04424
  -0.00188
  -0.04684
  -0.06310
  -0.04070
   0.00663
   0.04991
   0.06260
   0.03694
  -0.01135
  -0.05269
  -0.06175
  -0.03297
   0.01601
   0.05518
   0.06054
   0.02881
  -0.02057
  -0.05735
  -0.05899
  -0.02449
   0.02502
   0.05919
   0.05710
   0.02003
  -0.02932
  -0.06070
  -0.05489
  -0.01545
   0.03346
   0.06187
   0.05237
   0.01079
  -0.03741
  -0.06268
  -0.04955
  -0.00606
   0.04114
   0.06314
   0.04645
   0.00130
  -0.04464
  -0.06324
  -0.04309
   0.00346
   0.04789
   0.06298
   0.03948
  -0.00821
  -0.05087
  -0.06236
  -0.03564
   0.01291
   0.05355
   0.06138
   0.03160
  -0.01754
  -0.05594
  -0.06006
  -0.02739
   0.02207
   0.05800
   0.05840
   0.02302
  -0.02647
  -0.05973
  -0.05640
  -0.01851
   0.03072
   0.06113
   0.05409
   0.01391
  -0.03480
  -0.06218
  -0.05146
  -0.00922
   0.03868
   0.06287
   0.04855
   0.00448
  -0.04234
  -0.06321
  -0.04536
   0.00029
   0.04575
   0.06319
   0.04191
  -0.00505
  -0.04891
  -0.06281
  -0.03822
   0.00978
   0.05179
   0.06207
   0.03432
  -0.01446
  -0.05438
  -0.06098
  -0.03022
   0.01906
   0.05666
   0.05954
   0.02595
  -0.02355
  -0.05862
  -0.05777
  -0.02153
   0.02790
   0.06024
   0.05567
   0.01699
  -0.03210
  -0.06152
  -0.05325
  -0.01235
   0.03611
   0.06245
   0.05052
   0.00764
  -0.03992
  -0.06303
  -0.04751
  -0.00289
   0.04350
   0.06324
   0.04424
  -0.00188
  -0.04684
  -0.06310
  -0.04070
   0.00663
   0.04991
   0.06260
   0.03694
  -0.01135
  -0.05269
  -0.06175
  -0.03297
   0.01601
   0.05518
   0.06054
   0.02881
  -0.02057
  -0.05735
  -0.05899
  -0.02449
   0.02502
   0.05919
   0.05710
   0.02003
  -0.02932
  -0.06070
  -0.05489
  -0.01545
   0.03346
   0.06187
   0.05237
   0.01079
  -0.03741
  -0.06268
  -0.04955
  -0.00606
   0.04114
   0.06314
   0.04645
   0.00130
  -0.04464
  -0.06324
  -0.04309
   0.00346
   0.04789
   0.06298
   0.03948
  -0.00821
  -0.05087
  -0.06236
  -0.03564
   0.01291
   0.05355
   0.06138
   0.03160
  -0.01754
  -0.05594
  -0.06006
  -0.02739
   0.02207
   0.05800
   0.05840
   0.02302
  -0.02647
  -0.05973
  -0.05640
  -0.01851
   0.03072
   0.06113
   0.05409
   0.01391
  -0.03480
  -0.06218
  -0.05146
  -0.00922
   0.03868
   0.06287
   0.04855
   0.00448
  -0.04234
  -0.06321
  -0.04536
   0.00029
   0.04575
   0.06319
   0.04191
  -0.00505
  -0.04891
  -0.06281
  -0.03822
   0.00978
   0.05179
   0.06207
   0.03432
  -0.01446
  -0.05438
  -0.06098
  -0.03022
   0.01906
   0.05666
   0.05954
   0.02595
  -0.02355
  -0.05862
  -0.05777
  -0.02153
   0.02790
   0.06024
   0.05567
   0.01699
  -0.03210
  -0.06152
  -0.05325
  -0.01235
   0.03611
   0.06245
   0.05052
   0.00764
  -0.03992
  -0.06303
  -0.04751
  -0.00289
   0.04350
   0.06324
