  -0.03622
  -0.03149
   0.06304
  -0.02219
  -0.04414
   0.05978
  -0.00676
  -0.05402
   0.05276
   0.00909
  -0.06050
   0.04243
   0.02437
  -0.06318
   0.02943
   0.03812
  -0.06189
   0.01459
   0.04947
  -0.05672
  -0.00117
   0.05772
  -0.04797
  -0.01686
   0.06233
  -0.03622
  -0.03149
   0.06304
  -0.02219
  -0.04414
   0.05978
  -0.00676
  -0.05402
   0.05276
   0.00909
  -0.06050
   0.04243
   0.02437
  -0.06318
   0.02943
   0.03812
  -0.06189
   0.01459
   0.04947
  -0.05672
  -0.00117
   0.05772
  -0.04797
  -0.01686
   0.06233
  -0.03622
  -0.03149
   0.06304
  -0.02219
  -0.04414
   0.05978
  -0.00676
  -0.05402
   0.05276
   0.00909
  -0.06050
   0.04243
   0.02437
  -0.06318
   0.02943
   0.03812
  -0.06189
   0.01459
   0.04947
  -0.05672
  -0.00117
   0.05772
  -0.04797
  -0.01686
   0.06233
  -0.03622
  -0.03149
   0.06304
  -0.02219
  -0.04414
   0.05978
  -0.00676
  -0.05402
   0.05276
   0.00909
  -0.06050
   0.04243
   0.02437
  -0.06318
   0.02943
   0.03812
  -0.06189
   0.01459
   0.04947
  -0.05672
  -0.00117
   0.05772
  -0.04797
  -0.01686
   0.06233
  -0.03622
  -0.03149
   0.06304
  -0.02219
  -0.04414
   0.05978
  -0.00676
  -0.05402
   0.05276
   0.00909
  -0.06050
   0.04243
   0.02437
  -0.06318
   0.02943
   0.03812
  -0.06189
   0.01459
   0.04947
  -0.05672
  -0.00117
   0.05772
  -0.04797
  -0.01686
   0.06233
  -0.03622
  -0.03149
   0.06304
  -0.02219
  -0.04414
   0.05978
  -0.00676
  -0.05402
   0.05276
   0.00909
  -0.06050
   0.04243
   0.02437
  -0.06318
   0.02943
   0.03812
  -0.06189
   0.01459
   0.04947
  -0.05672
  -0.00117
   0.05772
  -0.04797
  -0.01686
   0.06233
  -0.03622
  -0.03149
   0.06304
  -0.02219
  -0.04414
   0.05978
  -0.00676
  -0.05402
   0.05276
   0.00909
  -0.06050
   0.04243
   0.02437
  -0.06318
   0.02943
   0.03812
  -0.06189
   0.01459
   0.04947
  -0.05672
  -0.00117
   0.05772
  -0.04797
  -0.01686
   0.06233
  -0.03622
  -0.03149
   0.06304
  -0.02219
  -0.04414
   0.05978
  -0.00676
  -0.05402
   0.05276
   0.00909
  -0.06050
   0.04243
   0.02437
  -0.06318
   0.02943
   0.03812
  -0.06189
   0.01459
   0.04947
  -0.05672
  -0.00117
   0.05772
  -0.04797
  -0.01686
   0.06233
  -0.03622
  -0.03149
   0.06304
  -0.02219
  -0.04414
   0.05978
  -0.00676
  -0.05402
   0.05276
   0.00909
  -0.06050
   0.04243
   0.02437
  -0.06318
   0.02943
   0.03812
  -0.06189
   0.01459
   0.04947
  -0.05672
  -0.00117
   0.05772
  -0.04797
  -0.01686
   0.06233
  -0.03622
  -0.03149
   0.06304
  -0.02219
  -0.04414
   0.05978
  -0.00676
  -0.05402
   0.05276
   0.00909
  -0.06050
   0.04243
   0.02437
  -0.06318
   0.02943
   0.03812
  -0.06189
   0.01459
   0.04947
  -0.05672
  -0.00117
   0.05772
  -0.04797
  -0.01686
   0.06233
  -0.03622
  -0.03149
   0.06304
  -0.02219
  -0.04414
   0.05978
  -0.00676
  -0.05402
   0.05276
   0.00909
  -0.06050
   0.04243
   0.02437
  -0.06318
   0.02943
   0.03812
  -0.06189
   0.01459
   0.04947
  -0.05672
  -0.00117
   0.05772
  -0.04797
  -0.01686
   0.06233
  -0.03622
  -0.03149
   0.06304
  -0.02219
  -0.04414
   0.05978
  -0.00676
  -0.05402
   0.05276
   0.00909
  -0.06050
   0.04243
   0.02437
  -0.06318
   0.02943
   0.03812
  -0.06189
   0.01459
   0.04947
  -0.05672
  -0.00117
   0.05772
  -0.04797
  -0.01686
   0.06233
  -0.03622
  -0.03149
   0.06304
  -0.02219
  -0.04414
   0.05978
  -0.00676
  -0.05402
   0.05276
   0.00909
  -0.06050
   0.04243
   0.02437
  -0.06318
   0.02943
   0.03812
  -0.06189
   0.01459
   0.04947
  -0.05672
  -0.00117
   0.05772
  -0.04797
  -0.01686
   0.06233
  -0.03622
  -0.03149
   0.06304
  -0.02219
  -0.04414
   0.05978
  -0.00676
  -0.05402
   0.05276
   0.00909
  -0.06050
   0.04243
   0.02437
  -0.06318
   0.02943
   0.03812
  -0.06189
   0.01459
   0.04947
  -0.05672
  -0.00117
   0.05772
  -0.04797
  -0.01686
   0.06233
  -0.03622
  -0.03149
   0.06304
  -0.02219
  -0.04414
   0.05978
  -0.00676
  -0.05402
   0.05276
   0.00909
  -0.06050
   0.04243
   0.02437
  -0.06318
   0.02943
   0.03812
  -0.06189
   0.01459
   0.04947
  -0.05672
  -0.00117
   0.05772
  -0.04797
  -0.01686
   0.06233
  -0.03622
  -0.03149
   0.06304
  -0.02219
  -0.04414
   0.05978
  -0.00676
  -0.05402
   0.05276
   0.00909
  -0.06050
   0.04243
   0.02437
  -0.06318
   0.02943
   0.03812
  -0.06189
   0.01459
   0.04947
  -0.05672
  -0.00117
   0.05772
  -0.04797
  -0.01686
   0.06233
  -0.03622
  -0.03149
   0.06304
  -0.02219
  -0.04414
   0.05978
  -0.00676
  -0.05402
   0.05276
   0.00909
  -0.06050
   0.04243
   0.02437
  -0.06318
   0.02943
   0.03812
  -0.06189
   0.01459
   0.04947
  -0.05672
  -0.00117
   0.05772
  -0.04797
  -0.01686
   0.06233
  -0.03622
  -0.03149
   0.06304
  -0.02219
  -0.04414
   0.05978
  -0.00676
  -0.05402
   0.05276
   0.00909
  -0.06050
   0.04243
   0.02437
  -0.06318
   0.02943
   0.03812
  -0.06189
   0.01459
   0.04947
  -0.05672
  -0.00117
   0.05772
  -0.04797
  -0.01686
   0.06233
  -0.03622
  -0.03149
   0.06304
  -0.02219
  -0.04414
   0.05978
  -0.00676
  -0.05402
   0.05276
   0.00909
  -0.06050
   0.04243
   0.02437
  -0.06318
   0.02943
   0.03812
  -0.06189
   0.01459
   0.04947
  -0.05672
  -0.00117
   0.05772
  -0.04797
  -0.01686
   0.06233
  -0.03622
  -0.03149
   0.06304
  -0.02219
  -0.04414
   0.05978
  -0.00676
  -0.05402
   0.05276
   0.00909
  -0.06050
   0.04243
   0.02437
  -0.06318
   0.02943
   0.03812
  -0.06189
   0.01459
   0.04947
  -0.05672
  -0.00117
   0.05772
  -0.04797
  -0.01686
   0.06233
