  -0.03841
  -0.00323
   0.04333
  -0.06285
   0.05250
  -0.01721
  -0.02625
   0.05725
  -0.06104
   0.03584
   0.00640
  -0.04559
   0.06312
  -0.05067
   0.01413
   0.02911
  -0.05853
   0.06013
  -0.03317
  -0.00955
   0.04774
  -0.06324
   0.04870
  -0.01102
  -0.03190
   0.05966
  -0.05907
   0.03042
   0.01268
  -0.04976
   0.06320
  -0.04661
   0.00788
   0.03460
  -0.06064
   0.05786
  -0.02760
  -0.01578
   0.05166
  -0.06300
   0.04440
  -0.00471
  -0.03722
   0.06146
  -0.05651
   0.02471
   0.01883
  -0.05343
   0.06264
  -0.04208
   0.00154
   0.03974
  -0.06213
   0.05501
  -0.02175
  -0.02184
   0.05506
  -0.06212
   0.03966
   0.00164
  -0.04216
   0.06265
  -0.05337
   0.01874
   0.02480
  -0.05655
   0.06144
  -0.03713
  -0.00481
   0.04448
  -0.06301
   0.05160
  -0.01568
  -0.02769
   0.05791
  -0.06061
   0.03451
   0.00798
  -0.04668
   0.06320
  -0.04970
   0.01258
   0.03051
  -0.05911
   0.05962
  -0.03181
  -0.01112
   0.04876
  -0.06324
   0.04767
  -0.00945
  -0.03326
   0.06017
  -0.05849
   0.02902
   0.01423
  -0.05073
   0.06312
  -0.04552
   0.00630
   0.03592
  -0.06107
   0.05720
  -0.02616
  -0.01731
   0.05256
  -0.06284
   0.04326
  -0.00313
  -0.03849
   0.06182
  -0.05578
   0.02324
   0.02035
  -0.05426
   0.06240
  -0.04088
  -0.00005
   0.04096
  -0.06241
   0.05421
  -0.02025
  -0.02333
   0.05582
  -0.06180
   0.03841
   0.00323
  -0.04333
   0.06285
  -0.05250
   0.01721
   0.02625
  -0.05725
   0.06104
  -0.03584
  -0.00640
   0.04559
  -0.06312
   0.05067
  -0.01413
  -0.02911
   0.05853
  -0.06013
   0.03317
   0.00955
  -0.04774
   0.06324
  -0.04870
   0.01102
   0.03190
  -0.05966
   0.05907
  -0.03042
  -0.01268
   0.04976
  -0.06320
   0.04661
  -0.00788
  -0.03460
   0.06064
  -0.05786
   0.02760
   0.01578
  -0.05166
   0.06300
  -0.04440
   0.00471
   0.03722
  -0.06146
   0.05651
  -0.02471
  -0.01883
   0.05343
  -0.06264
   0.04208
  -0.00154
  -0.03974
   0.06213
  -0.05501
   0.02175
   0.02184
  -0.05506
   0.06212
  -0.03966
  -0.00164
   0.04216
  -0.06265
   0.05337
  -0.01874
  -0.02480
   0.05655
  -0.06144
   0.03713
   0.00481
  -0.04448
   0.06301
  -0.05160
   0.01568
   0.02769
  -0.05791
   0.06061
  -0.03451
  -0.00798
   0.04668
  -0.06320
   0.04970
  -0.01258
  -0.03051
   0.05911
  -0.05962
   0.03181
   0.01112
  -0.04876
   0.06324
  -0.04767
   0.00945
   0.03326
  -0.06017
   0.05849
  -0.02902
  -0.01423
   0.05073
  -0.06312
   0.04552
  -0.00630
  -0.03592
   0.06107
  -0.05720
   0.02616
   0.01731
  -0.05256
   0.06284
  -0.04326
   0.00313
   0.03849
  -0.06182
   0.05578
  -0.02324
  -0.02035
   0.05426
  -0.06240
   0.04088
   0.00005
  -0.04096
   0.06241
  -0.05421
   0.02025
   0.02333
  -0.05582
   0.06180
  -0.03841
  -0.00323
   0.04333
  -0.06285
   0.05250
  -0.01721
  -0.02625
   0.05725
  -0.06104
   0.03584
   0.00640
  -0.04559
   0.06312
  -0.05067
   0.01413
   0.02911
  -0.05853
   0.06013
  -0.03317
  -0.00955
   0.04774
  -0.06324
   0.04870
  -0.01102
  -0.03190
   0.05966
  -0.05907
   0.03042
   0.01268
  -0.04976
   0.06320
  -0.04661
   0.00788
   0.03460
  -0.06064
   0.05786
  -0.02760
  -0.01578
   0.05166
  -0.06300
   0.04440
  -0.00471
  -0.03722
   0.06146
  -0.05651
   0.02471
   0.01883
  -0.05343
   0.06264
  -0.04208
   0.00154
   0.03974
  -0.06213
   0.05501
  -0.02175
  -0.02184
   0.05506
  -0.06212
   0.03966
   0.00164
  -0.04216
   0.06265
  -0.05337
   0.01874
   0.02480
  -0.05655
   0.06144
  -0.03713
  -0.00481
   0.04448
  -0.06301
   0.05160
  -0.01568
  -0.02769
   0.05791
  -0.06061
   0.03451
   0.00798
  -0.04668
   0.06320
  -0.04970
   0.01258
   0.03051
  -0.05911
   0.05962
  -0.03181
  -0.01112
   0.04876
  -0.06324
   0.04767
  -0.00945
  -0.03326
   0.06017
  -0.05849
   0.02902
   0.01423
  -0.05073
   0.06312
  -0.04552
   0.00630
   0.03592
  -0.06107
   0.05720
  -0.02616
  -0.01731
   0.05256
  -0.06284
   0.04326
  -0.00313
  -0.03849
   0.06182
  -0.05578
   0.02324
   0.02035
  -0.05426
   0.06240
  -0.04088
  -0.00005
   0.04096
  -0.06241
   0.05421
  -0.02025
  -0.02333
   0.05582
  -0.06180
   0.03841
   0.00323
  -0.04333
   0.06285
  -0.05250
   0.01721
   0.02625
  -0.05725
   0.06104
  -0.03584
  -0.00640
   0.04559
  -0.06312
   0.05067
  -0.01413
  -0.02911
   0.05853
  -0.06013
   0.03317
   0.00955
  -0.04774
   0.06324
  -0.04870
   0.01102
   0.03190
  -0.05966
   0.05907
  -0.03042
  -0.01268
   0.04976
  -0.06320
   0.04661
  -0.00788
  -0.03460
   0.06064
  -0.05786
   0.02760
   0.01578
  -0.05166
   0.06300
  -0.04440
   0.00471
   0.03722
  -0.06146
   0.05651
  -0.02471
  -0.01883
   0.05343
  -0.06264
   0.04208
  -0.00154
  -0.03974
   0.06213
  -0.05501
   0.02175
   0.02184
  -0.05506
   0.06212
  -0.03966
  -0.00164
   0.04216
  -0.06265
   0.05337
  -0.01874
  -0.02480
   0.05655
  -0.06144
   0.03713
   0.00481
  -0.04448
   0.06301
  -0.05160
   0.01568
   0.02769
  -0.05791
   0.06061
  -0.03451
  -0.00798
   0.04668
  -0.06320
   0.04970
  -0.01258
  -0.03051
   0.05911
  -0.05962
   0.03181
   0.01112
  -0.04876
   0.06324
  -0.04767
   0.00945
   0.03326
  -0.06017
   0.05849
  -0.02902
  -0.01423
   0.05073
  -0.06312
   0.04552
  -0.00630
  -0.03592
   0.06107
  -0.05720
   0.02616
   0.01731
  -0.05256
   0.06284
  -0.04326
   0.00313
   0.03849
  -0.06182
   0.05578
  -0.02324
  -0.02035
   0.05426
  -0.06240
   0.04088
   0.00005
  -0.04096
   0.06241
  -0.05421
   0.02025
   0.02333
  -0.05582
   0.06180
