   0.05623
   0.05109
  -0.01042
  -0.06043
  -0.04377
   0.02118
   0.06276
   0.03511
  -0.03128
  -0.06316
  -0.02536
   0.04042
   0.06160
   0.01482
  -0.04831
  -0.05815
  -0.00383
   0.05471
   0.05289
  -0.00727
  -0.05942
  -0.04601
   0.01816
   0.06229
   0.03770
  -0.02848
  -0.06325
  -0.02824
   0.03793
   0.06225
   0.01789
  -0.04620
  -0.05932
  -0.00700
   0.05304
   0.05457
  -0.00411
  -0.05825
  -0.04813
   0.01509
   0.06167
   0.04021
  -0.02561
  -0.06317
  -0.03104
   0.03533
   0.06273
   0.02092
  -0.04397
  -0.06035
  -0.01015
   0.05125
   0.05611
  -0.00093
  -0.05694
  -0.05013
   0.01199
   0.06088
   0.04261
  -0.02267
  -0.06294
  -0.03377
   0.03265
   0.06306
   0.02389
  -0.04163
  -0.06122
  -0.01327
   0.04932
   0.05750
   0.00225
  -0.05549
  -0.05201
   0.00885
   0.05994
   0.04490
  -0.01967
  -0.06255
  -0.03642
   0.02989
   0.06322
   0.02680
  -0.03918
  -0.06194
  -0.01636
   0.04727
   0.05875
   0.00542
  -0.05389
  -0.05375
   0.00569
   0.05885
   0.04709
  -0.01663
  -0.06200
  -0.03897
   0.02705
   0.06323
   0.02965
  -0.03664
  -0.06251
  -0.01941
   0.04510
   0.05986
   0.00858
  -0.05216
  -0.05536
   0.00252
   0.05762
   0.04915
  -0.01354
  -0.06129
  -0.04142
   0.02415
   0.06308
   0.03242
  -0.03400
  -0.06291
  -0.02241
   0.04281
   0.06081
   0.01172
  -0.05030
  -0.05682
  -0.00066
   0.05623
   0.05109
  -0.01042
  -0.06043
  -0.04377
   0.02118
   0.06276
   0.03511
  -0.03128
  -0.06316
  -0.02536
   0.04042
   0.06160
   0.01482
  -0.04831
  -0.05815
  -0.00383
   0.05471
   0.05289
  -0.00727
  -0.05942
  -0.04601
   0.01816
   0.06229
   0.03770
  -0.02848
  -0.06325
  -0.02824
   0.03793
   0.06225
   0.01789
  -0.04620
  -0.05932
  -0.00700
   0.05304
   0.05457
  -0.00411
  -0.05825
  -0.04813
   0.01509
   0.06167
   0.04021
  -0.02561
  -0.06317
  -0.03104
   0.03533
   0.06273
   0.02092
  -0.04397
  -0.06035
  -0.01015
   0.05125
   0.05611
  -0.00093
  -0.05694
  -0.05013
   0.01199
   0.06088
   0.04261
  -0.02267
  -0.06294
  -0.03377
   0.03265
   0.06306
   0.02389
  -0.04163
  -0.06122
  -0.01327
   0.04932
   0.05750
   0.00225
  -0.05549
  -0.05201
   0.00885
   0.05994
   0.04490
  -0.01967
  -0.06255
  -0.03642
   0.02989
   0.06322
   0.02680
  -0.03918
  -0.06194
  -0.01636
   0.04727
   0.05875
   0.00542
  -0.05389
  -0.05375
   0.00569
   0.05885
   0.04709
  -0.01663
  -0.06200
  -0.03897
   0.02705
   0.06323
   0.02965
  -0.03664
  -0.06251
  -0.01941
   0.04510
   0.05986
   0.00858
  -0.05216
  -0.05536
   0.00252
   0.05762
   0.04915
  -0.01354
  -0.06129
  -0.04142
   0.02415
   0.06308
   0.03242
  -0.03400
  -0.06291
  -0.02241
   0.04281
   0.06081
   0.01172
  -0.05030
  -0.05682
  -0.00066
   0.05623
   0.05109
  -0.01042
  -0.06043
  -0.04377
   0.02118
   0.06276
   0.03511
  -0.03128
  -0.06316
  -0.02536
   0.04042
   0.06160
   0.01482
  -0.04831
  -0.05815
  -0.00383
   0.05471
   0.05289
  -0.00727
  -0.05942
  -0.04601
   0.01816
   0.06229
   0.03770
  -0.02848
  -0.06325
  -0.02824
   0.03793
   0.06225
   0.01789
  -0.04620
  -0.05932
  -0.00700
   0.05304
   0.05457
  -0.00411
  -0.05825
  -0.04813
   0.01509
   0.06167
   0.04021
  -0.02561
  -0.06317
  -0.03104
   0.03533
   0.06273
   0.02092
  -0.04397
  -0.06035
  -0.01015
   0.05125
   0.05611
  -0.00093
  -0.05694
  -0.05013
   0.01199
   0.06088
   0.04261
  -0.02267
  -0.06294
  -0.03377
   0.03265
   0.06306
   0.02389
  -0.04163
  -0.06122
  -0.01327
   0.04932
   0.05750
   0.00225
  -0.05549
  -0.05201
   0.00885
   0.05994
   0.04490
  -0.01967
  -0.06255
  -0.03642
   0.02989
   0.06322
   0.02680
  -0.03918
  -0.06194
  -0.01636
   0.04727
   0.05875
   0.00542
  -0.05389
  -0.05375
   0.00569
   0.05885
   0.04709
  -0.01663
  -0.06200
  -0.03897
   0.02705
   0.06323
   0.02965
  -0.03664
  -0.06251
  -0.01941
   0.04510
   0.05986
   0.00858
  -0.05216
  -0.05536
   0.00252
   0.05762
   0.04915
  -0.01354
  -0.06129
  -0.04142
   0.02415
   0.06308
   0.03242
  -0.03400
  -0.06291
  -0.02241
   0.04281
   0.06081
   0.01172
  -0.05030
  -0.05682
  -0.00066
   0.05623
   0.05109
  -0.01042
  -0.06043
  -0.04377
   0.02118
   0.06276
   0.03511
  -0.03128
  -0.06316
  -0.02536
   0.04042
   0.06160
   0.01482
  -0.04831
  -0.05815
  -0.00383
   0.05471
   0.05289
  -0.00727
  -0.05942
  -0.04601
   0.01816
   0.06229
   0.03770
  -0.02848
  -0.06325
  -0.02824
   0.03793
   0.06225
   0.01789
  -0.04620
  -0.05932
  -0.00700
   0.05304
   0.05457
  -0.00411
  -0.05825
  -0.04813
   0.01509
   0.06167
   0.04021
  -0.02561
  -0.06317
  -0.03104
   0.03533
   0.06273
   0.02092
  -0.04397
  -0.06035
  -0.01015
   0.05125
   0.05611
  -0.00093
  -0.05694
  -0.05013
   0.01199
   0.06088
   0.04261
  -0.02267
  -0.06294
  -0.03377
   0.03265
   0.06306
   0.02389
  -0.04163
  -0.06122
  -0.01327
   0.04932
   0.05750
   0.00225
  -0.05549
  -0.05201
   0.00885
   0.05994
   0.04490
  -0.01967
  -0.06255
  -0.03642
   0.02989
   0.06322
   0.02680
  -0.03918
  -0.06194
  -0.01636
   0.04727
   0.05875
   0.00542
  -0.05389
  -0.05375
   0.00569
   0.05885
   0.04709
  -0.01663
  -0.06200
  -0.03897
   0.02705
   0.06323
   0.02965
  -0.03664
  -0.06251
  -0.01941
   0.04510
   0.05986
   0.00858
  -0.05216
  -0.05536
   0.00252
   0.05762
   0.04915
  -0.01354
  -0.06129
  -0.04142
   0.02415
   0.06308
   0.03242
  -0.03400
  -0.06291
  -0.02241
   0.04281
   0.06081
   0.01172
  -0.05030
  -0.05682
  -0.00066
