  -0.06178
   0.01737
   0.05960
  -0.02485
  -0.05648
   0.03194
   0.05247
  -0.03853
  -0.04763
   0.04452
   0.04204
  -0.04980
  -0.03579
   0.05429
   0.02897
  -0.05793
  -0.02170
   0.06065
   0.01408
  -0.06242
  -0.00624
   0.06320
  -0.00170
  -0.06299
   0.00961
   0.06178
  -0.01737
  -0.05960
   0.02485
   0.05648
  -0.03194
  -0.05247
   0.03853
   0.04763
  -0.04452
  -0.04204
   0.04980
   0.03579
  -0.05429
  -0.02897
   0.05793
   0.02170
  -0.06065
  -0.01408
   0.06242
   0.00624
  -0.06320
   0.00170
   0.06299
  -0.00961
  -0.06178
   0.01737
   0.05960
  -0.02485
  -0.05648
   0.03194
   0.05247
  -0.03853
  -0.04763
   0.04452
   0.04204
  -0.04980
  -0.03579
   0.05429
   0.02897
  -0.05793
  -0.02170
   0.06065
   0.01408
  -0.06242
  -0.00624
   0.06320
  -0.00170
  -0.06299
   0.00961
   0.06178
  -0.01737
  -0.05960
   0.02485
   0.05648
  -0.03194
  -0.05247
   0.03853
   0.04763
  -0.04452
  -0.04204
   0.04980
   0.03579
  -0.05429
  -0.02897
   0.05793
   0.02170
  -0.06065
  -0.01408
   0.06242
   0.00624
  -0.06320
   0.00170
   0.06299
  -0.00961
  -0.06178
   0.01737
   0.05960
  -0.02485
  -0.05648
   0.03194
   0.05247
  -0.03853
  -0.04763
   0.04452
   0.04204
  -0.04980
  -0.03579
   0.05429
   0.02897
  -0.05793
  -0.02170
   0.06065
   0.01408
  -0.06242
  -0.00624
   0.06320
  -0.00170
  -0.06299
   0.00961
   0.06178
  -0.01737
  -0.05960
   0.02485
   0.05648
  -0.03194
  -0.05247
   0.03853
   0.04763
  -0.04452
  -0.04204
   0.04980
   0.03579
  -0.05429
  -0.02897
   0.05793
   0.02170
  -0.06065
  -0.01408
   0.06242
   0.00624
  -0.06320
   0.00170
   0.06299
  -0.00961
  -0.06178
   0.01737
   0.05960
  -0.02485
  -0.05648
   0.03194
   0.05247
  -0.03853
  -0.04763
   0.04452
   0.04204
  -0.04980
  -0.03579
   0.05429
   0.02897
  -0.05793
  -0.02170
   0.06065
   0.01408
  -0.06242
  -0.00624
   0.06320
  -0.00170
  -0.06299
   0.00961
   0.06178
  -0.01737
  -0.05960
   0.02485
   0.05648
  -0.03194
  -0.05247
   0.03853
   0.04763
  -0.04452
  -0.04204
   0.04980
   0.03579
  -0.05429
  -0.02897
   0.05793
   0.02170
  -0.06065
  -0.01408
   0.06242
   0.00624
  -0.06320
   0.00170
   0.06299
  -0.00961
  -0.06178
   0.01737
   0.05960
  -0.02485
  -0.05648
   0.03194
   0.05247
  -0.03853
  -0.04763
   0.04452
   0.04204
  -0.04980
  -0.03579
   0.05429
   0.02897
  -0.05793
  -0.02170
   0.06065
   0.01408
  -0.06242
  -0.00624
   0.06320
  -0.00170
  -0.06299
   0.00961
   0.06178
  -0.01737
  -0.05960
   0.02485
   0.05648
  -0.03194
  -0.05247
   0.03853
   0.04763
  -0.04452
  -0.04204
   0.04980
   0.03579
  -0.05429
  -0.02897
   0.05793
   0.02170
  -0.06065
  -0.01408
   0.06242
   0.00624
  -0.06320
   0.00170
   0.06299
  -0.00961
  -0.06178
   0.01737
   0.05960
  -0.02485
  -0.05648
   0.03194
   0.05247
  -0.03853
  -0.04763
   0.04452
   0.04204
  -0.04980
  -0.03579
   0.05429
   0.02897
  -0.05793
  -0.02170
   0.06065
   0.01408
  -0.06242
  -0.00624
   0.06320
  -0.00170
  -0.06299
   0.00961
   0.06178
  -0.01737
  -0.05960
   0.02485
   0.05648
  -0.03194
  -0.05247
   0.03853
   0.04763
  -0.04452
  -0.04204
   0.04980
   0.03579
  -0.05429
  -0.02897
   0.05793
   0.02170
  -0.06065
  -0.01408
   0.06242
   0.00624
  -0.06320
   0.00170
   0.06299
  -0.00961
  -0.06178
   0.01737
   0.05960
  -0.02485
  -0.05648
   0.03194
   0.05247
  -0.03853
  -0.04763
   0.04452
   0.04204
  -0.04980
  -0.03579
   0.05429
   0.02897
  -0.05793
  -0.02170
   0.06065
   0.01408
  -0.06242
  -0.00624
   0.06320
  -0.00170
  -0.06299
   0.00961
   0.06178
  -0.01737
  -0.05960
   0.02485
   0.05648
  -0.03194
  -0.05247
   0.03853
   0.04763
  -0.04452
  -0.04204
   0.04980
   0.03579
  -0.05429
  -0.02897
   0.05793
   0.02170
  -0.06065
  -0.01408
   0.06242
   0.00624
  -0.06320
   0.00170
   0.06299
  -0.00961
  -0.06178
   0.01737
   0.05960
  -0.02485
  -0.05648
   0.03194
   0.05247
  -0.03853
  -0.04763
   0.04452
   0.04204
  -0.04980
  -0.03579
   0.05429
   0.02897
  -0.05793
  -0.02170
   0.06065
   0.01408
  -0.06242
  -0.00624
   0.06320
  -0.00170
  -0.06299
   0.00961
   0.06178
  -0.01737
  -0.05960
   0.02485
   0.05648
  -0.03194
  -0.05247
   0.03853
   0.04763
  -0.04452
  -0.04204
   0.04980
   0.03579
  -0.05429
  -0.02897
   0.05793
   0.02170
  -0.06065
  -0.01408
   0.06242
   0.00624
  -0.06320
   0.00170
   0.06299
  -0.00961
  -0.06178
   0.01737
   0.05960
  -0.02485
  -0.05648
   0.03194
   0.05247
  -0.03853
  -0.04763
   0.04452
   0.04204
  -0.04980
  -0.03579
   0.05429
   0.02897
  -0.05793
  -0.02170
   0.06065
   0.01408
  -0.06242
  -0.00624
   0.06320
  -0.00170
  -0.06299
   0.00961
   0.06178
  -0.01737
  -0.05960
   0.02485
   0.05648
  -0.03194
  -0.05247
   0.03853
   0.04763
  -0.04452
  -0.04204
   0.04980
   0.03579
  -0.05429
  -0.02897
   0.05793
   0.02170
  -0.06065
  -0.01408
   0.06242
   0.00624
  -0.06320
   0.00170
   0.06299
  -0.00961
  -0.06178
   0.01737
   0.05960
  -0.02485
  -0.05648
   0.03194
   0.05247
  -0.03853
  -0.04763
   0.04452
   0.04204
  -0.04980
  -0.03579
   0.05429
   0.02897
  -0.05793
  -0.02170
   0.06065
   0.01408
  -0.06242
  -0.00624
   0.06320
  -0.00170
  -0.06299
   0.00961
   0.06178
  -0.01737
  -0.05960
   0.02485
   0.05648
  -0.03194
  -0.05247
   0.03853
   0.04763
  -0.04452
  -0.04204
   0.04980
   0.03579
  -0.05429
  -0.02897
   0.05793
   0.02170
  -0.06065
  -0.01408
   0.06242
   0.00624
  -0.06320
   0.00170
   0.06299
  -0.00961
