   0.04647
  -0.06268
   0.03344
   0.02005
  -0.05900
   0.05516
  -0.01133
  -0.04072
   0.06324
  -0.03990
  -0.01237
   0.05568
  -0.05861
   0.01904
   0.03434
  -0.06281
   0.04574
   0.00450
  -0.05148
   0.06112
  -0.02645
  -0.02741
   0.06139
  -0.05085
   0.00344
   0.04647
  -0.06268
   0.03344
   0.02005
  -0.05900
   0.05516
  -0.01133
  -0.04072
   0.06324
  -0.03990
  -0.01237
   0.05568
  -0.05861
   0.01904
   0.03434
  -0.06281
   0.04574
   0.00450
  -0.05148
   0.06112
  -0.02645
  -0.02741
   0.06139
  -0.05085
   0.00344
   0.04647
  -0.06268
   0.03344
   0.02005
  -0.05900
   0.05516
  -0.01133
  -0.04072
   0.06324
  -0.03990
  -0.01237
   0.05568
  -0.05861
   0.01904
   0.03434
  -0.06281
   0.04574
   0.00450
  -0.05148
   0.06112
  -0.02645
  -0.02741
   0.06139
  -0.05085
   0.00344
   0.04647
  -0.06268
   0.03344
   0.02005
  -0.05900
   0.05516
  -0.01133
  -0.04072
   0.06324
  -0.03990
  -0.01237
   0.05568
  -0.05861
   0.01904
   0.03434
  -0.06281
   0.04574
   0.00450
  -0.05148
   0.06112
  -0.02645
  -0.02741
   0.06139
  -0.05085
   0.00344
   0.04647
  -0.06268
   0.03344
   0.02005
  -0.05900
   0.05516
  -0.01133
  -0.04072
   0.06324
  -0.03990
  -0.01237
   0.05568
  -0.05861
   0.01904
   0.03434
  -0.06281
   0.04574
   0.00450
  -0.05148
   0.06112
  -0.02645
  -0.02741
   0.06139
  -0.05085
   0.00344
   0.04647
  -0.06268
   0.03344
   0.02005
  -0.05900
   0.05516
  -0.01133
  -0.04072
   0.06324
  -0.03990
  -0.01237
   0.05568
  -0.05861
   0.01904
   0.03434
  -0.06281
   0.04574
   0.00450
  -0.05148
   0.06112
  -0.02645
  -0.02741
   0.06139
  -0.05085
   0.00344
   0.04647
  -0.06268
   0.03344
   0.02005
  -0.05900
   0.05516
  -0.01133
  -0.04072
   0.06324
  -0.03990
  -0.01237
   0.05568
  -0.05861
   0.01904
   0.03434
  -0.06281
   0.04574
   0.00450
  -0.05148
   0.06112
  -0.02645
  -0.02741
   0.06139
  -0.05085
   0.00344
   0.04647
  -0.06268
   0.03344
   0.02005
  -0.05900
   0.05516
  -0.01133
  -0.04072
   0.06324
  -0.03990
  -0.01237
   0.05568
  -0.05861
   0.01904
   0.03434
  -0.06281
   0.04574
   0.00450
  -0.05148
   0.06112
  -0.02645
  -0.02741
   0.06139
  -0.05085
   0.00344
   0.04647
  -0.06268
   0.03344
   0.02005
  -0.05900
   0.05516
  -0.01133
  -0.04072
   0.06324
  -0.03990
  -0.01237
   0.05568
  -0.05861
   0.01904
   0.03434
  -0.06281
   0.04574
   0.00450
  -0.05148
   0.06112
  -0.02645
  -0.02741
   0.06139
  -0.05085
   0.00344
   0.04647
  -0.06268
   0.03344
   0.02005
  -0.05900
   0.05516
  -0.01133
  -0.04072
   0.06324
  -0.03990
  -0.01237
   0.05568
  -0.05861
   0.01904
   0.03434
  -0.06281
   0.04574
   0.00450
  -0.05148
   0.06112
  -0.02645
  -0.02741
   0.06139
  -0.05085
   0.00344
   0.04647
  -0.06268
   0.03344
   0.02005
  -0.05900
   0.05516
  -0.01133
  -0.04072
   0.06324
  -0.03990
  -0.01237
   0.05568
  -0.05861
   0.01904
   0.03434
  -0.06281
   0.04574
   0.00450
  -0.05148
   0.06112
  -0.02645
  -0.02741
   0.06139
  -0.05085
   0.00344
   0.04647
  -0.06268
   0.03344
   0.02005
  -0.05900
   0.05516
  -0.01133
  -0.04072
   0.06324
  -0.03990
  -0.01237
   0.05568
  -0.05861
   0.01904
   0.03434
  -0.06281
   0.04574
   0.00450
  -0.05148
   0.06112
  -0.02645
  -0.02741
   0.06139
  -0.05085
   0.00344
   0.04647
  -0.06268
   0.03344
   0.02005
  -0.05900
   0.05516
  -0.01133
  -0.04072
   0.06324
  -0.03990
  -0.01237
   0.05568
  -0.05861
   0.01904
   0.03434
  -0.06281
   0.04574
   0.00450
  -0.05148
   0.06112
  -0.02645
  -0.02741
   0.06139
  -0.05085
   0.00344
   0.04647
  -0.06268
   0.03344
   0.02005
  -0.05900
   0.05516
  -0.01133
  -0.04072
   0.06324
  -0.03990
  -0.01237
   0.05568
  -0.05861
   0.01904
   0.03434
  -0.06281
   0.04574
   0.00450
  -0.05148
   0.06112
  -0.02645
  -0.02741
   0.06139
  -0.05085
   0.00344
   0.04647
  -0.06268
   0.03344
   0.02005
  -0.05900
   0.05516
  -0.01133
  -0.04072
   0.06324
  -0.03990
  -0.01237
   0.05568
  -0.05861
   0.01904
   0.03434
  -0.06281
   0.04574
   0.00450
  -0.05148
   0.06112
  -0.02645
  -0.02741
   0.06139
  -0.05085
   0.00344
   0.04647
  -0.06268
   0.03344
   0.02005
  -0.05900
   0.05516
  -0.01133
  -0.04072
   0.06324
  -0.03990
  -0.01237
   0.05568
  -0.05861
   0.01904
   0.03434
  -0.06281
   0.04574
   0.00450
  -0.05148
   0.06112
  -0.02645
  -0.02741
   0.06139
  -0.05085
   0.00344
   0.04647
  -0.06268
   0.03344
   0.02005
  -0.05900
   0.05516
  -0.01133
  -0.04072
   0.06324
  -0.03990
  -0.01237
   0.05568
  -0.05861
   0.01904
   0.03434
  -0.06281
   0.04574
   0.00450
  -0.05148
   0.06112
  -0.02645
  -0.02741
   0.06139
  -0.05085
   0.00344
   0.04647
  -0.06268
   0.03344
   0.02005
  -0.05900
   0.05516
  -0.01133
  -0.04072
   0.06324
  -0.03990
  -0.01237
   0.05568
  -0.05861
   0.01904
   0.03434
  -0.06281
   0.04574
   0.00450
  -0.05148
   0.06112
  -0.02645
  -0.02741
   0.06139
  -0.05085
   0.00344
   0.04647
  -0.06268
   0.03344
   0.02005
  -0.05900
   0.05516
  -0.01133
  -0.04072
   0.06324
  -0.03990
  -0.01237
   0.05568
  -0.05861
   0.01904
   0.03434
  -0.06281
   0.04574
   0.00450
  -0.05148
   0.06112
  -0.02645
  -0.02741
   0.06139
  -0.05085
   0.00344
   0.04647
  -0.06268
   0.03344
   0.02005
  -0.05900
   0.05516
  -0.01133
  -0.04072
   0.06324
  -0.03990
  -0.01237
   0.05568
  -0.05861
   0.01904
   0.03434
  -0.06281
   0.04574
   0.00450
  -0.05148
   0.06112
  -0.02645
  -0.02741
   0.06139
  -0.05085
   0.00344
