   0.06240
  -0.06062
   0.05788
  -0.05423
   0.04972
  -0.04443
   0.03843
  -0.03184
   0.02474
  -0.01725
   0.00948
  -0.00157
  -0.00637
   0.01420
  -0.02181
   0.02908
  -0.03589
   0.04214
  -0.04771
   0.05254
  -0.05654
   0.05965
  -0.06181
   0.06300
  -0.06320
   0.06240
  -0.06062
   0.05788
  -0.05423
   0.04972
  -0.04443
   0.03843
  -0.03184
   0.02474
  -0.01725
   0.00948
  -0.00157
  -0.00637
   0.01420
  -0.02181
   0.02908
  -0.03589
   0.04214
  -0.04771
   0.05254
  -0.05654
   0.05965
  -0.06181
   0.06300
  -0.06320
   0.06240
  -0.06062
   0.05788
  -0.05423
   0.04972
  -0.04443
   0.03843
  -0.03184
   0.02474
  -0.01725
   0.00948
  -0.00157
  -0.00637
   0.01420
  -0.02181
   0.02908
  -0.03589
   0.04214
  -0.04771
   0.05254
  -0.05654
   0.05965
  -0.06181
   0.06300
  -0.06320
   0.06240
  -0.06062
   0.05788
  -0.05423
   0.04972
  -0.04443
   0.03843
  -0.03184
   0.02474
  -0.01725
   0.00948
  -0.00157
  -0.00637
   0.01420
  -0.02181
   0.02908
  -0.03589
   0.04214
  -0.04771
   0.05254
  -0.05654
   0.05965
  -0.06181
   0.06300
  -0.06320
   0.06240
  -0.06062
   0.05788
  -0.05423
   0.04972
  -0.04443
   0.03843
  -0.03184
   0.02474
  -0.01725
   0.00948
  -0.00157
  -0.00637
   0.01420
  -0.02181
   0.02908
  -0.03589
   0.04214
  -0.04771
   0.05254
  -0.05654
   0.05965
  -0.06181
   0.06300
  -0.06320
   0.06240
  -0.06062
   0.05788
  -0.05423
   0.04972
  -0.04443
   0.03843
  -0.03184
   0.02474
  -0.01725
   0.00948
  -0.00157
  -0.00637
   0.01420
  -0.02181
   0.02908
  -0.03589
   0.04214
  -0.04771
   0.05254
  -0.05654
   0.05965
  -0.06181
   0.06300
  -0.06320
   0.06240
  -0.06062
   0.05788
  -0.05423
   0.04972
  -0.04443
   0.03843
  -0.03184
   0.02474
  -0.01725
   0.00948
  -0.00157
  -0.00637
   0.01420
  -0.02181
   0.02908
  -0.03589
   0.04214
  -0.04771
   0.05254
  -0.05654
   0.05965
  -0.06181
   0.06300
  -0.06320
   0.06240
  -0.06062
   0.05788
  -0.05423
   0.04972
  -0.04443
   0.03843
  -0.03184
   0.02474
  -0.01725
   0.00948
  -0.00157
  -0.00637
   0.01420
  -0.02181
   0.02908
  -0.03589
   0.04214
  -0.04771
   0.05254
  -0.05654
   0.05965
  -0.06181
   0.06300
  -0.06320
   0.06240
  -0.06062
   0.05788
  -0.05423
   0.04972
  -0.04443
   0.03843
  -0.03184
   0.02474
  -0.01725
   0.00948
  -0.00157
  -0.00637
   0.01420
  -0.02181
   0.02908
  -0.03589
   0.04214
  -0.04771
   0.05254
  -0.05654
   0.05965
  -0.06181
   0.06300
  -0.06320
   0.06240
  -0.06062
   0.05788
  -0.05423
   0.04972
  -0.04443
   0.03843
  -0.03184
   0.02474
  -0.01725
   0.00948
  -0.00157
  -0.00637
   0.01420
  -0.02181
   0.02908
  -0.03589
   0.04214
  -0.04771
   0.05254
  -0.05654
   0.05965
  -0.06181
   0.06300
  -0.06320
   0.06240
  -0.06062
   0.05788
  -0.05423
   0.04972
  -0.04443
   0.03843
  -0.03184
   0.02474
  -0.01725
   0.00948
  -0.00157
  -0.00637
   0.01420
  -0.02181
   0.02908
  -0.03589
   0.04214
  -0.04771
   0.05254
  -0.05654
   0.05965
  -0.06181
   0.06300
  -0.06320
   0.06240
  -0.06062
   0.05788
  -0.05423
   0.04972
  -0.04443
   0.03843
  -0.03184
   0.02474
  -0.01725
   0.00948
  -0.00157
  -0.00637
   0.01420
  -0.02181
   0.02908
  -0.03589
   0.04214
  -0.04771
   0.05254
  -0.05654
   0.05965
  -0.06181
   0.06300
  -0.06320
   0.06240
  -0.06062
   0.05788
  -0.05423
   0.04972
  -0.04443
   0.03843
  -0.03184
   0.02474
  -0.01725
   0.00948
  -0.00157
  -0.00637
   0.01420
  -0.02181
   0.02908
  -0.03589
   0.04214
  -0.04771
   0.05254
  -0.05654
   0.05965
  -0.06181
   0.06300
  -0.06320
   0.06240
  -0.06062
   0.05788
  -0.05423
   0.04972
  -0.04443
   0.03843
  -0.03184
   0.02474
  -0.01725
   0.00948
  -0.00157
  -0.00637
   0.01420
  -0.02181
   0.02908
  -0.03589
   0.04214
  -0.04771
   0.05254
  -0.05654
   0.05965
  -0.06181
   0.06300
  -0.06320
   0.06240
  -0.06062
   0.05788
  -0.05423
   0.04972
  -0.04443
   0.03843
  -0.03184
   0.02474
  -0.01725
   0.00948
  -0.00157
  -0.00637
   0.01420
  -0.02181
   0.02908
  -0.03589
   0.04214
  -0.04771
   0.05254
  -0.05654
   0.05965
  -0.06181
   0.06300
  -0.06320
   0.06240
  -0.06062
   0.05788
  -0.05423
   0.04972
  -0.04443
   0.03843
  -0.03184
   0.02474
  -0.01725
   0.00948
  -0.00157
  -0.00637
   0.01420
  -0.02181
   0.02908
  -0.03589
   0.04214
  -0.04771
   0.05254
  -0.05654
   0.05965
  -0.06181
   0.06300
  -0.06320
   0.06240
  -0.06062
   0.05788
  -0.05423
   0.04972
  -0.04443
   0.03843
  -0.03184
   0.02474
  -0.01725
   0.00948
  -0.00157
  -0.00637
   0.01420
  -0.02181
   0.02908
  -0.03589
   0.04214
  -0.04771
   0.05254
  -0.05654
   0.05965
  -0.06181
   0.06300
  -0.06320
   0.06240
  -0.06062
   0.05788
  -0.05423
   0.04972
  -0.04443
   0.03843
  -0.03184
   0.02474
  -0.01725
   0.00948
  -0.00157
  -0.00637
   0.01420
  -0.02181
   0.02908
  -0.03589
   0.04214
  -0.04771
   0.05254
  -0.05654
   0.05965
  -0.06181
   0.06300
  -0.06320
   0.06240
  -0.06062
   0.05788
  -0.05423
   0.04972
  -0.04443
   0.03843
  -0.03184
   0.02474
  -0.01725
   0.00948
  -0.00157
  -0.00637
   0.01420
  -0.02181
   0.02908
  -0.03589
   0.04214
  -0.04771
   0.05254
  -0.05654
   0.05965
  -0.06181
   0.06300
  -0.06320
   0.06240
  -0.06062
   0.05788
  -0.05423
   0.04972
  -0.04443
   0.03843
  -0.03184
   0.02474
  -0.01725
   0.00948
  -0.00157
  -0.00637
   0.01420
  -0.02181
   0.02908
  -0.03589
   0.04214
  -0.04771
   0.05254
  -0.05654
   0.05965
  -0.06181
   0.06300
  -0.06320
