  -0.01329
  -0.05994
   0.02682
   0.05388
  -0.03898
  -0.04509
   0.04916
   0.03399
  -0.05683
  -0.02116
   0.06161
   0.00726
  -0.06325
   0.00702
   0.06166
  -0.02094
  -0.05694
   0.03379
   0.04931
  -0.04492
  -0.03917
   0.05376
   0.02704
  -0.05986
  -0.01353
   0.06291
  -0.00067
  -0.06276
   0.01484
   0.05941
  -0.02825
  -0.05304
   0.04022
   0.04396
  -0.05014
  -0.03264
   0.05751
   0.01966
  -0.06195
  -0.00568
   0.06323
  -0.00860
  -0.06129
   0.02243
   0.05623
  -0.03512
  -0.04830
   0.04602
   0.03791
  -0.05458
  -0.02559
   0.06035
   0.01197
  -0.06306
   0.00226
   0.06255
  -0.01638
  -0.05885
   0.02966
   0.05215
  -0.04144
  -0.04280
   0.05110
   0.03127
  -0.05815
  -0.01814
   0.06225
   0.00409
  -0.06317
   0.01017
   0.06088
  -0.02391
  -0.05548
   0.03643
   0.04726
  -0.04710
  -0.03663
   0.05536
   0.02413
  -0.06081
  -0.01041
   0.06316
  -0.00385
  -0.06229
   0.01791
   0.05825
  -0.03106
  -0.05124
   0.04262
   0.04162
  -0.05202
  -0.02988
   0.05876
   0.01661
  -0.06251
  -0.00250
   0.06307
  -0.01173
  -0.06043
   0.02537
   0.05470
  -0.03772
  -0.04619
   0.04814
   0.03532
  -0.05612
  -0.02265
   0.06123
   0.00883
  -0.06322
   0.00544
   0.06200
  -0.01943
  -0.05761
   0.03243
   0.05029
  -0.04378
  -0.04041
   0.05290
   0.02847
  -0.05933
  -0.01507
   0.06273
   0.00092
  -0.06294
   0.01329
   0.05994
  -0.02682
  -0.05388
   0.03898
   0.04509
  -0.04916
  -0.03399
   0.05683
   0.02116
  -0.06161
  -0.00726
   0.06325
  -0.00702
  -0.06166
   0.02094
   0.05694
  -0.03379
  -0.04931
   0.04492
   0.03917
  -0.05376
  -0.02704
   0.05986
   0.01353
  -0.06291
   0.00067
   0.06276
  -0.01484
  -0.05941
   0.02825
   0.05304
  -0.04022
  -0.04396
   0.05014
   0.03264
  -0.05751
  -0.01966
   0.06195
   0.00568
  -0.06323
   0.00860
   0.06129
  -0.02243
  -0.05623
   0.03512
   0.04830
  -0.04602
  -0.03791
   0.05458
   0.02559
  -0.06035
  -0.01197
   0.06306
  -0.00226
  -0.06255
   0.01638
   0.05885
  -0.02966
  -0.05215
   0.04144
   0.04280
  -0.05110
  -0.03127
   0.05815
   0.01814
  -0.06225
  -0.00409
   0.06317
  -0.01017
  -0.06088
   0.02391
   0.05548
  -0.03643
  -0.04726
   0.04710
   0.03663
  -0.05536
  -0.02413
   0.06081
   0.01041
  -0.06316
   0.00385
   0.06229
  -0.01791
  -0.05825
   0.03106
   0.05124
  -0.04262
  -0.04162
   0.05202
   0.02988
  -0.05876
  -0.01661
   0.06251
   0.00250
  -0.06307
   0.01173
   0.06043
  -0.02537
  -0.05470
   0.03772
   0.04619
  -0.04814
  -0.03532
   0.05612
   0.02265
  -0.06123
  -0.00883
   0.06322
  -0.00544
  -0.06200
   0.01943
   0.05761
  -0.03243
  -0.05029
   0.04378
   0.04041
  -0.05290
  -0.02847
   0.05933
   0.01507
  -0.06273
  -0.00092
   0.06294
  -0.01329
  -0.05994
   0.02682
   0.05388
  -0.03898
  -0.04509
   0.04916
   0.03399
  -0.05683
  -0.02116
   0.06161
   0.00726
  -0.06325
   0.00702
   0.06166
  -0.02094
  -0.05694
   0.03379
   0.04931
  -0.04492
  -0.03917
   0.05376
   0.02704
  -0.05986
  -0.01353
   0.06291
  -0.00067
  -0.06276
   0.01484
   0.05941
  -0.02825
  -0.05304
   0.04022
   0.04396
  -0.05014
  -0.03264
   0.05751
   0.01966
  -0.06195
  -0.00568
   0.06323
  -0.00860
  -0.06129
   0.02243
   0.05623
  -0.03512
  -0.04830
   0.04602
   0.03791
  -0.05458
  -0.02559
   0.06035
   0.01197
  -0.06306
   0.00226
   0.06255
  -0.01638
  -0.05885
   0.02966
   0.05215
  -0.04144
  -0.04280
   0.05110
   0.03127
  -0.05815
  -0.01814
   0.06225
   0.00409
  -0.06317
   0.01017
   0.06088
  -0.02391
  -0.05548
   0.03643
   0.04726
  -0.04710
  -0.03663
   0.05536
   0.02413
  -0.06081
  -0.01041
   0.06316
  -0.00385
  -0.06229
   0.01791
   0.05825
  -0.03106
  -0.05124
   0.04262
   0.04162
  -0.05202
  -0.02988
   0.05876
   0.01661
  -0.06251
  -0.00250
   0.06307
  -0.01173
  -0.06043
   0.02537
   0.05470
  -0.03772
  -0.04619
   0.04814
   0.03532
  -0.05612
  -0.02265
   0.06123
   0.00883
  -0.06322
   0.00544
   0.06200
  -0.01943
  -0.05761
   0.03243
   0.05029
  -0.04378
  -0.04041
   0.05290
   0.02847
  -0.05933
  -0.01507
   0.06273
   0.00092
  -0.06294
   0.01329
   0.05994
  -0.02682
  -0.05388
   0.03898
   0.04509
  -0.04916
  -0.03399
   0.05683
   0.02116
  -0.06161
  -0.00726
   0.06325
  -0.00702
  -0.06166
   0.02094
   0.05694
  -0.03379
  -0.04931
   0.04492
   0.03917
  -0.05376
  -0.02704
   0.05986
   0.01353
  -0.06291
   0.00067
   0.06276
  -0.01484
  -0.05941
   0.02825
   0.05304
  -0.04022
  -0.04396
   0.05014
   0.03264
  -0.05751
  -0.01966
   0.06195
   0.00568
  -0.06323
   0.00860
   0.06129
  -0.02243
  -0.05623
   0.03512
   0.04830
  -0.04602
  -0.03791
   0.05458
   0.02559
  -0.06035
  -0.01197
   0.06306
  -0.00226
  -0.06255
   0.01638
   0.05885
  -0.02966
  -0.05215
   0.04144
   0.04280
  -0.05110
  -0.03127
   0.05815
   0.01814
  -0.06225
  -0.00409
   0.06317
  -0.01017
  -0.06088
   0.02391
   0.05548
  -0.03643
  -0.04726
   0.04710
   0.03663
  -0.05536
  -0.02413
   0.06081
   0.01041
  -0.06316
   0.00385
   0.06229
  -0.01791
  -0.05825
   0.03106
   0.05124
  -0.04262
  -0.04162
   0.05202
   0.02988
  -0.05876
  -0.01661
   0.06251
   0.00250
  -0.06307
   0.01173
   0.06043
  -0.02537
  -0.05470
   0.03772
   0.04619
  -0.04814
  -0.03532
   0.05612
   0.02265
  -0.06123
  -0.00883
   0.06322
  -0.00544
  -0.06200
   0.01943
   0.05761
  -0.03243
  -0.05029
   0.04378
   0.04041
  -0.05290
  -0.02847
   0.05933
   0.01507
  -0.06273
  -0.00092
   0.06294
