  -0.03263
   0.05469
  -0.06323
   0.05612
  -0.03513
   0.00545
   0.02558
  -0.05028
   0.06254
  -0.05933
   0.04144
  -0.01330
  -0.01813
   0.04508
  -0.06087
   0.06161
  -0.04711
   0.02095
   0.01039
  -0.03916
   0.05824
  -0.06292
   0.05202
  -0.02826
  -0.00249
   0.03263
  -0.05469
   0.06323
  -0.05612
   0.03513
  -0.00545
  -0.02558
   0.05028
  -0.06254
   0.05933
  -0.04144
   0.01330
   0.01813
  -0.04508
   0.06087
  -0.06161
   0.04711
  -0.02095
  -0.01039
   0.03916
  -0.05824
   0.06292
  -0.05202
   0.02826
   0.00249
  -0.03263
   0.05469
  -0.06323
   0.05612
  -0.03513
   0.00545
   0.02558
  -0.05028
   0.06254
  -0.05933
   0.04144
  -0.01330
  -0.01813
   0.04508
  -0.06087
   0.06161
  -0.04711
   0.02095
   0.01039
  -0.03916
   0.05824
  -0.06292
   0.05202
  -0.02826
  -0.00249
   0.03263
  -0.05469
   0.06323
  -0.05612
   0.03513
  -0.00545
  -0.02558
   0.05028
  -0.06254
   0.05933
  -0.04144
   0.01330
   0.01813
  -0.04508
   0.06087
  -0.06161
   0.04711
  -0.02095
  -0.01039
   0.03916
  -0.05824
   0.06292
  -0.05202
   0.02826
   0.00249
  -0.03263
   0.05469
  -0.06323
   0.05612
  -0.03513
   0.00545
   0.02558
  -0.05028
   0.06254
  -0.05933
   0.04144
  -0.01330
  -0.01813
   0.04508
  -0.06087
   0.06161
  -0.04711
   0.02095
   0.01039
  -0.03916
   0.05824
  -0.06292
   0.05202
  -0.02826
  -0.00249
   0.03263
  -0.05469
   0.06323
  -0.05612
   0.03513
  -0.00545
  -0.02558
   0.05028
  -0.06254
   0.05933
  -0.04144
   0.01330
   0.01813
  -0.04508
   0.06087
  -0.06161
   0.04711
  -0.02095
  -0.01039
   0.03916
  -0.05824
   0.06292
  -0.05202
   0.02826
   0.00249
  -0.03263
   0.05469
  -0.06323
   0.05612
  -0.03513
   0.00545
   0.02558
  -0.05028
   0.06254
  -0.05933
   0.04144
  -0.01330
  -0.01813
   0.04508
  -0.06087
   0.06161
  -0.04711
   0.02095
   0.01039
  -0.03916
   0.05824
  -0.06292
   0.05202
  -0.02826
  -0.00249
   0.03263
  -0.05469
   0.06323
  -0.05612
   0.03513
  -0.00545
  -0.02558
   0.05028
  -0.06254
   0.05933
  -0.04144
   0.01330
   0.01813
  -0.04508
   0.06087
  -0.06161
   0.04711
  -0.02095
  -0.01039
   0.03916
  -0.05824
   0.06292
  -0.05202
   0.02826
   0.00249
  -0.03263
   0.05469
  -0.06323
   0.05612
  -0.03513
   0.00545
   0.02558
  -0.05028
   0.06254
  -0.05933
   0.04144
  -0.01330
  -0.01813
   0.04508
  -0.06087
   0.06161
  -0.04711
   0.02095
   0.01039
  -0.03916
   0.05824
  -0.06292
   0.05202
  -0.02826
  -0.00249
   0.03263
  -0.05469
   0.06323
  -0.05612
   0.03513
  -0.00545
  -0.02558
   0.05028
  -0.06254
   0.05933
  -0.04144
   0.01330
   0.01813
  -0.04508
   0.06087
  -0.06161
   0.04711
  -0.02095
  -0.01039
   0.03916
  -0.05824
   0.06292
  -0.05202
   0.02826
   0.00249
  -0.03263
   0.05469
  -0.06323
   0.05612
  -0.03513
   0.00545
   0.02558
  -0.05028
   0.06254
  -0.05933
   0.04144
  -0.01330
  -0.01813
   0.04508
  -0.06087
   0.06161
  -0.04711
   0.02095
   0.01039
  -0.03916
   0.05824
  -0.06292
   0.05202
  -0.02826
  -0.00249
   0.03263
  -0.05469
   0.06323
  -0.05612
   0.03513
  -0.00545
  -0.02558
   0.05028
  -0.06254
   0.05933
  -0.04144
   0.01330
   0.01813
  -0.04508
   0.06087
  -0.06161
   0.04711
  -0.02095
  -0.01039
   0.03916
  -0.05824
   0.06292
  -0.05202
   0.02826
   0.00249
  -0.03263
   0.05469
  -0.06323
   0.05612
  -0.03513
   0.00545
   0.02558
  -0.05028
   0.06254
  -0.05933
   0.04144
  -0.01330
  -0.01813
   0.04508
  -0.06087
   0.06161
  -0.04711
   0.02095
   0.01039
  -0.03916
   0.05824
  -0.06292
   0.05202
  -0.02826
  -0.00249
   0.03263
  -0.05469
   0.06323
  -0.05612
   0.03513
  -0.00545
  -0.02558
   0.05028
  -0.06254
   0.05933
  -0.04144
   0.01330
   0.01813
  -0.04508
   0.06087
  -0.06161
   0.04711
  -0.02095
  -0.01039
   0.03916
  -0.05824
   0.06292
  -0.05202
   0.02826
   0.00249
  -0.03263
   0.05469
  -0.06323
   0.05612
  -0.03513
   0.00545
   0.02558
  -0.05028
   0.06254
  -0.05933
   0.04144
  -0.01330
  -0.01813
   0.04508
  -0.06087
   0.06161
  -0.04711
   0.02095
   0.01039
  -0.03916
   0.05824
  -0.06292
   0.05202
  -0.02826
  -0.00249
   0.03263
  -0.05469
   0.06323
  -0.05612
   0.03513
  -0.00545
  -0.02558
   0.05028
  -0.06254
   0.05933
  -0.04144
   0.01330
   0.01813
  -0.04508
   0.06087
  -0.06161
   0.04711
  -0.02095
  -0.01039
   0.03916
  -0.05824
   0.06292
  -0.05202
   0.02826
   0.00249
  -0.03263
   0.05469
  -0.06323
   0.05612
  -0.03513
   0.00545
   0.02558
  -0.05028
   0.06254
  -0.05933
   0.04144
  -0.01330
  -0.01813
   0.04508
  -0.06087
   0.06161
  -0.04711
   0.02095
   0.01039
  -0.03916
   0.05824
  -0.06292
   0.05202
  -0.02826
  -0.00249
   0.03263
  -0.05469
   0.06323
  -0.05612
   0.03513
  -0.00545
  -0.02558
   0.05028
  -0.06254
   0.05933
  -0.04144
   0.01330
   0.01813
  -0.04508
   0.06087
  -0.06161
   0.04711
  -0.02095
  -0.01039
   0.03916
  -0.05824
   0.06292
  -0.05202
   0.02826
   0.00249
  -0.03263
   0.05469
  -0.06323
   0.05612
  -0.03513
   0.00545
   0.02558
  -0.05028
   0.06254
  -0.05933
   0.04144
  -0.01330
  -0.01813
   0.04508
  -0.06087
   0.06161
  -0.04711
   0.02095
   0.01039
  -0.03916
   0.05824
  -0.06292
   0.05202
  -0.02826
  -0.00249
   0.03263
  -0.05469
   0.06323
  -0.05612
   0.03513
  -0.00545
  -0.02558
   0.05028
  -0.06254
   0.05933
  -0.04144
   0.01330
   0.01813
  -0.04508
   0.06087
  -0.06161
   0.04711
  -0.02095
  -0.01039
   0.03916
  -0.05824
   0.06292
  -0.05202
   0.02826
   0.00249
