  -0.06319
  -0.01296
   0.05897
   0.03215
  -0.04851
  -0.04793
   0.03293
   0.05864
  -0.01385
  -0.06314
  -0.00669
   0.06097
   0.02652
  -0.05234
  -0.04354
   0.03818
   0.05596
  -0.01998
  -0.06246
  -0.00034
   0.06235
   0.02062
  -0.05564
  -0.03872
   0.04305
   0.05272
  -0.02590
  -0.06114
   0.00601
   0.06310
   0.01452
  -0.05838
  -0.03350
   0.04748
   0.04895
  -0.03156
  -0.05921
   0.01230
   0.06321
   0.00826
  -0.06052
  -0.02795
   0.05143
   0.04468
  -0.03690
  -0.05668
   0.01846
   0.06269
   0.00193
  -0.06206
  -0.02212
   0.05487
   0.03996
  -0.04187
  -0.05358
   0.02444
   0.06153
  -0.00443
  -0.06297
  -0.01606
   0.05775
   0.03484
  -0.04641
  -0.04994
   0.03017
   0.05975
  -0.01073
  -0.06324
  -0.00984
   0.06004
   0.02937
  -0.05049
  -0.04579
   0.03560
   0.05737
  -0.01694
  -0.06288
  -0.00352
   0.06173
   0.02360
  -0.05406
  -0.04118
   0.04066
   0.05441
  -0.02297
  -0.06188
   0.00284
   0.06280
   0.01759
  -0.05708
  -0.03616
   0.04532
   0.05090
  -0.02876
  -0.06025
   0.00917
   0.06324
   0.01140
  -0.05953
  -0.03077
   0.04952
   0.04687
  -0.03427
  -0.05802
   0.01540
   0.06303
   0.00510
  -0.06137
  -0.02506
   0.05322
   0.04238
  -0.03943
  -0.05520
   0.02148
   0.06219
  -0.00125
  -0.06259
  -0.01911
   0.05638
   0.03745
  -0.04420
  -0.05183
   0.02734
   0.06072
  -0.00759
  -0.06319
  -0.01296
   0.05897
   0.03215
  -0.04851
  -0.04793
   0.03293
   0.05864
  -0.01385
  -0.06314
  -0.00669
   0.06097
   0.02652
  -0.05234
  -0.04354
   0.03818
   0.05596
  -0.01998
  -0.06246
  -0.00034
   0.06235
   0.02062
  -0.05564
  -0.03872
   0.04305
   0.05272
  -0.02590
  -0.06114
   0.00601
   0.06310
   0.01452
  -0.05838
  -0.03350
   0.04748
   0.04895
  -0.03156
  -0.05921
   0.01230
   0.06321
   0.00826
  -0.06052
  -0.02795
   0.05143
   0.04468
  -0.03690
  -0.05668
   0.01846
   0.06269
   0.00193
  -0.06206
  -0.02212
   0.05487
   0.03996
  -0.04187
  -0.05358
   0.02444
   0.06153
  -0.00443
  -0.06297
  -0.01606
   0.05775
   0.03484
  -0.04641
  -0.04994
   0.03017
   0.05975
  -0.01073
  -0.06324
  -0.00984
   0.06004
   0.02937
  -0.05049
  -0.04579
   0.03560
   0.05737
  -0.01694
  -0.06288
  -0.00352
   0.06173
   0.02360
  -0.05406
  -0.04118
   0.04066
   0.05441
  -0.02297
  -0.06188
   0.00284
   0.06280
   0.01759
  -0.05708
  -0.03616
   0.04532
   0.05090
  -0.02876
  -0.06025
   0.00917
   0.06324
   0.01140
  -0.05953
  -0.03077
   0.04952
   0.04687
  -0.03427
  -0.05802
   0.01540
   0.06303
   0.00510
  -0.06137
  -0.02506
   0.05322
   0.04238
  -0.03943
  -0.05520
   0.02148
   0.06219
  -0.00125
  -0.06259
  -0.01911
   0.05638
   0.03745
  -0.04420
  -0.05183
   0.02734
   0.06072
  -0.00759
  -0.06319
  -0.01296
   0.05897
   0.03215
  -0.04851
  -0.04793
   0.03293
   0.05864
  -0.01385
  -0.06314
  -0.00669
   0.06097
   0.02652
  -0.05234
  -0.04354
   0.03818
   0.05596
  -0.01998
  -0.06246
  -0.00034
   0.06235
   0.02062
  -0.05564
  -0.03872
   0.04305
   0.05272
  -0.02590
  -0.06114
   0.00601
   0.06310
   0.01452
  -0.05838
  -0.03350
   0.04748
   0.04895
  -0.03156
  -0.05921
   0.01230
   0.06321
   0.00826
  -0.06052
  -0.02795
   0.05143
   0.04468
  -0.03690
  -0.05668
   0.01846
   0.06269
   0.00193
  -0.06206
  -0.02212
   0.05487
   0.03996
  -0.04187
  -0.05358
   0.02444
   0.06153
  -0.00443
  -0.06297
  -0.01606
   0.05775
   0.03484
  -0.04641
  -0.04994
   0.03017
   0.05975
  -0.01073
  -0.06324
  -0.00984
   0.06004
   0.02937
  -0.05049
  -0.04579
   0.03560
   0.05737
  -0.01694
  -0.06288
  -0.00352
   0.06173
   0.02360
  -0.05406
  -0.04118
   0.04066
   0.05441
  -0.02297
  -0.06188
   0.00284
   0.06280
   0.01759
  -0.05708
  -0.03616
   0.04532
   0.05090
  -0.02876
  -0.06025
   0.00917
   0.06324
   0.01140
  -0.05953
  -0.03077
   0.04952
   0.04687
  -0.03427
  -0.05802
   0.01540
   0.06303
   0.00510
  -0.06137
  -0.02506
   0.05322
   0.04238
  -0.03943
  -0.05520
   0.02148
   0.06219
  -0.00125
  -0.06259
  -0.01911
   0.05638
   0.03745
  -0.04420
  -0.05183
   0.02734
   0.06072
  -0.00759
  -0.06319
  -0.01296
   0.05897
   0.03215
  -0.04851
  -0.04793
   0.03293
   0.05864
  -0.01385
  -0.06314
  -0.00669
   0.06097
   0.02652
  -0.05234
  -0.04354
   0.03818
   0.05596
  -0.01998
  -0.06246
  -0.00034
   0.06235
   0.02062
  -0.05564
  -0.03872
   0.04305
   0.05272
  -0.02590
  -0.06114
   0.00601
   0.06310
   0.01452
  -0.05838
  -0.03350
   0.04748
   0.04895
  -0.03156
  -0.05921
   0.01230
   0.06321
   0.00826
  -0.06052
  -0.02795
   0.05143
   0.04468
  -0.03690
  -0.05668
   0.01846
   0.06269
   0.00193
  -0.06206
  -0.02212
   0.05487
   0.03996
  -0.04187
  -0.05358
   0.02444
   0.06153
  -0.00443
  -0.06297
  -0.01606
   0.05775
   0.03484
  -0.04641
  -0.04994
   0.03017
   0.05975
  -0.01073
  -0.06324
  -0.00984
   0.06004
   0.02937
  -0.05049
  -0.04579
   0.03560
   0.05737
  -0.01694
  -0.06288
  -0.00352
   0.06173
   0.02360
  -0.05406
  -0.04118
   0.04066
   0.05441
  -0.02297
  -0.06188
   0.00284
   0.06280
   0.01759
  -0.05708
  -0.03616
   0.04532
   0.05090
  -0.02876
  -0.06025
   0.00917
   0.06324
   0.01140
  -0.05953
  -0.03077
   0.04952
   0.04687
  -0.03427
  -0.05802
   0.01540
   0.06303
   0.00510
  -0.06137
  -0.02506
   0.05322
   0.04238
  -0.03943
  -0.05520
   0.02148
   0.06219
  -0.00125
  -0.06259
  -0.01911
   0.05638
   0.03745
  -0.04420
  -0.05183
   0.02734
   0.06072
  -0.00759
