  -0.01545
   0.03365
  -0.04855
   0.05870
  -0.06310
   0.06133
  -0.05355
   0.04053
  -0.02355
   0.00426
   0.01545
  -0.03365
   0.04855
  -0.05870
   0.06310
  -0.06133
   0.05355
  -0.04053
   0.02355
  -0.00426
  -0.01545
   0.03365
  -0.04855
   0.05870
  -0.06310
   0.06133
  -0.05355
   0.04053
  -0.02355
   0.00426
   0.01545
  -0.03365
   0.04855
  -0.05870
   0.06310
  -0.06133
   0.05355
  -0.04053
   0.02355
  -0.00426
  -0.01545
   0.03365
  -0.04855
   0.05870
  -0.06310
   0.06133
  -0.05355
   0.04053
  -0.02355
   0.00426
   0.01545
  -0.03365
   0.04855
  -0.05870
   0.06310
  -0.06133
   0.05355
  -0.04053
   0.02355
  -0.00426
  -0.01545
   0.03365
  -0.04855
   0.05870
  -0.06310
   0.06133
  -0.05355
   0.04053
  -0.02355
   0.00426
   0.01545
  -0.03365
   0.04855
  -0.05870
   0.06310
  -0.06133
   0.05355
  -0.04053
   0.02355
  -0.00426
  -0.01545
   0.03365
  -0.04855
   0.05870
  -0.06310
   0.06133
  -0.05355
   0.04053
  -0.02355
   0.00426
   0.01545
  -0.03365
   0.04855
  -0.05870
   0.06310
  -0.06133
   0.05355
  -0.04053
   0.02355
  -0.00426
  -0.01545
   0.03365
  -0.04855
   0.05870
  -0.06310
   0.06133
  -0.05355
   0.04053
  -0.02355
   0.00426
   0.01545
  -0.03365
   0.04855
  -0.05870
   0.06310
  -0.06133
   0.05355
  -0.04053
   0.02355
  -0.00426
  -0.01545
   0.03365
  -0.04855
   0.05870
  -0.06310
   0.06133
  -0.05355
   0.04053
  -0.02355
   0.00426
   0.01545
  -0.03365
   0.04855
  -0.05870
   0.06310
  -0.06133
   0.05355
  -0.04053
   0.02355
  -0.00426
  -0.01545
   0.03365
  -0.04855
   0.05870
  -0.06310
   0.06133
  -0.05355
   0.04053
  -0.02355
   0.00426
   0.01545
  -0.03365
   0.04855
  -0.05870
   0.06310
  -0.06133
   0.05355
  -0.04053
   0.02355
  -0.00426
  -0.01545
   0.03365
  -0.04855
   0.05870
  -0.06310
   0.06133
  -0.05355
   0.04053
  -0.02355
   0.00426
   0.01545
  -0.03365
   0.04855
  -0.05870
   0.06310
  -0.06133
   0.05355
  -0.04053
   0.02355
  -0.00426
  -0.01545
   0.03365
  -0.04855
   0.05870
  -0.06310
   0.06133
  -0.05355
   0.04053
  -0.02355
   0.00426
   0.01545
  -0.03365
   0.04855
  -0.05870
   0.06310
  -0.06133
   0.05355
  -0.04053
   0.02355
  -0.00426
  -0.01545
   0.03365
  -0.04855
   0.05870
  -0.06310
   0.06133
  -0.05355
   0.04053
  -0.02355
   0.00426
   0.01545
  -0.03365
   0.04855
  -0.05870
   0.06310
  -0.06133
   0.05355
  -0.04053
   0.02355
  -0.00426
  -0.01545
   0.03365
  -0.04855
   0.05870
  -0.06310
   0.06133
  -0.05355
   0.04053
  -0.02355
   0.00426
   0.01545
  -0.03365
   0.04855
  -0.05870
   0.06310
  -0.06133
   0.05355
  -0.04053
   0.02355
  -0.00426
  -0.01545
   0.03365
  -0.04855
   0.05870
  -0.06310
   0.06133
  -0.05355
   0.04053
  -0.02355
   0.00426
   0.01545
  -0.03365
   0.04855
  -0.05870
   0.06310
  -0.06133
   0.05355
  -0.04053
   0.02355
  -0.00426
  -0.01545
   0.03365
  -0.04855
   0.05870
  -0.06310
   0.06133
  -0.05355
   0.04053
  -0.02355
   0.00426
   0.01545
  -0.03365
   0.04855
  -0.05870
   0.06310
  -0.06133
   0.05355
  -0.04053
   0.02355
  -0.00426
  -0.01545
   0.03365
  -0.04855
   0.05870
  -0.06310
   0.06133
  -0.05355
   0.04053
  -0.02355
   0.00426
   0.01545
  -0.03365
   0.04855
  -0.05870
   0.06310
  -0.06133
   0.05355
  -0.04053
   0.02355
  -0.00426
  -0.01545
   0.03365
  -0.04855
   0.05870
  -0.06310
   0.06133
  -0.05355
   0.04053
  -0.02355
   0.00426
   0.01545
  -0.03365
   0.04855
  -0.05870
   0.06310
  -0.06133
   0.05355
  -0.04053
   0.02355
  -0.00426
  -0.01545
   0.03365
  -0.04855
   0.05870
  -0.06310
   0.06133
  -0.05355
   0.04053
  -0.02355
   0.00426
   0.01545
  -0.03365
   0.04855
  -0.05870
   0.06310
  -0.06133
   0.05355
  -0.04053
   0.02355
  -0.00426
  -0.01545
   0.03365
  -0.04855
   0.05870
  -0.06310
   0.06133
  -0.05355
   0.04053
  -0.02355
   0.00426
   0.01545
  -0.03365
   0.04855
  -0.05870
   0.06310
  -0.06133
   0.05355
  -0.04053
   0.02355
  -0.00426
  -0.01545
   0.03365
  -0.04855
   0.05870
  -0.06310
   0.06133
  -0.05355
   0.04053
  -0.02355
   0.00426
   0.01545
  -0.03365
   0.04855
  -0.05870
   0.06310
  -0.06133
   0.05355
  -0.04053
   0.02355
  -0.00426
  -0.01545
   0.03365
  -0.04855
   0.05870
  -0.06310
   0.06133
  -0.05355
   0.04053
  -0.02355
   0.00426
   0.01545
  -0.03365
   0.04855
  -0.05870
   0.06310
  -0.06133
   0.05355
  -0.04053
   0.02355
  -0.00426
  -0.01545
   0.03365
  -0.04855
   0.05870
  -0.06310
   0.06133
  -0.05355
   0.04053
  -0.02355
   0.00426
   0.01545
  -0.03365
   0.04855
  -0.05870
   0.06310
  -0.06133
   0.05355
  -0.04053
   0.02355
  -0.00426
  -0.01545
   0.03365
  -0.04855
   0.05870
  -0.06310
   0.06133
  -0.05355
   0.04053
  -0.02355
   0.00426
   0.01545
  -0.03365
   0.04855
  -0.05870
   0.06310
  -0.06133
   0.05355
  -0.04053
   0.02355
  -0.00426
  -0.01545
   0.03365
  -0.04855
   0.05870
  -0.06310
   0.06133
  -0.05355
   0.04053
  -0.02355
   0.00426
   0.01545
  -0.03365
   0.04855
  -0.05870
   0.06310
  -0.06133
   0.05355
  -0.04053
   0.02355
  -0.00426
  -0.01545
   0.03365
  -0.04855
   0.05870
  -0.06310
   0.06133
  -0.05355
   0.04053
  -0.02355
   0.00426
   0.01545
  -0.03365
   0.04855
  -0.05870
   0.06310
  -0.06133
   0.05355
  -0.04053
   0.02355
  -0.00426
  -0.01545
   0.03365
  -0.04855
   0.05870
  -0.06310
   0.06133
  -0.05355
   0.04053
  -0.02355
   0.00426
   0.01545
  -0.03365
   0.04855
  -0.05870
   0.06310
  -0.06133
   0.05355
  -0.04053
   0.02355
  -0.00426
