  -0.04520
  -0.06322
  -0.04250
   0.00426
   0.04841
   0.06290
   0.03885
  -0.00900
  -0.05133
  -0.06222
  -0.03498
   0.01369
   0.05397
   0.06119
   0.03091
  -0.01830
  -0.05630
  -0.05981
  -0.02667
   0.02281
   0.05831
   0.05809
   0.02227
  -0.02719
  -0.05999
  -0.05604
  -0.01775
   0.03141
   0.06133
   0.05367
   0.01313
  -0.03546
  -0.06232
  -0.05100
  -0.00843
   0.03930
   0.06295
   0.04804
   0.00369
  -0.04292
  -0.06323
  -0.04480
   0.00108
   0.04630
   0.06315
   0.04131
  -0.00584
  -0.04941
  -0.06271
  -0.03759
   0.01057
   0.05225
   0.06191
   0.03365
  -0.01524
  -0.05478
  -0.06077
  -0.02952
   0.01982
   0.05701
   0.05927
   0.02522
  -0.02428
  -0.05891
  -0.05744
  -0.02078
   0.02861
   0.06048
   0.05528
   0.01622
  -0.03278
  -0.06170
  -0.05281
  -0.01157
   0.03676
   0.06257
   0.05004
   0.00685
  -0.04053
  -0.06309
  -0.04699
  -0.00210
   0.04408
   0.06324
   0.04366
  -0.00267
  -0.04737
  -0.06304
  -0.04009
   0.00742
   0.05039
   0.06248
   0.03630
  -0.01213
  -0.05313
  -0.06157
  -0.03229
   0.01677
   0.05556
   0.06031
   0.02810
  -0.02132
  -0.05768
  -0.05870
  -0.02375
   0.02574
   0.05947
   0.05676
   0.01927
  -0.03002
  -0.06092
  -0.05449
  -0.01468
   0.03413
   0.06203
   0.05192
   0.01000
  -0.03804
  -0.06278
  -0.04905
  -0.00527
   0.04174
   0.06318
   0.04591
   0.00051
  -0.04520
  -0.06322
  -0.04250
   0.00426
   0.04841
   0.06290
   0.03885
  -0.00900
  -0.05133
  -0.06222
  -0.03498
   0.01369
   0.05397
   0.06119
   0.03091
  -0.01830
  -0.05630
  -0.05981
  -0.02667
   0.02281
   0.05831
   0.05809
   0.02227
  -0.02719
  -0.05999
  -0.05604
  -0.01775
   0.03141
   0.06133
   0.05367
   0.01313
  -0.03546
  -0.06232
  -0.05100
  -0.00843
   0.03930
   0.06295
   0.04804
   0.00369
  -0.04292
  -0.06323
  -0.04480
   0.00108
   0.04630
   0.06315
   0.04131
  -0.00584
  -0.04941
  -0.06271
  -0.03759
   0.01057
   0.05225
   0.06191
   0.03365
  -0.01524
  -0.05478
  -0.06077
  -0.02952
   0.01982
   0.05701
   0.05927
   0.02522
  -0.02428
  -0.05891
  -0.05744
  -0.02078
   0.02861
   0.06048
   0.05528
   0.01622
  -0.03278
  -0.06170
  -0.05281
  -0.01157
   0.03676
   0.06257
   0.05004
   0.00685
  -0.04053
  -0.06309
  -0.04699
  -0.00210
   0.04408
   0.06324
   0.04366
  -0.00267
  -0.04737
  -0.06304
  -0.04009
   0.00742
   0.05039
   0.06248
   0.03630
  -0.01213
  -0.05313
  -0.06157
  -0.03229
   0.01677
   0.05556
   0.06031
   0.02810
  -0.02132
  -0.05768
  -0.05870
  -0.02375
   0.02574
   0.05947
   0.05676
   0.01927
  -0.03002
  -0.06092
  -0.05449
  -0.01468
   0.03413
   0.06203
   0.05192
   0.01000
  -0.03804
  -0.06278
  -0.04905
  -0.00527
   0.04174
   0.06318
   0.04591
   0.00051
  -0.04520
  -0.06322
  -0.04250
   0.00426
   0.04841
   0.06290
   0.03885
  -0.00900
  -0.05133
  -0.06222
  -0.03498
   0.01369
   0.05397
   0.06119
   0.03091
  -0.01830
  -0.05630
  -0.05981
  -0.02667
   0.02281
   0.05831
   0.05809
   0.02227
  -0.02719
  -0.05999
  -0.05604
  -0.01775
   0.03141
   0.06133
   0.05367
   0.01313
  -0.03546
  -0.06232
  -0.05100
  -0.00843
   0.03930
   0.06295
   0.04804
   0.00369
  -0.04292
  -0.06323
  -0.04480
   0.00108
   0.04630
   0.06315
   0.04131
  -0.00584
  -0.04941
  -0.06271
  -0.03759
   0.01057
   0.05225
   0.06191
   0.03365
  -0.01524
  -0.05478
  -0.06077
  -0.02952
   0.01982
   0.05701
   0.05927
   0.02522
  -0.02428
  -0.05891
  -0.05744
  -0.02078
   0.02861
   0.06048
   0.05528
   0.01622
  -0.03278
  -0.06170
  -0.05281
  -0.01157
   0.03676
   0.06257
   0.05004
   0.00685
  -0.04053
  -0.06309
  -0.04699
  -0.00210
   0.04408
   0.06324
   0.04366
  -0.00267
  -0.04737
  -0.06304
  -0.04009
   0.00742
   0.05039
   0.06248
   0.03630
  -0.01213
  -0.05313
  -0.06157
  -0.03229
   0.01677
   0.05556
   0.06031
   0.02810
  -0.02132
  -0.05768
  -0.05870
  -0.02375
   0.02574
   0.05947
   0.05676
   0.01927
  -0.03002
  -0.06092
  -0.05449
  -0.01468
   0.03413
   0.06203
   0.05192
   0.01000
  -0.03804
  -0.06278
  -0.04905
  -0.00527
   0.04174
   0.06318
   0.04591
   0.00051
  -0.04520
  -0.06322
  -0.04250
   0.00426
   0.04841
   0.06290
   0.03885
  -0.00900
  -0.05133
  -0.06222
  -0.03498
   0.01369
   0.05397
   0.06119
   0.03091
  -0.01830
  -0.05630
  -0.05981
  -0.02667
   0.02281
   0.05831
   0.05809
   0.02227
  -0.02719
  -0.05999
  -0.05604
  -0.01775
   0.03141
   0.06133
   0.05367
   0.01313
  -0.03546
  -0.06232
  -0.05100
  -0.00843
   0.03930
   0.06295
   0.04804
   0.00369
  -0.04292
  -0.06323
  -0.04480
   0.00108
   0.04630
   0.06315
   0.04131
  -0.00584
  -0.04941
  -0.06271
  -0.03759
   0.01057
   0.05225
   0.06191
   0.03365
  -0.01524
  -0.05478
  -0.06077
  -0.02952
   0.01982
   0.05701
   0.05927
   0.02522
  -0.02428
  -0.05891
  -0.05744
  -0.02078
   0.02861
   0.06048
   0.05528
   0.01622
  -0.03278
  -0.06170
  -0.05281
  -0.01157
   0.03676
   0.06257
   0.05004
   0.00685
  -0.04053
  -0.06309
  -0.04699
  -0.00210
   0.04408
   0.06324
   0.04366
  -0.00267
  -0.04737
  -0.06304
  -0.04009
   0.00742
   0.05039
   0.06248
   0.03630
  -0.01213
  -0.05313
  -0.06157
  -0.03229
   0.01677
   0.05556
   0.06031
   0.02810
  -0.02132
  -0.05768
  -0.05870
  -0.02375
   0.02574
   0.05947
   0.05676
   0.01927
  -0.03002
  -0.06092
  -0.05449
  -0.01468
   0.03413
   0.06203
   0.05192
   0.01000
  -0.03804
  -0.06278
  -0.04905
  -0.00527
   0.04174
   0.06318
   0.04591
   0.00051
