  -0.00404
  -0.06313
  -0.01178
   0.06017
   0.02686
  -0.05344
  -0.04026
   0.04335
   0.05112
  -0.03053
  -0.05878
   0.01580
   0.06274
  -0.00007
  -0.06276
  -0.01566
   0.05883
   0.03040
  -0.05121
  -0.04324
   0.04037
   0.05336
  -0.02700
  -0.06013
   0.01192
   0.06312
   0.00390
  -0.06214
  -0.01947
   0.05726
   0.03383
  -0.04878
  -0.04605
   0.03723
   0.05539
  -0.02335
  -0.06124
   0.00800
   0.06325
   0.00785
  -0.06128
  -0.02321
   0.05546
   0.03712
  -0.04615
  -0.04868
   0.03395
   0.05720
  -0.01961
  -0.06211
   0.00404
   0.06313
   0.01178
  -0.06017
  -0.02686
   0.05344
   0.04026
  -0.04335
  -0.05112
   0.03053
   0.05878
  -0.01580
  -0.06274
   0.00007
   0.06276
   0.01566
  -0.05883
  -0.03040
   0.05121
   0.04324
  -0.04037
  -0.05336
   0.02700
   0.06013
  -0.01192
  -0.06312
  -0.00390
   0.06214
   0.01947
  -0.05726
  -0.03383
   0.04878
   0.04605
  -0.03723
  -0.05539
   0.02335
   0.06124
  -0.00800
  -0.06325
  -0.00785
   0.06128
   0.02321
  -0.05546
  -0.03712
   0.04615
   0.04868
  -0.03395
  -0.05720
   0.01961
   0.06211
  -0.00404
  -0.06313
  -0.01178
   0.06017
   0.02686
  -0.05344
  -0.04026
   0.04335
   0.05112
  -0.03053
  -0.05878
   0.01580
   0.06274
  -0.00007
  -0.06276
  -0.01566
   0.05883
   0.03040
  -0.05121
  -0.04324
   0.04037
   0.05336
  -0.02700
  -0.06013
   0.01192
   0.06312
   0.00390
  -0.06214
  -0.01947
   0.05726
   0.03383
  -0.04878
  -0.04605
   0.03723
   0.05539
  -0.02335
  -0.06124
   0.00800
   0.06325
   0.00785
  -0.06128
  -0.02321
   0.05546
   0.03712
  -0.04615
  -0.04868
   0.03395
   0.05720
  -0.01961
  -0.06211
   0.00404
   0.06313
   0.01178
  -0.06017
  -0.02686
   0.05344
   0.04026
  -0.04335
  -0.05112
   0.03053
   0.05878
  -0.01580
  -0.06274
   0.00007
   0.06276
   0.01566
  -0.05883
  -0.03040
   0.05121
   0.04324
  -0.04037
  -0.05336
   0.02700
   0.06013
  -0.01192
  -0.06312
  -0.00390
   0.06214
   0.01947
  -0.05726
  -0.03383
   0.04878
   0.04605
  -0.03723
  -0.05539
   0.02335
   0.06124
  -0.00800
  -0.06325
  -0.00785
   0.06128
   0.02321
  -0.05546
  -0.03712
   0.04615
   0.04868
  -0.03395
  -0.05720
   0.01961
   0.06211
  -0.00404
  -0.06313
  -0.01178
   0.06017
   0.02686
  -0.05344
  -0.04026
   0.04335
   0.05112
  -0.03053
  -0.05878
   0.01580
   0.06274
  -0.00007
  -0.06276
  -0.01566
   0.05883
   0.03040
  -0.05121
  -0.04324
   0.04037
   0.05336
  -0.02700
  -0.06013
   0.01192
   0.06312
   0.00390
  -0.06214
  -0.01947
   0.05726
   0.03383
  -0.04878
  -0.04605
   0.03723
   0.05539
  -0.02335
  -0.06124
   0.00800
   0.06325
   0.00785
  -0.06128
  -0.02321
   0.05546
   0.03712
  -0.04615
  -0.04868
   0.03395
   0.05720
  -0.01961
  -0.06211
   0.00404
   0.06313
   0.01178
  -0.06017
  -0.02686
   0.05344
   0.04026
  -0.04335
  -0.05112
   0.03053
   0.05878
  -0.01580
  -0.06274
   0.00007
   0.06276
   0.01566
  -0.05883
  -0.03040
   0.05121
   0.04324
  -0.04037
  -0.05336
   0.02700
   0.06013
  -0.01192
  -0.06312
  -0.00390
   0.06214
   0.01947
  -0.05726
  -0.03383
   0.04878
   0.04605
  -0.03723
  -0.05539
   0.02335
   0.06124
  -0.00800
  -0.06325
  -0.00785
   0.06128
   0.02321
  -0.05546
  -0.03712
   0.04615
   0.04868
  -0.03395
  -0.05720
   0.01961
   0.06211
  -0.00404
  -0.06313
  -0.01178
   0.06017
   0.02686
  -0.05344
  -0.04026
   0.04335
   0.05112
  -0.03053
  -0.05878
   0.01580
   0.06274
  -0.00007
  -0.06276
  -0.01566
   0.05883
   0.03040
  -0.05121
  -0.04324
   0.04037
   0.05336
  -0.02700
  -0.06013
   0.01192
   0.06312
   0.00390
  -0.06214
  -0.01947
   0.05726
   0.03383
  -0.04878
  -0.04605
   0.03723
   0.05539
  -0.02335
  -0.06124
   0.00800
   0.06325
   0.00785
  -0.06128
  -0.02321
   0.05546
   0.03712
  -0.04615
  -0.04868
   0.03395
   0.05720
  -0.01961
  -0.06211
   0.00404
   0.06313
   0.01178
  -0.06017
  -0.02686
   0.05344
   0.04026
  -0.04335
  -0.05112
   0.03053
   0.05878
  -0.01580
  -0.06274
   0.00007
   0.06276
   0.01566
  -0.05883
  -0.03040
   0.05121
   0.04324
  -0.04037
  -0.05336
   0.02700
   0.06013
  -0.01192
  -0.06312
  -0.00390
   0.06214
   0.01947
  -0.05726
  -0.03383
   0.04878
   0.04605
  -0.03723
  -0.05539
   0.02335
   0.06124
  -0.00800
  -0.06325
  -0.00785
   0.06128
   0.02321
  -0.05546
  -0.03712
   0.04615
   0.04868
  -0.03395
  -0.05720
   0.01961
   0.06211
  -0.00404
  -0.06313
  -0.01178
   0.06017
   0.02686
  -0.05344
  -0.04026
   0.04335
   0.05112
  -0.03053
  -0.05878
   0.01580
   0.06274
  -0.00007
  -0.06276
  -0.01566
   0.05883
   0.03040
  -0.05121
  -0.04324
   0.04037
   0.05336
  -0.02700
  -0.06013
   0.01192
   0.06312
   0.00390
  -0.06214
  -0.01947
   0.05726
   0.03383
  -0.04878
  -0.04605
   0.03723
   0.05539
  -0.02335
  -0.06124
   0.00800
   0.06325
   0.00785
  -0.06128
  -0.02321
   0.05546
   0.03712
  -0.04615
  -0.04868
   0.03395
   0.05720
  -0.01961
  -0.06211
   0.00404
   0.06313
   0.01178
  -0.06017
  -0.02686
   0.05344
   0.04026
  -0.04335
  -0.05112
   0.03053
   0.05878
  -0.01580
  -0.06274
   0.00007
   0.06276
   0.01566
  -0.05883
  -0.03040
   0.05121
   0.04324
  -0.04037
  -0.05336
   0.02700
   0.06013
  -0.01192
  -0.06312
  -0.00390
   0.06214
   0.01947
  -0.05726
  -0.03383
   0.04878
   0.04605
  -0.03723
  -0.05539
   0.02335
   0.06124
  -0.00800
  -0.06325
  -0.00785
   0.06128
   0.02321
  -0.05546
  -0.03712
   0.04615
   0.04868
  -0.03395
  -0.05720
   0.01961
   0.06211
