   0.01306
  -0.05401
  -0.04901
   0.02138
   0.06324
   0.02072
  -0.04946
  -0.05363
   0.01375
   0.06279
   0.02804
  -0.04412
  -0.05741
   0.00591
   0.06135
   0.03493
  -0.03810
  -0.06028
  -0.00203
   0.05893
   0.04126
  -0.03147
  -0.06221
  -0.00994
   0.05559
   0.04694
  -0.02435
  -0.06315
  -0.01769
   0.05137
   0.05188
  -0.01684
  -0.06309
  -0.02516
   0.04635
   0.05601
  -0.00907
  -0.06204
  -0.03223
   0.04059
   0.05925
  -0.00115
  -0.06001
  -0.03880
   0.03419
   0.06155
   0.00679
  -0.05704
  -0.04475
   0.02725
   0.06289
   0.01461
  -0.05316
  -0.05000
   0.01988
   0.06323
   0.02221
  -0.04845
  -0.05446
   0.01220
   0.06258
   0.02946
  -0.04297
  -0.05806
   0.00432
   0.06094
   0.03624
  -0.03682
  -0.06075
  -0.00362
   0.05834
   0.04245
  -0.03008
  -0.06247
  -0.01150
   0.05482
   0.04799
  -0.02287
  -0.06322
  -0.01921
   0.05043
   0.05278
  -0.01530
  -0.06296
  -0.02661
   0.04525
   0.05673
  -0.00749
  -0.06171
  -0.03359
   0.03935
   0.05979
   0.00044
  -0.05949
  -0.04004
   0.03284
   0.06190
   0.00836
  -0.05633
  -0.04586
   0.02581
   0.06304
   0.01616
  -0.05228
  -0.05096
   0.01837
   0.06318
   0.02369
  -0.04741
  -0.05525
   0.01064
   0.06233
   0.03085
  -0.04179
  -0.05867
   0.00274
   0.06050
   0.03753
  -0.03551
  -0.06117
  -0.00520
   0.05771
   0.04361
  -0.02867
  -0.06270
  -0.01306
   0.05401
   0.04901
  -0.02138
  -0.06324
  -0.02072
   0.04946
   0.05363
  -0.01375
  -0.06279
  -0.02804
   0.04412
   0.05741
  -0.00591
  -0.06135
  -0.03493
   0.03810
   0.06028
   0.00203
  -0.05893
  -0.04126
   0.03147
   0.06221
   0.00994
  -0.05559
  -0.04694
   0.02435
   0.06315
   0.01769
  -0.05137
  -0.05188
   0.01684
   0.06309
   0.02516
  -0.04635
  -0.05601
   0.00907
   0.06204
   0.03223
  -0.04059
  -0.05925
   0.00115
   0.06001
   0.03880
  -0.03419
  -0.06155
  -0.00679
   0.05704
   0.04475
  -0.02725
  -0.06289
  -0.01461
   0.05316
   0.05000
  -0.01988
  -0.06323
  -0.02221
   0.04845
   0.05446
  -0.01220
  -0.06258
  -0.02946
   0.04297
   0.05806
  -0.00432
  -0.06094
  -0.03624
   0.03682
   0.06075
   0.00362
  -0.05834
  -0.04245
   0.03008
   0.06247
   0.01150
  -0.05482
  -0.04799
   0.02287
   0.06322
   0.01921
  -0.05043
  -0.05278
   0.01530
   0.06296
   0.02661
  -0.04525
  -0.05673
   0.00749
   0.06171
   0.03359
  -0.03935
  -0.05979
  -0.00044
   0.05949
   0.04004
  -0.03284
  -0.06190
  -0.00836
   0.05633
   0.04586
  -0.02581
  -0.06304
  -0.01616
   0.05228
   0.05096
  -0.01837
  -0.06318
  -0.02369
   0.04741
   0.05525
  -0.01064
  -0.06233
  -0.03085
   0.04179
   0.05867
  -0.00274
  -0.06050
  -0.03753
   0.03551
   0.06117
   0.00520
  -0.05771
  -0.04361
   0.02867
   0.06270
   0.01306
  -0.05401
  -0.04901
   0.02138
   0.06324
   0.02072
  -0.04946
  -0.05363
   0.01375
   0.06279
   0.02804
  -0.04412
  -0.05741
   0.00591
   0.06135
   0.03493
  -0.03810
  -0.06028
  -0.00203
   0.05893
   0.04126
  -0.03147
  -0.06221
  -0.00994
   0.05559
   0.04694
  -0.02435
  -0.06315
  -0.01769
   0.05137
   0.05188
  -0.01684
  -0.06309
  -0.02516
   0.04635
   0.05601
  -0.00907
  -0.06204
  -0.03223
   0.04059
   0.05925
  -0.00115
  -0.06001
  -0.03880
   0.03419
   0.06155
   0.00679
  -0.05704
  -0.04475
   0.02725
   0.06289
   0.01461
  -0.05316
  -0.05000
   0.01988
   0.06323
   0.02221
  -0.04845
  -0.05446
   0.01220
   0.06258
   0.02946
  -0.04297
  -0.05806
   0.00432
   0.06094
   0.03624
  -0.03682
  -0.06075
  -0.00362
   0.05834
   0.04245
  -0.03008
  -0.06247
  -0.01150
   0.05482
   0.04799
  -0.02287
  -0.06322
  -0.01921
   0.05043
   0.05278
  -0.01530
  -0.06296
  -0.02661
   0.04525
   0.05673
  -0.00749
  -0.06171
  -0.03359
   0.03935
   0.05979
   0.00044
  -0.05949
  -0.04004
   0.03284
   0.06190
   0.00836
  -0.05633
  -0.04586
   0.02581
   0.06304
   0.01616
  -0.05228
  -0.05096
   0.01837
   0.06318
   0.02369
  -0.04741
  -0.05525
   0.01064
   0.06233
   0.03085
  -0.04179
  -0.05867
   0.00274
   0.06050
   0.03753
  -0.03551
  -0.06117
  -0.00520
   0.05771
   0.04361
  -0.02867
  -0.06270
  -0.01306
   0.05401
   0.04901
  -0.02138
  -0.06324
  -0.02072
   0.04946
   0.05363
  -0.01375
  -0.06279
  -0.02804
   0.04412
   0.05741
  -0.00591
  -0.06135
  -0.03493
   0.03810
   0.06028
   0.00203
  -0.05893
  -0.04126
   0.03147
   0.06221
   0.00994
  -0.05559
  -0.04694
   0.02435
   0.06315
   0.01769
  -0.05137
  -0.05188
   0.01684
   0.06309
   0.02516
  -0.04635
  -0.05601
   0.00907
   0.06204
   0.03223
  -0.04059
  -0.05925
   0.00115
   0.06001
   0.03880
  -0.03419
  -0.06155
  -0.00679
   0.05704
   0.04475
  -0.02725
  -0.06289
  -0.01461
   0.05316
   0.05000
  -0.01988
  -0.06323
  -0.02221
   0.04845
   0.05446
  -0.01220
  -0.06258
  -0.02946
   0.04297
   0.05806
  -0.00432
  -0.06094
  -0.03624
   0.03682
   0.06075
   0.00362
  -0.05834
  -0.04245
   0.03008
   0.06247
   0.01150
  -0.05482
  -0.04799
   0.02287
   0.06322
   0.01921
  -0.05043
  -0.05278
   0.01530
   0.06296
   0.02661
  -0.04525
  -0.05673
   0.00749
   0.06171
   0.03359
  -0.03935
  -0.05979
  -0.00044
   0.05949
   0.04004
  -0.03284
  -0.06190
  -0.00836
   0.05633
   0.04586
  -0.02581
  -0.06304
  -0.01616
   0.05228
   0.05096
  -0.01837
  -0.06318
  -0.02369
   0.04741
   0.05525
  -0.01064
  -0.06233
  -0.03085
   0.04179
   0.05867
  -0.00274
  -0.06050
  -0.03753
   0.03551
   0.06117
   0.00520
  -0.05771
  -0.04361
   0.02867
   0.06270
