  -0.03685
   0.05635
  -0.06324
   0.05599
  -0.03621
   0.00833
   0.02142
  -0.04637
   0.06095
  -0.06189
   0.04899
  -0.02512
  -0.00436
   0.03287
  -0.05403
   0.06309
  -0.05805
   0.04001
  -0.01303
  -0.01687
   0.04300
  -0.05950
   0.06270
  -0.05186
   0.02942
  -0.00040
  -0.02871
   0.05140
  -0.06259
   0.05977
  -0.04359
   0.01765
   0.01224
  -0.03938
   0.05772
  -0.06314
   0.05444
  -0.03356
   0.00517
   0.02438
  -0.04847
   0.06172
  -0.06116
   0.04692
  -0.02218
  -0.00753
   0.03554
  -0.05561
   0.06323
  -0.05671
   0.03750
  -0.00990
  -0.01992
   0.04528
  -0.06051
   0.06220
  -0.04998
   0.02657
   0.00277
  -0.03150
   0.05318
  -0.06296
   0.05866
  -0.04123
   0.01458
   0.01534
  -0.04182
   0.05895
  -0.06289
   0.05276
  -0.03082
   0.00199
   0.02728
  -0.05045
   0.06234
  -0.06027
   0.04473
  -0.01917
  -0.01067
   0.03813
  -0.05705
   0.06321
  -0.05523
   0.03489
  -0.00675
  -0.02291
   0.04744
  -0.06135
   0.06155
  -0.04797
   0.02366
   0.00595
  -0.03422
   0.05484
  -0.06318
   0.05740
  -0.03877
   0.01147
   0.01840
  -0.04415
   0.06002
  -0.06247
   0.05094
  -0.02801
  -0.00119
   0.03011
  -0.05231
   0.06279
  -0.05923
   0.04242
  -0.01612
  -0.01379
   0.04061
  -0.05835
   0.06304
  -0.05362
   0.03220
  -0.00358
  -0.02584
   0.04948
  -0.06205
   0.06074
  -0.04584
   0.02068
   0.00910
  -0.03685
   0.05635
  -0.06324
   0.05599
  -0.03621
   0.00833
   0.02142
  -0.04637
   0.06095
  -0.06189
   0.04899
  -0.02512
  -0.00436
   0.03287
  -0.05403
   0.06309
  -0.05805
   0.04001
  -0.01303
  -0.01687
   0.04300
  -0.05950
   0.06270
  -0.05186
   0.02942
  -0.00040
  -0.02871
   0.05140
  -0.06259
   0.05977
  -0.04359
   0.01765
   0.01224
  -0.03938
   0.05772
  -0.06314
   0.05444
  -0.03356
   0.00517
   0.02438
  -0.04847
   0.06172
  -0.06116
   0.04692
  -0.02218
  -0.00753
   0.03554
  -0.05561
   0.06323
  -0.05671
   0.03750
  -0.00990
  -0.01992
   0.04528
  -0.06051
   0.06220
  -0.04998
   0.02657
   0.00277
  -0.03150
   0.05318
  -0.06296
   0.05866
  -0.04123
   0.01458
   0.01534
  -0.04182
   0.05895
  -0.06289
   0.05276
  -0.03082
   0.00199
   0.02728
  -0.05045
   0.06234
  -0.06027
   0.04473
  -0.01917
  -0.01067
   0.03813
  -0.05705
   0.06321
  -0.05523
   0.03489
  -0.00675
  -0.02291
   0.04744
  -0.06135
   0.06155
  -0.04797
   0.02366
   0.00595
  -0.03422
   0.05484
  -0.06318
   0.05740
  -0.03877
   0.01147
   0.01840
  -0.04415
   0.06002
  -0.06247
   0.05094
  -0.02801
  -0.00119
   0.03011
  -0.05231
   0.06279
  -0.05923
   0.04242
  -0.01612
  -0.01379
   0.04061
  -0.05835
   0.06304
  -0.05362
   0.03220
  -0.00358
  -0.02584
   0.04948
  -0.06205
   0.06074
  -0.04584
   0.02068
   0.00910
  -0.03685
   0.05635
  -0.06324
   0.05599
  -0.03621
   0.00833
   0.02142
  -0.04637
   0.06095
  -0.06189
   0.04899
  -0.02512
  -0.00436
   0.03287
  -0.05403
   0.06309
  -0.05805
   0.04001
  -0.01303
  -0.01687
   0.04300
  -0.05950
   0.06270
  -0.05186
   0.02942
  -0.00040
  -0.02871
   0.05140
  -0.06259
   0.05977
  -0.04359
   0.01765
   0.01224
  -0.03938
   0.05772
  -0.06314
   0.05444
  -0.03356
   0.00517
   0.02438
  -0.04847
   0.06172
  -0.06116
   0.04692
  -0.02218
  -0.00753
   0.03554
  -0.05561
   0.06323
  -0.05671
   0.03750
  -0.00990
  -0.01992
   0.04528
  -0.06051
   0.06220
  -0.04998
   0.02657
   0.00277
  -0.03150
   0.05318
  -0.06296
   0.05866
  -0.04123
   0.01458
   0.01534
  -0.04182
   0.05895
  -0.06289
   0.05276
  -0.03082
   0.00199
   0.02728
  -0.05045
   0.06234
  -0.06027
   0.04473
  -0.01917
  -0.01067
   0.03813
  -0.05705
   0.06321
  -0.05523
   0.03489
  -0.00675
  -0.02291
   0.04744
  -0.06135
   0.06155
  -0.04797
   0.02366
   0.00595
  -0.03422
   0.05484
  -0.06318
   0.05740
  -0.03877
   0.01147
   0.01840
  -0.04415
   0.06002
  -0.06247
   0.05094
  -0.02801
  -0.00119
   0.03011
  -0.05231
   0.06279
  -0.05923
   0.04242
  -0.01612
  -0.01379
   0.04061
  -0.05835
   0.06304
  -0.05362
   0.03220
  -0.00358
  -0.02584
   0.04948
  -0.06205
   0.06074
  -0.04584
   0.02068
   0.00910
  -0.03685
   0.05635
  -0.06324
   0.05599
  -0.03621
   0.00833
   0.02142
  -0.04637
   0.06095
  -0.06189
   0.04899
  -0.02512
  -0.00436
   0.03287
  -0.05403
   0.06309
  -0.05805
   0.04001
  -0.01303
  -0.01687
   0.04300
  -0.05950
   0.06270
  -0.05186
   0.02942
  -0.00040
  -0.02871
   0.05140
  -0.06259
   0.05977
  -0.04359
   0.01765
   0.01224
  -0.03938
   0.05772
  -0.06314
   0.05444
  -0.03356
   0.00517
   0.02438
  -0.04847
   0.06172
  -0.06116
   0.04692
  -0.02218
  -0.00753
   0.03554
  -0.05561
   0.06323
  -0.05671
   0.03750
  -0.00990
  -0.01992
   0.04528
  -0.06051
   0.06220
  -0.04998
   0.02657
   0.00277
  -0.03150
   0.05318
  -0.06296
   0.05866
  -0.04123
   0.01458
   0.01534
  -0.04182
   0.05895
  -0.06289
   0.05276
  -0.03082
   0.00199
   0.02728
  -0.05045
   0.06234
  -0.06027
   0.04473
  -0.01917
  -0.01067
   0.03813
  -0.05705
   0.06321
  -0.05523
   0.03489
  -0.00675
  -0.02291
   0.04744
  -0.06135
   0.06155
  -0.04797
   0.02366
   0.00595
  -0.03422
   0.05484
  -0.06318
   0.05740
  -0.03877
   0.01147
   0.01840
  -0.04415
   0.06002
  -0.06247
   0.05094
  -0.02801
  -0.00119
   0.03011
  -0.05231
   0.06279
  -0.05923
   0.04242
  -0.01612
  -0.01379
   0.04061
  -0.05835
   0.06304
  -0.05362
   0.03220
  -0.00358
  -0.02584
   0.04948
  -0.06205
   0.06074
  -0.04584
   0.02068
   0.00910
