   0.03259
  -0.03902
  -0.06041
  -0.00404
   0.05753
   0.04505
  -0.02542
  -0.06317
  -0.01961
   0.04919
   0.05467
  -0.01022
  -0.06196
  -0.03395
   0.03776
   0.06086
   0.00562
  -0.05685
  -0.04615
   0.02396
   0.06323
   0.02111
  -0.04818
  -0.05546
   0.00865
   0.06162
   0.03528
  -0.03647
  -0.06128
  -0.00721
   0.05614
   0.04722
  -0.02248
  -0.06325
  -0.02260
   0.04713
   0.05620
  -0.00707
  -0.06124
  -0.03658
   0.03516
   0.06165
   0.00878
  -0.05539
  -0.04826
   0.02099
   0.06322
   0.02408
  -0.04606
  -0.05691
   0.00549
   0.06083
   0.03787
  -0.03383
  -0.06198
  -0.01035
   0.05461
   0.04928
  -0.01948
  -0.06316
  -0.02554
   0.04495
   0.05759
  -0.00390
  -0.06037
  -0.03913
   0.03248
   0.06228
   0.01192
  -0.05379
  -0.05026
   0.01796
   0.06306
   0.02699
  -0.04382
  -0.05823
   0.00232
   0.05988
   0.04037
  -0.03110
  -0.06254
  -0.01347
   0.05293
   0.05121
  -0.01643
  -0.06292
  -0.02842
   0.04266
   0.05883
  -0.00073
  -0.05935
  -0.04158
   0.02971
   0.06276
   0.01502
  -0.05205
  -0.05212
   0.01489
   0.06274
   0.02983
  -0.04147
  -0.05939
  -0.00086
   0.05878
   0.04276
  -0.02830
  -0.06293
  -0.01656
   0.05113
   0.05301
  -0.01334
  -0.06252
  -0.03122
   0.04026
   0.05992
   0.00245
  -0.05817
  -0.04392
   0.02687
   0.06307
   0.01809
  -0.05018
  -0.05386
   0.01178
   0.06226
   0.03259
  -0.03902
  -0.06041
  -0.00404
   0.05753
   0.04505
  -0.02542
  -0.06317
  -0.01961
   0.04919
   0.05467
  -0.01022
  -0.06196
  -0.03395
   0.03776
   0.06086
   0.00562
  -0.05685
  -0.04615
   0.02396
   0.06323
   0.02111
  -0.04818
  -0.05546
   0.00865
   0.06162
   0.03528
  -0.03647
  -0.06128
  -0.00721
   0.05614
   0.04722
  -0.02248
  -0.06325
  -0.02260
   0.04713
   0.05620
  -0.00707
  -0.06124
  -0.03658
   0.03516
   0.06165
   0.00878
  -0.05539
  -0.04826
   0.02099
   0.06322
   0.02408
  -0.04606
  -0.05691
   0.00549
   0.06083
   0.03787
  -0.03383
  -0.06198
  -0.01035
   0.05461
   0.04928
  -0.01948
  -0.06316
  -0.02554
   0.04495
   0.05759
  -0.00390
  -0.06037
  -0.03913
   0.03248
   0.06228
   0.01192
  -0.05379
  -0.05026
   0.01796
   0.06306
   0.02699
  -0.04382
  -0.05823
   0.00232
   0.05988
   0.04037
  -0.03110
  -0.06254
  -0.01347
   0.05293
   0.05121
  -0.01643
  -0.06292
  -0.02842
   0.04266
   0.05883
  -0.00073
  -0.05935
  -0.04158
   0.02971
   0.06276
   0.01502
  -0.05205
  -0.05212
   0.01489
   0.06274
   0.02983
  -0.04147
  -0.05939
  -0.00086
   0.05878
   0.04276
  -0.02830
  -0.06293
  -0.01656
   0.05113
   0.05301
  -0.01334
  -0.06252
  -0.03122
   0.04026
   0.05992
   0.00245
  -0.05817
  -0.04392
   0.02687
   0.06307
   0.01809
  -0.05018
  -0.05386
   0.01178
   0.06226
   0.03259
  -0.03902
  -0.06041
  -0.00404
   0.05753
   0.04505
  -0.02542
  -0.06317
  -0.01961
   0.04919
   0.05467
  -0.01022
  -0.06196
  -0.03395
   0.03776
   0.06086
   0.00562
  -0.05685
  -0.04615
   0.02396
   0.06323
   0.02111
  -0.04818
  -0.05546
   0.00865
   0.06162
   0.03528
  -0.03647
  -0.06128
  -0.00721
   0.05614
   0.04722
  -0.02248
  -0.06325
  -0.02260
   0.04713
   0.05620
  -0.00707
  -0.06124
  -0.03658
   0.03516
   0.06165
   0.00878
  -0.05539
  -0.04826
   0.02099
   0.06322
   0.02408
  -0.04606
  -0.05691
   0.00549
   0.06083
   0.03787
  -0.03383
  -0.06198
  -0.01035
   0.05461
   0.04928
  -0.01948
  -0.06316
  -0.02554
   0.04495
   0.05759
  -0.00390
  -0.06037
  -0.03913
   0.03248
   0.06228
   0.01192
  -0.05379
  -0.05026
   0.01796
   0.06306
   0.02699
  -0.04382
  -0.05823
   0.00232
   0.05988
   0.04037
  -0.03110
  -0.06254
  -0.01347
   0.05293
   0.05121
  -0.01643
  -0.06292
  -0.02842
   0.04266
   0.05883
  -0.00073
  -0.05935
  -0.04158
   0.02971
   0.06276
   0.01502
  -0.05205
  -0.05212
   0.01489
   0.06274
   0.02983
  -0.04147
  -0.05939
  -0.00086
   0.05878
   0.04276
  -0.02830
  -0.06293
  -0.01656
   0.05113
   0.05301
  -0.01334
  -0.06252
  -0.03122
   0.04026
   0.05992
   0.00245
  -0.05817
  -0.04392
   0.02687
   0.06307
   0.01809
  -0.05018
  -0.05386
   0.01178
   0.06226
   0.03259
  -0.03902
  -0.06041
  -0.00404
   0.05753
   0.04505
  -0.02542
  -0.06317
  -0.01961
   0.04919
   0.05467
  -0.01022
  -0.06196
  -0.03395
   0.03776
   0.06086
   0.00562
  -0.05685
  -0.04615
   0.02396
   0.06323
   0.02111
  -0.04818
  -0.05546
   0.00865
   0.06162
   0.03528
  -0.03647
  -0.06128
  -0.00721
   0.05614
   0.04722
  -0.02248
  -0.06325
  -0.02260
   0.04713
   0.05620
  -0.00707
  -0.06124
  -0.03658
   0.03516
   0.06165
   0.00878
  -0.05539
  -0.04826
   0.02099
   0.06322
   0.02408
  -0.04606
  -0.05691
   0.00549
   0.06083
   0.03787
  -0.03383
  -0.06198
  -0.01035
   0.05461
   0.04928
  -0.01948
  -0.06316
  -0.02554
   0.04495
   0.05759
  -0.00390
  -0.06037
  -0.03913
   0.03248
   0.06228
   0.01192
  -0.05379
  -0.05026
   0.01796
   0.06306
   0.02699
  -0.04382
  -0.05823
   0.00232
   0.05988
   0.04037
  -0.03110
  -0.06254
  -0.01347
   0.05293
   0.05121
  -0.01643
  -0.06292
  -0.02842
   0.04266
   0.05883
  -0.00073
  -0.05935
  -0.04158
   0.02971
   0.06276
   0.01502
  -0.05205
  -0.05212
   0.01489
   0.06274
   0.02983
  -0.04147
  -0.05939
  -0.00086
   0.05878
   0.04276
  -0.02830
  -0.06293
  -0.01656
   0.05113
   0.05301
  -0.01334
  -0.06252
  -0.03122
   0.04026
   0.05992
   0.00245
  -0.05817
  -0.04392
   0.02687
   0.06307
   0.01809
  -0.05018
  -0.05386
   0.01178
   0.06226
