  -0.00701
   0.01173
  -0.01638
   0.02093
  -0.02537
   0.02966
  -0.03378
   0.03771
  -0.04143
   0.04491
  -0.04814
   0.05109
  -0.05376
   0.05611
  -0.05815
   0.05986
  -0.06123
   0.06225
  -0.06291
   0.06322
  -0.06317
   0.06276
  -0.06200
   0.06088
  -0.05941
   0.05761
  -0.05548
   0.05304
  -0.05029
   0.04726
  -0.04396
   0.04041
  -0.03663
   0.03264
  -0.02847
   0.02414
  -0.01966
   0.01508
  -0.01041
   0.00568
  -0.00092
  -0.00385
   0.00859
  -0.01329
   0.01791
  -0.02242
   0.02681
  -0.03105
   0.03512
  -0.03898
   0.04262
  -0.04602
   0.04916
  -0.05201
   0.05458
  -0.05683
   0.05876
  -0.06035
   0.06161
  -0.06251
   0.06306
  -0.06325
   0.06308
  -0.06255
   0.06166
  -0.06043
   0.05885
  -0.05694
   0.05470
  -0.05216
   0.04931
  -0.04619
   0.04280
  -0.03918
   0.03532
  -0.03127
   0.02704
  -0.02266
   0.01815
  -0.01353
   0.00884
  -0.00410
  -0.00067
   0.00543
  -0.01016
   0.01483
  -0.01942
   0.02390
  -0.02825
   0.03243
  -0.03643
   0.04022
  -0.04378
   0.04709
  -0.05014
   0.05290
  -0.05536
   0.05751
  -0.05933
   0.06081
  -0.06195
   0.06273
  -0.06316
   0.06323
  -0.06294
   0.06229
  -0.06129
   0.05994
  -0.05825
   0.05623
  -0.05389
   0.05124
  -0.04830
   0.04509
  -0.04162
   0.03792
  -0.03400
   0.02988
  -0.02560
   0.02117
  -0.01662
   0.01197
  -0.00726
   0.00251
   0.00226
  -0.00701
   0.01173
  -0.01638
   0.02093
  -0.02537
   0.02966
  -0.03378
   0.03771
  -0.04143
   0.04491
  -0.04814
   0.05109
  -0.05376
   0.05611
  -0.05815
   0.05986
  -0.06123
   0.06225
  -0.06291
   0.06322
  -0.06317
   0.06276
  -0.06200
   0.06088
  -0.05941
   0.05761
  -0.05548
   0.05304
  -0.05029
   0.04726
  -0.04396
   0.04041
  -0.03663
   0.03264
  -0.02847
   0.02414
  -0.01966
   0.01508
  -0.01041
   0.00568
  -0.00092
  -0.00385
   0.00859
  -0.01329
   0.01791
  -0.02242
   0.02681
  -0.03105
   0.03512
  -0.03898
   0.04262
  -0.04602
   0.04916
  -0.05201
   0.05458
  -0.05683
   0.05876
  -0.06035
   0.06161
  -0.06251
   0.06306
  -0.06325
   0.06308
  -0.06255
   0.06166
  -0.06043
   0.05885
  -0.05694
   0.05470
  -0.05216
   0.04931
  -0.04619
   0.04280
  -0.03918
   0.03532
  -0.03127
   0.02704
  -0.02266
   0.01815
  -0.01353
   0.00884
  -0.00410
  -0.00067
   0.00543
  -0.01016
   0.01483
  -0.01942
   0.02390
  -0.02825
   0.03243
  -0.03643
   0.04022
  -0.04378
   0.04709
  -0.05014
   0.05290
  -0.05536
   0.05751
  -0.05933
   0.06081
  -0.06195
   0.06273
  -0.06316
   0.06323
  -0.06294
   0.06229
  -0.06129
   0.05994
  -0.05825
   0.05623
  -0.05389
   0.05124
  -0.04830
   0.04509
  -0.04162
   0.03792
  -0.03400
   0.02988
  -0.02560
   0.02117
  -0.01662
   0.01197
  -0.00726
   0.00251
   0.00226
  -0.00701
   0.01173
  -0.01638
   0.02093
  -0.02537
   0.02966
  -0.03378
   0.03771
  -0.04143
   0.04491
  -0.04814
   0.05109
  -0.05376
   0.05611
  -0.05815
   0.05986
  -0.06123
   0.06225
  -0.06291
   0.06322
  -0.06317
   0.06276
  -0.06200
   0.06088
  -0.05941
   0.05761
  -0.05548
   0.05304
  -0.05029
   0.04726
  -0.04396
   0.04041
  -0.03663
   0.03264
  -0.02847
   0.02414
  -0.01966
   0.01508
  -0.01041
   0.00568
  -0.00092
  -0.00385
   0.00859
  -0.01329
   0.01791
  -0.02242
   0.02681
  -0.03105
   0.03512
  -0.03898
   0.04262
  -0.04602
   0.04916
  -0.05201
   0.05458
  -0.05683
   0.05876
  -0.06035
   0.06161
  -0.06251
   0.06306
  -0.06325
   0.06308
  -0.06255
   0.06166
  -0.06043
   0.05885
  -0.05694
   0.05470
  -0.05216
   0.04931
  -0.04619
   0.04280
  -0.03918
   0.03532
  -0.03127
   0.02704
  -0.02266
   0.01815
  -0.01353
   0.00884
  -0.00410
  -0.00067
   0.00543
  -0.01016
   0.01483
  -0.01942
   0.02390
  -0.02825
   0.03243
  -0.03643
   0.04022
  -0.04378
   0.04709
  -0.05014
   0.05290
  -0.05536
   0.05751
  -0.05933
   0.06081
  -0.06195
   0.06273
  -0.06316
   0.06323
  -0.06294
   0.06229
  -0.06129
   0.05994
  -0.05825
   0.05623
  -0.05389
   0.05124
  -0.04830
   0.04509
  -0.04162
   0.03792
  -0.03400
   0.02988
  -0.02560
   0.02117
  -0.01662
   0.01197
  -0.00726
   0.00251
   0.00226
  -0.00701
   0.01173
  -0.01638
   0.02093
  -0.02537
   0.02966
  -0.03378
   0.03771
  -0.04143
   0.04491
  -0.04814
   0.05109
  -0.05376
   0.05611
  -0.05815
   0.05986
  -0.06123
   0.06225
  -0.06291
   0.06322
  -0.06317
   0.06276
  -0.06200
   0.06088
  -0.05941
   0.05761
  -0.05548
   0.05304
  -0.05029
   0.04726
  -0.04396
   0.04041
  -0.03663
   0.03264
  -0.02847
   0.02414
  -0.01966
   0.01508
  -0.01041
   0.00568
  -0.00092
  -0.00385
   0.00859
  -0.01329
   0.01791
  -0.02242
   0.02681
  -0.03105
   0.03512
  -0.03898
   0.04262
  -0.04602
   0.04916
  -0.05201
   0.05458
  -0.05683
   0.05876
  -0.06035
   0.06161
  -0.06251
   0.06306
  -0.06325
   0.06308
  -0.06255
   0.06166
  -0.06043
   0.05885
  -0.05694
   0.05470
  -0.05216
   0.04931
  -0.04619
   0.04280
  -0.03918
   0.03532
  -0.03127
   0.02704
  -0.02266
   0.01815
  -0.01353
   0.00884
  -0.00410
  -0.00067
   0.00543
  -0.01016
   0.01483
  -0.01942
   0.02390
  -0.02825
   0.03243
  -0.03643
   0.04022
  -0.04378
   0.04709
  -0.05014
   0.05290
  -0.05536
   0.05751
  -0.05933
   0.06081
  -0.06195
   0.06273
  -0.06316
   0.06323
  -0.06294
   0.06229
  -0.06129
   0.05994
  -0.05825
   0.05623
  -0.05389
   0.05124
  -0.04830
   0.04509
  -0.04162
   0.03792
  -0.03400
   0.02988
  -0.02560
   0.02117
  -0.01662
   0.01197
  -0.00726
   0.00251
   0.00226
