  -0.06320
  -0.06306
  -0.06283
  -0.06252
  -0.06211
  -0.06162
  -0.06104
  -0.06037
  -0.05962
  -0.05878
  -0.05786
  -0.05685
  -0.05577
  -0.05460
  -0.05336
  -0.05205
  -0.05065
  -0.04919
  -0.04766
  -0.04606
  -0.04439
  -0.04266
  -0.04087
  -0.03902
  -0.03712
  -0.03516
  -0.03316
  -0.03110
  -0.02900
  -0.02687
  -0.02469
  -0.02248
  -0.02023
  -0.01796
  -0.01566
  -0.01334
  -0.01100
  -0.00865
  -0.00628
  -0.00390
  -0.00152
   0.00086
   0.00325
   0.00563
   0.00800
   0.01036
   0.01270
   0.01503
   0.01733
   0.01961
   0.02186
   0.02408
   0.02627
   0.02842
   0.03053
   0.03260
   0.03462
   0.03659
   0.03850
   0.04037
   0.04217
   0.04392
   0.04560
   0.04722
   0.04878
   0.05026
   0.05167
   0.05301
   0.05427
   0.05546
   0.05656
   0.05759
   0.05853
   0.05939
   0.06017
   0.06086
   0.06147
   0.06199
   0.06241
   0.06276
   0.06301
   0.06317
   0.06324
   0.06322
   0.06312
   0.06292
   0.06263
   0.06226
   0.06179
   0.06124
   0.06060
   0.05988
   0.05907
   0.05817
   0.05720
   0.05614
   0.05500
   0.05378
   0.05249
   0.05113
   0.04969
   0.04818
   0.04660
   0.04495
   0.04324
   0.04147
   0.03964
   0.03776
   0.03582
   0.03383
   0.03179
   0.02971
   0.02758
   0.02542
   0.02322
   0.02098
   0.01872
   0.01643
   0.01412
   0.01178
   0.00943
   0.00707
   0.00469
   0.00231
  -0.00007
  -0.00245
  -0.00483
  -0.00721
  -0.00957
  -0.01192
  -0.01425
  -0.01656
  -0.01885
  -0.02112
  -0.02335
  -0.02555
  -0.02771
  -0.02983
  -0.03191
  -0.03395
  -0.03593
  -0.03787
  -0.03975
  -0.04158
  -0.04335
  -0.04505
  -0.04669
  -0.04827
  -0.04977
  -0.05121
  -0.05257
  -0.05386
  -0.05507
  -0.05620
  -0.05726
  -0.05823
  -0.05912
  -0.05992
  -0.06064
  -0.06128
  -0.06182
  -0.06228
  -0.06265
  -0.06293
  -0.06313
  -0.06323
  -0.06324
  -0.06316
  -0.06299
  -0.06274
  -0.06239
  -0.06196
  -0.06143
  -0.06082
  -0.06013
  -0.05935
  -0.05848
  -0.05753
  -0.05650
  -0.05539
  -0.05420
  -0.05293
  -0.05159
  -0.05017
  -0.04869
  -0.04713
  -0.04551
  -0.04382
  -0.04207
  -0.04026
  -0.03839
  -0.03647
  -0.03450
  -0.03248
  -0.03041
  -0.02830
  -0.02614
  -0.02395
  -0.02173
  -0.01948
  -0.01720
  -0.01489
  -0.01256
  -0.01022
  -0.00786
  -0.00549
  -0.00311
  -0.00072
   0.00166
   0.00404
   0.00642
   0.00878
   0.01114
   0.01348
   0.01580
   0.01809
   0.02036
   0.02261
   0.02482
   0.02699
   0.02913
   0.03122
   0.03327
   0.03528
   0.03723
   0.03913
   0.04098
   0.04276
   0.04449
   0.04615
   0.04775
   0.04928
   0.05074
   0.05212
   0.05344
   0.05467
   0.05583
   0.05691
   0.05791
   0.05883
   0.05966
   0.06041
   0.06107
   0.06165
   0.06214
   0.06254
   0.06285
   0.06307
   0.06320
   0.06325
   0.06320
   0.06306
   0.06283
   0.06252
   0.06211
   0.06162
   0.06104
   0.06037
   0.05962
   0.05878
   0.05786
   0.05685
   0.05577
   0.05460
   0.05336
   0.05205
   0.05065
   0.04919
   0.04766
   0.04606
   0.04439
   0.04266
   0.04087
   0.03902
   0.03712
   0.03516
   0.03316
   0.03110
   0.02900
   0.02687
   0.02469
   0.02248
   0.02023
   0.01796
   0.01566
   0.01334
   0.01100
   0.00865
   0.00628
   0.00390
   0.00152
  -0.00086
  -0.00325
  -0.00563
  -0.00800
  -0.01036
  -0.01270
  -0.01503
  -0.01733
  -0.01961
  -0.02186
  -0.02408
  -0.02627
  -0.02842
  -0.03053
  -0.03260
  -0.03462
  -0.03659
  -0.03850
  -0.04037
  -0.04217
  -0.04392
  -0.04560
  -0.04722
  -0.04878
  -0.05026
  -0.05167
  -0.05301
  -0.05427
  -0.05546
  -0.05656
  -0.05759
  -0.05853
  -0.05939
  -0.06017
  -0.06086
  -0.06147
  -0.06199
  -0.06241
  -0.06276
  -0.06301
  -0.06317
  -0.06324
  -0.06322
  -0.06312
  -0.06292
  -0.06263
  -0.06226
  -0.06179
  -0.06124
  -0.06060
  -0.05988
  -0.05907
  -0.05817
  -0.05720
  -0.05614
  -0.05500
  -0.05378
  -0.05249
  -0.05113
  -0.04969
  -0.04818
  -0.04660
  -0.04495
  -0.04324
  -0.04147
  -0.03964
  -0.03776
  -0.03582
  -0.03383
  -0.03179
  -0.02971
  -0.02758
  -0.02542
  -0.02322
  -0.02098
  -0.01872
  -0.01643
  -0.01412
  -0.01178
  -0.00943
  -0.00707
  -0.00469
  -0.00231
   0.00007
   0.00245
   0.00483
   0.00721
   0.00957
   0.01192
   0.01425
   0.01656
   0.01885
   0.02112
   0.02335
   0.02555
   0.02771
   0.02983
   0.03191
   0.03395
   0.03593
   0.03787
   0.03975
   0.04158
   0.04335
   0.04505
   0.04669
   0.04827
   0.04977
   0.05121
   0.05257
   0.05386
   0.05507
   0.05620
   0.05726
   0.05823
   0.05912
   0.05992
   0.06064
   0.06128
   0.06182
   0.06228
   0.06265
   0.06293
   0.06313
   0.06323
   0.06324
   0.06316
   0.06299
   0.06274
   0.06239
   0.06196
   0.06143
   0.06082
   0.06013
   0.05935
   0.05848
   0.05753
   0.05650
   0.05539
   0.05420
   0.05293
   0.05159
   0.05017
   0.04869
   0.04713
   0.04551
   0.04382
   0.04207
   0.04026
   0.03839
   0.03647
   0.03450
   0.03248
   0.03041
   0.02830
   0.02614
   0.02395
   0.02173
   0.01948
   0.01720
   0.01489
   0.01256
   0.01022
   0.00786
   0.00549
   0.00311
   0.00072
  -0.00166
  -0.00404
  -0.00642
  -0.00878
  -0.01114
  -0.01348
  -0.01580
  -0.01809
  -0.02036
  -0.02261
  -0.02482
  -0.02699
  -0.02913
  -0.03122
  -0.03327
  -0.03528
  -0.03723
  -0.03913
  -0.04098
  -0.04276
  -0.04449
  -0.04615
  -0.04775
  -0.04928
  -0.05074
  -0.05212
  -0.05344
  -0.05467
  -0.05583
  -0.05691
  -0.05791
  -0.05883
  -0.05966
  -0.06041
  -0.06107
  -0.06165
  -0.06214
  -0.06254
  -0.06285
  -0.06307
  -0.06320
  -0.06325
