   0.01030
  -0.01804
   0.02550
  -0.03255
   0.03909
  -0.04501
   0.05023
  -0.05465
   0.05821
  -0.06085
   0.06253
  -0.06323
   0.06292
  -0.06163
   0.05936
  -0.05616
   0.05207
  -0.04717
   0.04151
  -0.03521
   0.02834
  -0.02103
   0.01339
  -0.00554
  -0.00240
   0.01030
  -0.01804
   0.02550
  -0.03255
   0.03909
  -0.04501
   0.05023
  -0.05465
   0.05821
  -0.06085
   0.06253
  -0.06323
   0.06292
  -0.06163
   0.05936
  -0.05616
   0.05207
  -0.04717
   0.04151
  -0.03521
   0.02834
  -0.02103
   0.01339
  -0.00554
  -0.00240
   0.01030
  -0.01804
   0.02550
  -0.03255
   0.03909
  -0.04501
   0.05023
  -0.05465
   0.05821
  -0.06085
   0.06253
  -0.06323
   0.06292
  -0.06163
   0.05936
  -0.05616
   0.05207
  -0.04717
   0.04151
  -0.03521
   0.02834
  -0.02103
   0.01339
  -0.00554
  -0.00240
   0.01030
  -0.01804
   0.02550
  -0.03255
   0.03909
  -0.04501
   0.05023
  -0.05465
   0.05821
  -0.06085
   0.06253
  -0.06323
   0.06292
  -0.06163
   0.05936
  -0.05616
   0.05207
  -0.04717
   0.04151
  -0.03521
   0.02834
  -0.02103
   0.01339
  -0.00554
  -0.00240
   0.01030
  -0.01804
   0.02550
  -0.03255
   0.03909
  -0.04501
   0.05023
  -0.05465
   0.05821
  -0.06085
   0.06253
  -0.06323
   0.06292
  -0.06163
   0.05936
  -0.05616
   0.05207
  -0.04717
   0.04151
  -0.03521
   0.02834
  -0.02103
   0.01339
  -0.00554
  -0.00240
   0.01030
  -0.01804
   0.02550
  -0.03255
   0.03909
  -0.04501
   0.05023
  -0.05465
   0.05821
  -0.06085
   0.06253
  -0.06323
   0.06292
  -0.06163
   0.05936
  -0.05616
   0.05207
  -0.04717
   0.04151
  -0.03521
   0.02834
  -0.02103
   0.01339
  -0.00554
  -0.00240
   0.01030
  -0.01804
   0.02550
  -0.03255
   0.03909
  -0.04501
   0.05023
  -0.05465
   0.05821
  -0.06085
   0.06253
  -0.06323
   0.06292
  -0.06163
   0.05936
  -0.05616
   0.05207
  -0.04717
   0.04151
  -0.03521
   0.02834
  -0.02103
   0.01339
  -0.00554
  -0.00240
   0.01030
  -0.01804
   0.02550
  -0.03255
   0.03909
  -0.04501
   0.05023
  -0.05465
   0.05821
  -0.06085
   0.06253
  -0.06323
   0.06292
  -0.06163
   0.05936
  -0.05616
   0.05207
  -0.04717
   0.04151
  -0.03521
   0.02834
  -0.02103
   0.01339
  -0.00554
  -0.00240
   0.01030
  -0.01804
   0.02550
  -0.03255
   0.03909
  -0.04501
   0.05023
  -0.05465
   0.05821
  -0.06085
   0.06253
  -0.06323
   0.06292
  -0.06163
   0.05936
  -0.05616
   0.05207
  -0.04717
   0.04151
  -0.03521
   0.02834
  -0.02103
   0.01339
  -0.00554
  -0.00240
   0.01030
  -0.01804
   0.02550
  -0.03255
   0.03909
  -0.04501
   0.05023
  -0.05465
   0.05821
  -0.06085
   0.06253
  -0.06323
   0.06292
  -0.06163
   0.05936
  -0.05616
   0.05207
  -0.04717
   0.04151
  -0.03521
   0.02834
  -0.02103
   0.01339
  -0.00554
  -0.00240
   0.01030
  -0.01804
   0.02550
  -0.03255
   0.03909
  -0.04501
   0.05023
  -0.05465
   0.05821
  -0.06085
   0.06253
  -0.06323
   0.06292
  -0.06163
   0.05936
  -0.05616
   0.05207
  -0.04717
   0.04151
  -0.03521
   0.02834
  -0.02103
   0.01339
  -0.00554
  -0.00240
   0.01030
  -0.01804
   0.02550
  -0.03255
   0.03909
  -0.04501
   0.05023
  -0.05465
   0.05821
  -0.06085
   0.06253
  -0.06323
   0.06292
  -0.06163
   0.05936
  -0.05616
   0.05207
  -0.04717
   0.04151
  -0.03521
   0.02834
  -0.02103
   0.01339
  -0.00554
  -0.00240
   0.01030
  -0.01804
   0.02550
  -0.03255
   0.03909
  -0.04501
   0.05023
  -0.05465
   0.05821
  -0.06085
   0.06253
  -0.06323
   0.06292
  -0.06163
   0.05936
  -0.05616
   0.05207
  -0.04717
   0.04151
  -0.03521
   0.02834
  -0.02103
   0.01339
  -0.00554
  -0.00240
   0.01030
  -0.01804
   0.02550
  -0.03255
   0.03909
  -0.04501
   0.05023
  -0.05465
   0.05821
  -0.06085
   0.06253
  -0.06323
   0.06292
  -0.06163
   0.05936
  -0.05616
   0.05207
  -0.04717
   0.04151
  -0.03521
   0.02834
  -0.02103
   0.01339
  -0.00554
  -0.00240
   0.01030
  -0.01804
   0.02550
  -0.03255
   0.03909
  -0.04501
   0.05023
  -0.05465
   0.05821
  -0.06085
   0.06253
  -0.06323
   0.06292
  -0.06163
   0.05936
  -0.05616
   0.05207
  -0.04717
   0.04151
  -0.03521
   0.02834
  -0.02103
   0.01339
  -0.00554
  -0.00240
   0.01030
  -0.01804
   0.02550
  -0.03255
   0.03909
  -0.04501
   0.05023
  -0.05465
   0.05821
  -0.06085
   0.06253
  -0.06323
   0.06292
  -0.06163
   0.05936
  -0.05616
   0.05207
  -0.04717
   0.04151
  -0.03521
   0.02834
  -0.02103
   0.01339
  -0.00554
  -0.00240
   0.01030
  -0.01804
   0.02550
  -0.03255
   0.03909
  -0.04501
   0.05023
  -0.05465
   0.05821
  -0.06085
   0.06253
  -0.06323
   0.06292
  -0.06163
   0.05936
  -0.05616
   0.05207
  -0.04717
   0.04151
  -0.03521
   0.02834
  -0.02103
   0.01339
  -0.00554
  -0.00240
   0.01030
  -0.01804
   0.02550
  -0.03255
   0.03909
  -0.04501
   0.05023
  -0.05465
   0.05821
  -0.06085
   0.06253
  -0.06323
   0.06292
  -0.06163
   0.05936
  -0.05616
   0.05207
  -0.04717
   0.04151
  -0.03521
   0.02834
  -0.02103
   0.01339
  -0.00554
  -0.00240
   0.01030
  -0.01804
   0.02550
  -0.03255
   0.03909
  -0.04501
   0.05023
  -0.05465
   0.05821
  -0.06085
   0.06253
  -0.06323
   0.06292
  -0.06163
   0.05936
  -0.05616
   0.05207
  -0.04717
   0.04151
  -0.03521
   0.02834
  -0.02103
   0.01339
  -0.00554
  -0.00240
   0.01030
  -0.01804
   0.02550
  -0.03255
   0.03909
  -0.04501
   0.05023
  -0.05465
   0.05821
  -0.06085
   0.06253
  -0.06323
   0.06292
  -0.06163
   0.05936
  -0.05616
   0.05207
  -0.04717
   0.04151
  -0.03521
   0.02834
  -0.02103
   0.01339
  -0.00554
  -0.00240
