   0.00554
   0.01105
   0.01648
   0.02178
   0.02691
   0.03184
   0.03651
   0.04091
   0.04499
   0.04872
   0.05207
   0.05503
   0.05755
   0.05963
   0.06125
   0.06240
   0.06306
   0.06324
   0.06293
   0.06213
   0.06085
   0.05910
   0.05689
   0.05424
   0.05118
   0.04771
   0.04388
   0.03971
   0.03523
   0.03048
   0.02550
   0.02032
   0.01498
   0.00952
   0.00399
  -0.00157
  -0.00712
  -0.01261
  -0.01801
  -0.02327
  -0.02834
  -0.03320
  -0.03780
  -0.04211
  -0.04609
  -0.04972
  -0.05296
  -0.05579
  -0.05819
  -0.06014
  -0.06163
  -0.06264
  -0.06316
  -0.06320
  -0.06275
  -0.06181
  -0.06040
  -0.05851
  -0.05618
  -0.05341
  -0.05023
  -0.04666
  -0.04273
  -0.03846
  -0.03390
  -0.02908
  -0.02404
  -0.01880
  -0.01343
  -0.00794
  -0.00240
   0.00316
   0.00870
   0.01417
   0.01953
   0.02474
   0.02975
   0.03454
   0.03906
   0.04328
   0.04717
   0.05068
   0.05381
   0.05652
   0.05880
   0.06062
   0.06197
   0.06284
   0.06323
   0.06312
   0.06253
   0.06146
   0.05991
   0.05789
   0.05543
   0.05254
   0.04925
   0.04557
   0.04154
   0.03719
   0.03255
   0.02766
   0.02256
   0.01728
   0.01187
   0.00637
   0.00081
  -0.00475
  -0.01027
  -0.01571
  -0.02103
  -0.02619
  -0.03115
  -0.03586
  -0.04030
  -0.04443
  -0.04821
  -0.05162
  -0.05463
  -0.05722
  -0.05936
  -0.06105
  -0.06227
  -0.06300
  -0.06325
  -0.06300
  -0.06227
  -0.06106
  -0.05938
  -0.05723
  -0.05465
  -0.05164
  -0.04823
  -0.04445
  -0.04033
  -0.03589
  -0.03118
  -0.02622
  -0.02107
  -0.01575
  -0.01030
  -0.00478
   0.00078
   0.00633
   0.01183
   0.01725
   0.02252
   0.02763
   0.03252
   0.03716
   0.04151
   0.04554
   0.04922
   0.05252
   0.05541
   0.05788
   0.05989
   0.06145
   0.06253
   0.06312
   0.06323
   0.06284
   0.06198
   0.06063
   0.05881
   0.05654
   0.05383
   0.05071
   0.04719
   0.04331
   0.03909
   0.03457
   0.02979
   0.02477
   0.01956
   0.01420
   0.00873
   0.00320
  -0.00237
  -0.00791
  -0.01339
  -0.01877
  -0.02400
  -0.02905
  -0.03387
  -0.03843
  -0.04270
  -0.04663
  -0.05021
  -0.05339
  -0.05616
  -0.05850
  -0.06039
  -0.06180
  -0.06274
  -0.06320
  -0.06317
  -0.06264
  -0.06164
  -0.06016
  -0.05821
  -0.05581
  -0.05298
  -0.04974
  -0.04612
  -0.04214
  -0.03783
  -0.03323
  -0.02837
  -0.02330
  -0.01804
  -0.01265
  -0.00716
  -0.00161
   0.00395
   0.00948
   0.01494
   0.02028
   0.02547
   0.03045
   0.03520
   0.03968
   0.04386
   0.04769
   0.05116
   0.05423
   0.05688
   0.05909
   0.06084
   0.06212
   0.06292
   0.06324
   0.06307
   0.06241
   0.06126
   0.05965
   0.05757
   0.05504
   0.05210
   0.04874
   0.04501
   0.04094
   0.03654
   0.03187
   0.02695
   0.02181
   0.01651
   0.01109
   0.00557
   0.00002
  -0.00554
  -0.01105
  -0.01648
  -0.02178
  -0.02691
  -0.03184
  -0.03651
  -0.04091
  -0.04499
  -0.04872
  -0.05207
  -0.05503
  -0.05755
  -0.05963
  -0.06125
  -0.06240
  -0.06306
  -0.06324
  -0.06293
  -0.06213
  -0.06085
  -0.05910
  -0.05689
  -0.05424
  -0.05118
  -0.04771
  -0.04388
  -0.03971
  -0.03523
  -0.03048
  -0.02550
  -0.02032
  -0.01498
  -0.00952
  -0.00399
   0.00157
   0.00712
   0.01261
   0.01801
   0.02327
   0.02834
   0.03320
   0.03780
   0.04211
   0.04609
   0.04972
   0.05296
   0.05579
   0.05819
   0.06014
   0.06163
   0.06264
   0.06316
   0.06320
   0.06275
   0.06181
   0.06040
   0.05851
   0.05618
   0.05341
   0.05023
   0.04666
   0.04273
   0.03846
   0.03390
   0.02908
   0.02404
   0.01880
   0.01343
   0.00794
   0.00240
  -0.00316
  -0.00870
  -0.01417
  -0.01953
  -0.02474
  -0.02975
  -0.03454
  -0.03906
  -0.04328
  -0.04717
  -0.05068
  -0.05381
  -0.05652
  -0.05880
  -0.06062
  -0.06197
  -0.06284
  -0.06323
  -0.06312
  -0.06253
  -0.06146
  -0.05991
  -0.05789
  -0.05543
  -0.05254
  -0.04925
  -0.04557
  -0.04154
  -0.03719
  -0.03255
  -0.02766
  -0.02256
  -0.01728
  -0.01187
  -0.00637
  -0.00081
   0.00475
   0.01027
   0.01571
   0.02103
   0.02619
   0.03115
   0.03586
   0.04030
   0.04443
   0.04821
   0.05162
   0.05463
   0.05722
   0.05936
   0.06105
   0.06227
   0.06300
   0.06325
   0.06300
   0.06227
   0.06106
   0.05938
   0.05723
   0.05465
   0.05164
   0.04823
   0.04445
   0.04033
   0.03589
   0.03118
   0.02622
   0.02107
   0.01575
   0.01030
   0.00478
  -0.00078
  -0.00633
  -0.01183
  -0.01725
  -0.02252
  -0.02763
  -0.03252
  -0.03716
  -0.04151
  -0.04554
  -0.04922
  -0.05252
  -0.05541
  -0.05788
  -0.05989
  -0.06145
  -0.06253
  -0.06312
  -0.06323
  -0.06284
  -0.06198
  -0.06063
  -0.05881
  -0.05654
  -0.05383
  -0.05071
  -0.04719
  -0.04331
  -0.03909
  -0.03457
  -0.02979
  -0.02477
  -0.01956
  -0.01420
  -0.00873
  -0.00320
   0.00237
   0.00791
   0.01339
   0.01877
   0.02400
   0.02905
   0.03387
   0.03843
   0.04270
   0.04663
   0.05021
   0.05339
   0.05616
   0.05850
   0.06039
   0.06180
   0.06274
   0.06320
   0.06317
   0.06264
   0.06164
   0.06016
   0.05821
   0.05581
   0.05298
   0.04974
   0.04612
   0.04214
   0.03783
   0.03323
   0.02837
   0.02330
   0.01804
   0.01265
   0.00716
   0.00161
  -0.00395
  -0.00948
  -0.01494
  -0.02028
  -0.02547
  -0.03045
  -0.03520
  -0.03968
  -0.04386
  -0.04769
  -0.05116
  -0.05423
  -0.05688
  -0.05909
  -0.06084
  -0.06212
  -0.06292
  -0.06324
  -0.06307
  -0.06241
  -0.06126
  -0.05965
  -0.05757
  -0.05504
  -0.05210
  -0.04874
  -0.04501
  -0.04094
  -0.03654
  -0.03187
  -0.02695
  -0.02181
  -0.01651
  -0.01109
  -0.00557
  -0.00002
