  -0.04910
  -0.01243
   0.02995
   0.05859
   0.06033
   0.03438
  -0.00734
  -0.04570
  -0.06308
  -0.05151
  -0.01630
   0.02640
   0.05697
   0.06140
   0.03765
  -0.00338
  -0.04286
  -0.06267
  -0.05371
  -0.02010
   0.02273
   0.05514
   0.06223
   0.04077
   0.00059
  -0.03986
  -0.06201
  -0.05570
  -0.02383
   0.01898
   0.05308
   0.06282
   0.04372
   0.00456
  -0.03670
  -0.06111
  -0.05747
  -0.02746
   0.01516
   0.05082
   0.06315
   0.04650
   0.00851
  -0.03339
  -0.05997
  -0.05902
  -0.03098
   0.01127
   0.04835
   0.06324
   0.04910
   0.01243
  -0.02995
  -0.05859
  -0.06033
  -0.03438
   0.00734
   0.04570
   0.06308
   0.05151
   0.01630
  -0.02640
  -0.05697
  -0.06140
  -0.03765
   0.00338
   0.04286
   0.06267
   0.05371
   0.02010
  -0.02273
  -0.05514
  -0.06223
  -0.04077
  -0.00059
   0.03986
   0.06201
   0.05570
   0.02383
  -0.01898
  -0.05308
  -0.06282
  -0.04372
  -0.00456
   0.03670
   0.06111
   0.05747
   0.02746
  -0.01516
  -0.05082
  -0.06315
  -0.04650
  -0.00851
   0.03339
   0.05997
   0.05902
   0.03098
  -0.01127
  -0.04835
  -0.06324
  -0.04910
  -0.01243
   0.02995
   0.05859
   0.06033
   0.03438
  -0.00734
  -0.04570
  -0.06308
  -0.05151
  -0.01630
   0.02640
   0.05697
   0.06140
   0.03765
  -0.00338
  -0.04286
  -0.06267
  -0.05371
  -0.02010
   0.02273
   0.05514
   0.06223
   0.04077
   0.00059
  -0.03986
  -0.06201
  -0.05570
  -0.02383
   0.01898
   0.05308
   0.06282
   0.04372
   0.00456
  -0.03670
  -0.06111
  -0.05747
  -0.02746
   0.01516
   0.05082
   0.06315
   0.04650
   0.00851
  -0.03339
  -0.05997
  -0.05902
  -0.03098
   0.01127
   0.04835
   0.06324
   0.04910
   0.01243
  -0.02995
  -0.05859
  -0.06033
  -0.03438
   0.00734
   0.04570
   0.06308
   0.05151
   0.01630
  -0.02640
  -0.05697
  -0.06140
  -0.03765
   0.00338
   0.04286
   0.06267
   0.05371
   0.02010
  -0.02273
  -0.05514
  -0.06223
  -0.04077
  -0.00059
   0.03986
   0.06201
   0.05570
   0.02383
  -0.01898
  -0.05308
  -0.06282
  -0.04372
  -0.00456
   0.03670
   0.06111
   0.05747
   0.02746
  -0.01516
  -0.05082
  -0.06315
  -0.04650
  -0.00851
   0.03339
   0.05997
   0.05902
   0.03098
  -0.01127
  -0.04835
  -0.06324
  -0.04910
  -0.01243
   0.02995
   0.05859
   0.06033
   0.03438
  -0.00734
  -0.04570
  -0.06308
  -0.05151
  -0.01630
   0.02640
   0.05697
   0.06140
   0.03765
  -0.00338
  -0.04286
  -0.06267
  -0.05371
  -0.02010
   0.02273
   0.05514
   0.06223
   0.04077
   0.00059
  -0.03986
  -0.06201
  -0.05570
  -0.02383
   0.01898
   0.05308
   0.06282
   0.04372
   0.00456
  -0.03670
  -0.06111
  -0.05747
  -0.02746
   0.01516
   0.05082
   0.06315
   0.04650
   0.00851
  -0.03339
  -0.05997
  -0.05902
  -0.03098
   0.01127
   0.04835
   0.06324
   0.04910
   0.01243
  -0.02995
  -0.05859
  -0.06033
  -0.03438
   0.00734
   0.04570
   0.06308
   0.05151
   0.01630
  -0.02640
  -0.05697
  -0.06140
  -0.03765
   0.00338
   0.04286
   0.06267
   0.05371
   0.02010
  -0.02273
  -0.05514
  -0.06223
  -0.04077
  -0.00059
   0.03986
   0.06201
   0.05570
   0.02383
  -0.01898
  -0.05308
  -0.06282
  -0.04372
  -0.00456
   0.03670
   0.06111
   0.05747
   0.02746
  -0.01516
  -0.05082
  -0.06315
  -0.04650
  -0.00851
   0.03339
   0.05997
   0.05902
   0.03098
  -0.01127
  -0.04835
  -0.06324
  -0.04910
  -0.01243
   0.02995
   0.05859
   0.06033
   0.03438
  -0.00734
  -0.04570
  -0.06308
  -0.05151
  -0.01630
   0.02640
   0.05697
   0.06140
   0.03765
  -0.00338
  -0.04286
  -0.06267
  -0.05371
  -0.02010
   0.02273
   0.05514
   0.06223
   0.04077
   0.00059
  -0.03986
  -0.06201
  -0.05570
  -0.02383
   0.01898
   0.05308
   0.06282
   0.04372
   0.00456
  -0.03670
  -0.06111
  -0.05747
  -0.02746
   0.01516
   0.05082
   0.06315
   0.04650
   0.00851
  -0.03339
  -0.05997
  -0.05902
  -0.03098
   0.01127
   0.04835
   0.06324
   0.04910
   0.01243
  -0.02995
  -0.05859
  -0.06033
  -0.03438
   0.00734
   0.04570
   0.06308
   0.05151
   0.01630
  -0.02640
  -0.05697
  -0.06140
  -0.03765
   0.00338
   0.04286
   0.06267
   0.05371
   0.02010
  -0.02273
  -0.05514
  -0.06223
  -0.04077
  -0.00059
   0.03986
   0.06201
   0.05570
   0.02383
  -0.01898
  -0.05308
  -0.06282
  -0.04372
  -0.00456
   0.03670
   0.06111
   0.05747
   0.02746
  -0.01516
  -0.05082
  -0.06315
  -0.04650
  -0.00851
   0.03339
   0.05997
   0.05902
   0.03098
  -0.01127
  -0.04835
  -0.06324
  -0.04910
  -0.01243
   0.02995
   0.05859
   0.06033
   0.03438
  -0.00734
  -0.04570
  -0.06308
  -0.05151
  -0.01630
   0.02640
   0.05697
   0.06140
   0.03765
  -0.00338
  -0.04286
  -0.06267
  -0.05371
  -0.02010
   0.02273
   0.05514
   0.06223
   0.04077
   0.00059
  -0.03986
  -0.06201
  -0.05570
  -0.02383
   0.01898
   0.05308
   0.06282
   0.04372
   0.00456
  -0.03670
  -0.06111
  -0.05747
  -0.02746
   0.01516
   0.05082
   0.06315
   0.04650
   0.00851
  -0.03339
  -0.05997
  -0.05902
  -0.03098
   0.01127
   0.04835
   0.06324
   0.04910
   0.01243
  -0.02995
  -0.05859
  -0.06033
  -0.03438
   0.00734
   0.04570
   0.06308
   0.05151
   0.01630
  -0.02640
  -0.05697
  -0.06140
  -0.03765
   0.00338
   0.04286
   0.06267
   0.05371
   0.02010
  -0.02273
  -0.05514
  -0.06223
  -0.04077
  -0.00059
   0.03986
   0.06201
   0.05570
   0.02383
  -0.01898
  -0.05308
  -0.06282
  -0.04372
  -0.00456
   0.03670
   0.06111
   0.05747
   0.02746
  -0.01516
  -0.05082
  -0.06315
  -0.04650
  -0.00851
   0.03339
   0.05997
   0.05902
   0.03098
  -0.01127
  -0.04835
  -0.06324
