  -0.04941
  -0.06192
  -0.02953
   0.02427
   0.06047
   0.05282
   0.00686
  -0.04407
  -0.06304
  -0.03630
   0.01676
   0.05767
   0.05676
   0.01469
  -0.03804
  -0.06318
  -0.04251
   0.00899
   0.05397
   0.05981
   0.02228
  -0.03140
  -0.06232
  -0.04804
   0.00107
   0.04941
   0.06192
   0.02953
  -0.02427
  -0.06047
  -0.05282
  -0.00686
   0.04407
   0.06304
   0.03630
  -0.01676
  -0.05767
  -0.05676
  -0.01469
   0.03804
   0.06318
   0.04251
  -0.00899
  -0.05397
  -0.05981
  -0.02228
   0.03140
   0.06232
   0.04804
  -0.00107
  -0.04941
  -0.06192
  -0.02953
   0.02427
   0.06047
   0.05282
   0.00686
  -0.04407
  -0.06304
  -0.03630
   0.01676
   0.05767
   0.05676
   0.01469
  -0.03804
  -0.06318
  -0.04251
   0.00899
   0.05397
   0.05981
   0.02228
  -0.03140
  -0.06232
  -0.04804
   0.00107
   0.04941
   0.06192
   0.02953
  -0.02427
  -0.06047
  -0.05282
  -0.00686
   0.04407
   0.06304
   0.03630
  -0.01676
  -0.05767
  -0.05676
  -0.01469
   0.03804
   0.06318
   0.04251
  -0.00899
  -0.05397
  -0.05981
  -0.02228
   0.03140
   0.06232
   0.04804
  -0.00107
  -0.04941
  -0.06192
  -0.02953
   0.02427
   0.06047
   0.05282
   0.00686
  -0.04407
  -0.06304
  -0.03630
   0.01676
   0.05767
   0.05676
   0.01469
  -0.03804
  -0.06318
  -0.04251
   0.00899
   0.05397
   0.05981
   0.02228
  -0.03140
  -0.06232
  -0.04804
   0.00107
   0.04941
   0.06192
   0.02953
  -0.02427
  -0.06047
  -0.05282
  -0.00686
   0.04407
   0.06304
   0.03630
  -0.01676
  -0.05767
  -0.05676
  -0.01469
   0.03804
   0.06318
   0.04251
  -0.00899
  -0.05397
  -0.05981
  -0.02228
   0.03140
   0.06232
   0.04804
  -0.00107
  -0.04941
  -0.06192
  -0.02953
   0.02427
   0.06047
   0.05282
   0.00686
  -0.04407
  -0.06304
  -0.03630
   0.01676
   0.05767
   0.05676
   0.01469
  -0.03804
  -0.06318
  -0.04251
   0.00899
   0.05397
   0.05981
   0.02228
  -0.03140
  -0.06232
  -0.04804
   0.00107
   0.04941
   0.06192
   0.02953
  -0.02427
  -0.06047
  -0.05282
  -0.00686
   0.04407
   0.06304
   0.03630
  -0.01676
  -0.05767
  -0.05676
  -0.01469
   0.03804
   0.06318
   0.04251
  -0.00899
  -0.05397
  -0.05981
  -0.02228
   0.03140
   0.06232
   0.04804
  -0.00107
  -0.04941
  -0.06192
  -0.02953
   0.02427
   0.06047
   0.05282
   0.00686
  -0.04407
  -0.06304
  -0.03630
   0.01676
   0.05767
   0.05676
   0.01469
  -0.03804
  -0.06318
  -0.04251
   0.00899
   0.05397
   0.05981
   0.02228
  -0.03140
  -0.06232
  -0.04804
   0.00107
   0.04941
   0.06192
   0.02953
  -0.02427
  -0.06047
  -0.05282
  -0.00686
   0.04407
   0.06304
   0.03630
  -0.01676
  -0.05767
  -0.05676
  -0.01469
   0.03804
   0.06318
   0.04251
  -0.00899
  -0.05397
  -0.05981
  -0.02228
   0.03140
   0.06232
   0.04804
  -0.00107
  -0.04941
  -0.06192
  -0.02953
   0.02427
   0.06047
   0.05282
   0.00686
  -0.04407
  -0.06304
  -0.03630
   0.01676
   0.05767
   0.05676
   0.01469
  -0.03804
  -0.06318
  -0.04251
   0.00899
   0.05397
   0.05981
   0.02228
  -0.03140
  -0.06232
  -0.04804
   0.00107
   0.04941
   0.06192
   0.02953
  -0.02427
  -0.06047
  -0.05282
  -0.00686
   0.04407
   0.06304
   0.03630
  -0.01676
  -0.05767
  -0.05676
  -0.01469
   0.03804
   0.06318
   0.04251
  -0.00899
  -0.05397
  -0.05981
  -0.02228
   0.03140
   0.06232
   0.04804
  -0.00107
  -0.04941
  -0.06192
  -0.02953
   0.02427
   0.06047
   0.05282
   0.00686
  -0.04407
  -0.06304
  -0.03630
   0.01676
   0.05767
   0.05676
   0.01469
  -0.03804
  -0.06318
  -0.04251
   0.00899
   0.05397
   0.05981
   0.02228
  -0.03140
  -0.06232
  -0.04804
   0.00107
   0.04941
   0.06192
   0.02953
  -0.02427
  -0.06047
  -0.05282
  -0.00686
   0.04407
   0.06304
   0.03630
  -0.01676
  -0.05767
  -0.05676
  -0.01469
   0.03804
   0.06318
   0.04251
  -0.00899
  -0.05397
  -0.05981
  -0.02228
   0.03140
   0.06232
   0.04804
  -0.00107
  -0.04941
  -0.06192
  -0.02953
   0.02427
   0.06047
   0.05282
   0.00686
  -0.04407
  -0.06304
  -0.03630
   0.01676
   0.05767
   0.05676
   0.01469
  -0.03804
  -0.06318
  -0.04251
   0.00899
   0.05397
   0.05981
   0.02228
  -0.03140
  -0.06232
  -0.04804
   0.00107
   0.04941
   0.06192
   0.02953
  -0.02427
  -0.06047
  -0.05282
  -0.00686
   0.04407
   0.06304
   0.03630
  -0.01676
  -0.05767
  -0.05676
  -0.01469
   0.03804
   0.06318
   0.04251
  -0.00899
  -0.05397
  -0.05981
  -0.02228
   0.03140
   0.06232
   0.04804
  -0.00107
  -0.04941
  -0.06192
  -0.02953
   0.02427
   0.06047
   0.05282
   0.00686
  -0.04407
  -0.06304
  -0.03630
   0.01676
   0.05767
   0.05676
   0.01469
  -0.03804
  -0.06318
  -0.04251
   0.00899
   0.05397
   0.05981
   0.02228
  -0.03140
  -0.06232
  -0.04804
   0.00107
   0.04941
   0.06192
   0.02953
  -0.02427
  -0.06047
  -0.05282
  -0.00686
   0.04407
   0.06304
   0.03630
  -0.01676
  -0.05767
  -0.05676
  -0.01469
   0.03804
   0.06318
   0.04251
  -0.00899
  -0.05397
  -0.05981
  -0.02228
   0.03140
   0.06232
   0.04804
  -0.00107
  -0.04941
  -0.06192
  -0.02953
   0.02427
   0.06047
   0.05282
   0.00686
  -0.04407
  -0.06304
  -0.03630
   0.01676
   0.05767
   0.05676
   0.01469
  -0.03804
  -0.06318
  -0.04251
   0.00899
   0.05397
   0.05981
   0.02228
  -0.03140
  -0.06232
  -0.04804
   0.00107
   0.04941
   0.06192
   0.02953
  -0.02427
  -0.06047
  -0.05282
  -0.00686
   0.04407
   0.06304
   0.03630
  -0.01676
  -0.05767
  -0.05676
  -0.01469
   0.03804
   0.06318
   0.04251
  -0.00899
  -0.05397
  -0.05981
  -0.02228
   0.03140
   0.06232
   0.04804
  -0.00107
