   0.04630
   0.00426
  -0.04009
  -0.06271
  -0.05134
  -0.01214
   0.03364
   0.06119
   0.05556
   0.01982
  -0.02667
  -0.05870
  -0.05891
  -0.02719
   0.01927
   0.05528
   0.06133
   0.03413
  -0.01157
  -0.05100
  -0.06278
  -0.04054
   0.00368
   0.04591
   0.06324
   0.04630
   0.00426
  -0.04009
  -0.06271
  -0.05134
  -0.01214
   0.03364
   0.06119
   0.05556
   0.01982
  -0.02667
  -0.05870
  -0.05891
  -0.02719
   0.01927
   0.05528
   0.06133
   0.03413
  -0.01157
  -0.05100
  -0.06278
  -0.04054
   0.00368
   0.04591
   0.06324
   0.04630
   0.00426
  -0.04009
  -0.06271
  -0.05134
  -0.01214
   0.03364
   0.06119
   0.05556
   0.01982
  -0.02667
  -0.05870
  -0.05891
  -0.02719
   0.01927
   0.05528
   0.06133
   0.03413
  -0.01157
  -0.05100
  -0.06278
  -0.04054
   0.00368
   0.04591
   0.06324
   0.04630
   0.00426
  -0.04009
  -0.06271
  -0.05134
  -0.01214
   0.03364
   0.06119
   0.05556
   0.01982
  -0.02667
  -0.05870
  -0.05891
  -0.02719
   0.01927
   0.05528
   0.06133
   0.03413
  -0.01157
  -0.05100
  -0.06278
  -0.04054
   0.00368
   0.04591
   0.06324
   0.04630
   0.00426
  -0.04009
  -0.06271
  -0.05134
  -0.01214
   0.03364
   0.06119
   0.05556
   0.01982
  -0.02667
  -0.05870
  -0.05891
  -0.02719
   0.01927
   0.05528
   0.06133
   0.03413
  -0.01157
  -0.05100
  -0.06278
  -0.04054
   0.00368
   0.04591
   0.06324
   0.04630
   0.00426
  -0.04009
  -0.06271
  -0.05134
  -0.01214
   0.03364
   0.06119
   0.05556
   0.01982
  -0.02667
  -0.05870
  -0.05891
  -0.02719
   0.01927
   0.05528
   0.06133
   0.03413
  -0.01157
  -0.05100
  -0.06278
  -0.04054
   0.00368
   0.04591
   0.06324
   0.04630
   0.00426
  -0.04009
  -0.06271
  -0.05134
  -0.01214
   0.03364
   0.06119
   0.05556
   0.01982
  -0.02667
  -0.05870
  -0.05891
  -0.02719
   0.01927
   0.05528
   0.06133
   0.03413
  -0.01157
  -0.05100
  -0.06278
  -0.04054
   0.00368
   0.04591
   0.06324
   0.04630
   0.00426
  -0.04009
  -0.06271
  -0.05134
  -0.01214
   0.03364
   0.06119
   0.05556
   0.01982
  -0.02667
  -0.05870
  -0.05891
  -0.02719
   0.01927
   0.05528
   0.06133
   0.03413
  -0.01157
  -0.05100
  -0.06278
  -0.04054
   0.00368
   0.04591
   0.06324
   0.04630
   0.00426
  -0.04009
  -0.06271
  -0.05134
  -0.01214
   0.03364
   0.06119
   0.05556
   0.01982
  -0.02667
  -0.05870
  -0.05891
  -0.02719
   0.01927
   0.05528
   0.06133
   0.03413
  -0.01157
  -0.05100
  -0.06278
  -0.04054
   0.00368
   0.04591
   0.06324
   0.04630
   0.00426
  -0.04009
  -0.06271
  -0.05134
  -0.01214
   0.03364
   0.06119
   0.05556
   0.01982
  -0.02667
  -0.05870
  -0.05891
  -0.02719
   0.01927
   0.05528
   0.06133
   0.03413
  -0.01157
  -0.05100
  -0.06278
  -0.04054
   0.00368
   0.04591
   0.06324
   0.04630
   0.00426
  -0.04009
  -0.06271
  -0.05134
  -0.01214
   0.03364
   0.06119
   0.05556
   0.01982
  -0.02667
  -0.05870
  -0.05891
  -0.02719
   0.01927
   0.05528
   0.06133
   0.03413
  -0.01157
  -0.05100
  -0.06278
  -0.04054
   0.00368
   0.04591
   0.06324
   0.04630
   0.00426
  -0.04009
  -0.06271
  -0.05134
  -0.01214
   0.03364
   0.06119
   0.05556
   0.01982
  -0.02667
  -0.05870
  -0.05891
  -0.02719
   0.01927
   0.05528
   0.06133
   0.03413
  -0.01157
  -0.05100
  -0.06278
  -0.04054
   0.00368
   0.04591
   0.06324
   0.04630
   0.00426
  -0.04009
  -0.06271
  -0.05134
  -0.01214
   0.03364
   0.06119
   0.05556
   0.01982
  -0.02667
  -0.05870
  -0.05891
  -0.02719
   0.01927
   0.05528
   0.06133
   0.03413
  -0.01157
  -0.05100
  -0.06278
  -0.04054
   0.00368
   0.04591
   0.06324
   0.04630
   0.00426
  -0.04009
  -0.06271
  -0.05134
  -0.01214
   0.03364
   0.06119
   0.05556
   0.01982
  -0.02667
  -0.05870
  -0.05891
  -0.02719
   0.01927
   0.05528
   0.06133
   0.03413
  -0.01157
  -0.05100
  -0.06278
  -0.04054
   0.00368
   0.04591
   0.06324
   0.04630
   0.00426
  -0.04009
  -0.06271
  -0.05134
  -0.01214
   0.03364
   0.06119
   0.05556
   0.01982
  -0.02667
  -0.05870
  -0.05891
  -0.02719
   0.01927
   0.05528
   0.06133
   0.03413
  -0.01157
  -0.05100
  -0.06278
  -0.04054
   0.00368
   0.04591
   0.06324
   0.04630
   0.00426
  -0.04009
  -0.06271
  -0.05134
  -0.01214
   0.03364
   0.06119
   0.05556
   0.01982
  -0.02667
  -0.05870
  -0.05891
  -0.02719
   0.01927
   0.05528
   0.06133
   0.03413
  -0.01157
  -0.05100
  -0.06278
  -0.04054
   0.00368
   0.04591
   0.06324
   0.04630
   0.00426
  -0.04009
  -0.06271
  -0.05134
  -0.01214
   0.03364
   0.06119
   0.05556
   0.01982
  -0.02667
  -0.05870
  -0.05891
  -0.02719
   0.01927
   0.05528
   0.06133
   0.03413
  -0.01157
  -0.05100
  -0.06278
  -0.04054
   0.00368
   0.04591
   0.06324
   0.04630
   0.00426
  -0.04009
  -0.06271
  -0.05134
  -0.01214
   0.03364
   0.06119
   0.05556
   0.01982
  -0.02667
  -0.05870
  -0.05891
  -0.02719
   0.01927
   0.05528
   0.06133
   0.03413
  -0.01157
  -0.05100
  -0.06278
  -0.04054
   0.00368
   0.04591
   0.06324
   0.04630
   0.00426
  -0.04009
  -0.06271
  -0.05134
  -0.01214
   0.03364
   0.06119
   0.05556
   0.01982
  -0.02667
  -0.05870
  -0.05891
  -0.02719
   0.01927
   0.05528
   0.06133
   0.03413
  -0.01157
  -0.05100
  -0.06278
  -0.04054
   0.00368
   0.04591
   0.06324
   0.04630
   0.00426
  -0.04009
  -0.06271
  -0.05134
  -0.01214
   0.03364
   0.06119
   0.05556
   0.01982
  -0.02667
  -0.05870
  -0.05891
  -0.02719
   0.01927
   0.05528
   0.06133
   0.03413
  -0.01157
  -0.05100
  -0.06278
  -0.04054
   0.00368
   0.04591
   0.06324
