   0.05770
  -0.03873
   0.01063
   0.01997
  -0.04586
   0.06096
  -0.06171
   0.04793
  -0.02287
  -0.00758
   0.03624
  -0.05637
   0.06323
  -0.05521
   0.03418
  -0.00511
  -0.02516
   0.04951
  -0.06221
   0.06026
  -0.04412
   0.01760
   0.01307
  -0.04066
   0.05867
  -0.06288
   0.05228
  -0.02938
  -0.00044
   0.03016
  -0.05278
   0.06297
  -0.05834
   0.03997
  -0.01220
  -0.01845
   0.04475
  -0.06052
   0.06204
  -0.04895
   0.02434
   0.00600
  -0.03493
   0.05564
  -0.06324
   0.05597
  -0.03551
   0.00670
   0.02369
  -0.04851
   0.06190
  -0.06072
   0.04525
  -0.01912
  -0.01151
   0.03942
  -0.05806
   0.06303
  -0.05316
   0.03078
  -0.00115
  -0.02875
   0.05188
  -0.06280
   0.05893
  -0.04119
   0.01375
   0.01693
  -0.04362
   0.06004
  -0.06233
   0.04995
  -0.02580
  -0.00441
   0.03359
  -0.05486
   0.06322
  -0.05669
   0.03681
  -0.00827
  -0.02221
   0.04747
  -0.06155
   0.06115
  -0.04634
   0.02063
   0.00994
  -0.03817
   0.05741
  -0.06314
   0.05401
  -0.03215
   0.00273
   0.02733
  -0.05096
   0.06259
  -0.05949
   0.04238
  -0.01530
  -0.01539
   0.04245
  -0.05952
   0.06258
  -0.05090
   0.02725
   0.00283
  -0.03223
   0.05405
  -0.06315
   0.05737
  -0.03810
   0.00985
   0.02072
  -0.04641
   0.06117
  -0.06153
   0.04741
  -0.02213
  -0.00837
   0.03689
  -0.05673
   0.06321
  -0.05482
   0.03351
  -0.00432
  -0.02589
   0.05000
  -0.06235
   0.06001
  -0.04355
   0.01684
   0.01384
  -0.04126
   0.05897
  -0.06279
   0.05183
  -0.02867
  -0.00124
   0.03086
  -0.05321
   0.06304
  -0.05803
   0.03935
  -0.01141
  -0.01921
   0.04531
  -0.06075
   0.06188
  -0.04845
   0.02361
   0.00679
  -0.03559
   0.05601
  -0.06324
   0.05559
  -0.03485
   0.00591
   0.02443
  -0.04901
   0.06206
  -0.06049
   0.04469
  -0.01836
  -0.01229
   0.04004
  -0.05837
   0.06296
  -0.05273
   0.03008
  -0.00035
  -0.02946
   0.05234
  -0.06289
   0.05864
  -0.04058
   0.01297
   0.01769
  -0.04419
   0.06029
  -0.06219
   0.04945
  -0.02508
  -0.00521
   0.03426
  -0.05525
   0.06324
  -0.05633
   0.03617
  -0.00749
  -0.02296
   0.04799
  -0.06173
   0.06094
  -0.04580
   0.01988
   0.01072
  -0.03880
   0.05774
  -0.06309
   0.05359
  -0.03147
   0.00194
   0.02804
  -0.05143
   0.06270
  -0.05922
   0.04179
  -0.01453
  -0.01616
   0.04304
  -0.05979
   0.06246
  -0.05043
   0.02653
   0.00362
  -0.03292
   0.05446
  -0.06319
   0.05704
  -0.03746
   0.00906
   0.02147
  -0.04694
   0.06137
  -0.06134
   0.04688
  -0.02138
  -0.00915
   0.03753
  -0.05708
   0.06318
  -0.05441
   0.03284
  -0.00353
  -0.02661
   0.05049
  -0.06247
   0.05976
  -0.04297
   0.01607
   0.01462
  -0.04186
   0.05925
  -0.06269
   0.05137
  -0.02796
  -0.00203
   0.03155
  -0.05364
   0.06310
  -0.05770
   0.03873
  -0.01063
  -0.01997
   0.04586
  -0.06096
   0.06171
  -0.04793
   0.02287
   0.00758
  -0.03624
   0.05637
  -0.06323
   0.05521
  -0.03418
   0.00511
   0.02516
  -0.04951
   0.06221
  -0.06026
   0.04412
  -0.01760
  -0.01307
   0.04066
  -0.05867
   0.06288
  -0.05228
   0.02938
   0.00044
  -0.03016
   0.05278
  -0.06297
   0.05834
  -0.03997
   0.01220
   0.01845
  -0.04475
   0.06052
  -0.06204
   0.04895
  -0.02434
  -0.00600
   0.03493
  -0.05564
   0.06324
  -0.05597
   0.03551
  -0.00670
  -0.02369
   0.04851
  -0.06190
   0.06072
  -0.04525
   0.01912
   0.01151
  -0.03942
   0.05806
  -0.06303
   0.05316
  -0.03078
   0.00115
   0.02875
  -0.05188
   0.06280
  -0.05893
   0.04119
  -0.01375
  -0.01693
   0.04362
  -0.06004
   0.06233
  -0.04995
   0.02580
   0.00441
  -0.03359
   0.05486
  -0.06322
   0.05669
  -0.03681
   0.00827
   0.02221
  -0.04747
   0.06155
  -0.06115
   0.04634
  -0.02063
  -0.00994
   0.03817
  -0.05741
   0.06314
  -0.05401
   0.03215
  -0.00273
  -0.02733
   0.05096
  -0.06259
   0.05949
  -0.04238
   0.01530
   0.01539
  -0.04245
   0.05952
  -0.06258
   0.05090
  -0.02725
  -0.00283
   0.03223
  -0.05405
   0.06315
  -0.05737
   0.03810
  -0.00985
  -0.02072
   0.04641
  -0.06117
   0.06153
  -0.04741
   0.02213
   0.00837
  -0.03689
   0.05673
  -0.06321
   0.05482
  -0.03351
   0.00432
   0.02589
  -0.05000
   0.06235
  -0.06001
   0.04355
  -0.01684
  -0.01384
   0.04126
  -0.05897
   0.06279
  -0.05183
   0.02867
   0.00124
  -0.03086
   0.05321
  -0.06304
   0.05803
  -0.03935
   0.01141
   0.01921
  -0.04531
   0.06075
  -0.06188
   0.04845
  -0.02361
  -0.00679
   0.03559
  -0.05601
   0.06324
  -0.05559
   0.03485
  -0.00591
  -0.02443
   0.04901
  -0.06206
   0.06049
  -0.04469
   0.01836
   0.01229
  -0.04004
   0.05837
  -0.06296
   0.05273
  -0.03008
   0.00035
   0.02946
  -0.05234
   0.06289
  -0.05864
   0.04058
  -0.01297
  -0.01769
   0.04419
  -0.06029
   0.06219
  -0.04945
   0.02508
   0.00521
  -0.03426
   0.05525
  -0.06324
   0.05633
  -0.03617
   0.00749
   0.02296
  -0.04799
   0.06173
  -0.06094
   0.04580
  -0.01988
  -0.01072
   0.03880
  -0.05774
   0.06309
  -0.05359
   0.03147
  -0.00194
  -0.02804
   0.05143
  -0.06270
   0.05922
  -0.04179
   0.01453
   0.01616
  -0.04304
   0.05979
  -0.06246
   0.05043
  -0.02653
  -0.00362
   0.03292
  -0.05446
   0.06319
  -0.05704
   0.03746
  -0.00906
  -0.02147
   0.04694
  -0.06137
   0.06134
  -0.04688
   0.02138
   0.00915
  -0.03753
   0.05708
  -0.06318
   0.05441
  -0.03284
   0.00353
   0.02661
  -0.05049
   0.06247
  -0.05976
   0.04297
  -0.01607
  -0.01462
   0.04186
  -0.05925
   0.06269
  -0.05137
   0.02796
   0.00203
  -0.03155
   0.05364
  -0.06310
