   0.05538
  -0.03646
   0.01021
   0.01810
  -0.04277
   0.05883
  -0.06306
   0.05460
  -0.03515
   0.00864
   0.01962
  -0.04393
   0.05940
  -0.06292
   0.05378
  -0.03382
   0.00706
   0.02112
  -0.04506
   0.05993
  -0.06274
   0.05293
  -0.03247
   0.00548
   0.02262
  -0.04616
   0.06041
  -0.06252
   0.05204
  -0.03109
   0.00389
   0.02409
  -0.04723
   0.06087
  -0.06226
   0.05112
  -0.02970
   0.00230
   0.02556
  -0.04827
   0.06128
  -0.06196
   0.05017
  -0.02829
   0.00071
   0.02700
  -0.04928
   0.06165
  -0.06162
   0.04918
  -0.02686
  -0.00087
   0.02843
  -0.05027
   0.06199
  -0.06124
   0.04817
  -0.02541
  -0.00246
   0.02984
  -0.05121
   0.06228
  -0.06082
   0.04712
  -0.02395
  -0.00405
   0.03123
  -0.05213
   0.06254
  -0.06037
   0.04605
  -0.02247
  -0.00564
   0.03260
  -0.05301
   0.06276
  -0.05987
   0.04495
  -0.02097
  -0.00722
   0.03396
  -0.05386
   0.06293
  -0.05934
   0.04381
  -0.01947
  -0.00879
   0.03529
  -0.05468
   0.06307
  -0.05877
   0.04265
  -0.01795
  -0.01037
   0.03659
  -0.05546
   0.06317
  -0.05817
   0.04147
  -0.01642
  -0.01193
   0.03788
  -0.05621
   0.06323
  -0.05753
   0.04025
  -0.01488
  -0.01349
   0.03914
  -0.05692
   0.06325
  -0.05685
   0.03901
  -0.01333
  -0.01504
   0.04038
  -0.05759
   0.06322
  -0.05613
   0.03775
  -0.01177
  -0.01657
   0.04159
  -0.05823
   0.06316
  -0.05538
   0.03646
  -0.01021
  -0.01810
   0.04277
  -0.05883
   0.06306
  -0.05460
   0.03515
  -0.00864
  -0.01962
   0.04393
  -0.05940
   0.06292
  -0.05378
   0.03382
  -0.00706
  -0.02112
   0.04506
  -0.05993
   0.06274
  -0.05293
   0.03247
  -0.00548
  -0.02262
   0.04616
  -0.06041
   0.06252
  -0.05204
   0.03109
  -0.00389
  -0.02409
   0.04723
  -0.06087
   0.06226
  -0.05112
   0.02970
  -0.00230
  -0.02556
   0.04827
  -0.06128
   0.06196
  -0.05017
   0.02829
  -0.00071
  -0.02700
   0.04928
  -0.06165
   0.06162
  -0.04918
   0.02686
   0.00087
  -0.02843
   0.05027
  -0.06199
   0.06124
  -0.04817
   0.02541
   0.00246
  -0.02984
   0.05121
  -0.06228
   0.06082
  -0.04712
   0.02395
   0.00405
  -0.03123
   0.05213
  -0.06254
   0.06037
  -0.04605
   0.02247
   0.00564
  -0.03260
   0.05301
  -0.06276
   0.05987
  -0.04495
   0.02097
   0.00722
  -0.03396
   0.05386
  -0.06293
   0.05934
  -0.04381
   0.01947
   0.00879
  -0.03529
   0.05468
  -0.06307
   0.05877
  -0.04265
   0.01795
   0.01037
  -0.03659
   0.05546
  -0.06317
   0.05817
  -0.04147
   0.01642
   0.01193
  -0.03788
   0.05621
  -0.06323
   0.05753
  -0.04025
   0.01488
   0.01349
  -0.03914
   0.05692
  -0.06325
   0.05685
  -0.03901
   0.01333
   0.01504
  -0.04038
   0.05759
  -0.06322
   0.05613
  -0.03775
   0.01177
   0.01657
  -0.04159
   0.05823
  -0.06316
   0.05538
  -0.03646
   0.01021
   0.01810
  -0.04277
   0.05883
  -0.06306
   0.05460
  -0.03515
   0.00864
   0.01962
  -0.04393
   0.05940
  -0.06292
   0.05378
  -0.03382
   0.00706
   0.02112
  -0.04506
   0.05993
  -0.06274
   0.05293
  -0.03247
   0.00548
   0.02262
  -0.04616
   0.06041
  -0.06252
   0.05204
  -0.03109
   0.00389
   0.02409
  -0.04723
   0.06087
  -0.06226
   0.05112
  -0.02970
   0.00230
   0.02556
  -0.04827
   0.06128
  -0.06196
   0.05017
  -0.02829
   0.00071
   0.02700
  -0.04928
   0.06165
  -0.06162
   0.04918
  -0.02686
  -0.00087
   0.02843
  -0.05027
   0.06199
  -0.06124
   0.04817
  -0.02541
  -0.00246
   0.02984
  -0.05121
   0.06228
  -0.06082
   0.04712
  -0.02395
  -0.00405
   0.03123
  -0.05213
   0.06254
  -0.06037
   0.04605
  -0.02247
  -0.00564
   0.03260
  -0.05301
   0.06276
  -0.05987
   0.04495
  -0.02097
  -0.00722
   0.03396
  -0.05386
   0.06293
  -0.05934
   0.04381
  -0.01947
  -0.00879
   0.03529
  -0.05468
   0.06307
  -0.05877
   0.04265
  -0.01795
  -0.01037
   0.03659
  -0.05546
   0.06317
  -0.05817
   0.04147
  -0.01642
  -0.01193
   0.03788
  -0.05621
   0.06323
  -0.05753
   0.04025
  -0.01488
  -0.01349
   0.03914
  -0.05692
   0.06325
  -0.05685
   0.03901
  -0.01333
  -0.01504
   0.04038
  -0.05759
   0.06322
  -0.05613
   0.03775
  -0.01177
  -0.01657
   0.04159
  -0.05823
   0.06316
  -0.05538
   0.03646
  -0.01021
  -0.01810
   0.04277
  -0.05883
   0.06306
  -0.05460
   0.03515
  -0.00864
  -0.01962
   0.04393
  -0.05940
   0.06292
  -0.05378
   0.03382
  -0.00706
  -0.02112
   0.04506
  -0.05993
   0.06274
  -0.05293
   0.03247
  -0.00548
  -0.02262
   0.04616
  -0.06041
   0.06252
  -0.05204
   0.03109
  -0.00389
  -0.02409
   0.04723
  -0.06087
   0.06226
  -0.05112
   0.02970
  -0.00230
  -0.02556
   0.04827
  -0.06128
   0.06196
  -0.05017
   0.02829
  -0.00071
  -0.02700
   0.04928
  -0.06165
   0.06162
  -0.04918
   0.02686
   0.00087
  -0.02843
   0.05027
  -0.06199
   0.06124
  -0.04817
   0.02541
   0.00246
  -0.02984
   0.05121
  -0.06228
   0.06082
  -0.04712
   0.02395
   0.00405
  -0.03123
   0.05213
  -0.06254
   0.06037
  -0.04605
   0.02247
   0.00564
  -0.03260
   0.05301
  -0.06276
   0.05987
  -0.04495
   0.02097
   0.00722
  -0.03396
   0.05386
  -0.06293
   0.05934
  -0.04381
   0.01947
   0.00879
  -0.03529
   0.05468
  -0.06307
   0.05877
  -0.04265
   0.01795
   0.01037
  -0.03659
   0.05546
  -0.06317
   0.05817
  -0.04147
   0.01642
   0.01193
  -0.03788
   0.05621
  -0.06323
   0.05753
  -0.04025
   0.01488
   0.01349
  -0.03914
   0.05692
  -0.06325
   0.05685
  -0.03901
   0.01333
   0.01504
  -0.04038
   0.05759
  -0.06322
   0.05613
  -0.03775
   0.01177
   0.01657
  -0.04159
   0.05823
  -0.06316
