   0.04788
  -0.02789
   0.00345
   0.02154
  -0.04310
   0.05777
  -0.06324
   0.05861
  -0.04463
   0.02353
   0.00132
  -0.02596
   0.04646
  -0.05955
   0.06314
  -0.05665
   0.04113
  -0.01905
  -0.00608
   0.03023
  -0.04956
   0.06098
  -0.06268
   0.05437
  -0.03739
   0.01445
   0.01080
  -0.03433
   0.05238
  -0.06207
   0.06186
  -0.05179
   0.03345
  -0.00977
  -0.01547
   0.03823
  -0.05490
   0.06281
  -0.06070
   0.04890
  -0.02931
   0.00504
   0.02004
  -0.04192
   0.05711
  -0.06319
   0.05919
  -0.04574
   0.02500
  -0.00027
  -0.02450
   0.04537
  -0.05899
   0.06321
  -0.05734
   0.04232
  -0.02056
  -0.00449
   0.02882
  -0.04856
   0.06054
  -0.06287
   0.05517
  -0.03866
   0.01599
   0.00923
  -0.03298
   0.05147
  -0.06175
   0.06218
  -0.05268
   0.03478
  -0.01134
  -0.01392
   0.03695
  -0.05409
   0.06260
  -0.06113
   0.04990
  -0.03071
   0.00662
   0.01853
  -0.04072
   0.05641
  -0.06310
   0.05973
  -0.04683
   0.02645
  -0.00186
  -0.02303
   0.04425
  -0.05840
   0.06324
  -0.05799
   0.04349
  -0.02205
  -0.00291
   0.02740
  -0.04752
   0.06007
  -0.06302
   0.05593
  -0.03991
   0.01752
   0.00766
  -0.03162
   0.05053
  -0.06139
   0.06245
  -0.05355
   0.03610
  -0.01290
  -0.01236
   0.03565
  -0.05325
   0.06236
  -0.06152
   0.05086
  -0.03209
   0.00820
   0.01700
  -0.03949
   0.05567
  -0.06298
   0.06023
  -0.04788
   0.02789
  -0.00345
  -0.02154
   0.04310
  -0.05777
   0.06324
  -0.05861
   0.04463
  -0.02353
  -0.00132
   0.02596
  -0.04646
   0.05955
  -0.06314
   0.05665
  -0.04113
   0.01905
   0.00608
  -0.03023
   0.04956
  -0.06098
   0.06268
  -0.05437
   0.03739
  -0.01445
  -0.01080
   0.03433
  -0.05238
   0.06207
  -0.06186
   0.05179
  -0.03345
   0.00977
   0.01547
  -0.03823
   0.05490
  -0.06281
   0.06070
  -0.04890
   0.02931
  -0.00504
  -0.02004
   0.04192
  -0.05711
   0.06319
  -0.05919
   0.04574
  -0.02500
   0.00027
   0.02450
  -0.04537
   0.05899
  -0.06321
   0.05734
  -0.04232
   0.02056
   0.00449
  -0.02882
   0.04856
  -0.06054
   0.06287
  -0.05517
   0.03866
  -0.01599
  -0.00923
   0.03298
  -0.05147
   0.06175
  -0.06218
   0.05268
  -0.03478
   0.01134
   0.01392
  -0.03695
   0.05409
  -0.06260
   0.06113
  -0.04990
   0.03071
  -0.00662
  -0.01853
   0.04072
  -0.05641
   0.06310
  -0.05973
   0.04683
  -0.02645
   0.00186
   0.02303
  -0.04425
   0.05840
  -0.06324
   0.05799
  -0.04349
   0.02205
   0.00291
  -0.02740
   0.04752
  -0.06007
   0.06302
  -0.05593
   0.03991
  -0.01752
  -0.00766
   0.03162
  -0.05053
   0.06139
  -0.06245
   0.05355
  -0.03610
   0.01290
   0.01236
  -0.03565
   0.05325
  -0.06236
   0.06152
  -0.05086
   0.03209
  -0.00820
  -0.01700
   0.03949
  -0.05567
   0.06298
  -0.06023
   0.04788
  -0.02789
   0.00345
   0.02154
  -0.04310
   0.05777
  -0.06324
   0.05861
  -0.04463
   0.02353
   0.00132
  -0.02596
   0.04646
  -0.05955
   0.06314
  -0.05665
   0.04113
  -0.01905
  -0.00608
   0.03023
  -0.04956
   0.06098
  -0.06268
   0.05437
  -0.03739
   0.01445
   0.01080
  -0.03433
   0.05238
  -0.06207
   0.06186
  -0.05179
   0.03345
  -0.00977
  -0.01547
   0.03823
  -0.05490
   0.06281
  -0.06070
   0.04890
  -0.02931
   0.00504
   0.02004
  -0.04192
   0.05711
  -0.06319
   0.05919
  -0.04574
   0.02500
  -0.00027
  -0.02450
   0.04537
  -0.05899
   0.06321
  -0.05734
   0.04232
  -0.02056
  -0.00449
   0.02882
  -0.04856
   0.06054
  -0.06287
   0.05517
  -0.03866
   0.01599
   0.00923
  -0.03298
   0.05147
  -0.06175
   0.06218
  -0.05268
   0.03478
  -0.01134
  -0.01392
   0.03695
  -0.05409
   0.06260
  -0.06113
   0.04990
  -0.03071
   0.00662
   0.01853
  -0.04072
   0.05641
  -0.06310
   0.05973
  -0.04683
   0.02645
  -0.00186
  -0.02303
   0.04425
  -0.05840
   0.06324
  -0.05799
   0.04349
  -0.02205
  -0.00291
   0.02740
  -0.04752
   0.06007
  -0.06302
   0.05593
  -0.03991
   0.01752
   0.00766
  -0.03162
   0.05053
  -0.06139
   0.06245
  -0.05355
   0.03610
  -0.01290
  -0.01236
   0.03565
  -0.05325
   0.06236
  -0.06152
   0.05086
  -0.03209
   0.00820
   0.01700
  -0.03949
   0.05567
  -0.06298
   0.06023
  -0.04788
   0.02789
  -0.00345
  -0.02154
   0.04310
  -0.05777
   0.06324
  -0.05861
   0.04463
  -0.02353
  -0.00132
   0.02596
  -0.04646
   0.05955
  -0.06314
   0.05665
  -0.04113
   0.01905
   0.00608
  -0.03023
   0.04956
  -0.06098
   0.06268
  -0.05437
   0.03739
  -0.01445
  -0.01080
   0.03433
  -0.05238
   0.06207
  -0.06186
   0.05179
  -0.03345
   0.00977
   0.01547
  -0.03823
   0.05490
  -0.06281
   0.06070
  -0.04890
   0.02931
  -0.00504
  -0.02004
   0.04192
  -0.05711
   0.06319
  -0.05919
   0.04574
  -0.02500
   0.00027
   0.02450
  -0.04537
   0.05899
  -0.06321
   0.05734
  -0.04232
   0.02056
   0.00449
  -0.02882
   0.04856
  -0.06054
   0.06287
  -0.05517
   0.03866
  -0.01599
  -0.00923
   0.03298
  -0.05147
   0.06175
  -0.06218
   0.05268
  -0.03478
   0.01134
   0.01392
  -0.03695
   0.05409
  -0.06260
   0.06113
  -0.04990
   0.03071
  -0.00662
  -0.01853
   0.04072
  -0.05641
   0.06310
  -0.05973
   0.04683
  -0.02645
   0.00186
   0.02303
  -0.04425
   0.05840
  -0.06324
   0.05799
  -0.04349
   0.02205
   0.00291
  -0.02740
   0.04752
  -0.06007
   0.06302
  -0.05593
   0.03991
  -0.01752
  -0.00766
   0.03162
  -0.05053
   0.06139
  -0.06245
   0.05355
  -0.03610
   0.01290
   0.01236
  -0.03565
   0.05325
  -0.06236
   0.06152
  -0.05086
   0.03209
  -0.00820
  -0.01700
   0.03949
  -0.05567
   0.06298
  -0.06023
