  -0.05274
  -0.02582
   0.00913
   0.04125
   0.06052
   0.06094
   0.04240
   0.01065
  -0.02441
  -0.05187
  -0.06319
  -0.05483
  -0.02940
   0.00519
   0.03815
   0.05924
   0.06189
   0.04526
   0.01455
  -0.02070
  -0.04950
  -0.06289
  -0.05670
  -0.03285
   0.00122
   0.03491
   0.05773
   0.06258
   0.04795
   0.01838
  -0.01691
  -0.04693
  -0.06234
  -0.05834
  -0.03618
  -0.00275
   0.03153
   0.05600
   0.06303
   0.05044
   0.02215
  -0.01305
  -0.04417
  -0.06155
  -0.05976
  -0.03937
  -0.00672
   0.02803
   0.05404
   0.06323
   0.05274
   0.02582
  -0.00913
  -0.04125
  -0.06052
  -0.06094
  -0.04240
  -0.01065
   0.02441
   0.05187
   0.06319
   0.05483
   0.02940
  -0.00519
  -0.03815
  -0.05924
  -0.06189
  -0.04526
  -0.01455
   0.02070
   0.04950
   0.06289
   0.05670
   0.03285
  -0.00122
  -0.03491
  -0.05773
  -0.06258
  -0.04795
  -0.01838
   0.01691
   0.04693
   0.06234
   0.05834
   0.03618
   0.00275
  -0.03153
  -0.05600
  -0.06303
  -0.05044
  -0.02215
   0.01305
   0.04417
   0.06155
   0.05976
   0.03937
   0.00672
  -0.02803
  -0.05404
  -0.06323
  -0.05274
  -0.02582
   0.00913
   0.04125
   0.06052
   0.06094
   0.04240
   0.01065
  -0.02441
  -0.05187
  -0.06319
  -0.05483
  -0.02940
   0.00519
   0.03815
   0.05924
   0.06189
   0.04526
   0.01455
  -0.02070
  -0.04950
  -0.06289
  -0.05670
  -0.03285
   0.00122
   0.03491
   0.05773
   0.06258
   0.04795
   0.01838
  -0.01691
  -0.04693
  -0.06234
  -0.05834
  -0.03618
  -0.00275
   0.03153
   0.05600
   0.06303
   0.05044
   0.02215
  -0.01305
  -0.04417
  -0.06155
  -0.05976
  -0.03937
  -0.00672
   0.02803
   0.05404
   0.06323
   0.05274
   0.02582
  -0.00913
  -0.04125
  -0.06052
  -0.06094
  -0.04240
  -0.01065
   0.02441
   0.05187
   0.06319
   0.05483
   0.02940
  -0.00519
  -0.03815
  -0.05924
  -0.06189
  -0.04526
  -0.01455
   0.02070
   0.04950
   0.06289
   0.05670
   0.03285
  -0.00122
  -0.03491
  -0.05773
  -0.06258
  -0.04795
  -0.01838
   0.01691
   0.04693
   0.06234
   0.05834
   0.03618
   0.00275
  -0.03153
  -0.05600
  -0.06303
  -0.05044
  -0.02215
   0.01305
   0.04417
   0.06155
   0.05976
   0.03937
   0.00672
  -0.02803
  -0.05404
  -0.06323
  -0.05274
  -0.02582
   0.00913
   0.04125
   0.06052
   0.06094
   0.04240
   0.01065
  -0.02441
  -0.05187
  -0.06319
  -0.05483
  -0.02940
   0.00519
   0.03815
   0.05924
   0.06189
   0.04526
   0.01455
  -0.02070
  -0.04950
  -0.06289
  -0.05670
  -0.03285
   0.00122
   0.03491
   0.05773
   0.06258
   0.04795
   0.01838
  -0.01691
  -0.04693
  -0.06234
  -0.05834
  -0.03618
  -0.00275
   0.03153
   0.05600
   0.06303
   0.05044
   0.02215
  -0.01305
  -0.04417
  -0.06155
  -0.05976
  -0.03937
  -0.00672
   0.02803
   0.05404
   0.06323
   0.05274
   0.02582
  -0.00913
  -0.04125
  -0.06052
  -0.06094
  -0.04240
  -0.01065
   0.02441
   0.05187
   0.06319
   0.05483
   0.02940
  -0.00519
  -0.03815
  -0.05924
  -0.06189
  -0.04526
  -0.01455
   0.02070
   0.04950
   0.06289
   0.05670
   0.03285
  -0.00122
  -0.03491
  -0.05773
  -0.06258
  -0.04795
  -0.01838
   0.01691
   0.04693
   0.06234
   0.05834
   0.03618
   0.00275
  -0.03153
  -0.05600
  -0.06303
  -0.05044
  -0.02215
   0.01305
   0.04417
   0.06155
   0.05976
   0.03937
   0.00672
  -0.02803
  -0.05404
  -0.06323
  -0.05274
  -0.02582
   0.00913
   0.04125
   0.06052
   0.06094
   0.04240
   0.01065
  -0.02441
  -0.05187
  -0.06319
  -0.05483
  -0.02940
   0.00519
   0.03815
   0.05924
   0.06189
   0.04526
   0.01455
  -0.02070
  -0.04950
  -0.06289
  -0.05670
  -0.03285
   0.00122
   0.03491
   0.05773
   0.06258
   0.04795
   0.01838
  -0.01691
  -0.04693
  -0.06234
  -0.05834
  -0.03618
  -0.00275
   0.03153
   0.05600
   0.06303
   0.05044
   0.02215
  -0.01305
  -0.04417
  -0.06155
  -0.05976
  -0.03937
  -0.00672
   0.02803
   0.05404
   0.06323
   0.05274
   0.02582
  -0.00913
  -0.04125
  -0.06052
  -0.06094
  -0.04240
  -0.01065
   0.02441
   0.05187
   0.06319
   0.05483
   0.02940
  -0.00519
  -0.03815
  -0.05924
  -0.06189
  -0.04526
  -0.01455
   0.02070
   0.04950
   0.06289
   0.05670
   0.03285
  -0.00122
  -0.03491
  -0.05773
  -0.06258
  -0.04795
  -0.01838
   0.01691
   0.04693
   0.06234
   0.05834
   0.03618
   0.00275
  -0.03153
  -0.05600
  -0.06303
  -0.05044
  -0.02215
   0.01305
   0.04417
   0.06155
   0.05976
   0.03937
   0.00672
  -0.02803
  -0.05404
  -0.06323
  -0.05274
  -0.02582
   0.00913
   0.04125
   0.06052
   0.06094
   0.04240
   0.01065
  -0.02441
  -0.05187
  -0.06319
  -0.05483
  -0.02940
   0.00519
   0.03815
   0.05924
   0.06189
   0.04526
   0.01455
  -0.02070
  -0.04950
  -0.06289
  -0.05670
  -0.03285
   0.00122
   0.03491
   0.05773
   0.06258
   0.04795
   0.01838
  -0.01691
  -0.04693
  -0.06234
  -0.05834
  -0.03618
  -0.00275
   0.03153
   0.05600
   0.06303
   0.05044
   0.02215
  -0.01305
  -0.04417
  -0.06155
  -0.05976
  -0.03937
  -0.00672
   0.02803
   0.05404
   0.06323
   0.05274
   0.02582
  -0.00913
  -0.04125
  -0.06052
  -0.06094
  -0.04240
  -0.01065
   0.02441
   0.05187
   0.06319
   0.05483
   0.02940
  -0.00519
  -0.03815
  -0.05924
  -0.06189
  -0.04526
  -0.01455
   0.02070
   0.04950
   0.06289
   0.05670
   0.03285
  -0.00122
  -0.03491
  -0.05773
  -0.06258
  -0.04795
  -0.01838
   0.01691
   0.04693
   0.06234
   0.05834
   0.03618
   0.00275
  -0.03153
  -0.05600
  -0.06303
  -0.05044
  -0.02215
   0.01305
   0.04417
   0.06155
   0.05976
   0.03937
   0.00672
  -0.02803
  -0.05404
  -0.06323
