   0.01973
   0.03734
   0.05128
   0.06021
   0.06325
   0.06009
   0.05105
   0.03701
   0.01935
  -0.00020
  -0.01973
  -0.03734
  -0.05128
  -0.06021
  -0.06325
  -0.06009
  -0.05105
  -0.03701
  -0.01935
   0.00020
   0.01973
   0.03734
   0.05128
   0.06021
   0.06325
   0.06009
   0.05105
   0.03701
   0.01935
  -0.00020
  -0.01973
  -0.03734
  -0.05128
  -0.06021
  -0.06325
  -0.06009
  -0.05105
  -0.03701
  -0.01935
   0.00020
   0.01973
   0.03734
   0.05128
   0.06021
   0.06325
   0.06009
   0.05105
   0.03701
   0.01935
  -0.00020
  -0.01973
  -0.03734
  -0.05128
  -0.06021
  -0.06325
  -0.06009
  -0.05105
  -0.03701
  -0.01935
   0.00020
   0.01973
   0.03734
   0.05128
   0.06021
   0.06325
   0.06009
   0.05105
   0.03701
   0.01935
  -0.00020
  -0.01973
  -0.03734
  -0.05128
  -0.06021
  -0.06325
  -0.06009
  -0.05105
  -0.03701
  -0.01935
   0.00020
   0.01973
   0.03734
   0.05128
   0.06021
   0.06325
   0.06009
   0.05105
   0.03701
   0.01935
  -0.00020
  -0.01973
  -0.03734
  -0.05128
  -0.06021
  -0.06325
  -0.06009
  -0.05105
  -0.03701
  -0.01935
   0.00020
   0.01973
   0.03734
   0.05128
   0.06021
   0.06325
   0.06009
   0.05105
   0.03701
   0.01935
  -0.00020
  -0.01973
  -0.03734
  -0.05128
  -0.06021
  -0.06325
  -0.06009
  -0.05105
  -0.03701
  -0.01935
   0.00020
   0.01973
   0.03734
   0.05128
   0.06021
   0.06325
   0.06009
   0.05105
   0.03701
   0.01935
  -0.00020
  -0.01973
  -0.03734
  -0.05128
  -0.06021
  -0.06325
  -0.06009
  -0.05105
  -0.03701
  -0.01935
   0.00020
   0.01973
   0.03734
   0.05128
   0.06021
   0.06325
   0.06009
   0.05105
   0.03701
   0.01935
  -0.00020
  -0.01973
  -0.03734
  -0.05128
  -0.06021
  -0.06325
  -0.06009
  -0.05105
  -0.03701
  -0.01935
   0.00020
   0.01973
   0.03734
   0.05128
   0.06021
   0.06325
   0.06009
   0.05105
   0.03701
   0.01935
  -0.00020
  -0.01973
  -0.03734
  -0.05128
  -0.06021
  -0.06325
  -0.06009
  -0.05105
  -0.03701
  -0.01935
   0.00020
   0.01973
   0.03734
   0.05128
   0.06021
   0.06325
   0.06009
   0.05105
   0.03701
   0.01935
  -0.00020
  -0.01973
  -0.03734
  -0.05128
  -0.06021
  -0.06325
  -0.06009
  -0.05105
  -0.03701
  -0.01935
   0.00020
   0.01973
   0.03734
   0.05128
   0.06021
   0.06325
   0.06009
   0.05105
   0.03701
   0.01935
  -0.00020
  -0.01973
  -0.03734
  -0.05128
  -0.06021
  -0.06325
  -0.06009
  -0.05105
  -0.03701
  -0.01935
   0.00020
   0.01973
   0.03734
   0.05128
   0.06021
   0.06325
   0.06009
   0.05105
   0.03701
   0.01935
  -0.00020
  -0.01973
  -0.03734
  -0.05128
  -0.06021
  -0.06325
  -0.06009
  -0.05105
  -0.03701
  -0.01935
   0.00020
   0.01973
   0.03734
   0.05128
   0.06021
   0.06325
   0.06009
   0.05105
   0.03701
   0.01935
  -0.00020
  -0.01973
  -0.03734
  -0.05128
  -0.06021
  -0.06325
  -0.06009
  -0.05105
  -0.03701
  -0.01935
   0.00020
   0.01973
   0.03734
   0.05128
   0.06021
   0.06325
   0.06009
   0.05105
   0.03701
   0.01935
  -0.00020
  -0.01973
  -0.03734
  -0.05128
  -0.06021
  -0.06325
  -0.06009
  -0.05105
  -0.03701
  -0.01935
   0.00020
   0.01973
   0.03734
   0.05128
   0.06021
   0.06325
   0.06009
   0.05105
   0.03701
   0.01935
  -0.00020
  -0.01973
  -0.03734
  -0.05128
  -0.06021
  -0.06325
  -0.06009
  -0.05105
  -0.03701
  -0.01935
   0.00020
   0.01973
   0.03734
   0.05128
   0.06021
   0.06325
   0.06009
   0.05105
   0.03701
   0.01935
  -0.00020
  -0.01973
  -0.03734
  -0.05128
  -0.06021
  -0.06325
  -0.06009
  -0.05105
  -0.03701
  -0.01935
   0.00020
   0.01973
   0.03734
   0.05128
   0.06021
   0.06325
   0.06009
   0.05105
   0.03701
   0.01935
  -0.00020
  -0.01973
  -0.03734
  -0.05128
  -0.06021
  -0.06325
  -0.06009
  -0.05105
  -0.03701
  -0.01935
   0.00020
   0.01973
   0.03734
   0.05128
   0.06021
   0.06325
   0.06009
   0.05105
   0.03701
   0.01935
  -0.00020
  -0.01973
  -0.03734
  -0.05128
  -0.06021
  -0.06325
  -0.06009
  -0.05105
  -0.03701
  -0.01935
   0.00020
   0.01973
   0.03734
   0.05128
   0.06021
   0.06325
   0.06009
   0.05105
   0.03701
   0.01935
  -0.00020
  -0.01973
  -0.03734
  -0.05128
  -0.06021
  -0.06325
  -0.06009
  -0.05105
  -0.03701
  -0.01935
   0.00020
   0.01973
   0.03734
   0.05128
   0.06021
   0.06325
   0.06009
   0.05105
   0.03701
   0.01935
  -0.00020
  -0.01973
  -0.03734
  -0.05128
  -0.06021
  -0.06325
  -0.06009
  -0.05105
  -0.03701
  -0.01935
   0.00020
   0.01973
   0.03734
   0.05128
   0.06021
   0.06325
   0.06009
   0.05105
   0.03701
   0.01935
  -0.00020
  -0.01973
  -0.03734
  -0.05128
  -0.06021
  -0.06325
  -0.06009
  -0.05105
  -0.03701
  -0.01935
   0.00020
   0.01973
   0.03734
   0.05128
   0.06021
   0.06325
   0.06009
   0.05105
   0.03701
   0.01935
  -0.00020
  -0.01973
  -0.03734
  -0.05128
  -0.06021
  -0.06325
  -0.06009
  -0.05105
  -0.03701
  -0.01935
   0.00020
   0.01973
   0.03734
   0.05128
   0.06021
   0.06325
   0.06009
   0.05105
   0.03701
   0.01935
  -0.00020
  -0.01973
  -0.03734
  -0.05128
  -0.06021
  -0.06325
  -0.06009
  -0.05105
  -0.03701
  -0.01935
   0.00020
   0.01973
   0.03734
   0.05128
   0.06021
   0.06325
   0.06009
   0.05105
   0.03701
   0.01935
  -0.00020
  -0.01973
  -0.03734
  -0.05128
  -0.06021
  -0.06325
  -0.06009
  -0.05105
  -0.03701
  -0.01935
   0.00020
   0.01973
   0.03734
   0.05128
   0.06021
   0.06325
   0.06009
   0.05105
   0.03701
   0.01935
  -0.00020
  -0.01973
  -0.03734
  -0.05128
  -0.06021
  -0.06325
  -0.06009
  -0.05105
  -0.03701
  -0.01935
   0.00020
