  -0.06062
   0.05424
  -0.04444
   0.03186
  -0.01727
   0.00159
   0.01418
  -0.02906
   0.04212
  -0.05253
   0.05964
  -0.06300
   0.06240
  -0.05789
   0.04973
  -0.03845
   0.02476
  -0.00950
  -0.00634
   0.02179
  -0.03587
   0.04770
  -0.05653
   0.06181
  -0.06320
   0.06062
  -0.05424
   0.04444
  -0.03186
   0.01727
  -0.00159
  -0.01418
   0.02906
  -0.04212
   0.05253
  -0.05964
   0.06300
  -0.06240
   0.05789
  -0.04973
   0.03845
  -0.02476
   0.00950
   0.00634
  -0.02179
   0.03587
  -0.04770
   0.05653
  -0.06181
   0.06320
  -0.06062
   0.05424
  -0.04444
   0.03186
  -0.01727
   0.00159
   0.01418
  -0.02906
   0.04212
  -0.05253
   0.05964
  -0.06300
   0.06240
  -0.05789
   0.04973
  -0.03845
   0.02476
  -0.00950
  -0.00634
   0.02179
  -0.03587
   0.04770
  -0.05653
   0.06181
  -0.06320
   0.06062
  -0.05424
   0.04444
  -0.03186
   0.01727
  -0.00159
  -0.01418
   0.02906
  -0.04212
   0.05253
  -0.05964
   0.06300
  -0.06240
   0.05789
  -0.04973
   0.03845
  -0.02476
   0.00950
   0.00634
  -0.02179
   0.03587
  -0.04770
   0.05653
  -0.06181
   0.06320
  -0.06062
   0.05424
  -0.04444
   0.03186
  -0.01727
   0.00159
   0.01418
  -0.02906
   0.04212
  -0.05253
   0.05964
  -0.06300
   0.06240
  -0.05789
   0.04973
  -0.03845
   0.02476
  -0.00950
  -0.00634
   0.02179
  -0.03587
   0.04770
  -0.05653
   0.06181
  -0.06320
   0.06062
  -0.05424
   0.04444
  -0.03186
   0.01727
  -0.00159
  -0.01418
   0.02906
  -0.04212
   0.05253
  -0.05964
   0.06300
  -0.06240
   0.05789
  -0.04973
   0.03845
  -0.02476
   0.00950
   0.00634
  -0.02179
   0.03587
  -0.04770
   0.05653
  -0.06181
   0.06320
  -0.06062
   0.05424
  -0.04444
   0.03186
  -0.01727
   0.00159
   0.01418
  -0.02906
   0.04212
  -0.05253
   0.05964
  -0.06300
   0.06240
  -0.05789
   0.04973
  -0.03845
   0.02476
  -0.00950
  -0.00634
   0.02179
  -0.03587
   0.04770
  -0.05653
   0.06181
  -0.06320
   0.06062
  -0.05424
   0.04444
  -0.03186
   0.01727
  -0.00159
  -0.01418
   0.02906
  -0.04212
   0.05253
  -0.05964
   0.06300
  -0.06240
   0.05789
  -0.04973
   0.03845
  -0.02476
   0.00950
   0.00634
  -0.02179
   0.03587
  -0.04770
   0.05653
  -0.06181
   0.06320
  -0.06062
   0.05424
  -0.04444
   0.03186
  -0.01727
   0.00159
   0.01418
  -0.02906
   0.04212
  -0.05253
   0.05964
  -0.06300
   0.06240
  -0.05789
   0.04973
  -0.03845
   0.02476
  -0.00950
  -0.00634
   0.02179
  -0.03587
   0.04770
  -0.05653
   0.06181
  -0.06320
   0.06062
  -0.05424
   0.04444
  -0.03186
   0.01727
  -0.00159
  -0.01418
   0.02906
  -0.04212
   0.05253
  -0.05964
   0.06300
  -0.06240
   0.05789
  -0.04973
   0.03845
  -0.02476
   0.00950
   0.00634
  -0.02179
   0.03587
  -0.04770
   0.05653
  -0.06181
   0.06320
  -0.06062
   0.05424
  -0.04444
   0.03186
  -0.01727
   0.00159
   0.01418
  -0.02906
   0.04212
  -0.05253
   0.05964
  -0.06300
   0.06240
  -0.05789
   0.04973
  -0.03845
   0.02476
  -0.00950
  -0.00634
   0.02179
  -0.03587
   0.04770
  -0.05653
   0.06181
  -0.06320
   0.06062
  -0.05424
   0.04444
  -0.03186
   0.01727
  -0.00159
  -0.01418
   0.02906
  -0.04212
   0.05253
  -0.05964
   0.06300
  -0.06240
   0.05789
  -0.04973
   0.03845
  -0.02476
   0.00950
   0.00634
  -0.02179
   0.03587
  -0.04770
   0.05653
  -0.06181
   0.06320
  -0.06062
   0.05424
  -0.04444
   0.03186
  -0.01727
   0.00159
   0.01418
  -0.02906
   0.04212
  -0.05253
   0.05964
  -0.06300
   0.06240
  -0.05789
   0.04973
  -0.03845
   0.02476
  -0.00950
  -0.00634
   0.02179
  -0.03587
   0.04770
  -0.05653
   0.06181
  -0.06320
   0.06062
  -0.05424
   0.04444
  -0.03186
   0.01727
  -0.00159
  -0.01418
   0.02906
  -0.04212
   0.05253
  -0.05964
   0.06300
  -0.06240
   0.05789
  -0.04973
   0.03845
  -0.02476
   0.00950
   0.00634
  -0.02179
   0.03587
  -0.04770
   0.05653
  -0.06181
   0.06320
  -0.06062
   0.05424
  -0.04444
   0.03186
  -0.01727
   0.00159
   0.01418
  -0.02906
   0.04212
  -0.05253
   0.05964
  -0.06300
   0.06240
  -0.05789
   0.04973
  -0.03845
   0.02476
  -0.00950
  -0.00634
   0.02179
  -0.03587
   0.04770
  -0.05653
   0.06181
  -0.06320
   0.06062
  -0.05424
   0.04444
  -0.03186
   0.01727
  -0.00159
  -0.01418
   0.02906
  -0.04212
   0.05253
  -0.05964
   0.06300
  -0.06240
   0.05789
  -0.04973
   0.03845
  -0.02476
   0.00950
   0.00634
  -0.02179
   0.03587
  -0.04770
   0.05653
  -0.06181
   0.06320
  -0.06062
   0.05424
  -0.04444
   0.03186
  -0.01727
   0.00159
   0.01418
  -0.02906
   0.04212
  -0.05253
   0.05964
  -0.06300
   0.06240
  -0.05789
   0.04973
  -0.03845
   0.02476
  -0.00950
  -0.00634
   0.02179
  -0.03587
   0.04770
  -0.05653
   0.06181
  -0.06320
   0.06062
  -0.05424
   0.04444
  -0.03186
   0.01727
  -0.00159
  -0.01418
   0.02906
  -0.04212
   0.05253
  -0.05964
   0.06300
  -0.06240
   0.05789
  -0.04973
   0.03845
  -0.02476
   0.00950
   0.00634
  -0.02179
   0.03587
  -0.04770
   0.05653
  -0.06181
   0.06320
  -0.06062
   0.05424
  -0.04444
   0.03186
  -0.01727
   0.00159
   0.01418
  -0.02906
   0.04212
  -0.05253
   0.05964
  -0.06300
   0.06240
  -0.05789
   0.04973
  -0.03845
   0.02476
  -0.00950
  -0.00634
   0.02179
  -0.03587
   0.04770
  -0.05653
   0.06181
  -0.06320
   0.06062
  -0.05424
   0.04444
  -0.03186
   0.01727
  -0.00159
  -0.01418
   0.02906
  -0.04212
   0.05253
  -0.05964
   0.06300
  -0.06240
   0.05789
  -0.04973
   0.03845
  -0.02476
   0.00950
   0.00634
  -0.02179
   0.03587
  -0.04770
   0.05653
  -0.06181
   0.06320
