  -0.03392
   0.02690
   0.06274
   0.04034
  -0.01951
  -0.06125
  -0.04613
   0.01182
   0.05879
   0.05119
  -0.00394
  -0.05541
  -0.05544
  -0.00400
   0.05115
   0.05882
   0.01188
  -0.04608
  -0.06127
  -0.01957
   0.04029
   0.06275
   0.02696
  -0.03386
  -0.06325
  -0.03392
   0.02690
   0.06274
   0.04034
  -0.01951
  -0.06125
  -0.04613
   0.01182
   0.05879
   0.05119
  -0.00394
  -0.05541
  -0.05544
  -0.00400
   0.05115
   0.05882
   0.01188
  -0.04608
  -0.06127
  -0.01957
   0.04029
   0.06275
   0.02696
  -0.03386
  -0.06325
  -0.03392
   0.02690
   0.06274
   0.04034
  -0.01951
  -0.06125
  -0.04613
   0.01182
   0.05879
   0.05119
  -0.00394
  -0.05541
  -0.05544
  -0.00400
   0.05115
   0.05882
   0.01188
  -0.04608
  -0.06127
  -0.01957
   0.04029
   0.06275
   0.02696
  -0.03386
  -0.06325
  -0.03392
   0.02690
   0.06274
   0.04034
  -0.01951
  -0.06125
  -0.04613
   0.01182
   0.05879
   0.05119
  -0.00394
  -0.05541
  -0.05544
  -0.00400
   0.05115
   0.05882
   0.01188
  -0.04608
  -0.06127
  -0.01957
   0.04029
   0.06275
   0.02696
  -0.03386
  -0.06325
  -0.03392
   0.02690
   0.06274
   0.04034
  -0.01951
  -0.06125
  -0.04613
   0.01182
   0.05879
   0.05119
  -0.00394
  -0.05541
  -0.05544
  -0.00400
   0.05115
   0.05882
   0.01188
  -0.04608
  -0.06127
  -0.01957
   0.04029
   0.06275
   0.02696
  -0.03386
  -0.06325
  -0.03392
   0.02690
   0.06274
   0.04034
  -0.01951
  -0.06125
  -0.04613
   0.01182
   0.05879
   0.05119
  -0.00394
  -0.05541
  -0.05544
  -0.00400
   0.05115
   0.05882
   0.01188
  -0.04608
  -0.06127
  -0.01957
   0.04029
   0.06275
   0.02696
  -0.03386
  -0.06325
  -0.03392
   0.02690
   0.06274
   0.04034
  -0.01951
  -0.06125
  -0.04613
   0.01182
   0.05879
   0.05119
  -0.00394
  -0.05541
  -0.05544
  -0.00400
   0.05115
   0.05882
   0.01188
  -0.04608
  -0.06127
  -0.01957
   0.04029
   0.06275
   0.02696
  -0.03386
  -0.06325
  -0.03392
   0.02690
   0.06274
   0.04034
  -0.01951
  -0.06125
  -0.04613
   0.01182
   0.05879
   0.05119
  -0.00394
  -0.05541
  -0.05544
  -0.00400
   0.05115
   0.05882
   0.01188
  -0.04608
  -0.06127
  -0.01957
   0.04029
   0.06275
   0.02696
  -0.03386
  -0.06325
  -0.03392
   0.02690
   0.06274
   0.04034
  -0.01951
  -0.06125
  -0.04613
   0.01182
   0.05879
   0.05119
  -0.00394
  -0.05541
  -0.05544
  -0.00400
   0.05115
   0.05882
   0.01188
  -0.04608
  -0.06127
  -0.01957
   0.04029
   0.06275
   0.02696
  -0.03386
  -0.06325
  -0.03392
   0.02690
   0.06274
   0.04034
  -0.01951
  -0.06125
  -0.04613
   0.01182
   0.05879
   0.05119
  -0.00394
  -0.05541
  -0.05544
  -0.00400
   0.05115
   0.05882
   0.01188
  -0.04608
  -0.06127
  -0.01957
   0.04029
   0.06275
   0.02696
  -0.03386
  -0.06325
  -0.03392
   0.02690
   0.06274
   0.04034
  -0.01951
  -0.06125
  -0.04613
   0.01182
   0.05879
   0.05119
  -0.00394
  -0.05541
  -0.05544
  -0.00400
   0.05115
   0.05882
   0.01188
  -0.04608
  -0.06127
  -0.01957
   0.04029
   0.06275
   0.02696
  -0.03386
  -0.06325
  -0.03392
   0.02690
   0.06274
   0.04034
  -0.01951
  -0.06125
  -0.04613
   0.01182
   0.05879
   0.05119
  -0.00394
  -0.05541
  -0.05544
  -0.00400
   0.05115
   0.05882
   0.01188
  -0.04608
  -0.06127
  -0.01957
   0.04029
   0.06275
   0.02696
  -0.03386
  -0.06325
  -0.03392
   0.02690
   0.06274
   0.04034
  -0.01951
  -0.06125
  -0.04613
   0.01182
   0.05879
   0.05119
  -0.00394
  -0.05541
  -0.05544
  -0.00400
   0.05115
   0.05882
   0.01188
  -0.04608
  -0.06127
  -0.01957
   0.04029
   0.06275
   0.02696
  -0.03386
  -0.06325
  -0.03392
   0.02690
   0.06274
   0.04034
  -0.01951
  -0.06125
  -0.04613
   0.01182
   0.05879
   0.05119
  -0.00394
  -0.05541
  -0.05544
  -0.00400
   0.05115
   0.05882
   0.01188
  -0.04608
  -0.06127
  -0.01957
   0.04029
   0.06275
   0.02696
  -0.03386
  -0.06325
  -0.03392
   0.02690
   0.06274
   0.04034
  -0.01951
  -0.06125
  -0.04613
   0.01182
   0.05879
   0.05119
  -0.00394
  -0.05541
  -0.05544
  -0.00400
   0.05115
   0.05882
   0.01188
  -0.04608
  -0.06127
  -0.01957
   0.04029
   0.06275
   0.02696
  -0.03386
  -0.06325
  -0.03392
   0.02690
   0.06274
   0.04034
  -0.01951
  -0.06125
  -0.04613
   0.01182
   0.05879
   0.05119
  -0.00394
  -0.05541
  -0.05544
  -0.00400
   0.05115
   0.05882
   0.01188
  -0.04608
  -0.06127
  -0.01957
   0.04029
   0.06275
   0.02696
  -0.03386
  -0.06325
  -0.03392
   0.02690
   0.06274
   0.04034
  -0.01951
  -0.06125
  -0.04613
   0.01182
   0.05879
   0.05119
  -0.00394
  -0.05541
  -0.05544
  -0.00400
   0.05115
   0.05882
   0.01188
  -0.04608
  -0.06127
  -0.01957
   0.04029
   0.06275
   0.02696
  -0.03386
  -0.06325
  -0.03392
   0.02690
   0.06274
   0.04034
  -0.01951
  -0.06125
  -0.04613
   0.01182
   0.05879
   0.05119
  -0.00394
  -0.05541
  -0.05544
  -0.00400
   0.05115
   0.05882
   0.01188
  -0.04608
  -0.06127
  -0.01957
   0.04029
   0.06275
   0.02696
  -0.03386
  -0.06325
  -0.03392
   0.02690
   0.06274
   0.04034
  -0.01951
  -0.06125
  -0.04613
   0.01182
   0.05879
   0.05119
  -0.00394
  -0.05541
  -0.05544
  -0.00400
   0.05115
   0.05882
   0.01188
  -0.04608
  -0.06127
  -0.01957
   0.04029
   0.06275
   0.02696
  -0.03386
  -0.06325
  -0.03392
   0.02690
   0.06274
   0.04034
  -0.01951
  -0.06125
  -0.04613
   0.01182
   0.05879
   0.05119
  -0.00394
  -0.05541
  -0.05544
  -0.00400
   0.05115
   0.05882
   0.01188
  -0.04608
  -0.06127
  -0.01957
   0.04029
   0.06275
   0.02696
  -0.03386
  -0.06325
