  -0.06065
  -0.05302
  -0.04100
  -0.02557
  -0.00803
   0.01019
   0.02756
   0.04264
   0.05418
   0.06123
   0.06320
   0.05993
   0.05169
   0.03916
   0.02338
   0.00566
  -0.01253
  -0.02968
  -0.04437
  -0.05537
  -0.06179
  -0.06307
  -0.05913
  -0.05028
  -0.03726
  -0.02114
  -0.00328
   0.01486
   0.03177
   0.04604
   0.05649
   0.06225
   0.06285
   0.05824
   0.04880
   0.03530
   0.01888
   0.00090
  -0.01717
  -0.03380
  -0.04764
  -0.05752
  -0.06263
  -0.06254
  -0.05727
  -0.04724
  -0.03330
  -0.01659
   0.00149
   0.01945
   0.03579
   0.04917
   0.05847
   0.06292
   0.06214
   0.05622
   0.04563
   0.03125
   0.01428
  -0.00387
  -0.02170
  -0.03773
  -0.05064
  -0.05934
  -0.06311
  -0.06166
  -0.05508
  -0.04394
  -0.02916
  -0.01195
   0.00625
   0.02393
   0.03962
   0.05203
   0.06012
   0.06322
   0.06108
   0.05387
   0.04220
   0.02702
   0.00960
  -0.00862
  -0.02612
  -0.04145
  -0.05335
  -0.06082
  -0.06324
  -0.06042
  -0.05259
  -0.04039
  -0.02484
  -0.00724
   0.01097
   0.02827
   0.04322
   0.05459
   0.06143
   0.06317
   0.05967
   0.05123
   0.03853
   0.02264
   0.00486
  -0.01331
  -0.03038
  -0.04493
  -0.05575
  -0.06195
  -0.06301
  -0.05884
  -0.04979
  -0.03661
  -0.02039
  -0.00248
   0.01563
   0.03245
   0.04658
   0.05684
   0.06239
   0.06276
   0.05793
   0.04829
   0.03464
   0.01812
   0.00010
  -0.01793
  -0.03447
  -0.04816
  -0.05784
  -0.06273
  -0.06242
  -0.05693
  -0.04671
  -0.03262
  -0.01583
   0.00228
   0.02020
   0.03645
   0.04967
   0.05877
   0.06299
   0.06199
   0.05585
   0.04507
   0.03056
   0.01351
  -0.00466
  -0.02245
  -0.03837
  -0.05111
  -0.05961
  -0.06316
  -0.06148
  -0.05469
  -0.04337
  -0.02845
  -0.01117
   0.00704
   0.02466
   0.04024
   0.05248
   0.06036
   0.06324
   0.06087
   0.05345
   0.04160
   0.02630
   0.00881
  -0.00940
  -0.02684
  -0.04205
  -0.05377
  -0.06103
  -0.06323
  -0.06018
  -0.05214
  -0.03978
  -0.02411
  -0.00645
   0.01175
   0.02898
   0.04380
   0.05499
   0.06161
   0.06313
   0.05941
   0.05076
   0.03790
   0.02189
   0.00407
  -0.01409
  -0.03108
  -0.04549
  -0.05612
  -0.06211
  -0.06294
  -0.05855
  -0.04930
  -0.03596
  -0.01964
  -0.00169
   0.01640
   0.03313
   0.04711
   0.05718
   0.06251
   0.06266
   0.05760
   0.04777
   0.03397
   0.01736
  -0.00069
  -0.01869
  -0.03514
  -0.04867
  -0.05816
  -0.06283
  -0.06229
  -0.05658
  -0.04617
  -0.03194
  -0.01505
   0.00308
   0.02095
   0.03709
   0.05016
   0.05906
   0.06306
   0.06183
   0.05547
   0.04451
   0.02986
   0.01273
  -0.00546
  -0.02319
  -0.03900
  -0.05157
  -0.05987
  -0.06320
  -0.06128
  -0.05429
  -0.04279
  -0.02774
  -0.01039
   0.00783
   0.02539
   0.04085
   0.05292
   0.06059
   0.06325
   0.06065
   0.05302
   0.04100
   0.02557
   0.00803
  -0.01019
  -0.02756
  -0.04264
  -0.05418
  -0.06123
  -0.06320
  -0.05993
  -0.05169
  -0.03916
  -0.02338
  -0.00566
   0.01253
   0.02968
   0.04437
   0.05537
   0.06179
   0.06307
   0.05913
   0.05028
   0.03726
   0.02114
   0.00328
  -0.01486
  -0.03177
  -0.04604
  -0.05649
  -0.06225
  -0.06285
  -0.05824
  -0.04880
  -0.03530
  -0.01888
  -0.00090
   0.01717
   0.03380
   0.04764
   0.05752
   0.06263
   0.06254
   0.05727
   0.04724
   0.03330
   0.01659
  -0.00149
  -0.01945
  -0.03579
  -0.04917
  -0.05847
  -0.06292
  -0.06214
  -0.05622
  -0.04563
  -0.03125
  -0.01428
   0.00387
   0.02170
   0.03773
   0.05064
   0.05934
   0.06311
   0.06166
   0.05508
   0.04394
   0.02916
   0.01195
  -0.00625
  -0.02393
  -0.03962
  -0.05203
  -0.06012
  -0.06322
  -0.06108
  -0.05387
  -0.04220
  -0.02702
  -0.00960
   0.00862
   0.02612
   0.04145
   0.05335
   0.06082
   0.06324
   0.06042
   0.05259
   0.04039
   0.02484
   0.00724
  -0.01097
  -0.02827
  -0.04322
  -0.05459
  -0.06143
  -0.06317
  -0.05967
  -0.05123
  -0.03853
  -0.02264
  -0.00486
   0.01331
   0.03038
   0.04493
   0.05575
   0.06195
   0.06301
   0.05884
   0.04979
   0.03661
   0.02039
   0.00248
  -0.01563
  -0.03245
  -0.04658
  -0.05684
  -0.06239
  -0.06276
  -0.05793
  -0.04829
  -0.03464
  -0.01812
  -0.00010
   0.01793
   0.03447
   0.04816
   0.05784
   0.06273
   0.06242
   0.05693
   0.04671
   0.03262
   0.01583
  -0.00228
  -0.02020
  -0.03645
  -0.04967
  -0.05877
  -0.06299
  -0.06199
  -0.05585
  -0.04507
  -0.03056
  -0.01351
   0.00466
   0.02245
   0.03837
   0.05111
   0.05961
   0.06316
   0.06148
   0.05469
   0.04337
   0.02845
   0.01117
  -0.00704
  -0.02466
  -0.04024
  -0.05248
  -0.06036
  -0.06324
  -0.06087
  -0.05345
  -0.04160
  -0.02630
  -0.00881
   0.00940
   0.02684
   0.04205
   0.05377
   0.06103
   0.06323
   0.06018
   0.05214
   0.03978
   0.02411
   0.00645
  -0.01175
  -0.02898
  -0.04380
  -0.05499
  -0.06161
  -0.06313
  -0.05941
  -0.05076
  -0.03790
  -0.02189
  -0.00407
   0.01409
   0.03108
   0.04549
   0.05612
   0.06211
   0.06294
   0.05855
   0.04930
   0.03596
   0.01964
   0.00169
  -0.01640
  -0.03313
  -0.04711
  -0.05718
  -0.06251
  -0.06266
  -0.05760
  -0.04777
  -0.03397
  -0.01736
   0.00069
   0.01869
   0.03514
   0.04867
   0.05816
   0.06283
   0.06229
   0.05658
   0.04617
   0.03194
   0.01505
  -0.00308
  -0.02095
  -0.03709
  -0.05016
  -0.05906
  -0.06306
  -0.06183
  -0.05547
  -0.04451
  -0.02986
  -0.01273
   0.00546
   0.02319
   0.03900
   0.05157
   0.05987
   0.06320
   0.06128
   0.05429
   0.04279
   0.02774
   0.01039
  -0.00783
  -0.02539
  -0.04085
  -0.05292
  -0.06059
  -0.06325
