  -0.05382
   0.03521
  -0.01028
  -0.01651
   0.04032
  -0.05689
   0.06323
  -0.05820
   0.04271
  -0.01954
  -0.00715
   0.03254
  -0.05209
   0.06227
  -0.06126
   0.04923
  -0.02835
   0.00238
   0.02403
  -0.04611
   0.05990
  -0.06293
   0.05463
  -0.03652
   0.01184
   0.01497
  -0.03908
   0.05617
  -0.06317
   0.05880
  -0.04386
   0.02104
   0.00556
  -0.03117
   0.05117
  -0.06197
   0.06163
  -0.05021
   0.02976
  -0.00396
  -0.02255
   0.04501
  -0.05937
   0.06307
  -0.05542
   0.03781
  -0.01340
  -0.01342
   0.03782
  -0.05543
   0.06307
  -0.05937
   0.04500
  -0.02253
  -0.00398
   0.02978
  -0.05022
   0.06164
  -0.06197
   0.05116
  -0.03116
   0.00555
   0.02106
  -0.04388
   0.05881
  -0.06317
   0.05617
  -0.03907
   0.01495
   0.01186
  -0.03654
   0.05464
  -0.06293
   0.05990
  -0.04610
   0.02401
   0.00239
  -0.02837
   0.04924
  -0.06126
   0.06227
  -0.05208
   0.03253
  -0.00713
  -0.01955
   0.04272
  -0.05820
   0.06323
  -0.05688
   0.04031
  -0.01649
  -0.01029
   0.03523
  -0.05383
   0.06275
  -0.06039
   0.04717
  -0.02547
  -0.00080
   0.02694
  -0.04823
   0.06085
  -0.06253
   0.05297
  -0.03388
   0.00871
   0.01803
  -0.04153
   0.05756
  -0.06325
   0.05756
  -0.04152
   0.01802
   0.00872
  -0.03390
   0.05297
  -0.06253
   0.06084
  -0.04822
   0.02692
  -0.00079
  -0.02549
   0.04718
  -0.06039
   0.06275
  -0.05382
   0.03521
  -0.01028
  -0.01651
   0.04032
  -0.05689
   0.06323
  -0.05820
   0.04271
  -0.01954
  -0.00715
   0.03254
  -0.05209
   0.06227
  -0.06126
   0.04923
  -0.02835
   0.00238
   0.02403
  -0.04611
   0.05990
  -0.06293
   0.05463
  -0.03652
   0.01184
   0.01497
  -0.03908
   0.05617
  -0.06317
   0.05880
  -0.04386
   0.02104
   0.00556
  -0.03117
   0.05117
  -0.06197
   0.06163
  -0.05021
   0.02976
  -0.00396
  -0.02255
   0.04501
  -0.05937
   0.06307
  -0.05542
   0.03781
  -0.01340
  -0.01342
   0.03782
  -0.05543
   0.06307
  -0.05937
   0.04500
  -0.02253
  -0.00398
   0.02978
  -0.05022
   0.06164
  -0.06197
   0.05116
  -0.03116
   0.00555
   0.02106
  -0.04388
   0.05881
  -0.06317
   0.05617
  -0.03907
   0.01495
   0.01186
  -0.03654
   0.05464
  -0.06293
   0.05990
  -0.04610
   0.02401
   0.00239
  -0.02837
   0.04924
  -0.06126
   0.06227
  -0.05208
   0.03253
  -0.00713
  -0.01955
   0.04272
  -0.05820
   0.06323
  -0.05688
   0.04031
  -0.01649
  -0.01029
   0.03523
  -0.05383
   0.06275
  -0.06039
   0.04717
  -0.02547
  -0.00080
   0.02694
  -0.04823
   0.06085
  -0.06253
   0.05297
  -0.03388
   0.00871
   0.01803
  -0.04153
   0.05756
  -0.06325
   0.05756
  -0.04152
   0.01802
   0.00872
  -0.03390
   0.05297
  -0.06253
   0.06084
  -0.04822
   0.02692
  -0.00079
  -0.02549
   0.04718
  -0.06039
   0.06275
  -0.05382
   0.03521
  -0.01028
  -0.01651
   0.04032
  -0.05689
   0.06323
  -0.05820
   0.04271
  -0.01954
  -0.00715
   0.03254
  -0.05209
   0.06227
  -0.06126
   0.04923
  -0.02835
   0.00238
   0.02403
  -0.04611
   0.05990
  -0.06293
   0.05463
  -0.03652
   0.01184
   0.01497
  -0.03908
   0.05617
  -0.06317
   0.05880
  -0.04386
   0.02104
   0.00556
  -0.03117
   0.05117
  -0.06197
   0.06163
  -0.05021
   0.02976
  -0.00396
  -0.02255
   0.04501
  -0.05937
   0.06307
  -0.05542
   0.03781
  -0.01340
  -0.01342
   0.03782
  -0.05543
   0.06307
  -0.05937
   0.04500
  -0.02253
  -0.00398
   0.02978
  -0.05022
   0.06164
  -0.06197
   0.05116
  -0.03116
   0.00555
   0.02106
  -0.04388
   0.05881
  -0.06317
   0.05617
  -0.03907
   0.01495
   0.01186
  -0.03654
   0.05464
  -0.06293
   0.05990
  -0.04610
   0.02401
   0.00239
  -0.02837
   0.04924
  -0.06126
   0.06227
  -0.05208
   0.03253
  -0.00713
  -0.01955
   0.04272
  -0.05820
   0.06323
  -0.05688
   0.04031
  -0.01649
  -0.01029
   0.03523
  -0.05383
   0.06275
  -0.06039
   0.04717
  -0.02547
  -0.00080
   0.02694
  -0.04823
   0.06085
  -0.06253
   0.05297
  -0.03388
   0.00871
   0.01803
  -0.04153
   0.05756
  -0.06325
   0.05756
  -0.04152
   0.01802
   0.00872
  -0.03390
   0.05297
  -0.06253
   0.06084
  -0.04822
   0.02692
  -0.00079
  -0.02549
   0.04718
  -0.06039
   0.06275
  -0.05382
   0.03521
  -0.01028
  -0.01651
   0.04032
  -0.05689
   0.06323
  -0.05820
   0.04271
  -0.01954
  -0.00715
   0.03254
  -0.05209
   0.06227
  -0.06126
   0.04923
  -0.02835
   0.00238
   0.02403
  -0.04611
   0.05990
  -0.06293
   0.05463
  -0.03652
   0.01184
   0.01497
  -0.03908
   0.05617
  -0.06317
   0.05880
  -0.04386
   0.02104
   0.00556
  -0.03117
   0.05117
  -0.06197
   0.06163
  -0.05021
   0.02976
  -0.00396
  -0.02255
   0.04501
  -0.05937
   0.06307
  -0.05542
   0.03781
  -0.01340
  -0.01342
   0.03782
  -0.05543
   0.06307
  -0.05937
   0.04500
  -0.02253
  -0.00398
   0.02978
  -0.05022
   0.06164
  -0.06197
   0.05116
  -0.03116
   0.00555
   0.02106
  -0.04388
   0.05881
  -0.06317
   0.05617
  -0.03907
   0.01495
   0.01186
  -0.03654
   0.05464
  -0.06293
   0.05990
  -0.04610
   0.02401
   0.00239
  -0.02837
   0.04924
  -0.06126
   0.06227
  -0.05208
   0.03253
  -0.00713
  -0.01955
   0.04272
  -0.05820
   0.06323
  -0.05688
   0.04031
  -0.01649
  -0.01029
   0.03523
  -0.05383
   0.06275
  -0.06039
   0.04717
  -0.02547
  -0.00080
   0.02694
  -0.04823
   0.06085
  -0.06253
   0.05297
  -0.03388
   0.00871
   0.01803
  -0.04153
   0.05756
  -0.06325
   0.05756
  -0.04152
   0.01802
   0.00872
  -0.03390
   0.05297
  -0.06253
   0.06084
  -0.04822
   0.02692
  -0.00079
  -0.02549
   0.04718
  -0.06039
   0.06275
