  -0.01555
   0.02961
  -0.04199
   0.05198
  -0.05903
   0.06272
  -0.06286
   0.05943
  -0.05263
   0.04285
  -0.03063
   0.01667
  -0.00177
  -0.01323
   0.02748
  -0.04017
   0.05059
  -0.05813
   0.06237
  -0.06308
   0.06021
  -0.05392
   0.04457
  -0.03269
   0.01896
  -0.00415
  -0.01089
   0.02532
  -0.03830
   0.04912
  -0.05715
   0.06194
  -0.06321
   0.06089
  -0.05512
   0.04623
  -0.03471
   0.02122
  -0.00653
  -0.00854
   0.02311
  -0.03638
   0.04758
  -0.05609
   0.06141
  -0.06325
   0.06149
  -0.05625
   0.04782
  -0.03668
   0.02345
  -0.00889
  -0.00617
   0.02088
  -0.03441
   0.04598
  -0.05495
   0.06079
  -0.06319
   0.06201
  -0.05730
   0.04935
  -0.03859
   0.02565
  -0.01125
  -0.00379
   0.01861
  -0.03238
   0.04431
  -0.05373
   0.06009
  -0.06305
   0.06243
  -0.05827
   0.05080
  -0.04045
   0.02781
  -0.01359
  -0.00141
   0.01632
  -0.03031
   0.04258
  -0.05243
   0.05931
  -0.06282
   0.06277
  -0.05916
   0.05219
  -0.04226
   0.02993
  -0.01590
   0.00098
   0.01401
  -0.02820
   0.04079
  -0.05106
   0.05844
  -0.06250
   0.06302
  -0.05996
   0.05350
  -0.04400
   0.03201
  -0.01820
   0.00336
   0.01167
  -0.02604
   0.03893
  -0.04962
   0.05748
  -0.06209
   0.06317
  -0.06067
   0.05473
  -0.04568
   0.03404
  -0.02047
   0.00574
   0.00932
  -0.02385
   0.03703
  -0.04810
   0.05645
  -0.06159
   0.06324
  -0.06130
   0.05589
  -0.04730
   0.03603
  -0.02271
   0.00811
   0.00696
  -0.02163
   0.03507
  -0.04652
   0.05533
  -0.06101
   0.06322
  -0.06185
   0.05696
  -0.04885
   0.03796
  -0.02492
   0.01046
   0.00458
  -0.01937
   0.03306
  -0.04487
   0.05414
  -0.06034
   0.06311
  -0.06230
   0.05796
  -0.05033
   0.03984
  -0.02709
   0.01281
   0.00220
  -0.01709
   0.03100
  -0.04316
   0.05287
  -0.05958
   0.06291
  -0.06267
   0.05887
  -0.05173
   0.04166
  -0.02923
   0.01513
  -0.00018
  -0.01478
   0.02891
  -0.04139
   0.05152
  -0.05874
   0.06262
  -0.06294
   0.05970
  -0.05307
   0.04343
  -0.03132
   0.01744
  -0.00256
  -0.01245
   0.02676
  -0.03956
   0.05011
  -0.05781
   0.06224
  -0.06313
   0.06044
  -0.05433
   0.04513
  -0.03337
   0.01972
  -0.00494
  -0.01011
   0.02459
  -0.03767
   0.04862
  -0.05680
   0.06177
  -0.06323
   0.06110
  -0.05551
   0.04677
  -0.03537
   0.02197
  -0.00732
  -0.00775
   0.02237
  -0.03573
   0.04706
  -0.05572
   0.06121
  -0.06324
   0.06167
  -0.05661
   0.04834
  -0.03732
   0.02419
  -0.00968
  -0.00538
   0.02013
  -0.03374
   0.04543
  -0.05455
   0.06057
  -0.06316
   0.06216
  -0.05764
   0.04984
  -0.03922
   0.02637
  -0.01203
  -0.00300
   0.01785
  -0.03170
   0.04374
  -0.05330
   0.05984
  -0.06298
   0.06255
  -0.05858
   0.05127
  -0.04106
   0.02852
  -0.01436
  -0.00061
   0.01555
  -0.02961
   0.04199
  -0.05198
   0.05903
  -0.06272
   0.06286
  -0.05943
   0.05263
  -0.04285
   0.03063
  -0.01667
   0.00177
   0.01323
  -0.02748
   0.04017
  -0.05059
   0.05813
  -0.06237
   0.06308
  -0.06021
   0.05392
  -0.04457
   0.03269
  -0.01896
   0.00415
   0.01089
  -0.02532
   0.03830
  -0.04912
   0.05715
  -0.06194
   0.06321
  -0.06089
   0.05512
  -0.04623
   0.03471
  -0.02122
   0.00653
   0.00854
  -0.02311
   0.03638
  -0.04758
   0.05609
  -0.06141
   0.06325
  -0.06149
   0.05625
  -0.04782
   0.03668
  -0.02345
   0.00889
   0.00617
  -0.02088
   0.03441
  -0.04598
   0.05495
  -0.06079
   0.06319
  -0.06201
   0.05730
  -0.04935
   0.03859
  -0.02565
   0.01125
   0.00379
  -0.01861
   0.03238
  -0.04431
   0.05373
  -0.06009
   0.06305
  -0.06243
   0.05827
  -0.05080
   0.04045
  -0.02781
   0.01359
   0.00141
  -0.01632
   0.03031
  -0.04258
   0.05243
  -0.05931
   0.06282
  -0.06277
   0.05916
  -0.05219
   0.04226
  -0.02993
   0.01590
  -0.00098
  -0.01401
   0.02820
  -0.04079
   0.05106
  -0.05844
   0.06250
  -0.06302
   0.05996
  -0.05350
   0.04400
  -0.03201
   0.01820
  -0.00336
  -0.01167
   0.02604
  -0.03893
   0.04962
  -0.05748
   0.06209
  -0.06317
   0.06067
  -0.05473
   0.04568
  -0.03404
   0.02047
  -0.00574
  -0.00932
   0.02385
  -0.03703
   0.04810
  -0.05645
   0.06159
  -0.06324
   0.06130
  -0.05589
   0.04730
  -0.03603
   0.02271
  -0.00811
  -0.00696
   0.02163
  -0.03507
   0.04652
  -0.05533
   0.06101
  -0.06322
   0.06185
  -0.05696
   0.04885
  -0.03796
   0.02492
  -0.01046
  -0.00458
   0.01937
  -0.03306
   0.04487
  -0.05414
   0.06034
  -0.06311
   0.06230
  -0.05796
   0.05033
  -0.03984
   0.02709
  -0.01281
  -0.00220
   0.01709
  -0.03100
   0.04316
  -0.05287
   0.05958
  -0.06291
   0.06267
  -0.05887
   0.05173
  -0.04166
   0.02923
  -0.01513
   0.00018
   0.01478
  -0.02891
   0.04139
  -0.05152
   0.05874
  -0.06262
   0.06294
  -0.05970
   0.05307
  -0.04343
   0.03132
  -0.01744
   0.00256
   0.01245
  -0.02676
   0.03956
  -0.05011
   0.05781
  -0.06224
   0.06313
  -0.06044
   0.05433
  -0.04513
   0.03337
  -0.01972
   0.00494
   0.01011
  -0.02459
   0.03767
  -0.04862
   0.05680
  -0.06177
   0.06323
  -0.06110
   0.05551
  -0.04677
   0.03537
  -0.02197
   0.00732
   0.00775
  -0.02237
   0.03573
  -0.04706
   0.05572
  -0.06121
   0.06324
  -0.06167
   0.05661
  -0.04834
   0.03732
  -0.02419
   0.00968
   0.00538
  -0.02013
   0.03374
  -0.04543
   0.05455
  -0.06057
   0.06316
  -0.06216
   0.05764
  -0.04984
   0.03922
  -0.02637
   0.01203
   0.00300
  -0.01785
   0.03170
  -0.04374
   0.05330
  -0.05984
   0.06298
  -0.06255
   0.05858
  -0.05127
   0.04106
  -0.02852
   0.01436
   0.00061
