   0.05745
   0.04838
  -0.01625
  -0.06222
  -0.03674
   0.03094
   0.06308
   0.02278
  -0.04369
  -0.05998
  -0.00739
   0.05369
   0.05311
  -0.00846
  -0.06032
  -0.04290
   0.02378
   0.06315
   0.02999
  -0.03761
  -0.06202
  -0.01520
   0.04907
   0.05699
  -0.00054
  -0.05745
  -0.04838
   0.01625
   0.06222
   0.03674
  -0.03094
  -0.06308
  -0.02278
   0.04369
   0.05998
   0.00739
  -0.05369
  -0.05311
   0.00846
   0.06032
   0.04290
  -0.02378
  -0.06315
  -0.02999
   0.03761
   0.06202
   0.01520
  -0.04907
  -0.05699
   0.00054
   0.05745
   0.04838
  -0.01625
  -0.06222
  -0.03674
   0.03094
   0.06308
   0.02278
  -0.04369
  -0.05998
  -0.00739
   0.05369
   0.05311
  -0.00846
  -0.06032
  -0.04290
   0.02378
   0.06315
   0.02999
  -0.03761
  -0.06202
  -0.01520
   0.04907
   0.05699
  -0.00054
  -0.05745
  -0.04838
   0.01625
   0.06222
   0.03674
  -0.03094
  -0.06308
  -0.02278
   0.04369
   0.05998
   0.00739
  -0.05369
  -0.05311
   0.00846
   0.06032
   0.04290
  -0.02378
  -0.06315
  -0.02999
   0.03761
   0.06202
   0.01520
  -0.04907
  -0.05699
   0.00054
   0.05745
   0.04838
  -0.01625
  -0.06222
  -0.03674
   0.03094
   0.06308
   0.02278
  -0.04369
  -0.05998
  -0.00739
   0.05369
   0.05311
  -0.00846
  -0.06032
  -0.04290
   0.02378
   0.06315
   0.02999
  -0.03761
  -0.06202
  -0.01520
   0.04907
   0.05699
  -0.00054
  -0.05745
  -0.04838
   0.01625
   0.06222
   0.03674
  -0.03094
  -0.06308
  -0.02278
   0.04369
   0.05998
   0.00739
  -0.05369
  -0.05311
   0.00846
   0.06032
   0.04290
  -0.02378
  -0.06315
  -0.02999
   0.03761
   0.06202
   0.01520
  -0.04907
  -0.05699
   0.00054
   0.05745
   0.04838
  -0.01625
  -0.06222
  -0.03674
   0.03094
   0.06308
   0.02278
  -0.04369
  -0.05998
  -0.00739
   0.05369
   0.05311
  -0.00846
  -0.06032
  -0.04290
   0.02378
   0.06315
   0.02999
  -0.03761
  -0.06202
  -0.01520
   0.04907
   0.05699
  -0.00054
  -0.05745
  -0.04838
   0.01625
   0.06222
   0.03674
  -0.03094
  -0.06308
  -0.02278
   0.04369
   0.05998
   0.00739
  -0.05369
  -0.05311
   0.00846
   0.06032
   0.04290
  -0.02378
  -0.06315
  -0.02999
   0.03761
   0.06202
   0.01520
  -0.04907
  -0.05699
   0.00054
   0.05745
   0.04838
  -0.01625
  -0.06222
  -0.03674
   0.03094
   0.06308
   0.02278
  -0.04369
  -0.05998
  -0.00739
   0.05369
   0.05311
  -0.00846
  -0.06032
  -0.04290
   0.02378
   0.06315
   0.02999
  -0.03761
  -0.06202
  -0.01520
   0.04907
   0.05699
  -0.00054
  -0.05745
  -0.04838
   0.01625
   0.06222
   0.03674
  -0.03094
  -0.06308
  -0.02278
   0.04369
   0.05998
   0.00739
  -0.05369
  -0.05311
   0.00846
   0.06032
   0.04290
  -0.02378
  -0.06315
  -0.02999
   0.03761
   0.06202
   0.01520
  -0.04907
  -0.05699
   0.00054
   0.05745
   0.04838
  -0.01625
  -0.06222
  -0.03674
   0.03094
   0.06308
   0.02278
  -0.04369
  -0.05998
  -0.00739
   0.05369
   0.05311
  -0.00846
  -0.06032
  -0.04290
   0.02378
   0.06315
   0.02999
  -0.03761
  -0.06202
  -0.01520
   0.04907
   0.05699
  -0.00054
  -0.05745
  -0.04838
   0.01625
   0.06222
   0.03674
  -0.03094
  -0.06308
  -0.02278
   0.04369
   0.05998
   0.00739
  -0.05369
  -0.05311
   0.00846
   0.06032
   0.04290
  -0.02378
  -0.06315
  -0.02999
   0.03761
   0.06202
   0.01520
  -0.04907
  -0.05699
   0.00054
   0.05745
   0.04838
  -0.01625
  -0.06222
  -0.03674
   0.03094
   0.06308
   0.02278
  -0.04369
  -0.05998
  -0.00739
   0.05369
   0.05311
  -0.00846
  -0.06032
  -0.04290
   0.02378
   0.06315
   0.02999
  -0.03761
  -0.06202
  -0.01520
   0.04907
   0.05699
  -0.00054
  -0.05745
  -0.04838
   0.01625
   0.06222
   0.03674
  -0.03094
  -0.06308
  -0.02278
   0.04369
   0.05998
   0.00739
  -0.05369
  -0.05311
   0.00846
   0.06032
   0.04290
  -0.02378
  -0.06315
  -0.02999
   0.03761
   0.06202
   0.01520
  -0.04907
  -0.05699
   0.00054
   0.05745
   0.04838
  -0.01625
  -0.06222
  -0.03674
   0.03094
   0.06308
   0.02278
  -0.04369
  -0.05998
  -0.00739
   0.05369
   0.05311
  -0.00846
  -0.06032
  -0.04290
   0.02378
   0.06315
   0.02999
  -0.03761
  -0.06202
  -0.01520
   0.04907
   0.05699
  -0.00054
  -0.05745
  -0.04838
   0.01625
   0.06222
   0.03674
  -0.03094
  -0.06308
  -0.02278
   0.04369
   0.05998
   0.00739
  -0.05369
  -0.05311
   0.00846
   0.06032
   0.04290
  -0.02378
  -0.06315
  -0.02999
   0.03761
   0.06202
   0.01520
  -0.04907
  -0.05699
   0.00054
   0.05745
   0.04838
  -0.01625
  -0.06222
  -0.03674
   0.03094
   0.06308
   0.02278
  -0.04369
  -0.05998
  -0.00739
   0.05369
   0.05311
  -0.00846
  -0.06032
  -0.04290
   0.02378
   0.06315
   0.02999
  -0.03761
  -0.06202
  -0.01520
   0.04907
   0.05699
  -0.00054
  -0.05745
  -0.04838
   0.01625
   0.06222
   0.03674
  -0.03094
  -0.06308
  -0.02278
   0.04369
   0.05998
   0.00739
  -0.05369
  -0.05311
   0.00846
   0.06032
   0.04290
  -0.02378
  -0.06315
  -0.02999
   0.03761
   0.06202
   0.01520
  -0.04907
  -0.05699
   0.00054
   0.05745
   0.04838
  -0.01625
  -0.06222
  -0.03674
   0.03094
   0.06308
   0.02278
  -0.04369
  -0.05998
  -0.00739
   0.05369
   0.05311
  -0.00846
  -0.06032
  -0.04290
   0.02378
   0.06315
   0.02999
  -0.03761
  -0.06202
  -0.01520
   0.04907
   0.05699
  -0.00054
  -0.05745
  -0.04838
   0.01625
   0.06222
   0.03674
  -0.03094
  -0.06308
  -0.02278
   0.04369
   0.05998
   0.00739
  -0.05369
  -0.05311
   0.00846
   0.06032
   0.04290
  -0.02378
  -0.06315
  -0.02999
   0.03761
   0.06202
   0.01520
  -0.04907
  -0.05699
   0.00054
