  -0.05086
   0.06006
  -0.01852
  -0.03867
   0.06319
  -0.03433
  -0.02354
   0.06152
  -0.04752
  -0.00662
   0.05517
  -0.05711
   0.01080
   0.04464
  -0.06236
   0.02740
   0.03071
  -0.06287
   0.04192
   0.01445
  -0.05861
   0.05325
  -0.00290
  -0.04990
   0.06054
  -0.02004
  -0.03740
   0.06324
  -0.03565
  -0.02206
   0.06113
  -0.04856
  -0.00504
   0.05438
  -0.05777
   0.01236
   0.04350
  -0.06260
   0.02882
   0.02931
  -0.06268
   0.04309
   0.01290
  -0.05800
   0.05409
  -0.00449
  -0.04891
   0.06098
  -0.02154
  -0.03610
   0.06324
  -0.03695
  -0.02056
   0.06070
  -0.04956
  -0.00345
   0.05355
  -0.05840
   0.01392
   0.04233
  -0.06281
   0.03023
   0.02789
  -0.06245
   0.04424
   0.01134
  -0.05734
   0.05490
  -0.00607
  -0.04788
   0.06139
  -0.02303
  -0.03479
   0.06321
  -0.03823
  -0.01905
   0.06023
  -0.05053
  -0.00186
   0.05268
  -0.05899
   0.01546
   0.04113
  -0.06298
   0.03161
   0.02646
  -0.06218
   0.04536
   0.00977
  -0.05665
   0.05567
  -0.00765
  -0.04683
   0.06175
  -0.02450
  -0.03345
   0.06314
  -0.03948
  -0.01753
   0.05973
  -0.05147
  -0.00028
   0.05179
  -0.05955
   0.01700
   0.03991
  -0.06310
   0.03298
   0.02501
  -0.06187
   0.04646
   0.00820
  -0.05593
   0.05641
  -0.00923
  -0.04575
   0.06207
  -0.02596
  -0.03209
   0.06302
  -0.04071
  -0.01600
   0.05919
  -0.05238
   0.00131
   0.05086
  -0.06006
   0.01852
   0.03867
  -0.06319
   0.03433
   0.02354
  -0.06152
   0.04752
   0.00662
  -0.05517
   0.05711
  -0.01080
  -0.04464
   0.06236
  -0.02740
  -0.03071
   0.06287
  -0.04192
  -0.01445
   0.05861
  -0.05325
   0.00290
   0.04990
  -0.06054
   0.02004
   0.03740
  -0.06324
   0.03565
   0.02206
  -0.06113
   0.04856
   0.00504
  -0.05438
   0.05777
  -0.01236
  -0.04350
   0.06260
  -0.02882
  -0.02931
   0.06268
  -0.04309
  -0.01290
   0.05800
  -0.05409
   0.00449
   0.04891
  -0.06098
   0.02154
   0.03610
  -0.06324
   0.03695
   0.02056
  -0.06070
   0.04956
   0.00345
  -0.05355
   0.05840
  -0.01392
  -0.04233
   0.06281
  -0.03023
  -0.02789
   0.06245
  -0.04424
  -0.01134
   0.05734
  -0.05490
   0.00607
   0.04788
  -0.06139
   0.02303
   0.03479
  -0.06321
   0.03823
   0.01905
  -0.06023
   0.05053
   0.00186
  -0.05268
   0.05899
  -0.01546
  -0.04113
   0.06298
  -0.03161
  -0.02646
   0.06218
  -0.04536
  -0.00977
   0.05665
  -0.05567
   0.00765
   0.04683
  -0.06175
   0.02450
   0.03345
  -0.06314
   0.03948
   0.01753
  -0.05973
   0.05147
   0.00028
  -0.05179
   0.05955
  -0.01700
  -0.03991
   0.06310
  -0.03298
  -0.02501
   0.06187
  -0.04646
  -0.00820
   0.05593
  -0.05641
   0.00923
   0.04575
  -0.06207
   0.02596
   0.03209
  -0.06302
   0.04071
   0.01600
  -0.05919
   0.05238
  -0.00131
  -0.05086
   0.06006
  -0.01852
  -0.03867
   0.06319
  -0.03433
  -0.02354
   0.06152
  -0.04752
  -0.00662
   0.05517
  -0.05711
   0.01080
   0.04464
  -0.06236
   0.02740
   0.03071
  -0.06287
   0.04192
   0.01445
  -0.05861
   0.05325
  -0.00290
  -0.04990
   0.06054
  -0.02004
  -0.03740
   0.06324
  -0.03565
  -0.02206
   0.06113
  -0.04856
  -0.00504
   0.05438
  -0.05777
   0.01236
   0.04350
  -0.06260
   0.02882
   0.02931
  -0.06268
   0.04309
   0.01290
  -0.05800
   0.05409
  -0.00449
  -0.04891
   0.06098
  -0.02154
  -0.03610
   0.06324
  -0.03695
  -0.02056
   0.06070
  -0.04956
  -0.00345
   0.05355
  -0.05840
   0.01392
   0.04233
  -0.06281
   0.03023
   0.02789
  -0.06245
   0.04424
   0.01134
  -0.05734
   0.05490
  -0.00607
  -0.04788
   0.06139
  -0.02303
  -0.03479
   0.06321
  -0.03823
  -0.01905
   0.06023
  -0.05053
  -0.00186
   0.05268
  -0.05899
   0.01546
   0.04113
  -0.06298
   0.03161
   0.02646
  -0.06218
   0.04536
   0.00977
  -0.05665
   0.05567
  -0.00765
  -0.04683
   0.06175
  -0.02450
  -0.03345
   0.06314
  -0.03948
  -0.01753
   0.05973
  -0.05147
  -0.00028
   0.05179
  -0.05955
   0.01700
   0.03991
  -0.06310
   0.03298
   0.02501
  -0.06187
   0.04646
   0.00820
  -0.05593
   0.05641
  -0.00923
  -0.04575
   0.06207
  -0.02596
  -0.03209
   0.06302
  -0.04071
  -0.01600
   0.05919
  -0.05238
   0.00131
   0.05086
  -0.06006
   0.01852
   0.03867
  -0.06319
   0.03433
   0.02354
  -0.06152
   0.04752
   0.00662
  -0.05517
   0.05711
  -0.01080
  -0.04464
   0.06236
  -0.02740
  -0.03071
   0.06287
  -0.04192
  -0.01445
   0.05861
  -0.05325
   0.00290
   0.04990
  -0.06054
   0.02004
   0.03740
  -0.06324
   0.03565
   0.02206
  -0.06113
   0.04856
   0.00504
  -0.05438
   0.05777
  -0.01236
  -0.04350
   0.06260
  -0.02882
  -0.02931
   0.06268
  -0.04309
  -0.01290
   0.05800
  -0.05409
   0.00449
   0.04891
  -0.06098
   0.02154
   0.03610
  -0.06324
   0.03695
   0.02056
  -0.06070
   0.04956
   0.00345
  -0.05355
   0.05840
  -0.01392
  -0.04233
   0.06281
  -0.03023
  -0.02789
   0.06245
  -0.04424
  -0.01134
   0.05734
  -0.05490
   0.00607
   0.04788
  -0.06139
   0.02303
   0.03479
  -0.06321
   0.03823
   0.01905
  -0.06023
   0.05053
   0.00186
  -0.05268
   0.05899
  -0.01546
  -0.04113
   0.06298
  -0.03161
  -0.02646
   0.06218
  -0.04536
  -0.00977
   0.05665
  -0.05567
   0.00765
   0.04683
  -0.06175
   0.02450
   0.03345
  -0.06314
   0.03948
   0.01753
  -0.05973
   0.05147
   0.00028
  -0.05179
   0.05955
  -0.01700
  -0.03991
   0.06310
  -0.03298
  -0.02501
   0.06187
  -0.04646
  -0.00820
   0.05593
  -0.05641
   0.00923
   0.04575
  -0.06207
   0.02596
   0.03209
  -0.06302
   0.04071
   0.01600
  -0.05919
   0.05238
  -0.00131
