  -0.06323
  -0.02485
   0.04263
   0.06018
   0.00724
  -0.05418
  -0.05215
   0.01096
   0.06123
   0.03978
  -0.02826
  -0.06320
  -0.02412
   0.04322
   0.05993
   0.00645
  -0.05459
  -0.05169
   0.01175
   0.06143
   0.03916
  -0.02897
  -0.06317
  -0.02338
   0.04379
   0.05968
   0.00566
  -0.05498
  -0.05123
   0.01253
   0.06161
   0.03853
  -0.02968
  -0.06313
  -0.02264
   0.04436
   0.05941
   0.00487
  -0.05537
  -0.05076
   0.01330
   0.06178
   0.03790
  -0.03037
  -0.06307
  -0.02190
   0.04493
   0.05913
   0.00408
  -0.05575
  -0.05028
   0.01408
   0.06195
   0.03726
  -0.03107
  -0.06301
  -0.02115
   0.04548
   0.05884
   0.00329
  -0.05612
  -0.04980
   0.01485
   0.06211
   0.03662
  -0.03176
  -0.06294
  -0.02040
   0.04603
   0.05855
   0.00249
  -0.05648
  -0.04930
   0.01562
   0.06225
   0.03597
  -0.03244
  -0.06285
  -0.01965
   0.04657
   0.05824
   0.00170
  -0.05684
  -0.04880
   0.01639
   0.06239
   0.03531
  -0.03312
  -0.06276
  -0.01889
   0.04711
   0.05793
   0.00090
  -0.05718
  -0.04829
   0.01716
   0.06251
   0.03465
  -0.03380
  -0.06266
  -0.01813
   0.04763
   0.05760
   0.00011
  -0.05752
  -0.04777
   0.01792
   0.06263
   0.03398
  -0.03447
  -0.06254
  -0.01737
   0.04815
   0.05727
  -0.00069
  -0.05784
  -0.04725
   0.01868
   0.06273
   0.03331
  -0.03513
  -0.06242
  -0.01660
   0.04866
   0.05693
  -0.00148
  -0.05816
  -0.04672
   0.01944
   0.06283
   0.03263
  -0.03579
  -0.06229
  -0.01583
   0.04917
   0.05658
  -0.00228
  -0.05847
  -0.04618
   0.02020
   0.06292
   0.03194
  -0.03644
  -0.06215
  -0.01506
   0.04966
   0.05622
  -0.00307
  -0.05876
  -0.04563
   0.02095
   0.06299
   0.03126
  -0.03709
  -0.06199
  -0.01429
   0.05015
   0.05585
  -0.00386
  -0.05905
  -0.04508
   0.02170
   0.06306
   0.03056
  -0.03773
  -0.06183
  -0.01351
   0.05063
   0.05547
  -0.00466
  -0.05933
  -0.04452
   0.02244
   0.06311
   0.02986
  -0.03836
  -0.06166
  -0.01274
   0.05110
   0.05509
  -0.00545
  -0.05960
  -0.04395
   0.02318
   0.06316
   0.02916
  -0.03899
  -0.06148
  -0.01196
   0.05157
   0.05469
  -0.00624
  -0.05987
  -0.04337
   0.02392
   0.06320
   0.02845
  -0.03962
  -0.06129
  -0.01118
   0.05202
   0.05429
  -0.00703
  -0.06012
  -0.04279
   0.02465
   0.06322
   0.02774
  -0.04023
  -0.06108
  -0.01039
   0.05247
   0.05388
  -0.00782
  -0.06036
  -0.04220
   0.02538
   0.06324
   0.02703
  -0.04084
  -0.06087
  -0.00961
   0.05291
   0.05346
  -0.00861
  -0.06059
  -0.04161
   0.02611
   0.06325
   0.02631
  -0.04145
  -0.06065
  -0.00882
   0.05334
   0.05303
  -0.00939
  -0.06081
  -0.04101
   0.02683
   0.06324
   0.02558
  -0.04204
  -0.06042
  -0.00803
   0.05377
   0.05259
  -0.01018
  -0.06103
  -0.04040
   0.02755
   0.06323
   0.02485
  -0.04263
  -0.06018
  -0.00724
   0.05418
   0.05215
  -0.01096
  -0.06123
  -0.03978
   0.02826
   0.06320
   0.02412
  -0.04322
  -0.05993
  -0.00645
   0.05459
   0.05169
  -0.01175
  -0.06143
  -0.03916
   0.02897
   0.06317
   0.02338
  -0.04379
  -0.05968
  -0.00566
   0.05498
   0.05123
  -0.01253
  -0.06161
  -0.03853
   0.02968
   0.06313
   0.02264
  -0.04436
  -0.05941
  -0.00487
   0.05537
   0.05076
  -0.01330
  -0.06178
  -0.03790
   0.03037
   0.06307
   0.02190
  -0.04493
  -0.05913
  -0.00408
   0.05575
   0.05028
  -0.01408
  -0.06195
  -0.03726
   0.03107
   0.06301
   0.02115
  -0.04548
  -0.05884
  -0.00329
   0.05612
   0.04980
  -0.01485
  -0.06211
  -0.03662
   0.03176
   0.06294
   0.02040
  -0.04603
  -0.05855
  -0.00249
   0.05648
   0.04930
  -0.01562
  -0.06225
  -0.03597
   0.03244
   0.06285
   0.01965
  -0.04657
  -0.05824
  -0.00170
   0.05684
   0.04880
  -0.01639
  -0.06239
  -0.03531
   0.03312
   0.06276
   0.01889
  -0.04711
  -0.05793
  -0.00090
   0.05718
   0.04829
  -0.01716
  -0.06251
  -0.03465
   0.03380
   0.06266
   0.01813
  -0.04763
  -0.05760
  -0.00011
   0.05752
   0.04777
  -0.01792
  -0.06263
  -0.03398
   0.03447
   0.06254
   0.01737
  -0.04815
  -0.05727
   0.00069
   0.05784
   0.04725
  -0.01868
  -0.06273
  -0.03331
   0.03513
   0.06242
   0.01660
  -0.04866
  -0.05693
   0.00148
   0.05816
   0.04672
  -0.01944
  -0.06283
  -0.03263
   0.03579
   0.06229
   0.01583
  -0.04917
  -0.05658
   0.00228
   0.05847
   0.04618
  -0.02020
  -0.06292
  -0.03194
   0.03644
   0.06215
   0.01506
  -0.04966
  -0.05622
   0.00307
   0.05876
   0.04563
  -0.02095
  -0.06299
  -0.03126
   0.03709
   0.06199
   0.01429
  -0.05015
  -0.05585
   0.00386
   0.05905
   0.04508
  -0.02170
  -0.06306
  -0.03056
   0.03773
   0.06183
   0.01351
  -0.05063
  -0.05547
   0.00466
   0.05933
   0.04452
  -0.02244
  -0.06311
  -0.02986
   0.03836
   0.06166
   0.01274
  -0.05110
  -0.05509
   0.00545
   0.05960
   0.04395
  -0.02318
  -0.06316
  -0.02916
   0.03899
   0.06148
   0.01196
  -0.05157
  -0.05469
   0.00624
   0.05987
   0.04337
  -0.02392
  -0.06320
  -0.02845
   0.03962
   0.06129
   0.01118
  -0.05202
  -0.05429
   0.00703
   0.06012
   0.04279
  -0.02465
  -0.06322
  -0.02774
   0.04023
   0.06108
   0.01039
  -0.05247
  -0.05388
   0.00782
   0.06036
   0.04220
  -0.02538
  -0.06324
  -0.02703
   0.04084
   0.06087
   0.00961
  -0.05291
  -0.05346
   0.00861
   0.06059
   0.04161
  -0.02611
  -0.06325
  -0.02631
   0.04145
   0.06065
   0.00882
  -0.05334
  -0.05303
   0.00939
   0.06081
   0.04101
  -0.02683
  -0.06324
  -0.02558
   0.04204
   0.06042
   0.00803
  -0.05377
  -0.05259
   0.01018
   0.06103
   0.04040
  -0.02755
