   0.03296
   0.03003
  -0.06321
   0.03364
   0.02933
  -0.06318
   0.03431
   0.02862
  -0.06314
   0.03497
   0.02791
  -0.06309
   0.03563
   0.02720
  -0.06303
   0.03628
   0.02648
  -0.06296
   0.03693
   0.02576
  -0.06287
   0.03757
   0.02503
  -0.06278
   0.03821
   0.02430
  -0.06268
   0.03884
   0.02356
  -0.06257
   0.03947
   0.02282
  -0.06245
   0.04008
   0.02208
  -0.06232
   0.04070
   0.02133
  -0.06218
   0.04130
   0.02058
  -0.06203
   0.04190
   0.01983
  -0.06187
   0.04249
   0.01907
  -0.06170
   0.04308
   0.01831
  -0.06152
   0.04365
   0.01755
  -0.06133
   0.04423
   0.01679
  -0.06113
   0.04479
   0.01602
  -0.06092
   0.04535
   0.01525
  -0.06071
   0.04590
   0.01448
  -0.06048
   0.04644
   0.01370
  -0.06024
   0.04698
   0.01292
  -0.05999
   0.04751
   0.01214
  -0.05974
   0.04803
   0.01136
  -0.05947
   0.04854
   0.01058
  -0.05920
   0.04905
   0.00980
  -0.05891
   0.04954
   0.00901
  -0.05862
   0.05003
   0.00822
  -0.05832
   0.05052
   0.00743
  -0.05800
   0.05099
   0.00664
  -0.05768
   0.05146
   0.00585
  -0.05735
   0.05191
   0.00506
  -0.05701
   0.05236
   0.00427
  -0.05666
   0.05281
   0.00348
  -0.05631
   0.05324
   0.00268
  -0.05594
   0.05366
   0.00189
  -0.05557
   0.05408
   0.00109
  -0.05518
   0.05449
   0.00030
  -0.05479
   0.05489
  -0.00050
  -0.05439
   0.05528
  -0.00129
  -0.05398
   0.05566
  -0.00209
  -0.05356
   0.05603
  -0.00288
  -0.05313
   0.05640
  -0.00367
  -0.05270
   0.05675
  -0.00447
  -0.05225
   0.05710
  -0.00526
  -0.05180
   0.05744
  -0.00605
  -0.05134
   0.05776
  -0.00684
  -0.05087
   0.05808
  -0.00763
  -0.05040
   0.05839
  -0.00842
  -0.04991
   0.05869
  -0.00921
  -0.04942
   0.05898
  -0.00999
  -0.04892
   0.05927
  -0.01078
  -0.04841
   0.05954
  -0.01156
  -0.04790
   0.05980
  -0.01234
  -0.04738
   0.06006
  -0.01312
  -0.04685
   0.06030
  -0.01389
  -0.04631
   0.06054
  -0.01467
  -0.04576
   0.06076
  -0.01544
  -0.04521
   0.06098
  -0.01621
  -0.04465
   0.06118
  -0.01698
  -0.04409
   0.06138
  -0.01774
  -0.04351
   0.06157
  -0.01850
  -0.04293
   0.06174
  -0.01926
  -0.04234
   0.06191
  -0.02002
  -0.04175
   0.06207
  -0.02077
  -0.04115
   0.06222
  -0.02152
  -0.04054
   0.06235
  -0.02226
  -0.03993
   0.06248
  -0.02300
  -0.03931
   0.06260
  -0.02374
  -0.03869
   0.06271
  -0.02448
  -0.03805
   0.06281
  -0.02521
  -0.03742
   0.06290
  -0.02594
  -0.03677
   0.06297
  -0.02666
  -0.03612
   0.06304
  -0.02738
  -0.03547
   0.06310
  -0.02809
  -0.03481
   0.06315
  -0.02880
  -0.03414
   0.06319
  -0.02951
  -0.03347
   0.06322
  -0.03021
  -0.03279
   0.06324
  -0.03090
  -0.03211
   0.06324
  -0.03159
  -0.03142
   0.06324
  -0.03228
  -0.03073
   0.06323
  -0.03296
  -0.03003
   0.06321
  -0.03364
  -0.02933
   0.06318
  -0.03431
  -0.02862
   0.06314
  -0.03497
  -0.02791
   0.06309
  -0.03563
  -0.02720
   0.06303
  -0.03628
  -0.02648
   0.06296
  -0.03693
  -0.02576
   0.06287
  -0.03757
  -0.02503
   0.06278
  -0.03821
  -0.02430
   0.06268
  -0.03884
  -0.02356
   0.06257
  -0.03947
  -0.02282
   0.06245
  -0.04008
  -0.02208
   0.06232
  -0.04070
  -0.02133
   0.06218
  -0.04130
  -0.02058
   0.06203
  -0.04190
  -0.01983
   0.06187
  -0.04249
  -0.01907
   0.06170
  -0.04308
  -0.01831
   0.06152
  -0.04365
  -0.01755
   0.06133
  -0.04423
  -0.01679
   0.06113
  -0.04479
  -0.01602
   0.06092
  -0.04535
  -0.01525
   0.06071
  -0.04590
  -0.01448
   0.06048
  -0.04644
  -0.01370
   0.06024
  -0.04698
  -0.01292
   0.05999
  -0.04751
  -0.01214
   0.05974
  -0.04803
  -0.01136
   0.05947
  -0.04854
  -0.01058
   0.05920
  -0.04905
  -0.00980
   0.05891
  -0.04954
  -0.00901
   0.05862
  -0.05003
  -0.00822
   0.05832
  -0.05052
  -0.00743
   0.05800
  -0.05099
  -0.00664
   0.05768
  -0.05146
  -0.00585
   0.05735
  -0.05191
  -0.00506
   0.05701
  -0.05236
  -0.00427
   0.05666
  -0.05281
  -0.00348
   0.05631
  -0.05324
  -0.00268
   0.05594
  -0.05366
  -0.00189
   0.05557
  -0.05408
  -0.00109
   0.05518
  -0.05449
  -0.00030
   0.05479
  -0.05489
   0.00050
   0.05439
  -0.05528
   0.00129
   0.05398
  -0.05566
   0.00209
   0.05356
  -0.05603
   0.00288
   0.05313
  -0.05640
   0.00367
   0.05270
  -0.05675
   0.00447
   0.05225
  -0.05710
   0.00526
   0.05180
  -0.05744
   0.00605
   0.05134
  -0.05776
   0.00684
   0.05087
  -0.05808
   0.00763
   0.05040
  -0.05839
   0.00842
   0.04991
  -0.05869
   0.00921
   0.04942
  -0.05898
   0.00999
   0.04892
  -0.05927
   0.01078
   0.04841
  -0.05954
   0.01156
   0.04790
  -0.05980
   0.01234
   0.04738
  -0.06006
   0.01312
   0.04685
  -0.06030
   0.01389
   0.04631
  -0.06054
   0.01467
   0.04576
  -0.06076
   0.01544
   0.04521
  -0.06098
   0.01621
   0.04465
  -0.06118
   0.01698
   0.04409
  -0.06138
   0.01774
   0.04351
  -0.06157
   0.01850
   0.04293
  -0.06174
   0.01926
   0.04234
  -0.06191
   0.02002
   0.04175
  -0.06207
   0.02077
   0.04115
  -0.06222
   0.02152
   0.04054
  -0.06235
   0.02226
   0.03993
  -0.06248
   0.02300
   0.03931
  -0.06260
   0.02374
   0.03869
  -0.06271
   0.02448
   0.03805
  -0.06281
   0.02521
   0.03742
  -0.06290
   0.02594
   0.03677
  -0.06297
   0.02666
   0.03612
  -0.06304
   0.02738
   0.03547
  -0.06310
   0.02809
   0.03481
  -0.06315
   0.02880
   0.03414
  -0.06319
   0.02951
   0.03347
  -0.06322
   0.03021
   0.03279
  -0.06324
   0.03090
   0.03211
  -0.06324
   0.03159
   0.03142
  -0.06324
   0.03228
   0.03073
  -0.06323
