  -0.05281
  -0.05800
  -0.01057
   0.04645
   0.06133
   0.02057
  -0.03885
  -0.06303
  -0.03002
   0.03022
   0.06304
   0.03867
  -0.02078
  -0.06138
  -0.04630
   0.01079
   0.05809
   0.05269
  -0.00051
  -0.05325
  -0.05768
  -0.00978
   0.04699
   0.06113
   0.01981
  -0.03948
  -0.06295
  -0.02932
   0.03092
   0.06310
   0.03804
  -0.02153
  -0.06157
  -0.04575
   0.01157
   0.05840
   0.05224
  -0.00131
  -0.05367
  -0.05735
  -0.00900
   0.04752
   0.06092
   0.01906
  -0.04010
  -0.06287
  -0.02861
   0.03161
   0.06315
   0.03740
  -0.02228
  -0.06175
  -0.04520
   0.01235
   0.05870
   0.05179
  -0.00210
  -0.05409
  -0.05701
  -0.00821
   0.04804
   0.06070
   0.01830
  -0.04071
  -0.06278
  -0.02790
   0.03229
   0.06319
   0.03676
  -0.02302
  -0.06191
  -0.04464
   0.01313
   0.05899
   0.05133
  -0.00289
  -0.05450
  -0.05666
  -0.00742
   0.04855
   0.06047
   0.01754
  -0.04131
  -0.06268
  -0.02718
   0.03297
   0.06322
   0.03611
  -0.02376
  -0.06207
  -0.04407
   0.01391
   0.05927
   0.05086
  -0.00369
  -0.05490
  -0.05630
  -0.00663
   0.04906
   0.06024
   0.01677
  -0.04191
  -0.06257
  -0.02646
   0.03365
   0.06324
   0.03545
  -0.02449
  -0.06222
  -0.04350
   0.01468
   0.05955
   0.05039
  -0.00448
  -0.05529
  -0.05593
  -0.00584
   0.04955
   0.05999
   0.01600
  -0.04250
  -0.06245
  -0.02574
   0.03432
   0.06324
   0.03479
  -0.02522
  -0.06236
  -0.04292
   0.01545
   0.05981
   0.04990
  -0.00527
  -0.05567
  -0.05556
  -0.00505
   0.05004
   0.05973
   0.01523
  -0.04309
  -0.06232
  -0.02501
   0.03498
   0.06324
   0.03413
  -0.02595
  -0.06248
  -0.04233
   0.01622
   0.06006
   0.04941
  -0.00607
  -0.05604
  -0.05517
  -0.00425
   0.05053
   0.05947
   0.01446
  -0.04367
  -0.06218
  -0.02428
   0.03564
   0.06323
   0.03346
  -0.02667
  -0.06260
  -0.04174
   0.01699
   0.06031
   0.04891
  -0.00686
  -0.05640
  -0.05478
  -0.00346
   0.05100
   0.05919
   0.01369
  -0.04424
  -0.06203
  -0.02355
   0.03630
   0.06321
   0.03278
  -0.02739
  -0.06271
  -0.04114
   0.01775
   0.06054
   0.04840
  -0.00765
  -0.05676
  -0.05438
  -0.00267
   0.05147
   0.05891
   0.01291
  -0.04480
  -0.06187
  -0.02281
   0.03695
   0.06318
   0.03210
  -0.02810
  -0.06281
  -0.04053
   0.01852
   0.06077
   0.04789
  -0.00843
  -0.05711
  -0.05397
  -0.00187
   0.05192
   0.05861
   0.01213
  -0.04536
  -0.06170
  -0.02206
   0.03759
   0.06314
   0.03141
  -0.02881
  -0.06290
  -0.03992
   0.01927
   0.06098
   0.04737
  -0.00922
  -0.05744
  -0.05355
  -0.00108
   0.05237
   0.05831
   0.01135
  -0.04591
  -0.06152
  -0.02132
   0.03822
   0.06309
   0.03072
  -0.02952
  -0.06298
  -0.03930
   0.02003
   0.06119
   0.04684
  -0.01001
  -0.05777
  -0.05312
  -0.00028
   0.05281
   0.05800
   0.01057
  -0.04645
  -0.06133
  -0.02057
   0.03885
   0.06303
   0.03002
  -0.03022
  -0.06304
  -0.03867
   0.02078
   0.06138
   0.04630
  -0.01079
  -0.05809
  -0.05269
   0.00051
   0.05325
   0.05768
   0.00978
  -0.04699
  -0.06113
  -0.01981
   0.03948
   0.06295
   0.02932
  -0.03092
  -0.06310
  -0.03804
   0.02153
   0.06157
   0.04575
  -0.01157
  -0.05840
  -0.05224
   0.00131
   0.05367
   0.05735
   0.00900
  -0.04752
  -0.06092
  -0.01906
   0.04010
   0.06287
   0.02861
  -0.03161
  -0.06315
  -0.03740
   0.02228
   0.06175
   0.04520
  -0.01235
  -0.05870
  -0.05179
   0.00210
   0.05409
   0.05701
   0.00821
  -0.04804
  -0.06070
  -0.01830
   0.04071
   0.06278
   0.02790
  -0.03229
  -0.06319
  -0.03676
   0.02302
   0.06191
   0.04464
  -0.01313
  -0.05899
  -0.05133
   0.00289
   0.05450
   0.05666
   0.00742
  -0.04855
  -0.06047
  -0.01754
   0.04131
   0.06268
   0.02718
  -0.03297
  -0.06322
  -0.03611
   0.02376
   0.06207
   0.04407
  -0.01391
  -0.05927
  -0.05086
   0.00369
   0.05490
   0.05630
   0.00663
  -0.04906
  -0.06024
  -0.01677
   0.04191
   0.06257
   0.02646
  -0.03365
  -0.06324
  -0.03545
   0.02449
   0.06222
   0.04350
  -0.01468
  -0.05955
  -0.05039
   0.00448
   0.05529
   0.05593
   0.00584
  -0.04955
  -0.05999
  -0.01600
   0.04250
   0.06245
   0.02574
  -0.03432
  -0.06324
  -0.03479
   0.02522
   0.06236
   0.04292
  -0.01545
  -0.05981
  -0.04990
   0.00527
   0.05567
   0.05556
   0.00505
  -0.05004
  -0.05973
  -0.01523
   0.04309
   0.06232
   0.02501
  -0.03498
  -0.06324
  -0.03413
   0.02595
   0.06248
   0.04233
  -0.01622
  -0.06006
  -0.04941
   0.00607
   0.05604
   0.05517
   0.00425
  -0.05053
  -0.05947
  -0.01446
   0.04367
   0.06218
   0.02428
  -0.03564
  -0.06323
  -0.03346
   0.02667
   0.06260
   0.04174
  -0.01699
  -0.06031
  -0.04891
   0.00686
   0.05640
   0.05478
   0.00346
  -0.05100
  -0.05919
  -0.01369
   0.04424
   0.06203
   0.02355
  -0.03630
  -0.06321
  -0.03278
   0.02739
   0.06271
   0.04114
  -0.01775
  -0.06054
  -0.04840
   0.00765
   0.05676
   0.05438
   0.00267
  -0.05147
  -0.05891
  -0.01291
   0.04480
   0.06187
   0.02281
  -0.03695
  -0.06318
  -0.03210
   0.02810
   0.06281
   0.04053
  -0.01852
  -0.06077
  -0.04789
   0.00843
   0.05711
   0.05397
   0.00187
  -0.05192
  -0.05861
  -0.01213
   0.04536
   0.06170
   0.02206
  -0.03759
  -0.06314
  -0.03141
   0.02881
   0.06290
   0.03992
  -0.01927
  -0.06098
  -0.04737
   0.00922
   0.05744
   0.05355
   0.00108
  -0.05237
  -0.05831
  -0.01135
   0.04591
   0.06152
   0.02132
  -0.03822
  -0.06309
  -0.03072
   0.02952
   0.06298
   0.03930
  -0.02003
  -0.06119
  -0.04684
   0.01001
   0.05777
   0.05312
   0.00028
