   0.04399
  -0.06322
   0.04140
   0.00730
  -0.05126
   0.06194
  -0.03240
  -0.01818
   0.05695
  -0.05874
   0.02239
   0.02850
  -0.06089
   0.05374
  -0.01169
  -0.03794
   0.06294
  -0.04707
   0.00063
   0.04621
  -0.06305
   0.03895
   0.01045
  -0.05306
   0.06122
  -0.02963
  -0.02120
   0.05826
  -0.05749
   0.01939
   0.03130
  -0.06167
   0.05199
  -0.00855
  -0.04044
   0.06317
  -0.04489
  -0.00254
   0.04833
  -0.06273
   0.03640
   0.01357
  -0.05472
   0.06034
  -0.02678
  -0.02417
   0.05943
  -0.05610
   0.01634
   0.03402
  -0.06230
   0.05012
  -0.00540
  -0.04283
   0.06325
  -0.04259
  -0.00572
   0.05031
  -0.06224
   0.03375
   0.01665
  -0.05624
   0.05931
  -0.02387
  -0.02707
   0.06044
  -0.05456
   0.01325
   0.03666
  -0.06277
   0.04812
  -0.00222
  -0.04511
   0.06316
  -0.04019
  -0.00887
   0.05218
  -0.06160
   0.03102
   0.01970
  -0.05763
   0.05814
  -0.02090
  -0.02991
   0.06130
  -0.05288
   0.01013
   0.03920
  -0.06308
   0.04599
   0.00096
  -0.04728
   0.06291
  -0.03769
  -0.01201
   0.05391
  -0.06080
   0.02821
   0.02269
  -0.05886
   0.05681
  -0.01787
  -0.03267
   0.06200
  -0.05107
   0.00698
   0.04165
  -0.06323
   0.04375
   0.00413
  -0.04934
   0.06250
  -0.03509
  -0.01511
   0.05550
  -0.05985
   0.02533
   0.02563
  -0.05995
   0.05534
  -0.01480
  -0.03535
   0.06255
  -0.04913
   0.00381
   0.04399
  -0.06322
   0.04140
   0.00730
  -0.05126
   0.06194
  -0.03240
  -0.01818
   0.05695
  -0.05874
   0.02239
   0.02850
  -0.06089
   0.05374
  -0.01169
  -0.03794
   0.06294
  -0.04707
   0.00063
   0.04621
  -0.06305
   0.03895
   0.01045
  -0.05306
   0.06122
  -0.02963
  -0.02120
   0.05826
  -0.05749
   0.01939
   0.03130
  -0.06167
   0.05199
  -0.00855
  -0.04044
   0.06317
  -0.04489
  -0.00254
   0.04833
  -0.06273
   0.03640
   0.01357
  -0.05472
   0.06034
  -0.02678
  -0.02417
   0.05943
  -0.05610
   0.01634
   0.03402
  -0.06230
   0.05012
  -0.00540
  -0.04283
   0.06325
  -0.04259
  -0.00572
   0.05031
  -0.06224
   0.03375
   0.01665
  -0.05624
   0.05931
  -0.02387
  -0.02707
   0.06044
  -0.05456
   0.01325
   0.03666
  -0.06277
   0.04812
  -0.00222
  -0.04511
   0.06316
  -0.04019
  -0.00887
   0.05218
  -0.06160
   0.03102
   0.01970
  -0.05763
   0.05814
  -0.02090
  -0.02991
   0.06130
  -0.05288
   0.01013
   0.03920
  -0.06308
   0.04599
   0.00096
  -0.04728
   0.06291
  -0.03769
  -0.01201
   0.05391
  -0.06080
   0.02821
   0.02269
  -0.05886
   0.05681
  -0.01787
  -0.03267
   0.06200
  -0.05107
   0.00698
   0.04165
  -0.06323
   0.04375
   0.00413
  -0.04934
   0.06250
  -0.03509
  -0.01511
   0.05550
  -0.05985
   0.02533
   0.02563
  -0.05995
   0.05534
  -0.01480
  -0.03535
   0.06255
  -0.04913
   0.00381
   0.04399
  -0.06322
   0.04140
   0.00730
  -0.05126
   0.06194
  -0.03240
  -0.01818
   0.05695
  -0.05874
   0.02239
   0.02850
  -0.06089
   0.05374
  -0.01169
  -0.03794
   0.06294
  -0.04707
   0.00063
   0.04621
  -0.06305
   0.03895
   0.01045
  -0.05306
   0.06122
  -0.02963
  -0.02120
   0.05826
  -0.05749
   0.01939
   0.03130
  -0.06167
   0.05199
  -0.00855
  -0.04044
   0.06317
  -0.04489
  -0.00254
   0.04833
  -0.06273
   0.03640
   0.01357
  -0.05472
   0.06034
  -0.02678
  -0.02417
   0.05943
  -0.05610
   0.01634
   0.03402
  -0.06230
   0.05012
  -0.00540
  -0.04283
   0.06325
  -0.04259
  -0.00572
   0.05031
  -0.06224
   0.03375
   0.01665
  -0.05624
   0.05931
  -0.02387
  -0.02707
   0.06044
  -0.05456
   0.01325
   0.03666
  -0.06277
   0.04812
  -0.00222
  -0.04511
   0.06316
  -0.04019
  -0.00887
   0.05218
  -0.06160
   0.03102
   0.01970
  -0.05763
   0.05814
  -0.02090
  -0.02991
   0.06130
  -0.05288
   0.01013
   0.03920
  -0.06308
   0.04599
   0.00096
  -0.04728
   0.06291
  -0.03769
  -0.01201
   0.05391
  -0.06080
   0.02821
   0.02269
  -0.05886
   0.05681
  -0.01787
  -0.03267
   0.06200
  -0.05107
   0.00698
   0.04165
  -0.06323
   0.04375
   0.00413
  -0.04934
   0.06250
  -0.03509
  -0.01511
   0.05550
  -0.05985
   0.02533
   0.02563
  -0.05995
   0.05534
  -0.01480
  -0.03535
   0.06255
  -0.04913
   0.00381
   0.04399
  -0.06322
   0.04140
   0.00730
  -0.05126
   0.06194
  -0.03240
  -0.01818
   0.05695
  -0.05874
   0.02239
   0.02850
  -0.06089
   0.05374
  -0.01169
  -0.03794
   0.06294
  -0.04707
   0.00063
   0.04621
  -0.06305
   0.03895
   0.01045
  -0.05306
   0.06122
  -0.02963
  -0.02120
   0.05826
  -0.05749
   0.01939
   0.03130
  -0.06167
   0.05199
  -0.00855
  -0.04044
   0.06317
  -0.04489
  -0.00254
   0.04833
  -0.06273
   0.03640
   0.01357
  -0.05472
   0.06034
  -0.02678
  -0.02417
   0.05943
  -0.05610
   0.01634
   0.03402
  -0.06230
   0.05012
  -0.00540
  -0.04283
   0.06325
  -0.04259
  -0.00572
   0.05031
  -0.06224
   0.03375
   0.01665
  -0.05624
   0.05931
  -0.02387
  -0.02707
   0.06044
  -0.05456
   0.01325
   0.03666
  -0.06277
   0.04812
  -0.00222
  -0.04511
   0.06316
  -0.04019
  -0.00887
   0.05218
  -0.06160
   0.03102
   0.01970
  -0.05763
   0.05814
  -0.02090
  -0.02991
   0.06130
  -0.05288
   0.01013
   0.03920
  -0.06308
   0.04599
   0.00096
  -0.04728
   0.06291
  -0.03769
  -0.01201
   0.05391
  -0.06080
   0.02821
   0.02269
  -0.05886
   0.05681
  -0.01787
  -0.03267
   0.06200
  -0.05107
   0.00698
   0.04165
  -0.06323
   0.04375
   0.00413
  -0.04934
   0.06250
  -0.03509
  -0.01511
   0.05550
  -0.05985
   0.02533
   0.02563
  -0.05995
   0.05534
  -0.01480
  -0.03535
   0.06255
  -0.04913
   0.00381
