  -0.06227
  -0.05908
  -0.05381
  -0.04663
  -0.03780
  -0.02763
  -0.01648
  -0.00474
   0.00716
   0.01881
   0.02979
   0.03972
   0.04824
   0.05505
   0.05991
   0.06265
   0.06316
   0.06145
   0.05755
   0.05162
   0.04385
   0.03454
   0.02400
   0.01261
   0.00077
  -0.01109
  -0.02256
  -0.03323
  -0.04273
  -0.05071
  -0.05689
  -0.06106
  -0.06307
  -0.06284
  -0.06038
  -0.05579
  -0.04922
  -0.04091
  -0.03114
  -0.02028
  -0.00869
   0.00320
   0.01498
   0.02623
   0.03655
   0.04557
   0.05298
   0.05852
   0.06198
   0.06324
   0.06227
   0.05908
   0.05381
   0.04663
   0.03780
   0.02763
   0.01648
   0.00474
  -0.00716
  -0.01881
  -0.02979
  -0.03972
  -0.04824
  -0.05505
  -0.05991
  -0.06265
  -0.06316
  -0.06145
  -0.05755
  -0.05162
  -0.04385
  -0.03454
  -0.02400
  -0.01261
  -0.00077
   0.01109
   0.02256
   0.03323
   0.04273
   0.05071
   0.05689
   0.06106
   0.06307
   0.06284
   0.06038
   0.05579
   0.04922
   0.04091
   0.03114
   0.02028
   0.00869
  -0.00320
  -0.01498
  -0.02623
  -0.03655
  -0.04557
  -0.05298
  -0.05852
  -0.06198
  -0.06324
  -0.06227
  -0.05908
  -0.05381
  -0.04663
  -0.03780
  -0.02763
  -0.01648
  -0.00474
   0.00716
   0.01881
   0.02979
   0.03972
   0.04824
   0.05505
   0.05991
   0.06265
   0.06316
   0.06145
   0.05755
   0.05162
   0.04385
   0.03454
   0.02400
   0.01261
   0.00077
  -0.01109
  -0.02256
  -0.03323
  -0.04273
  -0.05071
  -0.05689
  -0.06106
  -0.06307
  -0.06284
  -0.06038
  -0.05579
  -0.04922
  -0.04091
  -0.03114
  -0.02028
  -0.00869
   0.00320
   0.01498
   0.02623
   0.03655
   0.04557
   0.05298
   0.05852
   0.06198
   0.06324
   0.06227
   0.05908
   0.05381
   0.04663
   0.03780
   0.02763
   0.01648
   0.00474
  -0.00716
  -0.01881
  -0.02979
  -0.03972
  -0.04824
  -0.05505
  -0.05991
  -0.06265
  -0.06316
  -0.06145
  -0.05755
  -0.05162
  -0.04385
  -0.03454
  -0.02400
  -0.01261
  -0.00077
   0.01109
   0.02256
   0.03323
   0.04273
   0.05071
   0.05689
   0.06106
   0.06307
   0.06284
   0.06038
   0.05579
   0.04922
   0.04091
   0.03114
   0.02028
   0.00869
  -0.00320
  -0.01498
  -0.02623
  -0.03655
  -0.04557
  -0.05298
  -0.05852
  -0.06198
  -0.06324
  -0.06227
  -0.05908
  -0.05381
  -0.04663
  -0.03780
  -0.02763
  -0.01648
  -0.00474
   0.00716
   0.01881
   0.02979
   0.03972
   0.04824
   0.05505
   0.05991
   0.06265
   0.06316
   0.06145
   0.05755
   0.05162
   0.04385
   0.03454
   0.02400
   0.01261
   0.00077
  -0.01109
  -0.02256
  -0.03323
  -0.04273
  -0.05071
  -0.05689
  -0.06106
  -0.06307
  -0.06284
  -0.06038
  -0.05579
  -0.04922
  -0.04091
  -0.03114
  -0.02028
  -0.00869
   0.00320
   0.01498
   0.02623
   0.03655
   0.04557
   0.05298
   0.05852
   0.06198
   0.06324
   0.06227
   0.05908
   0.05381
   0.04663
   0.03780
   0.02763
   0.01648
   0.00474
  -0.00716
  -0.01881
  -0.02979
  -0.03972
  -0.04824
  -0.05505
  -0.05991
  -0.06265
  -0.06316
  -0.06145
  -0.05755
  -0.05162
  -0.04385
  -0.03454
  -0.02400
  -0.01261
  -0.00077
   0.01109
   0.02256
   0.03323
   0.04273
   0.05071
   0.05689
   0.06106
   0.06307
   0.06284
   0.06038
   0.05579
   0.04922
   0.04091
   0.03114
   0.02028
   0.00869
  -0.00320
  -0.01498
  -0.02623
  -0.03655
  -0.04557
  -0.05298
  -0.05852
  -0.06198
  -0.06324
  -0.06227
  -0.05908
  -0.05381
  -0.04663
  -0.03780
  -0.02763
  -0.01648
  -0.00474
   0.00716
   0.01881
   0.02979
   0.03972
   0.04824
   0.05505
   0.05991
   0.06265
   0.06316
   0.06145
   0.05755
   0.05162
   0.04385
   0.03454
   0.02400
   0.01261
   0.00077
  -0.01109
  -0.02256
  -0.03323
  -0.04273
  -0.05071
  -0.05689
  -0.06106
  -0.06307
  -0.06284
  -0.06038
  -0.05579
  -0.04922
  -0.04091
  -0.03114
  -0.02028
  -0.00869
   0.00320
   0.01498
   0.02623
   0.03655
   0.04557
   0.05298
   0.05852
   0.06198
   0.06324
   0.06227
   0.05908
   0.05381
   0.04663
   0.03780
   0.02763
   0.01648
   0.00474
  -0.00716
  -0.01881
  -0.02979
  -0.03972
  -0.04824
  -0.05505
  -0.05991
  -0.06265
  -0.06316
  -0.06145
  -0.05755
  -0.05162
  -0.04385
  -0.03454
  -0.02400
  -0.01261
  -0.00077
   0.01109
   0.02256
   0.03323
   0.04273
   0.05071
   0.05689
   0.06106
   0.06307
   0.06284
   0.06038
   0.05579
   0.04922
   0.04091
   0.03114
   0.02028
   0.00869
  -0.00320
  -0.01498
  -0.02623
  -0.03655
  -0.04557
  -0.05298
  -0.05852
  -0.06198
  -0.06324
  -0.06227
  -0.05908
  -0.05381
  -0.04663
  -0.03780
  -0.02763
  -0.01648
  -0.00474
   0.00716
   0.01881
   0.02979
   0.03972
   0.04824
   0.05505
   0.05991
   0.06265
   0.06316
   0.06145
   0.05755
   0.05162
   0.04385
   0.03454
   0.02400
   0.01261
   0.00077
  -0.01109
  -0.02256
  -0.03323
  -0.04273
  -0.05071
  -0.05689
  -0.06106
  -0.06307
  -0.06284
  -0.06038
  -0.05579
  -0.04922
  -0.04091
  -0.03114
  -0.02028
  -0.00869
   0.00320
   0.01498
   0.02623
   0.03655
   0.04557
   0.05298
   0.05852
   0.06198
   0.06324
   0.06227
   0.05908
   0.05381
   0.04663
   0.03780
   0.02763
   0.01648
   0.00474
  -0.00716
  -0.01881
  -0.02979
  -0.03972
  -0.04824
  -0.05505
  -0.05991
  -0.06265
  -0.06316
  -0.06145
  -0.05755
  -0.05162
  -0.04385
  -0.03454
  -0.02400
  -0.01261
  -0.00077
   0.01109
   0.02256
   0.03323
   0.04273
   0.05071
   0.05689
   0.06106
   0.06307
   0.06284
   0.06038
   0.05579
   0.04922
   0.04091
   0.03114
   0.02028
   0.00869
  -0.00320
  -0.01498
  -0.02623
  -0.03655
  -0.04557
  -0.05298
  -0.05852
  -0.06198
  -0.06324
