  -0.05422
   0.05425
   0.00315
  -0.05722
   0.05071
   0.00948
  -0.05963
   0.04666
   0.01571
  -0.06145
   0.04214
   0.02178
  -0.06264
   0.03719
   0.02763
  -0.06320
   0.03187
   0.03320
  -0.06312
   0.02623
   0.03843
  -0.06241
   0.02032
   0.04328
  -0.06106
   0.01421
   0.04769
  -0.05910
   0.00795
   0.05162
  -0.05654
   0.00161
   0.05502
  -0.05341
  -0.00474
   0.05788
  -0.04974
  -0.01105
   0.06014
  -0.04557
  -0.01724
   0.06180
  -0.04094
  -0.02326
   0.06284
  -0.03590
  -0.02905
   0.06324
  -0.03049
  -0.03454
   0.06300
  -0.02477
  -0.03968
   0.06213
  -0.01881
  -0.04442
   0.06063
  -0.01265
  -0.04872
   0.05852
  -0.00637
  -0.05252
   0.05581
  -0.00002
  -0.05579
   0.05254
   0.00632
  -0.05850
   0.04875
   0.01261
  -0.06062
   0.04446
   0.01876
  -0.06212
   0.03972
   0.02473
  -0.06300
   0.03458
   0.03045
  -0.06324
   0.02909
   0.03586
  -0.06284
   0.02330
   0.04091
  -0.06181
   0.01728
   0.04554
  -0.06016
   0.01109
   0.04972
  -0.05789
   0.00479
   0.05339
  -0.05505
  -0.00157
   0.05652
  -0.05164
  -0.00790
   0.05908
  -0.04772
  -0.01416
   0.06105
  -0.04331
  -0.02028
   0.06240
  -0.03847
  -0.02619
   0.06312
  -0.03323
  -0.03183
   0.06320
  -0.02767
  -0.03716
   0.06265
  -0.02182
  -0.04211
   0.06146
  -0.01575
  -0.04663
   0.05965
  -0.00952
  -0.05068
   0.05724
  -0.00320
  -0.05422
   0.05425
   0.00315
  -0.05722
   0.05071
   0.00948
  -0.05963
   0.04666
   0.01571
  -0.06145
   0.04214
   0.02178
  -0.06264
   0.03719
   0.02763
  -0.06320
   0.03187
   0.03320
  -0.06312
   0.02623
   0.03843
  -0.06241
   0.02032
   0.04328
  -0.06106
   0.01421
   0.04769
  -0.05910
   0.00795
   0.05162
  -0.05654
   0.00161
   0.05502
  -0.05341
  -0.00474
   0.05788
  -0.04974
  -0.01105
   0.06014
  -0.04557
  -0.01724
   0.06180
  -0.04094
  -0.02326
   0.06284
  -0.03590
  -0.02905
   0.06324
  -0.03049
  -0.03454
   0.06300
  -0.02477
  -0.03968
   0.06213
  -0.01881
  -0.04442
   0.06063
  -0.01265
  -0.04872
   0.05852
  -0.00637
  -0.05252
   0.05581
  -0.00002
  -0.05579
   0.05254
   0.00632
  -0.05850
   0.04875
   0.01261
  -0.06062
   0.04446
   0.01876
  -0.06212
   0.03972
   0.02473
  -0.06300
   0.03458
   0.03045
  -0.06324
   0.02909
   0.03586
  -0.06284
   0.02330
   0.04091
  -0.06181
   0.01728
   0.04554
  -0.06016
   0.01109
   0.04972
  -0.05789
   0.00479
   0.05339
  -0.05505
  -0.00157
   0.05652
  -0.05164
  -0.00790
   0.05908
  -0.04772
  -0.01416
   0.06105
  -0.04331
  -0.02028
   0.06240
  -0.03847
  -0.02619
   0.06312
  -0.03323
  -0.03183
   0.06320
  -0.02767
  -0.03716
   0.06265
  -0.02182
  -0.04211
   0.06146
  -0.01575
  -0.04663
   0.05965
  -0.00952
  -0.05068
   0.05724
  -0.00320
  -0.05422
   0.05425
   0.00315
  -0.05722
   0.05071
   0.00948
  -0.05963
   0.04666
   0.01571
  -0.06145
   0.04214
   0.02178
  -0.06264
   0.03719
   0.02763
  -0.06320
   0.03187
   0.03320
  -0.06312
   0.02623
   0.03843
  -0.06241
   0.02032
   0.04328
  -0.06106
   0.01421
   0.04769
  -0.05910
   0.00795
   0.05162
  -0.05654
   0.00161
   0.05502
  -0.05341
  -0.00474
   0.05788
  -0.04974
  -0.01105
   0.06014
  -0.04557
  -0.01724
   0.06180
  -0.04094
  -0.02326
   0.06284
  -0.03590
  -0.02905
   0.06324
  -0.03049
  -0.03454
   0.06300
  -0.02477
  -0.03968
   0.06213
  -0.01881
  -0.04442
   0.06063
  -0.01265
  -0.04872
   0.05852
  -0.00637
  -0.05252
   0.05581
  -0.00002
  -0.05579
   0.05254
   0.00632
  -0.05850
   0.04875
   0.01261
  -0.06062
   0.04446
   0.01876
  -0.06212
   0.03972
   0.02473
  -0.06300
   0.03458
   0.03045
  -0.06324
   0.02909
   0.03586
  -0.06284
   0.02330
   0.04091
  -0.06181
   0.01728
   0.04554
  -0.06016
   0.01109
   0.04972
  -0.05789
   0.00479
   0.05339
  -0.05505
  -0.00157
   0.05652
  -0.05164
  -0.00790
   0.05908
  -0.04772
  -0.01416
   0.06105
  -0.04331
  -0.02028
   0.06240
  -0.03847
  -0.02619
   0.06312
  -0.03323
  -0.03183
   0.06320
  -0.02767
  -0.03716
   0.06265
  -0.02182
  -0.04211
   0.06146
  -0.01575
  -0.04663
   0.05965
  -0.00952
  -0.05068
   0.05724
  -0.00320
  -0.05422
   0.05425
   0.00315
  -0.05722
   0.05071
   0.00948
  -0.05963
   0.04666
   0.01571
  -0.06145
   0.04214
   0.02178
  -0.06264
   0.03719
   0.02763
  -0.06320
   0.03187
   0.03320
  -0.06312
   0.02623
   0.03843
  -0.06241
   0.02032
   0.04328
  -0.06106
   0.01421
   0.04769
  -0.05910
   0.00795
   0.05162
  -0.05654
   0.00161
   0.05502
  -0.05341
  -0.00474
   0.05788
  -0.04974
  -0.01105
   0.06014
  -0.04557
  -0.01724
   0.06180
  -0.04094
  -0.02326
   0.06284
  -0.03590
  -0.02905
   0.06324
  -0.03049
  -0.03454
   0.06300
  -0.02477
  -0.03968
   0.06213
  -0.01881
  -0.04442
   0.06063
  -0.01265
  -0.04872
   0.05852
  -0.00637
  -0.05252
   0.05581
  -0.00002
  -0.05579
   0.05254
   0.00632
  -0.05850
   0.04875
   0.01261
  -0.06062
   0.04446
   0.01876
  -0.06212
   0.03972
   0.02473
  -0.06300
   0.03458
   0.03045
  -0.06324
   0.02909
   0.03586
  -0.06284
   0.02330
   0.04091
  -0.06181
   0.01728
   0.04554
  -0.06016
   0.01109
   0.04972
  -0.05789
   0.00479
   0.05339
  -0.05505
  -0.00157
   0.05652
  -0.05164
  -0.00790
   0.05908
  -0.04772
  -0.01416
   0.06105
  -0.04331
  -0.02028
   0.06240
  -0.03847
  -0.02619
   0.06312
  -0.03323
  -0.03183
   0.06320
  -0.02767
  -0.03716
   0.06265
  -0.02182
  -0.04211
   0.06146
  -0.01575
  -0.04663
   0.05965
  -0.00952
  -0.05068
   0.05724
  -0.00320
