  -0.01869
   0.03448
  -0.04764
   0.05718
  -0.06239
   0.06285
  -0.05854
   0.04979
  -0.03725
   0.02189
  -0.00486
  -0.01254
   0.02898
  -0.04322
   0.05418
  -0.06103
   0.06324
  -0.06065
   0.05345
  -0.04219
   0.02773
  -0.01117
  -0.00625
   0.02319
  -0.03837
   0.05064
  -0.05906
   0.06299
  -0.06214
   0.05657
  -0.04671
   0.03330
  -0.01736
   0.00010
   0.01717
  -0.03313
   0.04658
  -0.05649
   0.06211
  -0.06301
   0.05913
  -0.05075
   0.03853
  -0.02337
   0.00644
   0.01097
  -0.02756
   0.04205
  -0.05335
   0.06059
  -0.06324
   0.06108
  -0.05428
   0.04337
  -0.02915
   0.01273
   0.00467
  -0.02171
   0.03710
  -0.04967
   0.05847
  -0.06283
   0.06242
  -0.05727
   0.04777
  -0.03464
   0.01888
  -0.00169
  -0.01563
   0.03177
  -0.04549
   0.05576
  -0.06179
   0.06313
  -0.05967
   0.05169
  -0.03977
   0.02484
  -0.00802
  -0.00941
   0.02612
  -0.04085
   0.05248
  -0.06012
   0.06320
  -0.06147
   0.05508
  -0.04451
   0.03055
  -0.01428
  -0.00308
   0.02021
  -0.03580
   0.04867
  -0.05785
   0.06263
  -0.06266
   0.05792
  -0.04879
   0.03596
  -0.02039
   0.00327
   0.01409
  -0.03038
   0.04437
  -0.05499
   0.06143
  -0.06320
   0.06018
  -0.05259
   0.04100
  -0.02630
   0.00960
   0.00783
  -0.02466
   0.03962
  -0.05157
   0.05961
  -0.06311
   0.06183
  -0.05585
   0.04562
  -0.03194
   0.01582
   0.00149
  -0.01869
   0.03448
  -0.04764
   0.05718
  -0.06239
   0.06285
  -0.05854
   0.04979
  -0.03725
   0.02189
  -0.00486
  -0.01254
   0.02898
  -0.04322
   0.05418
  -0.06103
   0.06324
  -0.06065
   0.05345
  -0.04219
   0.02773
  -0.01117
  -0.00625
   0.02319
  -0.03837
   0.05064
  -0.05906
   0.06299
  -0.06214
   0.05657
  -0.04671
   0.03330
  -0.01736
   0.00010
   0.01717
  -0.03313
   0.04658
  -0.05649
   0.06211
  -0.06301
   0.05913
  -0.05075
   0.03853
  -0.02337
   0.00644
   0.01097
  -0.02756
   0.04205
  -0.05335
   0.06059
  -0.06324
   0.06108
  -0.05428
   0.04337
  -0.02915
   0.01273
   0.00467
  -0.02171
   0.03710
  -0.04967
   0.05847
  -0.06283
   0.06242
  -0.05727
   0.04777
  -0.03464
   0.01888
  -0.00169
  -0.01563
   0.03177
  -0.04549
   0.05576
  -0.06179
   0.06313
  -0.05967
   0.05169
  -0.03977
   0.02484
  -0.00802
  -0.00941
   0.02612
  -0.04085
   0.05248
  -0.06012
   0.06320
  -0.06147
   0.05508
  -0.04451
   0.03055
  -0.01428
  -0.00308
   0.02021
  -0.03580
   0.04867
  -0.05785
   0.06263
  -0.06266
   0.05792
  -0.04879
   0.03596
  -0.02039
   0.00327
   0.01409
  -0.03038
   0.04437
  -0.05499
   0.06143
  -0.06320
   0.06018
  -0.05259
   0.04100
  -0.02630
   0.00960
   0.00783
  -0.02466
   0.03962
  -0.05157
   0.05961
  -0.06311
   0.06183
  -0.05585
   0.04562
  -0.03194
   0.01582
   0.00149
  -0.01869
   0.03448
  -0.04764
   0.05718
  -0.06239
   0.06285
  -0.05854
   0.04979
  -0.03725
   0.02189
  -0.00486
  -0.01254
   0.02898
  -0.04322
   0.05418
  -0.06103
   0.06324
  -0.06065
   0.05345
  -0.04219
   0.02773
  -0.01117
  -0.00625
   0.02319
  -0.03837
   0.05064
  -0.05906
   0.06299
  -0.06214
   0.05657
  -0.04671
   0.03330
  -0.01736
   0.00010
   0.01717
  -0.03313
   0.04658
  -0.05649
   0.06211
  -0.06301
   0.05913
  -0.05075
   0.03853
  -0.02337
   0.00644
   0.01097
  -0.02756
   0.04205
  -0.05335
   0.06059
  -0.06324
   0.06108
  -0.05428
   0.04337
  -0.02915
   0.01273
   0.00467
  -0.02171
   0.03710
  -0.04967
   0.05847
  -0.06283
   0.06242
  -0.05727
   0.04777
  -0.03464
   0.01888
  -0.00169
  -0.01563
   0.03177
  -0.04549
   0.05576
  -0.06179
   0.06313
  -0.05967
   0.05169
  -0.03977
   0.02484
  -0.00802
  -0.00941
   0.02612
  -0.04085
   0.05248
  -0.06012
   0.06320
  -0.06147
   0.05508
  -0.04451
   0.03055
  -0.01428
  -0.00308
   0.02021
  -0.03580
   0.04867
  -0.05785
   0.06263
  -0.06266
   0.05792
  -0.04879
   0.03596
  -0.02039
   0.00327
   0.01409
  -0.03038
   0.04437
  -0.05499
   0.06143
  -0.06320
   0.06018
  -0.05259
   0.04100
  -0.02630
   0.00960
   0.00783
  -0.02466
   0.03962
  -0.05157
   0.05961
  -0.06311
   0.06183
  -0.05585
   0.04562
  -0.03194
   0.01582
   0.00149
  -0.01869
   0.03448
  -0.04764
   0.05718
  -0.06239
   0.06285
  -0.05854
   0.04979
  -0.03725
   0.02189
  -0.00486
  -0.01254
   0.02898
  -0.04322
   0.05418
  -0.06103
   0.06324
  -0.06065
   0.05345
  -0.04219
   0.02773
  -0.01117
  -0.00625
   0.02319
  -0.03837
   0.05064
  -0.05906
   0.06299
  -0.06214
   0.05657
  -0.04671
   0.03330
  -0.01736
   0.00010
   0.01717
  -0.03313
   0.04658
  -0.05649
   0.06211
  -0.06301
   0.05913
  -0.05075
   0.03853
  -0.02337
   0.00644
   0.01097
  -0.02756
   0.04205
  -0.05335
   0.06059
  -0.06324
   0.06108
  -0.05428
   0.04337
  -0.02915
   0.01273
   0.00467
  -0.02171
   0.03710
  -0.04967
   0.05847
  -0.06283
   0.06242
  -0.05727
   0.04777
  -0.03464
   0.01888
  -0.00169
  -0.01563
   0.03177
  -0.04549
   0.05576
  -0.06179
   0.06313
  -0.05967
   0.05169
  -0.03977
   0.02484
  -0.00802
  -0.00941
   0.02612
  -0.04085
   0.05248
  -0.06012
   0.06320
  -0.06147
   0.05508
  -0.04451
   0.03055
  -0.01428
  -0.00308
   0.02021
  -0.03580
   0.04867
  -0.05785
   0.06263
  -0.06266
   0.05792
  -0.04879
   0.03596
  -0.02039
   0.00327
   0.01409
  -0.03038
   0.04437
  -0.05499
   0.06143
  -0.06320
   0.06018
  -0.05259
   0.04100
  -0.02630
   0.00960
   0.00783
  -0.02466
   0.03962
  -0.05157
   0.05961
  -0.06311
   0.06183
  -0.05585
   0.04562
  -0.03194
   0.01582
   0.00149
