   0.03558
   0.05896
   0.06154
   0.04239
   0.00829
  -0.02874
  -0.05563
  -0.06288
  -0.04794
  -0.01608
   0.02146
   0.05142
   0.06323
   0.05273
   0.02362
  -0.01383
  -0.04640
  -0.06259
  -0.05669
  -0.03079
   0.00599
   0.04065
   0.06096
   0.05976
   0.03747
   0.00195
  -0.03425
  -0.05837
  -0.06188
  -0.04356
  -0.00986
   0.02732
   0.05486
   0.06303
   0.04896
   0.01761
  -0.01995
  -0.05048
  -0.06319
  -0.05359
  -0.02509
   0.01228
   0.04530
   0.06234
   0.05738
   0.03216
  -0.00440
  -0.03942
  -0.06052
  -0.06026
  -0.03874
  -0.00354
   0.03291
   0.05774
   0.06219
   0.04470
   0.01143
  -0.02588
  -0.05405
  -0.06314
  -0.04995
  -0.01913
   0.01844
   0.04950
   0.06310
   0.05442
   0.02654
  -0.01071
  -0.04418
  -0.06206
  -0.05803
  -0.03352
   0.00282
   0.03816
   0.06004
   0.06072
   0.03998
   0.00513
  -0.03154
  -0.05707
  -0.06246
  -0.04581
  -0.01299
   0.02442
   0.05320
   0.06321
   0.05091
   0.02064
  -0.01691
  -0.04850
  -0.06297
  -0.05521
  -0.02797
   0.00914
   0.04303
   0.06173
   0.05864
   0.03486
  -0.00123
  -0.03688
  -0.05952
  -0.06115
  -0.04120
  -0.00671
   0.03015
   0.05637
   0.06269
   0.04689
   0.01454
  -0.02294
  -0.05233
  -0.06324
  -0.05184
  -0.02214
   0.01538
   0.04746
   0.06280
   0.05597
   0.02939
  -0.00757
  -0.04185
  -0.06136
  -0.05922
  -0.03618
  -0.00036
   0.03558
   0.05896
   0.06154
   0.04239
   0.00829
  -0.02874
  -0.05563
  -0.06288
  -0.04794
  -0.01608
   0.02146
   0.05142
   0.06323
   0.05273
   0.02362
  -0.01383
  -0.04640
  -0.06259
  -0.05669
  -0.03079
   0.00599
   0.04065
   0.06096
   0.05976
   0.03747
   0.00195
  -0.03425
  -0.05837
  -0.06188
  -0.04356
  -0.00986
   0.02732
   0.05486
   0.06303
   0.04896
   0.01761
  -0.01995
  -0.05048
  -0.06319
  -0.05359
  -0.02509
   0.01228
   0.04530
   0.06234
   0.05738
   0.03216
  -0.00440
  -0.03942
  -0.06052
  -0.06026
  -0.03874
  -0.00354
   0.03291
   0.05774
   0.06219
   0.04470
   0.01143
  -0.02588
  -0.05405
  -0.06314
  -0.04995
  -0.01913
   0.01844
   0.04950
   0.06310
   0.05442
   0.02654
  -0.01071
  -0.04418
  -0.06206
  -0.05803
  -0.03352
   0.00282
   0.03816
   0.06004
   0.06072
   0.03998
   0.00513
  -0.03154
  -0.05707
  -0.06246
  -0.04581
  -0.01299
   0.02442
   0.05320
   0.06321
   0.05091
   0.02064
  -0.01691
  -0.04850
  -0.06297
  -0.05521
  -0.02797
   0.00914
   0.04303
   0.06173
   0.05864
   0.03486
  -0.00123
  -0.03688
  -0.05952
  -0.06115
  -0.04120
  -0.00671
   0.03015
   0.05637
   0.06269
   0.04689
   0.01454
  -0.02294
  -0.05233
  -0.06324
  -0.05184
  -0.02214
   0.01538
   0.04746
   0.06280
   0.05597
   0.02939
  -0.00757
  -0.04185
  -0.06136
  -0.05922
  -0.03618
  -0.00036
   0.03558
   0.05896
   0.06154
   0.04239
   0.00829
  -0.02874
  -0.05563
  -0.06288
  -0.04794
  -0.01608
   0.02146
   0.05142
   0.06323
   0.05273
   0.02362
  -0.01383
  -0.04640
  -0.06259
  -0.05669
  -0.03079
   0.00599
   0.04065
   0.06096
   0.05976
   0.03747
   0.00195
  -0.03425
  -0.05837
  -0.06188
  -0.04356
  -0.00986
   0.02732
   0.05486
   0.06303
   0.04896
   0.01761
  -0.01995
  -0.05048
  -0.06319
  -0.05359
  -0.02509
   0.01228
   0.04530
   0.06234
   0.05738
   0.03216
  -0.00440
  -0.03942
  -0.06052
  -0.06026
  -0.03874
  -0.00354
   0.03291
   0.05774
   0.06219
   0.04470
   0.01143
  -0.02588
  -0.05405
  -0.06314
  -0.04995
  -0.01913
   0.01844
   0.04950
   0.06310
   0.05442
   0.02654
  -0.01071
  -0.04418
  -0.06206
  -0.05803
  -0.03352
   0.00282
   0.03816
   0.06004
   0.06072
   0.03998
   0.00513
  -0.03154
  -0.05707
  -0.06246
  -0.04581
  -0.01299
   0.02442
   0.05320
   0.06321
   0.05091
   0.02064
  -0.01691
  -0.04850
  -0.06297
  -0.05521
  -0.02797
   0.00914
   0.04303
   0.06173
   0.05864
   0.03486
  -0.00123
  -0.03688
  -0.05952
  -0.06115
  -0.04120
  -0.00671
   0.03015
   0.05637
   0.06269
   0.04689
   0.01454
  -0.02294
  -0.05233
  -0.06324
  -0.05184
  -0.02214
   0.01538
   0.04746
   0.06280
   0.05597
   0.02939
  -0.00757
  -0.04185
  -0.06136
  -0.05922
  -0.03618
  -0.00036
   0.03558
   0.05896
   0.06154
   0.04239
   0.00829
  -0.02874
  -0.05563
  -0.06288
  -0.04794
  -0.01608
   0.02146
   0.05142
   0.06323
   0.05273
   0.02362
  -0.01383
  -0.04640
  -0.06259
  -0.05669
  -0.03079
   0.00599
   0.04065
   0.06096
   0.05976
   0.03747
   0.00195
  -0.03425
  -0.05837
  -0.06188
  -0.04356
  -0.00986
   0.02732
   0.05486
   0.06303
   0.04896
   0.01761
  -0.01995
  -0.05048
  -0.06319
  -0.05359
  -0.02509
   0.01228
   0.04530
   0.06234
   0.05738
   0.03216
  -0.00440
  -0.03942
  -0.06052
  -0.06026
  -0.03874
  -0.00354
   0.03291
   0.05774
   0.06219
   0.04470
   0.01143
  -0.02588
  -0.05405
  -0.06314
  -0.04995
  -0.01913
   0.01844
   0.04950
   0.06310
   0.05442
   0.02654
  -0.01071
  -0.04418
  -0.06206
  -0.05803
  -0.03352
   0.00282
   0.03816
   0.06004
   0.06072
   0.03998
   0.00513
  -0.03154
  -0.05707
  -0.06246
  -0.04581
  -0.01299
   0.02442
   0.05320
   0.06321
   0.05091
   0.02064
  -0.01691
  -0.04850
  -0.06297
  -0.05521
  -0.02797
   0.00914
   0.04303
   0.06173
   0.05864
   0.03486
  -0.00123
  -0.03688
  -0.05952
  -0.06115
  -0.04120
  -0.00671
   0.03015
   0.05637
   0.06269
   0.04689
   0.01454
  -0.02294
  -0.05233
  -0.06324
  -0.05184
  -0.02214
   0.01538
   0.04746
   0.06280
   0.05597
   0.02939
  -0.00757
  -0.04185
  -0.06136
  -0.05922
  -0.03618
  -0.00036
