  -0.03746
   0.01920
   0.06004
   0.05138
   0.00036
  -0.05095
  -0.06026
  -0.01989
   0.03688
   0.06324
   0.03746
  -0.01920
  -0.06004
  -0.05138
  -0.00036
   0.05095
   0.06026
   0.01989
  -0.03688
  -0.06324
  -0.03746
   0.01920
   0.06004
   0.05138
   0.00036
  -0.05095
  -0.06026
  -0.01989
   0.03688
   0.06324
   0.03746
  -0.01920
  -0.06004
  -0.05138
  -0.00036
   0.05095
   0.06026
   0.01989
  -0.03688
  -0.06324
  -0.03746
   0.01920
   0.06004
   0.05138
   0.00036
  -0.05095
  -0.06026
  -0.01989
   0.03688
   0.06324
   0.03746
  -0.01920
  -0.06004
  -0.05138
  -0.00036
   0.05095
   0.06026
   0.01989
  -0.03688
  -0.06324
  -0.03746
   0.01920
   0.06004
   0.05138
   0.00036
  -0.05095
  -0.06026
  -0.01989
   0.03688
   0.06324
   0.03746
  -0.01920
  -0.06004
  -0.05138
  -0.00036
   0.05095
   0.06026
   0.01989
  -0.03688
  -0.06324
  -0.03746
   0.01920
   0.06004
   0.05138
   0.00036
  -0.05095
  -0.06026
  -0.01989
   0.03688
   0.06324
   0.03746
  -0.01920
  -0.06004
  -0.05138
  -0.00036
   0.05095
   0.06026
   0.01989
  -0.03688
  -0.06324
  -0.03746
   0.01920
   0.06004
   0.05138
   0.00036
  -0.05095
  -0.06026
  -0.01989
   0.03688
   0.06324
   0.03746
  -0.01920
  -0.06004
  -0.05138
  -0.00036
   0.05095
   0.06026
   0.01989
  -0.03688
  -0.06324
  -0.03746
   0.01920
   0.06004
   0.05138
   0.00036
  -0.05095
  -0.06026
  -0.01989
   0.03688
   0.06324
   0.03746
  -0.01920
  -0.06004
  -0.05138
  -0.00036
   0.05095
   0.06026
   0.01989
  -0.03688
  -0.06324
  -0.03746
   0.01920
   0.06004
   0.05138
   0.00036
  -0.05095
  -0.06026
  -0.01989
   0.03688
   0.06324
   0.03746
  -0.01920
  -0.06004
  -0.05138
  -0.00036
   0.05095
   0.06026
   0.01989
  -0.03688
  -0.06324
  -0.03746
   0.01920
   0.06004
   0.05138
   0.00036
  -0.05095
  -0.06026
  -0.01989
   0.03688
   0.06324
   0.03746
  -0.01920
  -0.06004
  -0.05138
  -0.00036
   0.05095
   0.06026
   0.01989
  -0.03688
  -0.06324
  -0.03746
   0.01920
   0.06004
   0.05138
   0.00036
  -0.05095
  -0.06026
  -0.01989
   0.03688
   0.06324
   0.03746
  -0.01920
  -0.06004
  -0.05138
  -0.00036
   0.05095
   0.06026
   0.01989
  -0.03688
  -0.06324
  -0.03746
   0.01920
   0.06004
   0.05138
   0.00036
  -0.05095
  -0.06026
  -0.01989
   0.03688
   0.06324
   0.03746
  -0.01920
  -0.06004
  -0.05138
  -0.00036
   0.05095
   0.06026
   0.01989
  -0.03688
  -0.06324
  -0.03746
   0.01920
   0.06004
   0.05138
   0.00036
  -0.05095
  -0.06026
  -0.01989
   0.03688
   0.06324
   0.03746
  -0.01920
  -0.06004
  -0.05138
  -0.00036
   0.05095
   0.06026
   0.01989
  -0.03688
  -0.06324
  -0.03746
   0.01920
   0.06004
   0.05138
   0.00036
  -0.05095
  -0.06026
  -0.01989
   0.03688
   0.06324
   0.03746
  -0.01920
  -0.06004
  -0.05138
  -0.00036
   0.05095
   0.06026
   0.01989
  -0.03688
  -0.06324
  -0.03746
   0.01920
   0.06004
   0.05138
   0.00036
  -0.05095
  -0.06026
  -0.01989
   0.03688
   0.06324
   0.03746
  -0.01920
  -0.06004
  -0.05138
  -0.00036
   0.05095
   0.06026
   0.01989
  -0.03688
  -0.06324
  -0.03746
   0.01920
   0.06004
   0.05138
   0.00036
  -0.05095
  -0.06026
  -0.01989
   0.03688
   0.06324
   0.03746
  -0.01920
  -0.06004
  -0.05138
  -0.00036
   0.05095
   0.06026
   0.01989
  -0.03688
  -0.06324
  -0.03746
   0.01920
   0.06004
   0.05138
   0.00036
  -0.05095
  -0.06026
  -0.01989
   0.03688
   0.06324
   0.03746
  -0.01920
  -0.06004
  -0.05138
  -0.00036
   0.05095
   0.06026
   0.01989
  -0.03688
  -0.06324
  -0.03746
   0.01920
   0.06004
   0.05138
   0.00036
  -0.05095
  -0.06026
  -0.01989
   0.03688
   0.06324
   0.03746
  -0.01920
  -0.06004
  -0.05138
  -0.00036
   0.05095
   0.06026
   0.01989
  -0.03688
  -0.06324
  -0.03746
   0.01920
   0.06004
   0.05138
   0.00036
  -0.05095
  -0.06026
  -0.01989
   0.03688
   0.06324
   0.03746
  -0.01920
  -0.06004
  -0.05138
  -0.00036
   0.05095
   0.06026
   0.01989
  -0.03688
  -0.06324
  -0.03746
   0.01920
   0.06004
   0.05138
   0.00036
  -0.05095
  -0.06026
  -0.01989
   0.03688
   0.06324
   0.03746
  -0.01920
  -0.06004
  -0.05138
  -0.00036
   0.05095
   0.06026
   0.01989
  -0.03688
  -0.06324
  -0.03746
   0.01920
   0.06004
   0.05138
   0.00036
  -0.05095
  -0.06026
  -0.01989
   0.03688
   0.06324
   0.03746
  -0.01920
  -0.06004
  -0.05138
  -0.00036
   0.05095
   0.06026
   0.01989
  -0.03688
  -0.06324
  -0.03746
   0.01920
   0.06004
   0.05138
   0.00036
  -0.05095
  -0.06026
  -0.01989
   0.03688
   0.06324
   0.03746
  -0.01920
  -0.06004
  -0.05138
  -0.00036
   0.05095
   0.06026
   0.01989
  -0.03688
  -0.06324
  -0.03746
   0.01920
   0.06004
   0.05138
   0.00036
  -0.05095
  -0.06026
  -0.01989
   0.03688
   0.06324
   0.03746
  -0.01920
  -0.06004
  -0.05138
  -0.00036
   0.05095
   0.06026
   0.01989
  -0.03688
  -0.06324
  -0.03746
   0.01920
   0.06004
   0.05138
   0.00036
  -0.05095
  -0.06026
  -0.01989
   0.03688
   0.06324
   0.03746
  -0.01920
  -0.06004
  -0.05138
  -0.00036
   0.05095
   0.06026
   0.01989
  -0.03688
  -0.06324
  -0.03746
   0.01920
   0.06004
   0.05138
   0.00036
  -0.05095
  -0.06026
  -0.01989
   0.03688
   0.06324
   0.03746
  -0.01920
  -0.06004
  -0.05138
  -0.00036
   0.05095
   0.06026
   0.01989
  -0.03688
  -0.06324
  -0.03746
   0.01920
   0.06004
   0.05138
   0.00036
  -0.05095
  -0.06026
  -0.01989
   0.03688
   0.06324
   0.03746
  -0.01920
  -0.06004
  -0.05138
  -0.00036
   0.05095
   0.06026
   0.01989
  -0.03688
  -0.06324
