   0.04699
   0.06268
   0.03412
  -0.01852
  -0.05809
  -0.05665
  -0.01522
   0.03695
   0.06304
   0.04463
  -0.00528
  -0.05147
  -0.06133
  -0.02789
   0.02523
   0.06054
   0.05312
   0.00820
  -0.04251
  -0.06321
  -0.03929
   0.01236
   0.05529
   0.05919
   0.02131
  -0.03161
  -0.06222
  -0.04891
  -0.00107
   0.04752
   0.06257
   0.03345
  -0.01928
  -0.05840
  -0.05630
  -0.01445
   0.03759
   0.06310
   0.04407
  -0.00607
  -0.05193
  -0.06113
  -0.02718
   0.02596
   0.06077
   0.05268
   0.00741
  -0.04309
  -0.06318
  -0.03867
   0.01314
   0.05567
   0.05890
   0.02056
  -0.03230
  -0.06236
  -0.04840
  -0.00027
   0.04804
   0.06245
   0.03277
  -0.02004
  -0.05870
  -0.05593
  -0.01368
   0.03823
   0.06315
   0.04349
  -0.00687
  -0.05238
  -0.06092
  -0.02646
   0.02668
   0.06098
   0.05224
   0.00662
  -0.04367
  -0.06314
  -0.03803
   0.01392
   0.05604
   0.05861
   0.01980
  -0.03298
  -0.06249
  -0.04788
   0.00052
   0.04856
   0.06232
   0.03209
  -0.02079
  -0.05899
  -0.05555
  -0.01290
   0.03886
   0.06319
   0.04291
  -0.00765
  -0.05282
  -0.06070
  -0.02573
   0.02740
   0.06119
   0.05179
   0.00583
  -0.04424
  -0.06309
  -0.03740
   0.01469
   0.05641
   0.05831
   0.01905
  -0.03366
  -0.06260
  -0.04736
   0.00132
   0.04906
   0.06218
   0.03140
  -0.02154
  -0.05928
  -0.05517
  -0.01212
   0.03949
   0.06322
   0.04233
  -0.00844
  -0.05325
  -0.06047
  -0.02500
   0.02811
   0.06139
   0.05133
   0.00504
  -0.04481
  -0.06302
  -0.03675
   0.01546
   0.05676
   0.05799
   0.01829
  -0.03433
  -0.06271
  -0.04683
   0.00211
   0.04956
   0.06203
   0.03071
  -0.02229
  -0.05955
  -0.05478
  -0.01134
   0.04010
   0.06324
   0.04173
  -0.00923
  -0.05368
  -0.06023
  -0.02427
   0.02882
   0.06157
   0.05086
   0.00424
  -0.04537
  -0.06295
  -0.03610
   0.01623
   0.05711
   0.05767
   0.01753
  -0.03499
  -0.06281
  -0.04629
   0.00290
   0.05005
   0.06187
   0.03001
  -0.02303
  -0.05981
  -0.05438
  -0.01056
   0.04071
   0.06324
   0.04113
  -0.01002
  -0.05409
  -0.05999
  -0.02354
   0.02953
   0.06175
   0.05038
   0.00345
  -0.04592
  -0.06287
  -0.03545
   0.01700
   0.05745
   0.05734
   0.01676
  -0.03565
  -0.06290
  -0.04575
   0.00370
   0.05053
   0.06170
   0.02931
  -0.02377
  -0.06006
  -0.05396
  -0.00977
   0.04132
   0.06324
   0.04052
  -0.01080
  -0.05450
  -0.05973
  -0.02280
   0.03023
   0.06192
   0.04990
   0.00266
  -0.04646
  -0.06278
  -0.03479
   0.01776
   0.05777
   0.05700
   0.01599
  -0.03630
  -0.06298
  -0.04519
   0.00449
   0.05101
   0.06152
   0.02860
  -0.02450
  -0.06031
  -0.05355
  -0.00899
   0.04192
   0.06323
   0.03991
  -0.01158
  -0.05490
  -0.05946
  -0.02205
   0.03092
   0.06207
   0.04941
   0.00186
  -0.04699
  -0.06268
  -0.03412
   0.01852
   0.05809
   0.05665
   0.01522
  -0.03695
  -0.06304
  -0.04463
   0.00528
   0.05147
   0.06133
   0.02789
  -0.02523
  -0.06054
  -0.05312
  -0.00820
   0.04251
   0.06321
   0.03929
  -0.01236
  -0.05529
  -0.05919
  -0.02131
   0.03161
   0.06222
   0.04891
   0.00107
  -0.04752
  -0.06257
  -0.03345
   0.01928
   0.05840
   0.05630
   0.01445
  -0.03759
  -0.06310
  -0.04407
   0.00607
   0.05193
   0.06113
   0.02718
  -0.02596
  -0.06077
  -0.05268
  -0.00741
   0.04309
   0.06318
   0.03867
  -0.01314
  -0.05567
  -0.05890
  -0.02056
   0.03230
   0.06236
   0.04840
   0.00027
  -0.04804
  -0.06245
  -0.03277
   0.02004
   0.05870
   0.05593
   0.01368
  -0.03823
  -0.06315
  -0.04349
   0.00687
   0.05238
   0.06092
   0.02646
  -0.02668
  -0.06098
  -0.05224
  -0.00662
   0.04367
   0.06314
   0.03803
  -0.01392
  -0.05604
  -0.05861
  -0.01980
   0.03298
   0.06249
   0.04788
  -0.00052
  -0.04856
  -0.06232
  -0.03209
   0.02079
   0.05899
   0.05555
   0.01290
  -0.03886
  -0.06319
  -0.04291
   0.00765
   0.05282
   0.06070
   0.02573
  -0.02740
  -0.06119
  -0.05179
  -0.00583
   0.04424
   0.06309
   0.03740
  -0.01469
  -0.05641
  -0.05831
  -0.01905
   0.03366
   0.06260
   0.04736
  -0.00132
  -0.04906
  -0.06218
  -0.03140
   0.02154
   0.05928
   0.05517
   0.01212
  -0.03949
  -0.06322
  -0.04233
   0.00844
   0.05325
   0.06047
   0.02500
  -0.02811
  -0.06139
  -0.05133
  -0.00504
   0.04481
   0.06302
   0.03675
  -0.01546
  -0.05676
  -0.05799
  -0.01829
   0.03433
   0.06271
   0.04683
  -0.00211
  -0.04956
  -0.06203
  -0.03071
   0.02229
   0.05955
   0.05478
   0.01134
  -0.04010
  -0.06324
  -0.04173
   0.00923
   0.05368
   0.06023
   0.02427
  -0.02882
  -0.06157
  -0.05086
  -0.00424
   0.04537
   0.06295
   0.03610
  -0.01623
  -0.05711
  -0.05767
  -0.01753
   0.03499
   0.06281
   0.04629
  -0.00290
  -0.05005
  -0.06187
  -0.03001
   0.02303
   0.05981
   0.05438
   0.01056
  -0.04071
  -0.06324
  -0.04113
   0.01002
   0.05409
   0.05999
   0.02354
  -0.02953
  -0.06175
  -0.05038
  -0.00345
   0.04592
   0.06287
   0.03545
  -0.01700
  -0.05745
  -0.05734
  -0.01676
   0.03565
   0.06290
   0.04575
  -0.00370
  -0.05053
  -0.06170
  -0.02931
   0.02377
   0.06006
   0.05396
   0.00977
  -0.04132
  -0.06324
  -0.04052
   0.01080
   0.05450
   0.05973
   0.02280
  -0.03023
  -0.06192
  -0.04990
  -0.00266
   0.04646
   0.06278
   0.03479
  -0.01776
  -0.05777
  -0.05700
  -0.01599
   0.03630
   0.06298
   0.04519
  -0.00449
  -0.05101
  -0.06152
  -0.02860
   0.02450
   0.06031
   0.05355
   0.00899
  -0.04192
  -0.06323
  -0.03991
   0.01158
   0.05490
   0.05946
   0.02205
  -0.03092
  -0.06207
  -0.04941
  -0.00186
