  -0.02674
  -0.03924
   0.06193
  -0.01630
  -0.04731
   0.05873
  -0.00535
  -0.05393
   0.05371
   0.00576
  -0.05888
   0.04704
   0.01669
  -0.06201
   0.03892
   0.02711
  -0.06323
   0.02959
   0.03670
  -0.06250
   0.01935
   0.04514
  -0.05983
   0.00851
   0.05220
  -0.05532
  -0.00259
   0.05764
  -0.04911
  -0.01361
   0.06131
  -0.04137
  -0.02421
   0.06308
  -0.03236
  -0.03406
   0.06291
  -0.02235
  -0.04286
   0.06079
  -0.01165
  -0.05034
   0.05679
  -0.00059
  -0.05626
   0.05105
   0.01049
  -0.06045
   0.04372
   0.02124
  -0.06277
   0.03505
   0.03134
  -0.06316
   0.02529
   0.04047
  -0.06159
   0.01476
   0.04835
  -0.05812
   0.00377
   0.05474
  -0.05286
  -0.00734
   0.05944
  -0.04596
  -0.01822
   0.06230
  -0.03765
  -0.02854
   0.06325
  -0.02818
  -0.03798
   0.06223
  -0.01783
  -0.04624
   0.05930
  -0.00693
  -0.05308
   0.05454
   0.00418
  -0.05828
   0.04809
   0.01516
  -0.06168
   0.04016
   0.02567
  -0.06318
   0.03098
   0.03539
  -0.06272
   0.02086
   0.04402
  -0.06033
   0.01008
   0.05129
  -0.05608
  -0.00100
   0.05697
  -0.05009
  -0.01205
   0.06090
  -0.04256
  -0.02273
   0.06295
  -0.03372
  -0.03271
   0.06305
  -0.02383
  -0.04168
   0.06121
  -0.01321
  -0.04936
   0.05748
  -0.00218
  -0.05552
   0.05197
   0.00892
  -0.05996
   0.04486
   0.01974
  -0.06256
   0.03636
   0.02995
  -0.06322
   0.02674
   0.03924
  -0.06193
   0.01630
   0.04731
  -0.05873
   0.00535
   0.05393
  -0.05371
  -0.00576
   0.05888
  -0.04704
  -0.01669
   0.06201
  -0.03892
  -0.02711
   0.06323
  -0.02959
  -0.03670
   0.06250
  -0.01935
  -0.04514
   0.05983
  -0.00851
  -0.05220
   0.05532
   0.00259
  -0.05764
   0.04911
   0.01361
  -0.06131
   0.04137
   0.02421
  -0.06308
   0.03236
   0.03406
  -0.06291
   0.02235
   0.04286
  -0.06079
   0.01165
   0.05034
  -0.05679
   0.00059
   0.05626
  -0.05105
  -0.01049
   0.06045
  -0.04372
  -0.02124
   0.06277
  -0.03505
  -0.03134
   0.06316
  -0.02529
  -0.04047
   0.06159
  -0.01476
  -0.04835
   0.05812
  -0.00377
  -0.05474
   0.05286
   0.00734
  -0.05944
   0.04596
   0.01822
  -0.06230
   0.03765
   0.02854
  -0.06325
   0.02818
   0.03798
  -0.06223
   0.01783
   0.04624
  -0.05930
   0.00693
   0.05308
  -0.05454
  -0.00418
   0.05828
  -0.04809
  -0.01516
   0.06168
  -0.04016
  -0.02567
   0.06318
  -0.03098
  -0.03539
   0.06272
  -0.02086
  -0.04402
   0.06033
  -0.01008
  -0.05129
   0.05608
   0.00100
  -0.05697
   0.05009
   0.01205
  -0.06090
   0.04256
   0.02273
  -0.06295
   0.03372
   0.03271
  -0.06305
   0.02383
   0.04168
  -0.06121
   0.01321
   0.04936
  -0.05748
   0.00218
   0.05552
  -0.05197
  -0.00892
   0.05996
  -0.04486
  -0.01974
   0.06256
  -0.03636
  -0.02995
   0.06322
  -0.02674
  -0.03924
   0.06193
  -0.01630
  -0.04731
   0.05873
  -0.00535
  -0.05393
   0.05371
   0.00576
  -0.05888
   0.04704
   0.01669
  -0.06201
   0.03892
   0.02711
  -0.06323
   0.02959
   0.03670
  -0.06250
   0.01935
   0.04514
  -0.05983
   0.00851
   0.05220
  -0.05532
  -0.00259
   0.05764
  -0.04911
  -0.01361
   0.06131
  -0.04137
  -0.02421
   0.06308
  -0.03236
  -0.03406
   0.06291
  -0.02235
  -0.04286
   0.06079
  -0.01165
  -0.05034
   0.05679
  -0.00059
  -0.05626
   0.05105
   0.01049
  -0.06045
   0.04372
   0.02124
  -0.06277
   0.03505
   0.03134
  -0.06316
   0.02529
   0.04047
  -0.06159
   0.01476
   0.04835
  -0.05812
   0.00377
   0.05474
  -0.05286
  -0.00734
   0.05944
  -0.04596
  -0.01822
   0.06230
  -0.03765
  -0.02854
   0.06325
  -0.02818
  -0.03798
   0.06223
  -0.01783
  -0.04624
   0.05930
  -0.00693
  -0.05308
   0.05454
   0.00418
  -0.05828
   0.04809
   0.01516
  -0.06168
   0.04016
   0.02567
  -0.06318
   0.03098
   0.03539
  -0.06272
   0.02086
   0.04402
  -0.06033
   0.01008
   0.05129
  -0.05608
  -0.00100
   0.05697
  -0.05009
  -0.01205
   0.06090
  -0.04256
  -0.02273
   0.06295
  -0.03372
  -0.03271
   0.06305
  -0.02383
  -0.04168
   0.06121
  -0.01321
  -0.04936
   0.05748
  -0.00218
  -0.05552
   0.05197
   0.00892
  -0.05996
   0.04486
   0.01974
  -0.06256
   0.03636
   0.02995
  -0.06322
   0.02674
   0.03924
  -0.06193
   0.01630
   0.04731
  -0.05873
   0.00535
   0.05393
  -0.05371
  -0.00576
   0.05888
  -0.04704
  -0.01669
   0.06201
  -0.03892
  -0.02711
   0.06323
  -0.02959
  -0.03670
   0.06250
  -0.01935
  -0.04514
   0.05983
  -0.00851
  -0.05220
   0.05532
   0.00259
  -0.05764
   0.04911
   0.01361
  -0.06131
   0.04137
   0.02421
  -0.06308
   0.03236
   0.03406
  -0.06291
   0.02235
   0.04286
  -0.06079
   0.01165
   0.05034
  -0.05679
   0.00059
   0.05626
  -0.05105
  -0.01049
   0.06045
  -0.04372
  -0.02124
   0.06277
  -0.03505
  -0.03134
   0.06316
  -0.02529
  -0.04047
   0.06159
  -0.01476
  -0.04835
   0.05812
  -0.00377
  -0.05474
   0.05286
   0.00734
  -0.05944
   0.04596
   0.01822
  -0.06230
   0.03765
   0.02854
  -0.06325
   0.02818
   0.03798
  -0.06223
   0.01783
   0.04624
  -0.05930
   0.00693
   0.05308
  -0.05454
  -0.00418
   0.05828
  -0.04809
  -0.01516
   0.06168
  -0.04016
  -0.02567
   0.06318
  -0.03098
  -0.03539
   0.06272
  -0.02086
  -0.04402
   0.06033
  -0.01008
  -0.05129
   0.05608
   0.00100
  -0.05697
   0.05009
   0.01205
  -0.06090
   0.04256
   0.02273
  -0.06295
   0.03372
   0.03271
  -0.06305
   0.02383
   0.04168
  -0.06121
   0.01321
   0.04936
  -0.05748
   0.00218
   0.05552
  -0.05197
  -0.00892
   0.05996
  -0.04486
  -0.01974
   0.06256
  -0.03636
  -0.02995
   0.06322
