   0.03768
  -0.06149
   0.01045
   0.05331
  -0.05218
  -0.01247
   0.06194
  -0.03601
  -0.03375
   0.06243
  -0.01512
  -0.05060
   0.05472
   0.00776
  -0.06080
   0.03983
   0.02962
  -0.06302
   0.01970
   0.04759
  -0.05696
  -0.00301
   0.05931
  -0.04342
  -0.02533
   0.06324
  -0.02417
  -0.04432
   0.05887
  -0.00176
  -0.05749
   0.04676
   0.02089
  -0.06311
   0.02851
   0.04080
  -0.06044
   0.00651
   0.05534
  -0.04983
  -0.01634
   0.06262
  -0.03268
  -0.03704
   0.06167
  -0.01123
  -0.05288
   0.05262
   0.01169
  -0.06177
   0.03666
   0.03307
  -0.06255
   0.01589
   0.05012
  -0.05512
  -0.00697
   0.06057
  -0.04044
  -0.02892
   0.06308
  -0.02046
  -0.04707
   0.05730
   0.00222
  -0.05903
   0.04399
   0.02460
  -0.06325
   0.02491
   0.04375
  -0.05915
   0.00255
   0.05716
  -0.04729
  -0.02014
   0.06305
  -0.02921
  -0.04019
   0.06067
  -0.00730
  -0.05495
   0.05032
   0.01557
  -0.06250
   0.03336
   0.03639
  -0.06184
   0.01201
   0.05244
  -0.05306
  -0.01091
   0.06160
  -0.03731
  -0.03239
   0.06266
  -0.01666
  -0.04963
   0.05550
   0.00618
  -0.06034
   0.04105
   0.02821
  -0.06313
   0.02121
   0.04653
  -0.05763
  -0.00142
   0.05874
  -0.04456
  -0.02387
   0.06324
  -0.02563
  -0.04317
   0.05943
  -0.00334
  -0.05681
   0.04781
   0.01939
  -0.06299
   0.02992
   0.03957
  -0.06089
   0.00809
   0.05456
  -0.05079
  -0.01480
   0.06238
  -0.03403
  -0.03574
   0.06200
  -0.01279
  -0.05199
   0.05349
   0.01012
  -0.06141
   0.03795
   0.03171
  -0.06277
   0.01742
   0.04913
  -0.05588
  -0.00539
   0.06010
  -0.04165
  -0.02750
   0.06317
  -0.02195
  -0.04599
   0.05795
   0.00063
  -0.05844
   0.04512
   0.02313
  -0.06322
   0.02636
   0.04259
  -0.05970
   0.00414
   0.05646
  -0.04833
  -0.01863
   0.06291
  -0.03061
  -0.03895
   0.06110
  -0.00888
  -0.05415
   0.05126
   0.01402
  -0.06224
   0.03470
   0.03508
  -0.06216
   0.01357
   0.05153
  -0.05391
  -0.00934
   0.06122
  -0.03858
  -0.03102
   0.06286
  -0.01819
  -0.04863
   0.05625
   0.00460
  -0.05985
   0.04225
   0.02678
  -0.06321
   0.02270
   0.04544
  -0.05827
   0.00017
   0.05814
  -0.04567
  -0.02239
   0.06319
  -0.02708
  -0.04200
   0.05995
  -0.00493
  -0.05609
   0.04884
   0.01787
  -0.06282
   0.03131
   0.03832
  -0.06130
   0.00967
   0.05373
  -0.05173
  -0.01325
   0.06209
  -0.03536
  -0.03442
   0.06230
  -0.01435
  -0.05107
   0.05432
   0.00855
  -0.06101
   0.03921
   0.03032
  -0.06294
   0.01895
   0.04811
  -0.05661
  -0.00381
   0.05958
  -0.04283
  -0.02606
   0.06323
  -0.02344
  -0.04488
   0.05857
  -0.00096
  -0.05782
   0.04622
   0.02164
  -0.06316
   0.02779
   0.04140
  -0.06020
   0.00572
   0.05572
  -0.04934
  -0.01710
   0.06273
  -0.03200
  -0.03768
   0.06149
  -0.01045
  -0.05331
   0.05218
   0.01247
  -0.06194
   0.03601
   0.03375
  -0.06243
   0.01512
   0.05060
  -0.05472
  -0.00776
   0.06080
  -0.03983
  -0.02962
   0.06302
  -0.01970
  -0.04759
   0.05696
   0.00301
  -0.05931
   0.04342
   0.02533
  -0.06324
   0.02417
   0.04432
  -0.05887
   0.00176
   0.05749
  -0.04676
  -0.02089
   0.06311
  -0.02851
  -0.04080
   0.06044
  -0.00651
  -0.05534
   0.04983
   0.01634
  -0.06262
   0.03268
   0.03704
  -0.06167
   0.01123
   0.05288
  -0.05262
  -0.01169
   0.06177
  -0.03666
  -0.03307
   0.06255
  -0.01589
  -0.05012
   0.05512
   0.00697
  -0.06057
   0.04044
   0.02892
  -0.06308
   0.02046
   0.04707
  -0.05730
  -0.00222
   0.05903
  -0.04399
  -0.02460
   0.06325
  -0.02491
  -0.04375
   0.05915
  -0.00255
  -0.05716
   0.04729
   0.02014
  -0.06305
   0.02921
   0.04019
  -0.06067
   0.00730
   0.05495
  -0.05032
  -0.01557
   0.06250
  -0.03336
  -0.03639
   0.06184
  -0.01201
  -0.05244
   0.05306
   0.01091
  -0.06160
   0.03731
   0.03239
  -0.06266
   0.01666
   0.04963
  -0.05550
  -0.00618
   0.06034
  -0.04105
  -0.02821
   0.06313
  -0.02121
  -0.04653
   0.05763
   0.00142
  -0.05874
   0.04456
   0.02387
  -0.06324
   0.02563
   0.04317
  -0.05943
   0.00334
   0.05681
  -0.04781
  -0.01939
   0.06299
  -0.02992
  -0.03957
   0.06089
  -0.00809
  -0.05456
   0.05079
   0.01480
  -0.06238
   0.03403
   0.03574
  -0.06200
   0.01279
   0.05199
  -0.05349
  -0.01012
   0.06141
  -0.03795
  -0.03171
   0.06277
  -0.01742
  -0.04913
   0.05588
   0.00539
  -0.06010
   0.04165
   0.02750
  -0.06317
   0.02195
   0.04599
  -0.05795
  -0.00063
   0.05844
  -0.04512
  -0.02313
   0.06322
  -0.02636
  -0.04259
   0.05970
  -0.00414
  -0.05646
   0.04833
   0.01863
  -0.06291
   0.03061
   0.03895
  -0.06110
   0.00888
   0.05415
  -0.05126
  -0.01402
   0.06224
  -0.03470
  -0.03508
   0.06216
  -0.01357
  -0.05153
   0.05391
   0.00934
  -0.06122
   0.03858
   0.03102
  -0.06286
   0.01819
   0.04863
  -0.05625
  -0.00460
   0.05985
  -0.04225
  -0.02678
   0.06321
  -0.02270
  -0.04544
   0.05827
  -0.00017
  -0.05814
   0.04567
   0.02239
  -0.06319
   0.02708
   0.04200
  -0.05995
   0.00493
   0.05609
  -0.04884
  -0.01787
   0.06282
  -0.03131
  -0.03832
   0.06130
  -0.00967
  -0.05373
   0.05173
   0.01325
  -0.06209
   0.03536
   0.03442
  -0.06230
   0.01435
   0.05107
  -0.05432
  -0.00855
   0.06101
  -0.03921
  -0.03032
   0.06294
  -0.01895
  -0.04811
   0.05661
   0.00381
  -0.05958
   0.04283
   0.02606
  -0.06323
   0.02344
   0.04488
  -0.05857
   0.00096
   0.05782
  -0.04622
  -0.02164
   0.06316
  -0.02779
  -0.04140
   0.06020
  -0.00572
  -0.05572
   0.04934
   0.01710
  -0.06273
   0.03200
