   0.01200
   0.06010
  -0.02706
  -0.05332
   0.04043
   0.04319
  -0.05125
  -0.03034
   0.05886
   0.01559
  -0.06277
   0.00015
   0.06273
  -0.01587
  -0.05875
   0.03060
   0.05108
  -0.04340
  -0.04020
   0.05348
   0.02679
  -0.06020
  -0.01171
   0.06313
  -0.00412
  -0.06210
   0.01968
   0.05716
  -0.03401
  -0.04864
   0.04621
   0.03706
  -0.05549
  -0.02314
   0.06130
   0.00778
  -0.06325
   0.00807
   0.06122
  -0.02342
  -0.05535
   0.03729
   0.04600
  -0.04883
  -0.03376
   0.05729
   0.01940
  -0.06215
  -0.00382
   0.06311
  -0.01200
  -0.06010
   0.02706
   0.05332
  -0.04043
  -0.04319
   0.05125
   0.03034
  -0.05886
  -0.01559
   0.06277
  -0.00015
  -0.06273
   0.01587
   0.05875
  -0.03060
  -0.05108
   0.04340
   0.04020
  -0.05348
  -0.02679
   0.06020
   0.01171
  -0.06313
   0.00412
   0.06210
  -0.01968
  -0.05716
   0.03401
   0.04864
  -0.04621
  -0.03706
   0.05549
   0.02314
  -0.06130
  -0.00778
   0.06325
  -0.00807
  -0.06122
   0.02342
   0.05535
  -0.03729
  -0.04600
   0.04883
   0.03376
  -0.05729
  -0.01940
   0.06215
   0.00382
  -0.06311
   0.01200
   0.06010
  -0.02706
  -0.05332
   0.04043
   0.04319
  -0.05125
  -0.03034
   0.05886
   0.01559
  -0.06277
   0.00015
   0.06273
  -0.01587
  -0.05875
   0.03060
   0.05108
  -0.04340
  -0.04020
   0.05348
   0.02679
  -0.06020
  -0.01171
   0.06313
  -0.00412
  -0.06210
   0.01968
   0.05716
  -0.03401
  -0.04864
   0.04621
   0.03706
  -0.05549
  -0.02314
   0.06130
   0.00778
  -0.06325
   0.00807
   0.06122
  -0.02342
  -0.05535
   0.03729
   0.04600
  -0.04883
  -0.03376
   0.05729
   0.01940
  -0.06215
  -0.00382
   0.06311
  -0.01200
  -0.06010
   0.02706
   0.05332
  -0.04043
  -0.04319
   0.05125
   0.03034
  -0.05886
  -0.01559
   0.06277
  -0.00015
  -0.06273
   0.01587
   0.05875
  -0.03060
  -0.05108
   0.04340
   0.04020
  -0.05348
  -0.02679
   0.06020
   0.01171
  -0.06313
   0.00412
   0.06210
  -0.01968
  -0.05716
   0.03401
   0.04864
  -0.04621
  -0.03706
   0.05549
   0.02314
  -0.06130
  -0.00778
   0.06325
  -0.00807
  -0.06122
   0.02342
   0.05535
  -0.03729
  -0.04600
   0.04883
   0.03376
  -0.05729
  -0.01940
   0.06215
   0.00382
  -0.06311
   0.01200
   0.06010
  -0.02706
  -0.05332
   0.04043
   0.04319
  -0.05125
  -0.03034
   0.05886
   0.01559
  -0.06277
   0.00015
   0.06273
  -0.01587
  -0.05875
   0.03060
   0.05108
  -0.04340
  -0.04020
   0.05348
   0.02679
  -0.06020
  -0.01171
   0.06313
  -0.00412
  -0.06210
   0.01968
   0.05716
  -0.03401
  -0.04864
   0.04621
   0.03706
  -0.05549
  -0.02314
   0.06130
   0.00778
  -0.06325
   0.00807
   0.06122
  -0.02342
  -0.05535
   0.03729
   0.04600
  -0.04883
  -0.03376
   0.05729
   0.01940
  -0.06215
  -0.00382
   0.06311
  -0.01200
  -0.06010
   0.02706
   0.05332
  -0.04043
  -0.04319
   0.05125
   0.03034
  -0.05886
  -0.01559
   0.06277
  -0.00015
  -0.06273
   0.01587
   0.05875
  -0.03060
  -0.05108
   0.04340
   0.04020
  -0.05348
  -0.02679
   0.06020
   0.01171
  -0.06313
   0.00412
   0.06210
  -0.01968
  -0.05716
   0.03401
   0.04864
  -0.04621
  -0.03706
   0.05549
   0.02314
  -0.06130
  -0.00778
   0.06325
  -0.00807
  -0.06122
   0.02342
   0.05535
  -0.03729
  -0.04600
   0.04883
   0.03376
  -0.05729
  -0.01940
   0.06215
   0.00382
  -0.06311
   0.01200
   0.06010
  -0.02706
  -0.05332
   0.04043
   0.04319
  -0.05125
  -0.03034
   0.05886
   0.01559
  -0.06277
   0.00015
   0.06273
  -0.01587
  -0.05875
   0.03060
   0.05108
  -0.04340
  -0.04020
   0.05348
   0.02679
  -0.06020
  -0.01171
   0.06313
  -0.00412
  -0.06210
   0.01968
   0.05716
  -0.03401
  -0.04864
   0.04621
   0.03706
  -0.05549
  -0.02314
   0.06130
   0.00778
  -0.06325
   0.00807
   0.06122
  -0.02342
  -0.05535
   0.03729
   0.04600
  -0.04883
  -0.03376
   0.05729
   0.01940
  -0.06215
  -0.00382
   0.06311
  -0.01200
  -0.06010
   0.02706
   0.05332
  -0.04043
  -0.04319
   0.05125
   0.03034
  -0.05886
  -0.01559
   0.06277
  -0.00015
  -0.06273
   0.01587
   0.05875
  -0.03060
  -0.05108
   0.04340
   0.04020
  -0.05348
  -0.02679
   0.06020
   0.01171
  -0.06313
   0.00412
   0.06210
  -0.01968
  -0.05716
   0.03401
   0.04864
  -0.04621
  -0.03706
   0.05549
   0.02314
  -0.06130
  -0.00778
   0.06325
  -0.00807
  -0.06122
   0.02342
   0.05535
  -0.03729
  -0.04600
   0.04883
   0.03376
  -0.05729
  -0.01940
   0.06215
   0.00382
  -0.06311
   0.01200
   0.06010
  -0.02706
  -0.05332
   0.04043
   0.04319
  -0.05125
  -0.03034
   0.05886
   0.01559
  -0.06277
   0.00015
   0.06273
  -0.01587
  -0.05875
   0.03060
   0.05108
  -0.04340
  -0.04020
   0.05348
   0.02679
  -0.06020
  -0.01171
   0.06313
  -0.00412
  -0.06210
   0.01968
   0.05716
  -0.03401
  -0.04864
   0.04621
   0.03706
  -0.05549
  -0.02314
   0.06130
   0.00778
  -0.06325
   0.00807
   0.06122
  -0.02342
  -0.05535
   0.03729
   0.04600
  -0.04883
  -0.03376
   0.05729
   0.01940
  -0.06215
  -0.00382
   0.06311
  -0.01200
  -0.06010
   0.02706
   0.05332
  -0.04043
  -0.04319
   0.05125
   0.03034
  -0.05886
  -0.01559
   0.06277
  -0.00015
  -0.06273
   0.01587
   0.05875
  -0.03060
  -0.05108
   0.04340
   0.04020
  -0.05348
  -0.02679
   0.06020
   0.01171
  -0.06313
   0.00412
   0.06210
  -0.01968
  -0.05716
   0.03401
   0.04864
  -0.04621
  -0.03706
   0.05549
   0.02314
  -0.06130
  -0.00778
   0.06325
  -0.00807
  -0.06122
   0.02342
   0.05535
  -0.03729
  -0.04600
   0.04883
   0.03376
  -0.05729
  -0.01940
   0.06215
   0.00382
  -0.06311
