  -0.06232
   0.05999
  -0.05629
   0.05132
  -0.04519
   0.03803
  -0.03001
   0.02130
  -0.01211
   0.00265
   0.00687
  -0.01624
   0.02524
  -0.03366
   0.04132
  -0.04805
   0.05368
  -0.05810
   0.06119
  -0.06290
   0.06318
  -0.06202
   0.05946
  -0.05555
   0.05038
  -0.04406
   0.03675
  -0.02860
   0.01980
  -0.01055
   0.00106
   0.00845
  -0.01777
   0.02669
  -0.03500
   0.04251
  -0.04907
   0.05450
  -0.05871
   0.06157
  -0.06305
   0.06309
  -0.06169
   0.05890
  -0.05477
   0.04940
  -0.04291
   0.03544
  -0.02717
   0.01828
  -0.00898
  -0.00053
   0.01002
  -0.01929
   0.02812
  -0.03631
   0.04368
  -0.05005
   0.05529
  -0.05928
   0.06192
  -0.06315
   0.06295
  -0.06132
   0.05830
  -0.05396
   0.04839
  -0.04173
   0.03411
  -0.02573
   0.01676
  -0.00740
  -0.00212
   0.01159
  -0.02080
   0.02953
  -0.03760
   0.04481
  -0.05101
   0.05605
  -0.05981
   0.06222
  -0.06322
   0.06278
  -0.06092
   0.05767
  -0.05312
   0.04736
  -0.04052
   0.03277
  -0.02427
   0.01522
  -0.00582
  -0.00370
   0.01315
  -0.02229
   0.03093
  -0.03887
   0.04592
  -0.05193
   0.05677
  -0.06031
   0.06249
  -0.06324
   0.06257
  -0.06047
   0.05700
  -0.05224
   0.04629
  -0.03929
   0.03140
  -0.02279
   0.01367
  -0.00424
  -0.00529
   0.01470
  -0.02377
   0.03231
  -0.04011
   0.04700
  -0.05282
   0.05745
  -0.06077
   0.06271
  -0.06323
   0.06232
  -0.05999
   0.05629
  -0.05132
   0.04519
  -0.03803
   0.03001
  -0.02130
   0.01211
  -0.00265
  -0.00687
   0.01624
  -0.02524
   0.03366
  -0.04132
   0.04805
  -0.05368
   0.05810
  -0.06119
   0.06290
  -0.06318
   0.06202
  -0.05946
   0.05555
  -0.05038
   0.04406
  -0.03675
   0.02860
  -0.01980
   0.01055
  -0.00106
  -0.00845
   0.01777
  -0.02669
   0.03500
  -0.04251
   0.04907
  -0.05450
   0.05871
  -0.06157
   0.06305
  -0.06309
   0.06169
  -0.05890
   0.05477
  -0.04940
   0.04291
  -0.03544
   0.02717
  -0.01828
   0.00898
   0.00053
  -0.01002
   0.01929
  -0.02812
   0.03631
  -0.04368
   0.05005
  -0.05529
   0.05928
  -0.06192
   0.06315
  -0.06295
   0.06132
  -0.05830
   0.05396
  -0.04839
   0.04173
  -0.03411
   0.02573
  -0.01676
   0.00740
   0.00212
  -0.01159
   0.02080
  -0.02953
   0.03760
  -0.04481
   0.05101
  -0.05605
   0.05981
  -0.06222
   0.06322
  -0.06278
   0.06092
  -0.05767
   0.05312
  -0.04736
   0.04052
  -0.03277
   0.02427
  -0.01522
   0.00582
   0.00370
  -0.01315
   0.02229
  -0.03093
   0.03887
  -0.04592
   0.05193
  -0.05677
   0.06031
  -0.06249
   0.06324
  -0.06257
   0.06047
  -0.05700
   0.05224
  -0.04629
   0.03929
  -0.03140
   0.02279
  -0.01367
   0.00424
   0.00529
  -0.01470
   0.02377
  -0.03231
   0.04011
  -0.04700
   0.05282
  -0.05745
   0.06077
  -0.06271
   0.06323
  -0.06232
   0.05999
  -0.05629
   0.05132
  -0.04519
   0.03803
  -0.03001
   0.02130
  -0.01211
   0.00265
   0.00687
  -0.01624
   0.02524
  -0.03366
   0.04132
  -0.04805
   0.05368
  -0.05810
   0.06119
  -0.06290
   0.06318
  -0.06202
   0.05946
  -0.05555
   0.05038
  -0.04406
   0.03675
  -0.02860
   0.01980
  -0.01055
   0.00106
   0.00845
  -0.01777
   0.02669
  -0.03500
   0.04251
  -0.04907
   0.05450
  -0.05871
   0.06157
  -0.06305
   0.06309
  -0.06169
   0.05890
  -0.05477
   0.04940
  -0.04291
   0.03544
  -0.02717
   0.01828
  -0.00898
  -0.00053
   0.01002
  -0.01929
   0.02812
  -0.03631
   0.04368
  -0.05005
   0.05529
  -0.05928
   0.06192
  -0.06315
   0.06295
  -0.06132
   0.05830
  -0.05396
   0.04839
  -0.04173
   0.03411
  -0.02573
   0.01676
  -0.00740
  -0.00212
   0.01159
  -0.02080
   0.02953
  -0.03760
   0.04481
  -0.05101
   0.05605
  -0.05981
   0.06222
  -0.06322
   0.06278
  -0.06092
   0.05767
  -0.05312
   0.04736
  -0.04052
   0.03277
  -0.02427
   0.01522
  -0.00582
  -0.00370
   0.01315
  -0.02229
   0.03093
  -0.03887
   0.04592
  -0.05193
   0.05677
  -0.06031
   0.06249
  -0.06324
   0.06257
  -0.06047
   0.05700
  -0.05224
   0.04629
  -0.03929
   0.03140
  -0.02279
   0.01367
  -0.00424
  -0.00529
   0.01470
  -0.02377
   0.03231
  -0.04011
   0.04700
  -0.05282
   0.05745
  -0.06077
   0.06271
  -0.06323
   0.06232
  -0.05999
   0.05629
  -0.05132
   0.04519
  -0.03803
   0.03001
  -0.02130
   0.01211
  -0.00265
  -0.00687
   0.01624
  -0.02524
   0.03366
  -0.04132
   0.04805
  -0.05368
   0.05810
  -0.06119
   0.06290
  -0.06318
   0.06202
  -0.05946
   0.05555
  -0.05038
   0.04406
  -0.03675
   0.02860
  -0.01980
   0.01055
  -0.00106
  -0.00845
   0.01777
  -0.02669
   0.03500
  -0.04251
   0.04907
  -0.05450
   0.05871
  -0.06157
   0.06305
  -0.06309
   0.06169
  -0.05890
   0.05477
  -0.04940
   0.04291
  -0.03544
   0.02717
  -0.01828
   0.00898
   0.00053
  -0.01002
   0.01929
  -0.02812
   0.03631
  -0.04368
   0.05005
  -0.05529
   0.05928
  -0.06192
   0.06315
  -0.06295
   0.06132
  -0.05830
   0.05396
  -0.04839
   0.04173
  -0.03411
   0.02573
  -0.01676
   0.00740
   0.00212
  -0.01159
   0.02080
  -0.02953
   0.03760
  -0.04481
   0.05101
  -0.05605
   0.05981
  -0.06222
   0.06322
  -0.06278
   0.06092
  -0.05767
   0.05312
  -0.04736
   0.04052
  -0.03277
   0.02427
  -0.01522
   0.00582
   0.00370
  -0.01315
   0.02229
  -0.03093
   0.03887
  -0.04592
   0.05193
  -0.05677
   0.06031
  -0.06249
   0.06324
  -0.06257
   0.06047
  -0.05700
   0.05224
  -0.04629
   0.03929
  -0.03140
   0.02279
  -0.01367
   0.00424
   0.00529
  -0.01470
   0.02377
  -0.03231
   0.04011
  -0.04700
   0.05282
  -0.05745
   0.06077
  -0.06271
   0.06323
