   0.02486
  -0.05077
   0.06285
  -0.05784
   0.03708
  -0.00623
  -0.02631
   0.05170
  -0.06301
   0.05718
  -0.03578
   0.00465
   0.02775
  -0.05260
   0.06313
  -0.05648
   0.03446
  -0.00306
  -0.02917
   0.05346
  -0.06320
   0.05575
  -0.03311
   0.00147
   0.03057
  -0.05430
   0.06324
  -0.05498
   0.03175
   0.00012
  -0.03195
   0.05509
  -0.06324
   0.05417
  -0.03037
  -0.00171
   0.03332
  -0.05586
   0.06320
  -0.05334
   0.02896
   0.00330
  -0.03466
   0.05658
  -0.06311
   0.05247
  -0.02754
  -0.00488
   0.03597
  -0.05728
   0.06299
  -0.05156
   0.02610
   0.00646
  -0.03727
   0.05793
  -0.06283
   0.05062
  -0.02464
  -0.00804
   0.03854
  -0.05855
   0.06263
  -0.04966
   0.02317
   0.00962
  -0.03979
   0.05913
  -0.06238
   0.04866
  -0.02169
  -0.01119
   0.04101
  -0.05968
   0.06210
  -0.04763
   0.02019
   0.01275
  -0.04221
   0.06019
  -0.06178
   0.04656
  -0.01867
  -0.01430
   0.04338
  -0.06066
   0.06142
  -0.04547
   0.01715
   0.01584
  -0.04452
   0.06109
  -0.06103
   0.04436
  -0.01561
  -0.01738
   0.04564
  -0.06148
   0.06059
  -0.04321
   0.01407
   0.01890
  -0.04672
   0.06183
  -0.06011
   0.04203
  -0.01252
  -0.02041
   0.04778
  -0.06215
   0.05960
  -0.04083
   0.01095
   0.02191
  -0.04881
   0.06242
  -0.05905
   0.03961
  -0.00938
  -0.02339
   0.04980
  -0.06266
   0.05846
  -0.03836
   0.00781
   0.02486
  -0.05077
   0.06285
  -0.05784
   0.03708
  -0.00623
  -0.02631
   0.05170
  -0.06301
   0.05718
  -0.03578
   0.00465
   0.02775
  -0.05260
   0.06313
  -0.05648
   0.03446
  -0.00306
  -0.02917
   0.05346
  -0.06320
   0.05575
  -0.03311
   0.00147
   0.03057
  -0.05430
   0.06324
  -0.05498
   0.03175
   0.00012
  -0.03195
   0.05509
  -0.06324
   0.05417
  -0.03037
  -0.00171
   0.03332
  -0.05586
   0.06320
  -0.05334
   0.02896
   0.00330
  -0.03466
   0.05658
  -0.06311
   0.05247
  -0.02754
  -0.00488
   0.03597
  -0.05728
   0.06299
  -0.05156
   0.02610
   0.00646
  -0.03727
   0.05793
  -0.06283
   0.05062
  -0.02464
  -0.00804
   0.03854
  -0.05855
   0.06263
  -0.04966
   0.02317
   0.00962
  -0.03979
   0.05913
  -0.06238
   0.04866
  -0.02169
  -0.01119
   0.04101
  -0.05968
   0.06210
  -0.04763
   0.02019
   0.01275
  -0.04221
   0.06019
  -0.06178
   0.04656
  -0.01867
  -0.01430
   0.04338
  -0.06066
   0.06142
  -0.04547
   0.01715
   0.01584
  -0.04452
   0.06109
  -0.06103
   0.04436
  -0.01561
  -0.01738
   0.04564
  -0.06148
   0.06059
  -0.04321
   0.01407
   0.01890
  -0.04672
   0.06183
  -0.06011
   0.04203
  -0.01252
  -0.02041
   0.04778
  -0.06215
   0.05960
  -0.04083
   0.01095
   0.02191
  -0.04881
   0.06242
  -0.05905
   0.03961
  -0.00938
  -0.02339
   0.04980
  -0.06266
   0.05846
  -0.03836
   0.00781
   0.02486
  -0.05077
   0.06285
  -0.05784
   0.03708
  -0.00623
  -0.02631
   0.05170
  -0.06301
   0.05718
  -0.03578
   0.00465
   0.02775
  -0.05260
   0.06313
  -0.05648
   0.03446
  -0.00306
  -0.02917
   0.05346
  -0.06320
   0.05575
  -0.03311
   0.00147
   0.03057
  -0.05430
   0.06324
  -0.05498
   0.03175
   0.00012
  -0.03195
   0.05509
  -0.06324
   0.05417
  -0.03037
  -0.00171
   0.03332
  -0.05586
   0.06320
  -0.05334
   0.02896
   0.00330
  -0.03466
   0.05658
  -0.06311
   0.05247
  -0.02754
  -0.00488
   0.03597
  -0.05728
   0.06299
  -0.05156
   0.02610
   0.00646
  -0.03727
   0.05793
  -0.06283
   0.05062
  -0.02464
  -0.00804
   0.03854
  -0.05855
   0.06263
  -0.04966
   0.02317
   0.00962
  -0.03979
   0.05913
  -0.06238
   0.04866
  -0.02169
  -0.01119
   0.04101
  -0.05968
   0.06210
  -0.04763
   0.02019
   0.01275
  -0.04221
   0.06019
  -0.06178
   0.04656
  -0.01867
  -0.01430
   0.04338
  -0.06066
   0.06142
  -0.04547
   0.01715
   0.01584
  -0.04452
   0.06109
  -0.06103
   0.04436
  -0.01561
  -0.01738
   0.04564
  -0.06148
   0.06059
  -0.04321
   0.01407
   0.01890
  -0.04672
   0.06183
  -0.06011
   0.04203
  -0.01252
  -0.02041
   0.04778
  -0.06215
   0.05960
  -0.04083
   0.01095
   0.02191
  -0.04881
   0.06242
  -0.05905
   0.03961
  -0.00938
  -0.02339
   0.04980
  -0.06266
   0.05846
  -0.03836
   0.00781
   0.02486
  -0.05077
   0.06285
  -0.05784
   0.03708
  -0.00623
  -0.02631
   0.05170
  -0.06301
   0.05718
  -0.03578
   0.00465
   0.02775
  -0.05260
   0.06313
  -0.05648
   0.03446
  -0.00306
  -0.02917
   0.05346
  -0.06320
   0.05575
  -0.03311
   0.00147
   0.03057
  -0.05430
   0.06324
  -0.05498
   0.03175
   0.00012
  -0.03195
   0.05509
  -0.06324
   0.05417
  -0.03037
  -0.00171
   0.03332
  -0.05586
   0.06320
  -0.05334
   0.02896
   0.00330
  -0.03466
   0.05658
  -0.06311
   0.05247
  -0.02754
  -0.00488
   0.03597
  -0.05728
   0.06299
  -0.05156
   0.02610
   0.00646
  -0.03727
   0.05793
  -0.06283
   0.05062
  -0.02464
  -0.00804
   0.03854
  -0.05855
   0.06263
  -0.04966
   0.02317
   0.00962
  -0.03979
   0.05913
  -0.06238
   0.04866
  -0.02169
  -0.01119
   0.04101
  -0.05968
   0.06210
  -0.04763
   0.02019
   0.01275
  -0.04221
   0.06019
  -0.06178
   0.04656
  -0.01867
  -0.01430
   0.04338
  -0.06066
   0.06142
  -0.04547
   0.01715
   0.01584
  -0.04452
   0.06109
  -0.06103
   0.04436
  -0.01561
  -0.01738
   0.04564
  -0.06148
   0.06059
  -0.04321
   0.01407
   0.01890
  -0.04672
   0.06183
  -0.06011
   0.04203
  -0.01252
  -0.02041
   0.04778
  -0.06215
   0.05960
  -0.04083
   0.01095
   0.02191
  -0.04881
   0.06242
  -0.05905
   0.03961
  -0.00938
  -0.02339
   0.04980
  -0.06266
   0.05846
  -0.03836
   0.00781
