  -0.04778
  -0.05458
   0.01274
   0.06276
   0.02754
  -0.04508
  -0.05648
   0.00883
   0.06215
   0.03107
  -0.04221
  -0.05816
   0.00488
   0.06129
   0.03446
  -0.03916
  -0.05960
   0.00091
   0.06018
   0.03772
  -0.03597
  -0.06081
  -0.00307
   0.05885
   0.04084
  -0.03263
  -0.06178
  -0.00703
   0.05727
   0.04379
  -0.02917
  -0.06251
  -0.01096
   0.05548
   0.04657
  -0.02558
  -0.06299
  -0.01485
   0.05346
   0.04916
  -0.02190
  -0.06322
  -0.01868
   0.05123
   0.05157
  -0.01813
  -0.06320
  -0.02244
   0.04880
   0.05376
  -0.01429
  -0.06294
  -0.02611
   0.04618
   0.05575
  -0.01040
  -0.06242
  -0.02967
   0.04338
   0.05751
  -0.00646
  -0.06166
  -0.03312
   0.04040
   0.05905
  -0.00250
  -0.06065
  -0.03644
   0.03727
   0.06036
   0.00148
  -0.05941
  -0.03961
   0.03398
   0.06142
   0.00544
  -0.05793
  -0.04263
   0.03057
   0.06225
   0.00939
  -0.05622
  -0.04548
   0.02703
   0.06283
   0.01330
  -0.05429
  -0.04815
   0.02339
   0.06316
   0.01716
  -0.05215
  -0.05063
   0.01965
   0.06324
   0.02094
  -0.04980
  -0.05291
   0.01584
   0.06307
   0.02465
  -0.04725
  -0.05498
   0.01196
   0.06266
   0.02826
  -0.04452
  -0.05683
   0.00804
   0.06199
   0.03176
  -0.04161
  -0.05846
   0.00408
   0.06109
   0.03513
  -0.03854
  -0.05986
   0.00011
   0.05994
   0.03836
  -0.03531
  -0.06103
  -0.00386
   0.05855
   0.04144
  -0.03195
  -0.06195
  -0.00782
   0.05693
   0.04436
  -0.02846
  -0.06263
  -0.01174
   0.05509
   0.04710
  -0.02486
  -0.06306
  -0.01562
   0.05303
   0.04966
  -0.02115
  -0.06324
  -0.01944
   0.05076
   0.05202
  -0.01737
  -0.06317
  -0.02318
   0.04829
   0.05418
  -0.01352
  -0.06285
  -0.02683
   0.04563
   0.05612
  -0.00961
  -0.06229
  -0.03037
   0.04279
   0.05784
  -0.00567
  -0.06148
  -0.03379
   0.03979
   0.05933
  -0.00170
  -0.06042
  -0.03708
   0.03662
   0.06059
   0.00227
  -0.05913
  -0.04023
   0.03331
   0.06161
   0.00624
  -0.05761
  -0.04321
   0.02987
   0.06239
   0.01018
  -0.05585
  -0.04603
   0.02631
   0.06291
   0.01407
  -0.05388
  -0.04866
   0.02265
   0.06320
   0.01792
  -0.05169
  -0.05110
   0.01889
   0.06323
   0.02169
  -0.04930
  -0.05334
   0.01507
   0.06301
   0.02538
  -0.04672
  -0.05537
   0.01118
   0.06254
   0.02897
  -0.04395
  -0.05718
   0.00725
   0.06183
   0.03244
  -0.04101
  -0.05876
   0.00329
   0.06087
   0.03578
  -0.03790
  -0.06012
  -0.00068
   0.05968
   0.03899
  -0.03465
  -0.06123
  -0.00465
   0.05824
   0.04204
  -0.03126
  -0.06210
  -0.00860
   0.05658
   0.04492
  -0.02775
  -0.06273
  -0.01252
   0.05470
   0.04763
  -0.02412
  -0.06311
  -0.01639
   0.05259
   0.05015
  -0.02040
  -0.06325
  -0.02019
   0.05028
   0.05247
  -0.01661
  -0.06313
  -0.02392
   0.04778
   0.05458
  -0.01274
  -0.06276
  -0.02754
   0.04508
   0.05648
  -0.00883
  -0.06215
  -0.03107
   0.04221
   0.05816
  -0.00488
  -0.06129
  -0.03446
   0.03916
   0.05960
  -0.00091
  -0.06018
  -0.03772
   0.03597
   0.06081
   0.00307
  -0.05885
  -0.04084
   0.03263
   0.06178
   0.00703
  -0.05727
  -0.04379
   0.02917
   0.06251
   0.01096
  -0.05548
  -0.04657
   0.02558
   0.06299
   0.01485
  -0.05346
  -0.04916
   0.02190
   0.06322
   0.01868
  -0.05123
  -0.05157
   0.01813
   0.06320
   0.02244
  -0.04880
  -0.05376
   0.01429
   0.06294
   0.02611
  -0.04618
  -0.05575
   0.01040
   0.06242
   0.02967
  -0.04338
  -0.05751
   0.00646
   0.06166
   0.03312
  -0.04040
  -0.05905
   0.00250
   0.06065
   0.03644
  -0.03727
  -0.06036
  -0.00148
   0.05941
   0.03961
  -0.03398
  -0.06142
  -0.00544
   0.05793
   0.04263
  -0.03057
  -0.06225
  -0.00939
   0.05622
   0.04548
  -0.02703
  -0.06283
  -0.01330
   0.05429
   0.04815
  -0.02339
  -0.06316
  -0.01716
   0.05215
   0.05063
  -0.01965
  -0.06324
  -0.02094
   0.04980
   0.05291
  -0.01584
  -0.06307
  -0.02465
   0.04725
   0.05498
  -0.01196
  -0.06266
  -0.02826
   0.04452
   0.05683
  -0.00804
  -0.06199
  -0.03176
   0.04161
   0.05846
  -0.00408
  -0.06109
  -0.03513
   0.03854
   0.05986
  -0.00011
  -0.05994
  -0.03836
   0.03531
   0.06103
   0.00386
  -0.05855
  -0.04144
   0.03195
   0.06195
   0.00782
  -0.05693
  -0.04436
   0.02846
   0.06263
   0.01174
  -0.05509
  -0.04710
   0.02486
   0.06306
   0.01562
  -0.05303
  -0.04966
   0.02115
   0.06324
   0.01944
  -0.05076
  -0.05202
   0.01737
   0.06317
   0.02318
  -0.04829
  -0.05418
   0.01352
   0.06285
   0.02683
  -0.04563
  -0.05612
   0.00961
   0.06229
   0.03037
  -0.04279
  -0.05784
   0.00567
   0.06148
   0.03379
  -0.03979
  -0.05933
   0.00170
   0.06042
   0.03708
  -0.03662
  -0.06059
  -0.00227
   0.05913
   0.04023
  -0.03331
  -0.06161
  -0.00624
   0.05761
   0.04321
  -0.02987
  -0.06239
  -0.01018
   0.05585
   0.04603
  -0.02631
  -0.06291
  -0.01407
   0.05388
   0.04866
  -0.02265
  -0.06320
  -0.01792
   0.05169
   0.05110
  -0.01889
  -0.06323
  -0.02169
   0.04930
   0.05334
  -0.01507
  -0.06301
  -0.02538
   0.04672
   0.05537
  -0.01118
  -0.06254
  -0.02897
   0.04395
   0.05718
  -0.00725
  -0.06183
  -0.03244
   0.04101
   0.05876
  -0.00329
  -0.06087
  -0.03578
   0.03790
   0.06012
   0.00068
  -0.05968
  -0.03899
   0.03465
   0.06123
   0.00465
  -0.05824
  -0.04204
   0.03126
   0.06210
   0.00860
  -0.05658
  -0.04492
   0.02775
   0.06273
   0.01252
  -0.05470
  -0.04763
   0.02412
   0.06311
   0.01639
  -0.05259
  -0.05015
   0.02040
   0.06325
   0.02019
  -0.05028
  -0.05247
   0.01661
   0.06313
   0.02392
