  -0.06183
   0.02018
   0.05728
  -0.03311
  -0.04980
   0.04435
   0.03979
  -0.05334
  -0.02775
   0.05960
   0.01430
  -0.06283
  -0.00012
   0.06286
  -0.01407
  -0.05968
   0.02754
   0.05346
  -0.03960
  -0.04453
   0.04965
   0.03332
  -0.05717
  -0.02041
   0.06178
   0.00647
  -0.06324
   0.00781
   0.06148
  -0.02168
  -0.05659
   0.03446
   0.04881
  -0.04547
  -0.03854
   0.05417
   0.02632
  -0.06011
  -0.01275
   0.06299
  -0.00147
  -0.06266
   0.01561
   0.05914
  -0.02896
  -0.05260
   0.04083
   0.04338
  -0.05062
  -0.03196
   0.05784
   0.01890
  -0.06210
  -0.00488
   0.06321
  -0.00938
  -0.06109
   0.02317
   0.05586
  -0.03578
  -0.04778
   0.04656
   0.03727
  -0.05498
  -0.02486
   0.06059
   0.01119
  -0.06311
   0.00306
   0.06242
  -0.01715
  -0.05855
   0.03036
   0.05170
  -0.04203
  -0.04221
   0.05156
   0.03057
  -0.05846
  -0.01738
   0.06238
   0.00330
  -0.06313
   0.01095
   0.06066
  -0.02464
  -0.05509
   0.03708
   0.04673
  -0.04762
  -0.03598
   0.05574
   0.02339
  -0.06102
  -0.00962
   0.06320
  -0.00464
  -0.06215
   0.01867
   0.05793
  -0.03175
  -0.05077
   0.04321
   0.04102
  -0.05246
  -0.02917
   0.05905
   0.01585
  -0.06263
  -0.00171
   0.06301
  -0.01251
  -0.06019
   0.02610
   0.05430
  -0.03835
  -0.04564
   0.04865
   0.03466
  -0.05648
  -0.02191
   0.06142
   0.00805
  -0.06324
   0.00623
   0.06183
  -0.02018
  -0.05728
   0.03311
   0.04980
  -0.04435
  -0.03979
   0.05334
   0.02775
  -0.05960
  -0.01430
   0.06283
   0.00012
  -0.06286
   0.01407
   0.05968
  -0.02754
  -0.05346
   0.03960
   0.04453
  -0.04965
  -0.03332
   0.05717
   0.02041
  -0.06178
  -0.00647
   0.06324
  -0.00781
  -0.06148
   0.02168
   0.05659
  -0.03446
  -0.04881
   0.04547
   0.03854
  -0.05417
  -0.02632
   0.06011
   0.01275
  -0.06299
   0.00147
   0.06266
  -0.01561
  -0.05914
   0.02896
   0.05260
  -0.04083
  -0.04338
   0.05062
   0.03196
  -0.05784
  -0.01890
   0.06210
   0.00488
  -0.06321
   0.00938
   0.06109
  -0.02317
  -0.05586
   0.03578
   0.04778
  -0.04656
  -0.03727
   0.05498
   0.02486
  -0.06059
  -0.01119
   0.06311
  -0.00306
  -0.06242
   0.01715
   0.05855
  -0.03036
  -0.05170
   0.04203
   0.04221
  -0.05156
  -0.03057
   0.05846
   0.01738
  -0.06238
  -0.00330
   0.06313
  -0.01095
  -0.06066
   0.02464
   0.05509
  -0.03708
  -0.04673
   0.04762
   0.03598
  -0.05574
  -0.02339
   0.06102
   0.00962
  -0.06320
   0.00464
   0.06215
  -0.01867
  -0.05793
   0.03175
   0.05077
  -0.04321
  -0.04102
   0.05246
   0.02917
  -0.05905
  -0.01585
   0.06263
   0.00171
  -0.06301
   0.01251
   0.06019
  -0.02610
  -0.05430
   0.03835
   0.04564
  -0.04865
  -0.03466
   0.05648
   0.02191
  -0.06142
  -0.00805
   0.06324
  -0.00623
  -0.06183
   0.02018
   0.05728
  -0.03311
  -0.04980
   0.04435
   0.03979
  -0.05334
  -0.02775
   0.05960
   0.01430
  -0.06283
  -0.00012
   0.06286
  -0.01407
  -0.05968
   0.02754
   0.05346
  -0.03960
  -0.04453
   0.04965
   0.03332
  -0.05717
  -0.02041
   0.06178
   0.00647
  -0.06324
   0.00781
   0.06148
  -0.02168
  -0.05659
   0.03446
   0.04881
  -0.04547
  -0.03854
   0.05417
   0.02632
  -0.06011
  -0.01275
   0.06299
  -0.00147
  -0.06266
   0.01561
   0.05914
  -0.02896
  -0.05260
   0.04083
   0.04338
  -0.05062
  -0.03196
   0.05784
   0.01890
  -0.06210
  -0.00488
   0.06321
  -0.00938
  -0.06109
   0.02317
   0.05586
  -0.03578
  -0.04778
   0.04656
   0.03727
  -0.05498
  -0.02486
   0.06059
   0.01119
  -0.06311
   0.00306
   0.06242
  -0.01715
  -0.05855
   0.03036
   0.05170
  -0.04203
  -0.04221
   0.05156
   0.03057
  -0.05846
  -0.01738
   0.06238
   0.00330
  -0.06313
   0.01095
   0.06066
  -0.02464
  -0.05509
   0.03708
   0.04673
  -0.04762
  -0.03598
   0.05574
   0.02339
  -0.06102
  -0.00962
   0.06320
  -0.00464
  -0.06215
   0.01867
   0.05793
  -0.03175
  -0.05077
   0.04321
   0.04102
  -0.05246
  -0.02917
   0.05905
   0.01585
  -0.06263
  -0.00171
   0.06301
  -0.01251
  -0.06019
   0.02610
   0.05430
  -0.03835
  -0.04564
   0.04865
   0.03466
  -0.05648
  -0.02191
   0.06142
   0.00805
  -0.06324
   0.00623
   0.06183
  -0.02018
  -0.05728
   0.03311
   0.04980
  -0.04435
  -0.03979
   0.05334
   0.02775
  -0.05960
  -0.01430
   0.06283
   0.00012
  -0.06286
   0.01407
   0.05968
  -0.02754
  -0.05346
   0.03960
   0.04453
  -0.04965
  -0.03332
   0.05717
   0.02041
  -0.06178
  -0.00647
   0.06324
  -0.00781
  -0.06148
   0.02168
   0.05659
  -0.03446
  -0.04881
   0.04547
   0.03854
  -0.05417
  -0.02632
   0.06011
   0.01275
  -0.06299
   0.00147
   0.06266
  -0.01561
  -0.05914
   0.02896
   0.05260
  -0.04083
  -0.04338
   0.05062
   0.03196
  -0.05784
  -0.01890
   0.06210
   0.00488
  -0.06321
   0.00938
   0.06109
  -0.02317
  -0.05586
   0.03578
   0.04778
  -0.04656
  -0.03727
   0.05498
   0.02486
  -0.06059
  -0.01119
   0.06311
  -0.00306
  -0.06242
   0.01715
   0.05855
  -0.03036
  -0.05170
   0.04203
   0.04221
  -0.05156
  -0.03057
   0.05846
   0.01738
  -0.06238
  -0.00330
   0.06313
  -0.01095
  -0.06066
   0.02464
   0.05509
  -0.03708
  -0.04673
   0.04762
   0.03598
  -0.05574
  -0.02339
   0.06102
   0.00962
  -0.06320
   0.00464
   0.06215
  -0.01867
  -0.05793
   0.03175
   0.05077
  -0.04321
  -0.04102
   0.05246
   0.02917
  -0.05905
  -0.01585
   0.06263
   0.00171
  -0.06301
   0.01251
   0.06019
  -0.02610
  -0.05430
   0.03835
   0.04564
  -0.04865
  -0.03466
   0.05648
   0.02191
  -0.06142
  -0.00805
   0.06324
  -0.00623
