  -0.02562
  -0.04708
   0.05471
   0.01326
  -0.06291
   0.02562
   0.04708
  -0.05471
  -0.01326
   0.06291
  -0.02562
  -0.04708
   0.05471
   0.01326
  -0.06291
   0.02562
   0.04708
  -0.05471
  -0.01326
   0.06291
  -0.02562
  -0.04708
   0.05471
   0.01326
  -0.06291
   0.02562
   0.04708
  -0.05471
  -0.01326
   0.06291
  -0.02562
  -0.04708
   0.05471
   0.01326
  -0.06291
   0.02562
   0.04708
  -0.05471
  -0.01326
   0.06291
  -0.02562
  -0.04708
   0.05471
   0.01326
  -0.06291
   0.02562
   0.04708
  -0.05471
  -0.01326
   0.06291
  -0.02562
  -0.04708
   0.05471
   0.01326
  -0.06291
   0.02562
   0.04708
  -0.05471
  -0.01326
   0.06291
  -0.02562
  -0.04708
   0.05471
   0.01326
  -0.06291
   0.02562
   0.04708
  -0.05471
  -0.01326
   0.06291
  -0.02562
  -0.04708
   0.05471
   0.01326
  -0.06291
   0.02562
   0.04708
  -0.05471
  -0.01326
   0.06291
  -0.02562
  -0.04708
   0.05471
   0.01326
  -0.06291
   0.02562
   0.04708
  -0.05471
  -0.01326
   0.06291
  -0.02562
  -0.04708
   0.05471
   0.01326
  -0.06291
   0.02562
   0.04708
  -0.05471
  -0.01326
   0.06291
  -0.02562
  -0.04708
   0.05471
   0.01326
  -0.06291
   0.02562
   0.04708
  -0.05471
  -0.01326
   0.06291
  -0.02562
  -0.04708
   0.05471
   0.01326
  -0.06291
   0.02562
   0.04708
  -0.05471
  -0.01326
   0.06291
  -0.02562
  -0.04708
   0.05471
   0.01326
  -0.06291
   0.02562
   0.04708
  -0.05471
  -0.01326
   0.06291
  -0.02562
  -0.04708
   0.05471
   0.01326
  -0.06291
   0.02562
   0.04708
  -0.05471
  -0.01326
   0.06291
  -0.02562
  -0.04708
   0.05471
   0.01326
  -0.06291
   0.02562
   0.04708
  -0.05471
  -0.01326
   0.06291
  -0.02562
  -0.04708
   0.05471
   0.01326
  -0.06291
   0.02562
   0.04708
  -0.05471
  -0.01326
   0.06291
  -0.02562
  -0.04708
   0.05471
   0.01326
  -0.06291
   0.02562
   0.04708
  -0.05471
  -0.01326
   0.06291
  -0.02562
  -0.04708
   0.05471
   0.01326
  -0.06291
   0.02562
   0.04708
  -0.05471
  -0.01326
   0.06291
  -0.02562
  -0.04708
   0.05471
   0.01326
  -0.06291
   0.02562
   0.04708
  -0.05471
  -0.01326
   0.06291
  -0.02562
  -0.04708
   0.05471
   0.01326
  -0.06291
   0.02562
   0.04708
  -0.05471
  -0.01326
   0.06291
  -0.02562
  -0.04708
   0.05471
   0.01326
  -0.06291
   0.02562
   0.04708
  -0.05471
  -0.01326
   0.06291
  -0.02562
  -0.04708
   0.05471
   0.01326
  -0.06291
   0.02562
   0.04708
  -0.05471
  -0.01326
   0.06291
  -0.02562
  -0.04708
   0.05471
   0.01326
  -0.06291
   0.02562
   0.04708
  -0.05471
  -0.01326
   0.06291
  -0.02562
  -0.04708
   0.05471
   0.01326
  -0.06291
   0.02562
   0.04708
  -0.05471
  -0.01326
   0.06291
  -0.02562
  -0.04708
   0.05471
   0.01326
  -0.06291
   0.02562
   0.04708
  -0.05471
  -0.01326
   0.06291
  -0.02562
  -0.04708
   0.05471
   0.01326
  -0.06291
   0.02562
   0.04708
  -0.05471
  -0.01326
   0.06291
  -0.02562
  -0.04708
   0.05471
   0.01326
  -0.06291
   0.02562
   0.04708
  -0.05471
  -0.01326
   0.06291
  -0.02562
  -0.04708
   0.05471
   0.01326
  -0.06291
   0.02562
   0.04708
  -0.05471
  -0.01326
   0.06291
  -0.02562
  -0.04708
   0.05471
   0.01326
  -0.06291
   0.02562
   0.04708
  -0.05471
  -0.01326
   0.06291
  -0.02562
  -0.04708
   0.05471
   0.01326
  -0.06291
   0.02562
   0.04708
  -0.05471
  -0.01326
   0.06291
  -0.02562
  -0.04708
   0.05471
   0.01326
  -0.06291
   0.02562
   0.04708
  -0.05471
  -0.01326
   0.06291
  -0.02562
  -0.04708
   0.05471
   0.01326
  -0.06291
   0.02562
   0.04708
  -0.05471
  -0.01326
   0.06291
  -0.02562
  -0.04708
   0.05471
   0.01326
  -0.06291
   0.02562
   0.04708
  -0.05471
  -0.01326
   0.06291
  -0.02562
  -0.04708
   0.05471
   0.01326
  -0.06291
   0.02562
   0.04708
  -0.05471
  -0.01326
   0.06291
  -0.02562
  -0.04708
   0.05471
   0.01326
  -0.06291
   0.02562
   0.04708
  -0.05471
  -0.01326
   0.06291
  -0.02562
  -0.04708
   0.05471
   0.01326
  -0.06291
   0.02562
   0.04708
  -0.05471
  -0.01326
   0.06291
  -0.02562
  -0.04708
   0.05471
   0.01326
  -0.06291
   0.02562
   0.04708
  -0.05471
  -0.01326
   0.06291
  -0.02562
  -0.04708
   0.05471
   0.01326
  -0.06291
   0.02562
   0.04708
  -0.05471
  -0.01326
   0.06291
  -0.02562
  -0.04708
   0.05471
   0.01326
  -0.06291
   0.02562
   0.04708
  -0.05471
  -0.01326
   0.06291
  -0.02562
  -0.04708
   0.05471
   0.01326
  -0.06291
   0.02562
   0.04708
  -0.05471
  -0.01326
   0.06291
  -0.02562
  -0.04708
   0.05471
   0.01326
  -0.06291
   0.02562
   0.04708
  -0.05471
  -0.01326
   0.06291
  -0.02562
  -0.04708
   0.05471
   0.01326
  -0.06291
   0.02562
   0.04708
  -0.05471
  -0.01326
   0.06291
  -0.02562
  -0.04708
   0.05471
   0.01326
  -0.06291
   0.02562
   0.04708
  -0.05471
  -0.01326
   0.06291
  -0.02562
  -0.04708
   0.05471
   0.01326
  -0.06291
   0.02562
   0.04708
  -0.05471
  -0.01326
   0.06291
  -0.02562
  -0.04708
   0.05471
   0.01326
  -0.06291
   0.02562
   0.04708
  -0.05471
  -0.01326
   0.06291
  -0.02562
  -0.04708
   0.05471
   0.01326
  -0.06291
   0.02562
   0.04708
  -0.05471
  -0.01326
   0.06291
  -0.02562
  -0.04708
   0.05471
   0.01326
  -0.06291
   0.02562
   0.04708
  -0.05471
  -0.01326
   0.06291
  -0.02562
  -0.04708
   0.05471
   0.01326
  -0.06291
   0.02562
   0.04708
  -0.05471
  -0.01326
   0.06291
  -0.02562
  -0.04708
   0.05471
   0.01326
  -0.06291
   0.02562
   0.04708
  -0.05471
  -0.01326
   0.06291
  -0.02562
  -0.04708
   0.05471
   0.01326
  -0.06291
   0.02562
   0.04708
  -0.05471
  -0.01326
   0.06291
