  -0.06148
  -0.05659
  -0.04882
  -0.03855
  -0.02633
  -0.01276
   0.00146
   0.01560
   0.02895
   0.04082
   0.05062
   0.05783
   0.06210
   0.06321
   0.06109
   0.05586
   0.04779
   0.03728
   0.02487
   0.01120
  -0.00305
  -0.01714
  -0.03035
  -0.04202
  -0.05155
  -0.05846
  -0.06238
  -0.06313
  -0.06066
  -0.05510
  -0.04673
  -0.03599
  -0.02340
  -0.00963
   0.00463
   0.01866
   0.03174
   0.04320
   0.05246
   0.05904
   0.06262
   0.06301
   0.06019
   0.05430
   0.04565
   0.03467
   0.02192
   0.00806
  -0.00622
  -0.02017
  -0.03310
  -0.04435
  -0.05333
  -0.05960
  -0.06283
  -0.06286
  -0.05968
  -0.05347
  -0.04453
  -0.03333
  -0.02042
  -0.00648
   0.00780
   0.02167
   0.03445
   0.04546
   0.05417
   0.06011
   0.06299
   0.06266
   0.05914
   0.05260
   0.04339
   0.03197
   0.01891
   0.00490
  -0.00937
  -0.02316
  -0.03577
  -0.04656
  -0.05497
  -0.06058
  -0.06311
  -0.06242
  -0.05856
  -0.05171
  -0.04222
  -0.03058
  -0.01739
  -0.00331
   0.01094
   0.02463
   0.03707
   0.04762
   0.05574
   0.06102
   0.06320
   0.06215
   0.05794
   0.05077
   0.04102
   0.02918
   0.01586
   0.00172
  -0.01250
  -0.02609
  -0.03834
  -0.04865
  -0.05647
  -0.06142
  -0.06324
  -0.06184
  -0.05728
  -0.04981
  -0.03980
  -0.02776
  -0.01431
  -0.00013
   0.01406
   0.02753
   0.03960
   0.04965
   0.05717
   0.06178
   0.06324
   0.06148
   0.05659
   0.04882
   0.03855
   0.02633
   0.01276
  -0.00146
  -0.01560
  -0.02895
  -0.04082
  -0.05062
  -0.05783
  -0.06210
  -0.06321
  -0.06109
  -0.05586
  -0.04779
  -0.03728
  -0.02487
  -0.01120
   0.00305
   0.01714
   0.03035
   0.04202
   0.05155
   0.05846
   0.06238
   0.06313
   0.06066
   0.05510
   0.04673
   0.03599
   0.02340
   0.00963
  -0.00463
  -0.01866
  -0.03174
  -0.04320
  -0.05246
  -0.05904
  -0.06262
  -0.06301
  -0.06019
  -0.05430
  -0.04565
  -0.03467
  -0.02192
  -0.00806
   0.00622
   0.02017
   0.03310
   0.04435
   0.05333
   0.05960
   0.06283
   0.06286
   0.05968
   0.05347
   0.04453
   0.03333
   0.02042
   0.00648
  -0.00780
  -0.02167
  -0.03445
  -0.04546
  -0.05417
  -0.06011
  -0.06299
  -0.06266
  -0.05914
  -0.05260
  -0.04339
  -0.03197
  -0.01891
  -0.00490
   0.00937
   0.02316
   0.03577
   0.04656
   0.05497
   0.06058
   0.06311
   0.06242
   0.05856
   0.05171
   0.04222
   0.03058
   0.01739
   0.00331
  -0.01094
  -0.02463
  -0.03707
  -0.04762
  -0.05574
  -0.06102
  -0.06320
  -0.06215
  -0.05794
  -0.05077
  -0.04102
  -0.02918
  -0.01586
  -0.00172
   0.01250
   0.02609
   0.03834
   0.04865
   0.05647
   0.06142
   0.06324
   0.06184
   0.05728
   0.04981
   0.03980
   0.02776
   0.01431
   0.00013
  -0.01406
  -0.02753
  -0.03960
  -0.04965
  -0.05717
  -0.06178
  -0.06324
  -0.06148
  -0.05659
  -0.04882
  -0.03855
  -0.02633
  -0.01276
   0.00146
   0.01560
   0.02895
   0.04082
   0.05062
   0.05783
   0.06210
   0.06321
   0.06109
   0.05586
   0.04779
   0.03728
   0.02487
   0.01120
  -0.00305
  -0.01714
  -0.03035
  -0.04202
  -0.05155
  -0.05846
  -0.06238
  -0.06313
  -0.06066
  -0.05510
  -0.04673
  -0.03599
  -0.02340
  -0.00963
   0.00463
   0.01866
   0.03174
   0.04320
   0.05246
   0.05904
   0.06262
   0.06301
   0.06019
   0.05430
   0.04565
   0.03467
   0.02192
   0.00806
  -0.00622
  -0.02017
  -0.03310
  -0.04435
  -0.05333
  -0.05960
  -0.06283
  -0.06286
  -0.05968
  -0.05347
  -0.04453
  -0.03333
  -0.02042
  -0.00648
   0.00780
   0.02167
   0.03445
   0.04546
   0.05417
   0.06011
   0.06299
   0.06266
   0.05914
   0.05260
   0.04339
   0.03197
   0.01891
   0.00490
  -0.00937
  -0.02316
  -0.03577
  -0.04656
  -0.05497
  -0.06058
  -0.06311
  -0.06242
  -0.05856
  -0.05171
  -0.04222
  -0.03058
  -0.01739
  -0.00331
   0.01094
   0.02463
   0.03707
   0.04762
   0.05574
   0.06102
   0.06320
   0.06215
   0.05794
   0.05077
   0.04102
   0.02918
   0.01586
   0.00172
  -0.01250
  -0.02609
  -0.03834
  -0.04865
  -0.05647
  -0.06142
  -0.06324
  -0.06184
  -0.05728
  -0.04981
  -0.03980
  -0.02776
  -0.01431
  -0.00013
   0.01406
   0.02753
   0.03960
   0.04965
   0.05717
   0.06178
   0.06324
   0.06148
   0.05659
   0.04882
   0.03855
   0.02633
   0.01276
  -0.00146
  -0.01560
  -0.02895
  -0.04082
  -0.05062
  -0.05783
  -0.06210
  -0.06321
  -0.06109
  -0.05586
  -0.04779
  -0.03728
  -0.02487
  -0.01120
   0.00305
   0.01714
   0.03035
   0.04202
   0.05155
   0.05846
   0.06238
   0.06313
   0.06066
   0.05510
   0.04673
   0.03599
   0.02340
   0.00963
  -0.00463
  -0.01866
  -0.03174
  -0.04320
  -0.05246
  -0.05904
  -0.06262
  -0.06301
  -0.06019
  -0.05430
  -0.04565
  -0.03467
  -0.02192
  -0.00806
   0.00622
   0.02017
   0.03310
   0.04435
   0.05333
   0.05960
   0.06283
   0.06286
   0.05968
   0.05347
   0.04453
   0.03333
   0.02042
   0.00648
  -0.00780
  -0.02167
  -0.03445
  -0.04546
  -0.05417
  -0.06011
  -0.06299
  -0.06266
  -0.05914
  -0.05260
  -0.04339
  -0.03197
  -0.01891
  -0.00490
   0.00937
   0.02316
   0.03577
   0.04656
   0.05497
   0.06058
   0.06311
   0.06242
   0.05856
   0.05171
   0.04222
   0.03058
   0.01739
   0.00331
  -0.01094
  -0.02463
  -0.03707
  -0.04762
  -0.05574
  -0.06102
  -0.06320
  -0.06215
  -0.05794
  -0.05077
  -0.04102
  -0.02918
  -0.01586
  -0.00172
   0.01250
   0.02609
   0.03834
   0.04865
   0.05647
   0.06142
   0.06324
   0.06184
   0.05728
   0.04981
   0.03980
   0.02776
   0.01431
   0.00013
  -0.01406
  -0.02753
  -0.03960
  -0.04965
  -0.05717
  -0.06178
  -0.06324
