   0.04416
   0.00515
  -0.05093
   0.06172
  -0.03013
  -0.02216
   0.05923
  -0.05562
   0.01381
   0.03749
  -0.06303
   0.04529
   0.00356
  -0.04997
   0.06205
  -0.03152
  -0.02066
   0.05865
  -0.05636
   0.01535
   0.03620
  -0.06288
   0.04638
   0.00198
  -0.04898
   0.06234
  -0.03289
  -0.01916
   0.05804
  -0.05706
   0.01689
   0.03488
  -0.06269
   0.04745
   0.00039
  -0.04796
   0.06259
  -0.03423
  -0.01763
   0.05739
  -0.05773
   0.01842
   0.03354
  -0.06247
   0.04848
  -0.00120
  -0.04690
   0.06280
  -0.03556
  -0.01610
   0.05670
  -0.05836
   0.01993
   0.03219
  -0.06220
   0.04949
  -0.00279
  -0.04582
   0.06297
  -0.03686
  -0.01456
   0.05598
  -0.05895
   0.02143
   0.03081
  -0.06189
   0.05046
  -0.00438
  -0.04471
   0.06310
  -0.03814
  -0.01301
   0.05522
  -0.05951
   0.02292
   0.02941
  -0.06154
   0.05141
  -0.00596
  -0.04358
   0.06318
  -0.03940
  -0.01145
   0.05443
  -0.06003
   0.02440
   0.02799
  -0.06116
   0.05232
  -0.00754
  -0.04241
   0.06323
  -0.04063
  -0.00988
   0.05361
  -0.06051
   0.02585
   0.02656
  -0.06073
   0.05319
  -0.00912
  -0.04122
   0.06324
  -0.04183
  -0.00831
   0.05275
  -0.06095
   0.02730
   0.02511
  -0.06027
   0.05403
  -0.01069
  -0.04000
   0.06321
  -0.04301
  -0.00673
   0.05185
  -0.06136
   0.02872
   0.02364
  -0.05977
   0.05484
  -0.01225
  -0.03876
   0.06314
  -0.04416
  -0.00515
   0.05093
  -0.06172
   0.03013
   0.02216
  -0.05923
   0.05562
  -0.01381
  -0.03749
   0.06303
  -0.04529
  -0.00356
   0.04997
  -0.06205
   0.03152
   0.02066
  -0.05865
   0.05636
  -0.01535
  -0.03620
   0.06288
  -0.04638
  -0.00198
   0.04898
  -0.06234
   0.03289
   0.01916
  -0.05804
   0.05706
  -0.01689
  -0.03488
   0.06269
  -0.04745
  -0.00039
   0.04796
  -0.06259
   0.03423
   0.01763
  -0.05739
   0.05773
  -0.01842
  -0.03354
   0.06247
  -0.04848
   0.00120
   0.04690
  -0.06280
   0.03556
   0.01610
  -0.05670
   0.05836
  -0.01993
  -0.03219
   0.06220
  -0.04949
   0.00279
   0.04582
  -0.06297
   0.03686
   0.01456
  -0.05598
   0.05895
  -0.02143
  -0.03081
   0.06189
  -0.05046
   0.00438
   0.04471
  -0.06310
   0.03814
   0.01301
  -0.05522
   0.05951
  -0.02292
  -0.02941
   0.06154
  -0.05141
   0.00596
   0.04358
  -0.06318
   0.03940
   0.01145
  -0.05443
   0.06003
  -0.02440
  -0.02799
   0.06116
  -0.05232
   0.00754
   0.04241
  -0.06323
   0.04063
   0.00988
  -0.05361
   0.06051
  -0.02585
  -0.02656
   0.06073
  -0.05319
   0.00912
   0.04122
  -0.06324
   0.04183
   0.00831
  -0.05275
   0.06095
  -0.02730
  -0.02511
   0.06027
  -0.05403
   0.01069
   0.04000
  -0.06321
   0.04301
   0.00673
  -0.05185
   0.06136
  -0.02872
  -0.02364
   0.05977
  -0.05484
   0.01225
   0.03876
  -0.06314
   0.04416
   0.00515
  -0.05093
   0.06172
  -0.03013
  -0.02216
   0.05923
  -0.05562
   0.01381
   0.03749
  -0.06303
   0.04529
   0.00356
  -0.04997
   0.06205
  -0.03152
  -0.02066
   0.05865
  -0.05636
   0.01535
   0.03620
  -0.06288
   0.04638
   0.00198
  -0.04898
   0.06234
  -0.03289
  -0.01916
   0.05804
  -0.05706
   0.01689
   0.03488
  -0.06269
   0.04745
   0.00039
  -0.04796
   0.06259
  -0.03423
  -0.01763
   0.05739
  -0.05773
   0.01842
   0.03354
  -0.06247
   0.04848
  -0.00120
  -0.04690
   0.06280
  -0.03556
  -0.01610
   0.05670
  -0.05836
   0.01993
   0.03219
  -0.06220
   0.04949
  -0.00279
  -0.04582
   0.06297
  -0.03686
  -0.01456
   0.05598
  -0.05895
   0.02143
   0.03081
  -0.06189
   0.05046
  -0.00438
  -0.04471
   0.06310
  -0.03814
  -0.01301
   0.05522
  -0.05951
   0.02292
   0.02941
  -0.06154
   0.05141
  -0.00596
  -0.04358
   0.06318
  -0.03940
  -0.01145
   0.05443
  -0.06003
   0.02440
   0.02799
  -0.06116
   0.05232
  -0.00754
  -0.04241
   0.06323
  -0.04063
  -0.00988
   0.05361
  -0.06051
   0.02585
   0.02656
  -0.06073
   0.05319
  -0.00912
  -0.04122
   0.06324
  -0.04183
  -0.00831
   0.05275
  -0.06095
   0.02730
   0.02511
  -0.06027
   0.05403
  -0.01069
  -0.04000
   0.06321
  -0.04301
  -0.00673
   0.05185
  -0.06136
   0.02872
   0.02364
  -0.05977
   0.05484
  -0.01225
  -0.03876
   0.06314
  -0.04416
  -0.00515
   0.05093
  -0.06172
   0.03013
   0.02216
  -0.05923
   0.05562
  -0.01381
  -0.03749
   0.06303
  -0.04529
  -0.00356
   0.04997
  -0.06205
   0.03152
   0.02066
  -0.05865
   0.05636
  -0.01535
  -0.03620
   0.06288
  -0.04638
  -0.00198
   0.04898
  -0.06234
   0.03289
   0.01916
  -0.05804
   0.05706
  -0.01689
  -0.03488
   0.06269
  -0.04745
  -0.00039
   0.04796
  -0.06259
   0.03423
   0.01763
  -0.05739
   0.05773
  -0.01842
  -0.03354
   0.06247
  -0.04848
   0.00120
   0.04690
  -0.06280
   0.03556
   0.01610
  -0.05670
   0.05836
  -0.01993
  -0.03219
   0.06220
  -0.04949
   0.00279
   0.04582
  -0.06297
   0.03686
   0.01456
  -0.05598
   0.05895
  -0.02143
  -0.03081
   0.06189
  -0.05046
   0.00438
   0.04471
  -0.06310
   0.03814
   0.01301
  -0.05522
   0.05951
  -0.02292
  -0.02941
   0.06154
  -0.05141
   0.00596
   0.04358
  -0.06318
   0.03940
   0.01145
  -0.05443
   0.06003
  -0.02440
  -0.02799
   0.06116
  -0.05232
   0.00754
   0.04241
  -0.06323
   0.04063
   0.00988
  -0.05361
   0.06051
  -0.02585
  -0.02656
   0.06073
  -0.05319
   0.00912
   0.04122
  -0.06324
   0.04183
   0.00831
  -0.05275
   0.06095
  -0.02730
  -0.02511
   0.06027
  -0.05403
   0.01069
   0.04000
  -0.06321
   0.04301
   0.00673
  -0.05185
   0.06136
  -0.02872
  -0.02364
   0.05977
  -0.05484
   0.01225
   0.03876
  -0.06314
