   0.03658
   0.01949
  -0.05988
   0.05212
  -0.00244
  -0.04920
   0.06127
  -0.02407
  -0.03249
   0.06292
  -0.04275
  -0.01179
   0.05686
  -0.05620
   0.01034
   0.04383
  -0.06275
   0.03121
   0.02543
  -0.06162
   0.04826
   0.00391
  -0.05294
   0.05939
  -0.01808
  -0.03777
   0.06325
  -0.03786
  -0.01797
   0.05935
  -0.05300
   0.00403
   0.04818
  -0.06165
   0.02553
   0.03111
  -0.06274
   0.04391
   0.01023
  -0.05614
   0.05691
  -0.01191
  -0.04267
   0.06293
  -0.03259
  -0.02397
   0.06124
  -0.04927
  -0.00233
   0.05205
  -0.05992
   0.01960
   0.03648
  -0.06322
   0.03912
   0.01644
  -0.05878
   0.05385
  -0.00561
  -0.04714
   0.06198
  -0.02698
  -0.02972
   0.06252
  -0.04504
  -0.00866
   0.05539
  -0.05758
   0.01346
   0.04148
  -0.06307
   0.03394
   0.02249
  -0.06083
   0.05025
   0.00074
  -0.05113
   0.06041
  -0.02110
  -0.03517
   0.06316
  -0.04036
  -0.01490
   0.05818
  -0.05467
   0.00719
   0.04606
  -0.06228
   0.02841
   0.02831
  -0.06226
   0.04614
   0.00708
  -0.05461
   0.05822
  -0.01501
  -0.04027
   0.06317
  -0.03527
  -0.02100
   0.06037
  -0.05120
   0.00085
   0.05018
  -0.06086
   0.02260
   0.03384
  -0.06306
   0.04157
   0.01335
  -0.05754
   0.05545
  -0.00877
  -0.04496
   0.06254
  -0.02982
  -0.02688
   0.06196
  -0.04722
  -0.00550
   0.05379
  -0.05883
   0.01655
   0.03903
  -0.06323
   0.03658
   0.01949
  -0.05988
   0.05212
  -0.00244
  -0.04920
   0.06127
  -0.02407
  -0.03249
   0.06292
  -0.04275
  -0.01179
   0.05686
  -0.05620
   0.01034
   0.04383
  -0.06275
   0.03121
   0.02543
  -0.06162
   0.04826
   0.00391
  -0.05294
   0.05939
  -0.01808
  -0.03777
   0.06325
  -0.03786
  -0.01797
   0.05935
  -0.05300
   0.00403
   0.04818
  -0.06165
   0.02553
   0.03111
  -0.06274
   0.04391
   0.01023
  -0.05614
   0.05691
  -0.01191
  -0.04267
   0.06293
  -0.03259
  -0.02397
   0.06124
  -0.04927
  -0.00233
   0.05205
  -0.05992
   0.01960
   0.03648
  -0.06322
   0.03912
   0.01644
  -0.05878
   0.05385
  -0.00561
  -0.04714
   0.06198
  -0.02698
  -0.02972
   0.06252
  -0.04504
  -0.00866
   0.05539
  -0.05758
   0.01346
   0.04148
  -0.06307
   0.03394
   0.02249
  -0.06083
   0.05025
   0.00074
  -0.05113
   0.06041
  -0.02110
  -0.03517
   0.06316
  -0.04036
  -0.01490
   0.05818
  -0.05467
   0.00719
   0.04606
  -0.06228
   0.02841
   0.02831
  -0.06226
   0.04614
   0.00708
  -0.05461
   0.05822
  -0.01501
  -0.04027
   0.06317
  -0.03527
  -0.02100
   0.06037
  -0.05120
   0.00085
   0.05018
  -0.06086
   0.02260
   0.03384
  -0.06306
   0.04157
   0.01335
  -0.05754
   0.05545
  -0.00877
  -0.04496
   0.06254
  -0.02982
  -0.02688
   0.06196
  -0.04722
  -0.00550
   0.05379
  -0.05883
   0.01655
   0.03903
  -0.06323
   0.03658
   0.01949
  -0.05988
   0.05212
  -0.00244
  -0.04920
   0.06127
  -0.02407
  -0.03249
   0.06292
  -0.04275
  -0.01179
   0.05686
  -0.05620
   0.01034
   0.04383
  -0.06275
   0.03121
   0.02543
  -0.06162
   0.04826
   0.00391
  -0.05294
   0.05939
  -0.01808
  -0.03777
   0.06325
  -0.03786
  -0.01797
   0.05935
  -0.05300
   0.00403
   0.04818
  -0.06165
   0.02553
   0.03111
  -0.06274
   0.04391
   0.01023
  -0.05614
   0.05691
  -0.01191
  -0.04267
   0.06293
  -0.03259
  -0.02397
   0.06124
  -0.04927
  -0.00233
   0.05205
  -0.05992
   0.01960
   0.03648
  -0.06322
   0.03912
   0.01644
  -0.05878
   0.05385
  -0.00561
  -0.04714
   0.06198
  -0.02698
  -0.02972
   0.06252
  -0.04504
  -0.00866
   0.05539
  -0.05758
   0.01346
   0.04148
  -0.06307
   0.03394
   0.02249
  -0.06083
   0.05025
   0.00074
  -0.05113
   0.06041
  -0.02110
  -0.03517
   0.06316
  -0.04036
  -0.01490
   0.05818
  -0.05467
   0.00719
   0.04606
  -0.06228
   0.02841
   0.02831
  -0.06226
   0.04614
   0.00708
  -0.05461
   0.05822
  -0.01501
  -0.04027
   0.06317
  -0.03527
  -0.02100
   0.06037
  -0.05120
   0.00085
   0.05018
  -0.06086
   0.02260
   0.03384
  -0.06306
   0.04157
   0.01335
  -0.05754
   0.05545
  -0.00877
  -0.04496
   0.06254
  -0.02982
  -0.02688
   0.06196
  -0.04722
  -0.00550
   0.05379
  -0.05883
   0.01655
   0.03903
  -0.06323
   0.03658
   0.01949
  -0.05988
   0.05212
  -0.00244
  -0.04920
   0.06127
  -0.02407
  -0.03249
   0.06292
  -0.04275
  -0.01179
   0.05686
  -0.05620
   0.01034
   0.04383
  -0.06275
   0.03121
   0.02543
  -0.06162
   0.04826
   0.00391
  -0.05294
   0.05939
  -0.01808
  -0.03777
   0.06325
  -0.03786
  -0.01797
   0.05935
  -0.05300
   0.00403
   0.04818
  -0.06165
   0.02553
   0.03111
  -0.06274
   0.04391
   0.01023
  -0.05614
   0.05691
  -0.01191
  -0.04267
   0.06293
  -0.03259
  -0.02397
   0.06124
  -0.04927
  -0.00233
   0.05205
  -0.05992
   0.01960
   0.03648
  -0.06322
   0.03912
   0.01644
  -0.05878
   0.05385
  -0.00561
  -0.04714
   0.06198
  -0.02698
  -0.02972
   0.06252
  -0.04504
  -0.00866
   0.05539
  -0.05758
   0.01346
   0.04148
  -0.06307
   0.03394
   0.02249
  -0.06083
   0.05025
   0.00074
  -0.05113
   0.06041
  -0.02110
  -0.03517
   0.06316
  -0.04036
  -0.01490
   0.05818
  -0.05467
   0.00719
   0.04606
  -0.06228
   0.02841
   0.02831
  -0.06226
   0.04614
   0.00708
  -0.05461
   0.05822
  -0.01501
  -0.04027
   0.06317
  -0.03527
  -0.02100
   0.06037
  -0.05120
   0.00085
   0.05018
  -0.06086
   0.02260
   0.03384
  -0.06306
   0.04157
   0.01335
  -0.05754
   0.05545
  -0.00877
  -0.04496
   0.06254
  -0.02982
  -0.02688
   0.06196
  -0.04722
  -0.00550
   0.05379
  -0.05883
   0.01655
   0.03903
  -0.06323
