   0.01286
   0.05956
  -0.02927
  -0.05150
   0.04346
   0.03952
  -0.05435
  -0.02454
   0.06112
   0.00770
  -0.06324
   0.00973
   0.06056
  -0.02642
  -0.05327
   0.04110
   0.04195
  -0.05266
  -0.02744
   0.06022
   0.01084
  -0.06321
   0.00658
   0.06140
  -0.02350
  -0.05492
   0.03863
   0.04427
  -0.05083
  -0.03026
   0.05917
   0.01396
  -0.06302
   0.00341
   0.06208
  -0.02052
  -0.05643
   0.03607
   0.04649
  -0.04888
  -0.03302
   0.05798
   0.01704
  -0.06267
   0.00023
   0.06261
  -0.01749
  -0.05779
   0.03341
   0.04858
  -0.04680
  -0.03569
   0.05664
   0.02008
  -0.06217
  -0.00295
   0.06298
  -0.01441
  -0.05901
   0.03067
   0.05056
  -0.04460
  -0.03826
   0.05515
   0.02307
  -0.06151
  -0.00612
   0.06319
  -0.01130
  -0.06008
   0.02785
   0.05240
  -0.04230
  -0.04075
   0.05352
   0.02600
  -0.06069
  -0.00927
   0.06324
  -0.00816
  -0.06100
   0.02497
   0.05411
  -0.03988
  -0.04312
   0.05176
   0.02886
  -0.05972
  -0.01240
   0.06313
  -0.00500
  -0.06176
   0.02202
   0.05569
  -0.03736
  -0.04539
   0.04987
   0.03165
  -0.05859
  -0.01550
   0.06287
  -0.00182
  -0.06237
   0.01901
   0.05713
  -0.03475
  -0.04755
   0.04786
   0.03436
  -0.05732
  -0.01856
   0.06244
   0.00136
  -0.06281
   0.01595
   0.05842
  -0.03205
  -0.04959
   0.04572
   0.03699
  -0.05591
  -0.02158
   0.06186
   0.00453
  -0.06311
   0.01286
   0.05956
  -0.02927
  -0.05150
   0.04346
   0.03952
  -0.05435
  -0.02454
   0.06112
   0.00770
  -0.06324
   0.00973
   0.06056
  -0.02642
  -0.05327
   0.04110
   0.04195
  -0.05266
  -0.02744
   0.06022
   0.01084
  -0.06321
   0.00658
   0.06140
  -0.02350
  -0.05492
   0.03863
   0.04427
  -0.05083
  -0.03026
   0.05917
   0.01396
  -0.06302
   0.00341
   0.06208
  -0.02052
  -0.05643
   0.03607
   0.04649
  -0.04888
  -0.03302
   0.05798
   0.01704
  -0.06267
   0.00023
   0.06261
  -0.01749
  -0.05779
   0.03341
   0.04858
  -0.04680
  -0.03569
   0.05664
   0.02008
  -0.06217
  -0.00295
   0.06298
  -0.01441
  -0.05901
   0.03067
   0.05056
  -0.04460
  -0.03826
   0.05515
   0.02307
  -0.06151
  -0.00612
   0.06319
  -0.01130
  -0.06008
   0.02785
   0.05240
  -0.04230
  -0.04075
   0.05352
   0.02600
  -0.06069
  -0.00927
   0.06324
  -0.00816
  -0.06100
   0.02497
   0.05411
  -0.03988
  -0.04312
   0.05176
   0.02886
  -0.05972
  -0.01240
   0.06313
  -0.00500
  -0.06176
   0.02202
   0.05569
  -0.03736
  -0.04539
   0.04987
   0.03165
  -0.05859
  -0.01550
   0.06287
  -0.00182
  -0.06237
   0.01901
   0.05713
  -0.03475
  -0.04755
   0.04786
   0.03436
  -0.05732
  -0.01856
   0.06244
   0.00136
  -0.06281
   0.01595
   0.05842
  -0.03205
  -0.04959
   0.04572
   0.03699
  -0.05591
  -0.02158
   0.06186
   0.00453
  -0.06311
   0.01286
   0.05956
  -0.02927
  -0.05150
   0.04346
   0.03952
  -0.05435
  -0.02454
   0.06112
   0.00770
  -0.06324
   0.00973
   0.06056
  -0.02642
  -0.05327
   0.04110
   0.04195
  -0.05266
  -0.02744
   0.06022
   0.01084
  -0.06321
   0.00658
   0.06140
  -0.02350
  -0.05492
   0.03863
   0.04427
  -0.05083
  -0.03026
   0.05917
   0.01396
  -0.06302
   0.00341
   0.06208
  -0.02052
  -0.05643
   0.03607
   0.04649
  -0.04888
  -0.03302
   0.05798
   0.01704
  -0.06267
   0.00023
   0.06261
  -0.01749
  -0.05779
   0.03341
   0.04858
  -0.04680
  -0.03569
   0.05664
   0.02008
  -0.06217
  -0.00295
   0.06298
  -0.01441
  -0.05901
   0.03067
   0.05056
  -0.04460
  -0.03826
   0.05515
   0.02307
  -0.06151
  -0.00612
   0.06319
  -0.01130
  -0.06008
   0.02785
   0.05240
  -0.04230
  -0.04075
   0.05352
   0.02600
  -0.06069
  -0.00927
   0.06324
  -0.00816
  -0.06100
   0.02497
   0.05411
  -0.03988
  -0.04312
   0.05176
   0.02886
  -0.05972
  -0.01240
   0.06313
  -0.00500
  -0.06176
   0.02202
   0.05569
  -0.03736
  -0.04539
   0.04987
   0.03165
  -0.05859
  -0.01550
   0.06287
  -0.00182
  -0.06237
   0.01901
   0.05713
  -0.03475
  -0.04755
   0.04786
   0.03436
  -0.05732
  -0.01856
   0.06244
   0.00136
  -0.06281
   0.01595
   0.05842
  -0.03205
  -0.04959
   0.04572
   0.03699
  -0.05591
  -0.02158
   0.06186
   0.00453
  -0.06311
   0.01286
   0.05956
  -0.02927
  -0.05150
   0.04346
   0.03952
  -0.05435
  -0.02454
   0.06112
   0.00770
  -0.06324
   0.00973
   0.06056
  -0.02642
  -0.05327
   0.04110
   0.04195
  -0.05266
  -0.02744
   0.06022
   0.01084
  -0.06321
   0.00658
   0.06140
  -0.02350
  -0.05492
   0.03863
   0.04427
  -0.05083
  -0.03026
   0.05917
   0.01396
  -0.06302
   0.00341
   0.06208
  -0.02052
  -0.05643
   0.03607
   0.04649
  -0.04888
  -0.03302
   0.05798
   0.01704
  -0.06267
   0.00023
   0.06261
  -0.01749
  -0.05779
   0.03341
   0.04858
  -0.04680
  -0.03569
   0.05664
   0.02008
  -0.06217
  -0.00295
   0.06298
  -0.01441
  -0.05901
   0.03067
   0.05056
  -0.04460
  -0.03826
   0.05515
   0.02307
  -0.06151
  -0.00612
   0.06319
  -0.01130
  -0.06008
   0.02785
   0.05240
  -0.04230
  -0.04075
   0.05352
   0.02600
  -0.06069
  -0.00927
   0.06324
  -0.00816
  -0.06100
   0.02497
   0.05411
  -0.03988
  -0.04312
   0.05176
   0.02886
  -0.05972
  -0.01240
   0.06313
  -0.00500
  -0.06176
   0.02202
   0.05569
  -0.03736
  -0.04539
   0.04987
   0.03165
  -0.05859
  -0.01550
   0.06287
  -0.00182
  -0.06237
   0.01901
   0.05713
  -0.03475
  -0.04755
   0.04786
   0.03436
  -0.05732
  -0.01856
   0.06244
   0.00136
  -0.06281
   0.01595
   0.05842
  -0.03205
  -0.04959
   0.04572
   0.03699
  -0.05591
  -0.02158
   0.06186
   0.00453
  -0.06311
