   0.03658
  -0.06064
   0.05878
  -0.03180
  -0.00878
   0.04560
  -0.06293
   0.05336
  -0.02099
  -0.02036
   0.05301
  -0.06300
   0.04606
  -0.00944
  -0.03122
   0.05853
  -0.06083
   0.03712
   0.00245
  -0.04097
   0.06198
  -0.05650
   0.02687
   0.01425
  -0.04928
   0.06324
  -0.05018
   0.01567
   0.02554
  -0.05583
   0.06226
  -0.04207
   0.00391
   0.03593
  -0.06041
   0.05907
  -0.03248
  -0.00799
   0.04505
  -0.06285
   0.05379
  -0.02174
  -0.01961
   0.05257
  -0.06306
   0.04660
  -0.01022
  -0.03053
   0.05823
  -0.06104
   0.03776
   0.00165
  -0.04036
   0.06182
  -0.05685
   0.02759
   0.01347
  -0.04877
   0.06323
  -0.05066
   0.01643
   0.02481
  -0.05545
   0.06239
  -0.04266
   0.00470
   0.03527
  -0.06017
   0.05935
  -0.03316
  -0.00720
   0.04449
  -0.06276
   0.05420
  -0.02248
  -0.01885
   0.05212
  -0.06312
   0.04713
  -0.01100
  -0.02983
   0.05791
  -0.06124
   0.03840
   0.00086
  -0.03975
   0.06165
  -0.05720
   0.02830
   0.01269
  -0.04826
   0.06320
  -0.05113
   0.01720
   0.02408
  -0.05507
   0.06252
  -0.04325
   0.00549
   0.03461
  -0.05992
   0.05962
  -0.03383
  -0.00641
   0.04392
  -0.06265
   0.05461
  -0.02322
  -0.01809
   0.05167
  -0.06316
   0.04766
  -0.01179
  -0.02912
   0.05759
  -0.06144
   0.03903
   0.00007
  -0.03913
   0.06147
  -0.05753
   0.02901
   0.01192
  -0.04775
   0.06317
  -0.05159
   0.01796
   0.02334
  -0.05467
   0.06263
  -0.04382
   0.00628
   0.03394
  -0.05966
   0.05988
  -0.03450
  -0.00562
   0.04334
  -0.06254
   0.05500
  -0.02396
  -0.01733
   0.05121
  -0.06320
   0.04818
  -0.01257
  -0.02842
   0.05725
  -0.06162
   0.03965
  -0.00073
  -0.03850
   0.06127
  -0.05786
   0.02971
   0.01113
  -0.04722
   0.06312
  -0.05205
   0.01872
   0.02260
  -0.05427
   0.06274
  -0.04439
   0.00707
   0.03327
  -0.05939
   0.06013
  -0.03517
  -0.00483
   0.04276
  -0.06241
   0.05539
  -0.02469
  -0.01656
   0.05073
  -0.06322
   0.04869
  -0.01334
  -0.02770
   0.05691
  -0.06179
   0.04026
  -0.00152
  -0.03787
   0.06107
  -0.05817
   0.03041
   0.01035
  -0.04669
   0.06307
  -0.05249
   0.01948
   0.02186
  -0.05386
   0.06283
  -0.04496
   0.00786
   0.03259
  -0.05912
   0.06037
  -0.03582
  -0.00404
   0.04217
  -0.06228
   0.05577
  -0.02542
  -0.01579
   0.05026
  -0.06324
   0.04919
  -0.01412
  -0.02699
   0.05656
  -0.06196
   0.04087
  -0.00232
  -0.03723
   0.06086
  -0.05848
   0.03111
   0.00957
  -0.04615
   0.06301
  -0.05293
   0.02024
   0.02111
  -0.05344
   0.06292
  -0.04551
   0.00865
   0.03191
  -0.05883
   0.06060
  -0.03648
  -0.00324
   0.04158
  -0.06214
   0.05614
  -0.02615
  -0.01502
   0.04977
  -0.06325
   0.04969
  -0.01489
  -0.02627
   0.05620
  -0.06211
   0.04148
  -0.00311
  -0.03658
   0.06064
  -0.05878
   0.03180
   0.00878
  -0.04560
   0.06293
  -0.05336
   0.02099
   0.02036
  -0.05301
   0.06300
  -0.04606
   0.00944
   0.03122
  -0.05853
   0.06083
  -0.03712
  -0.00245
   0.04097
  -0.06198
   0.05650
  -0.02687
  -0.01425
   0.04928
  -0.06324
   0.05018
  -0.01567
  -0.02554
   0.05583
  -0.06226
   0.04207
  -0.00391
  -0.03593
   0.06041
  -0.05907
   0.03248
   0.00799
  -0.04505
   0.06285
  -0.05379
   0.02174
   0.01961
  -0.05257
   0.06306
  -0.04660
   0.01022
   0.03053
  -0.05823
   0.06104
  -0.03776
  -0.00165
   0.04036
  -0.06182
   0.05685
  -0.02759
  -0.01347
   0.04877
  -0.06323
   0.05066
  -0.01643
  -0.02481
   0.05545
  -0.06239
   0.04266
  -0.00470
  -0.03527
   0.06017
  -0.05935
   0.03316
   0.00720
  -0.04449
   0.06276
  -0.05420
   0.02248
   0.01885
  -0.05212
   0.06312
  -0.04713
   0.01100
   0.02983
  -0.05791
   0.06124
  -0.03840
  -0.00086
   0.03975
  -0.06165
   0.05720
  -0.02830
  -0.01269
   0.04826
  -0.06320
   0.05113
  -0.01720
  -0.02408
   0.05507
  -0.06252
   0.04325
  -0.00549
  -0.03461
   0.05992
  -0.05962
   0.03383
   0.00641
  -0.04392
   0.06265
  -0.05461
   0.02322
   0.01809
  -0.05167
   0.06316
  -0.04766
   0.01179
   0.02912
  -0.05759
   0.06144
  -0.03903
  -0.00007
   0.03913
  -0.06147
   0.05753
  -0.02901
  -0.01192
   0.04775
  -0.06317
   0.05159
  -0.01796
  -0.02334
   0.05467
  -0.06263
   0.04382
  -0.00628
  -0.03394
   0.05966
  -0.05988
   0.03450
   0.00562
  -0.04334
   0.06254
  -0.05500
   0.02396
   0.01733
  -0.05121
   0.06320
  -0.04818
   0.01257
   0.02842
  -0.05725
   0.06162
  -0.03965
   0.00073
   0.03850
  -0.06127
   0.05786
  -0.02971
  -0.01113
   0.04722
  -0.06312
   0.05205
  -0.01872
  -0.02260
   0.05427
  -0.06274
   0.04439
  -0.00707
  -0.03327
   0.05939
  -0.06013
   0.03517
   0.00483
  -0.04276
   0.06241
  -0.05539
   0.02469
   0.01656
  -0.05073
   0.06322
  -0.04869
   0.01334
   0.02770
  -0.05691
   0.06179
  -0.04026
   0.00152
   0.03787
  -0.06107
   0.05817
  -0.03041
  -0.01035
   0.04669
  -0.06307
   0.05249
  -0.01948
  -0.02186
   0.05386
  -0.06283
   0.04496
  -0.00786
  -0.03259
   0.05912
  -0.06037
   0.03582
   0.00404
  -0.04217
   0.06228
  -0.05577
   0.02542
   0.01579
  -0.05026
   0.06324
  -0.04919
   0.01412
   0.02699
  -0.05656
   0.06196
  -0.04087
   0.00232
   0.03723
  -0.06086
   0.05848
  -0.03111
  -0.00957
   0.04615
  -0.06301
   0.05293
  -0.02024
  -0.02111
   0.05344
  -0.06292
   0.04551
  -0.00865
  -0.03191
   0.05883
  -0.06060
   0.03648
   0.00324
  -0.04158
   0.06214
  -0.05614
   0.02615
   0.01502
  -0.04977
   0.06325
  -0.04969
   0.01489
   0.02627
  -0.05620
   0.06211
  -0.04148
   0.00311
