   0.02241
  -0.04021
   0.05375
  -0.06160
   0.06294
  -0.05762
   0.04620
  -0.02989
   0.01042
   0.01015
  -0.02965
   0.04601
  -0.05750
   0.06291
  -0.06166
   0.05389
  -0.04042
   0.02267
  -0.00252
  -0.01790
   0.03642
  -0.05109
   0.06035
  -0.06323
   0.05942
  -0.04932
   0.03400
  -0.01509
  -0.00542
   0.02536
  -0.04261
   0.05536
  -0.06225
   0.06255
  -0.05623
   0.04397
  -0.02705
   0.00727
   0.01328
  -0.03242
   0.04813
  -0.05875
   0.06316
  -0.06088
   0.05216
  -0.03792
   0.01967
   0.00066
  -0.02092
   0.03897
  -0.05290
   0.06122
  -0.06308
   0.05825
  -0.04727
   0.03128
  -0.01198
  -0.00858
   0.02824
  -0.04491
   0.05682
  -0.06273
   0.06200
  -0.05471
   0.04163
  -0.02414
   0.00411
   0.01637
  -0.03511
   0.05013
  -0.05986
   0.06325
  -0.05994
   0.05030
  -0.03533
   0.01663
   0.00384
  -0.02389
   0.04142
  -0.05457
   0.06194
  -0.06276
   0.05694
  -0.04510
   0.02848
  -0.00885
  -0.01172
   0.03104
  -0.04709
   0.05815
  -0.06306
   0.06129
  -0.05304
   0.03918
  -0.02118
   0.00093
   0.01942
  -0.03771
   0.05201
  -0.06081
   0.06317
  -0.05885
   0.04831
  -0.03265
   0.01354
   0.00700
  -0.02681
   0.04377
  -0.05611
   0.06251
  -0.06229
   0.05549
  -0.04281
   0.02561
  -0.00569
  -0.01483
   0.03377
  -0.04915
   0.05932
  -0.06322
   0.06043
  -0.05125
   0.03664
  -0.01816
  -0.00225
   0.02241
  -0.04021
   0.05375
  -0.06160
   0.06294
  -0.05762
   0.04620
  -0.02989
   0.01042
   0.01015
  -0.02965
   0.04601
  -0.05750
   0.06291
  -0.06166
   0.05389
  -0.04042
   0.02267
  -0.00252
  -0.01790
   0.03642
  -0.05109
   0.06035
  -0.06323
   0.05942
  -0.04932
   0.03400
  -0.01509
  -0.00542
   0.02536
  -0.04261
   0.05536
  -0.06225
   0.06255
  -0.05623
   0.04397
  -0.02705
   0.00727
   0.01328
  -0.03242
   0.04813
  -0.05875
   0.06316
  -0.06088
   0.05216
  -0.03792
   0.01967
   0.00066
  -0.02092
   0.03897
  -0.05290
   0.06122
  -0.06308
   0.05825
  -0.04727
   0.03128
  -0.01198
  -0.00858
   0.02824
  -0.04491
   0.05682
  -0.06273
   0.06200
  -0.05471
   0.04163
  -0.02414
   0.00411
   0.01637
  -0.03511
   0.05013
  -0.05986
   0.06325
  -0.05994
   0.05030
  -0.03533
   0.01663
   0.00384
  -0.02389
   0.04142
  -0.05457
   0.06194
  -0.06276
   0.05694
  -0.04510
   0.02848
  -0.00885
  -0.01172
   0.03104
  -0.04709
   0.05815
  -0.06306
   0.06129
  -0.05304
   0.03918
  -0.02118
   0.00093
   0.01942
  -0.03771
   0.05201
  -0.06081
   0.06317
  -0.05885
   0.04831
  -0.03265
   0.01354
   0.00700
  -0.02681
   0.04377
  -0.05611
   0.06251
  -0.06229
   0.05549
  -0.04281
   0.02561
  -0.00569
  -0.01483
   0.03377
  -0.04915
   0.05932
  -0.06322
   0.06043
  -0.05125
   0.03664
  -0.01816
  -0.00225
   0.02241
  -0.04021
   0.05375
  -0.06160
   0.06294
  -0.05762
   0.04620
  -0.02989
   0.01042
   0.01015
  -0.02965
   0.04601
  -0.05750
   0.06291
  -0.06166
   0.05389
  -0.04042
   0.02267
  -0.00252
  -0.01790
   0.03642
  -0.05109
   0.06035
  -0.06323
   0.05942
  -0.04932
   0.03400
  -0.01509
  -0.00542
   0.02536
  -0.04261
   0.05536
  -0.06225
   0.06255
  -0.05623
   0.04397
  -0.02705
   0.00727
   0.01328
  -0.03242
   0.04813
  -0.05875
   0.06316
  -0.06088
   0.05216
  -0.03792
   0.01967
   0.00066
  -0.02092
   0.03897
  -0.05290
   0.06122
  -0.06308
   0.05825
  -0.04727
   0.03128
  -0.01198
  -0.00858
   0.02824
  -0.04491
   0.05682
  -0.06273
   0.06200
  -0.05471
   0.04163
  -0.02414
   0.00411
   0.01637
  -0.03511
   0.05013
  -0.05986
   0.06325
  -0.05994
   0.05030
  -0.03533
   0.01663
   0.00384
  -0.02389
   0.04142
  -0.05457
   0.06194
  -0.06276
   0.05694
  -0.04510
   0.02848
  -0.00885
  -0.01172
   0.03104
  -0.04709
   0.05815
  -0.06306
   0.06129
  -0.05304
   0.03918
  -0.02118
   0.00093
   0.01942
  -0.03771
   0.05201
  -0.06081
   0.06317
  -0.05885
   0.04831
  -0.03265
   0.01354
   0.00700
  -0.02681
   0.04377
  -0.05611
   0.06251
  -0.06229
   0.05549
  -0.04281
   0.02561
  -0.00569
  -0.01483
   0.03377
  -0.04915
   0.05932
  -0.06322
   0.06043
  -0.05125
   0.03664
  -0.01816
  -0.00225
   0.02241
  -0.04021
   0.05375
  -0.06160
   0.06294
  -0.05762
   0.04620
  -0.02989
   0.01042
   0.01015
  -0.02965
   0.04601
  -0.05750
   0.06291
  -0.06166
   0.05389
  -0.04042
   0.02267
  -0.00252
  -0.01790
   0.03642
  -0.05109
   0.06035
  -0.06323
   0.05942
  -0.04932
   0.03400
  -0.01509
  -0.00542
   0.02536
  -0.04261
   0.05536
  -0.06225
   0.06255
  -0.05623
   0.04397
  -0.02705
   0.00727
   0.01328
  -0.03242
   0.04813
  -0.05875
   0.06316
  -0.06088
   0.05216
  -0.03792
   0.01967
   0.00066
  -0.02092
   0.03897
  -0.05290
   0.06122
  -0.06308
   0.05825
  -0.04727
   0.03128
  -0.01198
  -0.00858
   0.02824
  -0.04491
   0.05682
  -0.06273
   0.06200
  -0.05471
   0.04163
  -0.02414
   0.00411
   0.01637
  -0.03511
   0.05013
  -0.05986
   0.06325
  -0.05994
   0.05030
  -0.03533
   0.01663
   0.00384
  -0.02389
   0.04142
  -0.05457
   0.06194
  -0.06276
   0.05694
  -0.04510
   0.02848
  -0.00885
  -0.01172
   0.03104
  -0.04709
   0.05815
  -0.06306
   0.06129
  -0.05304
   0.03918
  -0.02118
   0.00093
   0.01942
  -0.03771
   0.05201
  -0.06081
   0.06317
  -0.05885
   0.04831
  -0.03265
   0.01354
   0.00700
  -0.02681
   0.04377
  -0.05611
   0.06251
  -0.06229
   0.05549
  -0.04281
   0.02561
  -0.00569
  -0.01483
   0.03377
  -0.04915
   0.05932
  -0.06322
   0.06043
  -0.05125
   0.03664
  -0.01816
  -0.00225
