  -0.06124
  -0.05539
  -0.04606
  -0.03384
  -0.01949
  -0.00391
   0.01191
   0.02698
   0.04036
   0.05120
   0.05883
   0.06275
   0.06274
   0.05878
   0.05113
   0.04027
   0.02688
   0.01179
  -0.00403
  -0.01960
  -0.03394
  -0.04614
  -0.05545
  -0.06127
  -0.06325
  -0.06124
  -0.05539
  -0.04606
  -0.03384
  -0.01949
  -0.00391
   0.01191
   0.02698
   0.04036
   0.05120
   0.05883
   0.06275
   0.06274
   0.05878
   0.05113
   0.04027
   0.02688
   0.01179
  -0.00403
  -0.01960
  -0.03394
  -0.04614
  -0.05545
  -0.06127
  -0.06325
  -0.06124
  -0.05539
  -0.04606
  -0.03384
  -0.01949
  -0.00391
   0.01191
   0.02698
   0.04036
   0.05120
   0.05883
   0.06275
   0.06274
   0.05878
   0.05113
   0.04027
   0.02688
   0.01179
  -0.00403
  -0.01960
  -0.03394
  -0.04614
  -0.05545
  -0.06127
  -0.06325
  -0.06124
  -0.05539
  -0.04606
  -0.03384
  -0.01949
  -0.00391
   0.01191
   0.02698
   0.04036
   0.05120
   0.05883
   0.06275
   0.06274
   0.05878
   0.05113
   0.04027
   0.02688
   0.01179
  -0.00403
  -0.01960
  -0.03394
  -0.04614
  -0.05545
  -0.06127
  -0.06325
  -0.06124
  -0.05539
  -0.04606
  -0.03384
  -0.01949
  -0.00391
   0.01191
   0.02698
   0.04036
   0.05120
   0.05883
   0.06275
   0.06274
   0.05878
   0.05113
   0.04027
   0.02688
   0.01179
  -0.00403
  -0.01960
  -0.03394
  -0.04614
  -0.05545
  -0.06127
  -0.06325
  -0.06124
  -0.05539
  -0.04606
  -0.03384
  -0.01949
  -0.00391
   0.01191
   0.02698
   0.04036
   0.05120
   0.05883
   0.06275
   0.06274
   0.05878
   0.05113
   0.04027
   0.02688
   0.01179
  -0.00403
  -0.01960
  -0.03394
  -0.04614
  -0.05545
  -0.06127
  -0.06325
  -0.06124
  -0.05539
  -0.04606
  -0.03384
  -0.01949
  -0.00391
   0.01191
   0.02698
   0.04036
   0.05120
   0.05883
   0.06275
   0.06274
   0.05878
   0.05113
   0.04027
   0.02688
   0.01179
  -0.00403
  -0.01960
  -0.03394
  -0.04614
  -0.05545
  -0.06127
  -0.06325
  -0.06124
  -0.05539
  -0.04606
  -0.03384
  -0.01949
  -0.00391
   0.01191
   0.02698
   0.04036
   0.05120
   0.05883
   0.06275
   0.06274
   0.05878
   0.05113
   0.04027
   0.02688
   0.01179
  -0.00403
  -0.01960
  -0.03394
  -0.04614
  -0.05545
  -0.06127
  -0.06325
  -0.06124
  -0.05539
  -0.04606
  -0.03384
  -0.01949
  -0.00391
   0.01191
   0.02698
   0.04036
   0.05120
   0.05883
   0.06275
   0.06274
   0.05878
   0.05113
   0.04027
   0.02688
   0.01179
  -0.00403
  -0.01960
  -0.03394
  -0.04614
  -0.05545
  -0.06127
  -0.06325
  -0.06124
  -0.05539
  -0.04606
  -0.03384
  -0.01949
  -0.00391
   0.01191
   0.02698
   0.04036
   0.05120
   0.05883
   0.06275
   0.06274
   0.05878
   0.05113
   0.04027
   0.02688
   0.01179
  -0.00403
  -0.01960
  -0.03394
  -0.04614
  -0.05545
  -0.06127
  -0.06325
  -0.06124
  -0.05539
  -0.04606
  -0.03384
  -0.01949
  -0.00391
   0.01191
   0.02698
   0.04036
   0.05120
   0.05883
   0.06275
   0.06274
   0.05878
   0.05113
   0.04027
   0.02688
   0.01179
  -0.00403
  -0.01960
  -0.03394
  -0.04614
  -0.05545
  -0.06127
  -0.06325
  -0.06124
  -0.05539
  -0.04606
  -0.03384
  -0.01949
  -0.00391
   0.01191
   0.02698
   0.04036
   0.05120
   0.05883
   0.06275
   0.06274
   0.05878
   0.05113
   0.04027
   0.02688
   0.01179
  -0.00403
  -0.01960
  -0.03394
  -0.04614
  -0.05545
  -0.06127
  -0.06325
  -0.06124
  -0.05539
  -0.04606
  -0.03384
  -0.01949
  -0.00391
   0.01191
   0.02698
   0.04036
   0.05120
   0.05883
   0.06275
   0.06274
   0.05878
   0.05113
   0.04027
   0.02688
   0.01179
  -0.00403
  -0.01960
  -0.03394
  -0.04614
  -0.05545
  -0.06127
  -0.06325
  -0.06124
  -0.05539
  -0.04606
  -0.03384
  -0.01949
  -0.00391
   0.01191
   0.02698
   0.04036
   0.05120
   0.05883
   0.06275
   0.06274
   0.05878
   0.05113
   0.04027
   0.02688
   0.01179
  -0.00403
  -0.01960
  -0.03394
  -0.04614
  -0.05545
  -0.06127
  -0.06325
  -0.06124
  -0.05539
  -0.04606
  -0.03384
  -0.01949
  -0.00391
   0.01191
   0.02698
   0.04036
   0.05120
   0.05883
   0.06275
   0.06274
   0.05878
   0.05113
   0.04027
   0.02688
   0.01179
  -0.00403
  -0.01960
  -0.03394
  -0.04614
  -0.05545
  -0.06127
  -0.06325
  -0.06124
  -0.05539
  -0.04606
  -0.03384
  -0.01949
  -0.00391
   0.01191
   0.02698
   0.04036
   0.05120
   0.05883
   0.06275
   0.06274
   0.05878
   0.05113
   0.04027
   0.02688
   0.01179
  -0.00403
  -0.01960
  -0.03394
  -0.04614
  -0.05545
  -0.06127
  -0.06325
  -0.06124
  -0.05539
  -0.04606
  -0.03384
  -0.01949
  -0.00391
   0.01191
   0.02698
   0.04036
   0.05120
   0.05883
   0.06275
   0.06274
   0.05878
   0.05113
   0.04027
   0.02688
   0.01179
  -0.00403
  -0.01960
  -0.03394
  -0.04614
  -0.05545
  -0.06127
  -0.06325
  -0.06124
  -0.05539
  -0.04606
  -0.03384
  -0.01949
  -0.00391
   0.01191
   0.02698
   0.04036
   0.05120
   0.05883
   0.06275
   0.06274
   0.05878
   0.05113
   0.04027
   0.02688
   0.01179
  -0.00403
  -0.01960
  -0.03394
  -0.04614
  -0.05545
  -0.06127
  -0.06325
  -0.06124
  -0.05539
  -0.04606
  -0.03384
  -0.01949
  -0.00391
   0.01191
   0.02698
   0.04036
   0.05120
   0.05883
   0.06275
   0.06274
   0.05878
   0.05113
   0.04027
   0.02688
   0.01179
  -0.00403
  -0.01960
  -0.03394
  -0.04614
  -0.05545
  -0.06127
  -0.06325
  -0.06124
  -0.05539
  -0.04606
  -0.03384
  -0.01949
  -0.00391
   0.01191
   0.02698
   0.04036
   0.05120
   0.05883
   0.06275
   0.06274
   0.05878
   0.05113
   0.04027
   0.02688
   0.01179
  -0.00403
  -0.01960
  -0.03394
  -0.04614
  -0.05545
  -0.06127
  -0.06325
