   0.05239
   0.05767
   0.00818
  -0.04907
  -0.05973
  -0.01366
   0.04538
   0.06132
   0.01903
  -0.04133
  -0.06245
  -0.02426
   0.03696
   0.06308
   0.02930
  -0.03231
  -0.06324
  -0.03411
   0.02741
   0.06290
   0.03865
  -0.02230
  -0.06208
  -0.04290
   0.01701
   0.06077
   0.04682
  -0.01160
  -0.05900
  -0.05037
   0.00609
   0.05677
   0.05354
  -0.00054
  -0.05410
  -0.05629
  -0.00502
   0.05101
   0.05861
   0.01054
  -0.04753
  -0.06047
  -0.01598
   0.04368
   0.06186
   0.02129
  -0.03950
  -0.06278
  -0.02644
   0.03500
   0.06321
   0.03139
  -0.03024
  -0.06315
  -0.03609
   0.02524
   0.06261
   0.04051
  -0.02005
  -0.06158
  -0.04462
   0.01471
   0.06007
   0.04839
  -0.00924
  -0.05810
  -0.05178
   0.00371
   0.05568
   0.05477
   0.00185
  -0.05283
  -0.05734
  -0.00740
   0.04957
   0.05946
   0.01288
  -0.04593
  -0.06112
  -0.01827
   0.04193
   0.06231
   0.02352
  -0.03761
  -0.06302
  -0.02859
   0.03299
   0.06325
   0.03344
  -0.02813
  -0.06298
  -0.03802
   0.02304
   0.06222
   0.04232
  -0.01778
  -0.06099
  -0.04628
   0.01238
   0.05928
   0.04989
  -0.00688
  -0.05712
  -0.05311
   0.00133
   0.05451
   0.05592
   0.00423
  -0.05148
  -0.05830
  -0.00976
   0.04805
   0.06023
   0.01521
  -0.04425
  -0.06169
  -0.02054
   0.04011
   0.06268
   0.02572
  -0.03566
  -0.06318
  -0.03070
   0.03094
   0.06319
   0.03544
  -0.02597
  -0.06271
  -0.03990
   0.02080
   0.06175
   0.04406
  -0.01548
  -0.06031
  -0.04787
   0.01003
   0.05841
   0.05132
  -0.00451
  -0.05605
  -0.05437
  -0.00105
   0.05326
   0.05700
   0.00661
  -0.05006
  -0.05918
  -0.01211
   0.04647
   0.06091
   0.01751
  -0.04252
  -0.06217
  -0.02278
   0.03824
   0.06295
   0.02788
  -0.03367
  -0.06324
  -0.03276
   0.02884
   0.06305
   0.03738
  -0.02378
  -0.06236
  -0.04172
   0.01854
   0.06119
   0.04574
  -0.01315
  -0.05955
  -0.04940
   0.00767
   0.05745
   0.05268
  -0.00212
  -0.05491
  -0.05555
  -0.00344
   0.05194
   0.05799
   0.00897
  -0.04857
  -0.05998
  -0.01444
   0.04482
   0.06151
   0.01979
  -0.04073
  -0.06257
  -0.02499
   0.03632
   0.06314
   0.03000
  -0.03163
  -0.06322
  -0.03477
   0.02669
   0.06281
   0.03928
  -0.02155
  -0.06192
  -0.04348
   0.01625
   0.06055
   0.04735
  -0.01081
  -0.05871
  -0.05085
   0.00530
   0.05641
   0.05396
   0.00026
  -0.05368
  -0.05665
  -0.00581
   0.05054
   0.05890
   0.01132
  -0.04700
  -0.06070
  -0.01675
   0.04311
   0.06202
   0.02204
  -0.03887
  -0.06287
  -0.02716
   0.03434
   0.06323
   0.03208
  -0.02954
  -0.06310
  -0.03674
   0.02451
   0.06249
   0.04112
  -0.01930
  -0.06139
  -0.04518
   0.01393
   0.05982
   0.04890
  -0.00846
  -0.05778
  -0.05223
   0.00292
   0.05530
   0.05516
   0.00264
  -0.05239
  -0.05767
  -0.00818
   0.04907
   0.05973
   0.01366
  -0.04538
  -0.06132
  -0.01903
   0.04133
   0.06245
   0.02426
  -0.03696
  -0.06308
  -0.02930
   0.03231
   0.06324
   0.03411
  -0.02741
  -0.06290
  -0.03865
   0.02230
   0.06208
   0.04290
  -0.01701
  -0.06077
  -0.04682
   0.01160
   0.05900
   0.05037
  -0.00609
  -0.05677
  -0.05354
   0.00054
   0.05410
   0.05629
   0.00502
  -0.05101
  -0.05861
  -0.01054
   0.04753
   0.06047
   0.01598
  -0.04368
  -0.06186
  -0.02129
   0.03950
   0.06278
   0.02644
  -0.03500
  -0.06321
  -0.03139
   0.03024
   0.06315
   0.03609
  -0.02524
  -0.06261
  -0.04051
   0.02005
   0.06158
   0.04462
  -0.01471
  -0.06007
  -0.04839
   0.00924
   0.05810
   0.05178
  -0.00371
  -0.05568
  -0.05477
  -0.00185
   0.05283
   0.05734
   0.00740
  -0.04957
  -0.05946
  -0.01288
   0.04593
   0.06112
   0.01827
  -0.04193
  -0.06231
  -0.02352
   0.03761
   0.06302
   0.02859
  -0.03299
  -0.06325
  -0.03344
   0.02813
   0.06298
   0.03802
  -0.02304
  -0.06222
  -0.04232
   0.01778
   0.06099
   0.04628
  -0.01238
  -0.05928
  -0.04989
   0.00688
   0.05712
   0.05311
  -0.00133
  -0.05451
  -0.05592
  -0.00423
   0.05148
   0.05830
   0.00976
  -0.04805
  -0.06023
  -0.01521
   0.04425
   0.06169
   0.02054
  -0.04011
  -0.06268
  -0.02572
   0.03566
   0.06318
   0.03070
  -0.03094
  -0.06319
  -0.03544
   0.02597
   0.06271
   0.03990
  -0.02080
  -0.06175
  -0.04406
   0.01548
   0.06031
   0.04787
  -0.01003
  -0.05841
  -0.05132
   0.00451
   0.05605
   0.05437
   0.00105
  -0.05326
  -0.05700
  -0.00661
   0.05006
   0.05918
   0.01211
  -0.04647
  -0.06091
  -0.01751
   0.04252
   0.06217
   0.02278
  -0.03824
  -0.06295
  -0.02788
   0.03367
   0.06324
   0.03276
  -0.02884
  -0.06305
  -0.03738
   0.02378
   0.06236
   0.04172
  -0.01854
  -0.06119
  -0.04574
   0.01315
   0.05955
   0.04940
  -0.00767
  -0.05745
  -0.05268
   0.00212
   0.05491
   0.05555
   0.00344
  -0.05194
  -0.05799
  -0.00897
   0.04857
   0.05998
   0.01444
  -0.04482
  -0.06151
  -0.01979
   0.04073
   0.06257
   0.02499
  -0.03632
  -0.06314
  -0.03000
   0.03163
   0.06322
   0.03477
  -0.02669
  -0.06281
  -0.03928
   0.02155
   0.06192
   0.04348
  -0.01625
  -0.06055
  -0.04735
   0.01081
   0.05871
   0.05085
  -0.00530
  -0.05641
  -0.05396
  -0.00026
   0.05368
   0.05665
   0.00581
  -0.05054
  -0.05890
  -0.01132
   0.04700
   0.06070
   0.01675
  -0.04311
  -0.06202
  -0.02204
   0.03887
   0.06287
   0.02716
  -0.03434
  -0.06323
  -0.03208
   0.02954
   0.06310
   0.03674
  -0.02451
  -0.06249
  -0.04112
   0.01930
   0.06139
   0.04518
  -0.01393
  -0.05982
  -0.04890
   0.00846
   0.05778
   0.05223
  -0.00292
  -0.05530
  -0.05516
  -0.00264
