   0.03038
   0.05335
   0.06311
   0.05727
   0.03726
   0.00803
  -0.02319
  -0.04867
  -0.06211
  -0.06018
  -0.04337
  -0.01582
   0.01563
   0.04322
   0.06012
   0.06214
   0.04879
   0.02337
  -0.00783
  -0.03709
  -0.05718
  -0.06313
  -0.05345
  -0.03056
  -0.00010
   0.03038
   0.05335
   0.06311
   0.05727
   0.03726
   0.00803
  -0.02319
  -0.04867
  -0.06211
  -0.06018
  -0.04337
  -0.01582
   0.01563
   0.04322
   0.06012
   0.06214
   0.04879
   0.02337
  -0.00783
  -0.03709
  -0.05718
  -0.06313
  -0.05345
  -0.03056
  -0.00010
   0.03038
   0.05335
   0.06311
   0.05727
   0.03726
   0.00803
  -0.02319
  -0.04867
  -0.06211
  -0.06018
  -0.04337
  -0.01582
   0.01563
   0.04322
   0.06012
   0.06214
   0.04879
   0.02337
  -0.00783
  -0.03709
  -0.05718
  -0.06313
  -0.05345
  -0.03056
  -0.00010
   0.03038
   0.05335
   0.06311
   0.05727
   0.03726
   0.00803
  -0.02319
  -0.04867
  -0.06211
  -0.06018
  -0.04337
  -0.01582
   0.01563
   0.04322
   0.06012
   0.06214
   0.04879
   0.02337
  -0.00783
  -0.03709
  -0.05718
  -0.06313
  -0.05345
  -0.03056
  -0.00010
   0.03038
   0.05335
   0.06311
   0.05727
   0.03726
   0.00803
  -0.02319
  -0.04867
  -0.06211
  -0.06018
  -0.04337
  -0.01582
   0.01563
   0.04322
   0.06012
   0.06214
   0.04879
   0.02337
  -0.00783
  -0.03709
  -0.05718
  -0.06313
  -0.05345
  -0.03056
  -0.00010
   0.03038
   0.05335
   0.06311
   0.05727
   0.03726
   0.00803
  -0.02319
  -0.04867
  -0.06211
  -0.06018
  -0.04337
  -0.01582
   0.01563
   0.04322
   0.06012
   0.06214
   0.04879
   0.02337
  -0.00783
  -0.03709
  -0.05718
  -0.06313
  -0.05345
  -0.03056
  -0.00010
   0.03038
   0.05335
   0.06311
   0.05727
   0.03726
   0.00803
  -0.02319
  -0.04867
  -0.06211
  -0.06018
  -0.04337
  -0.01582
   0.01563
   0.04322
   0.06012
   0.06214
   0.04879
   0.02337
  -0.00783
  -0.03709
  -0.05718
  -0.06313
  -0.05345
  -0.03056
  -0.00010
   0.03038
   0.05335
   0.06311
   0.05727
   0.03726
   0.00803
  -0.02319
  -0.04867
  -0.06211
  -0.06018
  -0.04337
  -0.01582
   0.01563
   0.04322
   0.06012
   0.06214
   0.04879
   0.02337
  -0.00783
  -0.03709
  -0.05718
  -0.06313
  -0.05345
  -0.03056
  -0.00010
   0.03038
   0.05335
   0.06311
   0.05727
   0.03726
   0.00803
  -0.02319
  -0.04867
  -0.06211
  -0.06018
  -0.04337
  -0.01582
   0.01563
   0.04322
   0.06012
   0.06214
   0.04879
   0.02337
  -0.00783
  -0.03709
  -0.05718
  -0.06313
  -0.05345
  -0.03056
  -0.00010
   0.03038
   0.05335
   0.06311
   0.05727
   0.03726
   0.00803
  -0.02319
  -0.04867
  -0.06211
  -0.06018
  -0.04337
  -0.01582
   0.01563
   0.04322
   0.06012
   0.06214
   0.04879
   0.02337
  -0.00783
  -0.03709
  -0.05718
  -0.06313
  -0.05345
  -0.03056
  -0.00010
   0.03038
   0.05335
   0.06311
   0.05727
   0.03726
   0.00803
  -0.02319
  -0.04867
  -0.06211
  -0.06018
  -0.04337
  -0.01582
   0.01563
   0.04322
   0.06012
   0.06214
   0.04879
   0.02337
  -0.00783
  -0.03709
  -0.05718
  -0.06313
  -0.05345
  -0.03056
  -0.00010
   0.03038
   0.05335
   0.06311
   0.05727
   0.03726
   0.00803
  -0.02319
  -0.04867
  -0.06211
  -0.06018
  -0.04337
  -0.01582
   0.01563
   0.04322
   0.06012
   0.06214
   0.04879
   0.02337
  -0.00783
  -0.03709
  -0.05718
  -0.06313
  -0.05345
  -0.03056
  -0.00010
   0.03038
   0.05335
   0.06311
   0.05727
   0.03726
   0.00803
  -0.02319
  -0.04867
  -0.06211
  -0.06018
  -0.04337
  -0.01582
   0.01563
   0.04322
   0.06012
   0.06214
   0.04879
   0.02337
  -0.00783
  -0.03709
  -0.05718
  -0.06313
  -0.05345
  -0.03056
  -0.00010
   0.03038
   0.05335
   0.06311
   0.05727
   0.03726
   0.00803
  -0.02319
  -0.04867
  -0.06211
  -0.06018
  -0.04337
  -0.01582
   0.01563
   0.04322
   0.06012
   0.06214
   0.04879
   0.02337
  -0.00783
  -0.03709
  -0.05718
  -0.06313
  -0.05345
  -0.03056
  -0.00010
   0.03038
   0.05335
   0.06311
   0.05727
   0.03726
   0.00803
  -0.02319
  -0.04867
  -0.06211
  -0.06018
  -0.04337
  -0.01582
   0.01563
   0.04322
   0.06012
   0.06214
   0.04879
   0.02337
  -0.00783
  -0.03709
  -0.05718
  -0.06313
  -0.05345
  -0.03056
  -0.00010
   0.03038
   0.05335
   0.06311
   0.05727
   0.03726
   0.00803
  -0.02319
  -0.04867
  -0.06211
  -0.06018
  -0.04337
  -0.01582
   0.01563
   0.04322
   0.06012
   0.06214
   0.04879
   0.02337
  -0.00783
  -0.03709
  -0.05718
  -0.06313
  -0.05345
  -0.03056
  -0.00010
   0.03038
   0.05335
   0.06311
   0.05727
   0.03726
   0.00803
  -0.02319
  -0.04867
  -0.06211
  -0.06018
  -0.04337
  -0.01582
   0.01563
   0.04322
   0.06012
   0.06214
   0.04879
   0.02337
  -0.00783
  -0.03709
  -0.05718
  -0.06313
  -0.05345
  -0.03056
  -0.00010
   0.03038
   0.05335
   0.06311
   0.05727
   0.03726
   0.00803
  -0.02319
  -0.04867
  -0.06211
  -0.06018
  -0.04337
  -0.01582
   0.01563
   0.04322
   0.06012
   0.06214
   0.04879
   0.02337
  -0.00783
  -0.03709
  -0.05718
  -0.06313
  -0.05345
  -0.03056
  -0.00010
   0.03038
   0.05335
   0.06311
   0.05727
   0.03726
   0.00803
  -0.02319
  -0.04867
  -0.06211
  -0.06018
  -0.04337
  -0.01582
   0.01563
   0.04322
   0.06012
   0.06214
   0.04879
   0.02337
  -0.00783
  -0.03709
  -0.05718
  -0.06313
  -0.05345
  -0.03056
  -0.00010
   0.03038
   0.05335
   0.06311
   0.05727
   0.03726
   0.00803
  -0.02319
  -0.04867
  -0.06211
  -0.06018
  -0.04337
  -0.01582
   0.01563
   0.04322
   0.06012
   0.06214
   0.04879
   0.02337
  -0.00783
  -0.03709
  -0.05718
  -0.06313
  -0.05345
  -0.03056
  -0.00010
