   0.04527
  -0.06304
   0.03750
   0.01379
  -0.05561
   0.05924
  -0.02218
  -0.03011
   0.06172
  -0.05094
   0.00517
   0.04415
  -0.06315
   0.03877
   0.01223
  -0.05483
   0.05977
  -0.02366
  -0.02870
   0.06135
  -0.05186
   0.00675
   0.04300
  -0.06321
   0.04002
   0.01067
  -0.05402
   0.06027
  -0.02513
  -0.02728
   0.06095
  -0.05276
   0.00833
   0.04182
  -0.06324
   0.04123
   0.00910
  -0.05318
   0.06074
  -0.02658
  -0.02584
   0.06050
  -0.05362
   0.00990
   0.04061
  -0.06323
   0.04243
   0.00752
  -0.05230
   0.06116
  -0.02801
  -0.02438
   0.06002
  -0.05444
   0.01147
   0.03938
  -0.06318
   0.04359
   0.00594
  -0.05139
   0.06155
  -0.02943
  -0.02290
   0.05950
  -0.05524
   0.01303
   0.03812
  -0.06309
   0.04473
   0.00436
  -0.05045
   0.06189
  -0.03083
  -0.02141
   0.05895
  -0.05599
   0.01458
   0.03684
  -0.06296
   0.04584
   0.00277
  -0.04948
   0.06220
  -0.03220
  -0.01991
   0.05835
  -0.05671
   0.01612
   0.03554
  -0.06279
   0.04692
   0.00118
  -0.04847
   0.06247
  -0.03356
  -0.01840
   0.05772
  -0.05740
   0.01766
   0.03421
  -0.06258
   0.04797
  -0.00041
  -0.04743
   0.06270
  -0.03490
  -0.01687
   0.05705
  -0.05805
   0.01918
   0.03287
  -0.06234
   0.04899
  -0.00200
  -0.04637
   0.06289
  -0.03621
  -0.01533
   0.05635
  -0.05866
   0.02068
   0.03150
  -0.06205
   0.04998
  -0.00359
  -0.04527
   0.06304
  -0.03750
  -0.01379
   0.05561
  -0.05924
   0.02218
   0.03011
  -0.06172
   0.05094
  -0.00517
  -0.04415
   0.06315
  -0.03877
  -0.01223
   0.05483
  -0.05977
   0.02366
   0.02870
  -0.06135
   0.05186
  -0.00675
  -0.04300
   0.06321
  -0.04002
  -0.01067
   0.05402
  -0.06027
   0.02513
   0.02728
  -0.06095
   0.05276
  -0.00833
  -0.04182
   0.06324
  -0.04123
  -0.00910
   0.05318
  -0.06074
   0.02658
   0.02584
  -0.06050
   0.05362
  -0.00990
  -0.04061
   0.06323
  -0.04243
  -0.00752
   0.05230
  -0.06116
   0.02801
   0.02438
  -0.06002
   0.05444
  -0.01147
  -0.03938
   0.06318
  -0.04359
  -0.00594
   0.05139
  -0.06155
   0.02943
   0.02290
  -0.05950
   0.05524
  -0.01303
  -0.03812
   0.06309
  -0.04473
  -0.00436
   0.05045
  -0.06189
   0.03083
   0.02141
  -0.05895
   0.05599
  -0.01458
  -0.03684
   0.06296
  -0.04584
  -0.00277
   0.04948
  -0.06220
   0.03220
   0.01991
  -0.05835
   0.05671
  -0.01612
  -0.03554
   0.06279
  -0.04692
  -0.00118
   0.04847
  -0.06247
   0.03356
   0.01840
  -0.05772
   0.05740
  -0.01766
  -0.03421
   0.06258
  -0.04797
   0.00041
   0.04743
  -0.06270
   0.03490
   0.01687
  -0.05705
   0.05805
  -0.01918
  -0.03287
   0.06234
  -0.04899
   0.00200
   0.04637
  -0.06289
   0.03621
   0.01533
  -0.05635
   0.05866
  -0.02068
  -0.03150
   0.06205
  -0.04998
   0.00359
   0.04527
  -0.06304
   0.03750
   0.01379
  -0.05561
   0.05924
  -0.02218
  -0.03011
   0.06172
  -0.05094
   0.00517
   0.04415
  -0.06315
   0.03877
   0.01223
  -0.05483
   0.05977
  -0.02366
  -0.02870
   0.06135
  -0.05186
   0.00675
   0.04300
  -0.06321
   0.04002
   0.01067
  -0.05402
   0.06027
  -0.02513
  -0.02728
   0.06095
  -0.05276
   0.00833
   0.04182
  -0.06324
   0.04123
   0.00910
  -0.05318
   0.06074
  -0.02658
  -0.02584
   0.06050
  -0.05362
   0.00990
   0.04061
  -0.06323
   0.04243
   0.00752
  -0.05230
   0.06116
  -0.02801
  -0.02438
   0.06002
  -0.05444
   0.01147
   0.03938
  -0.06318
   0.04359
   0.00594
  -0.05139
   0.06155
  -0.02943
  -0.02290
   0.05950
  -0.05524
   0.01303
   0.03812
  -0.06309
   0.04473
   0.00436
  -0.05045
   0.06189
  -0.03083
  -0.02141
   0.05895
  -0.05599
   0.01458
   0.03684
  -0.06296
   0.04584
   0.00277
  -0.04948
   0.06220
  -0.03220
  -0.01991
   0.05835
  -0.05671
   0.01612
   0.03554
  -0.06279
   0.04692
   0.00118
  -0.04847
   0.06247
  -0.03356
  -0.01840
   0.05772
  -0.05740
   0.01766
   0.03421
  -0.06258
   0.04797
  -0.00041
  -0.04743
   0.06270
  -0.03490
  -0.01687
   0.05705
  -0.05805
   0.01918
   0.03287
  -0.06234
   0.04899
  -0.00200
  -0.04637
   0.06289
  -0.03621
  -0.01533
   0.05635
  -0.05866
   0.02068
   0.03150
  -0.06205
   0.04998
  -0.00359
  -0.04527
   0.06304
  -0.03750
  -0.01379
   0.05561
  -0.05924
   0.02218
   0.03011
  -0.06172
   0.05094
  -0.00517
  -0.04415
   0.06315
  -0.03877
  -0.01223
   0.05483
  -0.05977
   0.02366
   0.02870
  -0.06135
   0.05186
  -0.00675
  -0.04300
   0.06321
  -0.04002
  -0.01067
   0.05402
  -0.06027
   0.02513
   0.02728
  -0.06095
   0.05276
  -0.00833
  -0.04182
   0.06324
  -0.04123
  -0.00910
   0.05318
  -0.06074
   0.02658
   0.02584
  -0.06050
   0.05362
  -0.00990
  -0.04061
   0.06323
  -0.04243
  -0.00752
   0.05230
  -0.06116
   0.02801
   0.02438
  -0.06002
   0.05444
  -0.01147
  -0.03938
   0.06318
  -0.04359
  -0.00594
   0.05139
  -0.06155
   0.02943
   0.02290
  -0.05950
   0.05524
  -0.01303
  -0.03812
   0.06309
  -0.04473
  -0.00436
   0.05045
  -0.06189
   0.03083
   0.02141
  -0.05895
   0.05599
  -0.01458
  -0.03684
   0.06296
  -0.04584
  -0.00277
   0.04948
  -0.06220
   0.03220
   0.01991
  -0.05835
   0.05671
  -0.01612
  -0.03554
   0.06279
  -0.04692
  -0.00118
   0.04847
  -0.06247
   0.03356
   0.01840
  -0.05772
   0.05740
  -0.01766
  -0.03421
   0.06258
  -0.04797
   0.00041
   0.04743
  -0.06270
   0.03490
   0.01687
  -0.05705
   0.05805
  -0.01918
  -0.03287
   0.06234
  -0.04899
   0.00200
   0.04637
  -0.06289
   0.03621
   0.01533
  -0.05635
   0.05866
  -0.02068
  -0.03150
   0.06205
  -0.04998
   0.00359
