   0.05287
   0.05827
   0.01202
  -0.04488
  -0.06201
  -0.02418
   0.03507
   0.06325
   0.03537
  -0.02386
  -0.06194
  -0.04513
   0.01168
   0.05813
   0.05307
   0.00097
  -0.05198
  -0.05887
  -0.01358
   0.04374
   0.06230
   0.02564
  -0.03374
  -0.06322
  -0.03667
   0.02238
   0.06159
   0.04622
  -0.01011
  -0.05749
  -0.05391
  -0.00256
   0.05106
   0.05943
   0.01513
  -0.04258
  -0.06255
  -0.02709
   0.03238
   0.06316
   0.03796
  -0.02088
  -0.06121
  -0.04729
   0.00854
   0.05681
   0.05473
   0.00415
  -0.05011
  -0.05996
  -0.01667
   0.04139
   0.06277
   0.02852
  -0.03101
  -0.06305
  -0.03922
   0.01938
   0.06080
   0.04834
  -0.00696
  -0.05609
  -0.05551
  -0.00573
   0.04912
   0.06044
   0.01820
  -0.04018
  -0.06294
  -0.02993
   0.02961
   0.06291
   0.04045
  -0.01786
  -0.06034
  -0.04935
   0.00538
   0.05534
   0.05625
   0.00731
  -0.04811
  -0.06089
  -0.01971
   0.03894
   0.06308
   0.03132
  -0.02820
  -0.06272
  -0.04166
   0.01633
   0.05984
   0.05032
  -0.00379
  -0.05455
  -0.05696
  -0.00889
   0.04706
   0.06130
   0.02122
  -0.03767
  -0.06317
  -0.03269
   0.02677
   0.06250
   0.04284
  -0.01479
  -0.05931
  -0.05127
   0.00221
   0.05373
   0.05763
   0.01046
  -0.04598
  -0.06167
  -0.02271
   0.03638
   0.06323
   0.03404
  -0.02532
  -0.06224
  -0.04400
   0.01324
   0.05874
   0.05218
  -0.00062
  -0.05287
  -0.05827
  -0.01202
   0.04488
   0.06201
   0.02418
  -0.03507
  -0.06325
  -0.03537
   0.02386
   0.06194
   0.04513
  -0.01168
  -0.05813
  -0.05307
  -0.00097
   0.05198
   0.05887
   0.01358
  -0.04374
  -0.06230
  -0.02564
   0.03374
   0.06322
   0.03667
  -0.02238
  -0.06159
  -0.04622
   0.01011
   0.05749
   0.05391
   0.00256
  -0.05106
  -0.05943
  -0.01513
   0.04258
   0.06255
   0.02709
  -0.03238
  -0.06316
  -0.03796
   0.02088
   0.06121
   0.04729
  -0.00854
  -0.05681
  -0.05473
  -0.00415
   0.05011
   0.05996
   0.01667
  -0.04139
  -0.06277
  -0.02852
   0.03101
   0.06305
   0.03922
  -0.01938
  -0.06080
  -0.04834
   0.00696
   0.05609
   0.05551
   0.00573
  -0.04912
  -0.06044
  -0.01820
   0.04018
   0.06294
   0.02993
  -0.02961
  -0.06291
  -0.04045
   0.01786
   0.06034
   0.04935
  -0.00538
  -0.05534
  -0.05625
  -0.00731
   0.04811
   0.06089
   0.01971
  -0.03894
  -0.06308
  -0.03132
   0.02820
   0.06272
   0.04166
  -0.01633
  -0.05984
  -0.05032
   0.00379
   0.05455
   0.05696
   0.00889
  -0.04706
  -0.06130
  -0.02122
   0.03767
   0.06317
   0.03269
  -0.02677
  -0.06250
  -0.04284
   0.01479
   0.05931
   0.05127
  -0.00221
  -0.05373
  -0.05763
  -0.01046
   0.04598
   0.06167
   0.02271
  -0.03638
  -0.06323
  -0.03404
   0.02532
   0.06224
   0.04400
  -0.01324
  -0.05874
  -0.05218
   0.00062
   0.05287
   0.05827
   0.01202
  -0.04488
  -0.06201
  -0.02418
   0.03507
   0.06325
   0.03537
  -0.02386
  -0.06194
  -0.04513
   0.01168
   0.05813
   0.05307
   0.00097
  -0.05198
  -0.05887
  -0.01358
   0.04374
   0.06230
   0.02564
  -0.03374
  -0.06322
  -0.03667
   0.02238
   0.06159
   0.04622
  -0.01011
  -0.05749
  -0.05391
  -0.00256
   0.05106
   0.05943
   0.01513
  -0.04258
  -0.06255
  -0.02709
   0.03238
   0.06316
   0.03796
  -0.02088
  -0.06121
  -0.04729
   0.00854
   0.05681
   0.05473
   0.00415
  -0.05011
  -0.05996
  -0.01667
   0.04139
   0.06277
   0.02852
  -0.03101
  -0.06305
  -0.03922
   0.01938
   0.06080
   0.04834
  -0.00696
  -0.05609
  -0.05551
  -0.00573
   0.04912
   0.06044
   0.01820
  -0.04018
  -0.06294
  -0.02993
   0.02961
   0.06291
   0.04045
  -0.01786
  -0.06034
  -0.04935
   0.00538
   0.05534
   0.05625
   0.00731
  -0.04811
  -0.06089
  -0.01971
   0.03894
   0.06308
   0.03132
  -0.02820
  -0.06272
  -0.04166
   0.01633
   0.05984
   0.05032
  -0.00379
  -0.05455
  -0.05696
  -0.00889
   0.04706
   0.06130
   0.02122
  -0.03767
  -0.06317
  -0.03269
   0.02677
   0.06250
   0.04284
  -0.01479
  -0.05931
  -0.05127
   0.00221
   0.05373
   0.05763
   0.01046
  -0.04598
  -0.06167
  -0.02271
   0.03638
   0.06323
   0.03404
  -0.02532
  -0.06224
  -0.04400
   0.01324
   0.05874
   0.05218
  -0.00062
  -0.05287
  -0.05827
  -0.01202
   0.04488
   0.06201
   0.02418
  -0.03507
  -0.06325
  -0.03537
   0.02386
   0.06194
   0.04513
  -0.01168
  -0.05813
  -0.05307
  -0.00097
   0.05198
   0.05887
   0.01358
  -0.04374
  -0.06230
  -0.02564
   0.03374
   0.06322
   0.03667
  -0.02238
  -0.06159
  -0.04622
   0.01011
   0.05749
   0.05391
   0.00256
  -0.05106
  -0.05943
  -0.01513
   0.04258
   0.06255
   0.02709
  -0.03238
  -0.06316
  -0.03796
   0.02088
   0.06121
   0.04729
  -0.00854
  -0.05681
  -0.05473
  -0.00415
   0.05011
   0.05996
   0.01667
  -0.04139
  -0.06277
  -0.02852
   0.03101
   0.06305
   0.03922
  -0.01938
  -0.06080
  -0.04834
   0.00696
   0.05609
   0.05551
   0.00573
  -0.04912
  -0.06044
  -0.01820
   0.04018
   0.06294
   0.02993
  -0.02961
  -0.06291
  -0.04045
   0.01786
   0.06034
   0.04935
  -0.00538
  -0.05534
  -0.05625
  -0.00731
   0.04811
   0.06089
   0.01971
  -0.03894
  -0.06308
  -0.03132
   0.02820
   0.06272
   0.04166
  -0.01633
  -0.05984
  -0.05032
   0.00379
   0.05455
   0.05696
   0.00889
  -0.04706
  -0.06130
  -0.02122
   0.03767
   0.06317
   0.03269
  -0.02677
  -0.06250
  -0.04284
   0.01479
   0.05931
   0.05127
  -0.00221
  -0.05373
  -0.05763
  -0.01046
   0.04598
   0.06167
   0.02271
  -0.03638
  -0.06323
  -0.03404
   0.02532
   0.06224
   0.04400
  -0.01324
  -0.05874
  -0.05218
   0.00062
