   0.03475
  -0.02815
  -0.06311
  -0.03541
   0.02744
   0.06305
   0.03607
  -0.02672
  -0.06298
  -0.03672
   0.02600
   0.06290
   0.03736
  -0.02527
  -0.06282
  -0.03800
   0.02454
   0.06272
   0.03863
  -0.02381
  -0.06261
  -0.03926
   0.02307
   0.06249
   0.03988
  -0.02233
  -0.06237
  -0.04049
   0.02158
   0.06223
   0.04110
  -0.02083
  -0.06208
  -0.04170
   0.02008
   0.06193
   0.04229
  -0.01932
  -0.06176
  -0.04288
   0.01857
   0.06158
   0.04346
  -0.01781
  -0.06140
  -0.04404
   0.01704
   0.06120
   0.04460
  -0.01627
  -0.06100
  -0.04516
   0.01551
   0.06078
   0.04572
  -0.01473
  -0.06056
  -0.04626
   0.01396
   0.06032
   0.04680
  -0.01318
  -0.06008
  -0.04733
   0.01240
   0.05983
   0.04785
  -0.01162
  -0.05956
  -0.04837
   0.01084
   0.05929
   0.04888
  -0.01006
  -0.05901
  -0.04938
   0.00927
   0.05872
   0.04987
  -0.00849
  -0.05842
  -0.05036
   0.00770
   0.05811
   0.05083
  -0.00691
  -0.05779
  -0.05130
   0.00612
   0.05746
   0.05176
  -0.00533
  -0.05713
  -0.05222
   0.00453
   0.05678
   0.05266
  -0.00374
  -0.05643
  -0.05310
   0.00295
   0.05606
   0.05352
  -0.00215
  -0.05569
  -0.05394
   0.00136
   0.05531
   0.05435
  -0.00056
  -0.05492
  -0.05476
  -0.00023
   0.05452
   0.05515
   0.00103
  -0.05412
  -0.05553
  -0.00182
   0.05370
   0.05591
   0.00261
  -0.05328
  -0.05628
  -0.00341
   0.05284
   0.05663
   0.00420
  -0.05240
  -0.05698
  -0.00499
   0.05195
   0.05732
   0.00579
  -0.05150
  -0.05766
  -0.00658
   0.05103
   0.05798
   0.00737
  -0.05056
  -0.05829
  -0.00816
   0.05008
   0.05859
   0.00894
  -0.04959
  -0.05889
  -0.00973
   0.04909
   0.05917
   0.01051
  -0.04858
  -0.05945
  -0.01130
   0.04807
   0.05972
   0.01208
  -0.04755
  -0.05997
  -0.01286
   0.04702
   0.06022
   0.01363
  -0.04649
  -0.06046
  -0.01441
   0.04595
   0.06069
   0.01518
  -0.04540
  -0.06091
  -0.01595
   0.04484
   0.06112
   0.01672
  -0.04428
  -0.06132
  -0.01748
   0.04370
   0.06151
   0.01825
  -0.04313
  -0.06169
  -0.01901
   0.04254
   0.06186
   0.01976
  -0.04195
  -0.06202
  -0.02052
   0.04135
   0.06217
   0.02127
  -0.04075
  -0.06231
  -0.02201
   0.04014
   0.06244
   0.02276
  -0.03952
  -0.06256
  -0.02350
   0.03890
   0.06267
   0.02423
  -0.03827
  -0.06278
  -0.02496
   0.03763
   0.06287
   0.02569
  -0.03699
  -0.06295
  -0.02642
   0.03634
   0.06302
   0.02714
  -0.03569
  -0.06308
  -0.02785
   0.03503
   0.06313
   0.02856
  -0.03436
  -0.06318
  -0.02927
   0.03369
   0.06321
   0.02997
  -0.03302
  -0.06323
  -0.03067
   0.03234
   0.06324
   0.03136
  -0.03165
  -0.06325
  -0.03205
   0.03096
   0.06324
   0.03273
  -0.03027
  -0.06322
  -0.03341
   0.02957
   0.06319
   0.03408
  -0.02886
  -0.06315
  -0.03475
   0.02815
   0.06311
   0.03541
  -0.02744
  -0.06305
  -0.03607
   0.02672
   0.06298
   0.03672
  -0.02600
  -0.06290
  -0.03736
   0.02527
   0.06282
   0.03800
  -0.02454
  -0.06272
  -0.03863
   0.02381
   0.06261
   0.03926
  -0.02307
  -0.06249
  -0.03988
   0.02233
   0.06237
   0.04049
  -0.02158
  -0.06223
  -0.04110
   0.02083
   0.06208
   0.04170
  -0.02008
  -0.06193
  -0.04229
   0.01932
   0.06176
   0.04288
  -0.01857
  -0.06158
  -0.04346
   0.01781
   0.06140
   0.04404
  -0.01704
  -0.06120
  -0.04460
   0.01627
   0.06100
   0.04516
  -0.01551
  -0.06078
  -0.04572
   0.01473
   0.06056
   0.04626
  -0.01396
  -0.06032
  -0.04680
   0.01318
   0.06008
   0.04733
  -0.01240
  -0.05983
  -0.04785
   0.01162
   0.05956
   0.04837
  -0.01084
  -0.05929
  -0.04888
   0.01006
   0.05901
   0.04938
  -0.00927
  -0.05872
  -0.04987
   0.00849
   0.05842
   0.05036
  -0.00770
  -0.05811
  -0.05083
   0.00691
   0.05779
   0.05130
  -0.00612
  -0.05746
  -0.05176
   0.00533
   0.05713
   0.05222
  -0.00453
  -0.05678
  -0.05266
   0.00374
   0.05643
   0.05310
  -0.00295
  -0.05606
  -0.05352
   0.00215
   0.05569
   0.05394
  -0.00136
  -0.05531
  -0.05435
   0.00056
   0.05492
   0.05476
   0.00023
  -0.05452
  -0.05515
  -0.00103
   0.05412
   0.05553
   0.00182
  -0.05370
  -0.05591
  -0.00261
   0.05328
   0.05628
   0.00341
  -0.05284
  -0.05663
  -0.00420
   0.05240
   0.05698
   0.00499
  -0.05195
  -0.05732
  -0.00579
   0.05150
   0.05766
   0.00658
  -0.05103
  -0.05798
  -0.00737
   0.05056
   0.05829
   0.00816
  -0.05008
  -0.05859
  -0.00894
   0.04959
   0.05889
   0.00973
  -0.04909
  -0.05917
  -0.01051
   0.04858
   0.05945
   0.01130
  -0.04807
  -0.05972
  -0.01208
   0.04755
   0.05997
   0.01286
  -0.04702
  -0.06022
  -0.01363
   0.04649
   0.06046
   0.01441
  -0.04595
  -0.06069
  -0.01518
   0.04540
   0.06091
   0.01595
  -0.04484
  -0.06112
  -0.01672
   0.04428
   0.06132
   0.01748
  -0.04370
  -0.06151
  -0.01825
   0.04313
   0.06169
   0.01901
  -0.04254
  -0.06186
  -0.01976
   0.04195
   0.06202
   0.02052
  -0.04135
  -0.06217
  -0.02127
   0.04075
   0.06231
   0.02201
  -0.04014
  -0.06244
  -0.02276
   0.03952
   0.06256
   0.02350
  -0.03890
  -0.06267
  -0.02423
   0.03827
   0.06278
   0.02496
  -0.03763
  -0.06287
  -0.02569
   0.03699
   0.06295
   0.02642
  -0.03634
  -0.06302
  -0.02714
   0.03569
   0.06308
   0.02785
  -0.03503
  -0.06313
  -0.02856
   0.03436
   0.06318
   0.02927
  -0.03369
  -0.06321
  -0.02997
   0.03302
   0.06323
   0.03067
  -0.03234
  -0.06324
  -0.03136
   0.03165
   0.06325
   0.03205
  -0.03096
  -0.06324
  -0.03273
   0.03027
   0.06322
   0.03341
  -0.02957
  -0.06319
  -0.03408
   0.02886
   0.06315
