  -0.01161
  -0.02156
  -0.03094
  -0.03950
  -0.04701
  -0.05327
  -0.05810
  -0.06139
  -0.06305
  -0.06302
  -0.06132
  -0.05799
  -0.05311
  -0.04681
  -0.03927
  -0.03069
  -0.02129
  -0.01132
  -0.00104
   0.00925
   0.01931
   0.02884
   0.03761
   0.04538
   0.05194
   0.05712
   0.06078
   0.06281
   0.06318
   0.06186
   0.05890
   0.05436
   0.04838
   0.04111
   0.03275
   0.02351
   0.01365
   0.00343
  -0.00689
  -0.01702
  -0.02670
  -0.03567
  -0.04369
  -0.05055
  -0.05606
  -0.06007
  -0.06249
  -0.06324
  -0.06231
  -0.05972
  -0.05554
  -0.04988
  -0.04290
  -0.03477
  -0.02571
  -0.01597
  -0.00581
   0.00451
   0.01471
   0.02452
   0.03368
   0.04194
   0.04908
   0.05491
   0.05928
   0.06208
   0.06322
   0.06268
   0.06046
   0.05664
   0.05131
   0.04462
   0.03673
   0.02787
   0.01827
   0.00817
  -0.00213
  -0.01239
  -0.02231
  -0.03164
  -0.04012
  -0.04754
  -0.05369
  -0.05841
  -0.06158
  -0.06310
  -0.06295
  -0.06112
  -0.05766
  -0.05267
  -0.04627
  -0.03865
  -0.02999
  -0.02054
  -0.01053
  -0.00025
   0.01004
   0.02006
   0.02955
   0.03825
   0.04593
   0.05239
   0.05746
   0.06099
   0.06290
   0.06314
   0.06169
   0.05860
   0.05395
   0.04787
   0.04051
   0.03207
   0.02278
   0.01288
   0.00263
  -0.00768
  -0.01779
  -0.02742
  -0.03632
  -0.04426
  -0.05102
  -0.05642
  -0.06032
  -0.06261
  -0.06323
  -0.06217
  -0.05946
  -0.05516
  -0.04939
  -0.04231
  -0.03410
  -0.02498
  -0.01520
  -0.00501
   0.00531
   0.01549
   0.02525
   0.03435
   0.04253
   0.04957
   0.05530
   0.05956
   0.06223
   0.06324
   0.06256
   0.06023
   0.05629
   0.05084
   0.04405
   0.03608
   0.02715
   0.01750
   0.00739
  -0.00293
  -0.01316
  -0.02305
  -0.03232
  -0.04073
  -0.04806
  -0.05411
  -0.05871
  -0.06175
  -0.06315
  -0.06287
  -0.06091
  -0.05733
  -0.05223
  -0.04573
  -0.03802
  -0.02929
  -0.01978
  -0.00975
   0.00054
   0.01082
   0.02081
   0.03025
   0.03888
   0.04648
   0.05283
   0.05778
   0.06120
   0.06298
   0.06308
   0.06151
   0.05830
   0.05353
   0.04734
   0.03989
   0.03138
   0.02203
   0.01210
   0.00184
  -0.00847
  -0.01855
  -0.02813
  -0.03697
  -0.04483
  -0.05148
  -0.05677
  -0.06055
  -0.06271
  -0.06321
  -0.06202
  -0.05918
  -0.05476
  -0.04889
  -0.04171
  -0.03343
  -0.02425
  -0.01443
  -0.00422
   0.00610
   0.01626
   0.02598
   0.03501
   0.04311
   0.05006
   0.05568
   0.05982
   0.06236
   0.06325
   0.06244
   0.05998
   0.05592
   0.05037
   0.04348
   0.03543
   0.02643
   0.01674
   0.00660
  -0.00372
  -0.01394
  -0.02379
  -0.03300
  -0.04134
  -0.04857
  -0.05451
  -0.05900
  -0.06192
  -0.06319
  -0.06278
  -0.06069
  -0.05699
  -0.05177
  -0.04518
  -0.03738
  -0.02858
  -0.01903
  -0.00896
   0.00134
   0.01161
   0.02156
   0.03094
   0.03950
   0.04701
   0.05327
   0.05810
   0.06139
   0.06305
   0.06302
   0.06132
   0.05799
   0.05311
   0.04681
   0.03927
   0.03069
   0.02129
   0.01132
   0.00104
  -0.00925
  -0.01931
  -0.02884
  -0.03761
  -0.04538
  -0.05194
  -0.05712
  -0.06078
  -0.06281
  -0.06318
  -0.06186
  -0.05890
  -0.05436
  -0.04838
  -0.04111
  -0.03275
  -0.02351
  -0.01365
  -0.00343
   0.00689
   0.01702
   0.02670
   0.03567
   0.04369
   0.05055
   0.05606
   0.06007
   0.06249
   0.06324
   0.06231
   0.05972
   0.05554
   0.04988
   0.04290
   0.03477
   0.02571
   0.01597
   0.00581
  -0.00451
  -0.01471
  -0.02452
  -0.03368
  -0.04194
  -0.04908
  -0.05491
  -0.05928
  -0.06208
  -0.06322
  -0.06268
  -0.06046
  -0.05664
  -0.05131
  -0.04462
  -0.03673
  -0.02787
  -0.01827
  -0.00817
   0.00213
   0.01239
   0.02231
   0.03164
   0.04012
   0.04754
   0.05369
   0.05841
   0.06158
   0.06310
   0.06295
   0.06112
   0.05766
   0.05267
   0.04627
   0.03865
   0.02999
   0.02054
   0.01053
   0.00025
  -0.01004
  -0.02006
  -0.02955
  -0.03825
  -0.04593
  -0.05239
  -0.05746
  -0.06099
  -0.06290
  -0.06314
  -0.06169
  -0.05860
  -0.05395
  -0.04787
  -0.04051
  -0.03207
  -0.02278
  -0.01288
  -0.00263
   0.00768
   0.01779
   0.02742
   0.03632
   0.04426
   0.05102
   0.05642
   0.06032
   0.06261
   0.06323
   0.06217
   0.05946
   0.05516
   0.04939
   0.04231
   0.03410
   0.02498
   0.01520
   0.00501
  -0.00531
  -0.01549
  -0.02525
  -0.03435
  -0.04253
  -0.04957
  -0.05530
  -0.05956
  -0.06223
  -0.06324
  -0.06256
  -0.06023
  -0.05629
  -0.05084
  -0.04405
  -0.03608
  -0.02715
  -0.01750
  -0.00739
   0.00293
   0.01316
   0.02305
   0.03232
   0.04073
   0.04806
   0.05411
   0.05871
   0.06175
   0.06315
   0.06287
   0.06091
   0.05733
   0.05223
   0.04573
   0.03802
   0.02929
   0.01978
   0.00975
  -0.00054
  -0.01082
  -0.02081
  -0.03025
  -0.03888
  -0.04648
  -0.05283
  -0.05778
  -0.06120
  -0.06298
  -0.06308
  -0.06151
  -0.05830
  -0.05353
  -0.04734
  -0.03989
  -0.03138
  -0.02203
  -0.01210
  -0.00184
   0.00847
   0.01855
   0.02813
   0.03697
   0.04483
   0.05148
   0.05677
   0.06055
   0.06271
   0.06321
   0.06202
   0.05918
   0.05476
   0.04889
   0.04171
   0.03343
   0.02425
   0.01443
   0.00422
  -0.00610
  -0.01626
  -0.02598
  -0.03501
  -0.04311
  -0.05006
  -0.05568
  -0.05982
  -0.06236
  -0.06325
  -0.06244
  -0.05998
  -0.05592
  -0.05037
  -0.04348
  -0.03543
  -0.02643
  -0.01674
  -0.00660
   0.00372
   0.01394
   0.02379
   0.03300
   0.04134
   0.04857
   0.05451
   0.05900
   0.06192
   0.06319
   0.06278
   0.06069
   0.05699
   0.05177
   0.04518
   0.03738
   0.02858
   0.01903
   0.00896
  -0.00134
