   0.03470
  -0.02459
  -0.06209
  -0.04457
   0.01246
   0.05844
   0.05263
   0.00018
  -0.05243
  -0.05857
  -0.01280
   0.04431
   0.06216
   0.02492
  -0.03441
  -0.06324
  -0.03602
   0.02312
   0.06177
   0.04568
  -0.01090
  -0.05781
  -0.05349
  -0.00177
   0.05153
   0.05915
   0.01436
  -0.04317
  -0.06243
  -0.02637
   0.03306
   0.06319
   0.03732
  -0.02163
  -0.06141
  -0.04676
   0.00933
   0.05715
   0.05433
   0.00335
  -0.05059
  -0.05970
  -0.01590
   0.04199
   0.06267
   0.02780
  -0.03170
  -0.06311
  -0.03859
   0.02013
   0.06101
   0.04782
  -0.00775
  -0.05645
  -0.05512
  -0.00494
   0.04962
   0.06020
   0.01743
  -0.04079
  -0.06286
  -0.02922
   0.03031
   0.06299
   0.03984
  -0.01862
  -0.06057
  -0.04884
   0.00617
   0.05572
   0.05588
   0.00652
  -0.04862
  -0.06067
  -0.01896
   0.03956
   0.06302
   0.03062
  -0.02891
  -0.06282
  -0.04106
   0.01709
   0.06010
   0.04984
  -0.00459
  -0.05495
  -0.05661
  -0.00810
   0.04759
   0.06110
   0.02047
  -0.03831
  -0.06313
  -0.03200
   0.02749
   0.06262
   0.04225
  -0.01556
  -0.05958
  -0.05080
   0.00300
   0.05414
   0.05730
   0.00968
  -0.04652
  -0.06149
  -0.02196
   0.03703
   0.06321
   0.03337
  -0.02605
  -0.06237
  -0.04342
   0.01401
   0.05903
   0.05173
  -0.00141
  -0.05331
  -0.05796
  -0.01124
   0.04543
   0.06185
   0.02345
  -0.03573
  -0.06324
  -0.03470
   0.02459
   0.06209
   0.04457
  -0.01246
  -0.05844
  -0.05263
  -0.00018
   0.05243
   0.05857
   0.01280
  -0.04431
  -0.06216
  -0.02492
   0.03441
   0.06324
   0.03602
  -0.02312
  -0.06177
  -0.04568
   0.01090
   0.05781
   0.05349
   0.00177
  -0.05153
  -0.05915
  -0.01436
   0.04317
   0.06243
   0.02637
  -0.03306
  -0.06319
  -0.03732
   0.02163
   0.06141
   0.04676
  -0.00933
  -0.05715
  -0.05433
  -0.00335
   0.05059
   0.05970
   0.01590
  -0.04199
  -0.06267
  -0.02780
   0.03170
   0.06311
   0.03859
  -0.02013
  -0.06101
  -0.04782
   0.00775
   0.05645
   0.05512
   0.00494
  -0.04962
  -0.06020
  -0.01743
   0.04079
   0.06286
   0.02922
  -0.03031
  -0.06299
  -0.03984
   0.01862
   0.06057
   0.04884
  -0.00617
  -0.05572
  -0.05588
  -0.00652
   0.04862
   0.06067
   0.01896
  -0.03956
  -0.06302
  -0.03062
   0.02891
   0.06282
   0.04106
  -0.01709
  -0.06010
  -0.04984
   0.00459
   0.05495
   0.05661
   0.00810
  -0.04759
  -0.06110
  -0.02047
   0.03831
   0.06313
   0.03200
  -0.02749
  -0.06262
  -0.04225
   0.01556
   0.05958
   0.05080
  -0.00300
  -0.05414
  -0.05730
  -0.00968
   0.04652
   0.06149
   0.02196
  -0.03703
  -0.06321
  -0.03337
   0.02605
   0.06237
   0.04342
  -0.01401
  -0.05903
  -0.05173
   0.00141
   0.05331
   0.05796
   0.01124
  -0.04543
  -0.06185
  -0.02345
   0.03573
   0.06324
   0.03470
  -0.02459
  -0.06209
  -0.04457
   0.01246
   0.05844
   0.05263
   0.00018
  -0.05243
  -0.05857
  -0.01280
   0.04431
   0.06216
   0.02492
  -0.03441
  -0.06324
  -0.03602
   0.02312
   0.06177
   0.04568
  -0.01090
  -0.05781
  -0.05349
  -0.00177
   0.05153
   0.05915
   0.01436
  -0.04317
  -0.06243
  -0.02637
   0.03306
   0.06319
   0.03732
  -0.02163
  -0.06141
  -0.04676
   0.00933
   0.05715
   0.05433
   0.00335
  -0.05059
  -0.05970
  -0.01590
   0.04199
   0.06267
   0.02780
  -0.03170
  -0.06311
  -0.03859
   0.02013
   0.06101
   0.04782
  -0.00775
  -0.05645
  -0.05512
  -0.00494
   0.04962
   0.06020
   0.01743
  -0.04079
  -0.06286
  -0.02922
   0.03031
   0.06299
   0.03984
  -0.01862
  -0.06057
  -0.04884
   0.00617
   0.05572
   0.05588
   0.00652
  -0.04862
  -0.06067
  -0.01896
   0.03956
   0.06302
   0.03062
  -0.02891
  -0.06282
  -0.04106
   0.01709
   0.06010
   0.04984
  -0.00459
  -0.05495
  -0.05661
  -0.00810
   0.04759
   0.06110
   0.02047
  -0.03831
  -0.06313
  -0.03200
   0.02749
   0.06262
   0.04225
  -0.01556
  -0.05958
  -0.05080
   0.00300
   0.05414
   0.05730
   0.00968
  -0.04652
  -0.06149
  -0.02196
   0.03703
   0.06321
   0.03337
  -0.02605
  -0.06237
  -0.04342
   0.01401
   0.05903
   0.05173
  -0.00141
  -0.05331
  -0.05796
  -0.01124
   0.04543
   0.06185
   0.02345
  -0.03573
  -0.06324
  -0.03470
   0.02459
   0.06209
   0.04457
  -0.01246
  -0.05844
  -0.05263
  -0.00018
   0.05243
   0.05857
   0.01280
  -0.04431
  -0.06216
  -0.02492
   0.03441
   0.06324
   0.03602
  -0.02312
  -0.06177
  -0.04568
   0.01090
   0.05781
   0.05349
   0.00177
  -0.05153
  -0.05915
  -0.01436
   0.04317
   0.06243
   0.02637
  -0.03306
  -0.06319
  -0.03732
   0.02163
   0.06141
   0.04676
  -0.00933
  -0.05715
  -0.05433
  -0.00335
   0.05059
   0.05970
   0.01590
  -0.04199
  -0.06267
  -0.02780
   0.03170
   0.06311
   0.03859
  -0.02013
  -0.06101
  -0.04782
   0.00775
   0.05645
   0.05512
   0.00494
  -0.04962
  -0.06020
  -0.01743
   0.04079
   0.06286
   0.02922
  -0.03031
  -0.06299
  -0.03984
   0.01862
   0.06057
   0.04884
  -0.00617
  -0.05572
  -0.05588
  -0.00652
   0.04862
   0.06067
   0.01896
  -0.03956
  -0.06302
  -0.03062
   0.02891
   0.06282
   0.04106
  -0.01709
  -0.06010
  -0.04984
   0.00459
   0.05495
   0.05661
   0.00810
  -0.04759
  -0.06110
  -0.02047
   0.03831
   0.06313
   0.03200
  -0.02749
  -0.06262
  -0.04225
   0.01556
   0.05958
   0.05080
  -0.00300
  -0.05414
  -0.05730
  -0.00968
   0.04652
   0.06149
   0.02196
  -0.03703
  -0.06321
  -0.03337
   0.02605
   0.06237
   0.04342
  -0.01401
  -0.05903
  -0.05173
   0.00141
   0.05331
   0.05796
   0.01124
  -0.04543
  -0.06185
  -0.02345
   0.03573
   0.06324
