  -0.04780
   0.06306
  -0.04082
  -0.00570
   0.04882
  -0.06291
   0.03959
   0.00728
  -0.04982
   0.06273
  -0.03834
  -0.00885
   0.05078
  -0.06251
   0.03706
   0.01043
  -0.05171
   0.06224
  -0.03576
  -0.01199
   0.05261
  -0.06194
   0.03444
   0.01355
  -0.05348
   0.06160
  -0.03309
  -0.01510
   0.05431
  -0.06122
   0.03173
   0.01663
  -0.05510
   0.06081
  -0.03034
  -0.01816
   0.05587
  -0.06035
   0.02894
   0.01968
  -0.05659
   0.05985
  -0.02752
  -0.02118
   0.05729
  -0.05932
   0.02608
   0.02267
  -0.05794
   0.05875
  -0.02462
  -0.02415
   0.05856
  -0.05814
   0.02315
   0.02561
  -0.05914
   0.05750
  -0.02166
  -0.02706
   0.05969
  -0.05682
   0.02016
   0.02848
  -0.06019
   0.05611
  -0.01865
  -0.02989
   0.06066
  -0.05535
   0.01713
   0.03129
  -0.06109
   0.05457
  -0.01559
  -0.03266
   0.06148
  -0.05375
   0.01405
   0.03401
  -0.06184
   0.05289
  -0.01249
  -0.03534
   0.06215
  -0.05200
   0.01093
   0.03664
  -0.06243
   0.05108
  -0.00936
  -0.03793
   0.06266
  -0.05013
   0.00779
   0.03919
  -0.06286
   0.04915
  -0.00621
  -0.04042
   0.06301
  -0.04813
   0.00462
   0.04163
  -0.06313
   0.04708
  -0.00304
  -0.04282
   0.06321
  -0.04601
   0.00145
   0.04397
  -0.06324
   0.04490
   0.00014
  -0.04510
   0.06324
  -0.04377
  -0.00173
   0.04620
  -0.06320
   0.04261
   0.00332
  -0.04727
   0.06311
  -0.04142
  -0.00491
   0.04831
  -0.06299
   0.04020
   0.00649
  -0.04932
   0.06283
  -0.03897
  -0.00807
   0.05030
  -0.06262
   0.03770
   0.00964
  -0.05125
   0.06238
  -0.03641
  -0.01121
   0.05217
  -0.06210
   0.03510
   0.01277
  -0.05305
   0.06178
  -0.03377
  -0.01432
   0.05390
  -0.06142
   0.03241
   0.01587
  -0.05471
   0.06102
  -0.03104
  -0.01740
   0.05549
  -0.06058
   0.02964
   0.01892
  -0.05624
   0.06011
  -0.02823
  -0.02043
   0.05695
  -0.05959
   0.02680
   0.02193
  -0.05762
   0.05904
  -0.02535
  -0.02341
   0.05826
  -0.05845
   0.02389
   0.02488
  -0.05886
   0.05783
  -0.02241
  -0.02634
   0.05942
  -0.05717
   0.02092
   0.02777
  -0.05995
   0.05647
  -0.01941
  -0.02919
   0.06043
  -0.05573
   0.01789
   0.03059
  -0.06088
   0.05497
  -0.01636
  -0.03197
   0.06129
  -0.05416
   0.01482
   0.03334
  -0.06167
   0.05332
  -0.01327
  -0.03468
   0.06200
  -0.05245
   0.01171
   0.03599
  -0.06229
   0.05155
  -0.01015
  -0.03729
   0.06255
  -0.05061
   0.00857
   0.03856
  -0.06276
   0.04964
  -0.00700
  -0.03981
   0.06294
  -0.04864
   0.00542
   0.04103
  -0.06308
   0.04761
  -0.00383
  -0.04223
   0.06317
  -0.04655
   0.00224
   0.04340
  -0.06323
   0.04546
  -0.00065
  -0.04454
   0.06325
  -0.04434
  -0.00094
   0.04565
  -0.06322
   0.04319
   0.00253
  -0.04674
   0.06316
  -0.04202
  -0.00411
   0.04780
  -0.06306
   0.04082
   0.00570
  -0.04882
   0.06291
  -0.03959
  -0.00728
   0.04982
  -0.06273
   0.03834
   0.00885
  -0.05078
   0.06251
  -0.03706
  -0.01043
   0.05171
  -0.06224
   0.03576
   0.01199
  -0.05261
   0.06194
  -0.03444
  -0.01355
   0.05348
  -0.06160
   0.03309
   0.01510
  -0.05431
   0.06122
  -0.03173
  -0.01663
   0.05510
  -0.06081
   0.03034
   0.01816
  -0.05587
   0.06035
  -0.02894
  -0.01968
   0.05659
  -0.05985
   0.02752
   0.02118
  -0.05729
   0.05932
  -0.02608
  -0.02267
   0.05794
  -0.05875
   0.02462
   0.02415
  -0.05856
   0.05814
  -0.02315
  -0.02561
   0.05914
  -0.05750
   0.02166
   0.02706
  -0.05969
   0.05682
  -0.02016
  -0.02848
   0.06019
  -0.05611
   0.01865
   0.02989
  -0.06066
   0.05535
  -0.01713
  -0.03129
   0.06109
  -0.05457
   0.01559
   0.03266
  -0.06148
   0.05375
  -0.01405
  -0.03401
   0.06184
  -0.05289
   0.01249
   0.03534
  -0.06215
   0.05200
  -0.01093
  -0.03664
   0.06243
  -0.05108
   0.00936
   0.03793
  -0.06266
   0.05013
  -0.00779
  -0.03919
   0.06286
  -0.04915
   0.00621
   0.04042
  -0.06301
   0.04813
  -0.00462
  -0.04163
   0.06313
  -0.04708
   0.00304
   0.04282
  -0.06321
   0.04601
  -0.00145
  -0.04397
   0.06324
  -0.04490
  -0.00014
   0.04510
  -0.06324
   0.04377
   0.00173
  -0.04620
   0.06320
  -0.04261
  -0.00332
   0.04727
  -0.06311
   0.04142
   0.00491
  -0.04831
   0.06299
  -0.04020
  -0.00649
   0.04932
  -0.06283
   0.03897
   0.00807
  -0.05030
   0.06262
  -0.03770
  -0.00964
   0.05125
  -0.06238
   0.03641
   0.01121
  -0.05217
   0.06210
  -0.03510
  -0.01277
   0.05305
  -0.06178
   0.03377
   0.01432
  -0.05390
   0.06142
  -0.03241
  -0.01587
   0.05471
  -0.06102
   0.03104
   0.01740
  -0.05549
   0.06058
  -0.02964
  -0.01892
   0.05624
  -0.06011
   0.02823
   0.02043
  -0.05695
   0.05959
  -0.02680
  -0.02193
   0.05762
  -0.05904
   0.02535
   0.02341
  -0.05826
   0.05845
  -0.02389
  -0.02488
   0.05886
  -0.05783
   0.02241
   0.02634
  -0.05942
   0.05717
  -0.02092
  -0.02777
   0.05995
  -0.05647
   0.01941
   0.02919
  -0.06043
   0.05573
  -0.01789
  -0.03059
   0.06088
  -0.05497
   0.01636
   0.03197
  -0.06129
   0.05416
  -0.01482
  -0.03334
   0.06167
  -0.05332
   0.01327
   0.03468
  -0.06200
   0.05245
  -0.01171
  -0.03599
   0.06229
  -0.05155
   0.01015
   0.03729
  -0.06255
   0.05061
  -0.00857
  -0.03856
   0.06276
  -0.04964
   0.00700
   0.03981
  -0.06294
   0.04864
  -0.00542
  -0.04103
   0.06308
  -0.04761
   0.00383
   0.04223
  -0.06317
   0.04655
  -0.00224
  -0.04340
   0.06323
  -0.04546
   0.00065
   0.04454
  -0.06325
   0.04434
   0.00094
  -0.04565
   0.06322
  -0.04319
  -0.00253
   0.04674
  -0.06316
   0.04202
   0.00411
