   0.00219
  -0.06277
  -0.01322
   0.06045
   0.02384
  -0.05626
  -0.03373
   0.05033
   0.04257
  -0.04285
  -0.05010
   0.03405
   0.05608
  -0.02420
  -0.06033
   0.01360
   0.06272
  -0.00258
  -0.06318
  -0.00852
   0.06168
   0.01936
  -0.05828
  -0.02960
   0.05307
   0.03893
  -0.04624
  -0.04705
   0.03797
   0.05372
  -0.02853
  -0.05873
   0.01821
   0.06193
  -0.00733
  -0.06322
  -0.00378
   0.06256
   0.01477
  -0.05996
  -0.02531
   0.05552
   0.03506
  -0.04935
  -0.04373
   0.04167
   0.05105
  -0.03270
  -0.05680
   0.02272
   0.06079
  -0.01204
  -0.06291
   0.00099
   0.06308
   0.01010
  -0.06131
  -0.02087
   0.05764
   0.03100
  -0.05219
  -0.04017
   0.04514
   0.04810
  -0.03669
  -0.05454
   0.02710
   0.05930
  -0.01668
  -0.06224
   0.00575
   0.06325
   0.00536
  -0.06230
  -0.01631
   0.05944
   0.02675
  -0.05474
  -0.03637
   0.04835
   0.04487
  -0.04046
  -0.05198
   0.03133
   0.05748
  -0.02123
  -0.06121
   0.01048
   0.06305
   0.00060
  -0.06295
  -0.01166
   0.06090
   0.02236
  -0.05697
  -0.03237
   0.05128
   0.04138
  -0.04401
  -0.04911
   0.03538
   0.05533
  -0.02566
  -0.05984
   0.01514
   0.06250
  -0.00416
  -0.06323
  -0.00695
   0.06201
   0.01784
  -0.05887
  -0.02819
   0.05392
   0.03766
  -0.04731
  -0.04597
   0.03923
   0.05286
  -0.02994
  -0.05812
   0.01973
   0.06159
  -0.00891
  -0.06316
  -0.00219
   0.06277
   0.01322
  -0.06045
  -0.02384
   0.05626
   0.03373
  -0.05033
  -0.04257
   0.04285
   0.05010
  -0.03405
  -0.05608
   0.02420
   0.06033
  -0.01360
  -0.06272
   0.00258
   0.06318
   0.00852
  -0.06168
  -0.01936
   0.05828
   0.02960
  -0.05307
  -0.03893
   0.04624
   0.04705
  -0.03797
  -0.05372
   0.02853
   0.05873
  -0.01821
  -0.06193
   0.00733
   0.06322
   0.00378
  -0.06256
  -0.01477
   0.05996
   0.02531
  -0.05552
  -0.03506
   0.04935
   0.04373
  -0.04167
  -0.05105
   0.03270
   0.05680
  -0.02272
  -0.06079
   0.01204
   0.06291
  -0.00099
  -0.06308
  -0.01010
   0.06131
   0.02087
  -0.05764
  -0.03100
   0.05219
   0.04017
  -0.04514
  -0.04810
   0.03669
   0.05454
  -0.02710
  -0.05930
   0.01668
   0.06224
  -0.00575
  -0.06325
  -0.00536
   0.06230
   0.01631
  -0.05944
  -0.02675
   0.05474
   0.03637
  -0.04835
  -0.04487
   0.04046
   0.05198
  -0.03133
  -0.05748
   0.02123
   0.06121
  -0.01048
  -0.06305
  -0.00060
   0.06295
   0.01166
  -0.06090
  -0.02236
   0.05697
   0.03237
  -0.05128
  -0.04138
   0.04401
   0.04911
  -0.03538
  -0.05533
   0.02566
   0.05984
  -0.01514
  -0.06250
   0.00416
   0.06323
   0.00695
  -0.06201
  -0.01784
   0.05887
   0.02819
  -0.05392
  -0.03766
   0.04731
   0.04597
  -0.03923
  -0.05286
   0.02994
   0.05812
  -0.01973
  -0.06159
   0.00891
   0.06316
   0.00219
  -0.06277
  -0.01322
   0.06045
   0.02384
  -0.05626
  -0.03373
   0.05033
   0.04257
  -0.04285
  -0.05010
   0.03405
   0.05608
  -0.02420
  -0.06033
   0.01360
   0.06272
  -0.00258
  -0.06318
  -0.00852
   0.06168
   0.01936
  -0.05828
  -0.02960
   0.05307
   0.03893
  -0.04624
  -0.04705
   0.03797
   0.05372
  -0.02853
  -0.05873
   0.01821
   0.06193
  -0.00733
  -0.06322
  -0.00378
   0.06256
   0.01477
  -0.05996
  -0.02531
   0.05552
   0.03506
  -0.04935
  -0.04373
   0.04167
   0.05105
  -0.03270
  -0.05680
   0.02272
   0.06079
  -0.01204
  -0.06291
   0.00099
   0.06308
   0.01010
  -0.06131
  -0.02087
   0.05764
   0.03100
  -0.05219
  -0.04017
   0.04514
   0.04810
  -0.03669
  -0.05454
   0.02710
   0.05930
  -0.01668
  -0.06224
   0.00575
   0.06325
   0.00536
  -0.06230
  -0.01631
   0.05944
   0.02675
  -0.05474
  -0.03637
   0.04835
   0.04487
  -0.04046
  -0.05198
   0.03133
   0.05748
  -0.02123
  -0.06121
   0.01048
   0.06305
   0.00060
  -0.06295
  -0.01166
   0.06090
   0.02236
  -0.05697
  -0.03237
   0.05128
   0.04138
  -0.04401
  -0.04911
   0.03538
   0.05533
  -0.02566
  -0.05984
   0.01514
   0.06250
  -0.00416
  -0.06323
  -0.00695
   0.06201
   0.01784
  -0.05887
  -0.02819
   0.05392
   0.03766
  -0.04731
  -0.04597
   0.03923
   0.05286
  -0.02994
  -0.05812
   0.01973
   0.06159
  -0.00891
  -0.06316
  -0.00219
   0.06277
   0.01322
  -0.06045
  -0.02384
   0.05626
   0.03373
  -0.05033
  -0.04257
   0.04285
   0.05010
  -0.03405
  -0.05608
   0.02420
   0.06033
  -0.01360
  -0.06272
   0.00258
   0.06318
   0.00852
  -0.06168
  -0.01936
   0.05828
   0.02960
  -0.05307
  -0.03893
   0.04624
   0.04705
  -0.03797
  -0.05372
   0.02853
   0.05873
  -0.01821
  -0.06193
   0.00733
   0.06322
   0.00378
  -0.06256
  -0.01477
   0.05996
   0.02531
  -0.05552
  -0.03506
   0.04935
   0.04373
  -0.04167
  -0.05105
   0.03270
   0.05680
  -0.02272
  -0.06079
   0.01204
   0.06291
  -0.00099
  -0.06308
  -0.01010
   0.06131
   0.02087
  -0.05764
  -0.03100
   0.05219
   0.04017
  -0.04514
  -0.04810
   0.03669
   0.05454
  -0.02710
  -0.05930
   0.01668
   0.06224
  -0.00575
  -0.06325
  -0.00536
   0.06230
   0.01631
  -0.05944
  -0.02675
   0.05474
   0.03637
  -0.04835
  -0.04487
   0.04046
   0.05198
  -0.03133
  -0.05748
   0.02123
   0.06121
  -0.01048
  -0.06305
  -0.00060
   0.06295
   0.01166
  -0.06090
  -0.02236
   0.05697
   0.03237
  -0.05128
  -0.04138
   0.04401
   0.04911
  -0.03538
  -0.05533
   0.02566
   0.05984
  -0.01514
  -0.06250
   0.00416
   0.06323
   0.00695
  -0.06201
  -0.01784
   0.05887
   0.02819
  -0.05392
  -0.03766
   0.04731
   0.04597
  -0.03923
  -0.05286
   0.02994
   0.05812
  -0.01973
  -0.06159
   0.00891
   0.06316
