   0.05985
  -0.04864
   0.03104
  -0.00936
  -0.01355
   0.03468
  -0.05125
   0.06109
  -0.06291
   0.05647
  -0.04260
   0.02315
  -0.00065
  -0.02193
   0.04164
  -0.05587
   0.06277
  -0.06142
   0.05200
  -0.03576
   0.01482
   0.00807
  -0.02990
   0.04780
  -0.05942
   0.06324
  -0.05875
   0.04655
  -0.02823
   0.00620
   0.01664
  -0.03729
   0.05305
  -0.06184
   0.06251
  -0.05496
   0.04020
  -0.02016
  -0.00253
   0.02489
  -0.04398
   0.05729
  -0.06308
   0.06058
  -0.05013
   0.03309
  -0.01171
  -0.01121
   0.03266
  -0.04982
   0.06043
  -0.06311
   0.05750
  -0.04434
   0.02535
  -0.00303
  -0.01968
   0.03981
  -0.05471
   0.06243
  -0.06194
   0.05332
  -0.03770
   0.01712
   0.00570
  -0.02778
   0.04620
  -0.05856
   0.06323
  -0.05959
   0.04813
  -0.03034
   0.00857
   0.01433
  -0.03534
   0.05171
  -0.06129
   0.06282
  -0.05610
   0.04201
  -0.02240
  -0.00015
   0.02268
  -0.04223
   0.05624
  -0.06286
   0.06122
  -0.05155
   0.03510
  -0.01404
  -0.00886
   0.03060
  -0.04832
   0.05969
  -0.06322
   0.05845
  -0.04600
   0.02751
  -0.00541
  -0.01740
   0.03793
  -0.05348
   0.06200
  -0.06238
   0.05457
  -0.03958
   0.01940
   0.00332
  -0.02562
   0.04454
  -0.05762
   0.06313
  -0.06035
   0.04964
  -0.03241
   0.01093
   0.01199
  -0.03334
   0.05031
  -0.06066
   0.06305
  -0.05716
   0.04377
  -0.02462
   0.00224
   0.02044
  -0.04043
   0.05511
  -0.06255
   0.06178
  -0.05289
   0.03706
  -0.01636
  -0.00649
   0.02849
  -0.04674
   0.05886
  -0.06324
   0.05932
  -0.04761
   0.02964
  -0.00778
  -0.01510
   0.03600
  -0.05217
   0.06149
  -0.06273
   0.05573
  -0.04142
   0.02166
   0.00094
  -0.02342
   0.04282
  -0.05660
   0.06294
  -0.06102
   0.05108
  -0.03443
   0.01327
   0.00965
  -0.03129
   0.04882
  -0.05995
   0.06319
  -0.05814
   0.04545
  -0.02680
   0.00462
   0.01817
  -0.03856
   0.05390
  -0.06215
   0.06224
  -0.05416
   0.03896
  -0.01865
  -0.00412
   0.02634
  -0.04510
   0.05794
  -0.06317
   0.06010
  -0.04914
   0.03173
  -0.01014
  -0.01277
   0.03401
  -0.05078
   0.06088
  -0.06299
   0.05682
  -0.04319
   0.02388
  -0.00144
  -0.02119
   0.04103
  -0.05549
   0.06266
  -0.06160
   0.05245
  -0.03641
   0.01559
   0.00728
  -0.02920
   0.04727
  -0.05914
   0.06325
  -0.05904
   0.04708
  -0.02894
   0.00699
   0.01587
  -0.03665
   0.05261
  -0.06167
   0.06262
  -0.05535
   0.04081
  -0.02091
  -0.00174
   0.02415
  -0.04340
   0.05695
  -0.06301
   0.06080
  -0.05061
   0.03377
  -0.01249
  -0.01043
   0.03198
  -0.04933
   0.06020
  -0.06316
   0.05783
  -0.04490
   0.02607
  -0.00383
  -0.01893
   0.03919
  -0.05431
   0.06229
  -0.06210
   0.05374
  -0.03833
   0.01789
   0.00491
  -0.02706
   0.04566
  -0.05826
   0.06321
  -0.05985
   0.04864
  -0.03104
   0.00936
   0.01355
  -0.03468
   0.05125
  -0.06109
   0.06291
  -0.05647
   0.04260
  -0.02315
   0.00065
   0.02193
  -0.04164
   0.05587
  -0.06277
   0.06142
  -0.05200
   0.03576
  -0.01482
  -0.00807
   0.02990
  -0.04780
   0.05942
  -0.06324
   0.05875
  -0.04655
   0.02823
  -0.00620
  -0.01664
   0.03729
  -0.05305
   0.06184
  -0.06251
   0.05496
  -0.04020
   0.02016
   0.00253
  -0.02489
   0.04398
  -0.05729
   0.06308
  -0.06058
   0.05013
  -0.03309
   0.01171
   0.01121
  -0.03266
   0.04982
  -0.06043
   0.06311
  -0.05750
   0.04434
  -0.02535
   0.00303
   0.01968
  -0.03981
   0.05471
  -0.06243
   0.06194
  -0.05332
   0.03770
  -0.01712
  -0.00570
   0.02778
  -0.04620
   0.05856
  -0.06323
   0.05959
  -0.04813
   0.03034
  -0.00857
  -0.01433
   0.03534
  -0.05171
   0.06129
  -0.06282
   0.05610
  -0.04201
   0.02240
   0.00015
  -0.02268
   0.04223
  -0.05624
   0.06286
  -0.06122
   0.05155
  -0.03510
   0.01404
   0.00886
  -0.03060
   0.04832
  -0.05969
   0.06322
  -0.05845
   0.04600
  -0.02751
   0.00541
   0.01740
  -0.03793
   0.05348
  -0.06200
   0.06238
  -0.05457
   0.03958
  -0.01940
  -0.00332
   0.02562
  -0.04454
   0.05762
  -0.06313
   0.06035
  -0.04964
   0.03241
  -0.01093
  -0.01199
   0.03334
  -0.05031
   0.06066
  -0.06305
   0.05716
  -0.04377
   0.02462
  -0.00224
  -0.02044
   0.04043
  -0.05511
   0.06255
  -0.06178
   0.05289
  -0.03706
   0.01636
   0.00649
  -0.02849
   0.04674
  -0.05886
   0.06324
  -0.05932
   0.04761
  -0.02964
   0.00778
   0.01510
  -0.03600
   0.05217
  -0.06149
   0.06273
  -0.05573
   0.04142
  -0.02166
  -0.00094
   0.02342
  -0.04282
   0.05660
  -0.06294
   0.06102
  -0.05108
   0.03443
  -0.01327
  -0.00965
   0.03129
  -0.04882
   0.05995
  -0.06319
   0.05814
  -0.04545
   0.02680
  -0.00462
  -0.01817
   0.03856
  -0.05390
   0.06215
  -0.06224
   0.05416
  -0.03896
   0.01865
   0.00412
  -0.02634
   0.04510
  -0.05794
   0.06317
  -0.06010
   0.04914
  -0.03173
   0.01014
   0.01277
  -0.03401
   0.05078
  -0.06088
   0.06299
  -0.05682
   0.04319
  -0.02388
   0.00144
   0.02119
  -0.04103
   0.05549
  -0.06266
   0.06160
  -0.05245
   0.03641
  -0.01559
  -0.00728
   0.02920
  -0.04727
   0.05914
  -0.06325
   0.05904
  -0.04708
   0.02894
  -0.00699
  -0.01587
   0.03665
  -0.05261
   0.06167
  -0.06262
   0.05535
  -0.04081
   0.02091
   0.00174
  -0.02415
   0.04340
  -0.05695
   0.06301
  -0.06080
   0.05061
  -0.03377
   0.01249
   0.01043
  -0.03198
   0.04933
  -0.06020
   0.06316
  -0.05783
   0.04490
  -0.02607
   0.00383
   0.01893
  -0.03919
   0.05431
  -0.06229
   0.06210
  -0.05374
   0.03833
  -0.01789
  -0.00491
   0.02706
  -0.04566
   0.05826
  -0.06321
