  -0.01962
   0.04098
  -0.05621
   0.06301
  -0.06037
   0.04868
  -0.02970
   0.00627
   0.01810
  -0.03976
   0.05546
  -0.06285
   0.06082
  -0.04968
   0.03110
  -0.00785
  -0.01657
   0.03851
  -0.05468
   0.06265
  -0.06124
   0.05065
  -0.03247
   0.00943
   0.01503
  -0.03724
   0.05386
  -0.06242
   0.06162
  -0.05159
   0.03383
  -0.01100
  -0.01348
   0.03594
  -0.05301
   0.06214
  -0.06196
   0.05249
  -0.03516
   0.01256
   0.01192
  -0.03462
   0.05213
  -0.06182
   0.06226
  -0.05336
   0.03647
  -0.01411
  -0.01036
   0.03328
  -0.05121
   0.06147
  -0.06252
   0.05420
  -0.03775
   0.01566
   0.00879
  -0.03192
   0.05026
  -0.06108
   0.06274
  -0.05500
   0.03902
  -0.01719
  -0.00721
   0.03053
  -0.04928
   0.06064
  -0.06292
   0.05577
  -0.04026
   0.01871
   0.00563
  -0.02913
   0.04827
  -0.06017
   0.06306
  -0.05650
   0.04147
  -0.02023
  -0.00405
   0.02771
  -0.04723
   0.05966
  -0.06316
   0.05719
  -0.04266
   0.02173
   0.00246
  -0.02628
   0.04616
  -0.05912
   0.06322
  -0.05785
   0.04382
  -0.02321
  -0.00087
   0.02482
  -0.04505
   0.05854
  -0.06325
   0.05848
  -0.04495
   0.02468
  -0.00072
  -0.02335
   0.04392
  -0.05792
   0.06323
  -0.05907
   0.04605
  -0.02614
   0.00231
   0.02187
  -0.04277
   0.05726
  -0.06317
   0.05961
  -0.04713
   0.02758
  -0.00390
  -0.02037
   0.04158
  -0.05657
   0.06307
  -0.06013
   0.04817
  -0.02900
   0.00548
   0.01886
  -0.04037
   0.05584
  -0.06293
   0.06060
  -0.04919
   0.03040
  -0.00706
  -0.01734
   0.03914
  -0.05507
   0.06276
  -0.06104
   0.05017
  -0.03179
   0.00864
   0.01580
  -0.03788
   0.05427
  -0.06254
   0.06143
  -0.05112
   0.03315
  -0.01021
  -0.01426
   0.03659
  -0.05344
   0.06228
  -0.06179
   0.05204
  -0.03449
   0.01178
   0.01270
  -0.03528
   0.05257
  -0.06199
   0.06211
  -0.05293
   0.03582
  -0.01334
  -0.01114
   0.03395
  -0.05167
   0.06165
  -0.06239
   0.05378
  -0.03711
   0.01488
   0.00958
  -0.03260
   0.05074
  -0.06128
   0.06263
  -0.05460
   0.03839
  -0.01642
  -0.00800
   0.03123
  -0.04978
   0.06086
  -0.06283
   0.05539
  -0.03964
   0.01795
   0.00642
  -0.02984
   0.04878
  -0.06041
   0.06299
  -0.05614
   0.04087
  -0.01947
  -0.00484
   0.02843
  -0.04775
   0.05992
  -0.06312
   0.05685
  -0.04207
   0.02098
   0.00325
  -0.02700
   0.04670
  -0.05940
   0.06320
  -0.05753
   0.04324
  -0.02247
  -0.00166
   0.02555
  -0.04561
   0.05883
  -0.06324
   0.05817
  -0.04439
   0.02395
   0.00008
  -0.02409
   0.04449
  -0.05823
   0.06324
  -0.05878
   0.04550
  -0.02541
   0.00151
   0.02261
  -0.04335
   0.05759
  -0.06320
   0.05934
  -0.04659
   0.02686
  -0.00310
  -0.02112
   0.04218
  -0.05692
   0.06313
  -0.05988
   0.04765
  -0.02829
   0.00469
   0.01962
  -0.04098
   0.05621
  -0.06301
   0.06037
  -0.04868
   0.02970
  -0.00627
  -0.01810
   0.03976
  -0.05546
   0.06285
  -0.06082
   0.04968
  -0.03110
   0.00785
   0.01657
  -0.03851
   0.05468
  -0.06265
   0.06124
  -0.05065
   0.03247
  -0.00943
  -0.01503
   0.03724
  -0.05386
   0.06242
  -0.06162
   0.05159
  -0.03383
   0.01100
   0.01348
  -0.03594
   0.05301
  -0.06214
   0.06196
  -0.05249
   0.03516
  -0.01256
  -0.01192
   0.03462
  -0.05213
   0.06182
  -0.06226
   0.05336
  -0.03647
   0.01411
   0.01036
  -0.03328
   0.05121
  -0.06147
   0.06252
  -0.05420
   0.03775
  -0.01566
  -0.00879
   0.03192
  -0.05026
   0.06108
  -0.06274
   0.05500
  -0.03902
   0.01719
   0.00721
  -0.03053
   0.04928
  -0.06064
   0.06292
  -0.05577
   0.04026
  -0.01871
  -0.00563
   0.02913
  -0.04827
   0.06017
  -0.06306
   0.05650
  -0.04147
   0.02023
   0.00405
  -0.02771
   0.04723
  -0.05966
   0.06316
  -0.05719
   0.04266
  -0.02173
  -0.00246
   0.02628
  -0.04616
   0.05912
  -0.06322
   0.05785
  -0.04382
   0.02321
   0.00087
  -0.02482
   0.04505
  -0.05854
   0.06325
  -0.05848
   0.04495
  -0.02468
   0.00072
   0.02335
  -0.04392
   0.05792
  -0.06323
   0.05907
  -0.04605
   0.02614
  -0.00231
  -0.02187
   0.04277
  -0.05726
   0.06317
  -0.05961
   0.04713
  -0.02758
   0.00390
   0.02037
  -0.04158
   0.05657
  -0.06307
   0.06013
  -0.04817
   0.02900
  -0.00548
  -0.01886
   0.04037
  -0.05584
   0.06293
  -0.06060
   0.04919
  -0.03040
   0.00706
   0.01734
  -0.03914
   0.05507
  -0.06276
   0.06104
  -0.05017
   0.03179
  -0.00864
  -0.01580
   0.03788
  -0.05427
   0.06254
  -0.06143
   0.05112
  -0.03315
   0.01021
   0.01426
  -0.03659
   0.05344
  -0.06228
   0.06179
  -0.05204
   0.03449
  -0.01178
  -0.01270
   0.03528
  -0.05257
   0.06199
  -0.06211
   0.05293
  -0.03582
   0.01334
   0.01114
  -0.03395
   0.05167
  -0.06165
   0.06239
  -0.05378
   0.03711
  -0.01488
  -0.00958
   0.03260
  -0.05074
   0.06128
  -0.06263
   0.05460
  -0.03839
   0.01642
   0.00800
  -0.03123
   0.04978
  -0.06086
   0.06283
  -0.05539
   0.03964
  -0.01795
  -0.00642
   0.02984
  -0.04878
   0.06041
  -0.06299
   0.05614
  -0.04087
   0.01947
   0.00484
  -0.02843
   0.04775
  -0.05992
   0.06312
  -0.05685
   0.04207
  -0.02098
  -0.00325
   0.02700
  -0.04670
   0.05940
  -0.06320
   0.05753
  -0.04324
   0.02247
   0.00166
  -0.02555
   0.04561
  -0.05883
   0.06324
  -0.05817
   0.04439
  -0.02395
  -0.00008
   0.02409
  -0.04449
   0.05823
  -0.06324
   0.05878
  -0.04550
   0.02541
  -0.00151
  -0.02261
   0.04335
  -0.05759
   0.06320
  -0.05934
   0.04659
  -0.02686
   0.00310
   0.02112
  -0.04218
   0.05692
  -0.06313
   0.05988
  -0.04765
   0.02829
  -0.00469
