  -0.05942
   0.03832
   0.03666
  -0.06010
  -0.00095
   0.06067
  -0.03509
  -0.03982
   0.05875
   0.00492
  -0.06167
   0.03172
   0.04283
  -0.05716
  -0.00887
   0.06243
  -0.02822
  -0.04567
   0.05535
   0.01279
  -0.06294
   0.02461
   0.04832
  -0.05332
  -0.01665
   0.06321
  -0.02090
  -0.05079
   0.05107
   0.02045
  -0.06322
   0.01711
   0.05306
  -0.04863
  -0.02417
   0.06299
  -0.01325
  -0.05511
   0.04600
   0.02779
  -0.06250
   0.00935
   0.05695
  -0.04318
  -0.03130
   0.06177
  -0.00540
  -0.05857
   0.04019
   0.03469
  -0.06080
   0.00143
   0.05995
  -0.03705
  -0.03794
   0.05959
   0.00254
  -0.06110
   0.03376
   0.04104
  -0.05814
  -0.00650
   0.06200
  -0.03033
  -0.04398
   0.05646
   0.01044
  -0.06266
   0.02679
   0.04675
  -0.05456
  -0.01434
   0.06308
  -0.02314
  -0.04933
   0.05244
   0.01818
  -0.06324
   0.01939
   0.05172
  -0.05012
  -0.02195
   0.06316
  -0.01558
  -0.05390
   0.04760
   0.02563
  -0.06282
   0.01170
   0.05588
  -0.04489
  -0.02921
   0.06224
  -0.00777
  -0.05763
   0.04200
   0.03267
  -0.06141
   0.00381
   0.05915
  -0.03895
  -0.03601
   0.06034
   0.00016
  -0.06044
   0.03575
   0.03920
  -0.05904
  -0.00413
   0.06149
  -0.03240
  -0.04224
   0.05749
   0.00808
  -0.06230
   0.02893
   0.04511
  -0.05573
  -0.01201
   0.06286
  -0.02534
  -0.04781
   0.05374
   0.01588
  -0.06317
   0.02165
   0.05031
  -0.05154
  -0.01969
   0.06324
  -0.01787
  -0.05262
   0.04914
   0.02343
  -0.06305
   0.01403
   0.05472
  -0.04654
  -0.02707
   0.06262
  -0.01013
  -0.05660
   0.04376
   0.03061
  -0.06194
   0.00619
   0.05826
  -0.04080
  -0.03402
   0.06101
  -0.00223
  -0.05969
   0.03769
   0.03730
  -0.05985
  -0.00175
   0.06089
  -0.03442
  -0.04044
   0.05845
   0.00571
  -0.06184
   0.03103
   0.04341
  -0.05681
  -0.00966
   0.06255
  -0.02750
  -0.04621
   0.05496
   0.01356
  -0.06301
   0.02387
   0.04883
  -0.05288
  -0.01741
   0.06323
  -0.02015
  -0.05126
   0.05060
   0.02120
  -0.06319
   0.01634
   0.05348
  -0.04812
  -0.02490
   0.06291
  -0.01248
  -0.05550
   0.04545
   0.02850
  -0.06238
   0.00856
   0.05729
  -0.04260
  -0.03199
   0.06160
  -0.00461
  -0.05886
   0.03958
   0.03535
  -0.06058
   0.00064
   0.06020
  -0.03640
  -0.03857
   0.05932
   0.00334
  -0.06130
   0.03308
   0.04164
  -0.05782
  -0.00729
   0.06215
  -0.02963
  -0.04455
   0.05610
   0.01122
  -0.06277
   0.02606
   0.04728
  -0.05415
  -0.01511
   0.06313
  -0.02239
  -0.04983
   0.05200
   0.01894
  -0.06325
   0.01864
   0.05217
  -0.04963
  -0.02269
   0.06311
  -0.01480
  -0.05432
   0.04707
   0.02635
  -0.06273
   0.01091
   0.05624
  -0.04433
  -0.02991
   0.06210
  -0.00698
  -0.05795
   0.04141
   0.03335
  -0.06122
   0.00302
   0.05942
  -0.03832
  -0.03666
   0.06010
   0.00095
  -0.06067
   0.03509
   0.03982
  -0.05875
  -0.00492
   0.06167
  -0.03172
  -0.04283
   0.05716
   0.00887
  -0.06243
   0.02822
   0.04567
  -0.05535
  -0.01279
   0.06294
  -0.02461
  -0.04832
   0.05332
   0.01665
  -0.06321
   0.02090
   0.05079
  -0.05107
  -0.02045
   0.06322
  -0.01711
  -0.05306
   0.04863
   0.02417
  -0.06299
   0.01325
   0.05511
  -0.04600
  -0.02779
   0.06250
  -0.00935
  -0.05695
   0.04318
   0.03130
  -0.06177
   0.00540
   0.05857
  -0.04019
  -0.03469
   0.06080
  -0.00143
  -0.05995
   0.03705
   0.03794
  -0.05959
  -0.00254
   0.06110
  -0.03376
  -0.04104
   0.05814
   0.00650
  -0.06200
   0.03033
   0.04398
  -0.05646
  -0.01044
   0.06266
  -0.02679
  -0.04675
   0.05456
   0.01434
  -0.06308
   0.02314
   0.04933
  -0.05244
  -0.01818
   0.06324
  -0.01939
  -0.05172
   0.05012
   0.02195
  -0.06316
   0.01558
   0.05390
  -0.04760
  -0.02563
   0.06282
  -0.01170
  -0.05588
   0.04489
   0.02921
  -0.06224
   0.00777
   0.05763
  -0.04200
  -0.03267
   0.06141
  -0.00381
  -0.05915
   0.03895
   0.03601
  -0.06034
  -0.00016
   0.06044
  -0.03575
  -0.03920
   0.05904
   0.00413
  -0.06149
   0.03240
   0.04224
  -0.05749
  -0.00808
   0.06230
  -0.02893
  -0.04511
   0.05573
   0.01201
  -0.06286
   0.02534
   0.04781
  -0.05374
  -0.01588
   0.06317
  -0.02165
  -0.05031
   0.05154
   0.01969
  -0.06324
   0.01787
   0.05262
  -0.04914
  -0.02343
   0.06305
  -0.01403
  -0.05472
   0.04654
   0.02707
  -0.06262
   0.01013
   0.05660
  -0.04376
  -0.03061
   0.06194
  -0.00619
  -0.05826
   0.04080
   0.03402
  -0.06101
   0.00223
   0.05969
  -0.03769
  -0.03730
   0.05985
   0.00175
  -0.06089
   0.03442
   0.04044
  -0.05845
  -0.00571
   0.06184
  -0.03103
  -0.04341
   0.05681
   0.00966
  -0.06255
   0.02750
   0.04621
  -0.05496
  -0.01356
   0.06301
  -0.02387
  -0.04883
   0.05288
   0.01741
  -0.06323
   0.02015
   0.05126
  -0.05060
  -0.02120
   0.06319
  -0.01634
  -0.05348
   0.04812
   0.02490
  -0.06291
   0.01248
   0.05550
  -0.04545
  -0.02850
   0.06238
  -0.00856
  -0.05729
   0.04260
   0.03199
  -0.06160
   0.00461
   0.05886
  -0.03958
  -0.03535
   0.06058
  -0.00064
  -0.06020
   0.03640
   0.03857
  -0.05932
  -0.00334
   0.06130
  -0.03308
  -0.04164
   0.05782
   0.00729
  -0.06215
   0.02963
   0.04455
  -0.05610
  -0.01122
   0.06277
  -0.02606
  -0.04728
   0.05415
   0.01511
  -0.06313
   0.02239
   0.04983
  -0.05200
  -0.01894
   0.06325
  -0.01864
  -0.05217
   0.04963
   0.02269
  -0.06311
   0.01480
   0.05432
  -0.04707
  -0.02635
   0.06273
  -0.01091
  -0.05624
   0.04433
   0.02991
  -0.06210
   0.00698
   0.05795
  -0.04141
  -0.03335
   0.06122
  -0.00302
