   0.03629
   0.05981
   0.06048
   0.03805
   0.00108
  -0.03629
  -0.05981
  -0.06048
  -0.03805
  -0.00108
   0.03629
   0.05981
   0.06048
   0.03805
   0.00108
  -0.03629
  -0.05981
  -0.06048
  -0.03805
  -0.00108
   0.03629
   0.05981
   0.06048
   0.03805
   0.00108
  -0.03629
  -0.05981
  -0.06048
  -0.03805
  -0.00108
   0.03629
   0.05981
   0.06048
   0.03805
   0.00108
  -0.03629
  -0.05981
  -0.06048
  -0.03805
  -0.00108
   0.03629
   0.05981
   0.06048
   0.03805
   0.00108
  -0.03629
  -0.05981
  -0.06048
  -0.03805
  -0.00108
   0.03629
   0.05981
   0.06048
   0.03805
   0.00108
  -0.03629
  -0.05981
  -0.06048
  -0.03805
  -0.00108
   0.03629
   0.05981
   0.06048
   0.03805
   0.00108
  -0.03629
  -0.05981
  -0.06048
  -0.03805
  -0.00108
   0.03629
   0.05981
   0.06048
   0.03805
   0.00108
  -0.03629
  -0.05981
  -0.06048
  -0.03805
  -0.00108
   0.03629
   0.05981
   0.06048
   0.03805
   0.00108
  -0.03629
  -0.05981
  -0.06048
  -0.03805
  -0.00108
   0.03629
   0.05981
   0.06048
   0.03805
   0.00108
  -0.03629
  -0.05981
  -0.06048
  -0.03805
  -0.00108
   0.03629
   0.05981
   0.06048
   0.03805
   0.00108
  -0.03629
  -0.05981
  -0.06048
  -0.03805
  -0.00108
   0.03629
   0.05981
   0.06048
   0.03805
   0.00108
  -0.03629
  -0.05981
  -0.06048
  -0.03805
  -0.00108
   0.03629
   0.05981
   0.06048
   0.03805
   0.00108
  -0.03629
  -0.05981
  -0.06048
  -0.03805
  -0.00108
   0.03629
   0.05981
   0.06048
   0.03805
   0.00108
  -0.03629
  -0.05981
  -0.06048
  -0.03805
  -0.00108
   0.03629
   0.05981
   0.06048
   0.03805
   0.00108
  -0.03629
  -0.05981
  -0.06048
  -0.03805
  -0.00108
   0.03629
   0.05981
   0.06048
   0.03805
   0.00108
  -0.03629
  -0.05981
  -0.06048
  -0.03805
  -0.00108
   0.03629
   0.05981
   0.06048
   0.03805
   0.00108
  -0.03629
  -0.05981
  -0.06048
  -0.03805
  -0.00108
   0.03629
   0.05981
   0.06048
   0.03805
   0.00108
  -0.03629
  -0.05981
  -0.06048
  -0.03805
  -0.00108
   0.03629
   0.05981
   0.06048
   0.03805
   0.00108
  -0.03629
  -0.05981
  -0.06048
  -0.03805
  -0.00108
   0.03629
   0.05981
   0.06048
   0.03805
   0.00108
  -0.03629
  -0.05981
  -0.06048
  -0.03805
  -0.00108
   0.03629
   0.05981
   0.06048
   0.03805
   0.00108
  -0.03629
  -0.05981
  -0.06048
  -0.03805
  -0.00108
   0.03629
   0.05981
   0.06048
   0.03805
   0.00108
  -0.03629
  -0.05981
  -0.06048
  -0.03805
  -0.00108
   0.03629
   0.05981
   0.06048
   0.03805
   0.00108
  -0.03629
  -0.05981
  -0.06048
  -0.03805
  -0.00108
   0.03629
   0.05981
   0.06048
   0.03805
   0.00108
  -0.03629
  -0.05981
  -0.06048
  -0.03805
  -0.00108
   0.03629
   0.05981
   0.06048
   0.03805
   0.00108
  -0.03629
  -0.05981
  -0.06048
  -0.03805
  -0.00108
   0.03629
   0.05981
   0.06048
   0.03805
   0.00108
  -0.03629
  -0.05981
  -0.06048
  -0.03805
  -0.00108
   0.03629
   0.05981
   0.06048
   0.03805
   0.00108
  -0.03629
  -0.05981
  -0.06048
  -0.03805
  -0.00108
   0.03629
   0.05981
   0.06048
   0.03805
   0.00108
  -0.03629
  -0.05981
  -0.06048
  -0.03805
  -0.00108
   0.03629
   0.05981
   0.06048
   0.03805
   0.00108
  -0.03629
  -0.05981
  -0.06048
  -0.03805
  -0.00108
   0.03629
   0.05981
   0.06048
   0.03805
   0.00108
  -0.03629
  -0.05981
  -0.06048
  -0.03805
  -0.00108
   0.03629
   0.05981
   0.06048
   0.03805
   0.00108
  -0.03629
  -0.05981
  -0.06048
  -0.03805
  -0.00108
   0.03629
   0.05981
   0.06048
   0.03805
   0.00108
  -0.03629
  -0.05981
  -0.06048
  -0.03805
  -0.00108
   0.03629
   0.05981
   0.06048
   0.03805
   0.00108
  -0.03629
  -0.05981
  -0.06048
  -0.03805
  -0.00108
   0.03629
   0.05981
   0.06048
   0.03805
   0.00108
  -0.03629
  -0.05981
  -0.06048
  -0.03805
  -0.00108
   0.03629
   0.05981
   0.06048
   0.03805
   0.00108
  -0.03629
  -0.05981
  -0.06048
  -0.03805
  -0.00108
   0.03629
   0.05981
   0.06048
   0.03805
   0.00108
  -0.03629
  -0.05981
  -0.06048
  -0.03805
  -0.00108
   0.03629
   0.05981
   0.06048
   0.03805
   0.00108
  -0.03629
  -0.05981
  -0.06048
  -0.03805
  -0.00108
   0.03629
   0.05981
   0.06048
   0.03805
   0.00108
  -0.03629
  -0.05981
  -0.06048
  -0.03805
  -0.00108
   0.03629
   0.05981
   0.06048
   0.03805
   0.00108
  -0.03629
  -0.05981
  -0.06048
  -0.03805
  -0.00108
   0.03629
   0.05981
   0.06048
   0.03805
   0.00108
  -0.03629
  -0.05981
  -0.06048
  -0.03805
  -0.00108
   0.03629
   0.05981
   0.06048
   0.03805
   0.00108
  -0.03629
  -0.05981
  -0.06048
  -0.03805
  -0.00108
   0.03629
   0.05981
   0.06048
   0.03805
   0.00108
  -0.03629
  -0.05981
  -0.06048
  -0.03805
  -0.00108
   0.03629
   0.05981
   0.06048
   0.03805
   0.00108
  -0.03629
  -0.05981
  -0.06048
  -0.03805
  -0.00108
   0.03629
   0.05981
   0.06048
   0.03805
   0.00108
  -0.03629
  -0.05981
  -0.06048
  -0.03805
  -0.00108
   0.03629
   0.05981
   0.06048
   0.03805
   0.00108
  -0.03629
  -0.05981
  -0.06048
  -0.03805
  -0.00108
   0.03629
   0.05981
   0.06048
   0.03805
   0.00108
  -0.03629
  -0.05981
  -0.06048
  -0.03805
  -0.00108
   0.03629
   0.05981
   0.06048
   0.03805
   0.00108
  -0.03629
  -0.05981
  -0.06048
  -0.03805
  -0.00108
   0.03629
   0.05981
   0.06048
   0.03805
   0.00108
  -0.03629
  -0.05981
  -0.06048
  -0.03805
  -0.00108
   0.03629
   0.05981
   0.06048
   0.03805
   0.00108
  -0.03629
  -0.05981
  -0.06048
  -0.03805
  -0.00108
   0.03629
   0.05981
   0.06048
   0.03805
   0.00108
  -0.03629
  -0.05981
  -0.06048
  -0.03805
  -0.00108
