  -0.05209
  -0.05937
  -0.01649
   0.04032
   0.06307
   0.03253
  -0.02549
  -0.06197
  -0.04610
   0.00872
   0.05617
   0.05617
   0.00871
  -0.04611
  -0.06197
  -0.02548
   0.03254
   0.06307
   0.04031
  -0.01650
  -0.05937
  -0.05208
  -0.00079
   0.05117
   0.05990
   0.01802
  -0.03908
  -0.06317
  -0.03389
   0.02402
   0.06164
   0.04718
  -0.00714
  -0.05542
  -0.05688
  -0.01028
   0.04500
   0.06227
   0.02693
  -0.03117
  -0.06293
  -0.04152
   0.01496
   0.05881
   0.05297
   0.00238
  -0.05022
  -0.06039
  -0.01954
   0.03782
   0.06323
   0.03522
  -0.02254
  -0.06126
  -0.04822
   0.00556
   0.05464
   0.05756
   0.01185
  -0.04387
  -0.06253
  -0.02836
   0.02977
   0.06275
   0.04271
  -0.01341
  -0.05820
  -0.05382
  -0.00397
   0.04924
   0.06084
   0.02105
  -0.03653
  -0.06325
  -0.03653
   0.02105
   0.06084
   0.04923
  -0.00397
  -0.05382
  -0.05820
  -0.01341
   0.04271
   0.06275
   0.02977
  -0.02836
  -0.06253
  -0.04387
   0.01185
   0.05756
   0.05464
   0.00555
  -0.04822
  -0.06126
  -0.02254
   0.03522
   0.06323
   0.03781
  -0.01955
  -0.06039
  -0.05021
   0.00239
   0.05297
   0.05880
   0.01495
  -0.04153
  -0.06293
  -0.03116
   0.02693
   0.06227
   0.04500
  -0.01029
  -0.05688
  -0.05542
  -0.00713
   0.04718
   0.06163
   0.02402
  -0.03389
  -0.06317
  -0.03907
   0.01803
   0.05990
   0.05116
  -0.00080
  -0.05209
  -0.05937
  -0.01649
   0.04032
   0.06307
   0.03253
  -0.02549
  -0.06197
  -0.04610
   0.00872
   0.05617
   0.05617
   0.00871
  -0.04611
  -0.06197
  -0.02548
   0.03254
   0.06307
   0.04031
  -0.01650
  -0.05937
  -0.05208
  -0.00079
   0.05117
   0.05990
   0.01802
  -0.03908
  -0.06317
  -0.03389
   0.02402
   0.06164
   0.04718
  -0.00714
  -0.05542
  -0.05688
  -0.01028
   0.04500
   0.06227
   0.02693
  -0.03117
  -0.06293
  -0.04152
   0.01496
   0.05881
   0.05297
   0.00238
  -0.05022
  -0.06039
  -0.01954
   0.03782
   0.06323
   0.03522
  -0.02254
  -0.06126
  -0.04822
   0.00556
   0.05464
   0.05756
   0.01185
  -0.04387
  -0.06253
  -0.02836
   0.02977
   0.06275
   0.04271
  -0.01341
  -0.05820
  -0.05382
  -0.00397
   0.04924
   0.06084
   0.02105
  -0.03653
  -0.06325
  -0.03653
   0.02105
   0.06084
   0.04923
  -0.00397
  -0.05382
  -0.05820
  -0.01341
   0.04271
   0.06275
   0.02977
  -0.02836
  -0.06253
  -0.04387
   0.01185
   0.05756
   0.05464
   0.00555
  -0.04822
  -0.06126
  -0.02254
   0.03522
   0.06323
   0.03781
  -0.01955
  -0.06039
  -0.05021
   0.00239
   0.05297
   0.05880
   0.01495
  -0.04153
  -0.06293
  -0.03116
   0.02693
   0.06227
   0.04500
  -0.01029
  -0.05688
  -0.05542
  -0.00713
   0.04718
   0.06163
   0.02402
  -0.03389
  -0.06317
  -0.03907
   0.01803
   0.05990
   0.05116
  -0.00080
  -0.05209
  -0.05937
  -0.01649
   0.04032
   0.06307
   0.03253
  -0.02549
  -0.06197
  -0.04610
   0.00872
   0.05617
   0.05617
   0.00871
  -0.04611
  -0.06197
  -0.02548
   0.03254
   0.06307
   0.04031
  -0.01650
  -0.05937
  -0.05208
  -0.00079
   0.05117
   0.05990
   0.01802
  -0.03908
  -0.06317
  -0.03389
   0.02402
   0.06164
   0.04718
  -0.00714
  -0.05542
  -0.05688
  -0.01028
   0.04500
   0.06227
   0.02693
  -0.03117
  -0.06293
  -0.04152
   0.01496
   0.05881
   0.05297
   0.00238
  -0.05022
  -0.06039
  -0.01954
   0.03782
   0.06323
   0.03522
  -0.02254
  -0.06126
  -0.04822
   0.00556
   0.05464
   0.05756
   0.01185
  -0.04387
  -0.06253
  -0.02836
   0.02977
   0.06275
   0.04271
  -0.01341
  -0.05820
  -0.05382
  -0.00397
   0.04924
   0.06084
   0.02105
  -0.03653
  -0.06325
  -0.03653
   0.02105
   0.06084
   0.04923
  -0.00397
  -0.05382
  -0.05820
  -0.01341
   0.04271
   0.06275
   0.02977
  -0.02836
  -0.06253
  -0.04387
   0.01185
   0.05756
   0.05464
   0.00555
  -0.04822
  -0.06126
  -0.02254
   0.03522
   0.06323
   0.03781
  -0.01955
  -0.06039
  -0.05021
   0.00239
   0.05297
   0.05880
   0.01495
  -0.04153
  -0.06293
  -0.03116
   0.02693
   0.06227
   0.04500
  -0.01029
  -0.05688
  -0.05542
  -0.00713
   0.04718
   0.06163
   0.02402
  -0.03389
  -0.06317
  -0.03907
   0.01803
   0.05990
   0.05116
  -0.00080
  -0.05209
  -0.05937
  -0.01649
   0.04032
   0.06307
   0.03253
  -0.02549
  -0.06197
  -0.04610
   0.00872
   0.05617
   0.05617
   0.00871
  -0.04611
  -0.06197
  -0.02548
   0.03254
   0.06307
   0.04031
  -0.01650
  -0.05937
  -0.05208
  -0.00079
   0.05117
   0.05990
   0.01802
  -0.03908
  -0.06317
  -0.03389
   0.02402
   0.06164
   0.04718
  -0.00714
  -0.05542
  -0.05688
  -0.01028
   0.04500
   0.06227
   0.02693
  -0.03117
  -0.06293
  -0.04152
   0.01496
   0.05881
   0.05297
   0.00238
  -0.05022
  -0.06039
  -0.01954
   0.03782
   0.06323
   0.03522
  -0.02254
  -0.06126
  -0.04822
   0.00556
   0.05464
   0.05756
   0.01185
  -0.04387
  -0.06253
  -0.02836
   0.02977
   0.06275
   0.04271
  -0.01341
  -0.05820
  -0.05382
  -0.00397
   0.04924
   0.06084
   0.02105
  -0.03653
  -0.06325
  -0.03653
   0.02105
   0.06084
   0.04923
  -0.00397
  -0.05382
  -0.05820
  -0.01341
   0.04271
   0.06275
   0.02977
  -0.02836
  -0.06253
  -0.04387
   0.01185
   0.05756
   0.05464
   0.00555
  -0.04822
  -0.06126
  -0.02254
   0.03522
   0.06323
   0.03781
  -0.01955
  -0.06039
  -0.05021
   0.00239
   0.05297
   0.05880
   0.01495
  -0.04153
  -0.06293
  -0.03116
   0.02693
   0.06227
   0.04500
  -0.01029
  -0.05688
  -0.05542
  -0.00713
   0.04718
   0.06163
   0.02402
  -0.03389
  -0.06317
  -0.03907
   0.01803
   0.05990
   0.05116
  -0.00080
