  -0.05783
   0.04223
   0.03172
  -0.06184
   0.00649
   0.05783
  -0.04223
  -0.03172
   0.06184
  -0.00649
  -0.05783
   0.04223
   0.03172
  -0.06184
   0.00649
   0.05783
  -0.04223
  -0.03172
   0.06184
  -0.00649
  -0.05783
   0.04223
   0.03172
  -0.06184
   0.00649
   0.05783
  -0.04223
  -0.03172
   0.06184
  -0.00649
  -0.05783
   0.04223
   0.03172
  -0.06184
   0.00649
   0.05783
  -0.04223
  -0.03172
   0.06184
  -0.00649
  -0.05783
   0.04223
   0.03172
  -0.06184
   0.00649
   0.05783
  -0.04223
  -0.03172
   0.06184
  -0.00649
  -0.05783
   0.04223
   0.03172
  -0.06184
   0.00649
   0.05783
  -0.04223
  -0.03172
   0.06184
  -0.00649
  -0.05783
   0.04223
   0.03172
  -0.06184
   0.00649
   0.05783
  -0.04223
  -0.03172
   0.06184
  -0.00649
  -0.05783
   0.04223
   0.03172
  -0.06184
   0.00649
   0.05783
  -0.04223
  -0.03172
   0.06184
  -0.00649
  -0.05783
   0.04223
   0.03172
  -0.06184
   0.00649
   0.05783
  -0.04223
  -0.03172
   0.06184
  -0.00649
  -0.05783
   0.04223
   0.03172
  -0.06184
   0.00649
   0.05783
  -0.04223
  -0.03172
   0.06184
  -0.00649
  -0.05783
   0.04223
   0.03172
  -0.06184
   0.00649
   0.05783
  -0.04223
  -0.03172
   0.06184
  -0.00649
  -0.05783
   0.04223
   0.03172
  -0.06184
   0.00649
   0.05783
  -0.04223
  -0.03172
   0.06184
  -0.00649
  -0.05783
   0.04223
   0.03172
  -0.06184
   0.00649
   0.05783
  -0.04223
  -0.03172
   0.06184
  -0.00649
  -0.05783
   0.04223
   0.03172
  -0.06184
   0.00649
   0.05783
  -0.04223
  -0.03172
   0.06184
  -0.00649
  -0.05783
   0.04223
   0.03172
  -0.06184
   0.00649
   0.05783
  -0.04223
  -0.03172
   0.06184
  -0.00649
  -0.05783
   0.04223
   0.03172
  -0.06184
   0.00649
   0.05783
  -0.04223
  -0.03172
   0.06184
  -0.00649
  -0.05783
   0.04223
   0.03172
  -0.06184
   0.00649
   0.05783
  -0.04223
  -0.03172
   0.06184
  -0.00649
  -0.05783
   0.04223
   0.03172
  -0.06184
   0.00649
   0.05783
  -0.04223
  -0.03172
   0.06184
  -0.00649
  -0.05783
   0.04223
   0.03172
  -0.06184
   0.00649
   0.05783
  -0.04223
  -0.03172
   0.06184
  -0.00649
  -0.05783
   0.04223
   0.03172
  -0.06184
   0.00649
   0.05783
  -0.04223
  -0.03172
   0.06184
  -0.00649
  -0.05783
   0.04223
   0.03172
  -0.06184
   0.00649
   0.05783
  -0.04223
  -0.03172
   0.06184
  -0.00649
  -0.05783
   0.04223
   0.03172
  -0.06184
   0.00649
   0.05783
  -0.04223
  -0.03172
   0.06184
  -0.00649
  -0.05783
   0.04223
   0.03172
  -0.06184
   0.00649
   0.05783
  -0.04223
  -0.03172
   0.06184
  -0.00649
  -0.05783
   0.04223
   0.03172
  -0.06184
   0.00649
   0.05783
  -0.04223
  -0.03172
   0.06184
  -0.00649
  -0.05783
   0.04223
   0.03172
  -0.06184
   0.00649
   0.05783
  -0.04223
  -0.03172
   0.06184
  -0.00649
  -0.05783
   0.04223
   0.03172
  -0.06184
   0.00649
   0.05783
  -0.04223
  -0.03172
   0.06184
  -0.00649
  -0.05783
   0.04223
   0.03172
  -0.06184
   0.00649
   0.05783
  -0.04223
  -0.03172
   0.06184
  -0.00649
  -0.05783
   0.04223
   0.03172
  -0.06184
   0.00649
   0.05783
  -0.04223
  -0.03172
   0.06184
  -0.00649
  -0.05783
   0.04223
   0.03172
  -0.06184
   0.00649
   0.05783
  -0.04223
  -0.03172
   0.06184
  -0.00649
  -0.05783
   0.04223
   0.03172
  -0.06184
   0.00649
   0.05783
  -0.04223
  -0.03172
   0.06184
  -0.00649
  -0.05783
   0.04223
   0.03172
  -0.06184
   0.00649
   0.05783
  -0.04223
  -0.03172
   0.06184
  -0.00649
  -0.05783
   0.04223
   0.03172
  -0.06184
   0.00649
   0.05783
  -0.04223
  -0.03172
   0.06184
  -0.00649
  -0.05783
   0.04223
   0.03172
  -0.06184
   0.00649
   0.05783
  -0.04223
  -0.03172
   0.06184
  -0.00649
  -0.05783
   0.04223
   0.03172
  -0.06184
   0.00649
   0.05783
  -0.04223
  -0.03172
   0.06184
  -0.00649
  -0.05783
   0.04223
   0.03172
  -0.06184
   0.00649
   0.05783
  -0.04223
  -0.03172
   0.06184
  -0.00649
  -0.05783
   0.04223
   0.03172
  -0.06184
   0.00649
   0.05783
  -0.04223
  -0.03172
   0.06184
  -0.00649
  -0.05783
   0.04223
   0.03172
  -0.06184
   0.00649
   0.05783
  -0.04223
  -0.03172
   0.06184
  -0.00649
  -0.05783
   0.04223
   0.03172
  -0.06184
   0.00649
   0.05783
  -0.04223
  -0.03172
   0.06184
  -0.00649
  -0.05783
   0.04223
   0.03172
  -0.06184
   0.00649
   0.05783
  -0.04223
  -0.03172
   0.06184
  -0.00649
  -0.05783
   0.04223
   0.03172
  -0.06184
   0.00649
   0.05783
  -0.04223
  -0.03172
   0.06184
  -0.00649
  -0.05783
   0.04223
   0.03172
  -0.06184
   0.00649
   0.05783
  -0.04223
  -0.03172
   0.06184
  -0.00649
  -0.05783
   0.04223
   0.03172
  -0.06184
   0.00649
   0.05783
  -0.04223
  -0.03172
   0.06184
  -0.00649
  -0.05783
   0.04223
   0.03172
  -0.06184
   0.00649
   0.05783
  -0.04223
  -0.03172
   0.06184
  -0.00649
  -0.05783
   0.04223
   0.03172
  -0.06184
   0.00649
   0.05783
  -0.04223
  -0.03172
   0.06184
  -0.00649
  -0.05783
   0.04223
   0.03172
  -0.06184
   0.00649
   0.05783
  -0.04223
  -0.03172
   0.06184
  -0.00649
  -0.05783
   0.04223
   0.03172
  -0.06184
   0.00649
   0.05783
  -0.04223
  -0.03172
   0.06184
  -0.00649
  -0.05783
   0.04223
   0.03172
  -0.06184
   0.00649
   0.05783
  -0.04223
  -0.03172
   0.06184
  -0.00649
  -0.05783
   0.04223
   0.03172
  -0.06184
   0.00649
   0.05783
  -0.04223
  -0.03172
   0.06184
  -0.00649
  -0.05783
   0.04223
   0.03172
  -0.06184
   0.00649
   0.05783
  -0.04223
  -0.03172
   0.06184
  -0.00649
  -0.05783
   0.04223
   0.03172
  -0.06184
   0.00649
   0.05783
  -0.04223
  -0.03172
   0.06184
  -0.00649
