  -0.03424
   0.05866
  -0.06154
   0.04181
  -0.00673
  -0.03083
   0.05706
  -0.06233
   0.04471
  -0.01066
  -0.02730
   0.05524
  -0.06288
   0.04743
  -0.01455
  -0.02367
   0.05319
  -0.06318
   0.04996
  -0.01839
  -0.01994
   0.05094
  -0.06323
   0.05230
  -0.02215
  -0.01613
   0.04849
  -0.06304
   0.05443
  -0.02583
  -0.01226
   0.04584
  -0.06259
   0.05634
  -0.02940
  -0.00834
   0.04302
  -0.06189
   0.05804
  -0.03286
  -0.00438
   0.04002
  -0.06096
   0.05950
  -0.03619
  -0.00041
   0.03687
  -0.05978
   0.06073
  -0.03938
   0.00356
   0.03357
  -0.05836
   0.06172
  -0.04241
   0.00752
   0.03013
  -0.05672
   0.06246
  -0.04527
   0.01144
   0.02658
  -0.05485
   0.06296
  -0.04795
   0.01533
   0.02293
  -0.05276
   0.06321
  -0.05045
   0.01915
   0.01918
  -0.05047
   0.06321
  -0.05274
   0.02290
   0.01536
  -0.04797
   0.06297
  -0.05483
   0.02655
   0.01148
  -0.04529
   0.06247
  -0.05670
   0.03011
   0.00755
  -0.04243
   0.06173
  -0.05835
   0.03354
   0.00359
  -0.03940
   0.06074
  -0.05977
   0.03684
  -0.00038
  -0.03622
   0.05951
  -0.06095
   0.03999
  -0.00435
  -0.03289
   0.05805
  -0.06189
   0.04299
  -0.00830
  -0.02943
   0.05636
  -0.06258
   0.04582
  -0.01222
  -0.02586
   0.05445
  -0.06303
   0.04847
  -0.01610
  -0.02219
   0.05232
  -0.06323
   0.05092
  -0.01991
  -0.01842
   0.04998
  -0.06319
   0.05318
  -0.02364
  -0.01459
   0.04745
  -0.06289
   0.05522
  -0.02727
  -0.01069
   0.04473
  -0.06234
   0.05705
  -0.03080
  -0.00676
   0.04184
  -0.06155
   0.05865
  -0.03421
  -0.00280
   0.03878
  -0.06051
   0.06002
  -0.03748
   0.00118
   0.03556
  -0.05924
   0.06115
  -0.04061
   0.00514
   0.03221
  -0.05773
   0.06205
  -0.04357
   0.00909
   0.02873
  -0.05599
   0.06269
  -0.04636
   0.01300
   0.02513
  -0.05404
   0.06309
  -0.04897
   0.01686
   0.02144
  -0.05187
   0.06324
  -0.05139
   0.02066
   0.01766
  -0.04949
   0.06315
  -0.05360
   0.02437
   0.01381
  -0.04692
   0.06280
  -0.05560
   0.02799
   0.00991
  -0.04417
   0.06220
  -0.05739
   0.03149
   0.00597
  -0.04124
   0.06136
  -0.05894
   0.03488
   0.00200
  -0.03815
   0.06028
  -0.06027
   0.03812
  -0.00197
  -0.03490
   0.05896
  -0.06135
   0.04121
  -0.00594
  -0.03152
   0.05740
  -0.06220
   0.04414
  -0.00988
  -0.02802
   0.05562
  -0.06279
   0.04690
  -0.01378
  -0.02440
   0.05362
  -0.06314
   0.04947
  -0.01763
  -0.02069
   0.05141
  -0.06324
   0.05185
  -0.02141
  -0.01690
   0.04899
  -0.06310
   0.05402
  -0.02510
  -0.01304
   0.04639
  -0.06270
   0.05598
  -0.02870
  -0.00912
   0.04360
  -0.06205
   0.05772
  -0.03218
  -0.00518
   0.04063
  -0.06116
   0.05923
  -0.03554
  -0.00121
   0.03751
  -0.06003
   0.06050
  -0.03875
   0.00276
   0.03424
  -0.05866
   0.06154
  -0.04181
   0.00673
   0.03083
  -0.05706
   0.06233
  -0.04471
   0.01066
   0.02730
  -0.05524
   0.06288
  -0.04743
   0.01455
   0.02367
  -0.05319
   0.06318
  -0.04996
   0.01839
   0.01994
  -0.05094
   0.06323
  -0.05230
   0.02215
   0.01613
  -0.04849
   0.06304
  -0.05443
   0.02583
   0.01226
  -0.04584
   0.06259
  -0.05634
   0.02940
   0.00834
  -0.04302
   0.06189
  -0.05804
   0.03286
   0.00438
  -0.04002
   0.06096
  -0.05950
   0.03619
   0.00041
  -0.03687
   0.05978
  -0.06073
   0.03938
  -0.00356
  -0.03357
   0.05836
  -0.06172
   0.04241
  -0.00752
  -0.03013
   0.05672
  -0.06246
   0.04527
  -0.01144
  -0.02658
   0.05485
  -0.06296
   0.04795
  -0.01533
  -0.02293
   0.05276
  -0.06321
   0.05045
  -0.01915
  -0.01918
   0.05047
  -0.06321
   0.05274
  -0.02290
  -0.01536
   0.04797
  -0.06297
   0.05483
  -0.02655
  -0.01148
   0.04529
  -0.06247
   0.05670
  -0.03011
  -0.00755
   0.04243
  -0.06173
   0.05835
  -0.03354
  -0.00359
   0.03940
  -0.06074
   0.05977
  -0.03684
   0.00038
   0.03622
  -0.05951
   0.06095
  -0.03999
   0.00435
   0.03289
  -0.05805
   0.06189
  -0.04299
   0.00830
   0.02943
  -0.05636
   0.06258
  -0.04582
   0.01222
   0.02586
  -0.05445
   0.06303
  -0.04847
   0.01610
   0.02219
  -0.05232
   0.06323
  -0.05092
   0.01991
   0.01842
  -0.04998
   0.06319
  -0.05318
   0.02364
   0.01459
  -0.04745
   0.06289
  -0.05522
   0.02727
   0.01069
  -0.04473
   0.06234
  -0.05705
   0.03080
   0.00676
  -0.04184
   0.06155
  -0.05865
   0.03421
   0.00280
  -0.03878
   0.06051
  -0.06002
   0.03748
  -0.00118
  -0.03556
   0.05924
  -0.06115
   0.04061
  -0.00514
  -0.03221
   0.05773
  -0.06205
   0.04357
  -0.00909
  -0.02873
   0.05599
  -0.06269
   0.04636
  -0.01300
  -0.02513
   0.05404
  -0.06309
   0.04897
  -0.01686
  -0.02144
   0.05187
  -0.06324
   0.05139
  -0.02066
  -0.01766
   0.04949
  -0.06315
   0.05360
  -0.02437
  -0.01381
   0.04692
  -0.06280
   0.05560
  -0.02799
  -0.00991
   0.04417
  -0.06220
   0.05739
  -0.03149
  -0.00597
   0.04124
  -0.06136
   0.05894
  -0.03488
  -0.00200
   0.03815
  -0.06028
   0.06027
  -0.03812
   0.00197
   0.03490
  -0.05896
   0.06135
  -0.04121
   0.00594
   0.03152
  -0.05740
   0.06220
  -0.04414
   0.00988
   0.02802
  -0.05562
   0.06279
  -0.04690
   0.01378
   0.02440
  -0.05362
   0.06314
  -0.04947
   0.01763
   0.02069
  -0.05141
   0.06324
  -0.05185
   0.02141
   0.01690
  -0.04899
   0.06310
  -0.05402
   0.02510
   0.01304
  -0.04639
   0.06270
  -0.05598
   0.02870
   0.00912
  -0.04360
   0.06205
  -0.05772
   0.03218
   0.00518
  -0.04063
   0.06116
  -0.05923
   0.03554
   0.00121
  -0.03751
   0.06003
  -0.06050
   0.03875
  -0.00276
