  -0.04064
   0.06297
  -0.04897
   0.00671
   0.03941
  -0.06280
   0.04996
  -0.00829
  -0.03816
   0.06259
  -0.05092
   0.00987
   0.03688
  -0.06234
   0.05184
  -0.01143
  -0.03557
   0.06206
  -0.05274
   0.01299
   0.03425
  -0.06173
   0.05360
  -0.01454
  -0.03290
   0.06136
  -0.05442
   0.01609
   0.03153
  -0.06096
   0.05522
  -0.01762
  -0.03014
   0.06052
  -0.05597
   0.01914
   0.02874
  -0.06003
   0.05670
  -0.02065
  -0.02731
   0.05952
  -0.05738
   0.02214
   0.02587
  -0.05896
   0.05803
  -0.02363
  -0.02441
   0.05837
  -0.05865
   0.02509
   0.02294
  -0.05774
   0.05922
  -0.02654
  -0.02145
   0.05707
  -0.05976
   0.02798
   0.01995
  -0.05637
   0.06026
  -0.02939
  -0.01843
   0.05563
  -0.06073
   0.03079
   0.01691
  -0.05485
   0.06115
  -0.03217
  -0.01537
   0.05404
  -0.06154
   0.03353
   0.01382
  -0.05320
   0.06189
  -0.03487
  -0.01227
   0.05233
  -0.06219
   0.03618
   0.01071
  -0.05142
   0.06246
  -0.03747
  -0.00914
   0.05047
  -0.06269
   0.03874
   0.00756
  -0.04950
   0.06288
  -0.03999
  -0.00598
   0.04850
  -0.06303
   0.04120
   0.00440
  -0.04746
   0.06314
  -0.04240
  -0.00281
   0.04639
  -0.06321
   0.04356
   0.00122
  -0.04530
   0.06324
  -0.04470
   0.00037
   0.04418
  -0.06323
   0.04581
  -0.00196
  -0.04302
   0.06319
  -0.04689
   0.00355
   0.04185
  -0.06310
   0.04794
  -0.00513
  -0.04064
   0.06297
  -0.04897
   0.00671
   0.03941
  -0.06280
   0.04996
  -0.00829
  -0.03816
   0.06259
  -0.05092
   0.00987
   0.03688
  -0.06234
   0.05184
  -0.01143
  -0.03557
   0.06206
  -0.05274
   0.01299
   0.03425
  -0.06173
   0.05360
  -0.01454
  -0.03290
   0.06136
  -0.05442
   0.01609
   0.03153
  -0.06096
   0.05522
  -0.01762
  -0.03014
   0.06052
  -0.05597
   0.01914
   0.02874
  -0.06003
   0.05670
  -0.02065
  -0.02731
   0.05952
  -0.05738
   0.02214
   0.02587
  -0.05896
   0.05803
  -0.02363
  -0.02441
   0.05837
  -0.05865
   0.02509
   0.02294
  -0.05774
   0.05922
  -0.02654
  -0.02145
   0.05707
  -0.05976
   0.02798
   0.01995
  -0.05637
   0.06026
  -0.02939
  -0.01843
   0.05563
  -0.06073
   0.03079
   0.01691
  -0.05485
   0.06115
  -0.03217
  -0.01537
   0.05404
  -0.06154
   0.03353
   0.01382
  -0.05320
   0.06189
  -0.03487
  -0.01227
   0.05233
  -0.06219
   0.03618
   0.01071
  -0.05142
   0.06246
  -0.03747
  -0.00914
   0.05047
  -0.06269
   0.03874
   0.00756
  -0.04950
   0.06288
  -0.03999
  -0.00598
   0.04850
  -0.06303
   0.04120
   0.00440
  -0.04746
   0.06314
  -0.04240
  -0.00281
   0.04639
  -0.06321
   0.04356
   0.00122
  -0.04530
   0.06324
  -0.04470
   0.00037
   0.04418
  -0.06323
   0.04581
  -0.00196
  -0.04302
   0.06319
  -0.04689
   0.00355
   0.04185
  -0.06310
   0.04794
  -0.00513
  -0.04064
   0.06297
  -0.04897
   0.00671
   0.03941
  -0.06280
   0.04996
  -0.00829
  -0.03816
   0.06259
  -0.05092
   0.00987
   0.03688
  -0.06234
   0.05184
  -0.01143
  -0.03557
   0.06206
  -0.05274
   0.01299
   0.03425
  -0.06173
   0.05360
  -0.01454
  -0.03290
   0.06136
  -0.05442
   0.01609
   0.03153
  -0.06096
   0.05522
  -0.01762
  -0.03014
   0.06052
  -0.05597
   0.01914
   0.02874
  -0.06003
   0.05670
  -0.02065
  -0.02731
   0.05952
  -0.05738
   0.02214
   0.02587
  -0.05896
   0.05803
  -0.02363
  -0.02441
   0.05837
  -0.05865
   0.02509
   0.02294
  -0.05774
   0.05922
  -0.02654
  -0.02145
   0.05707
  -0.05976
   0.02798
   0.01995
  -0.05637
   0.06026
  -0.02939
  -0.01843
   0.05563
  -0.06073
   0.03079
   0.01691
  -0.05485
   0.06115
  -0.03217
  -0.01537
   0.05404
  -0.06154
   0.03353
   0.01382
  -0.05320
   0.06189
  -0.03487
  -0.01227
   0.05233
  -0.06219
   0.03618
   0.01071
  -0.05142
   0.06246
  -0.03747
  -0.00914
   0.05047
  -0.06269
   0.03874
   0.00756
  -0.04950
   0.06288
  -0.03999
  -0.00598
   0.04850
  -0.06303
   0.04120
   0.00440
  -0.04746
   0.06314
  -0.04240
  -0.00281
   0.04639
  -0.06321
   0.04356
   0.00122
  -0.04530
   0.06324
  -0.04470
   0.00037
   0.04418
  -0.06323
   0.04581
  -0.00196
  -0.04302
   0.06319
  -0.04689
   0.00355
   0.04185
  -0.06310
   0.04794
  -0.00513
  -0.04064
   0.06297
  -0.04897
   0.00671
   0.03941
  -0.06280
   0.04996
  -0.00829
  -0.03816
   0.06259
  -0.05092
   0.00987
   0.03688
  -0.06234
   0.05184
  -0.01143
  -0.03557
   0.06206
  -0.05274
   0.01299
   0.03425
  -0.06173
   0.05360
  -0.01454
  -0.03290
   0.06136
  -0.05442
   0.01609
   0.03153
  -0.06096
   0.05522
  -0.01762
  -0.03014
   0.06052
  -0.05597
   0.01914
   0.02874
  -0.06003
   0.05670
  -0.02065
  -0.02731
   0.05952
  -0.05738
   0.02214
   0.02587
  -0.05896
   0.05803
  -0.02363
  -0.02441
   0.05837
  -0.05865
   0.02509
   0.02294
  -0.05774
   0.05922
  -0.02654
  -0.02145
   0.05707
  -0.05976
   0.02798
   0.01995
  -0.05637
   0.06026
  -0.02939
  -0.01843
   0.05563
  -0.06073
   0.03079
   0.01691
  -0.05485
   0.06115
  -0.03217
  -0.01537
   0.05404
  -0.06154
   0.03353
   0.01382
  -0.05320
   0.06189
  -0.03487
  -0.01227
   0.05233
  -0.06219
   0.03618
   0.01071
  -0.05142
   0.06246
  -0.03747
  -0.00914
   0.05047
  -0.06269
   0.03874
   0.00756
  -0.04950
   0.06288
  -0.03999
  -0.00598
   0.04850
  -0.06303
   0.04120
   0.00440
  -0.04746
   0.06314
  -0.04240
  -0.00281
   0.04639
  -0.06321
   0.04356
   0.00122
  -0.04530
   0.06324
  -0.04470
   0.00037
   0.04418
  -0.06323
   0.04581
  -0.00196
  -0.04302
   0.06319
  -0.04689
   0.00355
   0.04185
  -0.06310
   0.04794
  -0.00513
