  -0.04308
  -0.06310
  -0.04892
  -0.00821
   0.03694
   0.06207
   0.05355
   0.01601
  -0.03021
  -0.06006
  -0.05735
  -0.02355
   0.02301
   0.05710
   0.06024
   0.03072
  -0.01545
  -0.05324
  -0.06218
  -0.03741
   0.00764
   0.04855
   0.06314
   0.04351
   0.00029
  -0.04308
  -0.06310
  -0.04892
  -0.00821
   0.03694
   0.06207
   0.05355
   0.01601
  -0.03021
  -0.06006
  -0.05735
  -0.02355
   0.02301
   0.05710
   0.06024
   0.03072
  -0.01545
  -0.05324
  -0.06218
  -0.03741
   0.00764
   0.04855
   0.06314
   0.04351
   0.00029
  -0.04308
  -0.06310
  -0.04892
  -0.00821
   0.03694
   0.06207
   0.05355
   0.01601
  -0.03021
  -0.06006
  -0.05735
  -0.02355
   0.02301
   0.05710
   0.06024
   0.03072
  -0.01545
  -0.05324
  -0.06218
  -0.03741
   0.00764
   0.04855
   0.06314
   0.04351
   0.00029
  -0.04308
  -0.06310
  -0.04892
  -0.00821
   0.03694
   0.06207
   0.05355
   0.01601
  -0.03021
  -0.06006
  -0.05735
  -0.02355
   0.02301
   0.05710
   0.06024
   0.03072
  -0.01545
  -0.05324
  -0.06218
  -0.03741
   0.00764
   0.04855
   0.06314
   0.04351
   0.00029
  -0.04308
  -0.06310
  -0.04892
  -0.00821
   0.03694
   0.06207
   0.05355
   0.01601
  -0.03021
  -0.06006
  -0.05735
  -0.02355
   0.02301
   0.05710
   0.06024
   0.03072
  -0.01545
  -0.05324
  -0.06218
  -0.03741
   0.00764
   0.04855
   0.06314
   0.04351
   0.00029
  -0.04308
  -0.06310
  -0.04892
  -0.00821
   0.03694
   0.06207
   0.05355
   0.01601
  -0.03021
  -0.06006
  -0.05735
  -0.02355
   0.02301
   0.05710
   0.06024
   0.03072
  -0.01545
  -0.05324
  -0.06218
  -0.03741
   0.00764
   0.04855
   0.06314
   0.04351
   0.00029
  -0.04308
  -0.06310
  -0.04892
  -0.00821
   0.03694
   0.06207
   0.05355
   0.01601
  -0.03021
  -0.06006
  -0.05735
  -0.02355
   0.02301
   0.05710
   0.06024
   0.03072
  -0.01545
  -0.05324
  -0.06218
  -0.03741
   0.00764
   0.04855
   0.06314
   0.04351
   0.00029
  -0.04308
  -0.06310
  -0.04892
  -0.00821
   0.03694
   0.06207
   0.05355
   0.01601
  -0.03021
  -0.06006
  -0.05735
  -0.02355
   0.02301
   0.05710
   0.06024
   0.03072
  -0.01545
  -0.05324
  -0.06218
  -0.03741
   0.00764
   0.04855
   0.06314
   0.04351
   0.00029
  -0.04308
  -0.06310
  -0.04892
  -0.00821
   0.03694
   0.06207
   0.05355
   0.01601
  -0.03021
  -0.06006
  -0.05735
  -0.02355
   0.02301
   0.05710
   0.06024
   0.03072
  -0.01545
  -0.05324
  -0.06218
  -0.03741
   0.00764
   0.04855
   0.06314
   0.04351
   0.00029
  -0.04308
  -0.06310
  -0.04892
  -0.00821
   0.03694
   0.06207
   0.05355
   0.01601
  -0.03021
  -0.06006
  -0.05735
  -0.02355
   0.02301
   0.05710
   0.06024
   0.03072
  -0.01545
  -0.05324
  -0.06218
  -0.03741
   0.00764
   0.04855
   0.06314
   0.04351
   0.00029
  -0.04308
  -0.06310
  -0.04892
  -0.00821
   0.03694
   0.06207
   0.05355
   0.01601
  -0.03021
  -0.06006
  -0.05735
  -0.02355
   0.02301
   0.05710
   0.06024
   0.03072
  -0.01545
  -0.05324
  -0.06218
  -0.03741
   0.00764
   0.04855
   0.06314
   0.04351
   0.00029
  -0.04308
  -0.06310
  -0.04892
  -0.00821
   0.03694
   0.06207
   0.05355
   0.01601
  -0.03021
  -0.06006
  -0.05735
  -0.02355
   0.02301
   0.05710
   0.06024
   0.03072
  -0.01545
  -0.05324
  -0.06218
  -0.03741
   0.00764
   0.04855
   0.06314
   0.04351
   0.00029
  -0.04308
  -0.06310
  -0.04892
  -0.00821
   0.03694
   0.06207
   0.05355
   0.01601
  -0.03021
  -0.06006
  -0.05735
  -0.02355
   0.02301
   0.05710
   0.06024
   0.03072
  -0.01545
  -0.05324
  -0.06218
  -0.03741
   0.00764
   0.04855
   0.06314
   0.04351
   0.00029
  -0.04308
  -0.06310
  -0.04892
  -0.00821
   0.03694
   0.06207
   0.05355
   0.01601
  -0.03021
  -0.06006
  -0.05735
  -0.02355
   0.02301
   0.05710
   0.06024
   0.03072
  -0.01545
  -0.05324
  -0.06218
  -0.03741
   0.00764
   0.04855
   0.06314
   0.04351
   0.00029
  -0.04308
  -0.06310
  -0.04892
  -0.00821
   0.03694
   0.06207
   0.05355
   0.01601
  -0.03021
  -0.06006
  -0.05735
  -0.02355
   0.02301
   0.05710
   0.06024
   0.03072
  -0.01545
  -0.05324
  -0.06218
  -0.03741
   0.00764
   0.04855
   0.06314
   0.04351
   0.00029
  -0.04308
  -0.06310
  -0.04892
  -0.00821
   0.03694
   0.06207
   0.05355
   0.01601
  -0.03021
  -0.06006
  -0.05735
  -0.02355
   0.02301
   0.05710
   0.06024
   0.03072
  -0.01545
  -0.05324
  -0.06218
  -0.03741
   0.00764
   0.04855
   0.06314
   0.04351
   0.00029
  -0.04308
  -0.06310
  -0.04892
  -0.00821
   0.03694
   0.06207
   0.05355
   0.01601
  -0.03021
  -0.06006
  -0.05735
  -0.02355
   0.02301
   0.05710
   0.06024
   0.03072
  -0.01545
  -0.05324
  -0.06218
  -0.03741
   0.00764
   0.04855
   0.06314
   0.04351
   0.00029
  -0.04308
  -0.06310
  -0.04892
  -0.00821
   0.03694
   0.06207
   0.05355
   0.01601
  -0.03021
  -0.06006
  -0.05735
  -0.02355
   0.02301
   0.05710
   0.06024
   0.03072
  -0.01545
  -0.05324
  -0.06218
  -0.03741
   0.00764
   0.04855
   0.06314
   0.04351
   0.00029
  -0.04308
  -0.06310
  -0.04892
  -0.00821
   0.03694
   0.06207
   0.05355
   0.01601
  -0.03021
  -0.06006
  -0.05735
  -0.02355
   0.02301
   0.05710
   0.06024
   0.03072
  -0.01545
  -0.05324
  -0.06218
  -0.03741
   0.00764
   0.04855
   0.06314
   0.04351
   0.00029
  -0.04308
  -0.06310
  -0.04892
  -0.00821
   0.03694
   0.06207
   0.05355
   0.01601
  -0.03021
  -0.06006
  -0.05735
  -0.02355
   0.02301
   0.05710
   0.06024
   0.03072
  -0.01545
  -0.05324
  -0.06218
  -0.03741
   0.00764
   0.04855
   0.06314
   0.04351
   0.00029
