   0.06275
   0.06127
   0.05882
   0.05544
   0.05119
   0.04614
   0.04035
   0.03393
   0.02697
   0.01959
   0.01190
   0.00402
  -0.00392
  -0.01181
  -0.01950
  -0.02689
  -0.03385
  -0.04028
  -0.04607
  -0.05114
  -0.05540
  -0.05879
  -0.06125
  -0.06274
  -0.06325
  -0.06275
  -0.06127
  -0.05882
  -0.05544
  -0.05119
  -0.04614
  -0.04035
  -0.03393
  -0.02697
  -0.01959
  -0.01190
  -0.00402
   0.00392
   0.01181
   0.01950
   0.02689
   0.03385
   0.04028
   0.04607
   0.05114
   0.05540
   0.05879
   0.06125
   0.06274
   0.06325
   0.06275
   0.06127
   0.05882
   0.05544
   0.05119
   0.04614
   0.04035
   0.03393
   0.02697
   0.01959
   0.01190
   0.00402
  -0.00392
  -0.01181
  -0.01950
  -0.02689
  -0.03385
  -0.04028
  -0.04607
  -0.05114
  -0.05540
  -0.05879
  -0.06125
  -0.06274
  -0.06325
  -0.06275
  -0.06127
  -0.05882
  -0.05544
  -0.05119
  -0.04614
  -0.04035
  -0.03393
  -0.02697
  -0.01959
  -0.01190
  -0.00402
   0.00392
   0.01181
   0.01950
   0.02689
   0.03385
   0.04028
   0.04607
   0.05114
   0.05540
   0.05879
   0.06125
   0.06274
   0.06325
   0.06275
   0.06127
   0.05882
   0.05544
   0.05119
   0.04614
   0.04035
   0.03393
   0.02697
   0.01959
   0.01190
   0.00402
  -0.00392
  -0.01181
  -0.01950
  -0.02689
  -0.03385
  -0.04028
  -0.04607
  -0.05114
  -0.05540
  -0.05879
  -0.06125
  -0.06274
  -0.06325
  -0.06275
  -0.06127
  -0.05882
  -0.05544
  -0.05119
  -0.04614
  -0.04035
  -0.03393
  -0.02697
  -0.01959
  -0.01190
  -0.00402
   0.00392
   0.01181
   0.01950
   0.02689
   0.03385
   0.04028
   0.04607
   0.05114
   0.05540
   0.05879
   0.06125
   0.06274
   0.06325
   0.06275
   0.06127
   0.05882
   0.05544
   0.05119
   0.04614
   0.04035
   0.03393
   0.02697
   0.01959
   0.01190
   0.00402
  -0.00392
  -0.01181
  -0.01950
  -0.02689
  -0.03385
  -0.04028
  -0.04607
  -0.05114
  -0.05540
  -0.05879
  -0.06125
  -0.06274
  -0.06325
  -0.06275
  -0.06127
  -0.05882
  -0.05544
  -0.05119
  -0.04614
  -0.04035
  -0.03393
  -0.02697
  -0.01959
  -0.01190
  -0.00402
   0.00392
   0.01181
   0.01950
   0.02689
   0.03385
   0.04028
   0.04607
   0.05114
   0.05540
   0.05879
   0.06125
   0.06274
   0.06325
   0.06275
   0.06127
   0.05882
   0.05544
   0.05119
   0.04614
   0.04035
   0.03393
   0.02697
   0.01959
   0.01190
   0.00402
  -0.00392
  -0.01181
  -0.01950
  -0.02689
  -0.03385
  -0.04028
  -0.04607
  -0.05114
  -0.05540
  -0.05879
  -0.06125
  -0.06274
  -0.06325
  -0.06275
  -0.06127
  -0.05882
  -0.05544
  -0.05119
  -0.04614
  -0.04035
  -0.03393
  -0.02697
  -0.01959
  -0.01190
  -0.00402
   0.00392
   0.01181
   0.01950
   0.02689
   0.03385
   0.04028
   0.04607
   0.05114
   0.05540
   0.05879
   0.06125
   0.06274
   0.06325
   0.06275
   0.06127
   0.05882
   0.05544
   0.05119
   0.04614
   0.04035
   0.03393
   0.02697
   0.01959
   0.01190
   0.00402
  -0.00392
  -0.01181
  -0.01950
  -0.02689
  -0.03385
  -0.04028
  -0.04607
  -0.05114
  -0.05540
  -0.05879
  -0.06125
  -0.06274
  -0.06325
  -0.06275
  -0.06127
  -0.05882
  -0.05544
  -0.05119
  -0.04614
  -0.04035
  -0.03393
  -0.02697
  -0.01959
  -0.01190
  -0.00402
   0.00392
   0.01181
   0.01950
   0.02689
   0.03385
   0.04028
   0.04607
   0.05114
   0.05540
   0.05879
   0.06125
   0.06274
   0.06325
   0.06275
   0.06127
   0.05882
   0.05544
   0.05119
   0.04614
   0.04035
   0.03393
   0.02697
   0.01959
   0.01190
   0.00402
  -0.00392
  -0.01181
  -0.01950
  -0.02689
  -0.03385
  -0.04028
  -0.04607
  -0.05114
  -0.05540
  -0.05879
  -0.06125
  -0.06274
  -0.06325
  -0.06275
  -0.06127
  -0.05882
  -0.05544
  -0.05119
  -0.04614
  -0.04035
  -0.03393
  -0.02697
  -0.01959
  -0.01190
  -0.00402
   0.00392
   0.01181
   0.01950
   0.02689
   0.03385
   0.04028
   0.04607
   0.05114
   0.05540
   0.05879
   0.06125
   0.06274
   0.06325
   0.06275
   0.06127
   0.05882
   0.05544
   0.05119
   0.04614
   0.04035
   0.03393
   0.02697
   0.01959
   0.01190
   0.00402
  -0.00392
  -0.01181
  -0.01950
  -0.02689
  -0.03385
  -0.04028
  -0.04607
  -0.05114
  -0.05540
  -0.05879
  -0.06125
  -0.06274
  -0.06325
  -0.06275
  -0.06127
  -0.05882
  -0.05544
  -0.05119
  -0.04614
  -0.04035
  -0.03393
  -0.02697
  -0.01959
  -0.01190
  -0.00402
   0.00392
   0.01181
   0.01950
   0.02689
   0.03385
   0.04028
   0.04607
   0.05114
   0.05540
   0.05879
   0.06125
   0.06274
   0.06325
   0.06275
   0.06127
   0.05882
   0.05544
   0.05119
   0.04614
   0.04035
   0.03393
   0.02697
   0.01959
   0.01190
   0.00402
  -0.00392
  -0.01181
  -0.01950
  -0.02689
  -0.03385
  -0.04028
  -0.04607
  -0.05114
  -0.05540
  -0.05879
  -0.06125
  -0.06274
  -0.06325
  -0.06275
  -0.06127
  -0.05882
  -0.05544
  -0.05119
  -0.04614
  -0.04035
  -0.03393
  -0.02697
  -0.01959
  -0.01190
  -0.00402
   0.00392
   0.01181
   0.01950
   0.02689
   0.03385
   0.04028
   0.04607
   0.05114
   0.05540
   0.05879
   0.06125
   0.06274
   0.06325
   0.06275
   0.06127
   0.05882
   0.05544
   0.05119
   0.04614
   0.04035
   0.03393
   0.02697
   0.01959
   0.01190
   0.00402
  -0.00392
  -0.01181
  -0.01950
  -0.02689
  -0.03385
  -0.04028
  -0.04607
  -0.05114
  -0.05540
  -0.05879
  -0.06125
  -0.06274
  -0.06325
  -0.06275
  -0.06127
  -0.05882
  -0.05544
  -0.05119
  -0.04614
  -0.04035
  -0.03393
  -0.02697
  -0.01959
  -0.01190
  -0.00402
   0.00392
   0.01181
   0.01950
   0.02689
   0.03385
   0.04028
   0.04607
   0.05114
   0.05540
   0.05879
   0.06125
   0.06274
   0.06325
