   0.06292
   0.02107
  -0.05296
  -0.04612
   0.03114
   0.06085
  -0.00236
  -0.06197
  -0.02695
   0.04922
   0.05023
  -0.02546
  -0.06227
  -0.00399
   0.06038
   0.03255
  -0.04499
  -0.05383
   0.01952
   0.06307
   0.01031
  -0.05819
  -0.03783
   0.04030
   0.05689
  -0.01339
  -0.06323
  -0.01652
   0.05541
   0.04273
  -0.03520
  -0.05938
   0.00712
   0.06274
   0.02256
  -0.05207
  -0.04719
   0.02975
   0.06126
  -0.00077
  -0.06163
  -0.02838
   0.04821
   0.05118
  -0.02400
  -0.06253
  -0.00558
   0.05989
   0.03391
  -0.04385
  -0.05465
   0.01801
   0.06317
   0.01187
  -0.05755
  -0.03909
   0.03906
   0.05757
  -0.01183
  -0.06316
  -0.01805
   0.05463
   0.04389
  -0.03387
  -0.05991
   0.00553
   0.06252
   0.02404
  -0.05115
  -0.04824
   0.02834
   0.06164
   0.00082
  -0.06125
  -0.02979
   0.04716
   0.05210
  -0.02252
  -0.06275
  -0.00716
   0.05936
   0.03524
  -0.04270
  -0.05543
   0.01648
   0.06323
   0.01343
  -0.05687
  -0.04033
   0.03780
   0.05821
  -0.01026
  -0.06306
  -0.01956
   0.05381
   0.04502
  -0.03252
  -0.06040
   0.00395
   0.06227
   0.02550
  -0.05020
  -0.04925
   0.02691
   0.06198
   0.00241
  -0.06084
  -0.03118
   0.04609
   0.05298
  -0.02103
  -0.06293
  -0.00874
   0.05880
   0.03655
  -0.04151
  -0.05618
   0.01494
   0.06325
   0.01498
  -0.05616
  -0.04154
   0.03651
   0.05881
  -0.00869
  -0.06292
  -0.02107
   0.05296
   0.04612
  -0.03114
  -0.06085
   0.00236
   0.06197
   0.02695
  -0.04922
  -0.05023
   0.02546
   0.06227
   0.00399
  -0.06038
  -0.03255
   0.04499
   0.05383
  -0.01952
  -0.06307
  -0.01031
   0.05819
   0.03783
  -0.04030
  -0.05689
   0.01339
   0.06323
   0.01652
  -0.05541
  -0.04273
   0.03520
   0.05938
  -0.00712
  -0.06274
  -0.02256
   0.05207
   0.04719
  -0.02975
  -0.06126
   0.00077
   0.06163
   0.02838
  -0.04821
  -0.05118
   0.02400
   0.06253
   0.00558
  -0.05989
  -0.03391
   0.04385
   0.05465
  -0.01801
  -0.06317
  -0.01187
   0.05755
   0.03909
  -0.03906
  -0.05757
   0.01183
   0.06316
   0.01805
  -0.05463
  -0.04389
   0.03387
   0.05991
  -0.00553
  -0.06252
  -0.02404
   0.05115
   0.04824
  -0.02834
  -0.06164
  -0.00082
   0.06125
   0.02979
  -0.04716
  -0.05210
   0.02252
   0.06275
   0.00716
  -0.05936
  -0.03524
   0.04270
   0.05543
  -0.01648
  -0.06323
  -0.01343
   0.05687
   0.04033
  -0.03780
  -0.05821
   0.01026
   0.06306
   0.01956
  -0.05381
  -0.04502
   0.03252
   0.06040
  -0.00395
  -0.06227
  -0.02550
   0.05020
   0.04925
  -0.02691
  -0.06198
  -0.00241
   0.06084
   0.03118
  -0.04609
  -0.05298
   0.02103
   0.06293
   0.00874
  -0.05880
  -0.03655
   0.04151
   0.05618
  -0.01494
  -0.06325
  -0.01498
   0.05616
   0.04154
  -0.03651
  -0.05881
   0.00869
   0.06292
   0.02107
  -0.05296
  -0.04612
   0.03114
   0.06085
  -0.00236
  -0.06197
  -0.02695
   0.04922
   0.05023
  -0.02546
  -0.06227
  -0.00399
   0.06038
   0.03255
  -0.04499
  -0.05383
   0.01952
   0.06307
   0.01031
  -0.05819
  -0.03783
   0.04030
   0.05689
  -0.01339
  -0.06323
  -0.01652
   0.05541
   0.04273
  -0.03520
  -0.05938
   0.00712
   0.06274
   0.02256
  -0.05207
  -0.04719
   0.02975
   0.06126
  -0.00077
  -0.06163
  -0.02838
   0.04821
   0.05118
  -0.02400
  -0.06253
  -0.00558
   0.05989
   0.03391
  -0.04385
  -0.05465
   0.01801
   0.06317
   0.01187
  -0.05755
  -0.03909
   0.03906
   0.05757
  -0.01183
  -0.06316
  -0.01805
   0.05463
   0.04389
  -0.03387
  -0.05991
   0.00553
   0.06252
   0.02404
  -0.05115
  -0.04824
   0.02834
   0.06164
   0.00082
  -0.06125
  -0.02979
   0.04716
   0.05210
  -0.02252
  -0.06275
  -0.00716
   0.05936
   0.03524
  -0.04270
  -0.05543
   0.01648
   0.06323
   0.01343
  -0.05687
  -0.04033
   0.03780
   0.05821
  -0.01026
  -0.06306
  -0.01956
   0.05381
   0.04502
  -0.03252
  -0.06040
   0.00395
   0.06227
   0.02550
  -0.05020
  -0.04925
   0.02691
   0.06198
   0.00241
  -0.06084
  -0.03118
   0.04609
   0.05298
  -0.02103
  -0.06293
  -0.00874
   0.05880
   0.03655
  -0.04151
  -0.05618
   0.01494
   0.06325
   0.01498
  -0.05616
  -0.04154
   0.03651
   0.05881
  -0.00869
  -0.06292
  -0.02107
   0.05296
   0.04612
  -0.03114
  -0.06085
   0.00236
   0.06197
   0.02695
  -0.04922
  -0.05023
   0.02546
   0.06227
   0.00399
  -0.06038
  -0.03255
   0.04499
   0.05383
  -0.01952
  -0.06307
  -0.01031
   0.05819
   0.03783
  -0.04030
  -0.05689
   0.01339
   0.06323
   0.01652
  -0.05541
  -0.04273
   0.03520
   0.05938
  -0.00712
  -0.06274
  -0.02256
   0.05207
   0.04719
  -0.02975
  -0.06126
   0.00077
   0.06163
   0.02838
  -0.04821
  -0.05118
   0.02400
   0.06253
   0.00558
  -0.05989
  -0.03391
   0.04385
   0.05465
  -0.01801
  -0.06317
  -0.01187
   0.05755
   0.03909
  -0.03906
  -0.05757
   0.01183
   0.06316
   0.01805
  -0.05463
  -0.04389
   0.03387
   0.05991
  -0.00553
  -0.06252
  -0.02404
   0.05115
   0.04824
  -0.02834
  -0.06164
  -0.00082
   0.06125
   0.02979
  -0.04716
  -0.05210
   0.02252
   0.06275
   0.00716
  -0.05936
  -0.03524
   0.04270
   0.05543
  -0.01648
  -0.06323
  -0.01343
   0.05687
   0.04033
  -0.03780
  -0.05821
   0.01026
   0.06306
   0.01956
  -0.05381
  -0.04502
   0.03252
   0.06040
  -0.00395
  -0.06227
  -0.02550
   0.05020
   0.04925
  -0.02691
  -0.06198
  -0.00241
   0.06084
   0.03118
  -0.04609
  -0.05298
   0.02103
   0.06293
   0.00874
  -0.05880
  -0.03655
   0.04151
   0.05618
  -0.01494
  -0.06325
  -0.01498
   0.05616
   0.04154
  -0.03651
  -0.05881
   0.00869
