  -0.05226
  -0.05980
  -0.01925
   0.03678
   0.06323
   0.03884
  -0.01679
  -0.05892
  -0.05366
  -0.00525
   0.04738
   0.06191
   0.02665
  -0.03004
  -0.06257
  -0.04479
   0.00902
   0.05557
   0.05743
   0.01311
  -0.04176
  -0.06304
  -0.03363
   0.02283
   0.06093
   0.05003
  -0.00110
  -0.05135
  -0.06030
  -0.02076
   0.03547
   0.06318
   0.04008
  -0.01526
  -0.05832
  -0.05448
  -0.00683
   0.04631
   0.06221
   0.02808
  -0.02863
  -0.06232
  -0.04589
   0.00744
   0.05479
   0.05808
   0.01466
  -0.04055
  -0.06315
  -0.03496
   0.02134
   0.06048
   0.05099
   0.00049
  -0.05040
  -0.06076
  -0.02225
   0.03415
   0.06309
   0.04129
  -0.01371
  -0.05769
  -0.05527
  -0.00841
   0.04522
   0.06248
   0.02950
  -0.02721
  -0.06203
  -0.04697
   0.00586
   0.05398
   0.05869
   0.01620
  -0.03932
  -0.06322
  -0.03628
   0.01984
   0.06000
   0.05191
   0.00208
  -0.04943
  -0.06118
  -0.02374
   0.03280
   0.06296
   0.04249
  -0.01215
  -0.05702
  -0.05603
  -0.00998
   0.04409
   0.06271
   0.03090
  -0.02576
  -0.06170
  -0.04802
   0.00428
   0.05314
   0.05926
   0.01773
  -0.03806
  -0.06324
  -0.03757
   0.01832
   0.05948
   0.05280
   0.00367
  -0.04842
  -0.06157
  -0.02520
   0.03143
   0.06278
   0.04365
  -0.01059
  -0.05631
  -0.05675
  -0.01155
   0.04294
   0.06289
   0.03227
  -0.02430
  -0.06133
  -0.04904
   0.00269
   0.05226
   0.05980
   0.01925
  -0.03678
  -0.06323
  -0.03884
   0.01679
   0.05892
   0.05366
   0.00525
  -0.04738
  -0.06191
  -0.02665
   0.03004
   0.06257
   0.04479
  -0.00902
  -0.05557
  -0.05743
  -0.01311
   0.04176
   0.06304
   0.03363
  -0.02283
  -0.06093
  -0.05003
   0.00110
   0.05135
   0.06030
   0.02076
  -0.03547
  -0.06318
  -0.04008
   0.01526
   0.05832
   0.05448
   0.00683
  -0.04631
  -0.06221
  -0.02808
   0.02863
   0.06232
   0.04589
  -0.00744
  -0.05479
  -0.05808
  -0.01466
   0.04055
   0.06315
   0.03496
  -0.02134
  -0.06048
  -0.05099
  -0.00049
   0.05040
   0.06076
   0.02225
  -0.03415
  -0.06309
  -0.04129
   0.01371
   0.05769
   0.05527
   0.00841
  -0.04522
  -0.06248
  -0.02950
   0.02721
   0.06203
   0.04697
  -0.00586
  -0.05398
  -0.05869
  -0.01620
   0.03932
   0.06322
   0.03628
  -0.01984
  -0.06000
  -0.05191
  -0.00208
   0.04943
   0.06118
   0.02374
  -0.03280
  -0.06296
  -0.04249
   0.01215
   0.05702
   0.05603
   0.00998
  -0.04409
  -0.06271
  -0.03090
   0.02576
   0.06170
   0.04802
  -0.00428
  -0.05314
  -0.05926
  -0.01773
   0.03806
   0.06324
   0.03757
  -0.01832
  -0.05948
  -0.05280
  -0.00367
   0.04842
   0.06157
   0.02520
  -0.03143
  -0.06278
  -0.04365
   0.01059
   0.05631
   0.05675
   0.01155
  -0.04294
  -0.06289
  -0.03227
   0.02430
   0.06133
   0.04904
  -0.00269
  -0.05226
  -0.05980
  -0.01925
   0.03678
   0.06323
   0.03884
  -0.01679
  -0.05892
  -0.05366
  -0.00525
   0.04738
   0.06191
   0.02665
  -0.03004
  -0.06257
  -0.04479
   0.00902
   0.05557
   0.05743
   0.01311
  -0.04176
  -0.06304
  -0.03363
   0.02283
   0.06093
   0.05003
  -0.00110
  -0.05135
  -0.06030
  -0.02076
   0.03547
   0.06318
   0.04008
  -0.01526
  -0.05832
  -0.05448
  -0.00683
   0.04631
   0.06221
   0.02808
  -0.02863
  -0.06232
  -0.04589
   0.00744
   0.05479
   0.05808
   0.01466
  -0.04055
  -0.06315
  -0.03496
   0.02134
   0.06048
   0.05099
   0.00049
  -0.05040
  -0.06076
  -0.02225
   0.03415
   0.06309
   0.04129
  -0.01371
  -0.05769
  -0.05527
  -0.00841
   0.04522
   0.06248
   0.02950
  -0.02721
  -0.06203
  -0.04697
   0.00586
   0.05398
   0.05869
   0.01620
  -0.03932
  -0.06322
  -0.03628
   0.01984
   0.06000
   0.05191
   0.00208
  -0.04943
  -0.06118
  -0.02374
   0.03280
   0.06296
   0.04249
  -0.01215
  -0.05702
  -0.05603
  -0.00998
   0.04409
   0.06271
   0.03090
  -0.02576
  -0.06170
  -0.04802
   0.00428
   0.05314
   0.05926
   0.01773
  -0.03806
  -0.06324
  -0.03757
   0.01832
   0.05948
   0.05280
   0.00367
  -0.04842
  -0.06157
  -0.02520
   0.03143
   0.06278
   0.04365
  -0.01059
  -0.05631
  -0.05675
  -0.01155
   0.04294
   0.06289
   0.03227
  -0.02430
  -0.06133
  -0.04904
   0.00269
   0.05226
   0.05980
   0.01925
  -0.03678
  -0.06323
  -0.03884
   0.01679
   0.05892
   0.05366
   0.00525
  -0.04738
  -0.06191
  -0.02665
   0.03004
   0.06257
   0.04479
  -0.00902
  -0.05557
  -0.05743
  -0.01311
   0.04176
   0.06304
   0.03363
  -0.02283
  -0.06093
  -0.05003
   0.00110
   0.05135
   0.06030
   0.02076
  -0.03547
  -0.06318
  -0.04008
   0.01526
   0.05832
   0.05448
   0.00683
  -0.04631
  -0.06221
  -0.02808
   0.02863
   0.06232
   0.04589
  -0.00744
  -0.05479
  -0.05808
  -0.01466
   0.04055
   0.06315
   0.03496
  -0.02134
  -0.06048
  -0.05099
  -0.00049
   0.05040
   0.06076
   0.02225
  -0.03415
  -0.06309
  -0.04129
   0.01371
   0.05769
   0.05527
   0.00841
  -0.04522
  -0.06248
  -0.02950
   0.02721
   0.06203
   0.04697
  -0.00586
  -0.05398
  -0.05869
  -0.01620
   0.03932
   0.06322
   0.03628
  -0.01984
  -0.06000
  -0.05191
  -0.00208
   0.04943
   0.06118
   0.02374
  -0.03280
  -0.06296
  -0.04249
   0.01215
   0.05702
   0.05603
   0.00998
  -0.04409
  -0.06271
  -0.03090
   0.02576
   0.06170
   0.04802
  -0.00428
  -0.05314
  -0.05926
  -0.01773
   0.03806
   0.06324
   0.03757
  -0.01832
  -0.05948
  -0.05280
  -0.00367
   0.04842
   0.06157
   0.02520
  -0.03143
  -0.06278
  -0.04365
   0.01059
   0.05631
   0.05675
   0.01155
  -0.04294
  -0.06289
  -0.03227
   0.02430
   0.06133
   0.04904
  -0.00269
