  -0.03417
  -0.05770
  -0.06248
  -0.04695
  -0.01617
   0.01986
   0.04944
   0.06296
   0.05602
   0.03087
  -0.00431
  -0.03808
  -0.05949
  -0.06156
  -0.04363
  -0.01152
   0.02433
   0.05227
   0.06323
   0.05364
   0.02662
  -0.00905
  -0.04178
  -0.06093
  -0.06029
  -0.04005
  -0.00680
   0.02866
   0.05481
   0.06315
   0.05097
   0.02223
  -0.01374
  -0.04524
  -0.06204
  -0.05868
  -0.03625
  -0.00205
   0.03282
   0.05703
   0.06270
   0.04800
   0.01770
  -0.01835
  -0.04844
  -0.06279
  -0.05674
  -0.03225
   0.00272
   0.03680
   0.05893
   0.06190
   0.04476
   0.01308
  -0.02286
  -0.05136
  -0.06318
  -0.05447
  -0.02806
   0.00747
   0.04057
   0.06049
   0.06075
   0.04127
   0.00838
  -0.02723
  -0.05400
  -0.06322
  -0.05189
  -0.02371
   0.01218
   0.04411
   0.06171
   0.05925
   0.03754
   0.00364
  -0.03145
  -0.05632
  -0.06289
  -0.04902
  -0.01922
   0.01682
   0.04740
   0.06258
   0.05742
   0.03360
  -0.00113
  -0.03550
  -0.05833
  -0.06221
  -0.04587
  -0.01463
   0.02137
   0.05042
   0.06309
   0.05526
   0.02947
  -0.00589
  -0.03934
  -0.06001
  -0.06117
  -0.04246
  -0.00995
   0.02579
   0.05315
   0.06324
   0.05279
   0.02517
  -0.01062
  -0.04296
  -0.06134
  -0.05979
  -0.03881
  -0.00522
   0.03007
   0.05558
   0.06304
   0.05001
   0.02073
  -0.01528
  -0.04633
  -0.06233
  -0.05807
  -0.03494
  -0.00046
   0.03417
   0.05770
   0.06248
   0.04695
   0.01617
  -0.01986
  -0.04944
  -0.06296
  -0.05602
  -0.03087
   0.00431
   0.03808
   0.05949
   0.06156
   0.04363
   0.01152
  -0.02433
  -0.05227
  -0.06323
  -0.05364
  -0.02662
   0.00905
   0.04178
   0.06093
   0.06029
   0.04005
   0.00680
  -0.02866
  -0.05481
  -0.06315
  -0.05097
  -0.02223
   0.01374
   0.04524
   0.06204
   0.05868
   0.03625
   0.00205
  -0.03282
  -0.05703
  -0.06270
  -0.04800
  -0.01770
   0.01835
   0.04844
   0.06279
   0.05674
   0.03225
  -0.00272
  -0.03680
  -0.05893
  -0.06190
  -0.04476
  -0.01308
   0.02286
   0.05136
   0.06318
   0.05447
   0.02806
  -0.00747
  -0.04057
  -0.06049
  -0.06075
  -0.04127
  -0.00838
   0.02723
   0.05400
   0.06322
   0.05189
   0.02371
  -0.01218
  -0.04411
  -0.06171
  -0.05925
  -0.03754
  -0.00364
   0.03145
   0.05632
   0.06289
   0.04902
   0.01922
  -0.01682
  -0.04740
  -0.06258
  -0.05742
  -0.03360
   0.00113
   0.03550
   0.05833
   0.06221
   0.04587
   0.01463
  -0.02137
  -0.05042
  -0.06309
  -0.05526
  -0.02947
   0.00589
   0.03934
   0.06001
   0.06117
   0.04246
   0.00995
  -0.02579
  -0.05315
  -0.06324
  -0.05279
  -0.02517
   0.01062
   0.04296
   0.06134
   0.05979
   0.03881
   0.00522
  -0.03007
  -0.05558
  -0.06304
  -0.05001
  -0.02073
   0.01528
   0.04633
   0.06233
   0.05807
   0.03494
   0.00046
  -0.03417
  -0.05770
  -0.06248
  -0.04695
  -0.01617
   0.01986
   0.04944
   0.06296
   0.05602
   0.03087
  -0.00431
  -0.03808
  -0.05949
  -0.06156
  -0.04363
  -0.01152
   0.02433
   0.05227
   0.06323
   0.05364
   0.02662
  -0.00905
  -0.04178
  -0.06093
  -0.06029
  -0.04005
  -0.00680
   0.02866
   0.05481
   0.06315
   0.05097
   0.02223
  -0.01374
  -0.04524
  -0.06204
  -0.05868
  -0.03625
  -0.00205
   0.03282
   0.05703
   0.06270
   0.04800
   0.01770
  -0.01835
  -0.04844
  -0.06279
  -0.05674
  -0.03225
   0.00272
   0.03680
   0.05893
   0.06190
   0.04476
   0.01308
  -0.02286
  -0.05136
  -0.06318
  -0.05447
  -0.02806
   0.00747
   0.04057
   0.06049
   0.06075
   0.04127
   0.00838
  -0.02723
  -0.05400
  -0.06322
  -0.05189
  -0.02371
   0.01218
   0.04411
   0.06171
   0.05925
   0.03754
   0.00364
  -0.03145
  -0.05632
  -0.06289
  -0.04902
  -0.01922
   0.01682
   0.04740
   0.06258
   0.05742
   0.03360
  -0.00113
  -0.03550
  -0.05833
  -0.06221
  -0.04587
  -0.01463
   0.02137
   0.05042
   0.06309
   0.05526
   0.02947
  -0.00589
  -0.03934
  -0.06001
  -0.06117
  -0.04246
  -0.00995
   0.02579
   0.05315
   0.06324
   0.05279
   0.02517
  -0.01062
  -0.04296
  -0.06134
  -0.05979
  -0.03881
  -0.00522
   0.03007
   0.05558
   0.06304
   0.05001
   0.02073
  -0.01528
  -0.04633
  -0.06233
  -0.05807
  -0.03494
  -0.00046
   0.03417
   0.05770
   0.06248
   0.04695
   0.01617
  -0.01986
  -0.04944
  -0.06296
  -0.05602
  -0.03087
   0.00431
   0.03808
   0.05949
   0.06156
   0.04363
   0.01152
  -0.02433
  -0.05227
  -0.06323
  -0.05364
  -0.02662
   0.00905
   0.04178
   0.06093
   0.06029
   0.04005
   0.00680
  -0.02866
  -0.05481
  -0.06315
  -0.05097
  -0.02223
   0.01374
   0.04524
   0.06204
   0.05868
   0.03625
   0.00205
  -0.03282
  -0.05703
  -0.06270
  -0.04800
  -0.01770
   0.01835
   0.04844
   0.06279
   0.05674
   0.03225
  -0.00272
  -0.03680
  -0.05893
  -0.06190
  -0.04476
  -0.01308
   0.02286
   0.05136
   0.06318
   0.05447
   0.02806
  -0.00747
  -0.04057
  -0.06049
  -0.06075
  -0.04127
  -0.00838
   0.02723
   0.05400
   0.06322
   0.05189
   0.02371
  -0.01218
  -0.04411
  -0.06171
  -0.05925
  -0.03754
  -0.00364
   0.03145
   0.05632
   0.06289
   0.04902
   0.01922
  -0.01682
  -0.04740
  -0.06258
  -0.05742
  -0.03360
   0.00113
   0.03550
   0.05833
   0.06221
   0.04587
   0.01463
  -0.02137
  -0.05042
  -0.06309
  -0.05526
  -0.02947
   0.00589
   0.03934
   0.06001
   0.06117
   0.04246
   0.00995
  -0.02579
  -0.05315
  -0.06324
  -0.05279
  -0.02517
   0.01062
   0.04296
   0.06134
   0.05979
   0.03881
   0.00522
  -0.03007
  -0.05558
  -0.06304
  -0.05001
  -0.02073
   0.01528
   0.04633
   0.06233
   0.05807
   0.03494
   0.00046
