  -0.05322
  -0.02590
   0.00983
   0.04237
   0.06114
   0.06005
   0.03944
   0.00601
  -0.02936
  -0.05520
  -0.06310
  -0.05049
  -0.02148
   0.01451
   0.04579
   0.06219
   0.05838
   0.03560
   0.00125
  -0.03350
  -0.05737
  -0.06260
  -0.04748
  -0.01694
   0.01911
   0.04895
   0.06288
   0.05638
   0.03156
  -0.00351
  -0.03745
  -0.05921
  -0.06174
  -0.04420
  -0.01230
   0.02359
   0.05182
   0.06321
   0.05406
   0.02734
  -0.00826
  -0.04118
  -0.06072
  -0.06053
  -0.04067
  -0.00759
   0.02795
   0.05441
   0.06319
   0.05143
   0.02297
  -0.01296
  -0.04468
  -0.06188
  -0.05897
  -0.03690
  -0.00284
   0.03214
   0.05668
   0.06280
   0.04852
   0.01847
  -0.01759
  -0.04792
  -0.06269
  -0.05708
  -0.03293
   0.00193
   0.03615
   0.05863
   0.06206
   0.04532
   0.01386
  -0.02211
  -0.05090
  -0.06314
  -0.05487
  -0.02877
   0.00668
   0.03996
   0.06025
   0.06097
   0.04187
   0.00917
  -0.02651
  -0.05358
  -0.06324
  -0.05234
  -0.02444
   0.01140
   0.04354
   0.06153
   0.05953
   0.03818
   0.00443
  -0.03076
  -0.05596
  -0.06297
  -0.04952
  -0.01998
   0.01605
   0.04687
   0.06246
   0.05775
   0.03428
  -0.00034
  -0.03484
  -0.05802
  -0.06235
  -0.04642
  -0.01540
   0.02062
   0.04994
   0.06303
   0.05564
   0.03017
  -0.00510
  -0.03872
  -0.05975
  -0.06137
  -0.04305
  -0.01074
   0.02506
   0.05272
   0.06324
   0.05322
   0.02590
  -0.00983
  -0.04237
  -0.06114
  -0.06005
  -0.03944
  -0.00601
   0.02936
   0.05520
   0.06310
   0.05049
   0.02148
  -0.01451
  -0.04579
  -0.06219
  -0.05838
  -0.03560
  -0.00125
   0.03350
   0.05737
   0.06260
   0.04748
   0.01694
  -0.01911
  -0.04895
  -0.06288
  -0.05638
  -0.03156
   0.00351
   0.03745
   0.05921
   0.06174
   0.04420
   0.01230
  -0.02359
  -0.05182
  -0.06321
  -0.05406
  -0.02734
   0.00826
   0.04118
   0.06072
   0.06053
   0.04067
   0.00759
  -0.02795
  -0.05441
  -0.06319
  -0.05143
  -0.02297
   0.01296
   0.04468
   0.06188
   0.05897
   0.03690
   0.00284
  -0.03214
  -0.05668
  -0.06280
  -0.04852
  -0.01847
   0.01759
   0.04792
   0.06269
   0.05708
   0.03293
  -0.00193
  -0.03615
  -0.05863
  -0.06206
  -0.04532
  -0.01386
   0.02211
   0.05090
   0.06314
   0.05487
   0.02877
  -0.00668
  -0.03996
  -0.06025
  -0.06097
  -0.04187
  -0.00917
   0.02651
   0.05358
   0.06324
   0.05234
   0.02444
  -0.01140
  -0.04354
  -0.06153
  -0.05953
  -0.03818
  -0.00443
   0.03076
   0.05596
   0.06297
   0.04952
   0.01998
  -0.01605
  -0.04687
  -0.06246
  -0.05775
  -0.03428
   0.00034
   0.03484
   0.05802
   0.06235
   0.04642
   0.01540
  -0.02062
  -0.04994
  -0.06303
  -0.05564
  -0.03017
   0.00510
   0.03872
   0.05975
   0.06137
   0.04305
   0.01074
  -0.02506
  -0.05272
  -0.06324
  -0.05322
  -0.02590
   0.00983
   0.04237
   0.06114
   0.06005
   0.03944
   0.00601
  -0.02936
  -0.05520
  -0.06310
  -0.05049
  -0.02148
   0.01451
   0.04579
   0.06219
   0.05838
   0.03560
   0.00125
  -0.03350
  -0.05737
  -0.06260
  -0.04748
  -0.01694
   0.01911
   0.04895
   0.06288
   0.05638
   0.03156
  -0.00351
  -0.03745
  -0.05921
  -0.06174
  -0.04420
  -0.01230
   0.02359
   0.05182
   0.06321
   0.05406
   0.02734
  -0.00826
  -0.04118
  -0.06072
  -0.06053
  -0.04067
  -0.00759
   0.02795
   0.05441
   0.06319
   0.05143
   0.02297
  -0.01296
  -0.04468
  -0.06188
  -0.05897
  -0.03690
  -0.00284
   0.03214
   0.05668
   0.06280
   0.04852
   0.01847
  -0.01759
  -0.04792
  -0.06269
  -0.05708
  -0.03293
   0.00193
   0.03615
   0.05863
   0.06206
   0.04532
   0.01386
  -0.02211
  -0.05090
  -0.06314
  -0.05487
  -0.02877
   0.00668
   0.03996
   0.06025
   0.06097
   0.04187
   0.00917
  -0.02651
  -0.05358
  -0.06324
  -0.05234
  -0.02444
   0.01140
   0.04354
   0.06153
   0.05953
   0.03818
   0.00443
  -0.03076
  -0.05596
  -0.06297
  -0.04952
  -0.01998
   0.01605
   0.04687
   0.06246
   0.05775
   0.03428
  -0.00034
  -0.03484
  -0.05802
  -0.06235
  -0.04642
  -0.01540
   0.02062
   0.04994
   0.06303
   0.05564
   0.03017
  -0.00510
  -0.03872
  -0.05975
  -0.06137
  -0.04305
  -0.01074
   0.02506
   0.05272
   0.06324
   0.05322
   0.02590
  -0.00983
  -0.04237
  -0.06114
  -0.06005
  -0.03944
  -0.00601
   0.02936
   0.05520
   0.06310
   0.05049
   0.02148
  -0.01451
  -0.04579
  -0.06219
  -0.05838
  -0.03560
  -0.00125
   0.03350
   0.05737
   0.06260
   0.04748
   0.01694
  -0.01911
  -0.04895
  -0.06288
  -0.05638
  -0.03156
   0.00351
   0.03745
   0.05921
   0.06174
   0.04420
   0.01230
  -0.02359
  -0.05182
  -0.06321
  -0.05406
  -0.02734
   0.00826
   0.04118
   0.06072
   0.06053
   0.04067
   0.00759
  -0.02795
  -0.05441
  -0.06319
  -0.05143
  -0.02297
   0.01296
   0.04468
   0.06188
   0.05897
   0.03690
   0.00284
  -0.03214
  -0.05668
  -0.06280
  -0.04852
  -0.01847
   0.01759
   0.04792
   0.06269
   0.05708
   0.03293
  -0.00193
  -0.03615
  -0.05863
  -0.06206
  -0.04532
  -0.01386
   0.02211
   0.05090
   0.06314
   0.05487
   0.02877
  -0.00668
  -0.03996
  -0.06025
  -0.06097
  -0.04187
  -0.00917
   0.02651
   0.05358
   0.06324
   0.05234
   0.02444
  -0.01140
  -0.04354
  -0.06153
  -0.05953
  -0.03818
  -0.00443
   0.03076
   0.05596
   0.06297
   0.04952
   0.01998
  -0.01605
  -0.04687
  -0.06246
  -0.05775
  -0.03428
   0.00034
   0.03484
   0.05802
   0.06235
   0.04642
   0.01540
  -0.02062
  -0.04994
  -0.06303
  -0.05564
  -0.03017
   0.00510
   0.03872
   0.05975
   0.06137
   0.04305
   0.01074
  -0.02506
  -0.05272
  -0.06324
