  -0.03418
  -0.02804
   0.06304
  -0.03682
  -0.02516
   0.06270
  -0.03935
  -0.02221
   0.06221
  -0.04179
  -0.01921
   0.06155
  -0.04412
  -0.01616
   0.06075
  -0.04634
  -0.01306
   0.05979
  -0.04845
  -0.00994
   0.05867
  -0.05043
  -0.00679
   0.05741
  -0.05228
  -0.00362
   0.05601
  -0.05401
  -0.00044
   0.05446
  -0.05559
   0.00274
   0.05278
  -0.05704
   0.00591
   0.05096
  -0.05834
   0.00906
   0.04901
  -0.05949
   0.01220
   0.04694
  -0.06049
   0.01530
   0.04475
  -0.06135
   0.01836
   0.04245
  -0.06204
   0.02138
   0.04004
  -0.06258
   0.02434
   0.03753
  -0.06296
   0.02725
   0.03493
  -0.06318
   0.03008
   0.03223
  -0.06324
   0.03284
   0.02946
  -0.06315
   0.03551
   0.02661
  -0.06289
   0.03810
   0.02369
  -0.06247
   0.04058
   0.02072
  -0.06190
   0.04297
   0.01769
  -0.06117
   0.04525
   0.01462
  -0.06029
   0.04741
   0.01151
  -0.05925
   0.04945
   0.00837
  -0.05806
   0.05137
   0.00521
  -0.05673
   0.05316
   0.00203
  -0.05525
   0.05482
  -0.00115
  -0.05364
   0.05633
  -0.00432
  -0.05188
   0.05770
  -0.00749
  -0.05000
   0.05893
  -0.01063
  -0.04799
   0.06001
  -0.01375
  -0.04586
   0.06094
  -0.01684
  -0.04362
   0.06171
  -0.01988
  -0.04126
   0.06233
  -0.02287
  -0.03880
   0.06279
  -0.02580
  -0.03624
   0.06309
  -0.02867
  -0.03359
   0.06323
  -0.03147
  -0.03086
   0.06322
  -0.03418
  -0.02804
   0.06304
  -0.03682
  -0.02516
   0.06270
  -0.03935
  -0.02221
   0.06221
  -0.04179
  -0.01921
   0.06155
  -0.04412
  -0.01616
   0.06075
  -0.04634
  -0.01306
   0.05979
  -0.04845
  -0.00994
   0.05867
  -0.05043
  -0.00679
   0.05741
  -0.05228
  -0.00362
   0.05601
  -0.05401
  -0.00044
   0.05446
  -0.05559
   0.00274
   0.05278
  -0.05704
   0.00591
   0.05096
  -0.05834
   0.00906
   0.04901
  -0.05949
   0.01220
   0.04694
  -0.06049
   0.01530
   0.04475
  -0.06135
   0.01836
   0.04245
  -0.06204
   0.02138
   0.04004
  -0.06258
   0.02434
   0.03753
  -0.06296
   0.02725
   0.03493
  -0.06318
   0.03008
   0.03223
  -0.06324
   0.03284
   0.02946
  -0.06315
   0.03551
   0.02661
  -0.06289
   0.03810
   0.02369
  -0.06247
   0.04058
   0.02072
  -0.06190
   0.04297
   0.01769
  -0.06117
   0.04525
   0.01462
  -0.06029
   0.04741
   0.01151
  -0.05925
   0.04945
   0.00837
  -0.05806
   0.05137
   0.00521
  -0.05673
   0.05316
   0.00203
  -0.05525
   0.05482
  -0.00115
  -0.05364
   0.05633
  -0.00432
  -0.05188
   0.05770
  -0.00749
  -0.05000
   0.05893
  -0.01063
  -0.04799
   0.06001
  -0.01375
  -0.04586
   0.06094
  -0.01684
  -0.04362
   0.06171
  -0.01988
  -0.04126
   0.06233
  -0.02287
  -0.03880
   0.06279
  -0.02580
  -0.03624
   0.06309
  -0.02867
  -0.03359
   0.06323
  -0.03147
  -0.03086
   0.06322
  -0.03418
  -0.02804
   0.06304
  -0.03682
  -0.02516
   0.06270
  -0.03935
  -0.02221
   0.06221
  -0.04179
  -0.01921
   0.06155
  -0.04412
  -0.01616
   0.06075
  -0.04634
  -0.01306
   0.05979
  -0.04845
  -0.00994
   0.05867
  -0.05043
  -0.00679
   0.05741
  -0.05228
  -0.00362
   0.05601
  -0.05401
  -0.00044
   0.05446
  -0.05559
   0.00274
   0.05278
  -0.05704
   0.00591
   0.05096
  -0.05834
   0.00906
   0.04901
  -0.05949
   0.01220
   0.04694
  -0.06049
   0.01530
   0.04475
  -0.06135
   0.01836
   0.04245
  -0.06204
   0.02138
   0.04004
  -0.06258
   0.02434
   0.03753
  -0.06296
   0.02725
   0.03493
  -0.06318
   0.03008
   0.03223
  -0.06324
   0.03284
   0.02946
  -0.06315
   0.03551
   0.02661
  -0.06289
   0.03810
   0.02369
  -0.06247
   0.04058
   0.02072
  -0.06190
   0.04297
   0.01769
  -0.06117
   0.04525
   0.01462
  -0.06029
   0.04741
   0.01151
  -0.05925
   0.04945
   0.00837
  -0.05806
   0.05137
   0.00521
  -0.05673
   0.05316
   0.00203
  -0.05525
   0.05482
  -0.00115
  -0.05364
   0.05633
  -0.00432
  -0.05188
   0.05770
  -0.00749
  -0.05000
   0.05893
  -0.01063
  -0.04799
   0.06001
  -0.01375
  -0.04586
   0.06094
  -0.01684
  -0.04362
   0.06171
  -0.01988
  -0.04126
   0.06233
  -0.02287
  -0.03880
   0.06279
  -0.02580
  -0.03624
   0.06309
  -0.02867
  -0.03359
   0.06323
  -0.03147
  -0.03086
   0.06322
  -0.03418
  -0.02804
   0.06304
  -0.03682
  -0.02516
   0.06270
  -0.03935
  -0.02221
   0.06221
  -0.04179
  -0.01921
   0.06155
  -0.04412
  -0.01616
   0.06075
  -0.04634
  -0.01306
   0.05979
  -0.04845
  -0.00994
   0.05867
  -0.05043
  -0.00679
   0.05741
  -0.05228
  -0.00362
   0.05601
  -0.05401
  -0.00044
   0.05446
  -0.05559
   0.00274
   0.05278
  -0.05704
   0.00591
   0.05096
  -0.05834
   0.00906
   0.04901
  -0.05949
   0.01220
   0.04694
  -0.06049
   0.01530
   0.04475
  -0.06135
   0.01836
   0.04245
  -0.06204
   0.02138
   0.04004
  -0.06258
   0.02434
   0.03753
  -0.06296
   0.02725
   0.03493
  -0.06318
   0.03008
   0.03223
  -0.06324
   0.03284
   0.02946
  -0.06315
   0.03551
   0.02661
  -0.06289
   0.03810
   0.02369
  -0.06247
   0.04058
   0.02072
  -0.06190
   0.04297
   0.01769
  -0.06117
   0.04525
   0.01462
  -0.06029
   0.04741
   0.01151
  -0.05925
   0.04945
   0.00837
  -0.05806
   0.05137
   0.00521
  -0.05673
   0.05316
   0.00203
  -0.05525
   0.05482
  -0.00115
  -0.05364
   0.05633
  -0.00432
  -0.05188
   0.05770
  -0.00749
  -0.05000
   0.05893
  -0.01063
  -0.04799
   0.06001
  -0.01375
  -0.04586
   0.06094
  -0.01684
  -0.04362
   0.06171
  -0.01988
  -0.04126
   0.06233
  -0.02287
  -0.03880
   0.06279
  -0.02580
  -0.03624
   0.06309
  -0.02867
  -0.03359
   0.06323
  -0.03147
  -0.03086
   0.06322
