   0.06319
  -0.06297
   0.06259
  -0.06205
   0.06136
  -0.06051
   0.05951
  -0.05836
   0.05706
  -0.05562
   0.05404
  -0.05232
   0.05047
  -0.04849
   0.04639
  -0.04417
   0.04184
  -0.03940
   0.03687
  -0.03424
   0.03152
  -0.02873
   0.02586
  -0.02293
   0.01994
  -0.01690
   0.01381
  -0.01070
   0.00755
  -0.00439
   0.00121
   0.00197
  -0.00514
   0.00830
  -0.01144
   0.01455
  -0.01763
   0.02066
  -0.02364
   0.02655
  -0.02940
   0.03218
  -0.03487
   0.03748
  -0.03999
   0.04241
  -0.04471
   0.04690
  -0.04897
   0.05092
  -0.05274
   0.05443
  -0.05598
   0.05739
  -0.05865
   0.05977
  -0.06073
   0.06154
  -0.06220
   0.06269
  -0.06303
   0.06321
  -0.06323
   0.06310
  -0.06280
   0.06234
  -0.06173
   0.06096
  -0.06003
   0.05896
  -0.05773
   0.05636
  -0.05485
   0.05320
  -0.05141
   0.04949
  -0.04745
   0.04529
  -0.04302
   0.04063
  -0.03815
   0.03556
  -0.03289
   0.03014
  -0.02730
   0.02440
  -0.02144
   0.01842
  -0.01536
   0.01226
  -0.00913
   0.00597
  -0.00280
  -0.00038
   0.00356
  -0.00673
   0.00988
  -0.01300
   0.01610
  -0.01915
   0.02215
  -0.02510
   0.02799
  -0.03080
   0.03354
  -0.03619
   0.03875
  -0.04121
   0.04357
  -0.04582
   0.04795
  -0.04996
   0.05185
  -0.05360
   0.05522
  -0.05670
   0.05804
  -0.05923
   0.06027
  -0.06115
   0.06189
  -0.06246
   0.06288
  -0.06314
   0.06324
  -0.06319
   0.06297
  -0.06259
   0.06205
  -0.06136
   0.06051
  -0.05951
   0.05836
  -0.05706
   0.05562
  -0.05404
   0.05232
  -0.05047
   0.04849
  -0.04639
   0.04417
  -0.04184
   0.03940
  -0.03687
   0.03424
  -0.03152
   0.02873
  -0.02586
   0.02293
  -0.01994
   0.01690
  -0.01381
   0.01070
  -0.00755
   0.00439
  -0.00121
  -0.00197
   0.00514
  -0.00830
   0.01144
  -0.01455
   0.01763
  -0.02066
   0.02364
  -0.02655
   0.02940
  -0.03218
   0.03487
  -0.03748
   0.03999
  -0.04241
   0.04471
  -0.04690
   0.04897
  -0.05092
   0.05274
  -0.05443
   0.05598
  -0.05739
   0.05865
  -0.05977
   0.06073
  -0.06154
   0.06220
  -0.06269
   0.06303
  -0.06321
   0.06323
  -0.06310
   0.06280
  -0.06234
   0.06173
  -0.06096
   0.06003
  -0.05896
   0.05773
  -0.05636
   0.05485
  -0.05320
   0.05141
  -0.04949
   0.04745
  -0.04529
   0.04302
  -0.04063
   0.03815
  -0.03556
   0.03289
  -0.03014
   0.02730
  -0.02440
   0.02144
  -0.01842
   0.01536
  -0.01226
   0.00913
  -0.00597
   0.00280
   0.00038
  -0.00356
   0.00673
  -0.00988
   0.01300
  -0.01610
   0.01915
  -0.02215
   0.02510
  -0.02799
   0.03080
  -0.03354
   0.03619
  -0.03875
   0.04121
  -0.04357
   0.04582
  -0.04795
   0.04996
  -0.05185
   0.05360
  -0.05522
   0.05670
  -0.05804
   0.05923
  -0.06027
   0.06115
  -0.06189
   0.06246
  -0.06288
   0.06314
  -0.06324
   0.06319
  -0.06297
   0.06259
  -0.06205
   0.06136
  -0.06051
   0.05951
  -0.05836
   0.05706
  -0.05562
   0.05404
  -0.05232
   0.05047
  -0.04849
   0.04639
  -0.04417
   0.04184
  -0.03940
   0.03687
  -0.03424
   0.03152
  -0.02873
   0.02586
  -0.02293
   0.01994
  -0.01690
   0.01381
  -0.01070
   0.00755
  -0.00439
   0.00121
   0.00197
  -0.00514
   0.00830
  -0.01144
   0.01455
  -0.01763
   0.02066
  -0.02364
   0.02655
  -0.02940
   0.03218
  -0.03487
   0.03748
  -0.03999
   0.04241
  -0.04471
   0.04690
  -0.04897
   0.05092
  -0.05274
   0.05443
  -0.05598
   0.05739
  -0.05865
   0.05977
  -0.06073
   0.06154
  -0.06220
   0.06269
  -0.06303
   0.06321
  -0.06323
   0.06310
  -0.06280
   0.06234
  -0.06173
   0.06096
  -0.06003
   0.05896
  -0.05773
   0.05636
  -0.05485
   0.05320
  -0.05141
   0.04949
  -0.04745
   0.04529
  -0.04302
   0.04063
  -0.03815
   0.03556
  -0.03289
   0.03014
  -0.02730
   0.02440
  -0.02144
   0.01842
  -0.01536
   0.01226
  -0.00913
   0.00597
  -0.00280
  -0.00038
   0.00356
  -0.00673
   0.00988
  -0.01300
   0.01610
  -0.01915
   0.02215
  -0.02510
   0.02799
  -0.03080
   0.03354
  -0.03619
   0.03875
  -0.04121
   0.04357
  -0.04582
   0.04795
  -0.04996
   0.05185
  -0.05360
   0.05522
  -0.05670
   0.05804
  -0.05923
   0.06027
  -0.06115
   0.06189
  -0.06246
   0.06288
  -0.06314
   0.06324
  -0.06319
   0.06297
  -0.06259
   0.06205
  -0.06136
   0.06051
  -0.05951
   0.05836
  -0.05706
   0.05562
  -0.05404
   0.05232
  -0.05047
   0.04849
  -0.04639
   0.04417
  -0.04184
   0.03940
  -0.03687
   0.03424
  -0.03152
   0.02873
  -0.02586
   0.02293
  -0.01994
   0.01690
  -0.01381
   0.01070
  -0.00755
   0.00439
  -0.00121
  -0.00197
   0.00514
  -0.00830
   0.01144
  -0.01455
   0.01763
  -0.02066
   0.02364
  -0.02655
   0.02940
  -0.03218
   0.03487
  -0.03748
   0.03999
  -0.04241
   0.04471
  -0.04690
   0.04897
  -0.05092
   0.05274
  -0.05443
   0.05598
  -0.05739
   0.05865
  -0.05977
   0.06073
  -0.06154
   0.06220
  -0.06269
   0.06303
  -0.06321
   0.06323
  -0.06310
   0.06280
  -0.06234
   0.06173
  -0.06096
   0.06003
  -0.05896
   0.05773
  -0.05636
   0.05485
  -0.05320
   0.05141
  -0.04949
   0.04745
  -0.04529
   0.04302
  -0.04063
   0.03815
  -0.03556
   0.03289
  -0.03014
   0.02730
  -0.02440
   0.02144
  -0.01842
   0.01536
  -0.01226
   0.00913
  -0.00597
   0.00280
   0.00038
  -0.00356
   0.00673
  -0.00988
   0.01300
  -0.01610
   0.01915
  -0.02215
   0.02510
  -0.02799
   0.03080
  -0.03354
   0.03619
  -0.03875
   0.04121
  -0.04357
   0.04582
  -0.04795
   0.04996
  -0.05185
   0.05360
  -0.05522
   0.05670
  -0.05804
   0.05923
  -0.06027
   0.06115
  -0.06189
   0.06246
  -0.06288
   0.06314
  -0.06324
