   0.03627
  -0.06362
   0.07532
  -0.06848
   0.04481
  -0.01010
  -0.02708
   0.05761
  -0.07396
   0.07212
  -0.05253
   0.02003
   0.01741
  -0.05056
   0.07127
  -0.07445
   0.05932
  -0.02959
  -0.00742
   0.04260
  -0.06730
   0.07545
  -0.06503
   0.03862
  -0.00270
  -0.03388
   0.06212
  -0.07509
   0.06958
  -0.04695
   0.01278
   0.02454
  -0.05582
   0.07337
  -0.07287
   0.05444
  -0.02262
  -0.01477
   0.04852
  -0.07034
   0.07485
  -0.06095
   0.03205
   0.00473
  -0.04034
   0.06604
  -0.07548
   0.06636
  -0.04091
   0.00540
   0.03144
  -0.06055
   0.07476
  -0.07058
   0.04904
  -0.01543
  -0.02197
   0.05397
  -0.07269
   0.07353
  -0.05628
   0.02518
   0.01211
  -0.04642
   0.06931
  -0.07515
   0.06250
  -0.03448
  -0.00203
   0.03803
  -0.06469
   0.07542
  -0.06761
   0.04316
  -0.00809
  -0.02896
   0.05890
  -0.07434
   0.07149
  -0.05106
   0.01806
   0.01937
  -0.05205
   0.07191
  -0.07409
   0.05804
  -0.02771
  -0.00943
   0.04426
  -0.06820
   0.07536
  -0.06398
   0.03686
  -0.00068
  -0.03568
   0.06325
  -0.07527
   0.06877
  -0.04535
   0.01077
   0.02645
  -0.05717
   0.07382
  -0.07231
   0.05302
  -0.02068
  -0.01675
   0.05006
  -0.07105
   0.07456
  -0.05973
   0.03021
   0.00675
  -0.04204
   0.06700
  -0.07547
   0.06537
  -0.03920
   0.00338
   0.03327
  -0.06174
   0.07501
  -0.06984
   0.04748
  -0.01344
  -0.02390
   0.05537
  -0.07321
   0.07304
  -0.05491
   0.02326
   0.01410
  -0.04800
   0.07009
  -0.07493
   0.06135
  -0.03266
  -0.00405
   0.03977
  -0.06571
   0.07548
  -0.06668
   0.04148
  -0.00607
  -0.03083
   0.06014
  -0.07466
   0.07082
  -0.04955
   0.01609
   0.02133
  -0.05350
   0.07250
  -0.07368
   0.05672
  -0.02582
  -0.01144
   0.04589
  -0.06904
   0.07521
  -0.06288
   0.03508
   0.00135
  -0.03745
   0.06434
  -0.07539
   0.06790
  -0.04371
   0.00876
   0.02834
  -0.05847
   0.07422
  -0.07171
   0.05155
  -0.01872
  -0.01872
   0.05155
  -0.07171
   0.07422
  -0.05847
   0.02834
   0.00876
  -0.04371
   0.06790
  -0.07539
   0.06434
  -0.03745
   0.00135
   0.03508
  -0.06288
   0.07521
  -0.06904
   0.04589
  -0.01144
  -0.02582
   0.05672
  -0.07368
   0.07250
  -0.05350
   0.02133
   0.01609
  -0.04955
   0.07082
  -0.07466
   0.06014
  -0.03083
  -0.00607
   0.04148
  -0.06668
   0.07548
  -0.06571
   0.03977
  -0.00405
  -0.03266
   0.06135
  -0.07493
   0.07009
  -0.04800
   0.01410
   0.02326
  -0.05491
   0.07304
  -0.07321
   0.05537
  -0.02390
  -0.01344
   0.04748
  -0.06984
   0.07501
  -0.06174
   0.03327
   0.00338
  -0.03920
   0.06537
  -0.07547
   0.06700
  -0.04204
   0.00675
   0.03021
  -0.05973
   0.07456
  -0.07105
   0.05006
  -0.01675
  -0.02068
   0.05302
  -0.07231
   0.07382
  -0.05717
   0.02645
   0.01077
  -0.04535
   0.06877
  -0.07527
   0.06325
  -0.03568
  -0.00068
   0.03686
  -0.06398
   0.07536
  -0.06820
   0.04426
  -0.00943
  -0.02771
   0.05804
  -0.07409
   0.07191
  -0.05205
   0.01937
   0.01806
  -0.05106
   0.07149
  -0.07434
   0.05890
  -0.02896
  -0.00809
   0.04316
  -0.06761
   0.07542
  -0.06469
   0.03803
  -0.00203
  -0.03448
   0.06250
  -0.07515
   0.06931
  -0.04642
   0.01211
   0.02518
  -0.05628
   0.07353
  -0.07269
   0.05397
  -0.02197
  -0.01543
   0.04904
  -0.07058
   0.07476
  -0.06055
   0.03144
   0.00540
  -0.04091
   0.06636
  -0.07548
   0.06604
  -0.04034
   0.00473
   0.03205
  -0.06095
   0.07485
  -0.07034
   0.04852
  -0.01477
  -0.02262
   0.05444
  -0.07287
   0.07337
  -0.05582
   0.02454
   0.01278
  -0.04695
   0.06958
  -0.07509
   0.06212
  -0.03388
  -0.00270
   0.03862
  -0.06503
   0.07545
  -0.06730
   0.04260
  -0.00742
  -0.02959
   0.05932
  -0.07445
   0.07127
  -0.05056
   0.01741
   0.02003
  -0.05253
   0.07212
  -0.07396
   0.05761
  -0.02708
  -0.01010
   0.04481
  -0.06848
   0.07532
  -0.06362
   0.03627
