  -0.05444
   0.07542
  -0.05006
  -0.00607
   0.05847
  -0.07493
   0.04535
   0.01211
  -0.06212
   0.07396
  -0.04034
  -0.01806
   0.06537
  -0.07250
   0.03508
   0.02390
  -0.06820
   0.07058
  -0.02959
  -0.02959
   0.07058
  -0.06820
   0.02390
   0.03508
  -0.07250
   0.06537
  -0.01806
  -0.04034
   0.07396
  -0.06212
   0.01211
   0.04535
  -0.07493
   0.05847
  -0.00607
  -0.05006
   0.07542
  -0.05444
   0.00000
   0.05444
  -0.07542
   0.05006
   0.00607
  -0.05847
   0.07493
  -0.04535
  -0.01211
   0.06212
  -0.07396
   0.04034
   0.01806
  -0.06537
   0.07250
  -0.03508
  -0.02390
   0.06820
  -0.07058
   0.02959
   0.02959
  -0.07058
   0.06820
  -0.02390
  -0.03508
   0.07250
  -0.06537
   0.01806
   0.04034
  -0.07396
   0.06212
  -0.01211
  -0.04535
   0.07493
  -0.05847
   0.00607
   0.05006
  -0.07542
   0.05444
  -0.00000
  -0.05444
   0.07542
  -0.05006
  -0.00607
   0.05847
  -0.07493
   0.04535
   0.01211
  -0.06212
   0.07396
  -0.04034
  -0.01806
   0.06537
  -0.07250
   0.03508
   0.02390
  -0.06820
   0.07058
  -0.02959
  -0.02959
   0.07058
  -0.06820
   0.02390
   0.03508
  -0.07250
   0.06537
  -0.01806
  -0.04034
   0.07396
  -0.06212
   0.01211
   0.04535
  -0.07493
   0.05847
  -0.00607
  -0.05006
   0.07542
  -0.05444
  -0.00000
   0.05444
  -0.07542
   0.05006
   0.00607
  -0.05847
   0.07493
  -0.04535
  -0.01211
   0.06212
  -0.07396
   0.04034
   0.01806
  -0.06537
   0.07250
  -0.03508
  -0.02390
   0.06820
  -0.07058
   0.02959
   0.02959
  -0.07058
   0.06820
  -0.02390
  -0.03508
   0.07250
  -0.06537
   0.01806
   0.04034
  -0.07396
   0.06212
  -0.01211
  -0.04535
   0.07493
  -0.05847
   0.00607
   0.05006
  -0.07542
   0.05444
  -0.00000
  -0.05444
   0.07542
  -0.05006
  -0.00607
   0.05847
  -0.07493
   0.04535
   0.01211
  -0.06212
   0.07396
  -0.04034
  -0.01806
   0.06537
  -0.07250
   0.03508
   0.02390
  -0.06820
   0.07058
  -0.02959
  -0.02959
   0.07058
  -0.06820
   0.02390
   0.03508
  -0.07250
   0.06537
  -0.01806
  -0.04034
   0.07396
  -0.06212
   0.01211
   0.04535
  -0.07493
   0.05847
  -0.00607
  -0.05006
   0.07542
  -0.05444
   0.00000
   0.05444
  -0.07542
   0.05006
   0.00607
  -0.05847
   0.07493
  -0.04535
  -0.01211
   0.06212
  -0.07396
   0.04034
   0.01806
  -0.06537
   0.07250
  -0.03508
  -0.02390
   0.06820
  -0.07058
   0.02959
   0.02959
  -0.07058
   0.06820
  -0.02390
  -0.03508
   0.07250
  -0.06537
   0.01806
   0.04034
  -0.07396
   0.06212
  -0.01211
  -0.04535
   0.07493
  -0.05847
   0.00607
   0.05006
  -0.07542
   0.05444
  -0.00000
  -0.05444
   0.07542
  -0.05006
  -0.00607
   0.05847
  -0.07493
   0.04535
   0.01211
  -0.06212
   0.07396
  -0.04034
  -0.01806
   0.06537
  -0.07250
   0.03508
   0.02390
  -0.06820
   0.07058
  -0.02959
  -0.02959
   0.07058
  -0.06820
   0.02390
   0.03508
  -0.07250
   0.06537
  -0.01806
  -0.04034
   0.07396
  -0.06212
   0.01211
   0.04535
  -0.07493
   0.05847
  -0.00607
  -0.05006
   0.07542
  -0.05444
   0.00000
   0.05444
  -0.07542
   0.05006
   0.00607
  -0.05847
   0.07493
  -0.04535
  -0.01211
   0.06212
  -0.07396
   0.04034
   0.01806
  -0.06537
   0.07250
  -0.03508
  -0.02390
   0.06820
  -0.07058
   0.02959
   0.02959
  -0.07058
   0.06820
  -0.02390
  -0.03508
   0.07250
  -0.06537
   0.01806
   0.04034
  -0.07396
   0.06212
  -0.01211
  -0.04535
   0.07493
  -0.05847
   0.00607
   0.05006
  -0.07542
   0.05444
  -0.00000
  -0.05444
   0.07542
  -0.05006
  -0.00607
   0.05847
  -0.07493
   0.04535
   0.01211
  -0.06212
   0.07396
  -0.04034
  -0.01806
   0.06537
  -0.07250
   0.03508
   0.02390
  -0.06820
   0.07058
  -0.02959
  -0.02959
   0.07058
  -0.06820
   0.02390
   0.03508
  -0.07250
   0.06537
  -0.01806
  -0.04034
   0.07396
  -0.06212
   0.01211
   0.04535
  -0.07493
   0.05847
  -0.00607
  -0.05006
   0.07542
  -0.05444
