  -0.07542
   0.00607
   0.07493
  -0.01211
  -0.07396
   0.01806
   0.07250
  -0.02390
  -0.07058
   0.02959
   0.06820
  -0.03508
  -0.06537
   0.04034
   0.06212
  -0.04535
  -0.05847
   0.05006
   0.05444
  -0.05444
  -0.05006
   0.05847
   0.04535
  -0.06212
  -0.04034
   0.06537
   0.03508
  -0.06820
  -0.02959
   0.07058
   0.02390
  -0.07250
  -0.01806
   0.07396
   0.01211
  -0.07493
  -0.00607
   0.07542
  -0.00000
  -0.07542
   0.00607
   0.07493
  -0.01211
  -0.07396
   0.01806
   0.07250
  -0.02390
  -0.07058
   0.02959
   0.06820
  -0.03508
  -0.06537
   0.04034
   0.06212
  -0.04535
  -0.05847
   0.05006
   0.05444
  -0.05444
  -0.05006
   0.05847
   0.04535
  -0.06212
  -0.04034
   0.06537
   0.03508
  -0.06820
  -0.02959
   0.07058
   0.02390
  -0.07250
  -0.01806
   0.07396
   0.01211
  -0.07493
  -0.00607
   0.07542
  -0.00000
  -0.07542
   0.00607
   0.07493
  -0.01211
  -0.07396
   0.01806
   0.07250
  -0.02390
  -0.07058
   0.02959
   0.06820
  -0.03508
  -0.06537
   0.04034
   0.06212
  -0.04535
  -0.05847
   0.05006
   0.05444
  -0.05444
  -0.05006
   0.05847
   0.04535
  -0.06212
  -0.04034
   0.06537
   0.03508
  -0.06820
  -0.02959
   0.07058
   0.02390
  -0.07250
  -0.01806
   0.07396
   0.01211
  -0.07493
  -0.00607
   0.07542
  -0.00000
  -0.07542
   0.00607
   0.07493
  -0.01211
  -0.07396
   0.01806
   0.07250
  -0.02390
  -0.07058
   0.02959
   0.06820
  -0.03508
  -0.06537
   0.04034
   0.06212
  -0.04535
  -0.05847
   0.05006
   0.05444
  -0.05444
  -0.05006
   0.05847
   0.04535
  -0.06212
  -0.04034
   0.06537
   0.03508
  -0.06820
  -0.02959
   0.07058
   0.02390
  -0.07250
  -0.01806
   0.07396
   0.01211
  -0.07493
  -0.00607
   0.07542
   0.00000
  -0.07542
   0.00607
   0.07493
  -0.01211
  -0.07396
   0.01806
   0.07250
  -0.02390
  -0.07058
   0.02959
   0.06820
  -0.03508
  -0.06537
   0.04034
   0.06212
  -0.04535
  -0.05847
   0.05006
   0.05444
  -0.05444
  -0.05006
   0.05847
   0.04535
  -0.06212
  -0.04034
   0.06537
   0.03508
  -0.06820
  -0.02959
   0.07058
   0.02390
  -0.07250
  -0.01806
   0.07396
   0.01211
  -0.07493
  -0.00607
   0.07542
   0.00000
  -0.07542
   0.00607
   0.07493
  -0.01211
  -0.07396
   0.01806
   0.07250
  -0.02390
  -0.07058
   0.02959
   0.06820
  -0.03508
  -0.06537
   0.04034
   0.06212
  -0.04535
  -0.05847
   0.05006
   0.05444
  -0.05444
  -0.05006
   0.05847
   0.04535
  -0.06212
  -0.04034
   0.06537
   0.03508
  -0.06820
  -0.02959
   0.07058
   0.02390
  -0.07250
  -0.01806
   0.07396
   0.01211
  -0.07493
  -0.00607
   0.07542
   0.00000
  -0.07542
   0.00607
   0.07493
  -0.01211
  -0.07396
   0.01806
   0.07250
  -0.02390
  -0.07058
   0.02959
   0.06820
  -0.03508
  -0.06537
   0.04034
   0.06212
  -0.04535
  -0.05847
   0.05006
   0.05444
  -0.05444
  -0.05006
   0.05847
   0.04535
  -0.06212
  -0.04034
   0.06537
   0.03508
  -0.06820
  -0.02959
   0.07058
   0.02390
  -0.07250
  -0.01806
   0.07396
   0.01211
  -0.07493
  -0.00607
   0.07542
   0.00000
  -0.07542
   0.00607
   0.07493
  -0.01211
  -0.07396
   0.01806
   0.07250
  -0.02390
  -0.07058
   0.02959
   0.06820
  -0.03508
  -0.06537
   0.04034
   0.06212
  -0.04535
  -0.05847
   0.05006
   0.05444
  -0.05444
  -0.05006
   0.05847
   0.04535
  -0.06212
  -0.04034
   0.06537
   0.03508
  -0.06820
  -0.02959
   0.07058
   0.02390
  -0.07250
  -0.01806
   0.07396
   0.01211
  -0.07493
  -0.00607
   0.07542
   0.00000
  -0.07542
   0.00607
   0.07493
  -0.01211
  -0.07396
   0.01806
   0.07250
  -0.02390
  -0.07058
   0.02959
   0.06820
  -0.03508
  -0.06537
   0.04034
   0.06212
  -0.04535
  -0.05847
   0.05006
   0.05444
  -0.05444
  -0.05006
   0.05847
   0.04535
  -0.06212
  -0.04034
   0.06537
   0.03508
  -0.06820
  -0.02959
   0.07058
   0.02390
  -0.07250
  -0.01806
   0.07396
   0.01211
  -0.07493
  -0.00607
   0.07542
