   0.06212
  -0.07058
   0.01806
   0.05006
  -0.07493
   0.03508
   0.03508
  -0.07493
   0.05006
   0.01806
  -0.07058
   0.06212
   0.00000
  -0.06212
   0.07058
  -0.01806
  -0.05006
   0.07493
  -0.03508
  -0.03508
   0.07493
  -0.05006
  -0.01806
   0.07058
  -0.06212
  -0.00000
   0.06212
  -0.07058
   0.01806
   0.05006
  -0.07493
   0.03508
   0.03508
  -0.07493
   0.05006
   0.01806
  -0.07058
   0.06212
   0.00000
  -0.06212
   0.07058
  -0.01806
  -0.05006
   0.07493
  -0.03508
  -0.03508
   0.07493
  -0.05006
  -0.01806
   0.07058
  -0.06212
  -0.00000
   0.06212
  -0.07058
   0.01806
   0.05006
  -0.07493
   0.03508
   0.03508
  -0.07493
   0.05006
   0.01806
  -0.07058
   0.06212
   0.00000
  -0.06212
   0.07058
  -0.01806
  -0.05006
   0.07493
  -0.03508
  -0.03508
   0.07493
  -0.05006
  -0.01806
   0.07058
  -0.06212
  -0.00000
   0.06212
  -0.07058
   0.01806
   0.05006
  -0.07493
   0.03508
   0.03508
  -0.07493
   0.05006
   0.01806
  -0.07058
   0.06212
   0.00000
  -0.06212
   0.07058
  -0.01806
  -0.05006
   0.07493
  -0.03508
  -0.03508
   0.07493
  -0.05006
  -0.01806
   0.07058
  -0.06212
  -0.00000
   0.06212
  -0.07058
   0.01806
   0.05006
  -0.07493
   0.03508
   0.03508
  -0.07493
   0.05006
   0.01806
  -0.07058
   0.06212
   0.00000
  -0.06212
   0.07058
  -0.01806
  -0.05006
   0.07493
  -0.03508
  -0.03508
   0.07493
  -0.05006
  -0.01806
   0.07058
  -0.06212
  -0.00000
   0.06212
  -0.07058
   0.01806
   0.05006
  -0.07493
   0.03508
   0.03508
  -0.07493
   0.05006
   0.01806
  -0.07058
   0.06212
   0.00000
  -0.06212
   0.07058
  -0.01806
  -0.05006
   0.07493
  -0.03508
  -0.03508
   0.07493
  -0.05006
  -0.01806
   0.07058
  -0.06212
  -0.00000
   0.06212
  -0.07058
   0.01806
   0.05006
  -0.07493
   0.03508
   0.03508
  -0.07493
   0.05006
   0.01806
  -0.07058
   0.06212
   0.00000
  -0.06212
   0.07058
  -0.01806
  -0.05006
   0.07493
  -0.03508
  -0.03508
   0.07493
  -0.05006
  -0.01806
   0.07058
  -0.06212
  -0.00000
   0.06212
  -0.07058
   0.01806
   0.05006
  -0.07493
   0.03508
   0.03508
  -0.07493
   0.05006
   0.01806
  -0.07058
   0.06212
   0.00000
  -0.06212
   0.07058
  -0.01806
  -0.05006
   0.07493
  -0.03508
  -0.03508
   0.07493
  -0.05006
  -0.01806
   0.07058
  -0.06212
  -0.00000
   0.06212
  -0.07058
   0.01806
   0.05006
  -0.07493
   0.03508
   0.03508
  -0.07493
   0.05006
   0.01806
  -0.07058
   0.06212
   0.00000
  -0.06212
   0.07058
  -0.01806
  -0.05006
   0.07493
  -0.03508
  -0.03508
   0.07493
  -0.05006
  -0.01806
   0.07058
  -0.06212
  -0.00000
   0.06212
  -0.07058
   0.01806
   0.05006
  -0.07493
   0.03508
   0.03508
  -0.07493
   0.05006
   0.01806
  -0.07058
   0.06212
   0.00000
  -0.06212
   0.07058
  -0.01806
  -0.05006
   0.07493
  -0.03508
  -0.03508
   0.07493
  -0.05006
  -0.01806
   0.07058
  -0.06212
  -0.00000
   0.06212
  -0.07058
   0.01806
   0.05006
  -0.07493
   0.03508
   0.03508
  -0.07493
   0.05006
   0.01806
  -0.07058
   0.06212
   0.00000
  -0.06212
   0.07058
  -0.01806
  -0.05006
   0.07493
  -0.03508
  -0.03508
   0.07493
  -0.05006
  -0.01806
   0.07058
  -0.06212
  -0.00000
   0.06212
  -0.07058
   0.01806
   0.05006
  -0.07493
   0.03508
   0.03508
  -0.07493
   0.05006
   0.01806
  -0.07058
   0.06212
   0.00000
  -0.06212
   0.07058
  -0.01806
  -0.05006
   0.07493
  -0.03508
  -0.03508
   0.07493
  -0.05006
  -0.01806
   0.07058
  -0.06212
  -0.00000
   0.06212
  -0.07058
   0.01806
   0.05006
  -0.07493
   0.03508
   0.03508
  -0.07493
   0.05006
   0.01806
  -0.07058
   0.06212
   0.00000
  -0.06212
   0.07058
  -0.01806
  -0.05006
   0.07493
  -0.03508
  -0.03508
   0.07493
  -0.05006
  -0.01806
   0.07058
  -0.06212
   0.00000
   0.06212
  -0.07058
   0.01806
   0.05006
  -0.07493
   0.03508
   0.03508
  -0.07493
   0.05006
   0.01806
  -0.07058
   0.06212
