  -0.07368
  -0.03205
   0.05973
   0.05804
  -0.03448
  -0.07304
   0.00270
   0.07422
   0.02959
  -0.06135
  -0.05628
   0.03686
   0.07231
  -0.00540
  -0.07466
  -0.02708
   0.06288
   0.05444
  -0.03920
  -0.07149
   0.00809
   0.07501
   0.02454
  -0.06434
  -0.05253
   0.04148
   0.07058
  -0.01077
  -0.07527
  -0.02197
   0.06571
   0.05056
  -0.04371
  -0.06958
   0.01344
   0.07542
   0.01937
  -0.06700
  -0.04852
   0.04589
   0.06848
  -0.01609
  -0.07548
  -0.01675
   0.06820
   0.04642
  -0.04800
  -0.06730
   0.01872
   0.07545
   0.01410
  -0.06931
  -0.04426
   0.05006
   0.06604
  -0.02133
  -0.07532
  -0.01144
   0.07034
   0.04204
  -0.05205
  -0.06469
   0.02390
   0.07509
   0.00876
  -0.07127
  -0.03977
   0.05397
   0.06325
  -0.02645
  -0.07476
  -0.00607
   0.07212
   0.03745
  -0.05582
  -0.06174
   0.02896
   0.07434
   0.00338
  -0.07287
  -0.03508
   0.05761
   0.06014
  -0.03144
  -0.07382
  -0.00068
   0.07353
   0.03266
  -0.05932
  -0.05847
   0.03388
   0.07321
  -0.00203
  -0.07409
  -0.03021
   0.06095
   0.05672
  -0.03627
  -0.07250
   0.00473
   0.07456
   0.02771
  -0.06250
  -0.05491
   0.03862
   0.07171
  -0.00742
  -0.07493
  -0.02518
   0.06398
   0.05302
  -0.04091
  -0.07082
   0.01010
   0.07521
   0.02262
  -0.06537
  -0.05106
   0.04316
   0.06984
  -0.01278
  -0.07539
  -0.02003
   0.06668
   0.04904
  -0.04535
  -0.06877
   0.01543
   0.07548
   0.01741
  -0.06790
  -0.04695
   0.04748
   0.06761
  -0.01806
  -0.07547
  -0.01477
   0.06904
   0.04481
  -0.04955
  -0.06636
   0.02068
   0.07536
   0.01211
  -0.07009
  -0.04260
   0.05155
   0.06503
  -0.02326
  -0.07515
  -0.00943
   0.07105
   0.04034
  -0.05350
  -0.06362
   0.02582
   0.07485
   0.00675
  -0.07191
  -0.03803
   0.05537
   0.06212
  -0.02834
  -0.07445
  -0.00405
   0.07269
   0.03568
  -0.05717
  -0.06055
   0.03083
   0.07396
   0.00135
  -0.07337
  -0.03327
   0.05890
   0.05890
  -0.03327
  -0.07337
   0.00135
   0.07396
   0.03083
  -0.06055
  -0.05717
   0.03568
   0.07269
  -0.00405
  -0.07445
  -0.02834
   0.06212
   0.05537
  -0.03803
  -0.07191
   0.00675
   0.07485
   0.02582
  -0.06362
  -0.05350
   0.04034
   0.07105
  -0.00943
  -0.07515
  -0.02326
   0.06503
   0.05155
  -0.04260
  -0.07009
   0.01211
   0.07536
   0.02068
  -0.06636
  -0.04955
   0.04481
   0.06904
  -0.01477
  -0.07547
  -0.01806
   0.06761
   0.04748
  -0.04695
  -0.06790
   0.01741
   0.07548
   0.01543
  -0.06877
  -0.04535
   0.04904
   0.06668
  -0.02003
  -0.07539
  -0.01278
   0.06984
   0.04316
  -0.05106
  -0.06537
   0.02262
   0.07521
   0.01010
  -0.07082
  -0.04091
   0.05302
   0.06398
  -0.02518
  -0.07493
  -0.00742
   0.07171
   0.03862
  -0.05491
  -0.06250
   0.02771
   0.07456
   0.00473
  -0.07250
  -0.03627
   0.05672
   0.06095
  -0.03021
  -0.07409
  -0.00203
   0.07321
   0.03388
  -0.05847
  -0.05932
   0.03266
   0.07353
  -0.00068
  -0.07382
  -0.03144
   0.06014
   0.05761
  -0.03508
  -0.07287
   0.00338
   0.07434
   0.02896
  -0.06174
  -0.05582
   0.03745
   0.07212
  -0.00607
  -0.07476
  -0.02645
   0.06325
   0.05397
  -0.03977
  -0.07127
   0.00876
   0.07509
   0.02390
  -0.06469
  -0.05205
   0.04204
   0.07034
  -0.01144
  -0.07532
  -0.02133
   0.06604
   0.05006
  -0.04426
  -0.06931
   0.01410
   0.07545
   0.01872
  -0.06730
  -0.04800
   0.04642
   0.06820
  -0.01675
  -0.07548
  -0.01609
   0.06848
   0.04589
  -0.04852
  -0.06700
   0.01937
   0.07542
   0.01344
  -0.06958
  -0.04371
   0.05056
   0.06571
  -0.02197
  -0.07527
  -0.01077
   0.07058
   0.04148
  -0.05253
  -0.06434
   0.02454
   0.07501
   0.00809
  -0.07149
  -0.03920
   0.05444
   0.06288
  -0.02708
  -0.07466
  -0.00540
   0.07231
   0.03686
  -0.05628
  -0.06135
   0.02959
   0.07422
   0.00270
  -0.07304
  -0.03448
   0.05804
   0.05973
  -0.03205
  -0.07368
