  -0.06984
   0.05302
   0.02959
  -0.07548
   0.02771
   0.05444
  -0.06904
  -0.00203
   0.07058
  -0.05155
  -0.03144
   0.07542
  -0.02582
  -0.05582
   0.06820
   0.00405
  -0.07127
   0.05006
   0.03327
  -0.07532
   0.02390
   0.05717
  -0.06730
  -0.00607
   0.07191
  -0.04852
  -0.03508
   0.07515
  -0.02197
  -0.05847
   0.06636
   0.00809
  -0.07250
   0.04695
   0.03686
  -0.07493
   0.02003
   0.05973
  -0.06537
  -0.01010
   0.07304
  -0.04535
  -0.03862
   0.07466
  -0.01806
  -0.06095
   0.06434
   0.01211
  -0.07353
   0.04371
   0.04034
  -0.07434
   0.01609
   0.06212
  -0.06325
  -0.01410
   0.07396
  -0.04204
  -0.04204
   0.07396
  -0.01410
  -0.06325
   0.06212
   0.01609
  -0.07434
   0.04034
   0.04371
  -0.07353
   0.01211
   0.06434
  -0.06095
  -0.01806
   0.07466
  -0.03862
  -0.04535
   0.07304
  -0.01010
  -0.06537
   0.05973
   0.02003
  -0.07493
   0.03686
   0.04695
  -0.07250
   0.00809
   0.06636
  -0.05847
  -0.02197
   0.07515
  -0.03508
  -0.04852
   0.07191
  -0.00607
  -0.06730
   0.05717
   0.02390
  -0.07532
   0.03327
   0.05006
  -0.07127
   0.00405
   0.06820
  -0.05582
  -0.02582
   0.07542
  -0.03144
  -0.05155
   0.07058
  -0.00203
  -0.06904
   0.05444
   0.02771
  -0.07548
   0.02959
   0.05302
  -0.06984
   0.00000
   0.06984
  -0.05302
  -0.02959
   0.07548
  -0.02771
  -0.05444
   0.06904
   0.00203
  -0.07058
   0.05155
   0.03144
  -0.07542
   0.02582
   0.05582
  -0.06820
  -0.00405
   0.07127
  -0.05006
  -0.03327
   0.07532
  -0.02390
  -0.05717
   0.06730
   0.00607
  -0.07191
   0.04852
   0.03508
  -0.07515
   0.02197
   0.05847
  -0.06636
  -0.00809
   0.07250
  -0.04695
  -0.03686
   0.07493
  -0.02003
  -0.05973
   0.06537
   0.01010
  -0.07304
   0.04535
   0.03862
  -0.07466
   0.01806
   0.06095
  -0.06434
  -0.01211
   0.07353
  -0.04371
  -0.04034
   0.07434
  -0.01609
  -0.06212
   0.06325
   0.01410
  -0.07396
   0.04204
   0.04204
  -0.07396
   0.01410
   0.06325
  -0.06212
  -0.01609
   0.07434
  -0.04034
  -0.04371
   0.07353
  -0.01211
  -0.06434
   0.06095
   0.01806
  -0.07466
   0.03862
   0.04535
  -0.07304
   0.01010
   0.06537
  -0.05973
  -0.02003
   0.07493
  -0.03686
  -0.04695
   0.07250
  -0.00809
  -0.06636
   0.05847
   0.02197
  -0.07515
   0.03508
   0.04852
  -0.07191
   0.00607
   0.06730
  -0.05717
  -0.02390
   0.07532
  -0.03327
  -0.05006
   0.07127
  -0.00405
  -0.06820
   0.05582
   0.02582
  -0.07542
   0.03144
   0.05155
  -0.07058
   0.00203
   0.06904
  -0.05444
  -0.02771
   0.07548
  -0.02959
  -0.05302
   0.06984
   0.00000
  -0.06984
   0.05302
   0.02959
  -0.07548
   0.02771
   0.05444
  -0.06904
  -0.00203
   0.07058
  -0.05155
  -0.03144
   0.07542
  -0.02582
  -0.05582
   0.06820
   0.00405
  -0.07127
   0.05006
   0.03327
  -0.07532
   0.02390
   0.05717
  -0.06730
  -0.00607
   0.07191
  -0.04852
  -0.03508
   0.07515
  -0.02197
  -0.05847
   0.06636
   0.00809
  -0.07250
   0.04695
   0.03686
  -0.07493
   0.02003
   0.05973
  -0.06537
  -0.01010
   0.07304
  -0.04535
  -0.03862
   0.07466
  -0.01806
  -0.06095
   0.06434
   0.01211
  -0.07353
   0.04371
   0.04034
  -0.07434
   0.01609
   0.06212
  -0.06325
  -0.01410
   0.07396
  -0.04204
  -0.04204
   0.07396
  -0.01410
  -0.06325
   0.06212
   0.01609
  -0.07434
   0.04034
   0.04371
  -0.07353
   0.01211
   0.06434
  -0.06095
  -0.01806
   0.07466
  -0.03862
  -0.04535
   0.07304
  -0.01010
  -0.06537
   0.05973
   0.02003
  -0.07493
   0.03686
   0.04695
  -0.07250
   0.00809
   0.06636
  -0.05847
  -0.02197
   0.07515
  -0.03508
  -0.04852
   0.07191
  -0.00607
  -0.06730
   0.05717
   0.02390
  -0.07532
   0.03327
   0.05006
  -0.07127
   0.00405
   0.06820
  -0.05582
  -0.02582
   0.07542
  -0.03144
  -0.05155
   0.07058
  -0.00203
  -0.06904
   0.05444
   0.02771
  -0.07548
   0.02959
   0.05302
  -0.06984
