  -0.04961
   0.06144
  -0.02649
  -0.02863
   0.06195
  -0.04810
  -0.00238
   0.05105
  -0.06085
   0.02432
   0.03073
  -0.06238
   0.04653
   0.00475
  -0.05241
   0.06016
  -0.02211
  -0.03278
   0.06271
  -0.04489
  -0.00712
   0.05370
  -0.05939
   0.01986
   0.03479
  -0.06296
   0.04318
   0.00947
  -0.05491
   0.05854
  -0.01759
  -0.03675
   0.06311
  -0.04142
  -0.01182
   0.05605
  -0.05761
   0.01530
   0.03866
  -0.06318
   0.03959
   0.01414
  -0.05711
   0.05659
  -0.01298
  -0.04051
   0.06316
  -0.03771
  -0.01645
   0.05808
  -0.05549
   0.01065
   0.04231
  -0.06305
   0.03578
   0.01873
  -0.05898
   0.05432
  -0.00830
  -0.04404
   0.06284
  -0.03379
  -0.02099
   0.05979
  -0.05306
   0.00593
   0.04571
  -0.06255
   0.03176
   0.02321
  -0.06052
   0.05174
  -0.00356
  -0.04732
   0.06218
  -0.02969
  -0.02541
   0.06116
  -0.05034
   0.00119
   0.04886
  -0.06171
   0.02757
   0.02757
  -0.06171
   0.04886
   0.00119
  -0.05034
   0.06116
  -0.02541
  -0.02969
   0.06218
  -0.04732
  -0.00356
   0.05174
  -0.06052
   0.02321
   0.03176
  -0.06255
   0.04571
   0.00593
  -0.05306
   0.05979
  -0.02099
  -0.03379
   0.06284
  -0.04404
  -0.00830
   0.05432
  -0.05898
   0.01873
   0.03578
  -0.06305
   0.04231
   0.01065
  -0.05549
   0.05808
  -0.01645
  -0.03771
   0.06316
  -0.04051
  -0.01298
   0.05659
  -0.05711
   0.01414
   0.03959
  -0.06318
   0.03866
   0.01530
  -0.05761
   0.05605
  -0.01182
  -0.04142
   0.06311
  -0.03675
  -0.01759
   0.05854
  -0.05491
   0.00947
   0.04318
  -0.06296
   0.03479
   0.01986
  -0.05939
   0.05370
  -0.00712
  -0.04489
   0.06271
  -0.03278
  -0.02211
   0.06016
  -0.05241
   0.00475
   0.04653
  -0.06238
   0.03073
   0.02432
  -0.06085
   0.05105
  -0.00238
  -0.04810
   0.06195
  -0.02863
  -0.02649
   0.06144
  -0.04961
   0.00000
   0.04961
  -0.06144
   0.02649
   0.02863
  -0.06195
   0.04810
   0.00238
  -0.05105
   0.06085
  -0.02432
  -0.03073
   0.06238
  -0.04653
  -0.00475
   0.05241
  -0.06016
   0.02211
   0.03278
  -0.06271
   0.04489
   0.00712
  -0.05370
   0.05939
  -0.01986
  -0.03479
   0.06296
  -0.04318
  -0.00947
   0.05491
  -0.05854
   0.01759
   0.03675
  -0.06311
   0.04142
   0.01182
  -0.05605
   0.05761
  -0.01530
  -0.03866
   0.06318
  -0.03959
  -0.01414
   0.05711
  -0.05659
   0.01298
   0.04051
  -0.06316
   0.03771
   0.01645
  -0.05808
   0.05549
  -0.01065
  -0.04231
   0.06305
  -0.03578
  -0.01873
   0.05898
  -0.05432
   0.00830
   0.04404
  -0.06284
   0.03379
   0.02099
  -0.05979
   0.05306
  -0.00593
  -0.04571
   0.06255
  -0.03176
  -0.02321
   0.06052
  -0.05174
   0.00356
   0.04732
  -0.06218
   0.02969
   0.02541
  -0.06116
   0.05034
  -0.00119
  -0.04886
   0.06171
  -0.02757
  -0.02757
   0.06171
  -0.04886
  -0.00119
   0.05034
  -0.06116
   0.02541
   0.02969
  -0.06218
   0.04732
   0.00356
  -0.05174
   0.06052
  -0.02321
  -0.03176
   0.06255
  -0.04571
  -0.00593
   0.05306
  -0.05979
   0.02099
   0.03379
  -0.06284
   0.04404
   0.00830
  -0.05432
   0.05898
  -0.01873
  -0.03578
   0.06305
  -0.04231
  -0.01065
   0.05549
  -0.05808
   0.01645
   0.03771
  -0.06316
   0.04051
   0.01298
  -0.05659
   0.05711
  -0.01414
  -0.03959
   0.06318
  -0.03866
  -0.01530
   0.05761
  -0.05605
   0.01182
   0.04142
  -0.06311
   0.03675
   0.01759
  -0.05854
   0.05491
  -0.00947
  -0.04318
   0.06296
  -0.03479
  -0.01986
   0.05939
  -0.05370
   0.00712
   0.04489
  -0.06271
   0.03278
   0.02211
  -0.06016
   0.05241
  -0.00475
  -0.04653
   0.06238
  -0.03073
  -0.02432
   0.06085
  -0.05105
   0.00238
   0.04810
  -0.06195
   0.02863
   0.02649
  -0.06144
   0.04961
  -0.00000
  -0.04961
   0.06144
  -0.02649
  -0.02863
   0.06195
  -0.04810
  -0.00238
   0.05105
  -0.06085
   0.02432
   0.03073
  -0.06238
   0.04653
   0.00475
  -0.05241
   0.06016
  -0.02211
  -0.03278
   0.06271
  -0.04489
  -0.00712
   0.05370
  -0.05939
   0.01986
   0.03479
  -0.06296
   0.04318
   0.00947
  -0.05491
   0.05854
  -0.01759
  -0.03675
   0.06311
  -0.04142
  -0.01182
   0.05605
  -0.05761
   0.01530
   0.03866
  -0.06318
   0.03959
   0.01414
  -0.05711
   0.05659
  -0.01298
  -0.04051
   0.06316
  -0.03771
  -0.01645
   0.05808
  -0.05549
   0.01065
   0.04231
  -0.06305
   0.03578
   0.01873
  -0.05898
   0.05432
  -0.00830
  -0.04404
   0.06284
  -0.03379
  -0.02099
   0.05979
  -0.05306
   0.00593
   0.04571
  -0.06255
   0.03176
   0.02321
  -0.06052
   0.05174
  -0.00356
  -0.04732
   0.06218
  -0.02969
  -0.02541
   0.06116
  -0.05034
   0.00119
   0.04886
  -0.06171
   0.02757
   0.02757
  -0.06171
   0.04886
   0.00119
  -0.05034
   0.06116
  -0.02541
  -0.02969
   0.06218
  -0.04732
  -0.00356
   0.05174
  -0.06052
   0.02321
   0.03176
  -0.06255
   0.04571
   0.00593
  -0.05306
   0.05979
  -0.02099
  -0.03379
   0.06284
  -0.04404
  -0.00830
   0.05432
  -0.05898
   0.01873
   0.03578
  -0.06305
   0.04231
   0.01065
  -0.05549
   0.05808
  -0.01645
  -0.03771
   0.06316
  -0.04051
  -0.01298
   0.05659
  -0.05711
   0.01414
   0.03959
  -0.06318
   0.03866
   0.01530
  -0.05761
   0.05605
  -0.01182
  -0.04142
   0.06311
  -0.03675
  -0.01759
   0.05854
  -0.05491
   0.00947
   0.04318
  -0.06296
   0.03479
   0.01986
  -0.05939
   0.05370
  -0.00712
  -0.04489
   0.06271
  -0.03278
  -0.02211
   0.06016
  -0.05241
   0.00475
   0.04653
  -0.06238
   0.03073
   0.02432
  -0.06085
   0.05105
  -0.00238
  -0.04810
   0.06195
  -0.02863
  -0.02649
   0.06144
  -0.04961
