   0.06074
  -0.03346
  -0.04231
   0.05676
   0.01104
  -0.06284
   0.02358
   0.04985
  -0.05105
  -0.02173
   0.06302
  -0.01298
  -0.05587
   0.04376
   0.03176
  -0.06125
   0.00198
   0.06016
  -0.03512
  -0.04081
   0.05761
   0.00908
  -0.06261
   0.02541
   0.04861
  -0.05219
  -0.01986
   0.06313
  -0.01491
  -0.05491
   0.04516
   0.03003
  -0.06171
   0.00396
   0.05953
  -0.03675
  -0.03928
   0.05839
   0.00712
  -0.06231
   0.02721
   0.04732
  -0.05328
  -0.01797
   0.06318
  -0.01683
  -0.05391
   0.04653
   0.02828
  -0.06210
   0.00593
   0.05884
  -0.03835
  -0.03771
   0.05912
   0.00514
  -0.06195
   0.02898
   0.04599
  -0.05432
  -0.01607
   0.06317
  -0.01873
  -0.05285
   0.04784
   0.02649
  -0.06244
   0.00790
   0.05808
  -0.03990
  -0.03610
   0.05979
   0.00317
  -0.06153
   0.03073
   0.04461
  -0.05530
  -0.01414
   0.06309
  -0.02061
  -0.05174
   0.04911
   0.02468
  -0.06271
   0.00986
   0.05728
  -0.04142
  -0.03446
   0.06040
   0.00119
  -0.06106
   0.03245
   0.04318
  -0.05623
  -0.01220
   0.06296
  -0.02248
  -0.05057
   0.05034
   0.02285
  -0.06292
   0.01182
   0.05641
  -0.04289
  -0.03278
   0.06095
  -0.00079
  -0.06052
   0.03413
   0.04171
  -0.05711
  -0.01026
   0.06276
  -0.02432
  -0.04936
   0.05151
   0.02099
  -0.06307
   0.01376
   0.05549
  -0.04433
  -0.03108
   0.06144
  -0.00277
  -0.05992
   0.03578
   0.04021
  -0.05793
  -0.00830
   0.06250
  -0.02613
  -0.04810
   0.05263
   0.01911
  -0.06316
   0.01568
   0.05452
  -0.04571
  -0.02934
   0.06187
  -0.00475
  -0.05926
   0.03739
   0.03866
  -0.05869
  -0.00633
   0.06218
  -0.02792
  -0.04679
   0.05370
   0.01721
  -0.06318
   0.01759
   0.05349
  -0.04706
  -0.02757
   0.06225
  -0.00672
  -0.05854
   0.03897
   0.03707
  -0.05939
  -0.00435
   0.06179
  -0.02969
  -0.04544
   0.05472
   0.01530
  -0.06314
   0.01949
   0.05241
  -0.04836
  -0.02577
   0.06255
  -0.00869
  -0.05777
   0.04051
   0.03545
  -0.06004
  -0.00238
   0.06135
  -0.03142
  -0.04404
   0.05568
   0.01337
  -0.06305
   0.02136
   0.05128
  -0.04961
  -0.02395
   0.06280
  -0.01065
  -0.05694
   0.04201
   0.03379
  -0.06063
  -0.00040
   0.06085
  -0.03312
  -0.04260
   0.05659
   0.01143
  -0.06288
   0.02321
   0.05010
  -0.05081
  -0.02211
   0.06299
  -0.01259
  -0.05605
   0.04347
   0.03210
  -0.06116
   0.00158
   0.06028
  -0.03479
  -0.04112
   0.05744
   0.00947
  -0.06266
   0.02505
   0.04886
  -0.05196
  -0.02024
   0.06311
  -0.01453
  -0.05511
   0.04489
   0.03038
  -0.06162
   0.00356
   0.05966
  -0.03643
  -0.03959
   0.05824
   0.00751
  -0.06238
   0.02685
   0.04758
  -0.05306
  -0.01835
   0.06317
  -0.01645
  -0.05411
   0.04626
   0.02863
  -0.06203
   0.00554
   0.05898
  -0.03803
  -0.03803
   0.05898
   0.00554
  -0.06203
   0.02863
   0.04626
  -0.05411
  -0.01645
   0.06317
  -0.01835
  -0.05306
   0.04758
   0.02685
  -0.06238
   0.00751
   0.05824
  -0.03959
  -0.03643
   0.05966
   0.00356
  -0.06162
   0.03038
   0.04489
  -0.05511
  -0.01453
   0.06311
  -0.02024
  -0.05196
   0.04886
   0.02505
  -0.06266
   0.00947
   0.05744
  -0.04112
  -0.03479
   0.06028
   0.00158
  -0.06116
   0.03210
   0.04347
  -0.05605
  -0.01259
   0.06299
  -0.02211
  -0.05081
   0.05010
   0.02321
  -0.06288
   0.01143
   0.05659
  -0.04260
  -0.03312
   0.06085
  -0.00040
  -0.06063
   0.03379
   0.04201
  -0.05694
  -0.01065
   0.06280
  -0.02395
  -0.04961
   0.05128
   0.02136
  -0.06305
   0.01337
   0.05568
  -0.04404
  -0.03142
   0.06135
  -0.00238
  -0.06004
   0.03545
   0.04051
  -0.05777
  -0.00869
   0.06255
  -0.02577
  -0.04836
   0.05241
   0.01949
  -0.06314
   0.01530
   0.05472
  -0.04544
  -0.02969
   0.06179
  -0.00435
  -0.05939
   0.03707
   0.03897
  -0.05854
  -0.00672
   0.06225
  -0.02757
  -0.04706
   0.05349
   0.01759
  -0.06318
   0.01721
   0.05370
  -0.04679
  -0.02792
   0.06218
  -0.00633
  -0.05869
   0.03866
   0.03739
  -0.05926
  -0.00475
   0.06187
  -0.02934
  -0.04571
   0.05452
   0.01568
  -0.06316
   0.01911
   0.05263
  -0.04810
  -0.02613
   0.06250
  -0.00830
  -0.05793
   0.04021
   0.03578
  -0.05992
  -0.00277
   0.06144
  -0.03108
  -0.04433
   0.05549
   0.01376
  -0.06307
   0.02099
   0.05151
  -0.04936
  -0.02432
   0.06276
  -0.01026
  -0.05711
   0.04171
   0.03413
  -0.06052
  -0.00079
   0.06095
  -0.03278
  -0.04289
   0.05641
   0.01182
  -0.06292
   0.02285
   0.05034
  -0.05057
  -0.02248
   0.06296
  -0.01220
  -0.05623
   0.04318
   0.03245
  -0.06106
   0.00119
   0.06040
  -0.03446
  -0.04142
   0.05728
   0.00986
  -0.06271
   0.02468
   0.04911
  -0.05174
  -0.02061
   0.06309
  -0.01414
  -0.05530
   0.04461
   0.03073
  -0.06153
   0.00317
   0.05979
  -0.03610
  -0.03990
   0.05808
   0.00790
  -0.06244
   0.02649
   0.04784
  -0.05285
  -0.01873
   0.06317
  -0.01607
  -0.05432
   0.04599
   0.02898
  -0.06195
   0.00514
   0.05912
  -0.03771
  -0.03835
   0.05884
   0.00593
  -0.06210
   0.02828
   0.04653
  -0.05391
  -0.01683
   0.06318
  -0.01797
  -0.05328
   0.04732
   0.02721
  -0.06231
   0.00712
   0.05839
  -0.03928
  -0.03675
   0.05953
   0.00396
  -0.06171
   0.03003
   0.04516
  -0.05491
  -0.01491
   0.06313
  -0.01986
  -0.05219
   0.04861
   0.02541
  -0.06261
   0.00908
   0.05761
  -0.04081
  -0.03512
   0.06016
   0.00198
  -0.06125
   0.03176
   0.04376
  -0.05587
  -0.01298
   0.06302
  -0.02173
  -0.05105
   0.04985
   0.02358
  -0.06284
   0.01104
   0.05676
  -0.04231
  -0.03346
   0.06074
