   0.13785
   0.05536
  -0.11562
  -0.10180
   0.07473
   0.13181
  -0.02180
  -0.14057
  -0.03466
   0.12665
   0.08552
  -0.09230
  -0.12259
   0.04307
   0.13989
   0.01311
  -0.13462
  -0.06718
   0.10764
   0.11041
  -0.06330
  -0.13583
   0.00875
   0.13934
   0.04721
  -0.12038
  -0.09556
   0.08200
   0.12849
  -0.03040
  -0.14070
  -0.02611
   0.13022
   0.07841
  -0.09873
  -0.11806
   0.05131
   0.13867
   0.00438
  -0.13691
  -0.05936
   0.11307
   0.10477
  -0.07099
  -0.13328
   0.01746
   0.14029
   0.03888
  -0.12468
  -0.08895
   0.08895
   0.12468
  -0.03888
  -0.14029
  -0.01746
   0.13328
   0.07099
  -0.10477
  -0.11307
   0.05936
   0.13691
  -0.00438
  -0.13867
  -0.05131
   0.11806
   0.09873
  -0.07841
  -0.13022
   0.02611
   0.14070
   0.03040
  -0.12849
  -0.08200
   0.09556
   0.12038
  -0.04721
  -0.13934
  -0.00875
   0.13583
   0.06330
  -0.11041
  -0.10764
   0.06718
   0.13462
  -0.01311
  -0.13989
  -0.04307
   0.12259
   0.09230
  -0.08552
  -0.12665
   0.03466
   0.14057
   0.02180
  -0.13181
  -0.07473
   0.10180
   0.11562
  -0.05536
  -0.13785
