   0.04307
  -0.08200
   0.11307
  -0.13328
   0.14070
  -0.13462
   0.11562
  -0.08552
   0.04721
  -0.00438
  -0.03888
   0.07841
  -0.11041
   0.13181
  -0.14057
   0.13583
  -0.11806
   0.08895
  -0.05131
   0.00875
   0.03466
  -0.07473
   0.10764
  -0.13022
   0.14029
  -0.13691
   0.12038
  -0.09230
   0.05536
  -0.01311
  -0.03040
   0.07099
  -0.10477
   0.12849
  -0.13989
   0.13785
  -0.12259
   0.09556
  -0.05936
   0.01746
   0.02611
  -0.06718
   0.10180
  -0.12665
   0.13934
  -0.13867
   0.12468
  -0.09873
   0.06330
  -0.02180
  -0.02180
   0.06330
  -0.09873
   0.12468
  -0.13867
   0.13934
  -0.12665
   0.10180
  -0.06718
   0.02611
   0.01746
  -0.05936
   0.09556
  -0.12259
   0.13785
  -0.13989
   0.12849
  -0.10477
   0.07099
  -0.03040
  -0.01311
   0.05536
  -0.09230
   0.12038
  -0.13691
   0.14029
  -0.13022
   0.10764
  -0.07473
   0.03466
   0.00875
  -0.05131
   0.08895
  -0.11806
   0.13583
  -0.14057
   0.13181
  -0.11041
   0.07841
  -0.03888
  -0.00438
   0.04721
  -0.08552
   0.11562
  -0.13462
   0.14070
  -0.13328
   0.11307
  -0.08200
   0.04307
