  -0.01941
   0.19189
   0.09132
  -0.15767
  -0.15041
   0.10130
   0.18838
  -0.03070
  -0.19988
  -0.04420
   0.18332
   0.11290
  -0.14100
  -0.16575
   0.07889
   0.19531
  -0.00569
  -0.19744
  -0.06830
   0.17185
   0.13270
  -0.12211
  -0.17847
   0.05523
   0.19917
   0.01941
  -0.19189
  -0.09132
   0.15767
   0.15041
  -0.10130
  -0.18838
   0.03070
   0.19988
   0.04420
  -0.18332
  -0.11290
   0.14100
   0.16575
  -0.07889
  -0.19531
   0.00569
   0.19744
   0.06830
  -0.17185
  -0.13270
   0.12211
   0.17847
  -0.05523
  -0.19917
