  -0.13943
   0.00348
   0.13435
  -0.19936
   0.15630
  -0.02852
  -0.11472
   0.19577
  -0.17071
   0.05310
   0.09328
  -0.18911
   0.18242
  -0.07685
  -0.07037
   0.17945
  -0.19126
   0.09939
   0.04636
  -0.16697
   0.19708
  -0.12036
  -0.02161
   0.15186
  -0.19979
   0.13943
  -0.00348
  -0.13435
   0.19936
  -0.15630
   0.02852
   0.11472
  -0.19577
   0.17071
  -0.05310
  -0.09328
   0.18911
  -0.18242
   0.07685
   0.07037
  -0.17945
   0.19126
  -0.09939
  -0.04636
   0.16697
  -0.19708
   0.12036
   0.02161
  -0.15186
   0.19979
