   0.18718
   0.14810
   0.08823
   0.01596
  -0.05855
  -0.12484
  -0.17359
  -0.19797
  -0.19454
  -0.16378
  -0.11003
  -0.04082
   0.03412
   0.10427
   0.15978
   0.19284
   0.19882
   0.17688
   0.13009
   0.06503
  -0.00916
  -0.08206
  -0.14344
  -0.18467
  -0.19997
  -0.18718
  -0.14810
  -0.08823
  -0.01596
   0.05855
   0.12484
   0.17359
   0.19797
   0.19454
   0.16378
   0.11003
   0.04082
  -0.03412
  -0.10427
  -0.15978
  -0.19284
  -0.19882
  -0.17688
  -0.13009
  -0.06503
   0.00916
   0.08206
   0.14344
   0.18467
   0.19997
