   0.19225
   0.17250
   0.14191
   0.10240
   0.05646
   0.00698
  -0.04295
  -0.09018
  -0.13174
  -0.16503
  -0.18794
  -0.19905
  -0.19764
  -0.18383
  -0.15845
  -0.12313
  -0.08007
  -0.03197
   0.01813
   0.06709
   0.11184
   0.14956
   0.17789
   0.19503
   0.19992
   0.19225
   0.17250
   0.14191
   0.10240
   0.05646
   0.00698
  -0.04295
  -0.09018
  -0.13174
  -0.16503
  -0.18794
  -0.19905
  -0.19764
  -0.18383
  -0.15845
  -0.12313
  -0.08007
  -0.03197
   0.01813
   0.06709
   0.11184
   0.14956
   0.17789
   0.19503
   0.19992
