  -0.18350
   0.12249
  -0.03117
  -0.06786
   0.15010
  -0.19521
   0.19203
  -0.14134
   0.05568
   0.04374
  -0.13235
   0.18822
  -0.19752
   0.15796
  -0.07932
  -0.01894
   0.11251
  -0.17825
   0.19990
  -0.17209
   0.10171
  -0.00616
  -0.09090
   0.16548
  -0.19912
   0.18350
  -0.12249
   0.03117
   0.06786
  -0.15010
   0.19521
  -0.19203
   0.14134
  -0.05568
  -0.04374
   0.13235
  -0.18822
   0.19752
  -0.15796
   0.07932
   0.01894
  -0.11251
   0.17825
  -0.19990
   0.17209
  -0.10171
   0.00616
   0.09090
  -0.16548
   0.19912
