  -0.05758
   0.10340
  -0.14273
   0.17309
  -0.19257
   0.19995
  -0.19477
   0.17735
  -0.14879
   0.11087
  -0.06600
   0.01697
   0.03312
  -0.08113
   0.12404
  -0.15916
   0.18428
  -0.19782
   0.19893
  -0.18754
   0.16436
  -0.13086
   0.08914
  -0.04181
  -0.00814
   0.05758
  -0.10340
   0.14273
  -0.17309
   0.19257
  -0.19995
   0.19477
  -0.17735
   0.14879
  -0.11087
   0.06600
  -0.01697
  -0.03312
   0.08113
  -0.12404
   0.15916
  -0.18428
   0.19782
  -0.19893
   0.18754
  -0.16436
   0.13086
  -0.08914
   0.04181
   0.00814
