  -0.14339
   0.19997
  -0.14816
   0.01603
   0.12478
  -0.19796
   0.16383
  -0.04089
  -0.10421
   0.19282
  -0.17691
   0.06511
   0.08199
  -0.18464
   0.18721
  -0.08829
  -0.05848
   0.17356
  -0.19455
   0.11009
   0.03405
  -0.15973
   0.19883
  -0.13015
  -0.00908
   0.14339
  -0.19997
   0.14816
  -0.01603
  -0.12478
   0.19796
  -0.16383
   0.04089
   0.10421
  -0.19282
   0.17691
  -0.06511
  -0.08199
   0.18464
  -0.18721
   0.08829
   0.05848
  -0.17356
   0.19455
  -0.11009
  -0.03405
   0.15973
  -0.19883
   0.13015
   0.00908
