  -0.18043
   0.16953
  -0.00125
  -0.16820
   0.18149
  -0.02630
  -0.15331
   0.19059
  -0.05094
  -0.13600
   0.19669
  -0.07478
  -0.11655
   0.19968
  -0.09744
  -0.09526
   0.19952
  -0.11856
  -0.07247
   0.19622
  -0.13781
  -0.04853
   0.18982
  -0.15489
  -0.02383
   0.18043
  -0.16953
   0.00125
   0.16820
  -0.18149
   0.02630
   0.15331
  -0.19059
   0.05094
   0.13600
  -0.19669
   0.07478
   0.11655
  -0.19968
   0.09744
   0.09526
  -0.19952
   0.11856
   0.07247
  -0.19622
   0.13781
   0.04853
  -0.18982
   0.15489
   0.02383
