  -0.13935
  -0.19979
  -0.15193
  -0.02172
   0.12027
   0.19706
   0.16703
   0.04647
  -0.09929
  -0.19123
  -0.17950
  -0.07048
   0.07675
   0.18238
   0.18914
   0.09338
  -0.05300
  -0.17065
  -0.19580
  -0.11481
   0.02841
   0.15623
   0.19937
   0.13443
  -0.00337
  -0.13935
  -0.19979
  -0.15193
  -0.02172
   0.12027
   0.19706
   0.16703
   0.04647
  -0.09929
  -0.19123
  -0.17950
  -0.07048
   0.07675
   0.18238
   0.18914
   0.09338
  -0.05300
  -0.17065
  -0.19580
  -0.11481
   0.02841
   0.15623
   0.19937
   0.13443
  -0.00337
