  -0.17787
  -0.15848
   0.04291
   0.19502
   0.12316
  -0.09014
  -0.19992
  -0.08010
   0.13171
   0.19226
   0.03201
  -0.16500
  -0.17252
   0.01809
   0.18793
   0.14194
  -0.06706
  -0.19904
  -0.10244
   0.11181
   0.19765
   0.05650
  -0.14954
  -0.18384
  -0.00702
   0.17787
   0.15848
  -0.04291
  -0.19502
  -0.12316
   0.09014
   0.19992
   0.08010
  -0.13171
  -0.19226
  -0.03201
   0.16500
   0.17252
  -0.01809
  -0.18793
  -0.14194
   0.06706
   0.19904
   0.10244
  -0.11181
  -0.19765
  -0.05650
   0.14954
   0.18384
   0.00702
