   0.05513
   0.10121
   0.14093
   0.17179
   0.19186
   0.19988
   0.19533
   0.17851
   0.15048
   0.11299
   0.06840
   0.01951
  -0.03060
  -0.07879
  -0.12203
  -0.15761
  -0.18327
  -0.19743
  -0.19918
  -0.18841
  -0.16580
  -0.13278
  -0.09142
  -0.04430
   0.00559
   0.05513
   0.10121
   0.14093
   0.17179
   0.19186
   0.19988
   0.19533
   0.17851
   0.15048
   0.11299
   0.06840
   0.01951
  -0.03060
  -0.07879
  -0.12203
  -0.15761
  -0.18327
  -0.19743
  -0.19918
  -0.18841
  -0.16580
  -0.13278
  -0.09142
  -0.04430
   0.00559
