   0.02519
   0.19017
  -0.09646
  -0.15403
   0.15418
   0.09625
  -0.19025
  -0.02495
   0.19960
  -0.04985
  -0.18091
   0.11765
   0.13682
  -0.16893
  -0.07351
   0.19648
  -0.00012
  -0.19643
   0.07374
   0.16880
  -0.13700
  -0.11746
   0.18102
   0.04962
  -0.19961
   0.02519
   0.19017
  -0.09646
  -0.15403
   0.15418
   0.09625
  -0.19025
  -0.02495
   0.19960
  -0.04985
  -0.18091
   0.11765
   0.13682
  -0.16893
  -0.07351
   0.19648
  -0.00012
  -0.19643
   0.07374
   0.16880
  -0.13700
  -0.11746
   0.18102
   0.04962
  -0.19961
