   0.15411
  -0.19646
   0.09634
   0.07363
  -0.19021
   0.16886
  -0.02506
  -0.13692
   0.19960
  -0.11755
  -0.04975
   0.18097
  -0.18096
   0.04973
   0.11757
  -0.19961
   0.13690
   0.02508
  -0.16887
   0.19021
  -0.07362
  -0.09636
   0.19646
  -0.15410
  -0.00001
   0.15411
  -0.19646
   0.09634
   0.07363
  -0.19021
   0.16886
  -0.02506
  -0.13692
   0.19960
  -0.11755
  -0.04975
   0.18097
  -0.18096
   0.04973
   0.11757
  -0.19961
   0.13690
   0.02508
  -0.16887
   0.19021
  -0.07362
  -0.09636
   0.19646
  -0.15410
  -0.00001
