  -0.08628
  -0.10611
   0.20000
  -0.10821
  -0.08403
   0.19826
  -0.12844
  -0.06062
   0.19340
  -0.14664
  -0.03625
   0.18549
  -0.16253
  -0.01132
   0.17466
  -0.17586
   0.01380
   0.16107
  -0.18641
   0.03870
   0.14494
  -0.19402
   0.06299
   0.12652
  -0.19858
   0.08628
   0.10611
  -0.20000
   0.10821
   0.08403
  -0.19826
   0.12844
   0.06062
  -0.19340
   0.14664
   0.03625
  -0.18549
   0.16253
   0.01132
  -0.17466
   0.17586
  -0.01380
  -0.16107
   0.18641
  -0.03870
  -0.14494
   0.19402
  -0.06299
  -0.12652
   0.19858
