   0.18139
  -0.15347
  -0.05070
   0.19664
  -0.11675
  -0.09722
   0.19954
  -0.07270
  -0.13763
   0.18990
  -0.02408
  -0.16940
   0.16833
   0.02606
  -0.19052
   0.13618
   0.07455
  -0.19967
   0.09548
   0.11836
  -0.19627
   0.04877
   0.15474
  -0.18054
  -0.00100
   0.18139
  -0.15347
  -0.05070
   0.19664
  -0.11675
  -0.09722
   0.19954
  -0.07270
  -0.13763
   0.18990
  -0.02408
  -0.16940
   0.16833
   0.02606
  -0.19052
   0.13618
   0.07455
  -0.19967
   0.09548
   0.11836
  -0.19627
   0.04877
   0.15474
  -0.18054
  -0.00100
