  -0.07881
   0.14095
  -0.18328
   0.19988
  -0.18840
   0.15047
  -0.09140
   0.01949
   0.05515
  -0.12205
   0.17181
  -0.19743
   0.19533
  -0.16579
   0.11297
  -0.04428
  -0.03062
   0.10123
  -0.15762
   0.19187
  -0.19917
   0.17850
  -0.13276
   0.06838
   0.00561
  -0.07881
   0.14095
  -0.18328
   0.19988
  -0.18840
   0.15047
  -0.09140
   0.01949
   0.05515
  -0.12205
   0.17181
  -0.19743
   0.19533
  -0.16579
   0.11297
  -0.04428
  -0.03062
   0.10123
  -0.15762
   0.19187
  -0.19917
   0.17850
  -0.13276
   0.06838
   0.00561
