   0.14346
   0.00919
  -0.13006
  -0.19882
  -0.15980
  -0.03416
   0.11000
   0.19453
   0.17361
   0.05859
  -0.08819
  -0.18717
  -0.18469
  -0.08209
   0.06500
   0.17686
   0.19285
   0.10430
  -0.04078
  -0.16376
  -0.19797
  -0.12487
   0.01592
   0.14808
   0.19997
   0.14346
   0.00919
  -0.13006
  -0.19882
  -0.15980
  -0.03416
   0.11000
   0.19453
   0.17361
   0.05859
  -0.08819
  -0.18717
  -0.18469
  -0.08209
   0.06500
   0.17686
   0.19285
   0.10430
  -0.04078
  -0.16376
  -0.19797
  -0.12487
   0.01592
   0.14808
   0.19997
