  -0.05206
  -0.16756
   0.15562
   0.07138
  -0.19974
   0.05206
   0.16756
  -0.15562
  -0.07138
   0.19974
  -0.05206
  -0.16756
   0.15562
   0.07138
  -0.19974
   0.05206
   0.16756
  -0.15562
  -0.07138
   0.19974
  -0.05206
  -0.16756
   0.15562
   0.07138
  -0.19974
   0.05206
   0.16756
  -0.15562
  -0.07138
   0.19974
  -0.05206
  -0.16756
   0.15562
   0.07138
  -0.19974
   0.05206
   0.16756
  -0.15562
  -0.07138
   0.19974
  -0.05206
  -0.16756
   0.15562
   0.07138
  -0.19974
   0.05206
   0.16756
  -0.15562
  -0.07138
   0.19974
