   0.19831
   0.19349
   0.18561
   0.17481
   0.16126
   0.14516
   0.12677
   0.10638
   0.08432
   0.06092
   0.03657
   0.01164
  -0.01348
  -0.03838
  -0.06268
  -0.08599
  -0.10794
  -0.12819
  -0.14642
  -0.16234
  -0.17570
  -0.18629
  -0.19394
  -0.19854
  -0.20000
  -0.19831
  -0.19349
  -0.18561
  -0.17481
  -0.16126
  -0.14516
  -0.12677
  -0.10638
  -0.08432
  -0.06092
  -0.03657
  -0.01164
   0.01348
   0.03838
   0.06268
   0.08599
   0.10794
   0.12819
   0.14642
   0.16234
   0.17570
   0.18629
   0.19394
   0.19854
   0.20000
