   0.19310
  -0.10919
  -0.12562
   0.18683
   0.01016
  -0.19310
   0.10919
   0.12562
  -0.18683
  -0.01016
   0.19310
  -0.10919
  -0.12562
   0.18683
   0.01016
  -0.19310
   0.10919
   0.12562
  -0.18683
  -0.01016
   0.19310
  -0.10919
  -0.12562
   0.18683
   0.01016
  -0.19310
   0.10919
   0.12562
  -0.18683
  -0.01016
   0.19310
  -0.10919
  -0.12562
   0.18683
   0.01016
  -0.19310
   0.10919
   0.12562
  -0.18683
  -0.01016
   0.19310
  -0.10919
  -0.12562
   0.18683
   0.01016
  -0.19310
   0.10919
   0.12562
  -0.18683
  -0.01016
