   0.13301
   0.14072
  -0.15068
  -0.12180
   0.16597
   0.10095
  -0.17865
  -0.07852
   0.18851
   0.05484
  -0.19540
  -0.03031
   0.19920
   0.00529
  -0.19987
   0.01981
   0.19738
  -0.04460
  -0.19178
   0.06868
   0.18315
  -0.09168
  -0.17164
   0.11324
   0.15742
  -0.13301
  -0.14072
   0.15068
   0.12180
  -0.16597
  -0.10095
   0.17865
   0.07852
  -0.18851
  -0.05484
   0.19540
   0.03031
  -0.19920
  -0.00529
   0.19987
  -0.01981
  -0.19738
   0.04460
   0.19178
  -0.06868
  -0.18315
   0.09168
   0.17164
  -0.11324
  -0.15742
