   0.15393
  -0.19959
   0.16901
  -0.07388
  -0.04947
   0.15393
  -0.19959
   0.16901
  -0.07388
  -0.04947
   0.15393
  -0.19959
   0.16901
  -0.07388
  -0.04947
   0.15393
  -0.19959
   0.16901
  -0.07388
  -0.04947
   0.15393
  -0.19959
   0.16901
  -0.07388
  -0.04947
   0.15393
  -0.19959
   0.16901
  -0.07388
  -0.04947
   0.15393
  -0.19959
   0.16901
  -0.07388
  -0.04947
   0.15393
  -0.19959
   0.16901
  -0.07388
  -0.04947
   0.15393
  -0.19959
   0.16901
  -0.07388
  -0.04947
   0.15393
  -0.19959
   0.16901
  -0.07388
  -0.04947
