  -0.09145
   0.12200
   0.19534
   0.04434
  -0.15758
  -0.17853
   0.00555
   0.18326
   0.15051
  -0.05509
  -0.19742
  -0.11302
   0.10118
   0.19918
   0.06844
  -0.14090
  -0.18842
  -0.01955
   0.17177
   0.16583
  -0.03056
  -0.19185
  -0.13281
   0.07876
   0.19988
   0.09145
  -0.12200
  -0.19534
  -0.04434
   0.15758
   0.17853
  -0.00555
  -0.18326
  -0.15051
   0.05509
   0.19742
   0.11302
  -0.10118
  -0.19918
  -0.06844
   0.14090
   0.18842
   0.01955
  -0.17177
  -0.16583
   0.03056
   0.19185
   0.13281
  -0.07876
  -0.19988
