   0.09726
   0.16942
   0.19967
   0.18052
   0.11671
   0.02403
  -0.07459
  -0.15476
  -0.19665
  -0.18989
  -0.13615
  -0.04873
   0.05075
   0.13767
   0.19053
   0.19626
   0.15344
   0.07266
  -0.02610
  -0.11840
  -0.18141
  -0.19954
  -0.16831
  -0.09544
   0.00104
   0.09726
   0.16942
   0.19967
   0.18052
   0.11671
   0.02403
  -0.07459
  -0.15476
  -0.19665
  -0.18989
  -0.13615
  -0.04873
   0.05075
   0.13767
   0.19053
   0.19626
   0.15344
   0.07266
  -0.02610
  -0.11840
  -0.18141
  -0.19954
  -0.16831
  -0.09544
   0.00104
