   0.15032
   0.19193
   0.05537
  -0.13260
  -0.19747
  -0.07902
   0.11279
   0.19989
   0.10142
  -0.09120
  -0.19915
  -0.12223
   0.06817
   0.19528
   0.14110
  -0.04407
  -0.18833
  -0.15776
   0.01927
   0.17840
   0.17192
   0.00583
  -0.16567
  -0.18337
  -0.03084
   0.15032
   0.19193
   0.05537
  -0.13260
  -0.19747
  -0.07902
   0.11279
   0.19989
   0.10142
  -0.09120
  -0.19915
  -0.12223
   0.06817
   0.19528
   0.14110
  -0.04407
  -0.18833
  -0.15776
   0.01927
   0.17840
   0.17192
   0.00583
  -0.16567
  -0.18337
  -0.03084
