   0.04994
  -0.19015
  -0.07382
   0.18088
   0.09653
  -0.16875
  -0.11773
   0.15397
   0.13706
  -0.13676
  -0.15424
   0.11739
   0.16898
  -0.09617
  -0.18105
   0.07343
   0.19028
  -0.04954
  -0.19650
   0.02486
   0.19962
   0.00021
  -0.19959
  -0.02527
   0.19642
   0.04994
  -0.19015
  -0.07382
   0.18088
   0.09653
  -0.16875
  -0.11773
   0.15397
   0.13706
  -0.13676
  -0.15424
   0.11739
   0.16898
  -0.09617
  -0.18105
   0.07343
   0.19028
  -0.04954
  -0.19650
   0.02486
   0.19962
   0.00021
  -0.19959
  -0.02527
   0.19642
