   0.08425
   0.12825
  -0.19347
   0.03650
   0.16239
  -0.17478
  -0.01355
   0.18632
  -0.14511
  -0.06275
   0.19855
  -0.10632
  -0.10801
   0.19830
  -0.06085
  -0.14647
   0.18559
  -0.01156
  -0.17574
   0.16122
   0.03845
  -0.19396
   0.12672
   0.08606
  -0.20000
   0.08425
   0.12825
  -0.19347
   0.03650
   0.16239
  -0.17478
  -0.01355
   0.18632
  -0.14511
  -0.06275
   0.19855
  -0.10632
  -0.10801
   0.19830
  -0.06085
  -0.14647
   0.18559
  -0.01156
  -0.17574
   0.16122
   0.03845
  -0.19396
   0.12672
   0.08606
  -0.20000
