  -0.18692
  -0.12541
   0.10942
   0.19303
   0.00988
  -0.18692
  -0.12541
   0.10942
   0.19303
   0.00988
  -0.18692
  -0.12541
   0.10942
   0.19303
   0.00988
  -0.18692
  -0.12541
   0.10942
   0.19303
   0.00988
  -0.18692
  -0.12541
   0.10942
   0.19303
   0.00988
  -0.18692
  -0.12541
   0.10942
   0.19303
   0.00988
  -0.18692
  -0.12541
   0.10942
   0.19303
   0.00988
  -0.18692
  -0.12541
   0.10942
   0.19303
   0.00988
  -0.18692
  -0.12541
   0.10942
   0.19303
   0.00988
  -0.18692
  -0.12541
   0.10942
   0.19303
   0.00988
