  -0.19366
  -0.06200
   0.18588
   0.08535
  -0.17516
  -0.10734
   0.16168
   0.12765
  -0.14565
  -0.14594
   0.12732
   0.16193
  -0.10699
  -0.17536
   0.08497
   0.18603
  -0.06160
  -0.19377
   0.03727
   0.19845
  -0.01235
  -0.20000
  -0.01277
   0.19840
   0.03768
  -0.19366
  -0.06200
   0.18588
   0.08535
  -0.17516
  -0.10734
   0.16168
   0.12765
  -0.14565
  -0.14594
   0.12732
   0.16193
  -0.10699
  -0.17536
   0.08497
   0.18603
  -0.06160
  -0.19377
   0.03727
   0.19845
  -0.01235
  -0.20000
  -0.01277
   0.19840
   0.03768
