   0.09882
   0.14129
   0.10717
   0.01495
  -0.08537
  -0.13941
  -0.11789
  -0.03246
   0.07056
   0.13534
   0.12675
   0.04946
  -0.05464
  -0.12912
  -0.13361
  -0.06567
   0.03787
   0.12088
   0.13837
   0.08085
  -0.02049
  -0.11072
  -0.14094
  -0.09476
   0.00279
   0.09882
   0.14129
   0.10717
   0.01495
  -0.08537
  -0.13941
  -0.11789
  -0.03246
   0.07056
   0.13534
   0.12675
   0.04946
  -0.05464
  -0.12912
  -0.13361
  -0.06567
   0.03787
   0.12088
   0.13837
   0.08085
  -0.02049
  -0.11072
  -0.14094
  -0.09476
   0.00279
   0.09882
   0.14129
   0.10717
   0.01495
  -0.08537
  -0.13941
  -0.11789
  -0.03246
   0.07056
   0.13534
   0.12675
   0.04946
  -0.05464
  -0.12912
  -0.13361
  -0.06567
   0.03787
   0.12088
   0.13837
   0.08085
  -0.02049
  -0.11072
  -0.14094
  -0.09476
   0.00279
   0.09882
   0.14129
   0.10717
   0.01495
  -0.08537
  -0.13941
  -0.11789
  -0.03246
   0.07056
   0.13534
   0.12675
   0.04946
  -0.05464
  -0.12912
  -0.13361
  -0.06567
   0.03787
   0.12088
   0.13837
   0.08085
  -0.02049
  -0.11072
  -0.14094
  -0.09476
   0.00279
