  -0.06021
  -0.10897
  -0.13698
  -0.13892
  -0.11441
  -0.06813
  -0.00888
   0.05206
   0.10309
   0.13450
   0.14031
   0.11941
   0.07578
   0.01773
  -0.04370
  -0.09681
  -0.13149
  -0.14114
  -0.12393
  -0.08313
  -0.02650
   0.03517
   0.09015
   0.12796
   0.14142
   0.12796
   0.09015
   0.03517
  -0.02650
  -0.08313
  -0.12393
  -0.14114
  -0.13149
  -0.09681
  -0.04370
   0.01772
   0.07578
   0.11941
   0.14031
   0.13450
   0.10309
   0.05206
  -0.00888
  -0.06813
  -0.11441
  -0.13892
  -0.13698
  -0.10897
  -0.06021
  -0.00000
   0.06021
   0.10897
   0.13698
   0.13892
   0.11441
   0.06813
   0.00888
  -0.05206
  -0.10309
  -0.13450
  -0.14031
  -0.11941
  -0.07578
  -0.01773
   0.04370
   0.09681
   0.13149
   0.14114
   0.12393
   0.08313
   0.02650
  -0.03517
  -0.09015
  -0.12796
  -0.14142
  -0.12796
  -0.09015
  -0.03517
   0.02650
   0.08313
   0.12393
   0.14114
   0.13149
   0.09681
   0.04370
  -0.01772
  -0.07578
  -0.11941
  -0.14031
  -0.13450
  -0.10309
  -0.05206
   0.00888
   0.06813
   0.11441
   0.13892
   0.13698
   0.10897
   0.06021
   0.00000
