   0.00384
   0.03027
   0.05562
   0.07900
   0.09958
   0.11663
   0.12955
   0.13788
   0.14133
   0.13977
   0.13326
   0.12203
   0.10648
   0.08715
   0.06474
   0.04003
   0.01390
  -0.01271
  -0.03888
  -0.06367
  -0.08620
  -0.10569
  -0.12142
  -0.13286
  -0.13959
  -0.14137
  -0.13814
  -0.13003
  -0.11730
  -0.10042
  -0.07998
  -0.05671
  -0.03143
  -0.00504
   0.02153
   0.04734
   0.07147
   0.09307
   0.11138
   0.12573
   0.13564
   0.14074
   0.14085
   0.13597
   0.12628
   0.11211
   0.09397
   0.07250
   0.04847
   0.02271
  -0.00384
  -0.03027
  -0.05562
  -0.07900
  -0.09958
  -0.11663
  -0.12955
  -0.13788
  -0.14133
  -0.13977
  -0.13326
  -0.12203
  -0.10648
  -0.08715
  -0.06474
  -0.04003
  -0.01390
   0.01271
   0.03888
   0.06367
   0.08620
   0.10569
   0.12142
   0.13286
   0.13959
   0.14137
   0.13814
   0.13003
   0.11730
   0.10042
   0.07998
   0.05671
   0.03143
   0.00504
  -0.02153
  -0.04734
  -0.07147
  -0.09307
  -0.11138
  -0.12573
  -0.13564
  -0.14074
  -0.14085
  -0.13597
  -0.12628
  -0.11211
  -0.09397
  -0.07250
  -0.04847
  -0.02271
