  -0.03261
  -0.13840
  -0.08524
   0.06581
   0.14128
   0.05450
  -0.09487
  -0.13529
  -0.02034
   0.11797
   0.12080
  -0.01511
  -0.13366
  -0.09871
   0.04960
   0.14095
   0.07043
  -0.08098
  -0.13939
  -0.03772
   0.10727
   0.12906
   0.00264
  -0.12682
  -0.11063
   0.03261
   0.13840
   0.08524
  -0.06581
  -0.14128
  -0.05450
   0.09487
   0.13529
   0.02034
  -0.11797
  -0.12080
   0.01511
   0.13366
   0.09871
  -0.04960
  -0.14095
  -0.07043
   0.08098
   0.13939
   0.03772
  -0.10727
  -0.12906
  -0.00264
   0.12682
   0.11063
  -0.03261
  -0.13840
  -0.08524
   0.06581
   0.14128
   0.05450
  -0.09487
  -0.13529
  -0.02034
   0.11797
   0.12080
  -0.01511
  -0.13366
  -0.09871
   0.04960
   0.14095
   0.07043
  -0.08098
  -0.13939
  -0.03772
   0.10727
   0.12906
   0.00264
  -0.12682
  -0.11063
   0.03261
   0.13840
   0.08524
  -0.06581
  -0.14128
  -0.05450
   0.09487
   0.13529
   0.02034
  -0.11797
  -0.12080
   0.01511
   0.13366
   0.09871
  -0.04960
  -0.14095
  -0.07043
   0.08098
   0.13939
   0.03772
  -0.10727
  -0.12906
  -0.00264
   0.12682
   0.11063
