   0.13112
   0.10241
   0.05931
   0.00789
  -0.04465
  -0.09091
  -0.12441
  -0.14043
  -0.13673
  -0.11382
  -0.07493
  -0.02552
   0.02748
   0.07662
   0.11499
   0.13722
   0.14018
   0.12345
   0.08938
   0.04275
  -0.00987
  -0.06111
  -0.10377
  -0.13185
  -0.14142
  -0.13112
  -0.10241
  -0.05931
  -0.00789
   0.04465
   0.09091
   0.12441
   0.14043
   0.13673
   0.11382
   0.07493
   0.02552
  -0.02748
  -0.07662
  -0.11499
  -0.13722
  -0.14018
  -0.12345
  -0.08938
  -0.04275
   0.00987
   0.06111
   0.10377
   0.13185
   0.14142
   0.13112
   0.10241
   0.05931
   0.00789
  -0.04465
  -0.09091
  -0.12441
  -0.14043
  -0.13673
  -0.11382
  -0.07493
  -0.02552
   0.02748
   0.07662
   0.11499
   0.13722
   0.14018
   0.12345
   0.08938
   0.04275
  -0.00987
  -0.06111
  -0.10377
  -0.13185
  -0.14142
  -0.13112
  -0.10241
  -0.05931
  -0.00789
   0.04465
   0.09091
   0.12441
   0.14043
   0.13673
   0.11382
   0.07493
   0.02552
  -0.02748
  -0.07662
  -0.11499
  -0.13722
  -0.14018
  -0.12345
  -0.08938
  -0.04275
   0.00987
   0.06111
   0.10377
   0.13185
   0.14142
