  -0.07004
  -0.12056
  -0.14126
  -0.12701
  -0.08135
  -0.01555
   0.05409
   0.11035
   0.13931
   0.13381
   0.09520
   0.03305
  -0.03729
  -0.09839
  -0.13516
  -0.13849
  -0.10756
  -0.05002
   0.01989
   0.08489
   0.12888
   0.14099
   0.11822
   0.06620
  -0.00219
  -0.07004
  -0.12056
  -0.14126
  -0.12701
  -0.08135
  -0.01555
   0.05409
   0.11035
   0.13931
   0.13381
   0.09520
   0.03305
  -0.03729
  -0.09839
  -0.13516
  -0.13849
  -0.10756
  -0.05002
   0.01989
   0.08489
   0.12888
   0.14099
   0.11822
   0.06620
  -0.00219
  -0.07004
  -0.12056
  -0.14126
  -0.12701
  -0.08135
  -0.01555
   0.05409
   0.11035
   0.13931
   0.13381
   0.09520
   0.03305
  -0.03729
  -0.09839
  -0.13516
  -0.13849
  -0.10756
  -0.05002
   0.01989
   0.08489
   0.12888
   0.14099
   0.11822
   0.06620
  -0.00219
  -0.07004
  -0.12056
  -0.14126
  -0.12701
  -0.08135
  -0.01555
   0.05409
   0.11035
   0.13931
   0.13381
   0.09520
   0.03305
  -0.03729
  -0.09839
  -0.13516
  -0.13849
  -0.10756
  -0.05002
   0.01989
   0.08489
   0.12888
   0.14099
   0.11822
   0.06620
  -0.00219
