   0.09723
  -0.01830
  -0.06762
   0.12771
  -0.13902
   0.09723
  -0.01830
  -0.06762
   0.12771
  -0.13902
   0.09723
  -0.01830
  -0.06762
   0.12771
  -0.13902
   0.09723
  -0.01830
  -0.06762
   0.12771
  -0.13902
   0.09723
  -0.01830
  -0.06762
   0.12771
  -0.13902
   0.09723
  -0.01830
  -0.06762
   0.12771
  -0.13902
   0.09723
  -0.01830
  -0.06762
   0.12771
  -0.13902
   0.09723
  -0.01830
  -0.06762
   0.12771
  -0.13902
   0.09723
  -0.01830
  -0.06762
   0.12771
  -0.13902
   0.09723
  -0.01830
  -0.06762
   0.12771
  -0.13902
   0.09723
  -0.01830
  -0.06762
   0.12771
  -0.13902
   0.09723
  -0.01830
  -0.06762
   0.12771
  -0.13902
   0.09723
  -0.01830
  -0.06762
   0.12771
  -0.13902
   0.09723
  -0.01830
  -0.06762
   0.12771
  -0.13902
   0.09723
  -0.01830
  -0.06762
   0.12771
  -0.13902
   0.09723
  -0.01830
  -0.06762
   0.12771
  -0.13902
   0.09723
  -0.01830
  -0.06762
   0.12771
  -0.13902
   0.09723
  -0.01830
  -0.06762
   0.12771
  -0.13902
   0.09723
  -0.01830
  -0.06762
   0.12771
  -0.13902
   0.09723
  -0.01830
  -0.06762
   0.12771
  -0.13902
