   0.13723
  -0.12442
   0.10379
  -0.07664
   0.04467
  -0.00990
  -0.02549
   0.05929
  -0.08935
   0.11381
  -0.13111
   0.14017
  -0.14043
   0.13186
  -0.11501
   0.09093
  -0.06114
   0.02750
   0.00786
  -0.04273
   0.07491
  -0.10239
   0.12343
  -0.13672
   0.14142
  -0.13723
   0.12442
  -0.10379
   0.07664
  -0.04467
   0.00990
   0.02549
  -0.05929
   0.08935
  -0.11381
   0.13111
  -0.14017
   0.14043
  -0.13186
   0.11501
  -0.09093
   0.06114
  -0.02750
  -0.00786
   0.04273
  -0.07491
   0.10239
  -0.12343
   0.13672
  -0.14142
   0.13723
  -0.12442
   0.10379
  -0.07664
   0.04467
  -0.00990
  -0.02549
   0.05929
  -0.08935
   0.11381
  -0.13111
   0.14017
  -0.14043
   0.13186
  -0.11501
   0.09093
  -0.06114
   0.02750
   0.00786
  -0.04273
   0.07491
  -0.10239
   0.12343
  -0.13672
   0.14142
  -0.13723
   0.12442
  -0.10379
   0.07664
  -0.04467
   0.00990
   0.02549
  -0.05929
   0.08935
  -0.11381
   0.13111
  -0.14017
   0.14043
  -0.13186
   0.11501
  -0.09093
   0.06114
  -0.02750
  -0.00786
   0.04273
  -0.07491
   0.10239
  -0.12343
   0.13672
  -0.14142
