   0.03491
   0.06790
   0.09662
   0.11926
   0.13442
   0.14113
   0.13897
   0.12807
   0.10914
   0.08334
   0.05231
   0.01799
  -0.01746
  -0.05181
  -0.08291
  -0.10880
  -0.12785
  -0.13887
  -0.14116
  -0.13458
  -0.11955
  -0.09700
  -0.06836
  -0.03543
  -0.00027
   0.03491
   0.06790
   0.09662
   0.11926
   0.13442
   0.14113
   0.13897
   0.12807
   0.10914
   0.08334
   0.05231
   0.01799
  -0.01746
  -0.05181
  -0.08291
  -0.10880
  -0.12785
  -0.13887
  -0.14116
  -0.13458
  -0.11955
  -0.09700
  -0.06836
  -0.03543
  -0.00027
   0.03491
   0.06790
   0.09662
   0.11926
   0.13442
   0.14113
   0.13897
   0.12807
   0.10914
   0.08334
   0.05231
   0.01799
  -0.01746
  -0.05181
  -0.08291
  -0.10880
  -0.12785
  -0.13887
  -0.14116
  -0.13458
  -0.11955
  -0.09700
  -0.06836
  -0.03543
  -0.00027
   0.03491
   0.06790
   0.09662
   0.11926
   0.13442
   0.14113
   0.13897
   0.12807
   0.10914
   0.08334
   0.05231
   0.01799
  -0.01746
  -0.05181
  -0.08291
  -0.10880
  -0.12785
  -0.13887
  -0.14116
  -0.13458
  -0.11955
  -0.09700
  -0.06836
  -0.03543
  -0.00027
