  -0.12286
  -0.07392
  -0.00669
   0.06219
   0.11568
   0.14056
   0.13067
   0.08845
   0.02435
  -0.04578
  -0.10458
  -0.13751
  -0.13642
  -0.10158
  -0.04162
   0.02865
   0.09182
   0.13228
   0.14002
   0.11311
   0.05823
  -0.01106
  -0.07762
  -0.12497
  -0.14140
  -0.12286
  -0.07392
  -0.00669
   0.06219
   0.11568
   0.14056
   0.13067
   0.08845
   0.02435
  -0.04578
  -0.10458
  -0.13751
  -0.13642
  -0.10158
  -0.04162
   0.02865
   0.09182
   0.13228
   0.14002
   0.11311
   0.05823
  -0.01106
  -0.07762
  -0.12497
  -0.14140
  -0.12286
  -0.07392
  -0.00669
   0.06219
   0.11568
   0.14056
   0.13067
   0.08845
   0.02435
  -0.04578
  -0.10458
  -0.13751
  -0.13642
  -0.10158
  -0.04162
   0.02865
   0.09182
   0.13228
   0.14002
   0.11311
   0.05823
  -0.01106
  -0.07762
  -0.12497
  -0.14140
  -0.12286
  -0.07392
  -0.00669
   0.06219
   0.11568
   0.14056
   0.13067
   0.08845
   0.02435
  -0.04578
  -0.10458
  -0.13751
  -0.13642
  -0.10158
  -0.04162
   0.02865
   0.09182
   0.13228
   0.14002
   0.11311
   0.05823
  -0.01106
  -0.07762
  -0.12497
  -0.14140
