  -0.02714
   0.12361
   0.10354
  -0.05962
  -0.14039
  -0.02714
   0.12361
   0.10354
  -0.05962
  -0.14039
  -0.02714
   0.12361
   0.10354
  -0.05962
  -0.14039
  -0.02714
   0.12361
   0.10354
  -0.05962
  -0.14039
  -0.02714
   0.12361
   0.10354
  -0.05962
  -0.14039
  -0.02714
   0.12361
   0.10354
  -0.05962
  -0.14039
  -0.02714
   0.12361
   0.10354
  -0.05962
  -0.14039
  -0.02714
   0.12361
   0.10354
  -0.05962
  -0.14039
  -0.02714
   0.12361
   0.10354
  -0.05962
  -0.14039
  -0.02714
   0.12361
   0.10354
  -0.05962
  -0.14039
  -0.02714
   0.12361
   0.10354
  -0.05962
  -0.14039
  -0.02714
   0.12361
   0.10354
  -0.05962
  -0.14039
  -0.02714
   0.12361
   0.10354
  -0.05962
  -0.14039
  -0.02714
   0.12361
   0.10354
  -0.05962
  -0.14039
  -0.02714
   0.12361
   0.10354
  -0.05962
  -0.14039
  -0.02714
   0.12361
   0.10354
  -0.05962
  -0.14039
  -0.02714
   0.12361
   0.10354
  -0.05962
  -0.14039
  -0.02714
   0.12361
   0.10354
  -0.05962
  -0.14039
  -0.02714
   0.12361
   0.10354
  -0.05962
  -0.14039
  -0.02714
   0.12361
   0.10354
  -0.05962
  -0.14039
