   0.10023
   0.13963
   0.06391
  -0.06450
  -0.13973
  -0.09977
   0.02245
   0.12616
   0.12586
   0.02180
  -0.10023
  -0.13963
  -0.06391
   0.06450
   0.13973
   0.09977
  -0.02245
  -0.12616
  -0.12586
  -0.02180
   0.10023
   0.13963
   0.06391
  -0.06450
  -0.13973
  -0.09977
   0.02245
   0.12616
   0.12586
   0.02180
  -0.10023
  -0.13963
  -0.06391
   0.06450
   0.13973
   0.09977
  -0.02245
  -0.12616
  -0.12586
  -0.02180
   0.10023
   0.13963
   0.06391
  -0.06450
  -0.13973
  -0.09977
   0.02245
   0.12616
   0.12586
   0.02180
  -0.10023
  -0.13963
  -0.06391
   0.06450
   0.13973
   0.09977
  -0.02245
  -0.12616
  -0.12586
  -0.02180
   0.10023
   0.13963
   0.06391
  -0.06450
  -0.13973
  -0.09977
   0.02245
   0.12616
   0.12586
   0.02180
  -0.10023
  -0.13963
  -0.06391
   0.06450
   0.13973
   0.09977
  -0.02245
  -0.12616
  -0.12586
  -0.02180
   0.10023
   0.13963
   0.06391
  -0.06450
  -0.13973
  -0.09977
   0.02245
   0.12616
   0.12586
   0.02180
  -0.10023
  -0.13963
  -0.06391
   0.06450
   0.13973
   0.09977
  -0.02245
  -0.12616
  -0.12586
  -0.02180
