   0.05416
   0.01548
  -0.08128
   0.12698
  -0.14127
   0.12060
  -0.07010
   0.00226
   0.06614
  -0.11818
   0.14098
  -0.12891
   0.08495
  -0.01997
  -0.04995
   0.10751
  -0.13847
   0.13518
  -0.09845
   0.03736
   0.03297
  -0.09515
   0.13378
  -0.13932
   0.11040
  -0.05416
  -0.01548
   0.08128
  -0.12698
   0.14127
  -0.12060
   0.07010
  -0.00226
  -0.06614
   0.11818
  -0.14098
   0.12891
  -0.08495
   0.01997
   0.04995
  -0.10751
   0.13847
  -0.13518
   0.09845
  -0.03736
  -0.03297
   0.09515
  -0.13378
   0.13932
  -0.11040
   0.05416
   0.01548
  -0.08128
   0.12698
  -0.14127
   0.12060
  -0.07010
   0.00226
   0.06614
  -0.11818
   0.14098
  -0.12891
   0.08495
  -0.01997
  -0.04995
   0.10751
  -0.13847
   0.13518
  -0.09845
   0.03736
   0.03297
  -0.09515
   0.13378
  -0.13932
   0.11040
  -0.05416
  -0.01548
   0.08128
  -0.12698
   0.14127
  -0.12060
   0.07010
  -0.00226
  -0.06614
   0.11818
  -0.14098
   0.12891
  -0.08495
   0.01997
   0.04995
  -0.10751
   0.13847
  -0.13518
   0.09845
  -0.03736
  -0.03297
   0.09515
  -0.13378
   0.13932
  -0.11040
