   0.04982
  -0.09504
   0.12692
  -0.14097
   0.13522
  -0.11048
   0.07023
  -0.02011
  -0.03284
   0.08117
  -0.11810
   0.13845
  -0.13935
   0.12068
  -0.08506
   0.03749
   0.01534
  -0.06601
   0.10742
  -0.13374
   0.14127
  -0.12897
   0.09855
  -0.05429
   0.00241
   0.04982
  -0.09504
   0.12692
  -0.14097
   0.13522
  -0.11048
   0.07023
  -0.02011
  -0.03284
   0.08117
  -0.11810
   0.13845
  -0.13935
   0.12068
  -0.08506
   0.03749
   0.01534
  -0.06601
   0.10742
  -0.13374
   0.14127
  -0.12897
   0.09855
  -0.05429
   0.00241
   0.04982
  -0.09504
   0.12692
  -0.14097
   0.13522
  -0.11048
   0.07023
  -0.02011
  -0.03284
   0.08117
  -0.11810
   0.13845
  -0.13935
   0.12068
  -0.08506
   0.03749
   0.01534
  -0.06601
   0.10742
  -0.13374
   0.14127
  -0.12897
   0.09855
  -0.05429
   0.00241
   0.04982
  -0.09504
   0.12692
  -0.14097
   0.13522
  -0.11048
   0.07023
  -0.02011
  -0.03284
   0.08117
  -0.11810
   0.13845
  -0.13935
   0.12068
  -0.08506
   0.03749
   0.01534
  -0.06601
   0.10742
  -0.13374
   0.14127
  -0.12897
   0.09855
  -0.05429
   0.00241
