  -0.14038
  -0.04315
   0.12420
   0.08970
  -0.09059
  -0.12365
   0.04425
   0.14023
   0.00831
  -0.13712
  -0.05969
   0.11475
   0.10270
  -0.07626
  -0.13128
   0.02707
   0.14142
   0.02593
  -0.13170
  -0.07529
   0.10349
   0.11407
  -0.06073
  -0.13683
   0.00945
   0.14038
   0.04315
  -0.12420
  -0.08970
   0.09059
   0.12365
  -0.04425
  -0.14023
  -0.00831
   0.13712
   0.05969
  -0.11475
  -0.10270
   0.07626
   0.13128
  -0.02707
  -0.14142
  -0.02593
   0.13170
   0.07529
  -0.10349
  -0.11407
   0.06073
   0.13683
  -0.00945
  -0.14038
  -0.04315
   0.12420
   0.08970
  -0.09059
  -0.12365
   0.04425
   0.14023
   0.00831
  -0.13712
  -0.05969
   0.11475
   0.10270
  -0.07626
  -0.13128
   0.02707
   0.14142
   0.02593
  -0.13170
  -0.07529
   0.10349
   0.11407
  -0.06073
  -0.13683
   0.00945
   0.14038
   0.04315
  -0.12420
  -0.08970
   0.09059
   0.12365
  -0.04425
  -0.14023
  -0.00831
   0.13712
   0.05969
  -0.11475
  -0.10270
   0.07626
   0.13128
  -0.02707
  -0.14142
  -0.02593
   0.13170
   0.07529
  -0.10349
  -0.11407
   0.06073
   0.13683
  -0.00945
