   0.11351
  -0.14049
   0.09131
   0.00736
  -0.10205
   0.14141
  -0.10412
   0.01039
   0.08897
  -0.14011
   0.11530
  -0.02799
  -0.07449
   0.13659
  -0.12465
   0.04514
   0.05884
  -0.13092
   0.13204
  -0.06158
  -0.04226
   0.12319
  -0.13735
   0.07705
   0.02501
  -0.11351
   0.14049
  -0.09131
  -0.00736
   0.10205
  -0.14141
   0.10412
  -0.01039
  -0.08897
   0.14011
  -0.11530
   0.02799
   0.07449
  -0.13659
   0.12465
  -0.04514
  -0.05884
   0.13092
  -0.13204
   0.06158
   0.04226
  -0.12319
   0.13735
  -0.07705
  -0.02501
   0.11351
  -0.14049
   0.09131
   0.00736
  -0.10205
   0.14141
  -0.10412
   0.01039
   0.08897
  -0.14011
   0.11530
  -0.02799
  -0.07449
   0.13659
  -0.12465
   0.04514
   0.05884
  -0.13092
   0.13204
  -0.06158
  -0.04226
   0.12319
  -0.13735
   0.07705
   0.02501
  -0.11351
   0.14049
  -0.09131
  -0.00736
   0.10205
  -0.14141
   0.10412
  -0.01039
  -0.08897
   0.14011
  -0.11530
   0.02799
   0.07449
  -0.13659
   0.12465
  -0.04514
  -0.05884
   0.13092
  -0.13204
   0.06158
   0.04226
  -0.12319
   0.13735
  -0.07705
  -0.02501
