   0.11471
  -0.00939
  -0.10274
   0.14037
  -0.07621
  -0.04321
   0.13130
  -0.12418
   0.02700
   0.08975
  -0.14142
   0.09054
   0.02599
  -0.12368
   0.13168
  -0.04419
  -0.07534
   0.14024
  -0.10344
  -0.00837
   0.11411
  -0.13711
   0.06068
   0.05975
  -0.13685
   0.11471
  -0.00939
  -0.10274
   0.14037
  -0.07621
  -0.04321
   0.13130
  -0.12418
   0.02700
   0.08975
  -0.14142
   0.09054
   0.02599
  -0.12368
   0.13168
  -0.04419
  -0.07534
   0.14024
  -0.10344
  -0.00837
   0.11411
  -0.13711
   0.06068
   0.05975
  -0.13685
   0.11471
  -0.00939
  -0.10274
   0.14037
  -0.07621
  -0.04321
   0.13130
  -0.12418
   0.02700
   0.08975
  -0.14142
   0.09054
   0.02599
  -0.12368
   0.13168
  -0.04419
  -0.07534
   0.14024
  -0.10344
  -0.00837
   0.11411
  -0.13711
   0.06068
   0.05975
  -0.13685
   0.11471
  -0.00939
  -0.10274
   0.14037
  -0.07621
  -0.04321
   0.13130
  -0.12418
   0.02700
   0.08975
  -0.14142
   0.09054
   0.02599
  -0.12368
   0.13168
  -0.04419
  -0.07534
   0.14024
  -0.10344
  -0.00837
   0.11411
  -0.13711
   0.06068
   0.05975
  -0.13685
