   0.13386
   0.11322
   0.08149
   0.04178
  -0.00202
  -0.04562
  -0.08475
  -0.11559
  -0.13511
  -0.14141
  -0.13386
  -0.11322
  -0.08149
  -0.04178
   0.00202
   0.04562
   0.08475
   0.11559
   0.13511
   0.14141
   0.13386
   0.11322
   0.08149
   0.04178
  -0.00202
  -0.04562
  -0.08475
  -0.11559
  -0.13511
  -0.14141
  -0.13386
  -0.11322
  -0.08149
  -0.04178
   0.00202
   0.04562
   0.08475
   0.11559
   0.13511
   0.14141
   0.13386
   0.11322
   0.08149
   0.04178
  -0.00202
  -0.04562
  -0.08475
  -0.11559
  -0.13511
  -0.14141
  -0.13386
  -0.11322
  -0.08149
  -0.04178
   0.00202
   0.04562
   0.08475
   0.11559
   0.13511
   0.14141
   0.13386
   0.11322
   0.08149
   0.04178
  -0.00202
  -0.04562
  -0.08475
  -0.11559
  -0.13511
  -0.14141
  -0.13386
  -0.11322
  -0.08149
  -0.04178
   0.00202
   0.04562
   0.08475
   0.11559
   0.13511
   0.14141
   0.13386
   0.11322
   0.08149
   0.04178
  -0.00202
  -0.04562
  -0.08475
  -0.11559
  -0.13511
  -0.14141
  -0.13386
  -0.11322
  -0.08149
  -0.04178
   0.00202
   0.04562
   0.08475
   0.11559
   0.13511
   0.14141
