  -0.13846
   0.06233
   0.10746
  -0.11578
  -0.04987
   0.14058
  -0.02005
  -0.13061
   0.08501
   0.08833
  -0.12894
  -0.02419
   0.14098
  -0.04593
  -0.11813
   0.10468
   0.06606
  -0.13754
   0.00235
   0.13638
  -0.07018
  -0.10147
   0.12065
   0.04146
  -0.14127
   0.02880
   0.12695
  -0.09194
  -0.08122
   0.13234
   0.01539
  -0.13999
   0.05424
   0.11302
  -0.11045
  -0.05808
   0.13934
  -0.01122
  -0.13376
   0.07775
   0.09509
  -0.12504
  -0.03289
   0.14140
  -0.03744
  -0.12278
   0.09851
   0.07379
  -0.13521
  -0.00654
   0.13846
  -0.06233
  -0.10746
   0.11578
   0.04987
  -0.14058
   0.02005
   0.13061
  -0.08501
  -0.08833
   0.12894
   0.02419
  -0.14098
   0.04593
   0.11813
  -0.10468
  -0.06606
   0.13754
  -0.00235
  -0.13638
   0.07018
   0.10147
  -0.12065
  -0.04146
   0.14127
  -0.02880
  -0.12695
   0.09194
   0.08122
  -0.13234
  -0.01539
   0.13999
  -0.05424
  -0.11302
   0.11045
   0.05808
  -0.13934
   0.01122
   0.13376
  -0.07775
  -0.09509
   0.12504
   0.03289
  -0.14140
   0.03744
   0.12278
  -0.09851
  -0.07379
   0.13521
   0.00654
