  -0.03931
   0.09341
  -0.12973
   0.14136
  -0.12607
   0.08680
  -0.03099
  -0.03071
   0.08656
  -0.12594
   0.14135
  -0.12985
   0.09363
  -0.03960
  -0.02198
   0.07937
  -0.12165
   0.14078
  -0.13311
   0.10010
  -0.04804
  -0.01316
   0.07186
  -0.11688
   0.13966
  -0.13585
   0.10618
  -0.05630
  -0.00429
   0.06407
  -0.11165
   0.13798
  -0.13805
   0.11184
  -0.06434
   0.00459
   0.05603
  -0.10598
   0.13576
  -0.13970
   0.11705
  -0.07212
   0.01346
   0.04777
  -0.09990
   0.13301
  -0.14081
   0.12180
  -0.07961
   0.02227
   0.03931
  -0.09341
   0.12973
  -0.14136
   0.12607
  -0.08680
   0.03099
   0.03071
  -0.08656
   0.12594
  -0.14135
   0.12985
  -0.09363
   0.03960
   0.02198
  -0.07937
   0.12165
  -0.14078
   0.13311
  -0.10010
   0.04804
   0.01316
  -0.07186
   0.11688
  -0.13966
   0.13585
  -0.10618
   0.05630
   0.00429
  -0.06407
   0.11165
  -0.13798
   0.13805
  -0.11184
   0.06434
  -0.00459
  -0.05603
   0.10598
  -0.13576
   0.13970
  -0.11705
   0.07212
  -0.01346
  -0.04777
   0.09990
  -0.13301
   0.14081
  -0.12180
   0.07961
  -0.02227
