  -0.13879
  -0.06870
   0.09633
   0.12824
  -0.01708
  -0.13879
  -0.06870
   0.09633
   0.12824
  -0.01708
  -0.13879
  -0.06870
   0.09633
   0.12824
  -0.01708
  -0.13879
  -0.06870
   0.09633
   0.12824
  -0.01708
  -0.13879
  -0.06870
   0.09633
   0.12824
  -0.01708
  -0.13879
  -0.06870
   0.09633
   0.12824
  -0.01708
  -0.13879
  -0.06870
   0.09633
   0.12824
  -0.01708
  -0.13879
  -0.06870
   0.09633
   0.12824
  -0.01708
  -0.13879
  -0.06870
   0.09633
   0.12824
  -0.01708
  -0.13879
  -0.06870
   0.09633
   0.12824
  -0.01708
  -0.13879
  -0.06870
   0.09633
   0.12824
  -0.01708
  -0.13879
  -0.06870
   0.09633
   0.12824
  -0.01708
  -0.13879
  -0.06870
   0.09633
   0.12824
  -0.01708
  -0.13879
  -0.06870
   0.09633
   0.12824
  -0.01708
  -0.13879
  -0.06870
   0.09633
   0.12824
  -0.01708
  -0.13879
  -0.06870
   0.09633
   0.12824
  -0.01708
  -0.13879
  -0.06870
   0.09633
   0.12824
  -0.01708
  -0.13879
  -0.06870
   0.09633
   0.12824
  -0.01708
  -0.13879
  -0.06870
   0.09633
   0.12824
  -0.01708
  -0.13879
  -0.06870
   0.09633
   0.12824
  -0.01708
