  -0.07577
  -0.12796
  -0.14031
  -0.10897
  -0.04371
   0.03516
   0.10309
   0.13892
   0.13149
   0.08313
   0.00889
  -0.06812
  -0.12393
  -0.14114
  -0.11442
  -0.05207
   0.02649
   0.09681
   0.13698
   0.13450
   0.09015
   0.01773
  -0.06021
  -0.11940
  -0.14142
  -0.11941
  -0.06022
   0.01772
   0.09014
   0.13450
   0.13698
   0.09681
   0.02651
  -0.05206
  -0.11441
  -0.14114
  -0.12393
  -0.06814
   0.00887
   0.08312
   0.13149
   0.13892
   0.10310
   0.03518
  -0.04370
  -0.10896
  -0.14031
  -0.12796
  -0.07578
  -0.00001
   0.07577
   0.12796
   0.14031
   0.10897
   0.04371
  -0.03516
  -0.10309
  -0.13892
  -0.13149
  -0.08313
  -0.00889
   0.06812
   0.12393
   0.14114
   0.11442
   0.05207
  -0.02649
  -0.09681
  -0.13698
  -0.13450
  -0.09015
  -0.01773
   0.06021
   0.11940
   0.14142
   0.11941
   0.06022
  -0.01772
  -0.09014
  -0.13450
  -0.13698
  -0.09681
  -0.02651
   0.05206
   0.11441
   0.14114
   0.12393
   0.06814
  -0.00887
  -0.08312
  -0.13149
  -0.13892
  -0.10310
  -0.03518
   0.04370
   0.10896
   0.14031
   0.12796
   0.07578
   0.00001
