  -0.11757
  -0.04892
   0.03841
   0.11108
   0.14131
   0.11757
   0.04892
  -0.03841
  -0.11108
  -0.14131
  -0.11757
  -0.04892
   0.03841
   0.11108
   0.14131
   0.11757
   0.04892
  -0.03841
  -0.11108
  -0.14131
  -0.11757
  -0.04892
   0.03841
   0.11108
   0.14131
   0.11757
   0.04892
  -0.03841
  -0.11108
  -0.14131
  -0.11757
  -0.04892
   0.03841
   0.11108
   0.14131
   0.11757
   0.04892
  -0.03841
  -0.11108
  -0.14131
  -0.11757
  -0.04892
   0.03841
   0.11108
   0.14131
   0.11757
   0.04892
  -0.03841
  -0.11108
  -0.14131
  -0.11757
  -0.04892
   0.03841
   0.11108
   0.14131
   0.11757
   0.04892
  -0.03841
  -0.11108
  -0.14131
  -0.11757
  -0.04892
   0.03841
   0.11108
   0.14131
   0.11757
   0.04892
  -0.03841
  -0.11108
  -0.14131
  -0.11757
  -0.04892
   0.03841
   0.11108
   0.14131
   0.11757
   0.04892
  -0.03841
  -0.11108
  -0.14131
  -0.11757
  -0.04892
   0.03841
   0.11108
   0.14131
   0.11757
   0.04892
  -0.03841
  -0.11108
  -0.14131
  -0.11757
  -0.04892
   0.03841
   0.11108
   0.14131
   0.11757
   0.04892
  -0.03841
  -0.11108
  -0.14131
