   0.13201
  -0.10211
  -0.04506
   0.14048
  -0.07457
  -0.07698
   0.14012
  -0.04234
  -0.10406
   0.13096
  -0.00745
  -0.12461
   0.11357
   0.02790
  -0.13733
   0.08904
   0.06150
  -0.14141
   0.05892
   0.09124
  -0.13662
   0.02509
   0.11525
  -0.12323
  -0.01031
   0.13201
  -0.10211
  -0.04506
   0.14048
  -0.07457
  -0.07698
   0.14012
  -0.04234
  -0.10406
   0.13096
  -0.00745
  -0.12461
   0.11357
   0.02790
  -0.13733
   0.08904
   0.06150
  -0.14141
   0.05892
   0.09124
  -0.13662
   0.02509
   0.11525
  -0.12323
  -0.01031
   0.13201
  -0.10211
  -0.04506
   0.14048
  -0.07457
  -0.07698
   0.14012
  -0.04234
  -0.10406
   0.13096
  -0.00745
  -0.12461
   0.11357
   0.02790
  -0.13733
   0.08904
   0.06150
  -0.14141
   0.05892
   0.09124
  -0.13662
   0.02509
   0.11525
  -0.12323
  -0.01031
   0.13201
  -0.10211
  -0.04506
   0.14048
  -0.07457
  -0.07698
   0.14012
  -0.04234
  -0.10406
   0.13096
  -0.00745
  -0.12461
   0.11357
   0.02790
  -0.13733
   0.08904
   0.06150
  -0.14141
   0.05892
   0.09124
  -0.13662
   0.02509
   0.11525
  -0.12323
  -0.01031
