  -0.08271
   0.14111
  -0.09718
  -0.01721
   0.11913
  -0.13466
   0.05254
   0.06768
  -0.13882
   0.10929
  -0.00051
  -0.10864
   0.13901
  -0.06858
  -0.05158
   0.13434
  -0.11968
   0.01823
   0.09643
  -0.14117
   0.08354
   0.03467
  -0.12774
   0.12818
  -0.03567
  -0.08271
   0.14111
  -0.09718
  -0.01721
   0.11913
  -0.13466
   0.05254
   0.06768
  -0.13882
   0.10929
  -0.00051
  -0.10864
   0.13901
  -0.06858
  -0.05158
   0.13434
  -0.11968
   0.01823
   0.09643
  -0.14117
   0.08354
   0.03467
  -0.12774
   0.12818
  -0.03567
  -0.08271
   0.14111
  -0.09718
  -0.01721
   0.11913
  -0.13466
   0.05254
   0.06768
  -0.13882
   0.10929
  -0.00051
  -0.10864
   0.13901
  -0.06858
  -0.05158
   0.13434
  -0.11968
   0.01823
   0.09643
  -0.14117
   0.08354
   0.03467
  -0.12774
   0.12818
  -0.03567
  -0.08271
   0.14111
  -0.09718
  -0.01721
   0.11913
  -0.13466
   0.05254
   0.06768
  -0.13882
   0.10929
  -0.00051
  -0.10864
   0.13901
  -0.06858
  -0.05158
   0.13434
  -0.11968
   0.01823
   0.09643
  -0.14117
   0.08354
   0.03467
  -0.12774
   0.12818
  -0.03567
