   0.11187
   0.13797
   0.06402
  -0.05636
  -0.13586
  -0.11685
  -0.01310
   0.10015
   0.14077
   0.07932
  -0.03966
  -0.12987
  -0.12591
  -0.03065
   0.08684
   0.14136
   0.09337
  -0.02233
  -0.12183
  -0.13299
  -0.04771
   0.07217
   0.13971
   0.10594
  -0.00465
  -0.11187
  -0.13797
  -0.06402
   0.05636
   0.13586
   0.11685
   0.01310
  -0.10015
  -0.14077
  -0.07932
   0.03966
   0.12987
   0.12591
   0.03065
  -0.08684
  -0.14136
  -0.09337
   0.02233
   0.12183
   0.13299
   0.04771
  -0.07217
  -0.13971
  -0.10594
   0.00465
   0.11187
   0.13797
   0.06402
  -0.05636
  -0.13586
  -0.11685
  -0.01310
   0.10015
   0.14077
   0.07932
  -0.03966
  -0.12987
  -0.12591
  -0.03065
   0.08684
   0.14136
   0.09337
  -0.02233
  -0.12183
  -0.13299
  -0.04771
   0.07217
   0.13971
   0.10594
  -0.00465
  -0.11187
  -0.13797
  -0.06402
   0.05636
   0.13586
   0.11685
   0.01310
  -0.10015
  -0.14077
  -0.07932
   0.03966
   0.12987
   0.12591
   0.03065
  -0.08684
  -0.14136
  -0.09337
   0.02233
   0.12183
   0.13299
   0.04771
  -0.07217
  -0.13971
  -0.10594
   0.00465
