   0.10116
   0.00609
  -0.09228
  -0.14063
  -0.11275
  -0.02375
   0.07812
   0.13765
   0.12256
   0.04104
  -0.06273
  -0.13249
  -0.13044
  -0.05768
   0.04635
   0.12525
   0.13626
   0.07341
  -0.02924
  -0.11603
  -0.13993
  -0.08798
   0.01166
   0.10498
   0.14139
   0.10116
   0.00609
  -0.09228
  -0.14063
  -0.11275
  -0.02375
   0.07812
   0.13765
   0.12256
   0.04104
  -0.06273
  -0.13249
  -0.13044
  -0.05768
   0.04635
   0.12525
   0.13626
   0.07341
  -0.02924
  -0.11603
  -0.13993
  -0.08798
   0.01166
   0.10498
   0.14139
   0.10116
   0.00609
  -0.09228
  -0.14063
  -0.11275
  -0.02375
   0.07812
   0.13765
   0.12256
   0.04104
  -0.06273
  -0.13249
  -0.13044
  -0.05768
   0.04635
   0.12525
   0.13626
   0.07341
  -0.02924
  -0.11603
  -0.13993
  -0.08798
   0.01166
   0.10498
   0.14139
   0.10116
   0.00609
  -0.09228
  -0.14063
  -0.11275
  -0.02375
   0.07812
   0.13765
   0.12256
   0.04104
  -0.06273
  -0.13249
  -0.13044
  -0.05768
   0.04635
   0.12525
   0.13626
   0.07341
  -0.02924
  -0.11603
  -0.13993
  -0.08798
   0.01166
   0.10498
   0.14139
