   0.13064
  -0.14057
   0.11573
  -0.06225
  -0.00662
   0.07386
  -0.12282
   0.14140
  -0.12500
   0.07768
  -0.01114
  -0.05816
   0.11307
  -0.14000
   0.13231
  -0.09188
   0.02872
   0.04154
  -0.10153
   0.13640
  -0.13752
   0.10463
  -0.04585
  -0.02427
   0.08839
  -0.13064
   0.14057
  -0.11573
   0.06225
   0.00662
  -0.07386
   0.12282
  -0.14140
   0.12500
  -0.07768
   0.01114
   0.05816
  -0.11307
   0.14000
  -0.13231
   0.09188
  -0.02872
  -0.04154
   0.10153
  -0.13640
   0.13752
  -0.10463
   0.04585
   0.02427
  -0.08839
   0.13064
  -0.14057
   0.11573
  -0.06225
  -0.00662
   0.07386
  -0.12282
   0.14140
  -0.12500
   0.07768
  -0.01114
  -0.05816
   0.11307
  -0.14000
   0.13231
  -0.09188
   0.02872
   0.04154
  -0.10153
   0.13640
  -0.13752
   0.10463
  -0.04585
  -0.02427
   0.08839
  -0.13064
   0.14057
  -0.11573
   0.06225
   0.00662
  -0.07386
   0.12282
  -0.14140
   0.12500
  -0.07768
   0.01114
   0.05816
  -0.11307
   0.14000
  -0.13231
   0.09188
  -0.02872
  -0.04154
   0.10153
  -0.13640
   0.13752
  -0.10463
   0.04585
   0.02427
  -0.08839
