  -0.13938
   0.13242
  -0.12077
   0.10484
  -0.08520
   0.06253
  -0.03766
   0.01145
   0.01517
  -0.04124
   0.06586
  -0.08815
   0.10731
  -0.12267
   0.13368
  -0.13996
   0.14128
  -0.13760
   0.12904
  -0.11591
   0.09867
  -0.07794
   0.05445
  -0.02903
   0.00258
   0.02397
  -0.04966
   0.07359
  -0.09492
   0.11288
  -0.12684
   0.13632
  -0.14096
   0.14061
  -0.13527
   0.12515
  -0.11059
   0.09211
  -0.07038
   0.04614
  -0.02028
  -0.00631
   0.03267
  -0.05787
   0.08103
  -0.10131
   0.11801
  -0.13052
   0.13841
  -0.14140
   0.13938
  -0.13242
   0.12077
  -0.10484
   0.08520
  -0.06253
   0.03766
  -0.01145
  -0.01517
   0.04124
  -0.06586
   0.08815
  -0.10731
   0.12267
  -0.13368
   0.13996
  -0.14128
   0.13760
  -0.12904
   0.11591
  -0.09867
   0.07794
  -0.05445
   0.02903
  -0.00258
  -0.02397
   0.04966
  -0.07359
   0.09492
  -0.11288
   0.12684
  -0.13632
   0.14096
  -0.14061
   0.13527
  -0.12515
   0.11059
  -0.09211
   0.07038
  -0.04614
   0.02028
   0.00631
  -0.03267
   0.05787
  -0.08103
   0.10131
  -0.11801
   0.13052
  -0.13841
   0.14140
