  -0.14035
  -0.13706
  -0.13161
  -0.12408
  -0.11460
  -0.10331
  -0.09039
  -0.07604
  -0.06050
  -0.04400
  -0.02681
  -0.00919
   0.00857
   0.02619
   0.04340
   0.05993
   0.07551
   0.08990
   0.10288
   0.11423
   0.12378
   0.13137
   0.13690
   0.14027
   0.14142
   0.14035
   0.13706
   0.13161
   0.12408
   0.11460
   0.10331
   0.09039
   0.07604
   0.06050
   0.04400
   0.02681
   0.00919
  -0.00857
  -0.02619
  -0.04340
  -0.05993
  -0.07551
  -0.08990
  -0.10288
  -0.11423
  -0.12378
  -0.13137
  -0.13690
  -0.14027
  -0.14142
  -0.14035
  -0.13706
  -0.13161
  -0.12408
  -0.11460
  -0.10331
  -0.09039
  -0.07604
  -0.06050
  -0.04400
  -0.02681
  -0.00919
   0.00857
   0.02619
   0.04340
   0.05993
   0.07551
   0.08990
   0.10288
   0.11423
   0.12378
   0.13137
   0.13690
   0.14027
   0.14142
   0.14035
   0.13706
   0.13161
   0.12408
   0.11460
   0.10331
   0.09039
   0.07604
   0.06050
   0.04400
   0.02681
   0.00919
  -0.00857
  -0.02619
  -0.04340
  -0.05993
  -0.07551
  -0.08990
  -0.10288
  -0.11423
  -0.12378
  -0.13137
  -0.13690
  -0.14027
  -0.14142
