  -0.13974
  -0.03911
   0.12993
   0.07168
  -0.11196
  -0.09975
   0.08696
   0.12155
  -0.05649
  -0.13571
   0.02247
   0.14134
   0.01295
  -0.13809
  -0.04757
   0.12617
   0.07920
  -0.10632
  -0.10585
   0.07978
   0.12585
  -0.04824
  -0.13794
   0.01366
   0.14136
   0.02177
  -0.13590
  -0.05584
   0.12191
   0.08640
  -0.10025
  -0.11153
   0.07230
   0.12965
  -0.03980
  -0.13962
   0.00480
   0.14083
   0.03050
  -0.13318
  -0.06389
   0.11717
   0.09326
  -0.09379
  -0.11677
   0.06452
   0.13294
  -0.03120
  -0.14076
  -0.00409
   0.13974
   0.03911
  -0.12993
  -0.07168
   0.11196
   0.09975
  -0.08696
  -0.12155
   0.05649
   0.13571
  -0.02247
  -0.14134
  -0.01295
   0.13809
   0.04757
  -0.12617
  -0.07920
   0.10632
   0.10585
  -0.07978
  -0.12585
   0.04824
   0.13794
  -0.01366
  -0.14136
  -0.02177
   0.13590
   0.05584
  -0.12191
  -0.08640
   0.10025
   0.11153
  -0.07230
  -0.12965
   0.03980
   0.13962
  -0.00480
  -0.14083
  -0.03050
   0.13318
   0.06389
  -0.11717
  -0.09326
   0.09379
   0.11677
  -0.06452
  -0.13294
   0.03120
   0.14076
   0.00409
