   0.07917
   0.11718
  -0.07917
  -0.11718
   0.07917
   0.11718
  -0.07917
  -0.11718
   0.07917
   0.11718
  -0.07917
  -0.11718
   0.07917
   0.11718
  -0.07917
  -0.11718
   0.07917
   0.11718
  -0.07917
  -0.11718
   0.07917
   0.11718
  -0.07917
  -0.11718
   0.07917
   0.11718
  -0.07917
  -0.11718
   0.07917
   0.11718
  -0.07917
  -0.11718
   0.07917
   0.11718
  -0.07917
  -0.11718
   0.07917
   0.11718
  -0.07917
  -0.11718
   0.07917
   0.11718
  -0.07917
  -0.11718
   0.07917
   0.11718
  -0.07917
  -0.11718
   0.07917
   0.11718
  -0.07917
  -0.11718
   0.07917
   0.11718
  -0.07917
  -0.11718
   0.07917
   0.11718
  -0.07917
  -0.11718
   0.07917
   0.11718
  -0.07917
  -0.11718
   0.07917
   0.11718
  -0.07917
  -0.11718
   0.07917
   0.11718
  -0.07917
  -0.11718
   0.07917
   0.11718
  -0.07917
  -0.11718
   0.07917
   0.11718
  -0.07917
  -0.11718
   0.07917
   0.11718
  -0.07917
  -0.11718
   0.07917
   0.11718
  -0.07917
  -0.11718
   0.07917
   0.11718
  -0.07917
  -0.11718
   0.07917
   0.11718
  -0.07917
  -0.11718
   0.07917
   0.11718
  -0.07917
  -0.11718
