  -0.09337
   0.13965
  -0.12183
   0.04809
   0.04771
  -0.12162
   0.13971
  -0.09368
   0.00464
   0.08652
  -0.13797
   0.12610
  -0.05635
  -0.03926
   0.11685
  -0.14081
   0.10014
  -0.01351
  -0.07932
   0.13575
  -0.12987
   0.06438
   0.03065
  -0.11162
   0.14136
  -0.10622
   0.02232
   0.07182
  -0.13299
   0.13313
  -0.07216
  -0.02192
   0.10595
  -0.14135
   0.11187
  -0.03105
  -0.06402
   0.12971
  -0.13586
   0.07966
   0.01311
  -0.09986
   0.14077
  -0.11708
   0.03965
   0.05598
  -0.12592
   0.13806
  -0.08684
  -0.00424
   0.09337
  -0.13965
   0.12183
  -0.04809
  -0.04771
   0.12162
  -0.13971
   0.09368
  -0.00464
  -0.08652
   0.13797
  -0.12610
   0.05635
   0.03926
  -0.11685
   0.14081
  -0.10014
   0.01351
   0.07932
  -0.13575
   0.12987
  -0.06438
  -0.03065
   0.11162
  -0.14136
   0.10622
  -0.02232
  -0.07182
   0.13299
  -0.13313
   0.07216
   0.02192
  -0.10595
   0.14135
  -0.11187
   0.03105
   0.06402
  -0.12971
   0.13586
  -0.07966
  -0.01311
   0.09986
  -0.14077
   0.11708
  -0.03965
  -0.05598
   0.12592
  -0.13806
   0.08684
   0.00424
