   0.11954
  -0.12381
  -0.00024
   0.12405
  -0.11928
  -0.00912
   0.12807
  -0.11427
  -0.01797
   0.13158
  -0.10881
  -0.02674
   0.13457
  -0.10292
  -0.03541
   0.13704
  -0.09663
  -0.04393
   0.13896
  -0.08996
  -0.05229
   0.14034
  -0.08293
  -0.06044
   0.14116
  -0.07557
  -0.06834
   0.14142
  -0.06792
  -0.07598
   0.14113
  -0.05999
  -0.08332
   0.14028
  -0.05183
  -0.09033
   0.13887
  -0.04347
  -0.09699
   0.13692
  -0.03493
  -0.10326
   0.13442
  -0.02626
  -0.10912
   0.13140
  -0.01748
  -0.11456
   0.12786
  -0.00864
  -0.11954
   0.12381
   0.00024
  -0.12405
   0.11928
   0.00912
  -0.12807
   0.11427
   0.01797
  -0.13158
   0.10881
   0.02674
  -0.13457
   0.10292
   0.03541
  -0.13704
   0.09663
   0.04393
  -0.13896
   0.08996
   0.05229
  -0.14034
   0.08293
   0.06044
  -0.14116
   0.07557
   0.06834
  -0.14142
   0.06792
   0.07598
  -0.14113
   0.05999
   0.08332
  -0.14028
   0.05183
   0.09033
  -0.13887
   0.04347
   0.09699
  -0.13692
   0.03493
   0.10326
  -0.13442
   0.02626
   0.10912
  -0.13140
   0.01748
   0.11456
  -0.12786
   0.00864
