  -0.03418
   0.06723
  -0.09606
   0.11885
  -0.13418
   0.14107
  -0.13910
   0.12839
  -0.10962
   0.08395
  -0.05301
   0.01874
   0.01671
  -0.05111
   0.08230
  -0.10831
   0.12752
  -0.13872
   0.14120
  -0.13481
   0.11995
  -0.09755
   0.06903
  -0.03616
   0.00102
   0.03418
  -0.06723
   0.09606
  -0.11885
   0.13418
  -0.14107
   0.13910
  -0.12839
   0.10962
  -0.08395
   0.05301
  -0.01874
  -0.01671
   0.05111
  -0.08230
   0.10831
  -0.12752
   0.13872
  -0.14120
   0.13481
  -0.11995
   0.09755
  -0.06903
   0.03616
  -0.00102
  -0.03418
   0.06723
  -0.09606
   0.11885
  -0.13418
   0.14107
  -0.13910
   0.12839
  -0.10962
   0.08395
  -0.05301
   0.01874
   0.01671
  -0.05111
   0.08230
  -0.10831
   0.12752
  -0.13872
   0.14120
  -0.13481
   0.11995
  -0.09755
   0.06903
  -0.03616
   0.00102
   0.03418
  -0.06723
   0.09606
  -0.11885
   0.13418
  -0.14107
   0.13910
  -0.12839
   0.10962
  -0.08395
   0.05301
  -0.01874
  -0.01671
   0.05111
  -0.08230
   0.10831
  -0.12752
   0.13872
  -0.14120
   0.13481
  -0.11995
   0.09755
  -0.06903
   0.03616
  -0.00102
