  -0.01715
   0.13468
   0.06763
  -0.10933
  -0.10860
   0.06863
   0.13432
  -0.01830
  -0.14118
  -0.03461
   0.12821
   0.08266
  -0.09723
  -0.11910
   0.05260
   0.13881
  -0.00058
  -0.13902
  -0.05152
   0.11971
   0.09639
  -0.08359
  -0.12772
   0.03573
   0.14110
   0.01715
  -0.13468
  -0.06763
   0.10933
   0.10860
  -0.06863
  -0.13432
   0.01830
   0.14118
   0.03461
  -0.12821
  -0.08266
   0.09723
   0.11910
  -0.05260
  -0.13881
   0.00058
   0.13902
   0.05152
  -0.11971
  -0.09639
   0.08359
   0.12772
  -0.03573
  -0.14110
  -0.01715
   0.13468
   0.06763
  -0.10933
  -0.10860
   0.06863
   0.13432
  -0.01830
  -0.14118
  -0.03461
   0.12821
   0.08266
  -0.09723
  -0.11910
   0.05260
   0.13881
  -0.00058
  -0.13902
  -0.05152
   0.11971
   0.09639
  -0.08359
  -0.12772
   0.03573
   0.14110
   0.01715
  -0.13468
  -0.06763
   0.10933
   0.10860
  -0.06863
  -0.13432
   0.01830
   0.14118
   0.03461
  -0.12821
  -0.08266
   0.09723
   0.11910
  -0.05260
  -0.13881
   0.00058
   0.13902
   0.05152
  -0.11971
  -0.09639
   0.08359
   0.12772
  -0.03573
  -0.14110
