  -0.13236
   0.10472
  -0.06238
   0.01128
   0.04141
  -0.08828
   0.12275
  -0.13998
   0.13756
  -0.11581
   0.07780
  -0.02886
  -0.02413
   0.07374
  -0.11298
   0.13636
  -0.14059
   0.12507
  -0.09199
   0.04598
   0.00648
  -0.05803
   0.10143
  -0.13059
   0.14140
  -0.13236
   0.10472
  -0.06238
   0.01128
   0.04141
  -0.08828
   0.12275
  -0.13998
   0.13756
  -0.11581
   0.07780
  -0.02886
  -0.02413
   0.07374
  -0.11298
   0.13636
  -0.14059
   0.12507
  -0.09199
   0.04598
   0.00648
  -0.05803
   0.10143
  -0.13059
   0.14140
  -0.13236
   0.10472
  -0.06238
   0.01128
   0.04141
  -0.08828
   0.12275
  -0.13998
   0.13756
  -0.11581
   0.07780
  -0.02886
  -0.02413
   0.07374
  -0.11298
   0.13636
  -0.14059
   0.12507
  -0.09199
   0.04598
   0.00648
  -0.05803
   0.10143
  -0.13059
   0.14140
  -0.13236
   0.10472
  -0.06238
   0.01128
   0.04141
  -0.08828
   0.12275
  -0.13998
   0.13756
  -0.11581
   0.07780
  -0.02886
  -0.02413
   0.07374
  -0.11298
   0.13636
  -0.14059
   0.12507
  -0.09199
   0.04598
   0.00648
  -0.05803
   0.10143
  -0.13059
   0.14140
