  -0.13710
   0.07535
   0.09053
  -0.13130
  -0.00938
   0.13710
  -0.07535
  -0.09053
   0.13130
   0.00938
  -0.13710
   0.07535
   0.09053
  -0.13130
  -0.00938
   0.13710
  -0.07535
  -0.09053
   0.13130
   0.00938
  -0.13710
   0.07535
   0.09053
  -0.13130
  -0.00938
   0.13710
  -0.07535
  -0.09053
   0.13130
   0.00938
  -0.13710
   0.07535
   0.09053
  -0.13130
  -0.00938
   0.13710
  -0.07535
  -0.09053
   0.13130
   0.00938
  -0.13710
   0.07535
   0.09053
  -0.13130
  -0.00938
   0.13710
  -0.07535
  -0.09053
   0.13130
   0.00938
  -0.13710
   0.07535
   0.09053
  -0.13130
  -0.00938
   0.13710
  -0.07535
  -0.09053
   0.13130
   0.00938
  -0.13710
   0.07535
   0.09053
  -0.13130
  -0.00938
   0.13710
  -0.07535
  -0.09053
   0.13130
   0.00938
  -0.13710
   0.07535
   0.09053
  -0.13130
  -0.00938
   0.13710
  -0.07535
  -0.09053
   0.13130
   0.00938
  -0.13710
   0.07535
   0.09053
  -0.13130
  -0.00938
   0.13710
  -0.07535
  -0.09053
   0.13130
   0.00938
  -0.13710
   0.07535
   0.09053
  -0.13130
  -0.00938
   0.13710
  -0.07535
  -0.09053
   0.13130
   0.00938
