   0.03938
  -0.12177
  -0.09994
   0.07206
   0.13578
  -0.00452
  -0.13803
  -0.06413
   0.10614
   0.11692
  -0.04798
  -0.14079
  -0.02204
   0.12982
   0.08661
  -0.08674
  -0.12976
   0.02220
   0.14080
   0.04783
  -0.11701
  -0.10603
   0.06428
   0.13800
   0.00436
  -0.13583
  -0.07192
   0.10006
   0.12169
  -0.03953
  -0.14135
  -0.03077
   0.12604
   0.09346
  -0.07956
  -0.13303
   0.01339
   0.13969
   0.05609
  -0.11179
  -0.11170
   0.05624
   0.13967
   0.01323
  -0.13309
  -0.07942
   0.09358
   0.12597
  -0.03093
  -0.14135
  -0.03938
   0.12177
   0.09994
  -0.07206
  -0.13578
   0.00452
   0.13803
   0.06413
  -0.10614
  -0.11692
   0.04798
   0.14079
   0.02204
  -0.12982
  -0.08661
   0.08674
   0.12976
  -0.02220
  -0.14080
  -0.04783
   0.11701
   0.10603
  -0.06428
  -0.13800
  -0.00436
   0.13583
   0.07192
  -0.10006
  -0.12169
   0.03953
   0.14135
   0.03077
  -0.12604
  -0.09346
   0.07956
   0.13303
  -0.01339
  -0.13969
  -0.05609
   0.11179
   0.11170
  -0.05624
  -0.13967
  -0.01323
   0.13309
   0.07942
  -0.09358
  -0.12597
   0.03093
   0.14135
