  -0.13061
   0.11577
   0.00655
  -0.12279
   0.12504
  -0.01121
  -0.11302
   0.13233
  -0.02879
  -0.10148
   0.13754
  -0.04592
  -0.08833
   0.14058
  -0.06232
  -0.07380
   0.14140
  -0.07774
  -0.05809
   0.13999
  -0.09193
  -0.04148
   0.13638
  -0.10468
  -0.02420
   0.13061
  -0.11577
  -0.00655
   0.12279
  -0.12504
   0.01121
   0.11302
  -0.13233
   0.02879
   0.10148
  -0.13754
   0.04592
   0.08833
  -0.14058
   0.06232
   0.07380
  -0.14140
   0.07774
   0.05809
  -0.13999
   0.09193
   0.04148
  -0.13638
   0.10468
   0.02420
  -0.13061
   0.11577
   0.00655
  -0.12279
   0.12504
  -0.01121
  -0.11302
   0.13233
  -0.02879
  -0.10148
   0.13754
  -0.04592
  -0.08833
   0.14058
  -0.06232
  -0.07380
   0.14140
  -0.07774
  -0.05809
   0.13999
  -0.09193
  -0.04148
   0.13638
  -0.10468
  -0.02420
   0.13061
  -0.11577
  -0.00655
   0.12279
  -0.12504
   0.01121
   0.11302
  -0.13233
   0.02879
   0.10148
  -0.13754
   0.04592
   0.08833
  -0.14058
   0.06232
   0.07380
  -0.14140
   0.07774
   0.05809
  -0.13999
   0.09193
   0.04148
  -0.13638
   0.10468
   0.02420
