   0.09418
   0.01244
  -0.11121
   0.13981
  -0.08021
  -0.03000
   0.12128
  -0.13605
   0.06498
   0.04708
  -0.12944
   0.13013
  -0.04873
  -0.06342
   0.13556
  -0.12217
   0.03170
   0.07877
  -0.13954
   0.11228
  -0.01418
  -0.09287
   0.14132
  -0.10062
  -0.00357
   0.10550
  -0.14087
   0.08737
   0.02126
  -0.11647
   0.13820
  -0.07274
  -0.03862
   0.12561
  -0.13335
   0.05697
   0.05536
  -0.13276
   0.12640
  -0.04029
  -0.07124
   0.13782
  -0.11746
   0.02299
   0.08599
  -0.14071
   0.10666
  -0.00532
  -0.09938
   0.14138
  -0.09418
  -0.01244
   0.11121
  -0.13981
   0.08021
   0.03000
  -0.12128
   0.13605
  -0.06498
  -0.04708
   0.12944
  -0.13013
   0.04873
   0.06342
  -0.13556
   0.12217
  -0.03170
  -0.07877
   0.13954
  -0.11228
   0.01418
   0.09287
  -0.14132
   0.10062
   0.00357
  -0.10550
   0.14087
  -0.08737
  -0.02126
   0.11647
  -0.13820
   0.07274
   0.03862
  -0.12561
   0.13335
  -0.05697
  -0.05536
   0.13276
  -0.12640
   0.04029
   0.07124
  -0.13782
   0.11746
  -0.02299
  -0.08599
   0.14071
  -0.10666
   0.00532
   0.09938
  -0.14138
