   0.12773
  -0.12419
   0.01827
   0.10272
  -0.13902
   0.06071
   0.06765
  -0.14024
   0.09721
   0.02596
  -0.12773
   0.12419
  -0.01827
  -0.10272
   0.13902
  -0.06071
  -0.06765
   0.14024
  -0.09721
  -0.02596
   0.12773
  -0.12419
   0.01827
   0.10272
  -0.13902
   0.06071
   0.06765
  -0.14024
   0.09721
   0.02596
  -0.12773
   0.12419
  -0.01827
  -0.10272
   0.13902
  -0.06071
  -0.06765
   0.14024
  -0.09721
  -0.02596
   0.12773
  -0.12419
   0.01827
   0.10272
  -0.13902
   0.06071
   0.06765
  -0.14024
   0.09721
   0.02596
  -0.12773
   0.12419
  -0.01827
  -0.10272
   0.13902
  -0.06071
  -0.06765
   0.14024
  -0.09721
  -0.02596
   0.12773
  -0.12419
   0.01827
   0.10272
  -0.13902
   0.06071
   0.06765
  -0.14024
   0.09721
   0.02596
  -0.12773
   0.12419
  -0.01827
  -0.10272
   0.13902
  -0.06071
  -0.06765
   0.14024
  -0.09721
  -0.02596
   0.12773
  -0.12419
   0.01827
   0.10272
  -0.13902
   0.06071
   0.06765
  -0.14024
   0.09721
   0.02596
  -0.12773
   0.12419
  -0.01827
  -0.10272
   0.13902
  -0.06071
  -0.06765
   0.14024
  -0.09721
  -0.02596
