  -0.06003
  -0.11442
  -0.15803
  -0.18677
  -0.19794
  -0.19047
  -0.16508
  -0.12415
  -0.07154
  -0.01219
   0.04830
   0.10425
   0.15038
   0.18237
   0.19718
   0.19344
   0.17150
   0.13341
   0.08277
   0.02434
  -0.03639
  -0.09369
  -0.14217
  -0.17727
  -0.19569
  -0.19569
  -0.17727
  -0.14217
  -0.09369
  -0.03639
   0.02434
   0.08277
   0.13341
   0.17150
   0.19344
   0.19718
   0.18237
   0.15038
   0.10425
   0.04830
  -0.01219
  -0.07154
  -0.12415
  -0.16508
  -0.19047
  -0.19794
  -0.18677
  -0.15803
  -0.11442
  -0.06003
