   0.05871
   0.09508
   0.09513
   0.05885
   0.00008
  -0.05871
  -0.09508
  -0.09513
  -0.05885
  -0.00008
   0.05871
   0.09508
   0.09513
   0.05885
   0.00008
  -0.05871
  -0.09508
  -0.09513
  -0.05885
  -0.00008
   0.05871
   0.09508
   0.09513
   0.05885
   0.00008
  -0.05871
  -0.09508
  -0.09513
  -0.05885
  -0.00008
   0.05871
   0.09508
   0.09513
   0.05885
   0.00008
  -0.05871
  -0.09508
  -0.09513
  -0.05885
  -0.00008
   0.05871
   0.09508
   0.09513
   0.05885
   0.00008
  -0.05871
  -0.09508
  -0.09513
  -0.05885
  -0.00008
   0.05871
   0.09508
   0.09513
   0.05885
   0.00008
  -0.05871
  -0.09508
  -0.09513
  -0.05885
  -0.00008
   0.05871
   0.09508
   0.09513
   0.05885
   0.00008
  -0.05871
  -0.09508
  -0.09513
  -0.05885
  -0.00008
   0.05871
   0.09508
   0.09513
   0.05885
   0.00008
  -0.05871
  -0.09508
  -0.09513
  -0.05885
  -0.00008
   0.05871
   0.09508
   0.09513
   0.05885
   0.00008
  -0.05871
  -0.09508
  -0.09513
  -0.05885
  -0.00008
   0.05871
   0.09508
   0.09513
   0.05885
   0.00008
  -0.05871
  -0.09508
  -0.09513
  -0.05885
  -0.00008
   0.05871
   0.09508
   0.09513
   0.05885
   0.00008
  -0.05871
  -0.09508
  -0.09513
  -0.05885
  -0.00008
   0.05871
   0.09508
   0.09513
   0.05885
   0.00008
  -0.05871
  -0.09508
  -0.09513
  -0.05885
  -0.00008
   0.05871
   0.09508
   0.09513
   0.05885
   0.00008
  -0.05871
  -0.09508
  -0.09513
  -0.05885
  -0.00008
   0.05871
   0.09508
   0.09513
   0.05885
   0.00008
  -0.05871
  -0.09508
  -0.09513
  -0.05885
  -0.00008
   0.05871
   0.09508
   0.09513
   0.05885
   0.00008
  -0.05871
  -0.09508
  -0.09513
  -0.05885
  -0.00008
   0.05871
   0.09508
   0.09513
   0.05885
   0.00008
  -0.05871
  -0.09508
  -0.09513
  -0.05885
  -0.00008
   0.05871
   0.09508
   0.09513
   0.05885
   0.00008
  -0.05871
  -0.09508
  -0.09513
  -0.05885
  -0.00008
   0.05871
   0.09508
   0.09513
   0.05885
   0.00008
  -0.05871
  -0.09508
  -0.09513
  -0.05885
  -0.00008
   0.05871
   0.09508
   0.09513
   0.05885
   0.00008
  -0.05871
  -0.09508
  -0.09513
  -0.05885
  -0.00008
   0.05871
   0.09508
   0.09513
   0.05885
   0.00008
  -0.05871
  -0.09508
  -0.09513
  -0.05885
  -0.00008
