   0.09936
   0.09717
   0.09344
   0.08824
   0.08165
   0.07377
   0.06473
   0.05466
   0.04374
   0.03212
   0.02000
   0.00756
  -0.00500
  -0.01747
  -0.02968
  -0.04141
  -0.05249
  -0.06275
  -0.07201
  -0.08014
  -0.08700
  -0.09250
  -0.09653
  -0.09904
  -0.09999
  -0.09936
  -0.09717
  -0.09344
  -0.08824
  -0.08165
  -0.07377
  -0.06473
  -0.05466
  -0.04374
  -0.03212
  -0.02000
  -0.00756
   0.00500
   0.01747
   0.02968
   0.04141
   0.05249
   0.06275
   0.07201
   0.08014
   0.08700
   0.09250
   0.09653
   0.09904
   0.09999
   0.09936
   0.09717
   0.09344
   0.08824
   0.08165
   0.07377
   0.06473
   0.05466
   0.04374
   0.03212
   0.02000
   0.00756
  -0.00500
  -0.01747
  -0.02968
  -0.04141
  -0.05249
  -0.06275
  -0.07201
  -0.08014
  -0.08700
  -0.09250
  -0.09653
  -0.09904
  -0.09999
  -0.09936
  -0.09717
  -0.09344
  -0.08824
  -0.08165
  -0.07377
  -0.06473
  -0.05466
  -0.04374
  -0.03212
  -0.02000
  -0.00756
   0.00500
   0.01747
   0.02968
   0.04141
   0.05249
   0.06275
   0.07201
   0.08014
   0.08700
   0.09250
   0.09653
   0.09904
   0.09999
   0.09936
   0.09717
   0.09344
   0.08824
   0.08165
   0.07377
   0.06473
   0.05466
   0.04374
   0.03212
   0.02000
   0.00756
  -0.00500
  -0.01747
  -0.02968
  -0.04141
  -0.05249
  -0.06275
  -0.07201
  -0.08014
  -0.08700
  -0.09250
  -0.09653
  -0.09904
  -0.09999
  -0.09936
  -0.09717
  -0.09344
  -0.08824
  -0.08165
  -0.07377
  -0.06473
  -0.05466
  -0.04374
  -0.03212
  -0.02000
  -0.00756
   0.00500
   0.01747
   0.02968
   0.04141
   0.05249
   0.06275
   0.07201
   0.08014
   0.08700
   0.09250
   0.09653
   0.09904
   0.09999
   0.09936
   0.09717
   0.09344
   0.08824
   0.08165
   0.07377
   0.06473
   0.05466
   0.04374
   0.03212
   0.02000
   0.00756
  -0.00500
  -0.01747
  -0.02968
  -0.04141
  -0.05249
  -0.06275
  -0.07201
  -0.08014
  -0.08700
  -0.09250
  -0.09653
  -0.09904
  -0.09999
  -0.09936
  -0.09717
  -0.09344
  -0.08824
  -0.08165
  -0.07377
  -0.06473
  -0.05466
  -0.04374
  -0.03212
  -0.02000
  -0.00756
   0.00500
   0.01747
   0.02968
   0.04141
   0.05249
   0.06275
   0.07201
   0.08014
   0.08700
   0.09250
   0.09653
   0.09904
   0.09999
