   0.01900
   0.03706
   0.05381
   0.06865
   0.08106
   0.09060
   0.09692
   0.09982
   0.09918
   0.09502
   0.08750
   0.07688
   0.06354
   0.04794
   0.03065
   0.01227
  -0.00655
  -0.02513
  -0.04282
  -0.05899
  -0.07308
  -0.08458
  -0.09308
  -0.09828
  -0.10000
  -0.09818
  -0.09288
  -0.08429
  -0.07271
  -0.05856
  -0.04234
  -0.02461
  -0.00601
   0.01280
   0.03116
   0.04841
   0.06395
   0.07722
   0.08776
   0.09519
   0.09924
   0.09979
   0.09679
   0.09037
   0.08074
   0.06826
   0.05336
   0.03656
   0.01848
  -0.00027
  -0.01900
  -0.03706
  -0.05381
  -0.06865
  -0.08106
  -0.09060
  -0.09692
  -0.09982
  -0.09918
  -0.09502
  -0.08750
  -0.07688
  -0.06354
  -0.04794
  -0.03065
  -0.01227
   0.00655
   0.02513
   0.04282
   0.05899
   0.07308
   0.08458
   0.09308
   0.09828
   0.10000
   0.09818
   0.09288
   0.08429
   0.07271
   0.05856
   0.04234
   0.02461
   0.00601
  -0.01280
  -0.03116
  -0.04841
  -0.06395
  -0.07722
  -0.08776
  -0.09519
  -0.09924
  -0.09979
  -0.09679
  -0.09037
  -0.08074
  -0.06826
  -0.05336
  -0.03656
  -0.01848
   0.00027
   0.01900
   0.03706
   0.05381
   0.06865
   0.08106
   0.09060
   0.09692
   0.09982
   0.09918
   0.09502
   0.08750
   0.07688
   0.06354
   0.04794
   0.03065
   0.01227
  -0.00655
  -0.02513
  -0.04282
  -0.05899
  -0.07308
  -0.08458
  -0.09308
  -0.09828
  -0.10000
  -0.09818
  -0.09288
  -0.08429
  -0.07271
  -0.05856
  -0.04234
  -0.02461
  -0.00601
   0.01280
   0.03116
   0.04841
   0.06395
   0.07722
   0.08776
   0.09519
   0.09924
   0.09979
   0.09679
   0.09037
   0.08074
   0.06826
   0.05336
   0.03656
   0.01848
  -0.00027
  -0.01900
  -0.03706
  -0.05381
  -0.06865
  -0.08106
  -0.09060
  -0.09692
  -0.09982
  -0.09918
  -0.09502
  -0.08750
  -0.07688
  -0.06354
  -0.04794
  -0.03065
  -0.01227
   0.00655
   0.02513
   0.04282
   0.05899
   0.07308
   0.08458
   0.09308
   0.09828
   0.10000
   0.09818
   0.09288
   0.08429
   0.07271
   0.05856
   0.04234
   0.02461
   0.00601
  -0.01280
  -0.03116
  -0.04841
  -0.06395
  -0.07722
  -0.08776
  -0.09519
  -0.09924
  -0.09979
  -0.09679
  -0.09037
  -0.08074
  -0.06826
  -0.05336
  -0.03656
  -0.01848
   0.00027
