  -0.03639
  -0.06813
  -0.09029
  -0.09977
  -0.09524
  -0.07734
  -0.04857
  -0.01298
   0.02443
   0.05841
   0.08419
   0.09814
   0.09831
   0.08467
   0.05914
   0.02530
  -0.01209
  -0.04778
  -0.07676
  -0.09497
  -0.09983
  -0.09067
  -0.06878
  -0.03723
  -0.00045
   0.03639
   0.06813
   0.09029
   0.09977
   0.09524
   0.07734
   0.04857
   0.01298
  -0.02443
  -0.05841
  -0.08419
  -0.09814
  -0.09831
  -0.08467
  -0.05914
  -0.02530
   0.01209
   0.04778
   0.07676
   0.09497
   0.09983
   0.09067
   0.06878
   0.03723
   0.00045
  -0.03639
  -0.06813
  -0.09029
  -0.09977
  -0.09524
  -0.07734
  -0.04857
  -0.01298
   0.02443
   0.05841
   0.08419
   0.09814
   0.09831
   0.08467
   0.05914
   0.02530
  -0.01209
  -0.04778
  -0.07676
  -0.09497
  -0.09983
  -0.09067
  -0.06878
  -0.03723
  -0.00045
   0.03639
   0.06813
   0.09029
   0.09977
   0.09524
   0.07734
   0.04857
   0.01298
  -0.02443
  -0.05841
  -0.08419
  -0.09814
  -0.09831
  -0.08467
  -0.05914
  -0.02530
   0.01209
   0.04778
   0.07676
   0.09497
   0.09983
   0.09067
   0.06878
   0.03723
   0.00045
  -0.03639
  -0.06813
  -0.09029
  -0.09977
  -0.09524
  -0.07734
  -0.04857
  -0.01298
   0.02443
   0.05841
   0.08419
   0.09814
   0.09831
   0.08467
   0.05914
   0.02530
  -0.01209
  -0.04778
  -0.07676
  -0.09497
  -0.09983
  -0.09067
  -0.06878
  -0.03723
  -0.00045
   0.03639
   0.06813
   0.09029
   0.09977
   0.09524
   0.07734
   0.04857
   0.01298
  -0.02443
  -0.05841
  -0.08419
  -0.09814
  -0.09831
  -0.08467
  -0.05914
  -0.02530
   0.01209
   0.04778
   0.07676
   0.09497
   0.09983
   0.09067
   0.06878
   0.03723
   0.00045
  -0.03639
  -0.06813
  -0.09029
  -0.09977
  -0.09524
  -0.07734
  -0.04857
  -0.01298
   0.02443
   0.05841
   0.08419
   0.09814
   0.09831
   0.08467
   0.05914
   0.02530
  -0.01209
  -0.04778
  -0.07676
  -0.09497
  -0.09983
  -0.09067
  -0.06878
  -0.03723
  -0.00045
   0.03639
   0.06813
   0.09029
   0.09977
   0.09524
   0.07734
   0.04857
   0.01298
  -0.02443
  -0.05841
  -0.08419
  -0.09814
  -0.09831
  -0.08467
  -0.05914
  -0.02530
   0.01209
   0.04778
   0.07676
   0.09497
   0.09983
   0.09067
   0.06878
   0.03723
   0.00045
