   0.07288
   0.09980
   0.06376
  -0.01251
  -0.08089
  -0.09823
  -0.05360
   0.02484
   0.08762
   0.09511
   0.04260
  -0.03679
  -0.09297
  -0.09049
  -0.03093
   0.04815
   0.09685
   0.08445
   0.01876
  -0.05876
  -0.09921
  -0.07707
  -0.00630
   0.06844
   0.10000
   0.06847
  -0.00625
  -0.07703
  -0.09921
  -0.05880
   0.01871
   0.08442
   0.09686
   0.04820
  -0.03088
  -0.09047
  -0.09299
  -0.03684
   0.04255
   0.09510
   0.08764
   0.02489
  -0.05356
  -0.09822
  -0.08092
  -0.01256
   0.06372
   0.09980
   0.07291
   0.00003
  -0.07288
  -0.09980
  -0.06376
   0.01251
   0.08089
   0.09823
   0.05360
  -0.02484
  -0.08762
  -0.09511
  -0.04260
   0.03679
   0.09297
   0.09049
   0.03093
  -0.04815
  -0.09685
  -0.08445
  -0.01876
   0.05876
   0.09921
   0.07707
   0.00630
  -0.06844
  -0.10000
  -0.06847
   0.00625
   0.07703
   0.09921
   0.05880
  -0.01871
  -0.08442
  -0.09686
  -0.04820
   0.03088
   0.09047
   0.09299
   0.03684
  -0.04255
  -0.09510
  -0.08764
  -0.02489
   0.05356
   0.09822
   0.08092
   0.01256
  -0.06372
  -0.09980
  -0.07291
  -0.00003
   0.07288
   0.09980
   0.06376
  -0.01251
  -0.08089
  -0.09823
  -0.05360
   0.02484
   0.08762
   0.09511
   0.04260
  -0.03679
  -0.09297
  -0.09049
  -0.03093
   0.04815
   0.09685
   0.08445
   0.01876
  -0.05876
  -0.09921
  -0.07707
  -0.00630
   0.06844
   0.10000
   0.06847
  -0.00625
  -0.07703
  -0.09921
  -0.05880
   0.01871
   0.08442
   0.09686
   0.04820
  -0.03088
  -0.09047
  -0.09299
  -0.03684
   0.04255
   0.09510
   0.08764
   0.02489
  -0.05356
  -0.09822
  -0.08092
  -0.01256
   0.06372
   0.09980
   0.07291
   0.00003
  -0.07288
  -0.09980
  -0.06376
   0.01251
   0.08089
   0.09823
   0.05360
  -0.02484
  -0.08762
  -0.09511
  -0.04260
   0.03679
   0.09297
   0.09049
   0.03093
  -0.04815
  -0.09685
  -0.08445
  -0.01876
   0.05876
   0.09921
   0.07707
   0.00630
  -0.06844
  -0.10000
  -0.06847
   0.00625
   0.07703
   0.09921
   0.05880
  -0.01871
  -0.08442
  -0.09686
  -0.04820
   0.03088
   0.09047
   0.09299
   0.03684
  -0.04255
  -0.09510
  -0.08764
  -0.02489
   0.05356
   0.09822
   0.08092
   0.01256
  -0.06372
  -0.09980
  -0.07291
  -0.00003
