   0.09680
   0.08752
   0.07274
   0.05338
   0.03068
   0.00605
  -0.01897
  -0.04279
  -0.06392
  -0.08104
  -0.09306
  -0.09924
  -0.09918
  -0.09289
  -0.08076
  -0.06356
  -0.04237
  -0.01851
   0.00651
   0.03112
   0.05378
   0.07306
   0.08774
   0.09692
   0.10000
   0.09680
   0.08752
   0.07274
   0.05338
   0.03068
   0.00605
  -0.01897
  -0.04279
  -0.06392
  -0.08104
  -0.09306
  -0.09924
  -0.09918
  -0.09289
  -0.08076
  -0.06356
  -0.04237
  -0.01851
   0.00651
   0.03112
   0.05378
   0.07306
   0.08774
   0.09692
   0.10000
   0.09680
   0.08752
   0.07274
   0.05338
   0.03068
   0.00605
  -0.01897
  -0.04279
  -0.06392
  -0.08104
  -0.09306
  -0.09924
  -0.09918
  -0.09289
  -0.08076
  -0.06356
  -0.04237
  -0.01851
   0.00651
   0.03112
   0.05378
   0.07306
   0.08774
   0.09692
   0.10000
   0.09680
   0.08752
   0.07274
   0.05338
   0.03068
   0.00605
  -0.01897
  -0.04279
  -0.06392
  -0.08104
  -0.09306
  -0.09924
  -0.09918
  -0.09289
  -0.08076
  -0.06356
  -0.04237
  -0.01851
   0.00651
   0.03112
   0.05378
   0.07306
   0.08774
   0.09692
   0.10000
   0.09680
   0.08752
   0.07274
   0.05338
   0.03068
   0.00605
  -0.01897
  -0.04279
  -0.06392
  -0.08104
  -0.09306
  -0.09924
  -0.09918
  -0.09289
  -0.08076
  -0.06356
  -0.04237
  -0.01851
   0.00651
   0.03112
   0.05378
   0.07306
   0.08774
   0.09692
   0.10000
   0.09680
   0.08752
   0.07274
   0.05338
   0.03068
   0.00605
  -0.01897
  -0.04279
  -0.06392
  -0.08104
  -0.09306
  -0.09924
  -0.09918
  -0.09289
  -0.08076
  -0.06356
  -0.04237
  -0.01851
   0.00651
   0.03112
   0.05378
   0.07306
   0.08774
   0.09692
   0.10000
   0.09680
   0.08752
   0.07274
   0.05338
   0.03068
   0.00605
  -0.01897
  -0.04279
  -0.06392
  -0.08104
  -0.09306
  -0.09924
  -0.09918
  -0.09289
  -0.08076
  -0.06356
  -0.04237
  -0.01851
   0.00651
   0.03112
   0.05378
   0.07306
   0.08774
   0.09692
   0.10000
   0.09680
   0.08752
   0.07274
   0.05338
   0.03068
   0.00605
  -0.01897
  -0.04279
  -0.06392
  -0.08104
  -0.09306
  -0.09924
  -0.09918
  -0.09289
  -0.08076
  -0.06356
  -0.04237
  -0.01851
   0.00651
   0.03112
   0.05378
   0.07306
   0.08774
   0.09692
   0.10000
