  -0.08095
  -0.03098
   0.03082
   0.08085
   0.10000
   0.08095
   0.03098
  -0.03082
  -0.08085
  -0.10000
  -0.08095
  -0.03098
   0.03082
   0.08085
   0.10000
   0.08095
   0.03098
  -0.03082
  -0.08085
  -0.10000
  -0.08095
  -0.03098
   0.03082
   0.08085
   0.10000
   0.08095
   0.03098
  -0.03082
  -0.08085
  -0.10000
  -0.08095
  -0.03098
   0.03082
   0.08085
   0.10000
   0.08095
   0.03098
  -0.03082
  -0.08085
  -0.10000
  -0.08095
  -0.03098
   0.03082
   0.08085
   0.10000
   0.08095
   0.03098
  -0.03082
  -0.08085
  -0.10000
  -0.08095
  -0.03098
   0.03082
   0.08085
   0.10000
   0.08095
   0.03098
  -0.03082
  -0.08085
  -0.10000
  -0.08095
  -0.03098
   0.03082
   0.08085
   0.10000
   0.08095
   0.03098
  -0.03082
  -0.08085
  -0.10000
  -0.08095
  -0.03098
   0.03082
   0.08085
   0.10000
   0.08095
   0.03098
  -0.03082
  -0.08085
  -0.10000
  -0.08095
  -0.03098
   0.03082
   0.08085
   0.10000
   0.08095
   0.03098
  -0.03082
  -0.08085
  -0.10000
  -0.08095
  -0.03098
   0.03082
   0.08085
   0.10000
   0.08095
   0.03098
  -0.03082
  -0.08085
  -0.10000
  -0.08095
  -0.03098
   0.03082
   0.08085
   0.10000
   0.08095
   0.03098
  -0.03082
  -0.08085
  -0.10000
  -0.08095
  -0.03098
   0.03082
   0.08085
   0.10000
   0.08095
   0.03098
  -0.03082
  -0.08085
  -0.10000
  -0.08095
  -0.03098
   0.03082
   0.08085
   0.10000
   0.08095
   0.03098
  -0.03082
  -0.08085
  -0.10000
  -0.08095
  -0.03098
   0.03082
   0.08085
   0.10000
   0.08095
   0.03098
  -0.03082
  -0.08085
  -0.10000
  -0.08095
  -0.03098
   0.03082
   0.08085
   0.10000
   0.08095
   0.03098
  -0.03082
  -0.08085
  -0.10000
  -0.08095
  -0.03098
   0.03082
   0.08085
   0.10000
   0.08095
   0.03098
  -0.03082
  -0.08085
  -0.10000
  -0.08095
  -0.03098
   0.03082
   0.08085
   0.10000
   0.08095
   0.03098
  -0.03082
  -0.08085
  -0.10000
  -0.08095
  -0.03098
   0.03082
   0.08085
   0.10000
   0.08095
   0.03098
  -0.03082
  -0.08085
  -0.10000
  -0.08095
  -0.03098
   0.03082
   0.08085
   0.10000
   0.08095
   0.03098
  -0.03082
  -0.08085
  -0.10000
  -0.08095
  -0.03098
   0.03082
   0.08085
   0.10000
   0.08095
   0.03098
  -0.03082
  -0.08085
  -0.10000
