   0.02494
  -0.05096
   0.07294
  -0.08913
   0.09824
  -0.09955
   0.09295
  -0.07897
   0.05872
  -0.03381
   0.00621
   0.02188
  -0.04824
   0.07076
  -0.08766
   0.09761
  -0.09980
   0.09406
  -0.08086
   0.06124
  -0.03675
   0.00934
   0.01881
  -0.04546
   0.06850
  -0.08611
   0.09688
  -0.09995
   0.09508
  -0.08267
   0.06369
  -0.03965
   0.01247
   0.01571
  -0.04264
   0.06618
  -0.08447
   0.09605
  -0.10000
   0.09601
  -0.08440
   0.06608
  -0.04252
   0.01558
   0.01260
  -0.03978
   0.06379
  -0.08275
   0.09513
  -0.09995
   0.09684
  -0.08604
   0.06840
  -0.04534
   0.01867
   0.00948
  -0.03688
   0.06134
  -0.08094
   0.09411
  -0.09981
   0.09758
  -0.08760
   0.07066
  -0.04812
   0.02175
   0.00635
  -0.03394
   0.05883
  -0.07906
   0.09300
  -0.09956
   0.09822
  -0.08907
   0.07285
  -0.05085
   0.02480
   0.00321
  -0.03097
   0.05626
  -0.07709
   0.09180
  -0.09922
   0.09876
  -0.09045
   0.07497
  -0.05353
   0.02783
   0.00007
  -0.02796
   0.05364
  -0.07506
   0.09051
  -0.09878
   0.09920
  -0.09175
   0.07701
  -0.05615
   0.03084
  -0.00307
  -0.02494
   0.05096
  -0.07294
   0.08913
  -0.09824
   0.09955
  -0.09295
   0.07897
  -0.05872
   0.03381
  -0.00621
  -0.02188
   0.04824
  -0.07076
   0.08766
  -0.09761
   0.09980
  -0.09406
   0.08086
  -0.06124
   0.03675
  -0.00934
  -0.01881
   0.04546
  -0.06850
   0.08611
  -0.09688
   0.09995
  -0.09508
   0.08267
  -0.06369
   0.03965
  -0.01247
  -0.01571
   0.04264
  -0.06618
   0.08447
  -0.09605
   0.10000
  -0.09601
   0.08440
  -0.06608
   0.04252
  -0.01558
  -0.01260
   0.03978
  -0.06379
   0.08275
  -0.09513
   0.09995
  -0.09684
   0.08604
  -0.06840
   0.04534
  -0.01867
  -0.00948
   0.03688
  -0.06134
   0.08094
  -0.09411
   0.09981
  -0.09758
   0.08760
  -0.07066
   0.04812
  -0.02175
  -0.00635
   0.03394
  -0.05883
   0.07906
  -0.09300
   0.09956
  -0.09822
   0.08907
  -0.07285
   0.05085
  -0.02480
  -0.00321
   0.03097
  -0.05626
   0.07709
  -0.09180
   0.09922
  -0.09876
   0.09045
  -0.07497
   0.05353
  -0.02783
  -0.00007
   0.02796
  -0.05364
   0.07506
  -0.09051
   0.09878
  -0.09920
   0.09175
  -0.07701
   0.05615
  -0.03084
   0.00307
