  -0.06369
   0.09920
  -0.08094
   0.01880
   0.05353
  -0.09684
   0.08766
  -0.03096
  -0.04252
   0.09295
  -0.09300
   0.04263
   0.03084
  -0.08760
   0.09687
  -0.05363
  -0.01868
   0.08087
  -0.09922
   0.06379
   0.00622
  -0.07285
   0.10000
  -0.07294
   0.00634
   0.06369
  -0.09920
   0.08094
  -0.01880
  -0.05353
   0.09684
  -0.08766
   0.03096
   0.04252
  -0.09295
   0.09300
  -0.04263
  -0.03084
   0.08760
  -0.09687
   0.05363
   0.01868
  -0.08087
   0.09922
  -0.06379
  -0.00622
   0.07285
  -0.10000
   0.07294
  -0.00634
  -0.06369
   0.09920
  -0.08094
   0.01880
   0.05353
  -0.09684
   0.08766
  -0.03096
  -0.04252
   0.09295
  -0.09300
   0.04263
   0.03084
  -0.08760
   0.09687
  -0.05363
  -0.01868
   0.08087
  -0.09922
   0.06379
   0.00622
  -0.07285
   0.10000
  -0.07294
   0.00634
   0.06369
  -0.09920
   0.08094
  -0.01880
  -0.05353
   0.09684
  -0.08766
   0.03096
   0.04252
  -0.09295
   0.09300
  -0.04263
  -0.03084
   0.08760
  -0.09687
   0.05363
   0.01868
  -0.08087
   0.09922
  -0.06379
  -0.00622
   0.07285
  -0.10000
   0.07294
  -0.00634
  -0.06369
   0.09920
  -0.08094
   0.01880
   0.05353
  -0.09684
   0.08766
  -0.03096
  -0.04252
   0.09295
  -0.09300
   0.04263
   0.03084
  -0.08760
   0.09687
  -0.05363
  -0.01868
   0.08087
  -0.09922
   0.06379
   0.00622
  -0.07285
   0.10000
  -0.07294
   0.00634
   0.06369
  -0.09920
   0.08094
  -0.01880
  -0.05353
   0.09684
  -0.08766
   0.03096
   0.04252
  -0.09295
   0.09300
  -0.04263
  -0.03084
   0.08760
  -0.09687
   0.05363
   0.01868
  -0.08087
   0.09922
  -0.06379
  -0.00622
   0.07285
  -0.10000
   0.07294
  -0.00634
  -0.06369
   0.09920
  -0.08094
   0.01880
   0.05353
  -0.09684
   0.08766
  -0.03096
  -0.04252
   0.09295
  -0.09300
   0.04263
   0.03084
  -0.08760
   0.09687
  -0.05363
  -0.01868
   0.08087
  -0.09922
   0.06379
   0.00622
  -0.07285
   0.10000
  -0.07294
   0.00634
   0.06369
  -0.09920
   0.08094
  -0.01880
  -0.05353
   0.09684
  -0.08766
   0.03096
   0.04252
  -0.09295
   0.09300
  -0.04263
  -0.03084
   0.08760
  -0.09687
   0.05363
   0.01868
  -0.08087
   0.09922
  -0.06379
  -0.00622
   0.07285
  -0.10000
   0.07294
  -0.00634
