   0.08714
   0.08658
   0.00101
  -0.08556
  -0.08811
  -0.00415
   0.08389
   0.08955
   0.00728
  -0.08214
  -0.09091
  -0.01041
   0.08031
   0.09217
   0.01353
  -0.07840
  -0.09334
  -0.01664
   0.07641
   0.09442
   0.01972
  -0.07434
  -0.09541
  -0.02279
   0.07220
   0.09631
   0.02584
  -0.07000
  -0.09710
  -0.02886
   0.06772
   0.09781
   0.03186
  -0.06537
  -0.09841
  -0.03482
   0.06296
   0.09892
   0.03775
  -0.06049
  -0.09933
  -0.04064
   0.05796
   0.09965
   0.04349
  -0.05537
  -0.09986
  -0.04629
   0.05273
   0.09998
   0.04905
  -0.05004
  -0.09999
  -0.05177
   0.04729
   0.09991
   0.05443
  -0.04450
  -0.09973
  -0.05704
   0.04167
   0.09946
   0.05959
  -0.03879
  -0.09908
  -0.06208
   0.03588
   0.09861
   0.06451
  -0.03293
  -0.09804
  -0.06688
   0.02994
   0.09737
   0.06918
  -0.02693
  -0.09660
  -0.07142
   0.02389
   0.09574
   0.07358
  -0.02083
  -0.09479
  -0.07567
   0.01775
   0.09374
   0.07769
  -0.01465
  -0.09260
  -0.07963
   0.01154
   0.09137
   0.08149
  -0.00841
  -0.09005
  -0.08327
   0.00528
   0.08864
   0.08497
  -0.00214
  -0.08714
  -0.08658
  -0.00101
   0.08556
   0.08811
   0.00415
  -0.08389
  -0.08955
  -0.00728
   0.08214
   0.09091
   0.01041
  -0.08031
  -0.09217
  -0.01353
   0.07840
   0.09334
   0.01664
  -0.07641
  -0.09442
  -0.01972
   0.07434
   0.09541
   0.02279
  -0.07220
  -0.09631
  -0.02584
   0.07000
   0.09710
   0.02886
  -0.06772
  -0.09781
  -0.03186
   0.06537
   0.09841
   0.03482
  -0.06296
  -0.09892
  -0.03775
   0.06049
   0.09933
   0.04064
  -0.05796
  -0.09965
  -0.04349
   0.05537
   0.09986
   0.04629
  -0.05273
  -0.09998
  -0.04905
   0.05004
   0.09999
   0.05177
  -0.04729
  -0.09991
  -0.05443
   0.04450
   0.09973
   0.05704
  -0.04167
  -0.09946
  -0.05959
   0.03879
   0.09908
   0.06208
  -0.03588
  -0.09861
  -0.06451
   0.03293
   0.09804
   0.06688
  -0.02994
  -0.09737
  -0.06918
   0.02693
   0.09660
   0.07142
  -0.02389
  -0.09574
  -0.07358
   0.02083
   0.09479
   0.07567
  -0.01775
  -0.09374
  -0.07769
   0.01465
   0.09260
   0.07963
  -0.01154
  -0.09137
  -0.08149
   0.00841
   0.09005
   0.08327
  -0.00528
  -0.08864
  -0.08497
   0.00214
