   0.08314
  -0.09581
   0.03901
   0.04608
  -0.09776
   0.07854
  -0.00238
  -0.07552
   0.09865
  -0.05024
  -0.03459
   0.09434
  -0.08568
   0.01489
   0.06670
  -0.09992
   0.06068
   0.02256
  -0.08945
   0.09147
  -0.02716
  -0.05684
   0.09963
  -0.07017
  -0.01017
   0.08314
  -0.09581
   0.03901
   0.04608
  -0.09776
   0.07854
  -0.00238
  -0.07552
   0.09865
  -0.05024
  -0.03459
   0.09434
  -0.08568
   0.01489
   0.06670
  -0.09992
   0.06068
   0.02256
  -0.08945
   0.09147
  -0.02716
  -0.05684
   0.09963
  -0.07017
  -0.01017
   0.08314
  -0.09581
   0.03901
   0.04608
  -0.09776
   0.07854
  -0.00238
  -0.07552
   0.09865
  -0.05024
  -0.03459
   0.09434
  -0.08568
   0.01489
   0.06670
  -0.09992
   0.06068
   0.02256
  -0.08945
   0.09147
  -0.02716
  -0.05684
   0.09963
  -0.07017
  -0.01017
   0.08314
  -0.09581
   0.03901
   0.04608
  -0.09776
   0.07854
  -0.00238
  -0.07552
   0.09865
  -0.05024
  -0.03459
   0.09434
  -0.08568
   0.01489
   0.06670
  -0.09992
   0.06068
   0.02256
  -0.08945
   0.09147
  -0.02716
  -0.05684
   0.09963
  -0.07017
  -0.01017
   0.08314
  -0.09581
   0.03901
   0.04608
  -0.09776
   0.07854
  -0.00238
  -0.07552
   0.09865
  -0.05024
  -0.03459
   0.09434
  -0.08568
   0.01489
   0.06670
  -0.09992
   0.06068
   0.02256
  -0.08945
   0.09147
  -0.02716
  -0.05684
   0.09963
  -0.07017
  -0.01017
   0.08314
  -0.09581
   0.03901
   0.04608
  -0.09776
   0.07854
  -0.00238
  -0.07552
   0.09865
  -0.05024
  -0.03459
   0.09434
  -0.08568
   0.01489
   0.06670
  -0.09992
   0.06068
   0.02256
  -0.08945
   0.09147
  -0.02716
  -0.05684
   0.09963
  -0.07017
  -0.01017
   0.08314
  -0.09581
   0.03901
   0.04608
  -0.09776
   0.07854
  -0.00238
  -0.07552
   0.09865
  -0.05024
  -0.03459
   0.09434
  -0.08568
   0.01489
   0.06670
  -0.09992
   0.06068
   0.02256
  -0.08945
   0.09147
  -0.02716
  -0.05684
   0.09963
  -0.07017
  -0.01017
   0.08314
  -0.09581
   0.03901
   0.04608
  -0.09776
   0.07854
  -0.00238
  -0.07552
   0.09865
  -0.05024
  -0.03459
   0.09434
  -0.08568
   0.01489
   0.06670
  -0.09992
   0.06068
   0.02256
  -0.08945
   0.09147
  -0.02716
  -0.05684
   0.09963
  -0.07017
  -0.01017
