   0.00035
   0.09978
  -0.01288
  -0.09816
   0.02521
   0.09500
  -0.03714
  -0.09033
   0.04848
   0.08424
  -0.05906
  -0.07683
   0.06871
   0.06820
  -0.07728
  -0.05849
   0.08462
   0.04787
  -0.09063
  -0.03649
   0.09521
   0.02453
  -0.09829
  -0.01218
   0.09982
  -0.00035
  -0.09978
   0.01288
   0.09816
  -0.02521
  -0.09500
   0.03714
   0.09033
  -0.04848
  -0.08424
   0.05906
   0.07683
  -0.06871
  -0.06820
   0.07728
   0.05849
  -0.08462
  -0.04787
   0.09063
   0.03649
  -0.09521
  -0.02453
   0.09829
   0.01218
  -0.09982
   0.00035
   0.09978
  -0.01288
  -0.09816
   0.02521
   0.09500
  -0.03714
  -0.09033
   0.04848
   0.08424
  -0.05906
  -0.07683
   0.06871
   0.06820
  -0.07728
  -0.05849
   0.08462
   0.04787
  -0.09063
  -0.03649
   0.09521
   0.02453
  -0.09829
  -0.01218
   0.09982
  -0.00035
  -0.09978
   0.01288
   0.09816
  -0.02521
  -0.09500
   0.03714
   0.09033
  -0.04848
  -0.08424
   0.05906
   0.07683
  -0.06871
  -0.06820
   0.07728
   0.05849
  -0.08462
  -0.04787
   0.09063
   0.03649
  -0.09521
  -0.02453
   0.09829
   0.01218
  -0.09982
   0.00035
   0.09978
  -0.01288
  -0.09816
   0.02521
   0.09500
  -0.03714
  -0.09033
   0.04848
   0.08424
  -0.05906
  -0.07683
   0.06871
   0.06820
  -0.07728
  -0.05849
   0.08462
   0.04787
  -0.09063
  -0.03649
   0.09521
   0.02453
  -0.09829
  -0.01218
   0.09982
  -0.00035
  -0.09978
   0.01288
   0.09816
  -0.02521
  -0.09500
   0.03714
   0.09033
  -0.04848
  -0.08424
   0.05906
   0.07683
  -0.06871
  -0.06820
   0.07728
   0.05849
  -0.08462
  -0.04787
   0.09063
   0.03649
  -0.09521
  -0.02453
   0.09829
   0.01218
  -0.09982
   0.00035
   0.09978
  -0.01288
  -0.09816
   0.02521
   0.09500
  -0.03714
  -0.09033
   0.04848
   0.08424
  -0.05906
  -0.07683
   0.06871
   0.06820
  -0.07728
  -0.05849
   0.08462
   0.04787
  -0.09063
  -0.03649
   0.09521
   0.02453
  -0.09829
  -0.01218
   0.09982
  -0.00035
  -0.09978
   0.01288
   0.09816
  -0.02521
  -0.09500
   0.03714
   0.09033
  -0.04848
  -0.08424
   0.05906
   0.07683
  -0.06871
  -0.06820
   0.07728
   0.05849
  -0.08462
  -0.04787
   0.09063
   0.03649
  -0.09521
  -0.02453
   0.09829
   0.01218
  -0.09982
