  -0.08358
  -0.03827
   0.02027
   0.07181
   0.09851
   0.09114
   0.05225
  -0.00471
  -0.06004
  -0.09461
  -0.09646
  -0.06495
  -0.01098
   0.04679
   0.08837
   0.09940
   0.07604
   0.02639
  -0.03239
  -0.07997
  -0.09989
  -0.08527
  -0.04116
   0.01719
   0.06959
   0.09792
   0.09239
   0.05491
  -0.00157
  -0.05750
  -0.09354
  -0.09724
  -0.06731
  -0.01410
   0.04399
   0.08686
   0.09969
   0.07805
   0.02941
  -0.02940
  -0.07804
  -0.09969
  -0.08687
  -0.04400
   0.01408
   0.06730
   0.09724
   0.09355
   0.05750
   0.00158
  -0.05490
  -0.09239
  -0.09792
  -0.06960
  -0.01720
   0.04115
   0.08526
   0.09989
   0.07997
   0.03240
  -0.02638
  -0.07604
  -0.09940
  -0.08838
  -0.04680
   0.01097
   0.06494
   0.09645
   0.09461
   0.06005
   0.00472
  -0.05225
  -0.09114
  -0.09851
  -0.07182
  -0.02028
   0.03826
   0.08358
   0.09999
   0.08182
   0.03535
  -0.02334
  -0.07396
  -0.09900
  -0.08981
  -0.04955
   0.00784
   0.06252
   0.09558
   0.09558
   0.06253
   0.00785
  -0.04954
  -0.08980
  -0.09900
  -0.07397
  -0.02335
   0.03534
   0.08181
   0.09999
   0.08358
   0.03827
  -0.02027
  -0.07181
  -0.09851
  -0.09114
  -0.05225
   0.00471
   0.06004
   0.09461
   0.09646
   0.06495
   0.01098
  -0.04679
  -0.08837
  -0.09940
  -0.07604
  -0.02639
   0.03239
   0.07997
   0.09989
   0.08527
   0.04116
  -0.01719
  -0.06959
  -0.09792
  -0.09239
  -0.05491
   0.00157
   0.05750
   0.09354
   0.09724
   0.06731
   0.01410
  -0.04399
  -0.08686
  -0.09969
  -0.07805
  -0.02941
   0.02940
   0.07804
   0.09969
   0.08687
   0.04400
  -0.01408
  -0.06730
  -0.09724
  -0.09355
  -0.05750
  -0.00158
   0.05490
   0.09239
   0.09792
   0.06960
   0.01720
  -0.04115
  -0.08526
  -0.09989
  -0.07997
  -0.03240
   0.02638
   0.07604
   0.09940
   0.08838
   0.04680
  -0.01097
  -0.06494
  -0.09645
  -0.09461
  -0.06005
  -0.00472
   0.05225
   0.09114
   0.09851
   0.07182
   0.02028
  -0.03826
  -0.08358
  -0.09999
  -0.08182
  -0.03535
   0.02334
   0.07396
   0.09900
   0.08981
   0.04955
  -0.00784
  -0.06252
  -0.09558
  -0.09558
  -0.06253
  -0.00785
   0.04954
   0.08980
   0.09900
   0.07397
   0.02335
  -0.03534
  -0.08181
  -0.09999
