  -0.01523
   0.03933
  -0.06096
   0.07876
  -0.09161
   0.09870
  -0.09960
   0.09423
  -0.08294
   0.06645
  -0.04577
   0.02223
   0.00272
  -0.02749
   0.05054
  -0.07041
   0.08586
  -0.09591
   0.09994
  -0.09768
   0.08929
  -0.07529
   0.05656
  -0.03427
   0.00983
   0.01523
  -0.03933
   0.06096
  -0.07876
   0.09161
  -0.09870
   0.09960
  -0.09423
   0.08294
  -0.06645
   0.04577
  -0.02223
  -0.00272
   0.02749
  -0.05054
   0.07041
  -0.08586
   0.09591
  -0.09994
   0.09768
  -0.08929
   0.07529
  -0.05656
   0.03427
  -0.00983
  -0.01523
   0.03933
  -0.06096
   0.07876
  -0.09161
   0.09870
  -0.09960
   0.09423
  -0.08294
   0.06645
  -0.04577
   0.02223
   0.00272
  -0.02749
   0.05054
  -0.07041
   0.08586
  -0.09591
   0.09994
  -0.09768
   0.08929
  -0.07529
   0.05656
  -0.03427
   0.00983
   0.01523
  -0.03933
   0.06096
  -0.07876
   0.09161
  -0.09870
   0.09960
  -0.09423
   0.08294
  -0.06645
   0.04577
  -0.02223
  -0.00272
   0.02749
  -0.05054
   0.07041
  -0.08586
   0.09591
  -0.09994
   0.09768
  -0.08929
   0.07529
  -0.05656
   0.03427
  -0.00983
  -0.01523
   0.03933
  -0.06096
   0.07876
  -0.09161
   0.09870
  -0.09960
   0.09423
  -0.08294
   0.06645
  -0.04577
   0.02223
   0.00272
  -0.02749
   0.05054
  -0.07041
   0.08586
  -0.09591
   0.09994
  -0.09768
   0.08929
  -0.07529
   0.05656
  -0.03427
   0.00983
   0.01523
  -0.03933
   0.06096
  -0.07876
   0.09161
  -0.09870
   0.09960
  -0.09423
   0.08294
  -0.06645
   0.04577
  -0.02223
  -0.00272
   0.02749
  -0.05054
   0.07041
  -0.08586
   0.09591
  -0.09994
   0.09768
  -0.08929
   0.07529
  -0.05656
   0.03427
  -0.00983
  -0.01523
   0.03933
  -0.06096
   0.07876
  -0.09161
   0.09870
  -0.09960
   0.09423
  -0.08294
   0.06645
  -0.04577
   0.02223
   0.00272
  -0.02749
   0.05054
  -0.07041
   0.08586
  -0.09591
   0.09994
  -0.09768
   0.08929
  -0.07529
   0.05656
  -0.03427
   0.00983
   0.01523
  -0.03933
   0.06096
  -0.07876
   0.09161
  -0.09870
   0.09960
  -0.09423
   0.08294
  -0.06645
   0.04577
  -0.02223
  -0.00272
   0.02749
  -0.05054
   0.07041
  -0.08586
   0.09591
  -0.09994
   0.09768
  -0.08929
   0.07529
  -0.05656
   0.03427
  -0.00983
