   0.09980
  -0.09921
   0.09823
  -0.09686
   0.09511
  -0.09298
   0.09048
  -0.08763
   0.08443
  -0.08090
   0.07705
  -0.07290
   0.06845
  -0.06374
   0.05878
  -0.05358
   0.04818
  -0.04258
   0.03681
  -0.03090
   0.02487
  -0.01874
   0.01253
  -0.00628
   0.00000
   0.00628
  -0.01253
   0.01874
  -0.02487
   0.03090
  -0.03681
   0.04258
  -0.04818
   0.05358
  -0.05878
   0.06374
  -0.06845
   0.07290
  -0.07705
   0.08090
  -0.08443
   0.08763
  -0.09048
   0.09298
  -0.09511
   0.09686
  -0.09823
   0.09921
  -0.09980
   0.10000
  -0.09980
   0.09921
  -0.09823
   0.09686
  -0.09511
   0.09298
  -0.09048
   0.08763
  -0.08443
   0.08090
  -0.07705
   0.07290
  -0.06845
   0.06374
  -0.05878
   0.05358
  -0.04818
   0.04258
  -0.03681
   0.03090
  -0.02487
   0.01874
  -0.01253
   0.00628
  -0.00000
  -0.00628
   0.01253
  -0.01874
   0.02487
  -0.03090
   0.03681
  -0.04258
   0.04818
  -0.05358
   0.05878
  -0.06374
   0.06845
  -0.07290
   0.07705
  -0.08090
   0.08443
  -0.08763
   0.09048
  -0.09298
   0.09511
  -0.09686
   0.09823
  -0.09921
   0.09980
  -0.10000
   0.09980
  -0.09921
   0.09823
  -0.09686
   0.09511
  -0.09298
   0.09048
  -0.08763
   0.08443
  -0.08090
   0.07705
  -0.07290
   0.06845
  -0.06374
   0.05878
  -0.05358
   0.04818
  -0.04258
   0.03681
  -0.03090
   0.02487
  -0.01874
   0.01253
  -0.00628
  -0.00000
   0.00628
  -0.01253
   0.01874
  -0.02487
   0.03090
  -0.03681
   0.04258
  -0.04818
   0.05358
  -0.05878
   0.06374
  -0.06845
   0.07290
  -0.07705
   0.08090
  -0.08443
   0.08763
  -0.09048
   0.09298
  -0.09511
   0.09686
  -0.09823
   0.09921
  -0.09980
   0.10000
  -0.09980
   0.09921
  -0.09823
   0.09686
  -0.09511
   0.09298
  -0.09048
   0.08763
  -0.08443
   0.08090
  -0.07705
   0.07290
  -0.06845
   0.06374
  -0.05878
   0.05358
  -0.04818
   0.04258
  -0.03681
   0.03090
  -0.02487
   0.01874
  -0.01253
   0.00628
   0.00000
  -0.00628
   0.01253
  -0.01874
   0.02487
  -0.03090
   0.03681
  -0.04258
   0.04818
  -0.05358
   0.05878
  -0.06374
   0.06845
  -0.07290
   0.07705
  -0.08090
   0.08443
  -0.08763
   0.09048
  -0.09298
   0.09511
  -0.09686
   0.09823
  -0.09921
   0.09980
  -0.10000
