  -0.08041
   0.08872
  -0.09484
   0.09863
  -0.10000
   0.09890
  -0.09536
   0.08948
  -0.08139
   0.07130
  -0.05945
   0.04614
  -0.03170
   0.01647
  -0.00084
  -0.01482
   0.03011
  -0.04465
   0.05810
  -0.07012
   0.08041
  -0.08872
   0.09484
  -0.09863
   0.10000
  -0.09890
   0.09536
  -0.08948
   0.08139
  -0.07130
   0.05945
  -0.04614
   0.03170
  -0.01647
   0.00084
   0.01482
  -0.03011
   0.04465
  -0.05810
   0.07012
  -0.08041
   0.08872
  -0.09484
   0.09863
  -0.10000
   0.09890
  -0.09536
   0.08948
  -0.08139
   0.07130
  -0.05945
   0.04614
  -0.03170
   0.01647
  -0.00084
  -0.01482
   0.03011
  -0.04465
   0.05810
  -0.07012
   0.08041
  -0.08872
   0.09484
  -0.09863
   0.10000
  -0.09890
   0.09536
  -0.08948
   0.08139
  -0.07130
   0.05945
  -0.04614
   0.03170
  -0.01647
   0.00084
   0.01482
  -0.03011
   0.04465
  -0.05810
   0.07012
  -0.08041
   0.08872
  -0.09484
   0.09863
  -0.10000
   0.09890
  -0.09536
   0.08948
  -0.08139
   0.07130
  -0.05945
   0.04614
  -0.03170
   0.01647
  -0.00084
  -0.01482
   0.03011
  -0.04465
   0.05810
  -0.07012
   0.08041
  -0.08872
   0.09484
  -0.09863
   0.10000
  -0.09890
   0.09536
  -0.08948
   0.08139
  -0.07130
   0.05945
  -0.04614
   0.03170
  -0.01647
   0.00084
   0.01482
  -0.03011
   0.04465
  -0.05810
   0.07012
  -0.08041
   0.08872
  -0.09484
   0.09863
  -0.10000
   0.09890
  -0.09536
   0.08948
  -0.08139
   0.07130
  -0.05945
   0.04614
  -0.03170
   0.01647
  -0.00084
  -0.01482
   0.03011
  -0.04465
   0.05810
  -0.07012
   0.08041
  -0.08872
   0.09484
  -0.09863
   0.10000
  -0.09890
   0.09536
  -0.08948
   0.08139
  -0.07130
   0.05945
  -0.04614
   0.03170
  -0.01647
   0.00084
   0.01482
  -0.03011
   0.04465
  -0.05810
   0.07012
  -0.08041
   0.08872
  -0.09484
   0.09863
  -0.10000
   0.09890
  -0.09536
   0.08948
  -0.08139
   0.07130
  -0.05945
   0.04614
  -0.03170
   0.01647
  -0.00084
  -0.01482
   0.03011
  -0.04465
   0.05810
  -0.07012
   0.08041
  -0.08872
   0.09484
  -0.09863
   0.10000
  -0.09890
   0.09536
  -0.08948
   0.08139
  -0.07130
   0.05945
  -0.04614
   0.03170
  -0.01647
   0.00084
   0.01482
  -0.03011
   0.04465
  -0.05810
   0.07012
