  -0.07040
   0.09996
  -0.06646
  -0.00897
   0.07874
  -0.09884
   0.05657
   0.02138
  -0.08585
   0.09615
  -0.04579
  -0.03346
   0.09160
  -0.09195
   0.03429
   0.04501
  -0.09591
   0.08630
  -0.02224
  -0.05584
   0.09870
  -0.07928
   0.00985
   0.06580
  -0.09994
   0.07102
   0.00270
  -0.07472
   0.09960
  -0.06164
  -0.01521
   0.08246
  -0.09769
   0.05128
   0.02748
  -0.08890
   0.09424
  -0.04012
  -0.03931
   0.09394
  -0.08930
   0.02832
   0.05052
  -0.09749
   0.08295
  -0.01608
  -0.06094
   0.09951
  -0.07530
   0.00358
   0.07040
  -0.09996
   0.06646
   0.00897
  -0.07874
   0.09884
  -0.05657
  -0.02138
   0.08585
  -0.09615
   0.04579
   0.03346
  -0.09160
   0.09195
  -0.03429
  -0.04501
   0.09591
  -0.08630
   0.02224
   0.05584
  -0.09870
   0.07928
  -0.00985
  -0.06580
   0.09994
  -0.07102
  -0.00270
   0.07472
  -0.09960
   0.06164
   0.01521
  -0.08246
   0.09769
  -0.05128
  -0.02748
   0.08890
  -0.09424
   0.04012
   0.03931
  -0.09394
   0.08930
  -0.02832
  -0.05052
   0.09749
  -0.08295
   0.01608
   0.06094
  -0.09951
   0.07530
  -0.00358
  -0.07040
   0.09996
  -0.06646
  -0.00897
   0.07874
  -0.09884
   0.05657
   0.02138
  -0.08585
   0.09615
  -0.04579
  -0.03346
   0.09160
  -0.09195
   0.03429
   0.04501
  -0.09591
   0.08630
  -0.02224
  -0.05584
   0.09870
  -0.07928
   0.00985
   0.06580
  -0.09994
   0.07102
   0.00270
  -0.07472
   0.09960
  -0.06164
  -0.01521
   0.08246
  -0.09769
   0.05128
   0.02748
  -0.08890
   0.09424
  -0.04012
  -0.03931
   0.09394
  -0.08930
   0.02832
   0.05052
  -0.09749
   0.08295
  -0.01608
  -0.06094
   0.09951
  -0.07530
   0.00358
   0.07040
  -0.09996
   0.06646
   0.00897
  -0.07874
   0.09884
  -0.05657
  -0.02138
   0.08585
  -0.09615
   0.04579
   0.03346
  -0.09160
   0.09195
  -0.03429
  -0.04501
   0.09591
  -0.08630
   0.02224
   0.05584
  -0.09870
   0.07928
  -0.00985
  -0.06580
   0.09994
  -0.07102
  -0.00270
   0.07472
  -0.09960
   0.06164
   0.01521
  -0.08246
   0.09769
  -0.05128
  -0.02748
   0.08890
  -0.09424
   0.04012
   0.03931
  -0.09394
   0.08930
  -0.02832
  -0.05052
   0.09749
  -0.08295
   0.01608
   0.06094
  -0.09951
   0.07530
  -0.00358
