   0.08674
   0.05203
   0.00446
  -0.04422
  -0.08196
  -0.09942
  -0.09229
  -0.06233
  -0.01694
   0.03263
   0.07413
   0.09730
   0.09639
   0.07164
   0.02916
  -0.02053
  -0.06514
  -0.09363
  -0.09897
  -0.07982
  -0.04092
   0.00810
   0.05511
   0.08849
   0.09998
   0.08674
   0.05203
   0.00446
  -0.04422
  -0.08196
  -0.09942
  -0.09229
  -0.06233
  -0.01694
   0.03263
   0.07413
   0.09730
   0.09639
   0.07164
   0.02916
  -0.02053
  -0.06514
  -0.09363
  -0.09897
  -0.07982
  -0.04092
   0.00810
   0.05511
   0.08849
   0.09998
   0.08674
   0.05203
   0.00446
  -0.04422
  -0.08196
  -0.09942
  -0.09229
  -0.06233
  -0.01694
   0.03263
   0.07413
   0.09730
   0.09639
   0.07164
   0.02916
  -0.02053
  -0.06514
  -0.09363
  -0.09897
  -0.07982
  -0.04092
   0.00810
   0.05511
   0.08849
   0.09998
   0.08674
   0.05203
   0.00446
  -0.04422
  -0.08196
  -0.09942
  -0.09229
  -0.06233
  -0.01694
   0.03263
   0.07413
   0.09730
   0.09639
   0.07164
   0.02916
  -0.02053
  -0.06514
  -0.09363
  -0.09897
  -0.07982
  -0.04092
   0.00810
   0.05511
   0.08849
   0.09998
   0.08674
   0.05203
   0.00446
  -0.04422
  -0.08196
  -0.09942
  -0.09229
  -0.06233
  -0.01694
   0.03263
   0.07413
   0.09730
   0.09639
   0.07164
   0.02916
  -0.02053
  -0.06514
  -0.09363
  -0.09897
  -0.07982
  -0.04092
   0.00810
   0.05511
   0.08849
   0.09998
   0.08674
   0.05203
   0.00446
  -0.04422
  -0.08196
  -0.09942
  -0.09229
  -0.06233
  -0.01694
   0.03263
   0.07413
   0.09730
   0.09639
   0.07164
   0.02916
  -0.02053
  -0.06514
  -0.09363
  -0.09897
  -0.07982
  -0.04092
   0.00810
   0.05511
   0.08849
   0.09998
   0.08674
   0.05203
   0.00446
  -0.04422
  -0.08196
  -0.09942
  -0.09229
  -0.06233
  -0.01694
   0.03263
   0.07413
   0.09730
   0.09639
   0.07164
   0.02916
  -0.02053
  -0.06514
  -0.09363
  -0.09897
  -0.07982
  -0.04092
   0.00810
   0.05511
   0.08849
   0.09998
   0.08674
   0.05203
   0.00446
  -0.04422
  -0.08196
  -0.09942
  -0.09229
  -0.06233
  -0.01694
   0.03263
   0.07413
   0.09730
   0.09639
   0.07164
   0.02916
  -0.02053
  -0.06514
  -0.09363
  -0.09897
  -0.07982
  -0.04092
   0.00810
   0.05511
   0.08849
   0.09998
