  -0.06216
   0.09934
  -0.07834
   0.01144
   0.06216
  -0.09934
   0.07834
  -0.01144
  -0.06216
   0.09934
  -0.07834
   0.01144
   0.06216
  -0.09934
   0.07834
  -0.01144
  -0.06216
   0.09934
  -0.07834
   0.01144
   0.06216
  -0.09934
   0.07834
  -0.01144
  -0.06216
   0.09934
  -0.07834
   0.01144
   0.06216
  -0.09934
   0.07834
  -0.01144
  -0.06216
   0.09934
  -0.07834
   0.01144
   0.06216
  -0.09934
   0.07834
  -0.01144
  -0.06216
   0.09934
  -0.07834
   0.01144
   0.06216
  -0.09934
   0.07834
  -0.01144
  -0.06216
   0.09934
  -0.07834
   0.01144
   0.06216
  -0.09934
   0.07834
  -0.01144
  -0.06216
   0.09934
  -0.07834
   0.01144
   0.06216
  -0.09934
   0.07834
  -0.01144
  -0.06216
   0.09934
  -0.07834
   0.01144
   0.06216
  -0.09934
   0.07834
  -0.01144
  -0.06216
   0.09934
  -0.07834
   0.01144
   0.06216
  -0.09934
   0.07834
  -0.01144
  -0.06216
   0.09934
  -0.07834
   0.01144
   0.06216
  -0.09934
   0.07834
  -0.01144
  -0.06216
   0.09934
  -0.07834
   0.01144
   0.06216
  -0.09934
   0.07834
  -0.01144
  -0.06216
   0.09934
  -0.07834
   0.01144
   0.06216
  -0.09934
   0.07834
  -0.01144
  -0.06216
   0.09934
  -0.07834
   0.01144
   0.06216
  -0.09934
   0.07834
  -0.01144
  -0.06216
   0.09934
  -0.07834
   0.01144
   0.06216
  -0.09934
   0.07834
  -0.01144
  -0.06216
   0.09934
  -0.07834
   0.01144
   0.06216
  -0.09934
   0.07834
  -0.01144
  -0.06216
   0.09934
  -0.07834
   0.01144
   0.06216
  -0.09934
   0.07834
  -0.01144
  -0.06216
   0.09934
  -0.07834
   0.01144
   0.06216
  -0.09934
   0.07834
  -0.01144
  -0.06216
   0.09934
  -0.07834
   0.01144
   0.06216
  -0.09934
   0.07834
  -0.01144
  -0.06216
   0.09934
  -0.07834
   0.01144
   0.06216
  -0.09934
   0.07834
  -0.01144
  -0.06216
   0.09934
  -0.07834
   0.01144
   0.06216
  -0.09934
   0.07834
  -0.01144
  -0.06216
   0.09934
  -0.07834
   0.01144
   0.06216
  -0.09934
   0.07834
  -0.01144
  -0.06216
   0.09934
  -0.07834
   0.01144
   0.06216
  -0.09934
   0.07834
  -0.01144
  -0.06216
   0.09934
  -0.07834
   0.01144
   0.06216
  -0.09934
   0.07834
  -0.01144
  -0.06216
   0.09934
  -0.07834
   0.01144
   0.06216
  -0.09934
   0.07834
  -0.01144
