  -0.08530
   0.04122
   0.01712
  -0.06954
   0.09791
  -0.09242
   0.05497
   0.00149
  -0.05744
   0.09352
  -0.09725
   0.06736
  -0.01417
  -0.04393
   0.08683
  -0.09970
   0.07809
  -0.02948
  -0.02933
   0.07800
  -0.09969
   0.08690
  -0.04406
  -0.01401
   0.06725
  -0.09722
   0.09357
  -0.05756
   0.00165
   0.05484
  -0.09236
   0.09794
  -0.06965
   0.01727
   0.04108
  -0.08522
   0.09989
  -0.08001
   0.03246
   0.02631
  -0.07599
   0.09939
  -0.08841
   0.04686
   0.01090
  -0.06489
   0.09644
  -0.09463
   0.06010
  -0.00479
  -0.05219
   0.09111
  -0.09852
   0.07187
  -0.02035
  -0.03820
   0.08354
  -0.09999
   0.08186
  -0.03542
  -0.02327
   0.07391
  -0.09899
   0.08984
  -0.04961
  -0.00777
   0.06246
  -0.09556
   0.09560
  -0.06258
   0.00792
   0.04948
  -0.08977
   0.09901
  -0.07401
   0.02342
   0.03528
  -0.08177
   0.09999
  -0.08362
   0.03834
   0.02020
  -0.07176
   0.09850
  -0.09117
   0.05231
   0.00463
  -0.05998
   0.09458
  -0.09648
   0.06500
  -0.01105
  -0.04673
   0.08834
  -0.09940
   0.07609
  -0.02646
  -0.03232
   0.07992
  -0.09989
   0.08530
  -0.04122
  -0.01712
   0.06954
  -0.09791
   0.09242
  -0.05497
  -0.00149
   0.05744
  -0.09352
   0.09725
  -0.06736
   0.01417
   0.04393
  -0.08683
   0.09970
  -0.07809
   0.02948
   0.02933
  -0.07800
   0.09969
  -0.08690
   0.04406
   0.01401
  -0.06725
   0.09722
  -0.09357
   0.05756
  -0.00165
  -0.05484
   0.09236
  -0.09794
   0.06965
  -0.01727
  -0.04108
   0.08522
  -0.09989
   0.08001
  -0.03246
  -0.02631
   0.07599
  -0.09939
   0.08841
  -0.04686
  -0.01090
   0.06489
  -0.09644
   0.09463
  -0.06010
   0.00479
   0.05219
  -0.09111
   0.09852
  -0.07187
   0.02035
   0.03820
  -0.08354
   0.09999
  -0.08186
   0.03542
   0.02327
  -0.07391
   0.09899
  -0.08984
   0.04961
   0.00777
  -0.06246
   0.09556
  -0.09560
   0.06258
  -0.00792
  -0.04948
   0.08977
  -0.09901
   0.07401
  -0.02342
  -0.03528
   0.08177
  -0.09999
   0.08362
  -0.03834
  -0.02020
   0.07176
  -0.09850
   0.09117
  -0.05231
  -0.00463
   0.05998
  -0.09458
   0.09648
  -0.06500
   0.01105
   0.04673
  -0.08834
   0.09940
  -0.07609
   0.02646
   0.03232
  -0.07992
   0.09989
