  -0.02670
   0.08670
   0.06982
  -0.05198
  -0.09567
   0.00439
   0.09786
   0.04428
  -0.07583
  -0.08200
   0.03505
   0.09943
   0.01441
  -0.09226
  -0.06030
   0.06227
   0.09127
  -0.01688
  -0.09967
  -0.03269
   0.08340
   0.07418
  -0.04651
  -0.09731
  -0.00189
   0.09637
   0.04982
  -0.07159
  -0.08543
   0.02910
   0.09990
   0.02059
  -0.08966
  -0.06519
   0.05724
   0.09366
  -0.01066
  -0.09896
  -0.03856
   0.07978
   0.07824
  -0.04086
  -0.09857
  -0.00816
   0.09450
   0.05517
  -0.06706
  -0.08853
   0.02303
   0.09998
   0.02670
  -0.08670
  -0.06982
   0.05198
   0.09567
  -0.00439
  -0.09786
  -0.04428
   0.07583
   0.08200
  -0.03505
  -0.09943
  -0.01441
   0.09226
   0.06030
  -0.06227
  -0.09127
   0.01688
   0.09967
   0.03269
  -0.08340
  -0.07418
   0.04651
   0.09731
   0.00189
  -0.09637
  -0.04982
   0.07159
   0.08543
  -0.02910
  -0.09990
  -0.02059
   0.08966
   0.06519
  -0.05724
  -0.09366
   0.01066
   0.09896
   0.03856
  -0.07978
  -0.07824
   0.04086
   0.09857
   0.00816
  -0.09450
  -0.05517
   0.06706
   0.08853
  -0.02303
  -0.09998
  -0.02670
   0.08670
   0.06982
  -0.05198
  -0.09567
   0.00439
   0.09786
   0.04428
  -0.07583
  -0.08200
   0.03505
   0.09943
   0.01441
  -0.09226
  -0.06030
   0.06227
   0.09127
  -0.01688
  -0.09967
  -0.03269
   0.08340
   0.07418
  -0.04651
  -0.09731
  -0.00189
   0.09637
   0.04982
  -0.07159
  -0.08543
   0.02910
   0.09990
   0.02059
  -0.08966
  -0.06519
   0.05724
   0.09366
  -0.01066
  -0.09896
  -0.03856
   0.07978
   0.07824
  -0.04086
  -0.09857
  -0.00816
   0.09450
   0.05517
  -0.06706
  -0.08853
   0.02303
   0.09998
   0.02670
  -0.08670
  -0.06982
   0.05198
   0.09567
  -0.00439
  -0.09786
  -0.04428
   0.07583
   0.08200
  -0.03505
  -0.09943
  -0.01441
   0.09226
   0.06030
  -0.06227
  -0.09127
   0.01688
   0.09967
   0.03269
  -0.08340
  -0.07418
   0.04651
   0.09731
   0.00189
  -0.09637
  -0.04982
   0.07159
   0.08543
  -0.02910
  -0.09990
  -0.02059
   0.08966
   0.06519
  -0.05724
  -0.09366
   0.01066
   0.09896
   0.03856
  -0.07978
  -0.07824
   0.04086
   0.09857
   0.00816
  -0.09450
  -0.05517
   0.06706
   0.08853
  -0.02303
  -0.09998
