  -0.06825
  -0.02514
   0.09519
  -0.07688
  -0.01281
   0.09060
  -0.08428
  -0.00028
   0.08458
  -0.09036
   0.01226
   0.07723
  -0.09502
   0.02460
   0.06866
  -0.09818
   0.03656
   0.05900
  -0.09978
   0.04793
   0.04842
  -0.09982
   0.05856
   0.03707
  -0.09828
   0.06825
   0.02514
  -0.09519
   0.07688
   0.01281
  -0.09060
   0.08428
   0.00028
  -0.08458
   0.09036
  -0.01226
  -0.07723
   0.09502
  -0.02460
  -0.06866
   0.09818
  -0.03656
  -0.05900
   0.09978
  -0.04793
  -0.04842
   0.09982
  -0.05856
  -0.03707
   0.09828
  -0.06825
  -0.02514
   0.09519
  -0.07688
  -0.01281
   0.09060
  -0.08428
  -0.00028
   0.08458
  -0.09036
   0.01226
   0.07723
  -0.09502
   0.02460
   0.06866
  -0.09818
   0.03656
   0.05900
  -0.09978
   0.04793
   0.04842
  -0.09982
   0.05856
   0.03707
  -0.09828
   0.06825
   0.02514
  -0.09519
   0.07688
   0.01281
  -0.09060
   0.08428
   0.00028
  -0.08458
   0.09036
  -0.01226
  -0.07723
   0.09502
  -0.02460
  -0.06866
   0.09818
  -0.03656
  -0.05900
   0.09978
  -0.04793
  -0.04842
   0.09982
  -0.05856
  -0.03707
   0.09828
  -0.06825
  -0.02514
   0.09519
  -0.07688
  -0.01281
   0.09060
  -0.08428
  -0.00028
   0.08458
  -0.09036
   0.01226
   0.07723
  -0.09502
   0.02460
   0.06866
  -0.09818
   0.03656
   0.05900
  -0.09978
   0.04793
   0.04842
  -0.09982
   0.05856
   0.03707
  -0.09828
   0.06825
   0.02514
  -0.09519
   0.07688
   0.01281
  -0.09060
   0.08428
   0.00028
  -0.08458
   0.09036
  -0.01226
  -0.07723
   0.09502
  -0.02460
  -0.06866
   0.09818
  -0.03656
  -0.05900
   0.09978
  -0.04793
  -0.04842
   0.09982
  -0.05856
  -0.03707
   0.09828
  -0.06825
  -0.02514
   0.09519
  -0.07688
  -0.01281
   0.09060
  -0.08428
  -0.00028
   0.08458
  -0.09036
   0.01226
   0.07723
  -0.09502
   0.02460
   0.06866
  -0.09818
   0.03656
   0.05900
  -0.09978
   0.04793
   0.04842
  -0.09982
   0.05856
   0.03707
  -0.09828
   0.06825
   0.02514
  -0.09519
   0.07688
   0.01281
  -0.09060
   0.08428
   0.00028
  -0.08458
   0.09036
  -0.01226
  -0.07723
   0.09502
  -0.02460
  -0.06866
   0.09818
  -0.03656
  -0.05900
   0.09978
  -0.04793
  -0.04842
   0.09982
  -0.05856
  -0.03707
   0.09828
