   0.04200
   0.09530
  -0.01812
  -0.09984
  -0.00691
   0.09811
   0.03150
  -0.09021
  -0.05412
   0.07665
   0.07333
  -0.05827
  -0.08793
   0.03622
   0.09701
  -0.01191
  -0.10000
  -0.01316
   0.09670
   0.03740
  -0.08732
  -0.05929
   0.07246
   0.07745
  -0.05305
  -0.09075
   0.03030
   0.09835
  -0.00565
  -0.09976
  -0.01936
   0.09491
   0.04315
  -0.08409
  -0.06423
   0.06799
   0.08127
  -0.04762
  -0.09321
   0.02426
   0.09929
   0.00063
  -0.09913
  -0.02548
   0.09274
   0.04873
  -0.08053
  -0.06891
   0.06325
   0.08477
  -0.04200
  -0.09530
   0.01812
   0.09984
   0.00691
  -0.09811
  -0.03150
   0.09021
   0.05412
  -0.07665
  -0.07333
   0.05827
   0.08793
  -0.03622
  -0.09701
   0.01191
   0.10000
   0.01316
  -0.09670
  -0.03740
   0.08732
   0.05929
  -0.07246
  -0.07745
   0.05305
   0.09075
  -0.03030
  -0.09835
   0.00565
   0.09976
   0.01936
  -0.09491
  -0.04315
   0.08409
   0.06423
  -0.06799
  -0.08127
   0.04762
   0.09321
  -0.02426
  -0.09929
  -0.00063
   0.09913
   0.02548
  -0.09274
  -0.04873
   0.08053
   0.06891
  -0.06325
  -0.08477
   0.04200
   0.09530
  -0.01812
  -0.09984
  -0.00691
   0.09811
   0.03150
  -0.09021
  -0.05412
   0.07665
   0.07333
  -0.05827
  -0.08793
   0.03622
   0.09701
  -0.01191
  -0.10000
  -0.01316
   0.09670
   0.03740
  -0.08732
  -0.05929
   0.07246
   0.07745
  -0.05305
  -0.09075
   0.03030
   0.09835
  -0.00565
  -0.09976
  -0.01936
   0.09491
   0.04315
  -0.08409
  -0.06423
   0.06799
   0.08127
  -0.04762
  -0.09321
   0.02426
   0.09929
   0.00063
  -0.09913
  -0.02548
   0.09274
   0.04873
  -0.08053
  -0.06891
   0.06325
   0.08477
  -0.04200
  -0.09530
   0.01812
   0.09984
   0.00691
  -0.09811
  -0.03150
   0.09021
   0.05412
  -0.07665
  -0.07333
   0.05827
   0.08793
  -0.03622
  -0.09701
   0.01191
   0.10000
   0.01316
  -0.09670
  -0.03740
   0.08732
   0.05929
  -0.07246
  -0.07745
   0.05305
   0.09075
  -0.03030
  -0.09835
   0.00565
   0.09976
   0.01936
  -0.09491
  -0.04315
   0.08409
   0.06423
  -0.06799
  -0.08127
   0.04762
   0.09321
  -0.02426
  -0.09929
  -0.00063
   0.09913
   0.02548
  -0.09274
  -0.04873
   0.08053
   0.06891
  -0.06325
  -0.08477
