  -0.00927
  -0.01860
  -0.02777
  -0.03669
  -0.04528
  -0.05347
  -0.06118
  -0.06836
  -0.07492
  -0.08082
  -0.08600
  -0.09042
  -0.09404
  -0.09682
  -0.09875
  -0.09979
  -0.09995
  -0.09923
  -0.09762
  -0.09515
  -0.09183
  -0.08770
  -0.08278
  -0.07714
  -0.07081
  -0.06385
  -0.05632
  -0.04829
  -0.03984
  -0.03103
  -0.02195
  -0.01267
  -0.00328
   0.00614
   0.01551
   0.02474
   0.03375
   0.04245
   0.05079
   0.05867
   0.06603
   0.07280
   0.07893
   0.08436
   0.08904
   0.09293
   0.09599
   0.09820
   0.09954
   0.10000
   0.09957
   0.09825
   0.09607
   0.09303
   0.08916
   0.08451
   0.07910
   0.07299
   0.06623
   0.05889
   0.05102
   0.04270
   0.03400
   0.02500
   0.01578
   0.00642
  -0.00300
  -0.01240
  -0.02168
  -0.03077
  -0.03959
  -0.04806
  -0.05610
  -0.06364
  -0.07061
  -0.07696
  -0.08263
  -0.08756
  -0.09172
  -0.09506
  -0.09756
  -0.09919
  -0.09995
  -0.09981
  -0.09879
  -0.09689
  -0.09413
  -0.09054
  -0.08614
  -0.08098
  -0.07510
  -0.06855
  -0.06140
  -0.05370
  -0.04552
  -0.03694
  -0.02803
  -0.01887
  -0.00955
  -0.00014
   0.00927
   0.01860
   0.02777
   0.03669
   0.04528
   0.05347
   0.06118
   0.06836
   0.07492
   0.08082
   0.08600
   0.09042
   0.09404
   0.09682
   0.09875
   0.09979
   0.09995
   0.09923
   0.09762
   0.09515
   0.09183
   0.08770
   0.08278
   0.07714
   0.07081
   0.06385
   0.05632
   0.04829
   0.03984
   0.03103
   0.02195
   0.01267
   0.00328
  -0.00614
  -0.01551
  -0.02474
  -0.03375
  -0.04245
  -0.05079
  -0.05867
  -0.06603
  -0.07280
  -0.07893
  -0.08436
  -0.08904
  -0.09293
  -0.09599
  -0.09820
  -0.09954
  -0.10000
  -0.09957
  -0.09825
  -0.09607
  -0.09303
  -0.08916
  -0.08451
  -0.07910
  -0.07299
  -0.06623
  -0.05889
  -0.05102
  -0.04270
  -0.03400
  -0.02500
  -0.01578
  -0.00642
   0.00300
   0.01240
   0.02168
   0.03077
   0.03959
   0.04806
   0.05610
   0.06364
   0.07061
   0.07696
   0.08263
   0.08756
   0.09172
   0.09506
   0.09756
   0.09919
   0.09995
   0.09981
   0.09879
   0.09689
   0.09413
   0.09054
   0.08614
   0.08098
   0.07510
   0.06855
   0.06140
   0.05370
   0.04552
   0.03694
   0.02803
   0.01887
   0.00955
   0.00014
