   0.07705
   0.09823
   0.04818
  -0.03681
  -0.09510
  -0.08444
  -0.01254
   0.06845
   0.09980
   0.05878
  -0.02486
  -0.09048
  -0.09049
  -0.02488
   0.05877
   0.09980
   0.06846
  -0.01253
  -0.08443
  -0.09511
  -0.03682
   0.04817
   0.09823
   0.07706
   0.00001
  -0.07705
  -0.09823
  -0.04818
   0.03681
   0.09510
   0.08444
   0.01254
  -0.06845
  -0.09980
  -0.05878
   0.02486
   0.09048
   0.09049
   0.02488
  -0.05877
  -0.09980
  -0.06846
   0.01253
   0.08443
   0.09511
   0.03682
  -0.04817
  -0.09823
  -0.07706
  -0.00001
   0.07705
   0.09823
   0.04818
  -0.03681
  -0.09510
  -0.08444
  -0.01254
   0.06845
   0.09980
   0.05878
  -0.02486
  -0.09048
  -0.09049
  -0.02488
   0.05877
   0.09980
   0.06846
  -0.01253
  -0.08443
  -0.09511
  -0.03682
   0.04817
   0.09823
   0.07706
   0.00001
  -0.07705
  -0.09823
  -0.04818
   0.03681
   0.09510
   0.08444
   0.01254
  -0.06845
  -0.09980
  -0.05878
   0.02486
   0.09048
   0.09049
   0.02488
  -0.05877
  -0.09980
  -0.06846
   0.01253
   0.08443
   0.09511
   0.03682
  -0.04817
  -0.09823
  -0.07706
  -0.00001
   0.07705
   0.09823
   0.04818
  -0.03681
  -0.09510
  -0.08444
  -0.01254
   0.06845
   0.09980
   0.05878
  -0.02486
  -0.09048
  -0.09049
  -0.02488
   0.05877
   0.09980
   0.06846
  -0.01253
  -0.08443
  -0.09511
  -0.03682
   0.04817
   0.09823
   0.07706
   0.00001
  -0.07705
  -0.09823
  -0.04818
   0.03681
   0.09510
   0.08444
   0.01254
  -0.06845
  -0.09980
  -0.05878
   0.02486
   0.09048
   0.09049
   0.02488
  -0.05877
  -0.09980
  -0.06846
   0.01253
   0.08443
   0.09511
   0.03682
  -0.04817
  -0.09823
  -0.07706
  -0.00001
   0.07705
   0.09823
   0.04818
  -0.03681
  -0.09510
  -0.08444
  -0.01254
   0.06845
   0.09980
   0.05878
  -0.02486
  -0.09048
  -0.09049
  -0.02488
   0.05877
   0.09980
   0.06846
  -0.01253
  -0.08443
  -0.09511
  -0.03682
   0.04817
   0.09823
   0.07706
   0.00001
  -0.07705
  -0.09823
  -0.04818
   0.03681
   0.09510
   0.08444
   0.01254
  -0.06845
  -0.09980
  -0.05878
   0.02486
   0.09048
   0.09049
   0.02488
  -0.05877
  -0.09980
  -0.06846
   0.01253
   0.08443
   0.09511
   0.03682
  -0.04817
  -0.09823
  -0.07706
  -0.00001
