  -0.04888
  -0.08316
  -0.09931
  -0.09381
  -0.06787
  -0.02713
   0.01952
   0.06192
   0.09082
   0.09992
   0.08724
   0.05554
   0.01174
  -0.03463
  -0.07344
  -0.09625
  -0.09808
  -0.07852
  -0.04185
   0.00394
   0.04888
   0.08316
   0.09931
   0.09381
   0.06787
   0.02713
  -0.01952
  -0.06192
  -0.09082
  -0.09992
  -0.08724
  -0.05554
  -0.01174
   0.03463
   0.07344
   0.09625
   0.09808
   0.07852
   0.04185
  -0.00394
  -0.04888
  -0.08316
  -0.09931
  -0.09381
  -0.06787
  -0.02713
   0.01952
   0.06192
   0.09082
   0.09992
   0.08724
   0.05554
   0.01174
  -0.03463
  -0.07344
  -0.09625
  -0.09808
  -0.07852
  -0.04185
   0.00394
   0.04888
   0.08316
   0.09931
   0.09381
   0.06787
   0.02713
  -0.01952
  -0.06192
  -0.09082
  -0.09992
  -0.08724
  -0.05554
  -0.01174
   0.03463
   0.07344
   0.09625
   0.09808
   0.07852
   0.04185
  -0.00394
  -0.04888
  -0.08316
  -0.09931
  -0.09381
  -0.06787
  -0.02713
   0.01952
   0.06192
   0.09082
   0.09992
   0.08724
   0.05554
   0.01174
  -0.03463
  -0.07344
  -0.09625
  -0.09808
  -0.07852
  -0.04185
   0.00394
   0.04888
   0.08316
   0.09931
   0.09381
   0.06787
   0.02713
  -0.01952
  -0.06192
  -0.09082
  -0.09992
  -0.08724
  -0.05554
  -0.01174
   0.03463
   0.07344
   0.09625
   0.09808
   0.07852
   0.04185
  -0.00394
  -0.04888
  -0.08316
  -0.09931
  -0.09381
  -0.06787
  -0.02713
   0.01952
   0.06192
   0.09082
   0.09992
   0.08724
   0.05554
   0.01174
  -0.03463
  -0.07344
  -0.09625
  -0.09808
  -0.07852
  -0.04185
   0.00394
   0.04888
   0.08316
   0.09931
   0.09381
   0.06787
   0.02713
  -0.01952
  -0.06192
  -0.09082
  -0.09992
  -0.08724
  -0.05554
  -0.01174
   0.03463
   0.07344
   0.09625
   0.09808
   0.07852
   0.04185
  -0.00394
  -0.04888
  -0.08316
  -0.09931
  -0.09381
  -0.06787
  -0.02713
   0.01952
   0.06192
   0.09082
   0.09992
   0.08724
   0.05554
   0.01174
  -0.03463
  -0.07344
  -0.09625
  -0.09808
  -0.07852
  -0.04185
   0.00394
   0.04888
   0.08316
   0.09931
   0.09381
   0.06787
   0.02713
  -0.01952
  -0.06192
  -0.09082
  -0.09992
  -0.08724
  -0.05554
  -0.01174
   0.03463
   0.07344
   0.09625
   0.09808
   0.07852
   0.04185
  -0.00394
