  -0.08311
   0.09017
  -0.00869
  -0.08132
   0.09149
  -0.01182
  -0.07946
   0.09271
  -0.01493
  -0.07751
   0.09384
  -0.01803
  -0.07549
   0.09488
  -0.02111
  -0.07339
   0.09583
  -0.02417
  -0.07122
   0.09668
  -0.02720
  -0.06898
   0.09743
  -0.03021
  -0.06667
   0.09809
  -0.03319
  -0.06430
   0.09865
  -0.03614
  -0.06186
   0.09912
  -0.03905
  -0.05936
   0.09949
  -0.04192
  -0.05680
   0.09975
  -0.04475
  -0.05419
   0.09993
  -0.04754
  -0.05152
   0.10000
  -0.05028
  -0.04881
   0.09997
  -0.05297
  -0.04604
   0.09985
  -0.05561
  -0.04323
   0.09962
  -0.05819
  -0.04038
   0.09930
  -0.06072
  -0.03748
   0.09888
  -0.06318
  -0.03455
   0.09836
  -0.06559
  -0.03159
   0.09775
  -0.06793
  -0.02859
   0.09704
  -0.07020
  -0.02557
   0.09623
  -0.07240
  -0.02252
   0.09533
  -0.07453
  -0.01945
   0.09433
  -0.07659
  -0.01636
   0.09324
  -0.07857
  -0.01325
   0.09206
  -0.08048
  -0.01013
   0.09079
  -0.08230
  -0.00700
   0.08943
  -0.08404
  -0.00386
   0.08798
  -0.08570
  -0.00072
   0.08644
  -0.08728
   0.00242
   0.08482
  -0.08877
   0.00556
   0.08311
  -0.09017
   0.00869
   0.08132
  -0.09149
   0.01182
   0.07946
  -0.09271
   0.01493
   0.07751
  -0.09384
   0.01803
   0.07549
  -0.09488
   0.02111
   0.07339
  -0.09583
   0.02417
   0.07122
  -0.09668
   0.02720
   0.06898
  -0.09743
   0.03021
   0.06667
  -0.09809
   0.03319
   0.06430
  -0.09865
   0.03614
   0.06186
  -0.09912
   0.03905
   0.05936
  -0.09949
   0.04192
   0.05680
  -0.09975
   0.04475
   0.05419
  -0.09993
   0.04754
   0.05152
  -0.10000
   0.05028
   0.04881
  -0.09997
   0.05297
   0.04604
  -0.09985
   0.05561
   0.04323
  -0.09962
   0.05819
   0.04038
  -0.09930
   0.06072
   0.03748
  -0.09888
   0.06318
   0.03455
  -0.09836
   0.06559
   0.03159
  -0.09775
   0.06793
   0.02859
  -0.09704
   0.07020
   0.02557
  -0.09623
   0.07240
   0.02252
  -0.09533
   0.07453
   0.01945
  -0.09433
   0.07659
   0.01636
  -0.09324
   0.07857
   0.01325
  -0.09206
   0.08048
   0.01013
  -0.09079
   0.08230
   0.00700
  -0.08943
   0.08404
   0.00386
  -0.08798
   0.08570
   0.00072
  -0.08644
   0.08728
  -0.00242
  -0.08482
   0.08877
  -0.00556
