   0.09334
  -0.07001
  -0.03773
   0.09998
  -0.04169
  -0.06687
   0.09480
  -0.00843
  -0.08810
   0.07841
   0.02582
  -0.09892
   0.05275
   0.05702
  -0.09804
   0.02085
   0.08148
  -0.08557
  -0.01351
   0.09630
  -0.06298
  -0.04627
   0.09974
  -0.03295
  -0.07357
   0.09138
   0.00098
  -0.09216
   0.07222
   0.03480
  -0.09986
   0.04452
   0.06450
  -0.09575
   0.01156
   0.08657
  -0.08032
  -0.02277
   0.09841
  -0.05539
  -0.05441
   0.09861
  -0.02392
  -0.07961
   0.08715
   0.01039
  -0.09540
   0.06539
   0.04347
  -0.09991
   0.03590
   0.07140
  -0.09261
   0.00216
   0.09090
  -0.07436
  -0.03184
   0.09964
  -0.04731
  -0.06206
   0.09661
  -0.01467
  -0.08496
   0.08215
   0.01970
  -0.09780
   0.05798
   0.05175
  -0.09908
   0.02695
   0.07767
  -0.08865
  -0.00726
   0.09442
  -0.06773
  -0.04062
   0.10000
  -0.03881
  -0.06917
   0.09375
  -0.00530
  -0.08954
   0.07642
   0.02884
  -0.09933
   0.05006
   0.05957
  -0.09737
   0.01777
   0.08326
  -0.08390
  -0.01661
   0.09710
  -0.06051
  -0.04903
   0.09946
  -0.02996
  -0.07566
   0.09006
   0.00412
  -0.09334
   0.07001
   0.03773
  -0.09998
   0.04169
   0.06687
  -0.09480
   0.00843
   0.08810
  -0.07841
  -0.02582
   0.09892
  -0.05275
  -0.05702
   0.09804
  -0.02085
  -0.08148
   0.08557
   0.01351
  -0.09630
   0.06298
   0.04627
  -0.09974
   0.03295
   0.07357
  -0.09138
  -0.00098
   0.09216
  -0.07222
  -0.03480
   0.09986
  -0.04452
  -0.06450
   0.09575
  -0.01156
  -0.08657
   0.08032
   0.02277
  -0.09841
   0.05539
   0.05441
  -0.09861
   0.02392
   0.07961
  -0.08715
  -0.01039
   0.09540
  -0.06539
  -0.04347
   0.09991
  -0.03590
  -0.07140
   0.09261
  -0.00216
  -0.09090
   0.07436
   0.03184
  -0.09964
   0.04731
   0.06206
  -0.09661
   0.01467
   0.08496
  -0.08215
  -0.01970
   0.09780
  -0.05798
  -0.05175
   0.09908
  -0.02695
  -0.07767
   0.08865
   0.00726
  -0.09442
   0.06773
   0.04062
  -0.10000
   0.03881
   0.06917
  -0.09375
   0.00530
   0.08954
  -0.07642
  -0.02884
   0.09933
  -0.05006
  -0.05957
   0.09737
  -0.01777
  -0.08326
   0.08390
   0.01661
  -0.09710
   0.06051
   0.04903
  -0.09946
   0.02996
   0.07566
  -0.09006
  -0.00412
