  -0.05430
   0.07953
  -0.09536
   0.09992
  -0.09266
   0.07445
  -0.04743
   0.01480
   0.01957
  -0.05163
   0.07759
  -0.09437
   0.10000
  -0.09380
   0.07651
  -0.05017
   0.01790
   0.01648
  -0.04892
   0.07557
  -0.09329
   0.09997
  -0.09484
   0.07849
  -0.05286
   0.02098
   0.01338
  -0.04615
   0.07348
  -0.09211
   0.09985
  -0.09579
   0.08040
  -0.05550
   0.02405
   0.01026
  -0.04335
   0.07131
  -0.09084
   0.09963
  -0.09664
   0.08223
  -0.05809
   0.02708
   0.00713
  -0.04049
   0.06907
  -0.08948
   0.09931
  -0.09740
   0.08397
  -0.06062
   0.03009
   0.00399
  -0.03760
   0.06677
  -0.08804
   0.09890
  -0.09807
   0.08564
  -0.06309
   0.03307
   0.00085
  -0.03467
   0.06439
  -0.08650
   0.09838
  -0.09863
   0.08722
  -0.06549
   0.03602
  -0.00229
  -0.03171
   0.06196
  -0.08488
   0.09777
  -0.09910
   0.08871
  -0.06783
   0.03893
  -0.00543
  -0.02871
   0.05946
  -0.08318
   0.09707
  -0.09947
   0.09012
  -0.07011
   0.04181
  -0.00856
  -0.02569
   0.05691
  -0.08140
   0.09626
  -0.09975
   0.09143
  -0.07231
   0.04464
  -0.01169
  -0.02264
   0.05430
  -0.07953
   0.09536
  -0.09992
   0.09266
  -0.07445
   0.04743
  -0.01480
  -0.01957
   0.05163
  -0.07759
   0.09437
  -0.10000
   0.09380
  -0.07651
   0.05017
  -0.01790
  -0.01648
   0.04892
  -0.07557
   0.09329
  -0.09997
   0.09484
  -0.07849
   0.05286
  -0.02098
  -0.01338
   0.04615
  -0.07348
   0.09211
  -0.09985
   0.09579
  -0.08040
   0.05550
  -0.02405
  -0.01026
   0.04335
  -0.07131
   0.09084
  -0.09963
   0.09664
  -0.08223
   0.05809
  -0.02708
  -0.00713
   0.04049
  -0.06907
   0.08948
  -0.09931
   0.09740
  -0.08397
   0.06062
  -0.03009
  -0.00399
   0.03760
  -0.06677
   0.08804
  -0.09890
   0.09807
  -0.08564
   0.06309
  -0.03307
  -0.00085
   0.03467
  -0.06439
   0.08650
  -0.09838
   0.09863
  -0.08722
   0.06549
  -0.03602
   0.00229
   0.03171
  -0.06196
   0.08488
  -0.09777
   0.09910
  -0.08871
   0.06783
  -0.03893
   0.00543
   0.02871
  -0.05946
   0.08318
  -0.09707
   0.09947
  -0.09012
   0.07011
  -0.04181
   0.00856
   0.02569
  -0.05691
   0.08140
  -0.09626
   0.09975
  -0.09143
   0.07231
  -0.04464
   0.01169
   0.02264
