   0.08363
   0.09236
   0.02020
  -0.06965
  -0.09850
  -0.04108
   0.05232
   0.09989
   0.05998
  -0.03247
  -0.09648
  -0.07599
   0.01105
   0.08841
   0.08834
   0.01089
  -0.07609
  -0.09643
  -0.03231
   0.06011
   0.09989
   0.05218
  -0.04123
  -0.09852
  -0.06953
   0.02036
   0.09242
   0.08354
   0.00149
  -0.08186
  -0.09352
  -0.02326
   0.06736
   0.09899
   0.04392
  -0.04962
  -0.09970
  -0.06246
   0.02948
   0.09560
   0.07799
  -0.00793
  -0.08690
  -0.08977
  -0.01401
   0.07402
   0.09722
   0.03527
  -0.05757
  -0.09999
  -0.05483
   0.03834
   0.09794
   0.07176
  -0.01727
  -0.09117
  -0.08522
  -0.00463
   0.08002
   0.09458
   0.02631
  -0.06501
  -0.09939
  -0.04672
   0.04687
   0.09941
   0.06488
  -0.02647
  -0.09464
  -0.07992
   0.00479
   0.08531
   0.09111
   0.01711
  -0.07187
  -0.09791
  -0.03819
   0.05497
   0.09999
   0.05743
  -0.03542
  -0.09726
  -0.07391
   0.01417
   0.08984
   0.08682
   0.00776
  -0.07809
  -0.09556
  -0.02933
   0.06259
   0.09969
   0.04947
  -0.04407
  -0.09901
  -0.06724
   0.02342
   0.09357
   0.08177
  -0.00165
  -0.08363
  -0.09236
  -0.02020
   0.06965
   0.09850
   0.04108
  -0.05232
  -0.09989
  -0.05998
   0.03247
   0.09648
   0.07599
  -0.01105
  -0.08841
  -0.08834
  -0.01089
   0.07609
   0.09643
   0.03231
  -0.06011
  -0.09989
  -0.05218
   0.04123
   0.09852
   0.06953
  -0.02036
  -0.09242
  -0.08354
  -0.00149
   0.08186
   0.09352
   0.02326
  -0.06736
  -0.09899
  -0.04392
   0.04962
   0.09970
   0.06246
  -0.02948
  -0.09560
  -0.07799
   0.00793
   0.08690
   0.08977
   0.01401
  -0.07402
  -0.09722
  -0.03527
   0.05757
   0.09999
   0.05483
  -0.03834
  -0.09794
  -0.07176
   0.01727
   0.09117
   0.08522
   0.00463
  -0.08002
  -0.09458
  -0.02631
   0.06501
   0.09939
   0.04672
  -0.04687
  -0.09941
  -0.06488
   0.02647
   0.09464
   0.07992
  -0.00479
  -0.08531
  -0.09111
  -0.01711
   0.07187
   0.09791
   0.03819
  -0.05497
  -0.09999
  -0.05743
   0.03542
   0.09726
   0.07391
  -0.01417
  -0.08984
  -0.08682
  -0.00776
   0.07809
   0.09556
   0.02933
  -0.06259
  -0.09969
  -0.04947
   0.04407
   0.09901
   0.06724
  -0.02342
  -0.09357
  -0.08177
   0.00165
