  -0.09992
   0.02576
   0.08868
  -0.06445
  -0.06056
   0.09087
   0.02091
  -0.10000
   0.02272
   0.09009
  -0.06202
  -0.06303
   0.08952
   0.02397
  -0.09998
   0.01964
   0.09140
  -0.05952
  -0.06544
   0.08807
   0.02701
  -0.09986
   0.01656
   0.09263
  -0.05697
  -0.06778
   0.08654
   0.03002
  -0.09964
   0.01345
   0.09377
  -0.05436
  -0.07005
   0.08492
   0.03300
  -0.09932
   0.01033
   0.09482
  -0.05170
  -0.07226
   0.08322
   0.03595
  -0.09891
   0.00720
   0.09577
  -0.04898
  -0.07440
   0.08144
   0.03887
  -0.09840
   0.00406
   0.09662
  -0.04622
  -0.07646
   0.07958
   0.04174
  -0.09779
   0.00092
   0.09739
  -0.04341
  -0.07845
   0.07764
   0.04457
  -0.09708
  -0.00222
   0.09805
  -0.04056
  -0.08036
   0.07562
   0.04736
  -0.09628
  -0.00536
   0.09862
  -0.03767
  -0.08219
   0.07353
   0.05011
  -0.09539
  -0.00849
   0.09909
  -0.03474
  -0.08393
   0.07136
   0.05280
  -0.09440
  -0.01162
   0.09947
  -0.03178
  -0.08560
   0.06913
   0.05544
  -0.09331
  -0.01473
   0.09974
  -0.02879
  -0.08718
   0.06682
   0.05803
  -0.09214
  -0.01783
   0.09992
  -0.02576
  -0.08868
   0.06445
   0.06056
  -0.09087
  -0.02091
   0.10000
  -0.02272
  -0.09009
   0.06202
   0.06303
  -0.08952
  -0.02397
   0.09998
  -0.01964
  -0.09140
   0.05952
   0.06544
  -0.08807
  -0.02701
   0.09986
  -0.01656
  -0.09263
   0.05697
   0.06778
  -0.08654
  -0.03002
   0.09964
  -0.01345
  -0.09377
   0.05436
   0.07005
  -0.08492
  -0.03300
   0.09932
  -0.01033
  -0.09482
   0.05170
   0.07226
  -0.08322
  -0.03595
   0.09891
  -0.00720
  -0.09577
   0.04898
   0.07440
  -0.08144
  -0.03887
   0.09840
  -0.00406
  -0.09662
   0.04622
   0.07646
  -0.07958
  -0.04174
   0.09779
  -0.00092
  -0.09739
   0.04341
   0.07845
  -0.07764
  -0.04457
   0.09708
   0.00222
  -0.09805
   0.04056
   0.08036
  -0.07562
  -0.04736
   0.09628
   0.00536
  -0.09862
   0.03767
   0.08219
  -0.07353
  -0.05011
   0.09539
   0.00849
  -0.09909
   0.03474
   0.08393
  -0.07136
  -0.05280
   0.09440
   0.01162
  -0.09947
   0.03178
   0.08560
  -0.06913
  -0.05544
   0.09331
   0.01473
  -0.09974
   0.02879
   0.08718
  -0.06682
  -0.05803
   0.09214
   0.01783
