  -0.05544
   0.09377
  -0.09628
   0.06202
  -0.00407
  -0.05544
   0.09377
  -0.09628
   0.06202
  -0.00407
  -0.05544
   0.09377
  -0.09628
   0.06202
  -0.00407
  -0.05544
   0.09377
  -0.09628
   0.06202
  -0.00407
  -0.05544
   0.09377
  -0.09628
   0.06202
  -0.00407
  -0.05544
   0.09377
  -0.09628
   0.06202
  -0.00407
  -0.05544
   0.09377
  -0.09628
   0.06202
  -0.00407
  -0.05544
   0.09377
  -0.09628
   0.06202
  -0.00407
  -0.05544
   0.09377
  -0.09628
   0.06202
  -0.00407
  -0.05544
   0.09377
  -0.09628
   0.06202
  -0.00407
  -0.05544
   0.09377
  -0.09628
   0.06202
  -0.00407
  -0.05544
   0.09377
  -0.09628
   0.06202
  -0.00407
  -0.05544
   0.09377
  -0.09628
   0.06202
  -0.00407
  -0.05544
   0.09377
  -0.09628
   0.06202
  -0.00407
  -0.05544
   0.09377
  -0.09628
   0.06202
  -0.00407
  -0.05544
   0.09377
  -0.09628
   0.06202
  -0.00407
  -0.05544
   0.09377
  -0.09628
   0.06202
  -0.00407
  -0.05544
   0.09377
  -0.09628
   0.06202
  -0.00407
  -0.05544
   0.09377
  -0.09628
   0.06202
  -0.00407
  -0.05544
   0.09377
  -0.09628
   0.06202
  -0.00407
  -0.05544
   0.09377
  -0.09628
   0.06202
  -0.00407
  -0.05544
   0.09377
  -0.09628
   0.06202
  -0.00407
  -0.05544
   0.09377
  -0.09628
   0.06202
  -0.00407
  -0.05544
   0.09377
  -0.09628
   0.06202
  -0.00407
  -0.05544
   0.09377
  -0.09628
   0.06202
  -0.00407
  -0.05544
   0.09377
  -0.09628
   0.06202
  -0.00407
  -0.05544
   0.09377
  -0.09628
   0.06202
  -0.00407
  -0.05544
   0.09377
  -0.09628
   0.06202
  -0.00407
  -0.05544
   0.09377
  -0.09628
   0.06202
  -0.00407
  -0.05544
   0.09377
  -0.09628
   0.06202
  -0.00407
  -0.05544
   0.09377
  -0.09628
   0.06202
  -0.00407
  -0.05544
   0.09377
  -0.09628
   0.06202
  -0.00407
  -0.05544
   0.09377
  -0.09628
   0.06202
  -0.00407
  -0.05544
   0.09377
  -0.09628
   0.06202
  -0.00407
  -0.05544
   0.09377
  -0.09628
   0.06202
  -0.00407
  -0.05544
   0.09377
  -0.09628
   0.06202
  -0.00407
  -0.05544
   0.09377
  -0.09628
   0.06202
  -0.00407
  -0.05544
   0.09377
  -0.09628
   0.06202
  -0.00407
  -0.05544
   0.09377
  -0.09628
   0.06202
  -0.00407
  -0.05544
   0.09377
  -0.09628
   0.06202
  -0.00407
