   0.05815
  -0.03753
  -0.09837
  -0.06789
   0.02562
   0.09534
   0.07655
  -0.01330
  -0.09081
  -0.08401
   0.00078
   0.08485
   0.09015
   0.01176
  -0.07754
  -0.09486
  -0.02412
   0.06902
   0.09808
   0.03609
  -0.05940
  -0.09975
  -0.04749
   0.04885
   0.09985
   0.05815
  -0.03753
  -0.09837
  -0.06789
   0.02562
   0.09534
   0.07655
  -0.01330
  -0.09081
  -0.08401
   0.00078
   0.08485
   0.09015
   0.01176
  -0.07754
  -0.09486
  -0.02412
   0.06902
   0.09808
   0.03609
  -0.05940
  -0.09975
  -0.04749
   0.04885
   0.09985
   0.05815
  -0.03753
  -0.09837
  -0.06789
   0.02562
   0.09534
   0.07655
  -0.01330
  -0.09081
  -0.08401
   0.00078
   0.08485
   0.09015
   0.01176
  -0.07754
  -0.09486
  -0.02412
   0.06902
   0.09808
   0.03609
  -0.05940
  -0.09975
  -0.04749
   0.04885
   0.09985
   0.05815
  -0.03753
  -0.09837
  -0.06789
   0.02562
   0.09534
   0.07655
  -0.01330
  -0.09081
  -0.08401
   0.00078
   0.08485
   0.09015
   0.01176
  -0.07754
  -0.09486
  -0.02412
   0.06902
   0.09808
   0.03609
  -0.05940
  -0.09975
  -0.04749
   0.04885
   0.09985
   0.05815
  -0.03753
  -0.09837
  -0.06789
   0.02562
   0.09534
   0.07655
  -0.01330
  -0.09081
  -0.08401
   0.00078
   0.08485
   0.09015
   0.01176
  -0.07754
  -0.09486
  -0.02412
   0.06902
   0.09808
   0.03609
  -0.05940
  -0.09975
  -0.04749
   0.04885
   0.09985
   0.05815
  -0.03753
  -0.09837
  -0.06789
   0.02562
   0.09534
   0.07655
  -0.01330
  -0.09081
  -0.08401
   0.00078
   0.08485
   0.09015
   0.01176
  -0.07754
  -0.09486
  -0.02412
   0.06902
   0.09808
   0.03609
  -0.05940
  -0.09975
  -0.04749
   0.04885
   0.09985
   0.05815
  -0.03753
  -0.09837
  -0.06789
   0.02562
   0.09534
   0.07655
  -0.01330
  -0.09081
  -0.08401
   0.00078
   0.08485
   0.09015
   0.01176
  -0.07754
  -0.09486
  -0.02412
   0.06902
   0.09808
   0.03609
  -0.05940
  -0.09975
  -0.04749
   0.04885
   0.09985
   0.05815
  -0.03753
  -0.09837
  -0.06789
   0.02562
   0.09534
   0.07655
  -0.01330
  -0.09081
  -0.08401
   0.00078
   0.08485
   0.09015
   0.01176
  -0.07754
  -0.09486
  -0.02412
   0.06902
   0.09808
   0.03609
  -0.05940
  -0.09975
  -0.04749
   0.04885
   0.09985
