  -0.08323
   0.03475
   0.02700
  -0.07844
   0.09992
  -0.08323
   0.03475
   0.02700
  -0.07844
   0.09992
  -0.08323
   0.03475
   0.02700
  -0.07844
   0.09992
  -0.08323
   0.03475
   0.02700
  -0.07844
   0.09992
  -0.08323
   0.03475
   0.02700
  -0.07844
   0.09992
  -0.08323
   0.03475
   0.02700
  -0.07844
   0.09992
  -0.08323
   0.03475
   0.02700
  -0.07844
   0.09992
  -0.08323
   0.03475
   0.02700
  -0.07844
   0.09992
  -0.08323
   0.03475
   0.02700
  -0.07844
   0.09992
  -0.08323
   0.03475
   0.02700
  -0.07844
   0.09992
  -0.08323
   0.03475
   0.02700
  -0.07844
   0.09992
  -0.08323
   0.03475
   0.02700
  -0.07844
   0.09992
  -0.08323
   0.03475
   0.02700
  -0.07844
   0.09992
  -0.08323
   0.03475
   0.02700
  -0.07844
   0.09992
  -0.08323
   0.03475
   0.02700
  -0.07844
   0.09992
  -0.08323
   0.03475
   0.02700
  -0.07844
   0.09992
  -0.08323
   0.03475
   0.02700
  -0.07844
   0.09992
  -0.08323
   0.03475
   0.02700
  -0.07844
   0.09992
  -0.08323
   0.03475
   0.02700
  -0.07844
   0.09992
  -0.08323
   0.03475
   0.02700
  -0.07844
   0.09992
  -0.08323
   0.03475
   0.02700
  -0.07844
   0.09992
  -0.08323
   0.03475
   0.02700
  -0.07844
   0.09992
  -0.08323
   0.03475
   0.02700
  -0.07844
   0.09992
  -0.08323
   0.03475
   0.02700
  -0.07844
   0.09992
  -0.08323
   0.03475
   0.02700
  -0.07844
   0.09992
  -0.08323
   0.03475
   0.02700
  -0.07844
   0.09992
  -0.08323
   0.03475
   0.02700
  -0.07844
   0.09992
  -0.08323
   0.03475
   0.02700
  -0.07844
   0.09992
  -0.08323
   0.03475
   0.02700
  -0.07844
   0.09992
  -0.08323
   0.03475
   0.02700
  -0.07844
   0.09992
  -0.08323
   0.03475
   0.02700
  -0.07844
   0.09992
  -0.08323
   0.03475
   0.02700
  -0.07844
   0.09992
  -0.08323
   0.03475
   0.02700
  -0.07844
   0.09992
  -0.08323
   0.03475
   0.02700
  -0.07844
   0.09992
  -0.08323
   0.03475
   0.02700
  -0.07844
   0.09992
  -0.08323
   0.03475
   0.02700
  -0.07844
   0.09992
  -0.08323
   0.03475
   0.02700
  -0.07844
   0.09992
  -0.08323
   0.03475
   0.02700
  -0.07844
   0.09992
  -0.08323
   0.03475
   0.02700
  -0.07844
   0.09992
  -0.08323
   0.03475
   0.02700
  -0.07844
   0.09992
