   0.00846
  -0.01780
   0.02698
  -0.03592
   0.04454
  -0.05277
   0.06053
  -0.06775
   0.07437
  -0.08034
   0.08558
  -0.09007
   0.09376
  -0.09662
   0.09861
  -0.09974
   0.09998
  -0.09933
   0.09780
  -0.09540
   0.09215
  -0.08809
   0.08324
  -0.07766
   0.07138
  -0.06448
   0.05700
  -0.04901
   0.04059
  -0.03181
   0.02275
  -0.01348
   0.00410
   0.00532
  -0.01470
   0.02394
  -0.03297
   0.04171
  -0.05008
   0.05800
  -0.06541
   0.07224
  -0.07843
   0.08392
  -0.08866
   0.09262
  -0.09576
   0.09804
  -0.09946
   0.10000
  -0.09964
   0.09840
  -0.09629
   0.09333
  -0.08953
   0.08494
  -0.07960
   0.07355
  -0.06685
   0.05955
  -0.05173
   0.04344
  -0.03477
   0.02579
  -0.01659
   0.00723
   0.00218
  -0.01158
   0.02088
  -0.02999
   0.03883
  -0.04733
   0.05541
  -0.06300
   0.07003
  -0.07644
   0.08217
  -0.08717
   0.09139
  -0.09481
   0.09738
  -0.09909
   0.09992
  -0.09986
   0.09891
  -0.09709
   0.09441
  -0.09089
   0.08656
  -0.08146
   0.07564
  -0.06915
   0.06204
  -0.05439
   0.04625
  -0.03770
   0.02882
  -0.01968
   0.01036
  -0.00096
  -0.00846
   0.01780
  -0.02698
   0.03592
  -0.04454
   0.05277
  -0.06053
   0.06775
  -0.07437
   0.08034
  -0.08558
   0.09007
  -0.09376
   0.09662
  -0.09861
   0.09974
  -0.09998
   0.09933
  -0.09780
   0.09540
  -0.09215
   0.08809
  -0.08324
   0.07766
  -0.07138
   0.06448
  -0.05700
   0.04901
  -0.04059
   0.03181
  -0.02275
   0.01348
  -0.00410
  -0.00532
   0.01470
  -0.02394
   0.03297
  -0.04171
   0.05008
  -0.05800
   0.06541
  -0.07224
   0.07843
  -0.08392
   0.08866
  -0.09262
   0.09576
  -0.09804
   0.09946
  -0.10000
   0.09964
  -0.09840
   0.09629
  -0.09333
   0.08953
  -0.08494
   0.07960
  -0.07355
   0.06685
  -0.05955
   0.05173
  -0.04344
   0.03477
  -0.02579
   0.01659
  -0.00723
  -0.00218
   0.01158
  -0.02088
   0.02999
  -0.03883
   0.04733
  -0.05541
   0.06300
  -0.07003
   0.07644
  -0.08217
   0.08717
  -0.09139
   0.09481
  -0.09738
   0.09909
  -0.09992
   0.09986
  -0.09891
   0.09709
  -0.09441
   0.09089
  -0.08656
   0.08146
  -0.07564
   0.06915
  -0.06204
   0.05439
  -0.04625
   0.03770
  -0.02882
   0.01968
  -0.01036
   0.00096
