  -0.09035
   0.05596
  -0.00598
  -0.04567
   0.08459
  -0.09996
   0.08749
  -0.05065
  -0.00030
   0.05116
  -0.08777
   0.09994
  -0.08427
   0.04513
   0.00658
  -0.05646
   0.09061
  -0.09953
   0.08073
  -0.03944
  -0.01283
   0.06153
  -0.09309
   0.09872
  -0.07686
   0.03359
   0.01903
  -0.06636
   0.09520
  -0.09753
   0.07269
  -0.02761
  -0.02516
   0.07092
  -0.09693
   0.09595
  -0.06824
   0.02152
   0.03119
  -0.07521
   0.09828
  -0.09399
   0.06351
  -0.01535
  -0.03709
   0.07920
  -0.09925
   0.09166
  -0.05854
   0.00911
   0.04285
  -0.08288
   0.09982
  -0.08896
   0.05333
  -0.00284
  -0.04844
   0.08623
  -0.10000
   0.08592
  -0.04791
  -0.00344
   0.05384
  -0.08924
   0.09978
  -0.08254
   0.04231
   0.00971
  -0.05902
   0.09189
  -0.09917
   0.07883
  -0.03653
  -0.01594
   0.06397
  -0.09419
   0.09817
  -0.07481
   0.03062
   0.02211
  -0.06867
   0.09611
  -0.09678
   0.07050
  -0.02458
  -0.02819
   0.07310
  -0.09766
   0.09501
  -0.06591
   0.01844
   0.03416
  -0.07724
   0.09882
  -0.09287
   0.06105
  -0.01224
  -0.03999
   0.08108
  -0.09958
   0.09035
  -0.05596
   0.00598
   0.04567
  -0.08459
   0.09996
  -0.08749
   0.05065
   0.00030
  -0.05116
   0.08777
  -0.09994
   0.08427
  -0.04513
  -0.00658
   0.05646
  -0.09061
   0.09953
  -0.08073
   0.03944
   0.01283
  -0.06153
   0.09309
  -0.09872
   0.07686
  -0.03359
  -0.01903
   0.06636
  -0.09520
   0.09753
  -0.07269
   0.02761
   0.02516
  -0.07092
   0.09693
  -0.09595
   0.06824
  -0.02152
  -0.03119
   0.07521
  -0.09828
   0.09399
  -0.06351
   0.01535
   0.03709
  -0.07920
   0.09925
  -0.09166
   0.05854
  -0.00911
  -0.04285
   0.08288
  -0.09982
   0.08896
  -0.05333
   0.00284
   0.04844
  -0.08623
   0.10000
  -0.08592
   0.04791
   0.00344
  -0.05384
   0.08924
  -0.09978
   0.08254
  -0.04231
  -0.00971
   0.05902
  -0.09189
   0.09917
  -0.07883
   0.03653
   0.01594
  -0.06397
   0.09419
  -0.09817
   0.07481
  -0.03062
  -0.02211
   0.06867
  -0.09611
   0.09678
  -0.07050
   0.02458
   0.02819
  -0.07310
   0.09766
  -0.09501
   0.06591
  -0.01844
  -0.03416
   0.07724
  -0.09882
   0.09287
  -0.06105
   0.01224
   0.03999
  -0.08108
   0.09958
