  -0.02766
  -0.05337
  -0.07484
  -0.09038
  -0.09873
  -0.09924
  -0.09188
  -0.07721
  -0.05642
  -0.03114
  -0.00339
   0.02463
   0.05069
   0.07272
   0.08899
   0.09818
   0.09958
   0.09307
   0.07917
   0.05898
   0.03411
   0.00653
  -0.02157
  -0.04795
  -0.07053
  -0.08751
  -0.09754
  -0.09982
  -0.09417
  -0.08105
  -0.06149
  -0.03705
  -0.00966
   0.01849
   0.04517
   0.06827
   0.08595
   0.09680
   0.09996
   0.09518
   0.08285
   0.06394
   0.03995
   0.01278
  -0.01539
  -0.04235
  -0.06594
  -0.08430
  -0.09596
  -0.10000
  -0.09610
  -0.08457
  -0.06632
  -0.04281
  -0.01589
   0.01228
   0.03948
   0.06355
   0.08257
   0.09503
   0.09994
   0.09692
   0.08620
   0.06864
   0.04562
   0.01899
  -0.00916
  -0.03658
  -0.06109
  -0.08075
  -0.09400
  -0.09979
  -0.09765
  -0.08775
  -0.07089
  -0.04840
  -0.02206
   0.00603
   0.03364
   0.05857
   0.07886
   0.09288
   0.09953
   0.09828
   0.08921
   0.07307
   0.05112
   0.02511
  -0.00289
  -0.03066
  -0.05600
  -0.07689
  -0.09168
  -0.09918
  -0.09881
  -0.09059
  -0.07518
  -0.05380
  -0.02814
  -0.00025
   0.02766
   0.05337
   0.07484
   0.09038
   0.09873
   0.09924
   0.09188
   0.07721
   0.05642
   0.03114
   0.00339
  -0.02463
  -0.05069
  -0.07272
  -0.08899
  -0.09818
  -0.09958
  -0.09307
  -0.07917
  -0.05898
  -0.03411
  -0.00653
   0.02157
   0.04795
   0.07053
   0.08751
   0.09754
   0.09982
   0.09417
   0.08105
   0.06149
   0.03705
   0.00966
  -0.01849
  -0.04517
  -0.06827
  -0.08595
  -0.09680
  -0.09996
  -0.09518
  -0.08285
  -0.06394
  -0.03995
  -0.01278
   0.01539
   0.04235
   0.06594
   0.08430
   0.09596
   0.10000
   0.09610
   0.08457
   0.06632
   0.04281
   0.01589
  -0.01228
  -0.03948
  -0.06355
  -0.08257
  -0.09503
  -0.09994
  -0.09692
  -0.08620
  -0.06864
  -0.04562
  -0.01899
   0.00916
   0.03658
   0.06109
   0.08075
   0.09400
   0.09979
   0.09765
   0.08775
   0.07089
   0.04840
   0.02206
  -0.00603
  -0.03364
  -0.05857
  -0.07886
  -0.09288
  -0.09953
  -0.09828
  -0.08921
  -0.07307
  -0.05112
  -0.02511
   0.00289
   0.03066
   0.05600
   0.07689
   0.09168
   0.09918
   0.09881
   0.09059
   0.07518
   0.05380
   0.02814
   0.00025
