  -0.06375
   0.01873
   0.08763
   0.09298
   0.03091
  -0.05358
  -0.09921
  -0.07290
   0.00627
   0.08090
   0.09686
   0.04258
  -0.04257
  -0.09686
  -0.08091
  -0.00629
   0.07289
   0.09921
   0.05359
  -0.03090
  -0.09298
  -0.08763
  -0.01874
   0.06374
   0.10000
   0.06375
  -0.01873
  -0.08763
  -0.09298
  -0.03091
   0.05358
   0.09921
   0.07290
  -0.00627
  -0.08090
  -0.09686
  -0.04258
   0.04257
   0.09686
   0.08091
   0.00629
  -0.07289
  -0.09921
  -0.05359
   0.03090
   0.09298
   0.08763
   0.01874
  -0.06374
  -0.10000
  -0.06375
   0.01873
   0.08763
   0.09298
   0.03091
  -0.05358
  -0.09921
  -0.07290
   0.00627
   0.08090
   0.09686
   0.04258
  -0.04257
  -0.09686
  -0.08091
  -0.00629
   0.07289
   0.09921
   0.05359
  -0.03090
  -0.09298
  -0.08763
  -0.01874
   0.06374
   0.10000
   0.06375
  -0.01873
  -0.08763
  -0.09298
  -0.03091
   0.05358
   0.09921
   0.07290
  -0.00627
  -0.08090
  -0.09686
  -0.04258
   0.04257
   0.09686
   0.08091
   0.00629
  -0.07289
  -0.09921
  -0.05359
   0.03090
   0.09298
   0.08763
   0.01874
  -0.06374
  -0.10000
  -0.06375
   0.01873
   0.08763
   0.09298
   0.03091
  -0.05358
  -0.09921
  -0.07290
   0.00627
   0.08090
   0.09686
   0.04258
  -0.04257
  -0.09686
  -0.08091
  -0.00629
   0.07289
   0.09921
   0.05359
  -0.03090
  -0.09298
  -0.08763
  -0.01874
   0.06374
   0.10000
   0.06375
  -0.01873
  -0.08763
  -0.09298
  -0.03091
   0.05358
   0.09921
   0.07290
  -0.00627
  -0.08090
  -0.09686
  -0.04258
   0.04257
   0.09686
   0.08091
   0.00629
  -0.07289
  -0.09921
  -0.05359
   0.03090
   0.09298
   0.08763
   0.01874
  -0.06374
  -0.10000
  -0.06375
   0.01873
   0.08763
   0.09298
   0.03091
  -0.05358
  -0.09921
  -0.07290
   0.00627
   0.08090
   0.09686
   0.04258
  -0.04257
  -0.09686
  -0.08091
  -0.00629
   0.07289
   0.09921
   0.05359
  -0.03090
  -0.09298
  -0.08763
  -0.01874
   0.06374
   0.10000
   0.06375
  -0.01873
  -0.08763
  -0.09298
  -0.03091
   0.05358
   0.09921
   0.07290
  -0.00627
  -0.08090
  -0.09686
  -0.04258
   0.04257
   0.09686
   0.08091
   0.00629
  -0.07289
  -0.09921
  -0.05359
   0.03090
   0.09298
   0.08763
   0.01874
  -0.06374
  -0.10000
