  -0.09550
  -0.05771
   0.05983
   0.09469
  -0.00131
  -0.09550
  -0.05771
   0.05983
   0.09469
  -0.00131
  -0.09550
  -0.05771
   0.05983
   0.09469
  -0.00131
  -0.09550
  -0.05771
   0.05983
   0.09469
  -0.00131
  -0.09550
  -0.05771
   0.05983
   0.09469
  -0.00131
  -0.09550
  -0.05771
   0.05983
   0.09469
  -0.00131
  -0.09550
  -0.05771
   0.05983
   0.09469
  -0.00131
  -0.09550
  -0.05771
   0.05983
   0.09469
  -0.00131
  -0.09550
  -0.05771
   0.05983
   0.09469
  -0.00131
  -0.09550
  -0.05771
   0.05983
   0.09469
  -0.00131
  -0.09550
  -0.05771
   0.05983
   0.09469
  -0.00131
  -0.09550
  -0.05771
   0.05983
   0.09469
  -0.00131
  -0.09550
  -0.05771
   0.05983
   0.09469
  -0.00131
  -0.09550
  -0.05771
   0.05983
   0.09469
  -0.00131
  -0.09550
  -0.05771
   0.05983
   0.09469
  -0.00131
  -0.09550
  -0.05771
   0.05983
   0.09469
  -0.00131
  -0.09550
  -0.05771
   0.05983
   0.09469
  -0.00131
  -0.09550
  -0.05771
   0.05983
   0.09469
  -0.00131
  -0.09550
  -0.05771
   0.05983
   0.09469
  -0.00131
  -0.09550
  -0.05771
   0.05983
   0.09469
  -0.00131
  -0.09550
  -0.05771
   0.05983
   0.09469
  -0.00131
  -0.09550
  -0.05771
   0.05983
   0.09469
  -0.00131
  -0.09550
  -0.05771
   0.05983
   0.09469
  -0.00131
  -0.09550
  -0.05771
   0.05983
   0.09469
  -0.00131
  -0.09550
  -0.05771
   0.05983
   0.09469
  -0.00131
  -0.09550
  -0.05771
   0.05983
   0.09469
  -0.00131
  -0.09550
  -0.05771
   0.05983
   0.09469
  -0.00131
  -0.09550
  -0.05771
   0.05983
   0.09469
  -0.00131
  -0.09550
  -0.05771
   0.05983
   0.09469
  -0.00131
  -0.09550
  -0.05771
   0.05983
   0.09469
  -0.00131
  -0.09550
  -0.05771
   0.05983
   0.09469
  -0.00131
  -0.09550
  -0.05771
   0.05983
   0.09469
  -0.00131
  -0.09550
  -0.05771
   0.05983
   0.09469
  -0.00131
  -0.09550
  -0.05771
   0.05983
   0.09469
  -0.00131
  -0.09550
  -0.05771
   0.05983
   0.09469
  -0.00131
  -0.09550
  -0.05771
   0.05983
   0.09469
  -0.00131
  -0.09550
  -0.05771
   0.05983
   0.09469
  -0.00131
  -0.09550
  -0.05771
   0.05983
   0.09469
  -0.00131
  -0.09550
  -0.05771
   0.05983
   0.09469
  -0.00131
  -0.09550
  -0.05771
   0.05983
   0.09469
  -0.00131
