   0.09759
  -0.05621
  -0.05620
   0.09759
  -0.01565
  -0.08607
   0.07902
   0.02789
  -0.09956
   0.04541
   0.06613
  -0.09409
   0.00315
   0.09177
  -0.07072
  -0.03971
   0.09995
  -0.03388
  -0.07501
   0.08910
   0.00940
  -0.09603
   0.06130
   0.05090
  -0.09877
   0.02182
   0.08270
  -0.08271
  -0.02181
   0.09877
  -0.05091
  -0.06128
   0.09603
  -0.00942
  -0.08910
   0.07502
   0.03387
  -0.09995
   0.03972
   0.07071
  -0.09178
  -0.00313
   0.09409
  -0.06614
  -0.04539
   0.09956
  -0.02791
  -0.07901
   0.08608
   0.01564
  -0.09759
   0.05621
   0.05620
  -0.09759
   0.01565
   0.08607
  -0.07902
  -0.02789
   0.09956
  -0.04541
  -0.06613
   0.09409
  -0.00315
  -0.09177
   0.07072
   0.03971
  -0.09995
   0.03388
   0.07501
  -0.08910
  -0.00940
   0.09603
  -0.06130
  -0.05090
   0.09877
  -0.02182
  -0.08270
   0.08271
   0.02181
  -0.09877
   0.05091
   0.06128
  -0.09603
   0.00942
   0.08910
  -0.07502
  -0.03387
   0.09995
  -0.03972
  -0.07071
   0.09178
   0.00313
  -0.09409
   0.06614
   0.04539
  -0.09956
   0.02791
   0.07901
  -0.08608
  -0.01564
   0.09759
  -0.05621
  -0.05620
   0.09759
  -0.01565
  -0.08607
   0.07902
   0.02789
  -0.09956
   0.04541
   0.06613
  -0.09409
   0.00315
   0.09177
  -0.07072
  -0.03971
   0.09995
  -0.03388
  -0.07501
   0.08910
   0.00940
  -0.09603
   0.06130
   0.05090
  -0.09877
   0.02182
   0.08270
  -0.08271
  -0.02181
   0.09877
  -0.05091
  -0.06128
   0.09603
  -0.00942
  -0.08910
   0.07502
   0.03387
  -0.09995
   0.03972
   0.07071
  -0.09178
  -0.00313
   0.09409
  -0.06614
  -0.04539
   0.09956
  -0.02791
  -0.07901
   0.08608
   0.01564
  -0.09759
   0.05621
   0.05620
  -0.09759
   0.01565
   0.08607
  -0.07902
  -0.02789
   0.09956
  -0.04541
  -0.06613
   0.09409
  -0.00315
  -0.09177
   0.07072
   0.03971
  -0.09995
   0.03388
   0.07501
  -0.08910
  -0.00940
   0.09603
  -0.06130
  -0.05090
   0.09877
  -0.02182
  -0.08270
   0.08271
   0.02181
  -0.09877
   0.05091
   0.06128
  -0.09603
   0.00942
   0.08910
  -0.07502
  -0.03387
   0.09995
  -0.03972
  -0.07071
   0.09178
   0.00313
  -0.09409
   0.06614
   0.04539
  -0.09956
   0.02791
   0.07901
  -0.08608
  -0.01564
