  -0.09980
  -0.09920
  -0.09821
  -0.09683
  -0.09507
  -0.09294
  -0.09044
  -0.08758
  -0.08438
  -0.08084
  -0.07699
  -0.07283
  -0.06838
  -0.06366
  -0.05870
  -0.05350
  -0.04809
  -0.04249
  -0.03672
  -0.03081
  -0.02477
  -0.01864
  -0.01243
  -0.00618
   0.00010
   0.00638
   0.01263
   0.01884
   0.02497
   0.03100
   0.03691
   0.04267
   0.04826
   0.05367
   0.05886
   0.06382
   0.06853
   0.07297
   0.07712
   0.08096
   0.08449
   0.08768
   0.09053
   0.09301
   0.09514
   0.09688
   0.09825
   0.09922
   0.09981
   0.10000
   0.09980
   0.09920
   0.09821
   0.09683
   0.09507
   0.09294
   0.09044
   0.08758
   0.08438
   0.08084
   0.07699
   0.07283
   0.06838
   0.06366
   0.05870
   0.05350
   0.04809
   0.04249
   0.03672
   0.03081
   0.02477
   0.01864
   0.01243
   0.00618
  -0.00010
  -0.00638
  -0.01263
  -0.01884
  -0.02497
  -0.03100
  -0.03691
  -0.04267
  -0.04826
  -0.05367
  -0.05886
  -0.06382
  -0.06853
  -0.07297
  -0.07712
  -0.08096
  -0.08449
  -0.08768
  -0.09053
  -0.09301
  -0.09514
  -0.09688
  -0.09825
  -0.09922
  -0.09981
  -0.10000
  -0.09980
  -0.09920
  -0.09821
  -0.09683
  -0.09507
  -0.09294
  -0.09044
  -0.08758
  -0.08438
  -0.08084
  -0.07699
  -0.07283
  -0.06838
  -0.06366
  -0.05870
  -0.05350
  -0.04809
  -0.04249
  -0.03672
  -0.03081
  -0.02477
  -0.01864
  -0.01243
  -0.00618
   0.00010
   0.00638
   0.01263
   0.01884
   0.02497
   0.03100
   0.03691
   0.04267
   0.04826
   0.05367
   0.05886
   0.06382
   0.06853
   0.07297
   0.07712
   0.08096
   0.08449
   0.08768
   0.09053
   0.09301
   0.09514
   0.09688
   0.09825
   0.09922
   0.09981
   0.10000
   0.09980
   0.09920
   0.09821
   0.09683
   0.09507
   0.09294
   0.09044
   0.08758
   0.08438
   0.08084
   0.07699
   0.07283
   0.06838
   0.06366
   0.05870
   0.05350
   0.04809
   0.04249
   0.03672
   0.03081
   0.02477
   0.01864
   0.01243
   0.00618
  -0.00010
  -0.00638
  -0.01263
  -0.01884
  -0.02497
  -0.03100
  -0.03691
  -0.04267
  -0.04826
  -0.05367
  -0.05886
  -0.06382
  -0.06853
  -0.07297
  -0.07712
  -0.08096
  -0.08449
  -0.08768
  -0.09053
  -0.09301
  -0.09514
  -0.09688
  -0.09825
  -0.09922
  -0.09981
  -0.10000
