   0.08587
  -0.08627
  -0.00275
   0.08892
  -0.08293
  -0.00902
   0.09162
  -0.07926
  -0.01525
   0.09395
  -0.07527
  -0.02143
   0.09592
  -0.07099
  -0.02752
   0.09750
  -0.06643
  -0.03350
   0.09871
  -0.06160
  -0.03935
   0.09952
  -0.05653
  -0.04505
   0.09994
  -0.05124
  -0.05056
   0.09996
  -0.04575
  -0.05588
   0.09959
  -0.04008
  -0.06098
   0.09883
  -0.03425
  -0.06583
   0.09768
  -0.02828
  -0.07043
   0.09614
  -0.02220
  -0.07475
   0.09422
  -0.01603
  -0.07877
   0.09193
  -0.00980
  -0.08249
   0.08928
  -0.00354
  -0.08587
   0.08627
   0.00275
  -0.08892
   0.08293
   0.00902
  -0.09162
   0.07926
   0.01525
  -0.09395
   0.07527
   0.02143
  -0.09592
   0.07099
   0.02752
  -0.09750
   0.06643
   0.03350
  -0.09871
   0.06160
   0.03935
  -0.09952
   0.05653
   0.04505
  -0.09994
   0.05124
   0.05056
  -0.09996
   0.04575
   0.05588
  -0.09959
   0.04008
   0.06098
  -0.09883
   0.03425
   0.06583
  -0.09768
   0.02828
   0.07043
  -0.09614
   0.02220
   0.07475
  -0.09422
   0.01603
   0.07877
  -0.09193
   0.00980
   0.08249
  -0.08928
   0.00354
   0.08587
  -0.08627
  -0.00275
   0.08892
  -0.08293
  -0.00902
   0.09162
  -0.07926
  -0.01525
   0.09395
  -0.07527
  -0.02143
   0.09592
  -0.07099
  -0.02752
   0.09750
  -0.06643
  -0.03350
   0.09871
  -0.06160
  -0.03935
   0.09952
  -0.05653
  -0.04505
   0.09994
  -0.05124
  -0.05056
   0.09996
  -0.04575
  -0.05588
   0.09959
  -0.04008
  -0.06098
   0.09883
  -0.03425
  -0.06583
   0.09768
  -0.02828
  -0.07043
   0.09614
  -0.02220
  -0.07475
   0.09422
  -0.01603
  -0.07877
   0.09193
  -0.00980
  -0.08249
   0.08928
  -0.00354
  -0.08587
   0.08627
   0.00275
  -0.08892
   0.08293
   0.00902
  -0.09162
   0.07926
   0.01525
  -0.09395
   0.07527
   0.02143
  -0.09592
   0.07099
   0.02752
  -0.09750
   0.06643
   0.03350
  -0.09871
   0.06160
   0.03935
  -0.09952
   0.05653
   0.04505
  -0.09994
   0.05124
   0.05056
  -0.09996
   0.04575
   0.05588
  -0.09959
   0.04008
   0.06098
  -0.09883
   0.03425
   0.06583
  -0.09768
   0.02828
   0.07043
  -0.09614
   0.02220
   0.07475
  -0.09422
   0.01603
   0.07877
  -0.09193
   0.00980
   0.08249
  -0.08928
   0.00354
