   0.09931
  -0.09706
   0.09328
  -0.08803
   0.08139
  -0.07346
   0.06438
  -0.05428
   0.04333
  -0.03169
   0.01956
  -0.00711
  -0.00545
   0.01792
  -0.03011
   0.04182
  -0.05288
   0.06310
  -0.07232
   0.08041
  -0.08723
   0.09267
  -0.09665
   0.09910
  -0.10000
   0.09931
  -0.09706
   0.09328
  -0.08803
   0.08139
  -0.07346
   0.06438
  -0.05428
   0.04333
  -0.03169
   0.01956
  -0.00711
  -0.00545
   0.01792
  -0.03011
   0.04182
  -0.05288
   0.06310
  -0.07232
   0.08041
  -0.08723
   0.09267
  -0.09665
   0.09910
  -0.10000
   0.09931
  -0.09706
   0.09328
  -0.08803
   0.08139
  -0.07346
   0.06438
  -0.05428
   0.04333
  -0.03169
   0.01956
  -0.00711
  -0.00545
   0.01792
  -0.03011
   0.04182
  -0.05288
   0.06310
  -0.07232
   0.08041
  -0.08723
   0.09267
  -0.09665
   0.09910
  -0.10000
   0.09931
  -0.09706
   0.09328
  -0.08803
   0.08139
  -0.07346
   0.06438
  -0.05428
   0.04333
  -0.03169
   0.01956
  -0.00711
  -0.00545
   0.01792
  -0.03011
   0.04182
  -0.05288
   0.06310
  -0.07232
   0.08041
  -0.08723
   0.09267
  -0.09665
   0.09910
  -0.10000
   0.09931
  -0.09706
   0.09328
  -0.08803
   0.08139
  -0.07346
   0.06438
  -0.05428
   0.04333
  -0.03169
   0.01956
  -0.00711
  -0.00545
   0.01792
  -0.03011
   0.04182
  -0.05288
   0.06310
  -0.07232
   0.08041
  -0.08723
   0.09267
  -0.09665
   0.09910
  -0.10000
   0.09931
  -0.09706
   0.09328
  -0.08803
   0.08139
  -0.07346
   0.06438
  -0.05428
   0.04333
  -0.03169
   0.01956
  -0.00711
  -0.00545
   0.01792
  -0.03011
   0.04182
  -0.05288
   0.06310
  -0.07232
   0.08041
  -0.08723
   0.09267
  -0.09665
   0.09910
  -0.10000
   0.09931
  -0.09706
   0.09328
  -0.08803
   0.08139
  -0.07346
   0.06438
  -0.05428
   0.04333
  -0.03169
   0.01956
  -0.00711
  -0.00545
   0.01792
  -0.03011
   0.04182
  -0.05288
   0.06310
  -0.07232
   0.08041
  -0.08723
   0.09267
  -0.09665
   0.09910
  -0.10000
   0.09931
  -0.09706
   0.09328
  -0.08803
   0.08139
  -0.07346
   0.06438
  -0.05428
   0.04333
  -0.03169
   0.01956
  -0.00711
  -0.00545
   0.01792
  -0.03011
   0.04182
  -0.05288
   0.06310
  -0.07232
   0.08041
  -0.08723
   0.09267
  -0.09665
   0.09910
  -0.10000
