  -0.09939
  -0.03244
   0.08524
   0.06962
  -0.05486
  -0.09356
   0.01404
   0.09969
   0.02945
  -0.08684
  -0.06734
   0.05746
   0.09241
  -0.01715
  -0.09989
  -0.02643
   0.08835
   0.06498
  -0.06000
  -0.09116
   0.02023
   0.09999
   0.02339
  -0.08978
  -0.06256
   0.06249
   0.08982
  -0.02330
  -0.09999
  -0.02032
   0.09112
   0.06008
  -0.06491
  -0.08840
   0.02634
   0.09989
   0.01724
  -0.09237
  -0.05754
   0.06727
   0.08689
  -0.02936
  -0.09970
  -0.01414
   0.09353
   0.05494
  -0.06956
  -0.08529
   0.03235
   0.09940
   0.01102
  -0.09459
  -0.05229
   0.07178
   0.08361
  -0.03530
  -0.09901
  -0.00789
   0.09557
   0.04959
  -0.07393
  -0.08184
   0.03823
   0.09852
   0.00476
  -0.09644
  -0.04683
   0.07601
   0.08000
  -0.04111
  -0.09793
  -0.00162
   0.09723
   0.04404
  -0.07801
  -0.07807
   0.04395
   0.09725
  -0.00152
  -0.09791
  -0.04119
   0.07994
   0.07607
  -0.04675
  -0.09647
   0.00466
   0.09850
   0.03831
  -0.08179
  -0.07399
   0.04951
   0.09559
  -0.00780
  -0.09900
  -0.03539
   0.08356
   0.07184
  -0.05221
  -0.09462
   0.01093
   0.09939
   0.03244
  -0.08524
  -0.06962
   0.05486
   0.09356
  -0.01404
  -0.09969
  -0.02945
   0.08684
   0.06734
  -0.05746
  -0.09241
   0.01715
   0.09989
   0.02643
  -0.08835
  -0.06498
   0.06000
   0.09116
  -0.02023
  -0.09999
  -0.02339
   0.08978
   0.06256
  -0.06249
  -0.08982
   0.02330
   0.09999
   0.02032
  -0.09112
  -0.06008
   0.06491
   0.08840
  -0.02634
  -0.09989
  -0.01724
   0.09237
   0.05754
  -0.06727
  -0.08689
   0.02936
   0.09970
   0.01414
  -0.09353
  -0.05494
   0.06956
   0.08529
  -0.03235
  -0.09940
  -0.01102
   0.09459
   0.05229
  -0.07178
  -0.08361
   0.03530
   0.09901
   0.00789
  -0.09557
  -0.04959
   0.07393
   0.08184
  -0.03823
  -0.09852
  -0.00476
   0.09644
   0.04683
  -0.07601
  -0.08000
   0.04111
   0.09793
   0.00162
  -0.09723
  -0.04404
   0.07801
   0.07807
  -0.04395
  -0.09725
   0.00152
   0.09791
   0.04119
  -0.07994
  -0.07607
   0.04675
   0.09647
  -0.00466
  -0.09850
  -0.03831
   0.08179
   0.07399
  -0.04951
  -0.09559
   0.00780
   0.09900
   0.03539
  -0.08356
  -0.07184
   0.05221
   0.09462
  -0.01093
