  -0.02173
   0.09688
   0.02782
  -0.09513
  -0.03379
   0.09301
   0.03964
  -0.09052
  -0.04532
   0.08767
   0.05083
  -0.08448
  -0.05614
   0.08095
   0.06122
  -0.07711
  -0.06607
   0.07296
   0.07065
  -0.06852
  -0.07495
   0.06381
   0.07896
  -0.05885
  -0.08266
   0.05366
   0.08603
  -0.04825
  -0.08906
   0.04266
   0.09174
  -0.03689
  -0.09406
   0.03098
   0.09601
  -0.02495
  -0.09757
   0.01882
   0.09876
  -0.01262
  -0.09955
   0.00637
   0.09995
  -0.00009
  -0.09995
  -0.00619
   0.09956
   0.01245
  -0.09878
  -0.01865
   0.09761
   0.02479
  -0.09605
  -0.03082
   0.09412
   0.03673
  -0.09181
  -0.04250
   0.08914
   0.04810
  -0.08612
  -0.05351
   0.08276
   0.05871
  -0.07907
  -0.06368
   0.07507
   0.06839
  -0.07077
  -0.07284
   0.06620
   0.07700
  -0.06136
  -0.08085
   0.05628
   0.08439
  -0.05098
  -0.08759
   0.04548
   0.09045
  -0.03979
  -0.09295
   0.03396
   0.09508
  -0.02798
  -0.09684
   0.02190
   0.09821
  -0.01573
  -0.09920
   0.00950
   0.09980
  -0.00323
  -0.10000
  -0.00305
   0.09981
   0.00932
  -0.09922
  -0.01556
   0.09824
   0.02173
  -0.09688
  -0.02782
   0.09513
   0.03379
  -0.09301
  -0.03964
   0.09052
   0.04532
  -0.08767
  -0.05083
   0.08448
   0.05614
  -0.08095
  -0.06122
   0.07711
   0.06607
  -0.07296
  -0.07065
   0.06852
   0.07495
  -0.06381
  -0.07896
   0.05885
   0.08266
  -0.05366
  -0.08603
   0.04825
   0.08906
  -0.04266
  -0.09174
   0.03689
   0.09406
  -0.03098
  -0.09601
   0.02495
   0.09757
  -0.01882
  -0.09876
   0.01262
   0.09955
  -0.00637
  -0.09995
   0.00009
   0.09995
   0.00619
  -0.09956
  -0.01245
   0.09878
   0.01865
  -0.09761
  -0.02479
   0.09605
   0.03082
  -0.09412
  -0.03673
   0.09181
   0.04250
  -0.08914
  -0.04810
   0.08612
   0.05351
  -0.08276
  -0.05871
   0.07907
   0.06368
  -0.07507
  -0.06839
   0.07077
   0.07284
  -0.06620
  -0.07700
   0.06136
   0.08085
  -0.05628
  -0.08439
   0.05098
   0.08759
  -0.04548
  -0.09045
   0.03979
   0.09295
  -0.03396
  -0.09508
   0.02798
   0.09684
  -0.02190
  -0.09821
   0.01573
   0.09920
  -0.00950
  -0.09980
   0.00323
   0.10000
   0.00305
  -0.09981
  -0.00932
   0.09922
   0.01556
  -0.09824
