   0.04559
  -0.07915
   0.09764
  -0.09754
   0.07888
  -0.04520
   0.00292
   0.03992
  -0.07516
   0.09609
  -0.09873
   0.08259
  -0.05072
   0.00919
   0.03408
  -0.07087
   0.09416
  -0.09954
   0.08596
  -0.05603
   0.01543
   0.02811
  -0.06629
   0.09186
  -0.09994
   0.08900
  -0.06112
   0.02160
   0.02203
  -0.06146
   0.08920
  -0.09996
   0.09169
  -0.06597
   0.02769
   0.01586
  -0.05639
   0.08619
  -0.09958
   0.09401
  -0.07056
   0.03367
   0.00963
  -0.05109
   0.08283
  -0.09880
   0.09597
  -0.07487
   0.03951
   0.00336
  -0.04559
   0.07915
  -0.09764
   0.09754
  -0.07888
   0.04520
  -0.00292
  -0.03992
   0.07516
  -0.09609
   0.09873
  -0.08259
   0.05072
  -0.00919
  -0.03408
   0.07087
  -0.09416
   0.09954
  -0.08596
   0.05603
  -0.01543
  -0.02811
   0.06629
  -0.09186
   0.09994
  -0.08900
   0.06112
  -0.02160
  -0.02203
   0.06146
  -0.08920
   0.09996
  -0.09169
   0.06597
  -0.02769
  -0.01586
   0.05639
  -0.08619
   0.09958
  -0.09401
   0.07056
  -0.03367
  -0.00963
   0.05109
  -0.08283
   0.09880
  -0.09597
   0.07487
  -0.03951
  -0.00336
   0.04559
  -0.07915
   0.09764
  -0.09754
   0.07888
  -0.04520
   0.00292
   0.03992
  -0.07516
   0.09609
  -0.09873
   0.08259
  -0.05072
   0.00919
   0.03408
  -0.07087
   0.09416
  -0.09954
   0.08596
  -0.05603
   0.01543
   0.02811
  -0.06629
   0.09186
  -0.09994
   0.08900
  -0.06112
   0.02160
   0.02203
  -0.06146
   0.08920
  -0.09996
   0.09169
  -0.06597
   0.02769
   0.01586
  -0.05639
   0.08619
  -0.09958
   0.09401
  -0.07056
   0.03367
   0.00963
  -0.05109
   0.08283
  -0.09880
   0.09597
  -0.07487
   0.03951
   0.00336
  -0.04559
   0.07915
  -0.09764
   0.09754
  -0.07888
   0.04520
  -0.00292
  -0.03992
   0.07516
  -0.09609
   0.09873
  -0.08259
   0.05072
  -0.00919
  -0.03408
   0.07087
  -0.09416
   0.09954
  -0.08596
   0.05603
  -0.01543
  -0.02811
   0.06629
  -0.09186
   0.09994
  -0.08900
   0.06112
  -0.02160
  -0.02203
   0.06146
  -0.08920
   0.09996
  -0.09169
   0.06597
  -0.02769
  -0.01586
   0.05639
  -0.08619
   0.09958
  -0.09401
   0.07056
  -0.03367
  -0.00963
   0.05109
  -0.08283
   0.09880
  -0.09597
   0.07487
  -0.03951
  -0.00336
