  -0.08583
  -0.04776
   0.00362
   0.05398
   0.08932
   0.09977
   0.08244
   0.04215
  -0.00988
  -0.05916
  -0.09196
  -0.09915
  -0.07872
  -0.03637
   0.01611
   0.06411
   0.09425
   0.09814
   0.07470
   0.03045
  -0.02228
  -0.06880
  -0.09616
  -0.09674
  -0.07037
  -0.02441
   0.02835
   0.07322
   0.09769
   0.09496
   0.06577
   0.01827
  -0.03432
  -0.07735
  -0.09884
  -0.09280
  -0.06091
  -0.01206
   0.04015
   0.08118
   0.09960
   0.09028
   0.05581
   0.00580
  -0.04582
  -0.08469
  -0.09996
  -0.08740
  -0.05049
   0.00048
   0.05131
   0.08786
   0.09993
   0.08418
   0.04498
  -0.00675
  -0.05660
  -0.09068
  -0.09951
  -0.08062
  -0.03928
   0.01300
   0.06167
   0.09315
   0.09869
   0.07675
   0.03343
  -0.01920
  -0.06649
  -0.09525
  -0.09749
  -0.07257
  -0.02744
   0.02533
   0.07105
   0.09698
   0.09590
   0.06811
   0.02135
  -0.03135
  -0.07532
  -0.09832
  -0.09393
  -0.06338
  -0.01517
   0.03725
   0.07931
   0.09927
   0.09159
   0.05839
   0.00894
  -0.04301
  -0.08297
  -0.09983
  -0.08888
  -0.05318
  -0.00267
   0.04859
   0.08632
   0.10000
   0.08583
   0.04776
  -0.00362
  -0.05398
  -0.08932
  -0.09977
  -0.08244
  -0.04215
   0.00988
   0.05916
   0.09196
   0.09915
   0.07872
   0.03637
  -0.01611
  -0.06411
  -0.09425
  -0.09814
  -0.07470
  -0.03045
   0.02228
   0.06880
   0.09616
   0.09674
   0.07037
   0.02441
  -0.02835
  -0.07322
  -0.09769
  -0.09496
  -0.06577
  -0.01827
   0.03432
   0.07735
   0.09884
   0.09280
   0.06091
   0.01206
  -0.04015
  -0.08118
  -0.09960
  -0.09028
  -0.05581
  -0.00580
   0.04582
   0.08469
   0.09996
   0.08740
   0.05049
  -0.00048
  -0.05131
  -0.08786
  -0.09993
  -0.08418
  -0.04498
   0.00675
   0.05660
   0.09068
   0.09951
   0.08062
   0.03928
  -0.01300
  -0.06167
  -0.09315
  -0.09869
  -0.07675
  -0.03343
   0.01920
   0.06649
   0.09525
   0.09749
   0.07257
   0.02744
  -0.02533
  -0.07105
  -0.09698
  -0.09590
  -0.06811
  -0.02135
   0.03135
   0.07532
   0.09832
   0.09393
   0.06338
   0.01517
  -0.03725
  -0.07931
  -0.09927
  -0.09159
  -0.05839
  -0.00894
   0.04301
   0.08297
   0.09983
   0.08888
   0.05318
   0.00267
  -0.04859
  -0.08632
  -0.10000
