  -0.09618
   0.04492
   0.07934
  -0.07466
  -0.05136
   0.09391
   0.01617
  -0.09997
   0.02129
   0.09199
  -0.05577
  -0.07109
   0.08241
   0.04020
  -0.09747
  -0.00367
   0.09885
  -0.03337
  -0.08634
   0.06573
   0.06171
  -0.08886
  -0.02841
   0.09950
  -0.00888
  -0.09618
   0.04492
   0.07934
  -0.07466
  -0.05136
   0.09391
   0.01617
  -0.09997
   0.02129
   0.09199
  -0.05577
  -0.07109
   0.08241
   0.04020
  -0.09747
  -0.00367
   0.09885
  -0.03337
  -0.08634
   0.06573
   0.06171
  -0.08886
  -0.02841
   0.09950
  -0.00888
  -0.09618
   0.04492
   0.07934
  -0.07466
  -0.05136
   0.09391
   0.01617
  -0.09997
   0.02129
   0.09199
  -0.05577
  -0.07109
   0.08241
   0.04020
  -0.09747
  -0.00367
   0.09885
  -0.03337
  -0.08634
   0.06573
   0.06171
  -0.08886
  -0.02841
   0.09950
  -0.00888
  -0.09618
   0.04492
   0.07934
  -0.07466
  -0.05136
   0.09391
   0.01617
  -0.09997
   0.02129
   0.09199
  -0.05577
  -0.07109
   0.08241
   0.04020
  -0.09747
  -0.00367
   0.09885
  -0.03337
  -0.08634
   0.06573
   0.06171
  -0.08886
  -0.02841
   0.09950
  -0.00888
  -0.09618
   0.04492
   0.07934
  -0.07466
  -0.05136
   0.09391
   0.01617
  -0.09997
   0.02129
   0.09199
  -0.05577
  -0.07109
   0.08241
   0.04020
  -0.09747
  -0.00367
   0.09885
  -0.03337
  -0.08634
   0.06573
   0.06171
  -0.08886
  -0.02841
   0.09950
  -0.00888
  -0.09618
   0.04492
   0.07934
  -0.07466
  -0.05136
   0.09391
   0.01617
  -0.09997
   0.02129
   0.09199
  -0.05577
  -0.07109
   0.08241
   0.04020
  -0.09747
  -0.00367
   0.09885
  -0.03337
  -0.08634
   0.06573
   0.06171
  -0.08886
  -0.02841
   0.09950
  -0.00888
  -0.09618
   0.04492
   0.07934
  -0.07466
  -0.05136
   0.09391
   0.01617
  -0.09997
   0.02129
   0.09199
  -0.05577
  -0.07109
   0.08241
   0.04020
  -0.09747
  -0.00367
   0.09885
  -0.03337
  -0.08634
   0.06573
   0.06171
  -0.08886
  -0.02841
   0.09950
  -0.00888
  -0.09618
   0.04492
   0.07934
  -0.07466
  -0.05136
   0.09391
   0.01617
  -0.09997
   0.02129
   0.09199
  -0.05577
  -0.07109
   0.08241
   0.04020
  -0.09747
  -0.00367
   0.09885
  -0.03337
  -0.08634
   0.06573
   0.06171
  -0.08886
  -0.02841
   0.09950
  -0.00888
