   0.07309
  -0.09679
   0.03064
   0.06395
  -0.09918
   0.04233
   0.05382
  -0.10000
   0.05335
   0.04283
  -0.09925
   0.06353
   0.03116
  -0.09693
   0.07271
   0.01901
  -0.09308
   0.08074
   0.00655
  -0.08776
   0.08750
  -0.00600
  -0.08106
   0.09288
  -0.01847
  -0.07309
   0.09679
  -0.03064
  -0.06395
   0.09918
  -0.04233
  -0.05382
   0.10000
  -0.05335
  -0.04283
   0.09925
  -0.06353
  -0.03116
   0.09693
  -0.07271
  -0.01901
   0.09308
  -0.08074
  -0.00655
   0.08776
  -0.08750
   0.00600
   0.08106
  -0.09288
   0.01847
   0.07309
  -0.09679
   0.03064
   0.06395
  -0.09918
   0.04233
   0.05382
  -0.10000
   0.05335
   0.04283
  -0.09925
   0.06353
   0.03116
  -0.09693
   0.07271
   0.01901
  -0.09308
   0.08074
   0.00655
  -0.08776
   0.08750
  -0.00600
  -0.08106
   0.09288
  -0.01847
  -0.07309
   0.09679
  -0.03064
  -0.06395
   0.09918
  -0.04233
  -0.05382
   0.10000
  -0.05335
  -0.04283
   0.09925
  -0.06353
  -0.03116
   0.09693
  -0.07271
  -0.01901
   0.09308
  -0.08074
  -0.00655
   0.08776
  -0.08750
   0.00600
   0.08106
  -0.09288
   0.01847
   0.07309
  -0.09679
   0.03064
   0.06395
  -0.09918
   0.04233
   0.05382
  -0.10000
   0.05335
   0.04283
  -0.09925
   0.06353
   0.03116
  -0.09693
   0.07271
   0.01901
  -0.09308
   0.08074
   0.00655
  -0.08776
   0.08750
  -0.00600
  -0.08106
   0.09288
  -0.01847
  -0.07309
   0.09679
  -0.03064
  -0.06395
   0.09918
  -0.04233
  -0.05382
   0.10000
  -0.05335
  -0.04283
   0.09925
  -0.06353
  -0.03116
   0.09693
  -0.07271
  -0.01901
   0.09308
  -0.08074
  -0.00655
   0.08776
  -0.08750
   0.00600
   0.08106
  -0.09288
   0.01847
   0.07309
  -0.09679
   0.03064
   0.06395
  -0.09918
   0.04233
   0.05382
  -0.10000
   0.05335
   0.04283
  -0.09925
   0.06353
   0.03116
  -0.09693
   0.07271
   0.01901
  -0.09308
   0.08074
   0.00655
  -0.08776
   0.08750
  -0.00600
  -0.08106
   0.09288
  -0.01847
  -0.07309
   0.09679
  -0.03064
  -0.06395
   0.09918
  -0.04233
  -0.05382
   0.10000
  -0.05335
  -0.04283
   0.09925
  -0.06353
  -0.03116
   0.09693
  -0.07271
  -0.01901
   0.09308
  -0.08074
  -0.00655
   0.08776
  -0.08750
   0.00600
   0.08106
  -0.09288
   0.01847
