  -0.03720
   0.06815
   0.09523
   0.01294
  -0.08421
  -0.08465
   0.01212
   0.09498
   0.06875
  -0.03643
  -0.09978
  -0.04854
   0.05844
   0.09831
   0.02527
  -0.07679
  -0.09066
  -0.00041
   0.09031
   0.07731
  -0.02447
  -0.09815
  -0.05911
   0.04781
   0.09983
   0.03720
  -0.06815
  -0.09523
  -0.01294
   0.08421
   0.08465
  -0.01212
  -0.09498
  -0.06875
   0.03643
   0.09978
   0.04854
  -0.05844
  -0.09831
  -0.02527
   0.07679
   0.09066
   0.00041
  -0.09031
  -0.07731
   0.02447
   0.09815
   0.05911
  -0.04781
  -0.09983
  -0.03720
   0.06815
   0.09523
   0.01294
  -0.08421
  -0.08465
   0.01212
   0.09498
   0.06875
  -0.03643
  -0.09978
  -0.04854
   0.05844
   0.09831
   0.02527
  -0.07679
  -0.09066
  -0.00041
   0.09031
   0.07731
  -0.02447
  -0.09815
  -0.05911
   0.04781
   0.09983
   0.03720
  -0.06815
  -0.09523
  -0.01294
   0.08421
   0.08465
  -0.01212
  -0.09498
  -0.06875
   0.03643
   0.09978
   0.04854
  -0.05844
  -0.09831
  -0.02527
   0.07679
   0.09066
   0.00041
  -0.09031
  -0.07731
   0.02447
   0.09815
   0.05911
  -0.04781
  -0.09983
  -0.03720
   0.06815
   0.09523
   0.01294
  -0.08421
  -0.08465
   0.01212
   0.09498
   0.06875
  -0.03643
  -0.09978
  -0.04854
   0.05844
   0.09831
   0.02527
  -0.07679
  -0.09066
  -0.00041
   0.09031
   0.07731
  -0.02447
  -0.09815
  -0.05911
   0.04781
   0.09983
   0.03720
  -0.06815
  -0.09523
  -0.01294
   0.08421
   0.08465
  -0.01212
  -0.09498
  -0.06875
   0.03643
   0.09978
   0.04854
  -0.05844
  -0.09831
  -0.02527
   0.07679
   0.09066
   0.00041
  -0.09031
  -0.07731
   0.02447
   0.09815
   0.05911
  -0.04781
  -0.09983
  -0.03720
   0.06815
   0.09523
   0.01294
  -0.08421
  -0.08465
   0.01212
   0.09498
   0.06875
  -0.03643
  -0.09978
  -0.04854
   0.05844
   0.09831
   0.02527
  -0.07679
  -0.09066
  -0.00041
   0.09031
   0.07731
  -0.02447
  -0.09815
  -0.05911
   0.04781
   0.09983
   0.03720
  -0.06815
  -0.09523
  -0.01294
   0.08421
   0.08465
  -0.01212
  -0.09498
  -0.06875
   0.03643
   0.09978
   0.04854
  -0.05844
  -0.09831
  -0.02527
   0.07679
   0.09066
   0.00041
  -0.09031
  -0.07731
   0.02447
   0.09815
   0.05911
  -0.04781
  -0.09983
