  -0.03712
   0.06400
  -0.08461
   0.09694
  -0.09978
   0.09285
  -0.07684
   0.05330
  -0.02455
  -0.00661
   0.03712
  -0.06400
   0.08461
  -0.09694
   0.09978
  -0.09285
   0.07684
  -0.05330
   0.02455
   0.00661
  -0.03712
   0.06400
  -0.08461
   0.09694
  -0.09978
   0.09285
  -0.07684
   0.05330
  -0.02455
  -0.00661
   0.03712
  -0.06400
   0.08461
  -0.09694
   0.09978
  -0.09285
   0.07684
  -0.05330
   0.02455
   0.00661
  -0.03712
   0.06400
  -0.08461
   0.09694
  -0.09978
   0.09285
  -0.07684
   0.05330
  -0.02455
  -0.00661
   0.03712
  -0.06400
   0.08461
  -0.09694
   0.09978
  -0.09285
   0.07684
  -0.05330
   0.02455
   0.00661
  -0.03712
   0.06400
  -0.08461
   0.09694
  -0.09978
   0.09285
  -0.07684
   0.05330
  -0.02455
  -0.00661
   0.03712
  -0.06400
   0.08461
  -0.09694
   0.09978
  -0.09285
   0.07684
  -0.05330
   0.02455
   0.00661
  -0.03712
   0.06400
  -0.08461
   0.09694
  -0.09978
   0.09285
  -0.07684
   0.05330
  -0.02455
  -0.00661
   0.03712
  -0.06400
   0.08461
  -0.09694
   0.09978
  -0.09285
   0.07684
  -0.05330
   0.02455
   0.00661
  -0.03712
   0.06400
  -0.08461
   0.09694
  -0.09978
   0.09285
  -0.07684
   0.05330
  -0.02455
  -0.00661
   0.03712
  -0.06400
   0.08461
  -0.09694
   0.09978
  -0.09285
   0.07684
  -0.05330
   0.02455
   0.00661
  -0.03712
   0.06400
  -0.08461
   0.09694
  -0.09978
   0.09285
  -0.07684
   0.05330
  -0.02455
  -0.00661
   0.03712
  -0.06400
   0.08461
  -0.09694
   0.09978
  -0.09285
   0.07684
  -0.05330
   0.02455
   0.00661
  -0.03712
   0.06400
  -0.08461
   0.09694
  -0.09978
   0.09285
  -0.07684
   0.05330
  -0.02455
  -0.00661
   0.03712
  -0.06400
   0.08461
  -0.09694
   0.09978
  -0.09285
   0.07684
  -0.05330
   0.02455
   0.00661
  -0.03712
   0.06400
  -0.08461
   0.09694
  -0.09978
   0.09285
  -0.07684
   0.05330
  -0.02455
  -0.00661
   0.03712
  -0.06400
   0.08461
  -0.09694
   0.09978
  -0.09285
   0.07684
  -0.05330
   0.02455
   0.00661
  -0.03712
   0.06400
  -0.08461
   0.09694
  -0.09978
   0.09285
  -0.07684
   0.05330
  -0.02455
  -0.00661
   0.03712
  -0.06400
   0.08461
  -0.09694
   0.09978
  -0.09285
   0.07684
  -0.05330
   0.02455
   0.00661
