   0.02818
   0.08254
  -0.07919
  -0.03360
   0.09996
  -0.02818
  -0.08254
   0.07919
   0.03360
  -0.09996
   0.02818
   0.08254
  -0.07919
  -0.03360
   0.09996
  -0.02818
  -0.08254
   0.07919
   0.03360
  -0.09996
   0.02818
   0.08254
  -0.07919
  -0.03360
   0.09996
  -0.02818
  -0.08254
   0.07919
   0.03360
  -0.09996
   0.02818
   0.08254
  -0.07919
  -0.03360
   0.09996
  -0.02818
  -0.08254
   0.07919
   0.03360
  -0.09996
   0.02818
   0.08254
  -0.07919
  -0.03360
   0.09996
  -0.02818
  -0.08254
   0.07919
   0.03360
  -0.09996
   0.02818
   0.08254
  -0.07919
  -0.03360
   0.09996
  -0.02818
  -0.08254
   0.07919
   0.03360
  -0.09996
   0.02818
   0.08254
  -0.07919
  -0.03360
   0.09996
  -0.02818
  -0.08254
   0.07919
   0.03360
  -0.09996
   0.02818
   0.08254
  -0.07919
  -0.03360
   0.09996
  -0.02818
  -0.08254
   0.07919
   0.03360
  -0.09996
   0.02818
   0.08254
  -0.07919
  -0.03360
   0.09996
  -0.02818
  -0.08254
   0.07919
   0.03360
  -0.09996
   0.02818
   0.08254
  -0.07919
  -0.03360
   0.09996
  -0.02818
  -0.08254
   0.07919
   0.03360
  -0.09996
   0.02818
   0.08254
  -0.07919
  -0.03360
   0.09996
  -0.02818
  -0.08254
   0.07919
   0.03360
  -0.09996
   0.02818
   0.08254
  -0.07919
  -0.03360
   0.09996
  -0.02818
  -0.08254
   0.07919
   0.03360
  -0.09996
   0.02818
   0.08254
  -0.07919
  -0.03360
   0.09996
  -0.02818
  -0.08254
   0.07919
   0.03360
  -0.09996
   0.02818
   0.08254
  -0.07919
  -0.03360
   0.09996
  -0.02818
  -0.08254
   0.07919
   0.03360
  -0.09996
   0.02818
   0.08254
  -0.07919
  -0.03360
   0.09996
  -0.02818
  -0.08254
   0.07919
   0.03360
  -0.09996
   0.02818
   0.08254
  -0.07919
  -0.03360
   0.09996
  -0.02818
  -0.08254
   0.07919
   0.03360
  -0.09996
   0.02818
   0.08254
  -0.07919
  -0.03360
   0.09996
  -0.02818
  -0.08254
   0.07919
   0.03360
  -0.09996
   0.02818
   0.08254
  -0.07919
  -0.03360
   0.09996
  -0.02818
  -0.08254
   0.07919
   0.03360
  -0.09996
   0.02818
   0.08254
  -0.07919
  -0.03360
   0.09996
  -0.02818
  -0.08254
   0.07919
   0.03360
  -0.09996
   0.02818
   0.08254
  -0.07919
  -0.03360
   0.09996
  -0.02818
  -0.08254
   0.07919
   0.03360
  -0.09996
