   0.07539
   0.01310
  -0.05574
  -0.09671
  -0.08936
  -0.03734
   0.03334
   0.08735
   0.09771
   0.05924
  -0.00884
  -0.07251
  -0.09993
  -0.07741
  -0.01621
   0.05310
   0.09587
   0.09072
   0.04024
  -0.03036
  -0.08578
  -0.09833
  -0.06174
   0.00571
   0.07031
   0.09977
   0.07936
   0.01930
  -0.05041
  -0.09493
  -0.09200
  -0.04309
   0.02735
   0.08413
   0.09886
   0.06418
  -0.00257
  -0.06804
  -0.09950
  -0.08124
  -0.02237
   0.04767
   0.09389
   0.09319
   0.04591
  -0.02432
  -0.08239
  -0.09928
  -0.06656
  -0.00057
   0.06570
   0.09914
   0.08303
   0.02542
  -0.04489
  -0.09277
  -0.09428
  -0.04867
   0.02126
   0.08056
   0.09961
   0.06887
   0.00371
  -0.06330
  -0.09868
  -0.08474
  -0.02845
   0.04206
   0.09155
   0.09528
   0.05139
  -0.01818
  -0.07866
  -0.09984
  -0.07111
  -0.00685
   0.06084
   0.09812
   0.08636
   0.03144
  -0.03919
  -0.09024
  -0.09619
  -0.05406
   0.01508
   0.07669
   0.09997
   0.07329
   0.00998
  -0.05832
  -0.09747
  -0.08790
  -0.03441
   0.03628
   0.08884
   0.09700
   0.05668
  -0.01197
  -0.07463
  -0.10000
  -0.07539
  -0.01310
   0.05574
   0.09671
   0.08936
   0.03734
  -0.03334
  -0.08735
  -0.09771
  -0.05924
   0.00884
   0.07251
   0.09993
   0.07741
   0.01621
  -0.05310
  -0.09587
  -0.09072
  -0.04024
   0.03036
   0.08578
   0.09833
   0.06174
  -0.00571
  -0.07031
  -0.09977
  -0.07936
  -0.01930
   0.05041
   0.09493
   0.09200
   0.04309
  -0.02735
  -0.08413
  -0.09886
  -0.06418
   0.00257
   0.06804
   0.09950
   0.08124
   0.02237
  -0.04767
  -0.09389
  -0.09319
  -0.04591
   0.02432
   0.08239
   0.09928
   0.06656
   0.00057
  -0.06570
  -0.09914
  -0.08303
  -0.02542
   0.04489
   0.09277
   0.09428
   0.04867
  -0.02126
  -0.08056
  -0.09961
  -0.06887
  -0.00371
   0.06330
   0.09868
   0.08474
   0.02845
  -0.04206
  -0.09155
  -0.09528
  -0.05139
   0.01818
   0.07866
   0.09984
   0.07111
   0.00685
  -0.06084
  -0.09812
  -0.08636
  -0.03144
   0.03919
   0.09024
   0.09619
   0.05406
  -0.01508
  -0.07669
  -0.09997
  -0.07329
  -0.00998
   0.05832
   0.09747
   0.08790
   0.03441
  -0.03628
  -0.08884
  -0.09700
  -0.05668
   0.01197
   0.07463
   0.10000
