  -0.00334
   0.03990
  -0.07085
   0.09185
  -0.09996
   0.09402
  -0.07488
   0.04522
  -0.00921
  -0.02809
   0.06145
  -0.08618
   0.09880
  -0.09755
   0.08260
  -0.05604
   0.02162
   0.01584
  -0.05108
   0.07914
  -0.09608
   0.09954
  -0.08901
   0.06598
  -0.03369
  -0.00334
   0.03990
  -0.07085
   0.09185
  -0.09996
   0.09402
  -0.07488
   0.04522
  -0.00921
  -0.02809
   0.06145
  -0.08618
   0.09880
  -0.09755
   0.08260
  -0.05604
   0.02162
   0.01584
  -0.05108
   0.07914
  -0.09608
   0.09954
  -0.08901
   0.06598
  -0.03369
  -0.00334
   0.03990
  -0.07085
   0.09185
  -0.09996
   0.09402
  -0.07488
   0.04522
  -0.00921
  -0.02809
   0.06145
  -0.08618
   0.09880
  -0.09755
   0.08260
  -0.05604
   0.02162
   0.01584
  -0.05108
   0.07914
  -0.09608
   0.09954
  -0.08901
   0.06598
  -0.03369
  -0.00334
   0.03990
  -0.07085
   0.09185
  -0.09996
   0.09402
  -0.07488
   0.04522
  -0.00921
  -0.02809
   0.06145
  -0.08618
   0.09880
  -0.09755
   0.08260
  -0.05604
   0.02162
   0.01584
  -0.05108
   0.07914
  -0.09608
   0.09954
  -0.08901
   0.06598
  -0.03369
  -0.00334
   0.03990
  -0.07085
   0.09185
  -0.09996
   0.09402
  -0.07488
   0.04522
  -0.00921
  -0.02809
   0.06145
  -0.08618
   0.09880
  -0.09755
   0.08260
  -0.05604
   0.02162
   0.01584
  -0.05108
   0.07914
  -0.09608
   0.09954
  -0.08901
   0.06598
  -0.03369
  -0.00334
   0.03990
  -0.07085
   0.09185
  -0.09996
   0.09402
  -0.07488
   0.04522
  -0.00921
  -0.02809
   0.06145
  -0.08618
   0.09880
  -0.09755
   0.08260
  -0.05604
   0.02162
   0.01584
  -0.05108
   0.07914
  -0.09608
   0.09954
  -0.08901
   0.06598
  -0.03369
  -0.00334
   0.03990
  -0.07085
   0.09185
  -0.09996
   0.09402
  -0.07488
   0.04522
  -0.00921
  -0.02809
   0.06145
  -0.08618
   0.09880
  -0.09755
   0.08260
  -0.05604
   0.02162
   0.01584
  -0.05108
   0.07914
  -0.09608
   0.09954
  -0.08901
   0.06598
  -0.03369
  -0.00334
   0.03990
  -0.07085
   0.09185
  -0.09996
   0.09402
  -0.07488
   0.04522
  -0.00921
  -0.02809
   0.06145
  -0.08618
   0.09880
  -0.09755
   0.08260
  -0.05604
   0.02162
   0.01584
  -0.05108
   0.07914
  -0.09608
   0.09954
  -0.08901
   0.06598
  -0.03369
