  -0.09879
  -0.01243
   0.09957
   0.00617
  -0.09995
   0.00011
   0.09995
  -0.00639
  -0.09955
   0.01264
   0.09875
  -0.01884
  -0.09757
   0.02497
   0.09600
  -0.03100
  -0.09405
   0.03691
   0.09173
  -0.04267
  -0.08905
   0.04827
   0.08602
  -0.05367
  -0.08265
   0.05887
   0.07895
  -0.06382
  -0.07494
   0.06853
   0.07063
  -0.07297
  -0.06605
   0.07712
   0.06121
  -0.08096
  -0.05612
   0.08449
   0.05081
  -0.08768
  -0.04530
   0.09053
   0.03962
  -0.09302
  -0.03377
   0.09514
   0.02780
  -0.09688
  -0.02171
   0.09825
   0.01554
  -0.09922
  -0.00930
   0.09981
   0.00303
  -0.10000
   0.00325
   0.09980
  -0.00952
  -0.09920
   0.01575
   0.09821
  -0.02192
  -0.09683
   0.02800
   0.09507
  -0.03397
  -0.09294
   0.03981
   0.09044
  -0.04549
  -0.08758
   0.05100
   0.08438
  -0.05630
  -0.08084
   0.06138
   0.07698
  -0.06621
  -0.07282
   0.07079
   0.06838
  -0.07508
  -0.06366
   0.07908
   0.05869
  -0.08277
  -0.05349
   0.08613
   0.04808
  -0.08915
  -0.04248
   0.09182
   0.03671
  -0.09412
  -0.03080
   0.09606
   0.02477
  -0.09762
  -0.01863
   0.09879
   0.01243
  -0.09957
  -0.00617
   0.09995
  -0.00011
  -0.09995
   0.00639
   0.09955
  -0.01264
  -0.09875
   0.01884
   0.09757
  -0.02497
  -0.09600
   0.03100
   0.09405
  -0.03691
  -0.09173
   0.04267
   0.08905
  -0.04827
  -0.08602
   0.05367
   0.08265
  -0.05887
  -0.07895
   0.06382
   0.07494
  -0.06853
  -0.07063
   0.07297
   0.06605
  -0.07712
  -0.06121
   0.08096
   0.05612
  -0.08449
  -0.05081
   0.08768
   0.04530
  -0.09053
  -0.03962
   0.09302
   0.03377
  -0.09514
  -0.02780
   0.09688
   0.02171
  -0.09825
  -0.01554
   0.09922
   0.00930
  -0.09981
  -0.00303
   0.10000
  -0.00325
  -0.09980
   0.00952
   0.09920
  -0.01575
  -0.09821
   0.02192
   0.09683
  -0.02800
  -0.09507
   0.03397
   0.09294
  -0.03981
  -0.09044
   0.04549
   0.08758
  -0.05100
  -0.08438
   0.05630
   0.08084
  -0.06138
  -0.07698
   0.06621
   0.07282
  -0.07079
  -0.06838
   0.07508
   0.06366
  -0.07908
  -0.05869
   0.08277
   0.05349
  -0.08613
  -0.04808
   0.08915
   0.04248
  -0.09182
  -0.03671
   0.09412
   0.03080
  -0.09606
  -0.02477
   0.09762
   0.01863
