  -0.09999
   0.01071
   0.09798
  -0.02915
  -0.09249
   0.04656
   0.08373
  -0.06232
  -0.07200
   0.07587
   0.05772
  -0.08673
  -0.04139
   0.09452
   0.02360
  -0.09896
  -0.00497
   0.09990
  -0.01383
  -0.09730
   0.03214
   0.09125
  -0.04932
  -0.08197
   0.06474
   0.06978
  -0.07788
  -0.05512
   0.08825
   0.03851
  -0.09550
  -0.02054
   0.09937
   0.00183
  -0.09971
   0.01693
   0.09653
  -0.03510
  -0.08992
   0.05202
   0.08013
  -0.06711
  -0.06750
   0.07981
   0.05247
  -0.08969
  -0.03559
   0.09639
   0.01745
  -0.09967
   0.00131
   0.09942
  -0.02002
  -0.09566
   0.03802
   0.08850
  -0.05468
  -0.07821
   0.06940
   0.06515
  -0.08166
  -0.04978
   0.09103
   0.03264
  -0.09717
  -0.01435
   0.09988
  -0.00445
  -0.09904
   0.02309
   0.09469
  -0.04091
  -0.08699
   0.05728
   0.07621
  -0.07163
  -0.06273
   0.08344
   0.04703
  -0.09229
  -0.02966
   0.09787
   0.01124
  -0.09998
   0.00758
   0.09856
  -0.02613
  -0.09364
   0.04376
   0.08540
  -0.05983
  -0.07414
   0.07379
   0.06025
  -0.08513
  -0.04423
   0.09345
   0.02664
  -0.09847
  -0.00811
   0.09999
  -0.01071
  -0.09798
   0.02915
   0.09249
  -0.04656
  -0.08373
   0.06232
   0.07200
  -0.07587
  -0.05772
   0.08673
   0.04139
  -0.09452
  -0.02360
   0.09896
   0.00497
  -0.09990
   0.01383
   0.09730
  -0.03214
  -0.09125
   0.04932
   0.08197
  -0.06474
  -0.06978
   0.07788
   0.05512
  -0.08825
  -0.03851
   0.09550
   0.02054
  -0.09937
  -0.00183
   0.09971
  -0.01693
  -0.09653
   0.03510
   0.08992
  -0.05202
  -0.08013
   0.06711
   0.06750
  -0.07981
  -0.05247
   0.08969
   0.03559
  -0.09639
  -0.01745
   0.09967
  -0.00131
  -0.09942
   0.02002
   0.09566
  -0.03802
  -0.08850
   0.05468
   0.07821
  -0.06940
  -0.06515
   0.08166
   0.04978
  -0.09103
  -0.03264
   0.09717
   0.01435
  -0.09988
   0.00445
   0.09904
  -0.02309
  -0.09469
   0.04091
   0.08699
  -0.05728
  -0.07621
   0.07163
   0.06273
  -0.08344
  -0.04703
   0.09229
   0.02966
  -0.09787
  -0.01124
   0.09998
  -0.00758
  -0.09856
   0.02613
   0.09364
  -0.04376
  -0.08540
   0.05983
   0.07414
  -0.07379
  -0.06025
   0.08513
   0.04423
  -0.09345
  -0.02664
   0.09847
   0.00811
