   0.06446
  -0.01471
  -0.08393
  -0.09629
  -0.04343
   0.03885
   0.09481
   0.08655
   0.01966
  -0.06055
  -0.09974
  -0.07137
   0.00534
   0.07844
   0.09840
   0.05171
  -0.03001
  -0.09140
  -0.09088
  -0.02880
   0.05279
   0.09862
   0.07765
   0.00408
  -0.07225
  -0.09964
  -0.05954
   0.02090
   0.08717
   0.09440
   0.03768
  -0.04456
  -0.09662
  -0.08323
  -0.01346
   0.06542
   0.10000
   0.06683
  -0.01160
  -0.08218
  -0.09709
  -0.04623
   0.03594
   0.09377
   0.08808
   0.02273
  -0.05802
  -0.09946
  -0.07354
   0.00220
   0.07645
   0.09891
   0.05437
  -0.02700
  -0.09008
  -0.09214
  -0.03179
   0.05009
   0.09805
   0.07959
   0.00722
  -0.07004
  -0.09986
  -0.06203
   0.01781
   0.08559
   0.09539
   0.04058
  -0.04173
  -0.09576
  -0.08493
  -0.01657
   0.06302
   0.09992
   0.06914
  -0.00848
  -0.08035
  -0.09779
  -0.04900
   0.03299
   0.09263
   0.08952
   0.02578
  -0.05543
  -0.09909
  -0.07563
  -0.00094
   0.07439
   0.09932
   0.05698
  -0.02396
  -0.08867
  -0.09332
  -0.03476
   0.04735
   0.09738
   0.08145
   0.01035
  -0.06777
  -0.09998
  -0.06446
   0.01471
   0.08393
   0.09629
   0.04343
  -0.03885
  -0.09481
  -0.08655
  -0.01966
   0.06055
   0.09974
   0.07137
  -0.00534
  -0.07844
  -0.09840
  -0.05171
   0.03001
   0.09140
   0.09088
   0.02880
  -0.05279
  -0.09862
  -0.07765
  -0.00408
   0.07225
   0.09964
   0.05954
  -0.02090
  -0.08717
  -0.09440
  -0.03768
   0.04456
   0.09662
   0.08323
   0.01346
  -0.06542
  -0.10000
  -0.06683
   0.01160
   0.08218
   0.09709
   0.04623
  -0.03594
  -0.09377
  -0.08808
  -0.02273
   0.05802
   0.09946
   0.07354
  -0.00220
  -0.07645
  -0.09891
  -0.05437
   0.02700
   0.09008
   0.09214
   0.03179
  -0.05009
  -0.09805
  -0.07959
  -0.00722
   0.07004
   0.09986
   0.06203
  -0.01781
  -0.08559
  -0.09539
  -0.04058
   0.04173
   0.09576
   0.08493
   0.01657
  -0.06302
  -0.09992
  -0.06914
   0.00848
   0.08035
   0.09779
   0.04900
  -0.03299
  -0.09263
  -0.08952
  -0.02578
   0.05543
   0.09909
   0.07563
   0.00094
  -0.07439
  -0.09932
  -0.05698
   0.02396
   0.08867
   0.09332
   0.03476
  -0.04735
  -0.09738
  -0.08145
  -0.01035
   0.06777
   0.09998
