  -0.07657
   0.09997
  -0.07341
   0.01016
   0.05817
  -0.09743
   0.08799
  -0.03458
  -0.03612
   0.08876
  -0.09704
   0.05683
   0.01179
  -0.07451
   0.10000
  -0.07550
   0.01327
   0.05559
  -0.09667
   0.08944
  -0.03751
  -0.03317
   0.08727
  -0.09775
   0.05938
   0.00867
  -0.07238
   0.09992
  -0.07753
   0.01638
   0.05295
  -0.09582
   0.09080
  -0.04040
  -0.03019
   0.08569
  -0.09837
   0.06188
   0.00553
  -0.07018
   0.09975
  -0.07947
   0.01947
   0.05026
  -0.09487
   0.09207
  -0.04325
  -0.02718
   0.08403
  -0.09888
   0.06432
   0.00239
  -0.06791
   0.09948
  -0.08134
   0.02254
   0.04752
  -0.09383
   0.09325
  -0.04606
  -0.02414
   0.08229
  -0.09930
   0.06669
  -0.00075
  -0.06557
   0.09911
  -0.08313
   0.02559
   0.04473
  -0.09270
   0.09434
  -0.04883
  -0.02108
   0.08046
  -0.09962
   0.06900
  -0.00389
  -0.06316
   0.09865
  -0.08483
   0.02862
   0.04190
  -0.09148
   0.09533
  -0.05155
  -0.01800
   0.07855
  -0.09985
   0.07124
  -0.00703
  -0.06070
   0.09809
  -0.08645
   0.03161
   0.03903
  -0.09016
   0.09624
  -0.05421
  -0.01490
   0.07657
  -0.09997
   0.07341
  -0.01016
  -0.05817
   0.09743
  -0.08799
   0.03458
   0.03612
  -0.08876
   0.09704
  -0.05683
  -0.01179
   0.07451
  -0.10000
   0.07550
  -0.01327
  -0.05559
   0.09667
  -0.08944
   0.03751
   0.03317
  -0.08727
   0.09775
  -0.05938
  -0.00867
   0.07238
  -0.09992
   0.07753
  -0.01638
  -0.05295
   0.09582
  -0.09080
   0.04040
   0.03019
  -0.08569
   0.09837
  -0.06188
  -0.00553
   0.07018
  -0.09975
   0.07947
  -0.01947
  -0.05026
   0.09487
  -0.09207
   0.04325
   0.02718
  -0.08403
   0.09888
  -0.06432
  -0.00239
   0.06791
  -0.09948
   0.08134
  -0.02254
  -0.04752
   0.09383
  -0.09325
   0.04606
   0.02414
  -0.08229
   0.09930
  -0.06669
   0.00075
   0.06557
  -0.09911
   0.08313
  -0.02559
  -0.04473
   0.09270
  -0.09434
   0.04883
   0.02108
  -0.08046
   0.09962
  -0.06900
   0.00389
   0.06316
  -0.09865
   0.08483
  -0.02862
  -0.04190
   0.09148
  -0.09533
   0.05155
   0.01800
  -0.07855
   0.09985
  -0.07124
   0.00703
   0.06070
  -0.09809
   0.08645
  -0.03161
  -0.03903
   0.09016
  -0.09624
   0.05421
   0.01490
