   0.01126
   0.02362
   0.03561
   0.04705
   0.05773
   0.06751
   0.07623
   0.08374
   0.08993
   0.09470
   0.09798
   0.09971
   0.09988
   0.09846
   0.09549
   0.09102
   0.08511
   0.07786
   0.06939
   0.05981
   0.04930
   0.03800
   0.02611
   0.01381
   0.00129
  -0.01126
  -0.02362
  -0.03561
  -0.04705
  -0.05773
  -0.06751
  -0.07623
  -0.08374
  -0.08993
  -0.09470
  -0.09798
  -0.09971
  -0.09988
  -0.09846
  -0.09549
  -0.09102
  -0.08511
  -0.07786
  -0.06939
  -0.05981
  -0.04930
  -0.03800
  -0.02611
  -0.01381
  -0.00129
   0.01126
   0.02362
   0.03561
   0.04705
   0.05773
   0.06751
   0.07623
   0.08374
   0.08993
   0.09470
   0.09798
   0.09971
   0.09988
   0.09846
   0.09549
   0.09102
   0.08511
   0.07786
   0.06939
   0.05981
   0.04930
   0.03800
   0.02611
   0.01381
   0.00129
  -0.01126
  -0.02362
  -0.03561
  -0.04705
  -0.05773
  -0.06751
  -0.07623
  -0.08374
  -0.08993
  -0.09470
  -0.09798
  -0.09971
  -0.09988
  -0.09846
  -0.09549
  -0.09102
  -0.08511
  -0.07786
  -0.06939
  -0.05981
  -0.04930
  -0.03800
  -0.02611
  -0.01381
  -0.00129
   0.01126
   0.02362
   0.03561
   0.04705
   0.05773
   0.06751
   0.07623
   0.08374
   0.08993
   0.09470
   0.09798
   0.09971
   0.09988
   0.09846
   0.09549
   0.09102
   0.08511
   0.07786
   0.06939
   0.05981
   0.04930
   0.03800
   0.02611
   0.01381
   0.00129
  -0.01126
  -0.02362
  -0.03561
  -0.04705
  -0.05773
  -0.06751
  -0.07623
  -0.08374
  -0.08993
  -0.09470
  -0.09798
  -0.09971
  -0.09988
  -0.09846
  -0.09549
  -0.09102
  -0.08511
  -0.07786
  -0.06939
  -0.05981
  -0.04930
  -0.03800
  -0.02611
  -0.01381
  -0.00129
   0.01126
   0.02362
   0.03561
   0.04705
   0.05773
   0.06751
   0.07623
   0.08374
   0.08993
   0.09470
   0.09798
   0.09971
   0.09988
   0.09846
   0.09549
   0.09102
   0.08511
   0.07786
   0.06939
   0.05981
   0.04930
   0.03800
   0.02611
   0.01381
   0.00129
  -0.01126
  -0.02362
  -0.03561
  -0.04705
  -0.05773
  -0.06751
  -0.07623
  -0.08374
  -0.08993
  -0.09470
  -0.09798
  -0.09971
  -0.09988
  -0.09846
  -0.09549
  -0.09102
  -0.08511
  -0.07786
  -0.06939
  -0.05981
  -0.04930
  -0.03800
  -0.02611
  -0.01381
  -0.00129
