   0.02510
   0.04838
   0.06863
   0.08456
   0.09518
   0.09982
   0.09818
   0.09038
   0.07690
   0.05859
   0.03659
   0.01230
  -0.01277
  -0.03703
  -0.05897
  -0.07720
  -0.09058
  -0.09827
  -0.09979
  -0.09503
  -0.08431
  -0.06828
  -0.04797
  -0.02464
   0.00023
   0.02510
   0.04838
   0.06863
   0.08456
   0.09518
   0.09982
   0.09818
   0.09038
   0.07690
   0.05859
   0.03659
   0.01230
  -0.01277
  -0.03703
  -0.05897
  -0.07720
  -0.09058
  -0.09827
  -0.09979
  -0.09503
  -0.08431
  -0.06828
  -0.04797
  -0.02464
   0.00023
   0.02510
   0.04838
   0.06863
   0.08456
   0.09518
   0.09982
   0.09818
   0.09038
   0.07690
   0.05859
   0.03659
   0.01230
  -0.01277
  -0.03703
  -0.05897
  -0.07720
  -0.09058
  -0.09827
  -0.09979
  -0.09503
  -0.08431
  -0.06828
  -0.04797
  -0.02464
   0.00023
   0.02510
   0.04838
   0.06863
   0.08456
   0.09518
   0.09982
   0.09818
   0.09038
   0.07690
   0.05859
   0.03659
   0.01230
  -0.01277
  -0.03703
  -0.05897
  -0.07720
  -0.09058
  -0.09827
  -0.09979
  -0.09503
  -0.08431
  -0.06828
  -0.04797
  -0.02464
   0.00023
   0.02510
   0.04838
   0.06863
   0.08456
   0.09518
   0.09982
   0.09818
   0.09038
   0.07690
   0.05859
   0.03659
   0.01230
  -0.01277
  -0.03703
  -0.05897
  -0.07720
  -0.09058
  -0.09827
  -0.09979
  -0.09503
  -0.08431
  -0.06828
  -0.04797
  -0.02464
   0.00023
   0.02510
   0.04838
   0.06863
   0.08456
   0.09518
   0.09982
   0.09818
   0.09038
   0.07690
   0.05859
   0.03659
   0.01230
  -0.01277
  -0.03703
  -0.05897
  -0.07720
  -0.09058
  -0.09827
  -0.09979
  -0.09503
  -0.08431
  -0.06828
  -0.04797
  -0.02464
   0.00023
   0.02510
   0.04838
   0.06863
   0.08456
   0.09518
   0.09982
   0.09818
   0.09038
   0.07690
   0.05859
   0.03659
   0.01230
  -0.01277
  -0.03703
  -0.05897
  -0.07720
  -0.09058
  -0.09827
  -0.09979
  -0.09503
  -0.08431
  -0.06828
  -0.04797
  -0.02464
   0.00023
   0.02510
   0.04838
   0.06863
   0.08456
   0.09518
   0.09982
   0.09818
   0.09038
   0.07690
   0.05859
   0.03659
   0.01230
  -0.01277
  -0.03703
  -0.05897
  -0.07720
  -0.09058
  -0.09827
  -0.09979
  -0.09503
  -0.08431
  -0.06828
  -0.04797
  -0.02464
   0.00023
