   0.08614
  -0.05370
   0.00954
   0.03669
  -0.07492
   0.09682
  -0.09762
   0.07714
  -0.03984
  -0.00614
   0.05079
  -0.08436
   0.09954
  -0.09303
   0.06623
  -0.02500
  -0.02168
   0.06364
  -0.09172
   0.09981
  -0.08614
   0.05370
  -0.00954
  -0.03669
   0.07492
  -0.09682
   0.09762
  -0.07714
   0.03984
   0.00614
  -0.05079
   0.08436
  -0.09954
   0.09303
  -0.06623
   0.02500
   0.02168
  -0.06364
   0.09172
  -0.09981
   0.08614
  -0.05370
   0.00954
   0.03669
  -0.07492
   0.09682
  -0.09762
   0.07714
  -0.03984
  -0.00614
   0.05079
  -0.08436
   0.09954
  -0.09303
   0.06623
  -0.02500
  -0.02168
   0.06364
  -0.09172
   0.09981
  -0.08614
   0.05370
  -0.00954
  -0.03669
   0.07492
  -0.09682
   0.09762
  -0.07714
   0.03984
   0.00614
  -0.05079
   0.08436
  -0.09954
   0.09303
  -0.06623
   0.02500
   0.02168
  -0.06364
   0.09172
  -0.09981
   0.08614
  -0.05370
   0.00954
   0.03669
  -0.07492
   0.09682
  -0.09762
   0.07714
  -0.03984
  -0.00614
   0.05079
  -0.08436
   0.09954
  -0.09303
   0.06623
  -0.02500
  -0.02168
   0.06364
  -0.09172
   0.09981
  -0.08614
   0.05370
  -0.00954
  -0.03669
   0.07492
  -0.09682
   0.09762
  -0.07714
   0.03984
   0.00614
  -0.05079
   0.08436
  -0.09954
   0.09303
  -0.06623
   0.02500
   0.02168
  -0.06364
   0.09172
  -0.09981
   0.08614
  -0.05370
   0.00954
   0.03669
  -0.07492
   0.09682
  -0.09762
   0.07714
  -0.03984
  -0.00614
   0.05079
  -0.08436
   0.09954
  -0.09303
   0.06623
  -0.02500
  -0.02168
   0.06364
  -0.09172
   0.09981
  -0.08614
   0.05370
  -0.00954
  -0.03669
   0.07492
  -0.09682
   0.09762
  -0.07714
   0.03984
   0.00614
  -0.05079
   0.08436
  -0.09954
   0.09303
  -0.06623
   0.02500
   0.02168
  -0.06364
   0.09172
  -0.09981
   0.08614
  -0.05370
   0.00954
   0.03669
  -0.07492
   0.09682
  -0.09762
   0.07714
  -0.03984
  -0.00614
   0.05079
  -0.08436
   0.09954
  -0.09303
   0.06623
  -0.02500
  -0.02168
   0.06364
  -0.09172
   0.09981
  -0.08614
   0.05370
  -0.00954
  -0.03669
   0.07492
  -0.09682
   0.09762
  -0.07714
   0.03984
   0.00614
  -0.05079
   0.08436
  -0.09954
   0.09303
  -0.06623
   0.02500
   0.02168
  -0.06364
   0.09172
  -0.09981
