  -0.09283
  -0.07318
   0.03051
   0.09916
   0.05393
  -0.05323
  -0.09926
  -0.03129
   0.07261
   0.09313
   0.00669
  -0.08743
  -0.08114
   0.01833
   0.09676
   0.06406
  -0.04220
  -0.10000
  -0.04295
   0.06342
   0.09696
   0.01914
  -0.08066
  -0.08783
   0.00587
   0.09283
   0.07318
  -0.03051
  -0.09916
  -0.05393
   0.05323
   0.09926
   0.03129
  -0.07261
  -0.09313
  -0.00669
   0.08743
   0.08114
  -0.01833
  -0.09676
  -0.06406
   0.04220
   0.10000
   0.04295
  -0.06342
  -0.09696
  -0.01914
   0.08066
   0.08783
  -0.00587
  -0.09283
  -0.07318
   0.03051
   0.09916
   0.05393
  -0.05323
  -0.09926
  -0.03129
   0.07261
   0.09313
   0.00669
  -0.08743
  -0.08114
   0.01833
   0.09676
   0.06406
  -0.04220
  -0.10000
  -0.04295
   0.06342
   0.09696
   0.01914
  -0.08066
  -0.08783
   0.00587
   0.09283
   0.07318
  -0.03051
  -0.09916
  -0.05393
   0.05323
   0.09926
   0.03129
  -0.07261
  -0.09313
  -0.00669
   0.08743
   0.08114
  -0.01833
  -0.09676
  -0.06406
   0.04220
   0.10000
   0.04295
  -0.06342
  -0.09696
  -0.01914
   0.08066
   0.08783
  -0.00587
  -0.09283
  -0.07318
   0.03051
   0.09916
   0.05393
  -0.05323
  -0.09926
  -0.03129
   0.07261
   0.09313
   0.00669
  -0.08743
  -0.08114
   0.01833
   0.09676
   0.06406
  -0.04220
  -0.10000
  -0.04295
   0.06342
   0.09696
   0.01914
  -0.08066
  -0.08783
   0.00587
   0.09283
   0.07318
  -0.03051
  -0.09916
  -0.05393
   0.05323
   0.09926
   0.03129
  -0.07261
  -0.09313
  -0.00669
   0.08743
   0.08114
  -0.01833
  -0.09676
  -0.06406
   0.04220
   0.10000
   0.04295
  -0.06342
  -0.09696
  -0.01914
   0.08066
   0.08783
  -0.00587
  -0.09283
  -0.07318
   0.03051
   0.09916
   0.05393
  -0.05323
  -0.09926
  -0.03129
   0.07261
   0.09313
   0.00669
  -0.08743
  -0.08114
   0.01833
   0.09676
   0.06406
  -0.04220
  -0.10000
  -0.04295
   0.06342
   0.09696
   0.01914
  -0.08066
  -0.08783
   0.00587
   0.09283
   0.07318
  -0.03051
  -0.09916
  -0.05393
   0.05323
   0.09926
   0.03129
  -0.07261
  -0.09313
  -0.00669
   0.08743
   0.08114
  -0.01833
  -0.09676
  -0.06406
   0.04220
   0.10000
   0.04295
  -0.06342
  -0.09696
  -0.01914
   0.08066
   0.08783
  -0.00587
