   0.02086
   0.04169
   0.06051
   0.07642
   0.08865
   0.09661
   0.09992
   0.09841
   0.09216
   0.08147
   0.06686
   0.04903
   0.02884
   0.00726
  -0.01467
  -0.03590
  -0.05539
  -0.07222
  -0.08557
  -0.09480
  -0.09946
  -0.09933
  -0.09442
  -0.08495
  -0.07140
  -0.05441
  -0.03479
  -0.01351
   0.00843
   0.02997
   0.05006
   0.06774
   0.08215
   0.09261
   0.09861
   0.09986
   0.09630
   0.08810
   0.07566
   0.05957
   0.04061
   0.01970
  -0.00216
  -0.02392
  -0.04452
  -0.06298
  -0.07841
  -0.09006
  -0.09737
  -0.10000
  -0.09780
  -0.09090
  -0.07961
  -0.06449
  -0.04627
  -0.02582
  -0.00412
   0.01777
   0.03881
   0.05798
   0.07436
   0.08715
   0.09575
   0.09974
   0.09892
   0.09333
   0.08326
   0.06917
   0.05175
   0.03183
   0.01039
  -0.01156
  -0.03295
  -0.05275
  -0.07001
  -0.08390
  -0.09375
  -0.09908
  -0.09964
  -0.09540
  -0.08657
  -0.07356
  -0.05702
  -0.03772
  -0.01661
   0.00530
   0.02696
   0.04731
   0.06539
   0.08032
   0.09138
   0.09804
   0.09998
   0.09710
   0.08954
   0.07767
   0.06206
   0.04346
   0.02277
   0.00098
  -0.02086
  -0.04169
  -0.06051
  -0.07642
  -0.08865
  -0.09661
  -0.09992
  -0.09841
  -0.09216
  -0.08147
  -0.06686
  -0.04903
  -0.02884
  -0.00726
   0.01467
   0.03590
   0.05539
   0.07222
   0.08557
   0.09480
   0.09946
   0.09933
   0.09442
   0.08495
   0.07140
   0.05441
   0.03479
   0.01351
  -0.00843
  -0.02997
  -0.05006
  -0.06774
  -0.08215
  -0.09261
  -0.09861
  -0.09986
  -0.09630
  -0.08810
  -0.07566
  -0.05957
  -0.04061
  -0.01970
   0.00216
   0.02392
   0.04452
   0.06298
   0.07841
   0.09006
   0.09737
   0.10000
   0.09780
   0.09090
   0.07961
   0.06449
   0.04627
   0.02582
   0.00412
  -0.01777
  -0.03881
  -0.05798
  -0.07436
  -0.08715
  -0.09575
  -0.09974
  -0.09892
  -0.09333
  -0.08326
  -0.06917
  -0.05175
  -0.03183
  -0.01039
   0.01156
   0.03295
   0.05275
   0.07001
   0.08390
   0.09375
   0.09908
   0.09964
   0.09540
   0.08657
   0.07356
   0.05702
   0.03772
   0.01661
  -0.00530
  -0.02696
  -0.04731
  -0.06539
  -0.08032
  -0.09138
  -0.09804
  -0.09998
  -0.09710
  -0.08954
  -0.07767
  -0.06206
  -0.04346
  -0.02277
  -0.00098
