   0.08310
  -0.09385
   0.02722
   0.06185
  -0.09993
   0.05562
   0.03454
  -0.09622
   0.07858
   0.00385
  -0.08310
   0.09385
  -0.02722
  -0.06185
   0.09993
  -0.05562
  -0.03454
   0.09622
  -0.07858
  -0.00385
   0.08310
  -0.09385
   0.02722
   0.06185
  -0.09993
   0.05562
   0.03454
  -0.09622
   0.07858
   0.00385
  -0.08310
   0.09385
  -0.02722
  -0.06185
   0.09993
  -0.05562
  -0.03454
   0.09622
  -0.07858
  -0.00385
   0.08310
  -0.09385
   0.02722
   0.06185
  -0.09993
   0.05562
   0.03454
  -0.09622
   0.07858
   0.00385
  -0.08310
   0.09385
  -0.02722
  -0.06185
   0.09993
  -0.05562
  -0.03454
   0.09622
  -0.07858
  -0.00385
   0.08310
  -0.09385
   0.02722
   0.06185
  -0.09993
   0.05562
   0.03454
  -0.09622
   0.07858
   0.00385
  -0.08310
   0.09385
  -0.02722
  -0.06185
   0.09993
  -0.05562
  -0.03454
   0.09622
  -0.07858
  -0.00385
   0.08310
  -0.09385
   0.02722
   0.06185
  -0.09993
   0.05562
   0.03454
  -0.09622
   0.07858
   0.00385
  -0.08310
   0.09385
  -0.02722
  -0.06185
   0.09993
  -0.05562
  -0.03454
   0.09622
  -0.07858
  -0.00385
   0.08310
  -0.09385
   0.02722
   0.06185
  -0.09993
   0.05562
   0.03454
  -0.09622
   0.07858
   0.00385
  -0.08310
   0.09385
  -0.02722
  -0.06185
   0.09993
  -0.05562
  -0.03454
   0.09622
  -0.07858
  -0.00385
   0.08310
  -0.09385
   0.02722
   0.06185
  -0.09993
   0.05562
   0.03454
  -0.09622
   0.07858
   0.00385
  -0.08310
   0.09385
  -0.02722
  -0.06185
   0.09993
  -0.05562
  -0.03454
   0.09622
  -0.07858
  -0.00385
   0.08310
  -0.09385
   0.02722
   0.06185
  -0.09993
   0.05562
   0.03454
  -0.09622
   0.07858
   0.00385
  -0.08310
   0.09385
  -0.02722
  -0.06185
   0.09993
  -0.05562
  -0.03454
   0.09622
  -0.07858
  -0.00385
   0.08310
  -0.09385
   0.02722
   0.06185
  -0.09993
   0.05562
   0.03454
  -0.09622
   0.07858
   0.00385
  -0.08310
   0.09385
  -0.02722
  -0.06185
   0.09993
  -0.05562
  -0.03454
   0.09622
  -0.07858
  -0.00385
   0.08310
  -0.09385
   0.02722
   0.06185
  -0.09993
   0.05562
   0.03454
  -0.09622
   0.07858
   0.00385
  -0.08310
   0.09385
  -0.02722
  -0.06185
   0.09993
  -0.05562
  -0.03454
   0.09622
  -0.07858
  -0.00385
