   0.01171
  -0.02406
   0.03604
  -0.04744
   0.05810
  -0.06784
   0.07652
  -0.08398
   0.09012
  -0.09484
   0.09807
  -0.09975
   0.09985
  -0.09838
   0.09536
  -0.09083
   0.08488
  -0.07758
   0.06906
  -0.05945
   0.04890
  -0.03759
   0.02568
  -0.01336
   0.00083
   0.01171
  -0.02406
   0.03604
  -0.04744
   0.05810
  -0.06784
   0.07652
  -0.08398
   0.09012
  -0.09484
   0.09807
  -0.09975
   0.09985
  -0.09838
   0.09536
  -0.09083
   0.08488
  -0.07758
   0.06906
  -0.05945
   0.04890
  -0.03759
   0.02568
  -0.01336
   0.00083
   0.01171
  -0.02406
   0.03604
  -0.04744
   0.05810
  -0.06784
   0.07652
  -0.08398
   0.09012
  -0.09484
   0.09807
  -0.09975
   0.09985
  -0.09838
   0.09536
  -0.09083
   0.08488
  -0.07758
   0.06906
  -0.05945
   0.04890
  -0.03759
   0.02568
  -0.01336
   0.00083
   0.01171
  -0.02406
   0.03604
  -0.04744
   0.05810
  -0.06784
   0.07652
  -0.08398
   0.09012
  -0.09484
   0.09807
  -0.09975
   0.09985
  -0.09838
   0.09536
  -0.09083
   0.08488
  -0.07758
   0.06906
  -0.05945
   0.04890
  -0.03759
   0.02568
  -0.01336
   0.00083
   0.01171
  -0.02406
   0.03604
  -0.04744
   0.05810
  -0.06784
   0.07652
  -0.08398
   0.09012
  -0.09484
   0.09807
  -0.09975
   0.09985
  -0.09838
   0.09536
  -0.09083
   0.08488
  -0.07758
   0.06906
  -0.05945
   0.04890
  -0.03759
   0.02568
  -0.01336
   0.00083
   0.01171
  -0.02406
   0.03604
  -0.04744
   0.05810
  -0.06784
   0.07652
  -0.08398
   0.09012
  -0.09484
   0.09807
  -0.09975
   0.09985
  -0.09838
   0.09536
  -0.09083
   0.08488
  -0.07758
   0.06906
  -0.05945
   0.04890
  -0.03759
   0.02568
  -0.01336
   0.00083
   0.01171
  -0.02406
   0.03604
  -0.04744
   0.05810
  -0.06784
   0.07652
  -0.08398
   0.09012
  -0.09484
   0.09807
  -0.09975
   0.09985
  -0.09838
   0.09536
  -0.09083
   0.08488
  -0.07758
   0.06906
  -0.05945
   0.04890
  -0.03759
   0.02568
  -0.01336
   0.00083
   0.01171
  -0.02406
   0.03604
  -0.04744
   0.05810
  -0.06784
   0.07652
  -0.08398
   0.09012
  -0.09484
   0.09807
  -0.09975
   0.09985
  -0.09838
   0.09536
  -0.09083
   0.08488
  -0.07758
   0.06906
  -0.05945
   0.04890
  -0.03759
   0.02568
  -0.01336
   0.00083
