   0.06064
   0.03168
  -0.09626
   0.07652
   0.01023
  -0.08802
   0.08872
  -0.01172
  -0.07555
   0.09665
  -0.03310
  -0.05944
   0.09992
  -0.05289
  -0.04047
   0.09838
  -0.07013
  -0.01955
   0.09210
  -0.08399
   0.00232
   0.08138
  -0.09381
   0.02407
   0.06675
  -0.09911
   0.04466
   0.04889
  -0.09963
   0.06311
   0.02869
  -0.09536
   0.07851
   0.00710
  -0.08649
   0.09013
  -0.01483
  -0.07346
   0.09741
  -0.03605
  -0.05689
   0.10000
  -0.05553
  -0.03758
   0.09777
  -0.07233
  -0.01646
   0.09083
  -0.08565
   0.00546
   0.07952
  -0.09485
   0.02711
   0.06437
  -0.09948
   0.04745
   0.04613
  -0.09931
   0.06551
   0.02566
  -0.09436
   0.08042
   0.00396
  -0.08487
   0.09145
  -0.01793
  -0.07129
   0.09807
  -0.03896
  -0.05428
   0.09997
  -0.05811
  -0.03465
   0.09706
  -0.07446
  -0.01335
   0.08947
  -0.08723
   0.00859
   0.07757
  -0.09580
   0.03012
   0.06194
  -0.09975
   0.05019
   0.04332
  -0.09889
   0.06785
   0.02262
  -0.09328
   0.08224
   0.00082
  -0.08317
   0.09267
  -0.02101
  -0.06905
   0.09864
  -0.04183
  -0.05161
   0.09985
  -0.06064
  -0.03168
   0.09626
  -0.07652
  -0.01023
   0.08802
  -0.08872
   0.01172
   0.07555
  -0.09665
   0.03310
   0.05944
  -0.09992
   0.05289
   0.04047
  -0.09838
   0.07013
   0.01955
  -0.09210
   0.08399
  -0.00232
  -0.08138
   0.09381
  -0.02407
  -0.06675
   0.09911
  -0.04466
  -0.04889
   0.09963
  -0.06311
  -0.02869
   0.09536
  -0.07851
  -0.00710
   0.08649
  -0.09013
   0.01483
   0.07346
  -0.09741
   0.03605
   0.05689
  -0.10000
   0.05553
   0.03758
  -0.09777
   0.07233
   0.01646
  -0.09083
   0.08565
  -0.00546
  -0.07952
   0.09485
  -0.02711
  -0.06437
   0.09948
  -0.04745
  -0.04613
   0.09931
  -0.06551
  -0.02566
   0.09436
  -0.08042
  -0.00396
   0.08487
  -0.09145
   0.01793
   0.07129
  -0.09807
   0.03896
   0.05428
  -0.09997
   0.05811
   0.03465
  -0.09706
   0.07446
   0.01335
  -0.08947
   0.08723
  -0.00859
  -0.07757
   0.09580
  -0.03012
  -0.06194
   0.09975
  -0.05019
  -0.04332
   0.09889
  -0.06785
  -0.02262
   0.09328
  -0.08224
  -0.00082
   0.08317
  -0.09267
   0.02101
   0.06905
  -0.09864
   0.04183
   0.05161
  -0.09985
