  -0.06314
  -0.09742
  -0.09081
  -0.04610
   0.01797
   0.07449
   0.09975
   0.08315
   0.03165
  -0.03313
  -0.08401
  -0.09963
  -0.07343
  -0.01642
   0.04749
   0.09146
   0.09705
   0.06191
   0.00078
  -0.06067
  -0.09666
  -0.09208
  -0.04886
   0.01487
   0.07236
   0.09948
   0.08485
   0.03461
  -0.03015
  -0.08226
  -0.09985
  -0.07553
  -0.01951
   0.04470
   0.09015
   0.09776
   0.06434
   0.00393
  -0.05814
  -0.09581
  -0.09326
  -0.05158
   0.01175
   0.07015
   0.09911
   0.08647
   0.03754
  -0.02714
  -0.08044
  -0.09997
  -0.07755
  -0.02258
   0.04187
   0.08874
   0.09837
   0.06672
   0.00706
  -0.05556
  -0.09486
  -0.09435
  -0.05424
   0.00863
   0.06788
   0.09864
   0.08801
   0.04043
  -0.02411
  -0.07853
  -0.10000
  -0.07949
  -0.02563
   0.03899
   0.08725
   0.09889
   0.06902
   0.01019
  -0.05292
  -0.09382
  -0.09535
  -0.05686
   0.00550
   0.06554
   0.09808
   0.08945
   0.04329
  -0.02105
  -0.07655
  -0.09992
  -0.08136
  -0.02865
   0.03608
   0.08567
   0.09931
   0.07126
   0.01331
  -0.05023
  -0.09269
  -0.09625
  -0.05941
   0.00236
   0.06314
   0.09742
   0.09081
   0.04610
  -0.01797
  -0.07449
  -0.09975
  -0.08315
  -0.03165
   0.03313
   0.08401
   0.09963
   0.07343
   0.01642
  -0.04749
  -0.09146
  -0.09705
  -0.06191
  -0.00078
   0.06067
   0.09666
   0.09208
   0.04886
  -0.01487
  -0.07236
  -0.09948
  -0.08485
  -0.03461
   0.03015
   0.08226
   0.09985
   0.07553
   0.01951
  -0.04470
  -0.09015
  -0.09776
  -0.06434
  -0.00393
   0.05814
   0.09581
   0.09326
   0.05158
  -0.01175
  -0.07015
  -0.09911
  -0.08647
  -0.03754
   0.02714
   0.08044
   0.09997
   0.07755
   0.02258
  -0.04187
  -0.08874
  -0.09837
  -0.06672
  -0.00706
   0.05556
   0.09486
   0.09435
   0.05424
  -0.00863
  -0.06788
  -0.09864
  -0.08801
  -0.04043
   0.02411
   0.07853
   0.10000
   0.07949
   0.02563
  -0.03899
  -0.08725
  -0.09889
  -0.06902
  -0.01019
   0.05292
   0.09382
   0.09535
   0.05686
  -0.00550
  -0.06554
  -0.09808
  -0.08945
  -0.04329
   0.02105
   0.07655
   0.09992
   0.08136
   0.02865
  -0.03608
  -0.08567
  -0.09931
  -0.07126
  -0.01331
   0.05023
   0.09269
   0.09625
   0.05941
  -0.00236
