  -0.08653
   0.07647
   0.03472
  -0.10000
   0.03302
   0.07762
  -0.08561
  -0.01962
   0.09891
  -0.04738
  -0.06681
   0.09264
   0.00404
  -0.09538
   0.06057
   0.05434
  -0.09739
   0.01164
   0.08951
  -0.07228
  -0.04054
   0.09974
  -0.02703
  -0.08143
   0.08220
   0.02574
  -0.09964
   0.04176
   0.07135
  -0.09009
  -0.01031
   0.09708
  -0.05546
  -0.05951
   0.09577
  -0.00538
  -0.09213
   0.06779
   0.04620
  -0.09909
   0.02093
   0.08491
  -0.07846
  -0.03176
   0.09997
  -0.03597
  -0.07561
   0.08719
   0.01653
  -0.09839
   0.05012
   0.06444
  -0.09378
  -0.00090
   0.09439
  -0.06304
  -0.05168
   0.09806
  -0.01475
  -0.08806
   0.07441
   0.03765
  -0.09992
   0.03004
   0.07957
  -0.08395
  -0.02269
   0.09932
  -0.04459
  -0.06911
   0.09141
   0.00718
  -0.09628
   0.05805
   0.05695
  -0.09663
   0.00851
   0.09086
  -0.07007
  -0.04339
   0.09947
  -0.02399
  -0.08321
   0.08037
   0.02876
  -0.09986
   0.03888
   0.07351
  -0.08869
  -0.01343
   0.09778
  -0.05282
  -0.06200
   0.09482
  -0.00224
  -0.09331
   0.06545
   0.04896
  -0.09862
   0.01785
   0.08653
  -0.07647
  -0.03472
   0.10000
  -0.03302
  -0.07762
   0.08561
   0.01962
  -0.09891
   0.04738
   0.06681
  -0.09264
  -0.00404
   0.09538
  -0.06057
  -0.05434
   0.09739
  -0.01164
  -0.08951
   0.07228
   0.04054
  -0.09974
   0.02703
   0.08143
  -0.08220
  -0.02574
   0.09964
  -0.04176
  -0.07135
   0.09009
   0.01031
  -0.09708
   0.05546
   0.05951
  -0.09577
   0.00538
   0.09213
  -0.06779
  -0.04620
   0.09909
  -0.02093
  -0.08491
   0.07846
   0.03176
  -0.09997
   0.03597
   0.07561
  -0.08719
  -0.01653
   0.09839
  -0.05012
  -0.06444
   0.09378
   0.00090
  -0.09439
   0.06304
   0.05168
  -0.09806
   0.01475
   0.08806
  -0.07441
  -0.03765
   0.09992
  -0.03004
  -0.07957
   0.08395
   0.02269
  -0.09932
   0.04459
   0.06911
  -0.09141
  -0.00718
   0.09628
  -0.05805
  -0.05695
   0.09663
  -0.00851
  -0.09086
   0.07007
   0.04339
  -0.09947
   0.02399
   0.08321
  -0.08037
  -0.02876
   0.09986
  -0.03888
  -0.07351
   0.08869
   0.01343
  -0.09778
   0.05282
   0.06200
  -0.09482
   0.00224
   0.09331
  -0.06545
  -0.04896
   0.09862
  -0.01785
