   0.08936
  -0.00175
  -0.08914
   0.01295
   0.08751
  -0.02394
  -0.08451
   0.03455
   0.08017
  -0.04462
  -0.07457
   0.05398
   0.06779
  -0.06249
  -0.05994
   0.07002
   0.05115
  -0.07644
  -0.04155
   0.08166
   0.03129
  -0.08559
  -0.02054
   0.08817
   0.00947
  -0.08936
   0.00175
   0.08914
  -0.01295
  -0.08751
   0.02394
   0.08451
  -0.03455
  -0.08017
   0.04462
   0.07457
  -0.05398
  -0.06779
   0.06249
   0.05994
  -0.07002
  -0.05115
   0.07644
   0.04155
  -0.08166
  -0.03129
   0.08559
   0.02054
  -0.08817
  -0.00947
   0.08936
  -0.00175
  -0.08914
   0.01295
   0.08751
  -0.02394
  -0.08451
   0.03455
   0.08017
  -0.04462
  -0.07457
   0.05398
   0.06779
  -0.06249
  -0.05994
   0.07002
   0.05115
  -0.07644
  -0.04155
   0.08166
   0.03129
  -0.08559
  -0.02054
   0.08817
   0.00947
  -0.08936
   0.00175
   0.08914
  -0.01295
  -0.08751
   0.02394
   0.08451
  -0.03455
  -0.08017
   0.04462
   0.07457
  -0.05398
  -0.06779
   0.06249
   0.05994
  -0.07002
  -0.05115
   0.07644
   0.04155
  -0.08166
  -0.03129
   0.08559
   0.02054
  -0.08817
  -0.00947
   0.08936
  -0.00175
  -0.08914
   0.01295
   0.08751
  -0.02394
  -0.08451
   0.03455
   0.08017
  -0.04462
  -0.07457
   0.05398
   0.06779
  -0.06249
  -0.05994
   0.07002
   0.05115
  -0.07644
  -0.04155
   0.08166
   0.03129
  -0.08559
  -0.02054
   0.08817
   0.00947
  -0.08936
   0.00175
   0.08914
  -0.01295
  -0.08751
   0.02394
   0.08451
  -0.03455
  -0.08017
   0.04462
   0.07457
  -0.05398
  -0.06779
   0.06249
   0.05994
  -0.07002
  -0.05115
   0.07644
   0.04155
  -0.08166
  -0.03129
   0.08559
   0.02054
  -0.08817
  -0.00947
   0.08936
  -0.00175
  -0.08914
   0.01295
   0.08751
  -0.02394
  -0.08451
   0.03455
   0.08017
  -0.04462
  -0.07457
   0.05398
   0.06779
  -0.06249
  -0.05994
   0.07002
   0.05115
  -0.07644
  -0.04155
   0.08166
   0.03129
  -0.08559
  -0.02054
   0.08817
   0.00947
  -0.08936
   0.00175
   0.08914
  -0.01295
  -0.08751
   0.02394
   0.08451
  -0.03455
  -0.08017
   0.04462
   0.07457
  -0.05398
  -0.06779
   0.06249
   0.05994
  -0.07002
  -0.05115
   0.07644
   0.04155
  -0.08166
  -0.03129
   0.08559
   0.02054
  -0.08817
  -0.00947
   0.08936
  -0.00175
  -0.08914
   0.01295
   0.08751
  -0.02394
  -0.08451
   0.03455
   0.08017
  -0.04462
  -0.07457
   0.05398
   0.06779
  -0.06249
  -0.05994
   0.07002
   0.05115
  -0.07644
  -0.04155
   0.08166
   0.03129
  -0.08559
  -0.02054
   0.08817
   0.00947
  -0.08936
   0.00175
   0.08914
  -0.01295
  -0.08751
   0.02394
   0.08451
  -0.03455
  -0.08017
   0.04462
   0.07457
  -0.05398
  -0.06779
   0.06249
   0.05994
  -0.07002
  -0.05115
   0.07644
   0.04155
  -0.08166
  -0.03129
   0.08559
   0.02054
  -0.08817
  -0.00947
