   0.01705
  -0.03835
   0.05724
  -0.07254
   0.08327
  -0.08877
   0.08870
  -0.08305
   0.07218
  -0.05678
   0.03781
  -0.01647
  -0.00592
   0.02792
  -0.04818
   0.06541
  -0.07852
   0.08671
  -0.08944
   0.08656
  -0.07823
   0.06500
  -0.04767
   0.02735
  -0.00532
  -0.01705
   0.03835
  -0.05724
   0.07254
  -0.08327
   0.08877
  -0.08870
   0.08305
  -0.07218
   0.05678
  -0.03781
   0.01647
   0.00592
  -0.02792
   0.04818
  -0.06541
   0.07852
  -0.08671
   0.08944
  -0.08656
   0.07823
  -0.06500
   0.04767
  -0.02735
   0.00532
   0.01705
  -0.03835
   0.05724
  -0.07254
   0.08327
  -0.08877
   0.08870
  -0.08305
   0.07218
  -0.05678
   0.03781
  -0.01647
  -0.00592
   0.02792
  -0.04818
   0.06541
  -0.07852
   0.08671
  -0.08944
   0.08656
  -0.07823
   0.06500
  -0.04767
   0.02735
  -0.00532
  -0.01705
   0.03835
  -0.05724
   0.07254
  -0.08327
   0.08877
  -0.08870
   0.08305
  -0.07218
   0.05678
  -0.03781
   0.01647
   0.00592
  -0.02792
   0.04818
  -0.06541
   0.07852
  -0.08671
   0.08944
  -0.08656
   0.07823
  -0.06500
   0.04767
  -0.02735
   0.00532
   0.01705
  -0.03835
   0.05724
  -0.07254
   0.08327
  -0.08877
   0.08870
  -0.08305
   0.07218
  -0.05678
   0.03781
  -0.01647
  -0.00592
   0.02792
  -0.04818
   0.06541
  -0.07852
   0.08671
  -0.08944
   0.08656
  -0.07823
   0.06500
  -0.04767
   0.02735
  -0.00532
  -0.01705
   0.03835
  -0.05724
   0.07254
  -0.08327
   0.08877
  -0.08870
   0.08305
  -0.07218
   0.05678
  -0.03781
   0.01647
   0.00592
  -0.02792
   0.04818
  -0.06541
   0.07852
  -0.08671
   0.08944
  -0.08656
   0.07823
  -0.06500
   0.04767
  -0.02735
   0.00532
   0.01705
  -0.03835
   0.05724
  -0.07254
   0.08327
  -0.08877
   0.08870
  -0.08305
   0.07218
  -0.05678
   0.03781
  -0.01647
  -0.00592
   0.02792
  -0.04818
   0.06541
  -0.07852
   0.08671
  -0.08944
   0.08656
  -0.07823
   0.06500
  -0.04767
   0.02735
  -0.00532
  -0.01705
   0.03835
  -0.05724
   0.07254
  -0.08327
   0.08877
  -0.08870
   0.08305
  -0.07218
   0.05678
  -0.03781
   0.01647
   0.00592
  -0.02792
   0.04818
  -0.06541
   0.07852
  -0.08671
   0.08944
  -0.08656
   0.07823
  -0.06500
   0.04767
  -0.02735
   0.00532
   0.01705
  -0.03835
   0.05724
  -0.07254
   0.08327
  -0.08877
   0.08870
  -0.08305
   0.07218
  -0.05678
   0.03781
  -0.01647
  -0.00592
   0.02792
  -0.04818
   0.06541
  -0.07852
   0.08671
  -0.08944
   0.08656
  -0.07823
   0.06500
  -0.04767
   0.02735
  -0.00532
  -0.01705
   0.03835
  -0.05724
   0.07254
  -0.08327
   0.08877
  -0.08870
   0.08305
  -0.07218
   0.05678
  -0.03781
   0.01647
   0.00592
  -0.02792
   0.04818
  -0.06541
   0.07852
  -0.08671
   0.08944
  -0.08656
   0.07823
  -0.06500
   0.04767
  -0.02735
   0.00532
