  -0.05267
   0.08098
  -0.08926
   0.07545
  -0.04298
  -0.00012
   0.04320
  -0.07559
   0.08927
  -0.08088
   0.05247
  -0.01109
  -0.03304
   0.06900
  -0.08788
   0.08503
  -0.06114
   0.02212
   0.02236
  -0.06132
   0.08510
  -0.08783
   0.06884
  -0.03281
  -0.01133
   0.05267
  -0.08098
   0.08926
  -0.07545
   0.04298
   0.00012
  -0.04320
   0.07559
  -0.08927
   0.08088
  -0.05247
   0.01109
   0.03304
  -0.06900
   0.08788
  -0.08503
   0.06114
  -0.02212
  -0.02236
   0.06132
  -0.08510
   0.08783
  -0.06884
   0.03281
   0.01133
  -0.05267
   0.08098
  -0.08926
   0.07545
  -0.04298
  -0.00012
   0.04320
  -0.07559
   0.08927
  -0.08088
   0.05247
  -0.01109
  -0.03304
   0.06900
  -0.08788
   0.08503
  -0.06114
   0.02212
   0.02236
  -0.06132
   0.08510
  -0.08783
   0.06884
  -0.03281
  -0.01133
   0.05267
  -0.08098
   0.08926
  -0.07545
   0.04298
   0.00012
  -0.04320
   0.07559
  -0.08927
   0.08088
  -0.05247
   0.01109
   0.03304
  -0.06900
   0.08788
  -0.08503
   0.06114
  -0.02212
  -0.02236
   0.06132
  -0.08510
   0.08783
  -0.06884
   0.03281
   0.01133
  -0.05267
   0.08098
  -0.08926
   0.07545
  -0.04298
  -0.00012
   0.04320
  -0.07559
   0.08927
  -0.08088
   0.05247
  -0.01109
  -0.03304
   0.06900
  -0.08788
   0.08503
  -0.06114
   0.02212
   0.02236
  -0.06132
   0.08510
  -0.08783
   0.06884
  -0.03281
  -0.01133
   0.05267
  -0.08098
   0.08926
  -0.07545
   0.04298
   0.00012
  -0.04320
   0.07559
  -0.08927
   0.08088
  -0.05247
   0.01109
   0.03304
  -0.06900
   0.08788
  -0.08503
   0.06114
  -0.02212
  -0.02236
   0.06132
  -0.08510
   0.08783
  -0.06884
   0.03281
   0.01133
  -0.05267
   0.08098
  -0.08926
   0.07545
  -0.04298
  -0.00012
   0.04320
  -0.07559
   0.08927
  -0.08088
   0.05247
  -0.01109
  -0.03304
   0.06900
  -0.08788
   0.08503
  -0.06114
   0.02212
   0.02236
  -0.06132
   0.08510
  -0.08783
   0.06884
  -0.03281
  -0.01133
   0.05267
  -0.08098
   0.08926
  -0.07545
   0.04298
   0.00012
  -0.04320
   0.07559
  -0.08927
   0.08088
  -0.05247
   0.01109
   0.03304
  -0.06900
   0.08788
  -0.08503
   0.06114
  -0.02212
  -0.02236
   0.06132
  -0.08510
   0.08783
  -0.06884
   0.03281
   0.01133
  -0.05267
   0.08098
  -0.08926
   0.07545
  -0.04298
  -0.00012
   0.04320
  -0.07559
   0.08927
  -0.08088
   0.05247
  -0.01109
  -0.03304
   0.06900
  -0.08788
   0.08503
  -0.06114
   0.02212
   0.02236
  -0.06132
   0.08510
  -0.08783
   0.06884
  -0.03281
  -0.01133
   0.05267
  -0.08098
   0.08926
  -0.07545
   0.04298
   0.00012
  -0.04320
   0.07559
  -0.08927
   0.08088
  -0.05247
   0.01109
   0.03304
  -0.06900
   0.08788
  -0.08503
   0.06114
  -0.02212
  -0.02236
   0.06132
  -0.08510
   0.08783
  -0.06884
   0.03281
   0.01133
