   0.00872
  -0.01761
   0.02632
  -0.03477
   0.04287
  -0.05053
   0.05768
  -0.06425
   0.07017
  -0.07538
   0.07983
  -0.08348
   0.08628
  -0.08821
   0.08925
  -0.08939
   0.08862
  -0.08697
   0.08443
  -0.08104
   0.07683
  -0.07185
   0.06614
  -0.05976
   0.05278
  -0.04527
   0.03729
  -0.02895
   0.02031
  -0.01146
   0.00250
   0.00648
  -0.01540
   0.02417
  -0.03269
   0.04088
  -0.04866
   0.05594
  -0.06267
   0.06875
  -0.07415
   0.07879
  -0.08264
   0.08566
  -0.08781
   0.08907
  -0.08944
   0.08890
  -0.08746
   0.08514
  -0.08196
   0.07796
  -0.07316
   0.06763
  -0.06141
   0.05458
  -0.04719
   0.03933
  -0.03106
   0.02249
  -0.01369
   0.00475
   0.00424
  -0.01318
   0.02200
  -0.03059
   0.03887
  -0.04676
   0.05417
  -0.06104
   0.06729
  -0.07287
   0.07771
  -0.08176
   0.08499
  -0.08736
   0.08884
  -0.08943
   0.08912
  -0.08791
   0.08581
  -0.08284
   0.07903
  -0.07443
   0.06908
  -0.06303
   0.05634
  -0.04908
   0.04133
  -0.03316
   0.02466
  -0.01591
   0.00699
   0.00199
  -0.01096
   0.01981
  -0.02846
   0.03683
  -0.04483
   0.05237
  -0.05938
   0.06579
  -0.07154
   0.07657
  -0.08082
   0.08426
  -0.08684
   0.08855
  -0.08937
   0.08928
  -0.08829
   0.08641
  -0.08366
   0.08006
  -0.07566
   0.07048
  -0.06460
   0.05807
  -0.05095
   0.04331
  -0.03524
   0.02681
  -0.01811
   0.00923
  -0.00025
  -0.00872
   0.01761
  -0.02632
   0.03477
  -0.04287
   0.05053
  -0.05768
   0.06425
  -0.07017
   0.07538
  -0.07983
   0.08348
  -0.08628
   0.08821
  -0.08925
   0.08939
  -0.08862
   0.08697
  -0.08443
   0.08104
  -0.07683
   0.07185
  -0.06614
   0.05976
  -0.05278
   0.04527
  -0.03729
   0.02895
  -0.02031
   0.01146
  -0.00250
  -0.00648
   0.01540
  -0.02417
   0.03269
  -0.04088
   0.04866
  -0.05594
   0.06267
  -0.06875
   0.07415
  -0.07879
   0.08264
  -0.08566
   0.08781
  -0.08907
   0.08944
  -0.08890
   0.08746
  -0.08514
   0.08196
  -0.07796
   0.07316
  -0.06763
   0.06141
  -0.05458
   0.04719
  -0.03933
   0.03106
  -0.02249
   0.01369
  -0.00475
  -0.00424
   0.01318
  -0.02200
   0.03059
  -0.03887
   0.04676
  -0.05417
   0.06104
  -0.06729
   0.07287
  -0.07771
   0.08176
  -0.08499
   0.08736
  -0.08884
   0.08943
  -0.08912
   0.08791
  -0.08581
   0.08284
  -0.07903
   0.07443
  -0.06908
   0.06303
  -0.05634
   0.04908
  -0.04133
   0.03316
  -0.02466
   0.01591
  -0.00699
  -0.00199
   0.01096
  -0.01981
   0.02846
  -0.03683
   0.04483
  -0.05237
   0.05938
  -0.06579
   0.07154
  -0.07657
   0.08082
  -0.08426
   0.08684
  -0.08855
   0.08937
  -0.08928
   0.08829
  -0.08641
   0.08366
  -0.08006
   0.07566
  -0.07048
   0.06460
  -0.05807
   0.05095
  -0.04331
   0.03524
  -0.02681
   0.01811
  -0.00923
   0.00025
