   0.08917
   0.02958
  -0.06533
  -0.08223
  -0.00093
   0.08148
   0.06659
  -0.02782
  -0.08901
  -0.04390
   0.05363
   0.08712
   0.01657
  -0.07377
  -0.07601
   0.01252
   0.08610
   0.05686
  -0.04028
  -0.08932
  -0.03170
   0.06378
   0.08309
   0.00318
  -0.08053
  -0.06807
   0.02568
   0.08876
   0.04585
  -0.05182
  -0.08760
  -0.01877
   0.07247
   0.07717
  -0.01029
  -0.08546
  -0.05858
   0.03826
   0.08941
   0.03379
  -0.06218
  -0.08390
  -0.00542
   0.07953
   0.06951
  -0.02352
  -0.08846
  -0.04776
   0.04997
   0.08803
   0.02096
  -0.07113
  -0.07829
   0.00805
   0.08477
   0.06026
  -0.03622
  -0.08944
  -0.03586
   0.06055
   0.08465
   0.00766
  -0.07847
  -0.07090
   0.02134
   0.08810
   0.04965
  -0.04809
  -0.08840
  -0.02314
   0.06975
   0.07935
  -0.00581
  -0.08403
  -0.06190
   0.03415
   0.08942
   0.03791
  -0.05887
  -0.08535
  -0.00990
   0.07737
   0.07225
  -0.01915
  -0.08768
  -0.05150
   0.04618
   0.08871
   0.02531
  -0.06832
  -0.08036
   0.00357
   0.08323
   0.06350
  -0.03206
  -0.08934
  -0.03993
   0.05716
   0.08599
   0.01213
  -0.07622
  -0.07355
   0.01695
   0.08721
   0.05332
  -0.04424
  -0.08897
  -0.02745
   0.06685
   0.08132
  -0.00132
  -0.08238
  -0.06507
   0.02995
   0.08920
   0.04193
  -0.05542
  -0.08658
  -0.01435
   0.07502
   0.07480
  -0.01474
  -0.08668
  -0.05511
   0.04227
   0.08917
   0.02958
  -0.06533
  -0.08223
  -0.00093
   0.08148
   0.06659
  -0.02782
  -0.08901
  -0.04390
   0.05363
   0.08712
   0.01657
  -0.07377
  -0.07601
   0.01252
   0.08610
   0.05686
  -0.04028
  -0.08932
  -0.03170
   0.06378
   0.08309
   0.00318
  -0.08053
  -0.06807
   0.02568
   0.08876
   0.04585
  -0.05182
  -0.08760
  -0.01877
   0.07247
   0.07717
  -0.01029
  -0.08546
  -0.05858
   0.03826
   0.08941
   0.03379
  -0.06218
  -0.08390
  -0.00542
   0.07953
   0.06951
  -0.02352
  -0.08846
  -0.04776
   0.04997
   0.08803
   0.02096
  -0.07113
  -0.07829
   0.00805
   0.08477
   0.06026
  -0.03622
  -0.08944
  -0.03586
   0.06055
   0.08465
   0.00766
  -0.07847
  -0.07090
   0.02134
   0.08810
   0.04965
  -0.04809
  -0.08840
  -0.02314
   0.06975
   0.07935
  -0.00581
  -0.08403
  -0.06190
   0.03415
   0.08942
   0.03791
  -0.05887
  -0.08535
  -0.00990
   0.07737
   0.07225
  -0.01915
  -0.08768
  -0.05150
   0.04618
   0.08871
   0.02531
  -0.06832
  -0.08036
   0.00357
   0.08323
   0.06350
  -0.03206
  -0.08934
  -0.03993
   0.05716
   0.08599
   0.01213
  -0.07622
  -0.07355
   0.01695
   0.08721
   0.05332
  -0.04424
  -0.08897
  -0.02745
   0.06685
   0.08132
  -0.00132
  -0.08238
  -0.06507
   0.02995
   0.08920
   0.04193
  -0.05542
  -0.08658
  -0.01435
   0.07502
   0.07480
  -0.01474
  -0.08668
  -0.05511
   0.04227
