  -0.05042
  -0.03536
   0.08831
  -0.05928
  -0.02478
   0.08584
  -0.06721
  -0.01382
   0.08202
  -0.07408
  -0.00263
   0.07690
  -0.07977
   0.00859
   0.07056
  -0.08422
   0.01969
   0.06312
  -0.08733
   0.03047
   0.05468
  -0.08906
   0.04076
   0.04538
  -0.08939
   0.05042
   0.03536
  -0.08831
   0.05928
   0.02478
  -0.08584
   0.06721
   0.01382
  -0.08202
   0.07408
   0.00263
  -0.07690
   0.07977
  -0.00859
  -0.07056
   0.08422
  -0.01969
  -0.06312
   0.08733
  -0.03047
  -0.05468
   0.08906
  -0.04076
  -0.04538
   0.08939
  -0.05042
  -0.03536
   0.08831
  -0.05928
  -0.02478
   0.08584
  -0.06721
  -0.01382
   0.08202
  -0.07408
  -0.00263
   0.07690
  -0.07977
   0.00859
   0.07056
  -0.08422
   0.01969
   0.06312
  -0.08733
   0.03047
   0.05468
  -0.08906
   0.04076
   0.04538
  -0.08939
   0.05042
   0.03536
  -0.08831
   0.05928
   0.02478
  -0.08584
   0.06721
   0.01382
  -0.08202
   0.07408
   0.00263
  -0.07690
   0.07977
  -0.00859
  -0.07056
   0.08422
  -0.01969
  -0.06312
   0.08733
  -0.03047
  -0.05468
   0.08906
  -0.04076
  -0.04538
   0.08939
  -0.05042
  -0.03536
   0.08831
  -0.05928
  -0.02478
   0.08584
  -0.06721
  -0.01382
   0.08202
  -0.07408
  -0.00263
   0.07690
  -0.07977
   0.00859
   0.07056
  -0.08422
   0.01969
   0.06312
  -0.08733
   0.03047
   0.05468
  -0.08906
   0.04076
   0.04538
  -0.08939
   0.05042
   0.03536
  -0.08831
   0.05928
   0.02478
  -0.08584
   0.06721
   0.01382
  -0.08202
   0.07408
   0.00263
  -0.07690
   0.07977
  -0.00859
  -0.07056
   0.08422
  -0.01969
  -0.06312
   0.08733
  -0.03047
  -0.05468
   0.08906
  -0.04076
  -0.04538
   0.08939
  -0.05042
  -0.03536
   0.08831
  -0.05928
  -0.02478
   0.08584
  -0.06721
  -0.01382
   0.08202
  -0.07408
  -0.00263
   0.07690
  -0.07977
   0.00859
   0.07056
  -0.08422
   0.01969
   0.06312
  -0.08733
   0.03047
   0.05468
  -0.08906
   0.04076
   0.04538
  -0.08939
   0.05042
   0.03536
  -0.08831
   0.05928
   0.02478
  -0.08584
   0.06721
   0.01382
  -0.08202
   0.07408
   0.00263
  -0.07690
   0.07977
  -0.00859
  -0.07056
   0.08422
  -0.01969
  -0.06312
   0.08733
  -0.03047
  -0.05468
   0.08906
  -0.04076
  -0.04538
   0.08939
  -0.05042
  -0.03536
   0.08831
  -0.05928
  -0.02478
   0.08584
  -0.06721
  -0.01382
   0.08202
  -0.07408
  -0.00263
   0.07690
  -0.07977
   0.00859
   0.07056
  -0.08422
   0.01969
   0.06312
  -0.08733
   0.03047
   0.05468
  -0.08906
   0.04076
   0.04538
  -0.08939
   0.05042
   0.03536
  -0.08831
   0.05928
   0.02478
  -0.08584
   0.06721
   0.01382
  -0.08202
   0.07408
   0.00263
  -0.07690
   0.07977
  -0.00859
  -0.07056
   0.08422
  -0.01969
  -0.06312
   0.08733
  -0.03047
  -0.05468
   0.08906
  -0.04076
  -0.04538
   0.08939
