   0.08667
   0.07846
   0.06532
   0.04807
   0.02780
   0.00578
  -0.01660
  -0.03793
  -0.05688
  -0.07226
  -0.08310
  -0.08872
  -0.08876
  -0.08322
  -0.07246
  -0.05714
  -0.03823
  -0.01692
   0.00545
   0.02748
   0.04778
   0.06509
   0.07830
   0.08659
   0.08944
   0.08667
   0.07846
   0.06532
   0.04807
   0.02780
   0.00578
  -0.01660
  -0.03793
  -0.05688
  -0.07226
  -0.08310
  -0.08872
  -0.08876
  -0.08322
  -0.07246
  -0.05714
  -0.03823
  -0.01692
   0.00545
   0.02748
   0.04778
   0.06509
   0.07830
   0.08659
   0.08944
   0.08667
   0.07846
   0.06532
   0.04807
   0.02780
   0.00578
  -0.01660
  -0.03793
  -0.05688
  -0.07226
  -0.08310
  -0.08872
  -0.08876
  -0.08322
  -0.07246
  -0.05714
  -0.03823
  -0.01692
   0.00545
   0.02748
   0.04778
   0.06509
   0.07830
   0.08659
   0.08944
   0.08667
   0.07846
   0.06532
   0.04807
   0.02780
   0.00578
  -0.01660
  -0.03793
  -0.05688
  -0.07226
  -0.08310
  -0.08872
  -0.08876
  -0.08322
  -0.07246
  -0.05714
  -0.03823
  -0.01692
   0.00545
   0.02748
   0.04778
   0.06509
   0.07830
   0.08659
   0.08944
   0.08667
   0.07846
   0.06532
   0.04807
   0.02780
   0.00578
  -0.01660
  -0.03793
  -0.05688
  -0.07226
  -0.08310
  -0.08872
  -0.08876
  -0.08322
  -0.07246
  -0.05714
  -0.03823
  -0.01692
   0.00545
   0.02748
   0.04778
   0.06509
   0.07830
   0.08659
   0.08944
   0.08667
   0.07846
   0.06532
   0.04807
   0.02780
   0.00578
  -0.01660
  -0.03793
  -0.05688
  -0.07226
  -0.08310
  -0.08872
  -0.08876
  -0.08322
  -0.07246
  -0.05714
  -0.03823
  -0.01692
   0.00545
   0.02748
   0.04778
   0.06509
   0.07830
   0.08659
   0.08944
   0.08667
   0.07846
   0.06532
   0.04807
   0.02780
   0.00578
  -0.01660
  -0.03793
  -0.05688
  -0.07226
  -0.08310
  -0.08872
  -0.08876
  -0.08322
  -0.07246
  -0.05714
  -0.03823
  -0.01692
   0.00545
   0.02748
   0.04778
   0.06509
   0.07830
   0.08659
   0.08944
   0.08667
   0.07846
   0.06532
   0.04807
   0.02780
   0.00578
  -0.01660
  -0.03793
  -0.05688
  -0.07226
  -0.08310
  -0.08872
  -0.08876
  -0.08322
  -0.07246
  -0.05714
  -0.03823
  -0.01692
   0.00545
   0.02748
   0.04778
   0.06509
   0.07830
   0.08659
   0.08944
   0.08667
   0.07846
   0.06532
   0.04807
   0.02780
   0.00578
  -0.01660
  -0.03793
  -0.05688
  -0.07226
  -0.08310
  -0.08872
  -0.08876
  -0.08322
  -0.07246
  -0.05714
  -0.03823
  -0.01692
   0.00545
   0.02748
   0.04778
   0.06509
   0.07830
   0.08659
   0.08944
   0.08667
   0.07846
   0.06532
   0.04807
   0.02780
   0.00578
  -0.01660
  -0.03793
  -0.05688
  -0.07226
  -0.08310
  -0.08872
  -0.08876
  -0.08322
  -0.07246
  -0.05714
  -0.03823
  -0.01692
   0.00545
   0.02748
   0.04778
   0.06509
   0.07830
   0.08659
   0.08944
