   0.08939
   0.01989
  -0.08193
  -0.05059
   0.06297
   0.07419
  -0.03517
  -0.08737
   0.00243
   0.08828
   0.03066
  -0.07679
  -0.05944
   0.05452
   0.07987
  -0.02459
  -0.08908
  -0.00880
   0.08578
   0.04095
  -0.07044
  -0.06735
   0.04520
   0.08428
  -0.01361
  -0.08939
  -0.01989
   0.08193
   0.05059
  -0.06297
  -0.07419
   0.03517
   0.08737
  -0.00243
  -0.08828
  -0.03066
   0.07679
   0.05944
  -0.05452
  -0.07987
   0.02459
   0.08908
   0.00880
  -0.08578
  -0.04095
   0.07044
   0.06735
  -0.04520
  -0.08428
   0.01361
   0.08939
   0.01989
  -0.08193
  -0.05059
   0.06297
   0.07419
  -0.03517
  -0.08737
   0.00243
   0.08828
   0.03066
  -0.07679
  -0.05944
   0.05452
   0.07987
  -0.02459
  -0.08908
  -0.00880
   0.08578
   0.04095
  -0.07044
  -0.06735
   0.04520
   0.08428
  -0.01361
  -0.08939
  -0.01989
   0.08193
   0.05059
  -0.06297
  -0.07419
   0.03517
   0.08737
  -0.00243
  -0.08828
  -0.03066
   0.07679
   0.05944
  -0.05452
  -0.07987
   0.02459
   0.08908
   0.00880
  -0.08578
  -0.04095
   0.07044
   0.06735
  -0.04520
  -0.08428
   0.01361
   0.08939
   0.01989
  -0.08193
  -0.05059
   0.06297
   0.07419
  -0.03517
  -0.08737
   0.00243
   0.08828
   0.03066
  -0.07679
  -0.05944
   0.05452
   0.07987
  -0.02459
  -0.08908
  -0.00880
   0.08578
   0.04095
  -0.07044
  -0.06735
   0.04520
   0.08428
  -0.01361
  -0.08939
  -0.01989
   0.08193
   0.05059
  -0.06297
  -0.07419
   0.03517
   0.08737
  -0.00243
  -0.08828
  -0.03066
   0.07679
   0.05944
  -0.05452
  -0.07987
   0.02459
   0.08908
   0.00880
  -0.08578
  -0.04095
   0.07044
   0.06735
  -0.04520
  -0.08428
   0.01361
   0.08939
   0.01989
  -0.08193
  -0.05059
   0.06297
   0.07419
  -0.03517
  -0.08737
   0.00243
   0.08828
   0.03066
  -0.07679
  -0.05944
   0.05452
   0.07987
  -0.02459
  -0.08908
  -0.00880
   0.08578
   0.04095
  -0.07044
  -0.06735
   0.04520
   0.08428
  -0.01361
  -0.08939
  -0.01989
   0.08193
   0.05059
  -0.06297
  -0.07419
   0.03517
   0.08737
  -0.00243
  -0.08828
  -0.03066
   0.07679
   0.05944
  -0.05452
  -0.07987
   0.02459
   0.08908
   0.00880
  -0.08578
  -0.04095
   0.07044
   0.06735
  -0.04520
  -0.08428
   0.01361
   0.08939
   0.01989
  -0.08193
  -0.05059
   0.06297
   0.07419
  -0.03517
  -0.08737
   0.00243
   0.08828
   0.03066
  -0.07679
  -0.05944
   0.05452
   0.07987
  -0.02459
  -0.08908
  -0.00880
   0.08578
   0.04095
  -0.07044
  -0.06735
   0.04520
   0.08428
  -0.01361
  -0.08939
  -0.01989
   0.08193
   0.05059
  -0.06297
  -0.07419
   0.03517
   0.08737
  -0.00243
  -0.08828
  -0.03066
   0.07679
   0.05944
  -0.05452
  -0.07987
   0.02459
   0.08908
   0.00880
  -0.08578
  -0.04095
   0.07044
   0.06735
  -0.04520
  -0.08428
   0.01361
