   0.05220
   0.02268
  -0.08112
   0.08074
  -0.02180
  -0.05294
   0.08929
  -0.06089
  -0.01166
   0.07576
  -0.08492
   0.03250
   0.04349
  -0.08794
   0.06863
   0.00046
  -0.06921
   0.08777
  -0.04269
  -0.03335
   0.08520
  -0.07527
   0.01076
   0.06156
  -0.08924
   0.05220
   0.02268
  -0.08112
   0.08074
  -0.02180
  -0.05294
   0.08929
  -0.06089
  -0.01166
   0.07576
  -0.08492
   0.03250
   0.04349
  -0.08794
   0.06863
   0.00046
  -0.06921
   0.08777
  -0.04269
  -0.03335
   0.08520
  -0.07527
   0.01076
   0.06156
  -0.08924
   0.05220
   0.02268
  -0.08112
   0.08074
  -0.02180
  -0.05294
   0.08929
  -0.06089
  -0.01166
   0.07576
  -0.08492
   0.03250
   0.04349
  -0.08794
   0.06863
   0.00046
  -0.06921
   0.08777
  -0.04269
  -0.03335
   0.08520
  -0.07527
   0.01076
   0.06156
  -0.08924
   0.05220
   0.02268
  -0.08112
   0.08074
  -0.02180
  -0.05294
   0.08929
  -0.06089
  -0.01166
   0.07576
  -0.08492
   0.03250
   0.04349
  -0.08794
   0.06863
   0.00046
  -0.06921
   0.08777
  -0.04269
  -0.03335
   0.08520
  -0.07527
   0.01076
   0.06156
  -0.08924
   0.05220
   0.02268
  -0.08112
   0.08074
  -0.02180
  -0.05294
   0.08929
  -0.06089
  -0.01166
   0.07576
  -0.08492
   0.03250
   0.04349
  -0.08794
   0.06863
   0.00046
  -0.06921
   0.08777
  -0.04269
  -0.03335
   0.08520
  -0.07527
   0.01076
   0.06156
  -0.08924
   0.05220
   0.02268
  -0.08112
   0.08074
  -0.02180
  -0.05294
   0.08929
  -0.06089
  -0.01166
   0.07576
  -0.08492
   0.03250
   0.04349
  -0.08794
   0.06863
   0.00046
  -0.06921
   0.08777
  -0.04269
  -0.03335
   0.08520
  -0.07527
   0.01076
   0.06156
  -0.08924
   0.05220
   0.02268
  -0.08112
   0.08074
  -0.02180
  -0.05294
   0.08929
  -0.06089
  -0.01166
   0.07576
  -0.08492
   0.03250
   0.04349
  -0.08794
   0.06863
   0.00046
  -0.06921
   0.08777
  -0.04269
  -0.03335
   0.08520
  -0.07527
   0.01076
   0.06156
  -0.08924
   0.05220
   0.02268
  -0.08112
   0.08074
  -0.02180
  -0.05294
   0.08929
  -0.06089
  -0.01166
   0.07576
  -0.08492
   0.03250
   0.04349
  -0.08794
   0.06863
   0.00046
  -0.06921
   0.08777
  -0.04269
  -0.03335
   0.08520
  -0.07527
   0.01076
   0.06156
  -0.08924
   0.05220
   0.02268
  -0.08112
   0.08074
  -0.02180
  -0.05294
   0.08929
  -0.06089
  -0.01166
   0.07576
  -0.08492
   0.03250
   0.04349
  -0.08794
   0.06863
   0.00046
  -0.06921
   0.08777
  -0.04269
  -0.03335
   0.08520
  -0.07527
   0.01076
   0.06156
  -0.08924
   0.05220
   0.02268
  -0.08112
   0.08074
  -0.02180
  -0.05294
   0.08929
  -0.06089
  -0.01166
   0.07576
  -0.08492
   0.03250
   0.04349
  -0.08794
   0.06863
   0.00046
  -0.06921
   0.08777
  -0.04269
  -0.03335
   0.08520
  -0.07527
   0.01076
   0.06156
  -0.08924
