   0.06739
  -0.08927
   0.05965
   0.00439
  -0.06589
   0.08938
  -0.06131
  -0.00214
   0.06435
  -0.08944
   0.06292
  -0.00011
  -0.06277
   0.08943
  -0.06450
   0.00236
   0.06115
  -0.08938
   0.06604
  -0.00460
  -0.05949
   0.08926
  -0.06753
   0.00685
   0.05779
  -0.08909
   0.06899
  -0.00908
  -0.05606
   0.08886
  -0.07039
   0.01132
   0.05429
  -0.08857
   0.07176
  -0.01354
  -0.05249
   0.08823
  -0.07308
   0.01576
   0.05065
  -0.08784
   0.07435
  -0.01797
  -0.04878
   0.08739
  -0.07558
   0.02016
   0.04688
  -0.08688
   0.07676
  -0.02235
  -0.04495
   0.08632
  -0.07788
   0.02452
   0.04299
  -0.08570
   0.07897
  -0.02667
  -0.04101
   0.08503
  -0.08000
   0.02881
   0.03900
  -0.08431
   0.08098
  -0.03093
  -0.03696
   0.08353
  -0.08191
   0.03303
   0.03491
  -0.08270
   0.08278
  -0.03510
  -0.03283
   0.08182
  -0.08361
   0.03716
   0.03072
  -0.08088
   0.08438
  -0.03919
  -0.02860
   0.07990
  -0.08510
   0.04120
   0.02646
  -0.07886
   0.08576
  -0.04318
  -0.02431
   0.07778
  -0.08637
   0.04514
   0.02214
  -0.07664
   0.08693
  -0.04707
  -0.01995
   0.07546
  -0.08743
   0.04896
   0.01776
  -0.07423
   0.08788
  -0.05083
  -0.01555
   0.07295
  -0.08827
   0.05266
   0.01333
  -0.07163
   0.08860
  -0.05446
  -0.01110
   0.07026
  -0.08888
   0.05623
   0.00887
  -0.06885
   0.08911
  -0.05796
  -0.00663
   0.06739
  -0.08927
   0.05965
   0.00439
  -0.06589
   0.08938
  -0.06131
  -0.00214
   0.06435
  -0.08944
   0.06292
  -0.00011
  -0.06277
   0.08943
  -0.06450
   0.00236
   0.06115
  -0.08938
   0.06604
  -0.00460
  -0.05949
   0.08926
  -0.06753
   0.00685
   0.05779
  -0.08909
   0.06899
  -0.00908
  -0.05606
   0.08886
  -0.07039
   0.01132
   0.05429
  -0.08857
   0.07176
  -0.01354
  -0.05249
   0.08823
  -0.07308
   0.01576
   0.05065
  -0.08784
   0.07435
  -0.01797
  -0.04878
   0.08739
  -0.07558
   0.02016
   0.04688
  -0.08688
   0.07676
  -0.02235
  -0.04495
   0.08632
  -0.07788
   0.02452
   0.04299
  -0.08570
   0.07897
  -0.02667
  -0.04101
   0.08503
  -0.08000
   0.02881
   0.03900
  -0.08431
   0.08098
  -0.03093
  -0.03696
   0.08353
  -0.08191
   0.03303
   0.03491
  -0.08270
   0.08278
  -0.03510
  -0.03283
   0.08182
  -0.08361
   0.03716
   0.03072
  -0.08088
   0.08438
  -0.03919
  -0.02860
   0.07990
  -0.08510
   0.04120
   0.02646
  -0.07886
   0.08576
  -0.04318
  -0.02431
   0.07778
  -0.08637
   0.04514
   0.02214
  -0.07664
   0.08693
  -0.04707
  -0.01995
   0.07546
  -0.08743
   0.04896
   0.01776
  -0.07423
   0.08788
  -0.05083
  -0.01555
   0.07295
  -0.08827
   0.05266
   0.01333
  -0.07163
   0.08860
  -0.05446
  -0.01110
   0.07026
  -0.08888
   0.05623
   0.00887
  -0.06885
   0.08911
  -0.05796
  -0.00663
