  -0.07782
  -0.07785
  -0.00228
   0.07550
   0.07996
   0.00677
  -0.07300
  -0.08187
  -0.01124
   0.07031
   0.08358
   0.01568
  -0.06744
  -0.08507
  -0.02009
   0.06441
   0.08635
   0.02444
  -0.06121
  -0.08742
  -0.02873
   0.05785
   0.08826
   0.03295
  -0.05435
  -0.08887
  -0.03709
   0.05071
   0.08927
   0.04113
  -0.04695
  -0.08944
  -0.04507
   0.04306
   0.08938
   0.04889
  -0.03907
  -0.08909
  -0.05260
   0.03498
   0.08859
   0.05616
  -0.03080
  -0.08785
  -0.05959
   0.02654
   0.08690
   0.06287
  -0.02222
  -0.08572
  -0.06598
   0.01783
   0.08433
   0.06893
  -0.01341
  -0.08273
  -0.07171
   0.00895
   0.08092
   0.07431
  -0.00447
  -0.07890
  -0.07671
  -0.00003
   0.07668
   0.07893
   0.00452
  -0.07427
  -0.08094
  -0.00900
   0.07168
   0.08275
   0.01346
  -0.06890
  -0.08435
  -0.01789
   0.06595
   0.08574
   0.02227
  -0.06283
  -0.08691
  -0.02660
   0.05955
   0.08786
   0.03085
  -0.05612
  -0.08859
  -0.03503
   0.05255
   0.08910
   0.03912
  -0.04885
  -0.08938
  -0.04311
   0.04502
   0.08944
   0.04700
  -0.04108
  -0.08926
  -0.05076
   0.03704
   0.08887
   0.05440
  -0.03290
  -0.08825
  -0.05790
   0.02868
   0.08740
   0.06125
  -0.02439
  -0.08634
  -0.06445
   0.02003
   0.08506
   0.06748
  -0.01563
  -0.08356
  -0.07035
   0.01118
   0.08185
   0.07303
  -0.00671
  -0.07993
  -0.07553
   0.00222
   0.07782
   0.07785
   0.00228
  -0.07550
  -0.07996
  -0.00677
   0.07300
   0.08187
   0.01124
  -0.07031
  -0.08358
  -0.01568
   0.06744
   0.08507
   0.02009
  -0.06441
  -0.08635
  -0.02444
   0.06121
   0.08742
   0.02873
  -0.05785
  -0.08826
  -0.03295
   0.05435
   0.08887
   0.03709
  -0.05071
  -0.08927
  -0.04113
   0.04695
   0.08944
   0.04507
  -0.04306
  -0.08938
  -0.04889
   0.03907
   0.08909
   0.05260
  -0.03498
  -0.08859
  -0.05616
   0.03080
   0.08785
   0.05959
  -0.02654
  -0.08690
  -0.06287
   0.02222
   0.08572
   0.06598
  -0.01783
  -0.08433
  -0.06893
   0.01341
   0.08273
   0.07171
  -0.00895
  -0.08092
  -0.07431
   0.00447
   0.07890
   0.07671
   0.00003
  -0.07668
  -0.07893
  -0.00452
   0.07427
   0.08094
   0.00900
  -0.07168
  -0.08275
  -0.01346
   0.06890
   0.08435
   0.01789
  -0.06595
  -0.08574
  -0.02227
   0.06283
   0.08691
   0.02660
  -0.05955
  -0.08786
  -0.03085
   0.05612
   0.08859
   0.03503
  -0.05255
  -0.08910
  -0.03912
   0.04885
   0.08938
   0.04311
  -0.04502
  -0.08944
  -0.04700
   0.04108
   0.08926
   0.05076
  -0.03704
  -0.08887
  -0.05440
   0.03290
   0.08825
   0.05790
  -0.02868
  -0.08740
  -0.06125
   0.02439
   0.08634
   0.06445
  -0.02003
  -0.08506
  -0.06748
   0.01563
   0.08356
   0.07035
  -0.01118
  -0.08185
  -0.07303
   0.00671
   0.07993
   0.07553
  -0.00222
