  -0.08227
   0.01018
   0.08808
   0.04003
  -0.06526
  -0.07723
   0.02124
   0.08933
   0.02969
  -0.07241
  -0.07096
   0.03196
   0.08918
   0.01888
  -0.07842
  -0.06358
   0.04218
   0.08762
   0.00777
  -0.08319
  -0.05519
   0.05173
   0.08468
  -0.00346
  -0.08665
  -0.04594
   0.06047
   0.08041
  -0.01463
  -0.08875
  -0.03596
   0.06825
   0.07486
  -0.02558
  -0.08944
  -0.02541
   0.07496
   0.06814
  -0.03612
  -0.08873
  -0.01446
   0.08048
   0.06034
  -0.04609
  -0.08661
  -0.00328
   0.08474
   0.05159
  -0.05533
  -0.08313
   0.00795
   0.08766
   0.04202
  -0.06370
  -0.07834
   0.01905
   0.08920
   0.03180
  -0.07107
  -0.07231
   0.02985
   0.08933
   0.02107
  -0.07732
  -0.06514
   0.04018
   0.08805
   0.01001
  -0.08234
  -0.05694
   0.04988
   0.08538
  -0.00121
  -0.08607
  -0.04785
   0.05879
   0.08137
  -0.01241
  -0.08844
  -0.03800
   0.06678
   0.07607
  -0.02342
  -0.08942
  -0.02756
   0.07371
   0.06957
  -0.03405
  -0.08898
  -0.01667
   0.07948
   0.06198
  -0.04415
  -0.08714
  -0.00553
   0.08399
   0.05341
  -0.05355
  -0.08393
   0.00570
   0.08718
   0.04399
  -0.06211
  -0.07940
   0.01685
   0.08900
   0.03389
  -0.06968
  -0.07361
   0.02772
   0.08941
   0.02325
  -0.07616
  -0.06666
   0.03816
   0.08841
   0.01224
  -0.08144
  -0.05866
   0.04800
   0.08602
   0.00104
  -0.08543
  -0.04974
   0.05708
   0.08227
  -0.01018
  -0.08808
  -0.04003
   0.06526
   0.07723
  -0.02124
  -0.08933
  -0.02969
   0.07241
   0.07096
  -0.03196
  -0.08918
  -0.01888
   0.07842
   0.06358
  -0.04218
  -0.08762
  -0.00777
   0.08319
   0.05519
  -0.05173
  -0.08468
   0.00346
   0.08665
   0.04594
  -0.06047
  -0.08041
   0.01463
   0.08875
   0.03596
  -0.06825
  -0.07486
   0.02558
   0.08944
   0.02541
  -0.07496
  -0.06814
   0.03612
   0.08873
   0.01446
  -0.08048
  -0.06034
   0.04609
   0.08661
   0.00328
  -0.08474
  -0.05159
   0.05533
   0.08313
  -0.00795
  -0.08766
  -0.04202
   0.06370
   0.07834
  -0.01905
  -0.08920
  -0.03180
   0.07107
   0.07231
  -0.02985
  -0.08933
  -0.02107
   0.07732
   0.06514
  -0.04018
  -0.08805
  -0.01001
   0.08234
   0.05694
  -0.04988
  -0.08538
   0.00121
   0.08607
   0.04785
  -0.05879
  -0.08137
   0.01241
   0.08844
   0.03800
  -0.06678
  -0.07607
   0.02342
   0.08942
   0.02756
  -0.07371
  -0.06957
   0.03405
   0.08898
   0.01667
  -0.07948
  -0.06198
   0.04415
   0.08714
   0.00553
  -0.08399
  -0.05341
   0.05355
   0.08393
  -0.00570
  -0.08718
  -0.04399
   0.06211
   0.07940
  -0.01685
  -0.08900
  -0.03389
   0.06968
   0.07361
  -0.02772
  -0.08941
  -0.02325
   0.07616
   0.06666
  -0.03816
  -0.08841
  -0.01224
   0.08144
   0.05866
  -0.04800
  -0.08602
  -0.00104
   0.08543
   0.04974
  -0.05708
