   0.06762
  -0.08907
   0.05595
   0.01146
  -0.07184
   0.08821
  -0.05053
  -0.01810
   0.07565
  -0.08685
   0.04483
   0.02465
  -0.07903
   0.08499
  -0.03887
  -0.03106
   0.08196
  -0.08265
   0.03270
   0.03729
  -0.08443
   0.07984
  -0.02633
  -0.04331
   0.08641
  -0.07657
   0.01982
   0.04908
  -0.08790
   0.07287
  -0.01319
  -0.05457
   0.08890
  -0.06876
   0.00649
   0.05975
  -0.08939
   0.06425
   0.00025
  -0.06460
   0.08937
  -0.05939
  -0.00698
   0.06907
  -0.08884
   0.05418
   0.01368
  -0.07316
   0.08781
  -0.04866
  -0.02030
   0.07683
  -0.08628
   0.04287
   0.02680
  -0.08006
   0.08426
  -0.03684
  -0.03316
   0.08283
  -0.08176
   0.03059
   0.03932
  -0.08514
   0.07880
  -0.02418
  -0.04526
   0.08696
  -0.07539
   0.01762
   0.05094
  -0.08829
   0.07155
  -0.01097
  -0.05633
   0.08912
  -0.06730
   0.00425
   0.06141
  -0.08944
   0.06267
   0.00249
  -0.06613
   0.08925
  -0.05769
  -0.00922
   0.07048
  -0.08856
   0.05237
   0.01590
  -0.07443
   0.08736
  -0.04676
  -0.02248
   0.07795
  -0.08566
   0.04089
   0.02894
  -0.08103
   0.08348
  -0.03478
  -0.03523
   0.08366
  -0.08082
   0.02847
   0.04133
  -0.08580
   0.07771
  -0.02200
  -0.04718
   0.08746
  -0.07415
   0.01541
   0.05277
  -0.08862
   0.07017
  -0.00873
  -0.05806
   0.08928
  -0.06580
   0.00200
   0.06302
  -0.08943
   0.06105
   0.00474
  -0.06762
   0.08907
  -0.05595
  -0.01146
   0.07184
  -0.08821
   0.05053
   0.01810
  -0.07565
   0.08685
  -0.04483
  -0.02465
   0.07903
  -0.08499
   0.03887
   0.03106
  -0.08196
   0.08265
  -0.03270
  -0.03729
   0.08443
  -0.07984
   0.02633
   0.04331
  -0.08641
   0.07657
  -0.01982
  -0.04908
   0.08790
  -0.07287
   0.01319
   0.05457
  -0.08890
   0.06876
  -0.00649
  -0.05975
   0.08939
  -0.06425
  -0.00025
   0.06460
  -0.08937
   0.05939
   0.00698
  -0.06907
   0.08884
  -0.05418
  -0.01368
   0.07316
  -0.08781
   0.04866
   0.02030
  -0.07683
   0.08628
  -0.04287
  -0.02680
   0.08006
  -0.08426
   0.03684
   0.03316
  -0.08283
   0.08176
  -0.03059
  -0.03932
   0.08514
  -0.07880
   0.02418
   0.04526
  -0.08696
   0.07539
  -0.01762
  -0.05094
   0.08829
  -0.07155
   0.01097
   0.05633
  -0.08912
   0.06730
  -0.00425
  -0.06141
   0.08944
  -0.06267
  -0.00249
   0.06613
  -0.08925
   0.05769
   0.00922
  -0.07048
   0.08856
  -0.05237
  -0.01590
   0.07443
  -0.08736
   0.04676
   0.02248
  -0.07795
   0.08566
  -0.04089
  -0.02894
   0.08103
  -0.08348
   0.03478
   0.03523
  -0.08366
   0.08082
  -0.02847
  -0.04133
   0.08580
  -0.07771
   0.02200
   0.04718
  -0.08746
   0.07415
  -0.01541
  -0.05277
   0.08862
  -0.07017
   0.00873
   0.05806
  -0.08928
   0.06580
  -0.00200
  -0.06302
   0.08943
  -0.06105
  -0.00474
