   0.06090
  -0.01962
  -0.02700
   0.06627
  -0.08750
   0.08492
  -0.05923
   0.01742
   0.02913
  -0.06776
   0.08794
  -0.08419
   0.05753
  -0.01521
  -0.03125
   0.06920
  -0.08832
   0.08341
  -0.05579
   0.01299
   0.03335
  -0.07061
   0.08865
  -0.08257
   0.05401
  -0.01076
  -0.03542
   0.07196
  -0.08892
   0.08168
  -0.05221
   0.00853
   0.03747
  -0.07328
   0.08914
  -0.08074
   0.05036
  -0.00629
  -0.03950
   0.07454
  -0.08929
   0.07974
  -0.04849
   0.00404
   0.04151
  -0.07576
   0.08940
  -0.07870
   0.04659
  -0.00180
  -0.04349
   0.07693
  -0.08944
   0.07761
  -0.04465
  -0.00045
   0.04544
  -0.07805
   0.08943
  -0.07647
   0.04269
   0.00270
  -0.04736
   0.07913
  -0.08936
   0.07528
  -0.04070
  -0.00495
   0.04925
  -0.08015
   0.08924
  -0.07404
   0.03869
   0.00719
  -0.05111
   0.08112
  -0.08906
   0.07275
  -0.03665
  -0.00943
   0.05294
  -0.08204
   0.08882
  -0.07142
   0.03459
   0.01166
  -0.05473
   0.08291
  -0.08853
   0.07005
  -0.03250
  -0.01388
   0.05649
  -0.08373
   0.08818
  -0.06863
   0.03040
   0.01610
  -0.05822
   0.08449
  -0.08777
   0.06716
  -0.02828
  -0.01831
   0.05991
  -0.08520
   0.08731
  -0.06566
   0.02614
   0.02050
  -0.06156
   0.08586
  -0.08680
   0.06411
  -0.02398
  -0.02268
   0.06317
  -0.08646
   0.08623
  -0.06252
   0.02180
   0.02485
  -0.06474
   0.08701
  -0.08560
   0.06090
  -0.01962
  -0.02700
   0.06627
  -0.08750
   0.08492
  -0.05923
   0.01742
   0.02913
  -0.06776
   0.08794
  -0.08419
   0.05753
  -0.01521
  -0.03125
   0.06920
  -0.08832
   0.08341
  -0.05579
   0.01299
   0.03335
  -0.07061
   0.08865
  -0.08257
   0.05401
  -0.01076
  -0.03542
   0.07196
  -0.08892
   0.08168
  -0.05221
   0.00853
   0.03747
  -0.07328
   0.08914
  -0.08074
   0.05036
  -0.00629
  -0.03950
   0.07454
  -0.08929
   0.07974
  -0.04849
   0.00404
   0.04151
  -0.07576
   0.08940
  -0.07870
   0.04659
  -0.00180
  -0.04349
   0.07693
  -0.08944
   0.07761
  -0.04465
  -0.00045
   0.04544
  -0.07805
   0.08943
  -0.07647
   0.04269
   0.00270
  -0.04736
   0.07913
  -0.08936
   0.07528
  -0.04070
  -0.00495
   0.04925
  -0.08015
   0.08924
  -0.07404
   0.03869
   0.00719
  -0.05111
   0.08112
  -0.08906
   0.07275
  -0.03665
  -0.00943
   0.05294
  -0.08204
   0.08882
  -0.07142
   0.03459
   0.01166
  -0.05473
   0.08291
  -0.08853
   0.07005
  -0.03250
  -0.01388
   0.05649
  -0.08373
   0.08818
  -0.06863
   0.03040
   0.01610
  -0.05822
   0.08449
  -0.08777
   0.06716
  -0.02828
  -0.01831
   0.05991
  -0.08520
   0.08731
  -0.06566
   0.02614
   0.02050
  -0.06156
   0.08586
  -0.08680
   0.06411
  -0.02398
  -0.02268
   0.06317
  -0.08646
   0.08623
  -0.06252
   0.02180
   0.02485
  -0.06474
   0.08701
  -0.08560
