   0.05064
   0.02881
  -0.08510
   0.07295
  -0.00213
  -0.07040
   0.08632
  -0.03282
  -0.04707
   0.08911
  -0.05949
  -0.01797
   0.08098
  -0.07886
   0.01332
   0.06293
  -0.08857
   0.04299
   0.03717
  -0.08743
   0.06739
   0.00685
  -0.07558
   0.08353
  -0.02430
  -0.05446
   0.08943
  -0.05248
  -0.02668
   0.08438
  -0.07423
   0.00438
   0.06899
  -0.08688
   0.03490
   0.04514
  -0.08888
   0.06115
   0.01577
  -0.08000
   0.07990
  -0.01554
  -0.06131
   0.08886
  -0.04495
  -0.03511
   0.08693
  -0.06884
  -0.00461
   0.07435
  -0.08431
   0.02646
   0.05266
  -0.08944
   0.05428
   0.02452
  -0.08361
   0.07546
  -0.00662
  -0.06754
   0.08739
  -0.03696
  -0.04319
   0.08861
  -0.06277
  -0.01355
   0.07897
  -0.08088
   0.01775
   0.05965
  -0.08909
   0.04688
   0.03303
  -0.08638
   0.07026
   0.00236
  -0.07308
   0.08503
  -0.02860
  -0.05083
   0.08938
  -0.05605
  -0.02235
   0.08278
  -0.07664
   0.00886
   0.06604
  -0.08784
   0.03899
   0.04121
  -0.08827
   0.06435
   0.01132
  -0.07789
   0.08182
  -0.01995
  -0.05796
   0.08926
  -0.04878
  -0.03093
   0.08576
  -0.07163
  -0.00011
   0.07176
  -0.08570
   0.03072
   0.04897
  -0.08927
   0.05779
   0.02017
  -0.08191
   0.07778
  -0.01110
  -0.06450
   0.08823
  -0.04101
  -0.03920
   0.08788
  -0.06589
  -0.00909
   0.07676
  -0.08270
   0.02213
   0.05623
  -0.08937
   0.05064
   0.02881
  -0.08510
   0.07295
  -0.00213
  -0.07040
   0.08632
  -0.03282
  -0.04707
   0.08911
  -0.05949
  -0.01797
   0.08098
  -0.07886
   0.01332
   0.06293
  -0.08857
   0.04299
   0.03717
  -0.08743
   0.06739
   0.00685
  -0.07558
   0.08353
  -0.02430
  -0.05446
   0.08943
  -0.05248
  -0.02668
   0.08438
  -0.07423
   0.00438
   0.06899
  -0.08688
   0.03490
   0.04514
  -0.08888
   0.06115
   0.01577
  -0.08000
   0.07990
  -0.01554
  -0.06131
   0.08886
  -0.04495
  -0.03511
   0.08693
  -0.06884
  -0.00461
   0.07435
  -0.08431
   0.02646
   0.05266
  -0.08944
   0.05428
   0.02452
  -0.08361
   0.07546
  -0.00662
  -0.06754
   0.08739
  -0.03696
  -0.04319
   0.08861
  -0.06277
  -0.01355
   0.07897
  -0.08088
   0.01775
   0.05965
  -0.08909
   0.04688
   0.03303
  -0.08638
   0.07026
   0.00236
  -0.07308
   0.08503
  -0.02860
  -0.05083
   0.08938
  -0.05605
  -0.02235
   0.08278
  -0.07664
   0.00886
   0.06604
  -0.08784
   0.03899
   0.04121
  -0.08827
   0.06435
   0.01132
  -0.07789
   0.08182
  -0.01995
  -0.05796
   0.08926
  -0.04878
  -0.03093
   0.08576
  -0.07163
  -0.00011
   0.07176
  -0.08570
   0.03072
   0.04897
  -0.08927
   0.05779
   0.02017
  -0.08191
   0.07778
  -0.01110
  -0.06450
   0.08823
  -0.04101
  -0.03920
   0.08788
  -0.06589
  -0.00909
   0.07676
  -0.08270
   0.02213
   0.05623
  -0.08937
