  -0.05881
  -0.00551
   0.06665
  -0.08934
   0.06048
   0.00326
  -0.06513
   0.08942
  -0.06212
  -0.00102
   0.06357
  -0.08944
   0.06372
  -0.00123
  -0.06196
   0.08941
  -0.06527
   0.00348
   0.06032
  -0.08932
   0.06679
  -0.00572
  -0.05865
   0.08918
  -0.06826
   0.00797
   0.05693
  -0.08898
   0.06970
  -0.01020
  -0.05518
   0.08872
  -0.07108
   0.01243
   0.05339
  -0.08841
   0.07242
  -0.01465
  -0.05157
   0.08804
  -0.07372
   0.01687
   0.04972
  -0.08762
   0.07497
  -0.01907
  -0.04783
   0.08714
  -0.07617
   0.02126
   0.04592
  -0.08661
   0.07733
  -0.02343
  -0.04398
   0.08602
  -0.07843
   0.02560
   0.04201
  -0.08537
   0.07949
  -0.02774
  -0.04001
   0.08468
  -0.08049
   0.02987
   0.03799
  -0.08393
   0.08145
  -0.03198
  -0.03594
   0.08312
  -0.08235
   0.03407
   0.03387
  -0.08227
   0.08320
  -0.03614
  -0.03178
   0.08136
  -0.08400
   0.03818
   0.02967
  -0.08040
   0.08475
  -0.04020
  -0.02754
   0.07939
  -0.08544
   0.04220
   0.02539
  -0.07833
   0.08608
  -0.04416
  -0.02323
   0.07722
  -0.08666
   0.04611
   0.02105
  -0.07606
   0.08719
  -0.04802
  -0.01886
   0.07485
  -0.08766
   0.04990
   0.01665
  -0.07360
   0.08808
  -0.05175
  -0.01444
   0.07230
  -0.08844
   0.05356
   0.01222
  -0.07095
   0.08875
  -0.05535
  -0.00999
   0.06956
  -0.08900
   0.05710
   0.00775
  -0.06812
   0.08920
  -0.05881
  -0.00551
   0.06665
  -0.08934
   0.06048
   0.00326
  -0.06513
   0.08942
  -0.06212
  -0.00102
   0.06357
  -0.08944
   0.06372
  -0.00123
  -0.06196
   0.08941
  -0.06527
   0.00348
   0.06032
  -0.08932
   0.06679
  -0.00572
  -0.05865
   0.08918
  -0.06826
   0.00797
   0.05693
  -0.08898
   0.06970
  -0.01020
  -0.05518
   0.08872
  -0.07108
   0.01243
   0.05339
  -0.08841
   0.07242
  -0.01465
  -0.05157
   0.08804
  -0.07372
   0.01687
   0.04972
  -0.08762
   0.07497
  -0.01907
  -0.04783
   0.08714
  -0.07617
   0.02126
   0.04592
  -0.08661
   0.07733
  -0.02343
  -0.04398
   0.08602
  -0.07843
   0.02560
   0.04201
  -0.08537
   0.07949
  -0.02774
  -0.04001
   0.08468
  -0.08049
   0.02987
   0.03799
  -0.08393
   0.08145
  -0.03198
  -0.03594
   0.08312
  -0.08235
   0.03407
   0.03387
  -0.08227
   0.08320
  -0.03614
  -0.03178
   0.08136
  -0.08400
   0.03818
   0.02967
  -0.08040
   0.08475
  -0.04020
  -0.02754
   0.07939
  -0.08544
   0.04220
   0.02539
  -0.07833
   0.08608
  -0.04416
  -0.02323
   0.07722
  -0.08666
   0.04611
   0.02105
  -0.07606
   0.08719
  -0.04802
  -0.01886
   0.07485
  -0.08766
   0.04990
   0.01665
  -0.07360
   0.08808
  -0.05175
  -0.01444
   0.07230
  -0.08844
   0.05356
   0.01222
  -0.07095
   0.08875
  -0.05535
  -0.00999
   0.06956
  -0.08900
   0.05710
   0.00775
  -0.06812
   0.08920
