   0.08562
   0.05105
  -0.05407
  -0.08447
   0.00187
   0.08562
   0.05105
  -0.05407
  -0.08447
   0.00187
   0.08562
   0.05105
  -0.05407
  -0.08447
   0.00187
   0.08562
   0.05105
  -0.05407
  -0.08447
   0.00187
   0.08562
   0.05105
  -0.05407
  -0.08447
   0.00187
   0.08562
   0.05105
  -0.05407
  -0.08447
   0.00187
   0.08562
   0.05105
  -0.05407
  -0.08447
   0.00187
   0.08562
   0.05105
  -0.05407
  -0.08447
   0.00187
   0.08562
   0.05105
  -0.05407
  -0.08447
   0.00187
   0.08562
   0.05105
  -0.05407
  -0.08447
   0.00187
   0.08562
   0.05105
  -0.05407
  -0.08447
   0.00187
   0.08562
   0.05105
  -0.05407
  -0.08447
   0.00187
   0.08562
   0.05105
  -0.05407
  -0.08447
   0.00187
   0.08562
   0.05105
  -0.05407
  -0.08447
   0.00187
   0.08562
   0.05105
  -0.05407
  -0.08447
   0.00187
   0.08562
   0.05105
  -0.05407
  -0.08447
   0.00187
   0.08562
   0.05105
  -0.05407
  -0.08447
   0.00187
   0.08562
   0.05105
  -0.05407
  -0.08447
   0.00187
   0.08562
   0.05105
  -0.05407
  -0.08447
   0.00187
   0.08562
   0.05105
  -0.05407
  -0.08447
   0.00187
   0.08562
   0.05105
  -0.05407
  -0.08447
   0.00187
   0.08562
   0.05105
  -0.05407
  -0.08447
   0.00187
   0.08562
   0.05105
  -0.05407
  -0.08447
   0.00187
   0.08562
   0.05105
  -0.05407
  -0.08447
   0.00187
   0.08562
   0.05105
  -0.05407
  -0.08447
   0.00187
   0.08562
   0.05105
  -0.05407
  -0.08447
   0.00187
   0.08562
   0.05105
  -0.05407
  -0.08447
   0.00187
   0.08562
   0.05105
  -0.05407
  -0.08447
   0.00187
   0.08562
   0.05105
  -0.05407
  -0.08447
   0.00187
   0.08562
   0.05105
  -0.05407
  -0.08447
   0.00187
   0.08562
   0.05105
  -0.05407
  -0.08447
   0.00187
   0.08562
   0.05105
  -0.05407
  -0.08447
   0.00187
   0.08562
   0.05105
  -0.05407
  -0.08447
   0.00187
   0.08562
   0.05105
  -0.05407
  -0.08447
   0.00187
   0.08562
   0.05105
  -0.05407
  -0.08447
   0.00187
   0.08562
   0.05105
  -0.05407
  -0.08447
   0.00187
   0.08562
   0.05105
  -0.05407
  -0.08447
   0.00187
   0.08562
   0.05105
  -0.05407
  -0.08447
   0.00187
   0.08562
   0.05105
  -0.05407
  -0.08447
   0.00187
   0.08562
   0.05105
  -0.05407
  -0.08447
   0.00187
   0.08562
   0.05105
  -0.05407
  -0.08447
   0.00187
   0.08562
   0.05105
  -0.05407
  -0.08447
   0.00187
   0.08562
   0.05105
  -0.05407
  -0.08447
   0.00187
   0.08562
   0.05105
  -0.05407
  -0.08447
   0.00187
   0.08562
   0.05105
  -0.05407
  -0.08447
   0.00187
   0.08562
   0.05105
  -0.05407
  -0.08447
   0.00187
   0.08562
   0.05105
  -0.05407
  -0.08447
   0.00187
   0.08562
   0.05105
  -0.05407
  -0.08447
   0.00187
   0.08562
   0.05105
  -0.05407
  -0.08447
   0.00187
   0.08562
   0.05105
  -0.05407
  -0.08447
   0.00187
