  -0.04673
  -0.07982
  -0.08912
  -0.07186
  -0.03319
   0.01538
   0.05936
   0.08565
   0.08642
   0.06143
   0.01814
  -0.03056
  -0.07015
  -0.08884
  -0.08105
  -0.04911
  -0.00253
   0.04480
   0.07878
   0.08928
   0.07318
   0.03526
  -0.01316
  -0.05766
  -0.08498
  -0.08697
  -0.06305
  -0.02033
   0.02844
   0.06874
   0.08855
   0.08197
   0.05097
   0.00477
  -0.04284
  -0.07769
  -0.08939
  -0.07445
  -0.03732
   0.01093
   0.05592
   0.08425
   0.08747
   0.06462
   0.02252
  -0.02630
  -0.06728
  -0.08821
  -0.08285
  -0.05280
  -0.00702
   0.04086
   0.07655
   0.08944
   0.07567
   0.03935
  -0.00870
  -0.05415
  -0.08347
  -0.08791
  -0.06615
  -0.02468
   0.02414
   0.06578
   0.08781
   0.08367
   0.05460
   0.00926
  -0.03884
  -0.07537
  -0.08943
  -0.07684
  -0.04136
   0.00646
   0.05235
   0.08263
   0.08830
   0.06765
   0.02684
  -0.02197
  -0.06423
  -0.08735
  -0.08444
  -0.05636
  -0.01149
   0.03681
   0.07413
   0.08937
   0.07797
   0.04334
  -0.00421
  -0.05051
  -0.08175
  -0.08863
  -0.06910
  -0.02897
   0.01979
   0.06265
   0.08684
   0.08515
   0.05809
   0.01371
  -0.03475
  -0.07285
  -0.08925
  -0.07905
  -0.04529
   0.00197
   0.04864
   0.08081
   0.08890
   0.07050
   0.03109
  -0.01759
  -0.06102
  -0.08627
  -0.08581
  -0.05978
  -0.01593
   0.03266
   0.07153
   0.08907
   0.08007
   0.04721
   0.00028
  -0.04673
  -0.07982
  -0.08912
  -0.07186
  -0.03319
   0.01538
   0.05936
   0.08565
   0.08642
   0.06143
   0.01814
  -0.03056
  -0.07015
  -0.08884
  -0.08105
  -0.04911
  -0.00253
   0.04480
   0.07878
   0.08928
   0.07318
   0.03526
  -0.01316
  -0.05766
  -0.08498
  -0.08697
  -0.06305
  -0.02033
   0.02844
   0.06874
   0.08855
   0.08197
   0.05097
   0.00477
  -0.04284
  -0.07769
  -0.08939
  -0.07445
  -0.03732
   0.01093
   0.05592
   0.08425
   0.08747
   0.06462
   0.02252
  -0.02630
  -0.06728
  -0.08821
  -0.08285
  -0.05280
  -0.00702
   0.04086
   0.07655
   0.08944
   0.07567
   0.03935
  -0.00870
  -0.05415
  -0.08347
  -0.08791
  -0.06615
  -0.02468
   0.02414
   0.06578
   0.08781
   0.08367
   0.05460
   0.00926
  -0.03884
  -0.07537
  -0.08943
  -0.07684
  -0.04136
   0.00646
   0.05235
   0.08263
   0.08830
   0.06765
   0.02684
  -0.02197
  -0.06423
  -0.08735
  -0.08444
  -0.05636
  -0.01149
   0.03681
   0.07413
   0.08937
   0.07797
   0.04334
  -0.00421
  -0.05051
  -0.08175
  -0.08863
  -0.06910
  -0.02897
   0.01979
   0.06265
   0.08684
   0.08515
   0.05809
   0.01371
  -0.03475
  -0.07285
  -0.08925
  -0.07905
  -0.04529
   0.00197
   0.04864
   0.08081
   0.08890
   0.07050
   0.03109
  -0.01759
  -0.06102
  -0.08627
  -0.08581
  -0.05978
  -0.01593
   0.03266
   0.07153
   0.08907
   0.08007
   0.04721
   0.00028
