   0.07112
   0.02132
  -0.03793
  -0.08037
  -0.08720
  -0.05540
   0.00095
   0.05688
   0.08761
   0.07952
   0.03620
  -0.02316
  -0.07226
  -0.08934
  -0.06683
  -0.01472
   0.04392
   0.08310
   0.08546
   0.04995
  -0.00768
  -0.06192
  -0.08872
  -0.07621
  -0.02993
   0.02960
   0.07602
   0.08876
   0.06217
   0.00803
  -0.04966
  -0.08535
  -0.08323
  -0.04422
   0.01437
   0.06660
   0.08932
   0.07246
   0.02350
  -0.03588
  -0.07936
  -0.08768
  -0.05715
  -0.00130
   0.05513
   0.08713
   0.08052
   0.03824
  -0.02098
  -0.07091
  -0.08942
  -0.06831
  -0.01693
   0.04195
   0.08224
   0.08609
   0.05180
  -0.00544
  -0.06028
  -0.08840
  -0.07736
  -0.03204
   0.02747
   0.07482
   0.08901
   0.06376
   0.01027
  -0.04778
  -0.08466
  -0.08402
  -0.04616
   0.01215
   0.06508
   0.08918
   0.07376
   0.02566
  -0.03381
  -0.07830
  -0.08809
  -0.05886
  -0.00355
   0.05334
   0.08659
   0.08147
   0.04026
  -0.01879
  -0.06952
  -0.08944
  -0.06974
  -0.01913
   0.03995
   0.08133
   0.08668
   0.05362
  -0.00320
  -0.05860
  -0.08803
  -0.07846
  -0.03413
   0.02533
   0.07356
   0.08920
   0.06532
   0.01250
  -0.04586
  -0.08390
  -0.08477
  -0.04807
   0.00992
   0.06352
   0.08897
   0.07501
   0.02780
  -0.03172
  -0.07718
  -0.08845
  -0.06053
  -0.00579
   0.05152
   0.08600
   0.08238
   0.04225
  -0.01659
  -0.06808
  -0.08941
  -0.07112
  -0.02132
   0.03793
   0.08037
   0.08720
   0.05540
  -0.00095
  -0.05688
  -0.08761
  -0.07952
  -0.03620
   0.02316
   0.07226
   0.08934
   0.06683
   0.01472
  -0.04392
  -0.08310
  -0.08546
  -0.04995
   0.00768
   0.06192
   0.08872
   0.07621
   0.02993
  -0.02960
  -0.07602
  -0.08876
  -0.06217
  -0.00803
   0.04966
   0.08535
   0.08323
   0.04422
  -0.01437
  -0.06660
  -0.08932
  -0.07246
  -0.02350
   0.03588
   0.07936
   0.08768
   0.05715
   0.00130
  -0.05513
  -0.08713
  -0.08052
  -0.03824
   0.02098
   0.07091
   0.08942
   0.06831
   0.01693
  -0.04195
  -0.08224
  -0.08609
  -0.05180
   0.00544
   0.06028
   0.08840
   0.07736
   0.03204
  -0.02747
  -0.07482
  -0.08901
  -0.06376
  -0.01027
   0.04778
   0.08466
   0.08402
   0.04616
  -0.01215
  -0.06508
  -0.08918
  -0.07376
  -0.02566
   0.03381
   0.07830
   0.08809
   0.05886
   0.00355
  -0.05334
  -0.08659
  -0.08147
  -0.04026
   0.01879
   0.06952
   0.08944
   0.06974
   0.01913
  -0.03995
  -0.08133
  -0.08668
  -0.05362
   0.00320
   0.05860
   0.08803
   0.07846
   0.03413
  -0.02533
  -0.07356
  -0.08920
  -0.06532
  -0.01250
   0.04586
   0.08390
   0.08477
   0.04807
  -0.00992
  -0.06352
  -0.08897
  -0.07501
  -0.02780
   0.03172
   0.07718
   0.08845
   0.06053
   0.00579
  -0.05152
  -0.08600
  -0.08238
  -0.04225
   0.01659
   0.06808
   0.08941
