  -0.08297
  -0.06079
   0.03964
   0.08904
   0.02384
  -0.07205
  -0.07520
   0.01845
   0.08835
   0.04453
  -0.05661
  -0.08488
  -0.00389
   0.08210
   0.06242
  -0.03761
  -0.08923
  -0.02599
   0.07070
   0.07639
  -0.01625
  -0.08797
  -0.04646
   0.05485
   0.08556
   0.00614
  -0.08118
  -0.06401
   0.03556
   0.08935
   0.02814
  -0.06930
  -0.07753
   0.01403
   0.08753
   0.04837
  -0.05306
  -0.08619
  -0.00838
   0.08022
   0.06556
  -0.03348
  -0.08943
  -0.03026
   0.06786
   0.07863
  -0.01181
  -0.08705
  -0.05024
   0.05123
   0.08676
   0.01061
  -0.07920
  -0.06707
   0.03139
   0.08944
   0.03237
  -0.06637
  -0.07968
   0.00957
   0.08650
   0.05209
  -0.04937
  -0.08728
  -0.01284
   0.07813
   0.06853
  -0.02927
  -0.08940
  -0.03445
   0.06484
   0.08067
  -0.00734
  -0.08590
  -0.05390
   0.04748
   0.08774
   0.01506
  -0.07701
  -0.06996
   0.02714
   0.08930
   0.03652
  -0.06327
  -0.08162
   0.00509
   0.08525
   0.05567
  -0.04556
  -0.08815
  -0.01727
   0.07584
   0.07133
  -0.02499
  -0.08915
  -0.03856
   0.06166
   0.08251
  -0.00285
  -0.08454
  -0.05742
   0.04361
   0.08850
   0.01947
  -0.07462
  -0.07267
   0.02282
   0.08894
   0.04057
  -0.06002
  -0.08335
   0.00060
   0.08378
   0.05912
  -0.04164
  -0.08880
  -0.02166
   0.07336
   0.07395
  -0.02064
  -0.08867
  -0.04256
   0.05833
   0.08414
   0.00165
  -0.08297
  -0.06079
   0.03964
   0.08904
   0.02384
  -0.07205
  -0.07520
   0.01845
   0.08835
   0.04453
  -0.05661
  -0.08488
  -0.00389
   0.08210
   0.06242
  -0.03761
  -0.08923
  -0.02599
   0.07070
   0.07639
  -0.01625
  -0.08797
  -0.04646
   0.05485
   0.08556
   0.00614
  -0.08118
  -0.06401
   0.03556
   0.08935
   0.02814
  -0.06930
  -0.07753
   0.01403
   0.08753
   0.04837
  -0.05306
  -0.08619
  -0.00838
   0.08022
   0.06556
  -0.03348
  -0.08943
  -0.03026
   0.06786
   0.07863
  -0.01181
  -0.08705
  -0.05024
   0.05123
   0.08676
   0.01061
  -0.07920
  -0.06707
   0.03139
   0.08944
   0.03237
  -0.06637
  -0.07968
   0.00957
   0.08650
   0.05209
  -0.04937
  -0.08728
  -0.01284
   0.07813
   0.06853
  -0.02927
  -0.08940
  -0.03445
   0.06484
   0.08067
  -0.00734
  -0.08590
  -0.05390
   0.04748
   0.08774
   0.01506
  -0.07701
  -0.06996
   0.02714
   0.08930
   0.03652
  -0.06327
  -0.08162
   0.00509
   0.08525
   0.05567
  -0.04556
  -0.08815
  -0.01727
   0.07584
   0.07133
  -0.02499
  -0.08915
  -0.03856
   0.06166
   0.08251
  -0.00285
  -0.08454
  -0.05742
   0.04361
   0.08850
   0.01947
  -0.07462
  -0.07267
   0.02282
   0.08894
   0.04057
  -0.06002
  -0.08335
   0.00060
   0.08378
   0.05912
  -0.04164
  -0.08880
  -0.02166
   0.07336
   0.07395
  -0.02064
  -0.08867
  -0.04256
   0.05833
   0.08414
   0.00165
