   0.04756
  -0.04248
  -0.08942
  -0.04564
   0.04444
   0.08944
   0.04370
  -0.04638
  -0.08940
  -0.04172
   0.04829
   0.08931
   0.03972
  -0.05016
  -0.08916
  -0.03769
   0.05201
   0.08895
   0.03564
  -0.05382
  -0.08868
  -0.03357
   0.05560
   0.08836
   0.03148
  -0.05734
  -0.08799
  -0.02936
   0.05905
   0.08755
   0.02723
  -0.06072
  -0.08707
  -0.02508
   0.06235
   0.08653
   0.02292
  -0.06394
  -0.08593
  -0.02074
   0.06549
   0.08528
   0.01854
  -0.06700
  -0.08457
  -0.01634
   0.06847
   0.08381
   0.01412
  -0.06990
  -0.08300
  -0.01190
   0.07128
   0.08214
   0.00967
  -0.07261
  -0.08122
  -0.00743
   0.07390
   0.08026
   0.00519
  -0.07514
  -0.07924
  -0.00294
   0.07634
   0.07817
   0.00070
  -0.07749
  -0.07705
   0.00155
   0.07858
   0.07589
  -0.00380
  -0.07963
  -0.07468
   0.00604
   0.08063
   0.07341
  -0.00828
  -0.08158
  -0.07211
   0.01052
   0.08247
   0.07076
  -0.01275
  -0.08332
  -0.06936
   0.01497
   0.08411
   0.06792
  -0.01718
  -0.08485
  -0.06643
   0.01938
   0.08553
   0.06491
  -0.02157
  -0.08616
  -0.06334
   0.02374
   0.08674
   0.06173
  -0.02590
  -0.08726
  -0.06009
   0.02805
   0.08773
   0.05840
  -0.03017
  -0.08814
  -0.05668
   0.03228
   0.08849
   0.05493
  -0.03436
  -0.08879
  -0.05313
   0.03643
   0.08903
   0.05131
  -0.03847
  -0.08922
  -0.04945
   0.04049
   0.08935
   0.04756
  -0.04248
  -0.08942
  -0.04564
   0.04444
   0.08944
   0.04370
  -0.04638
  -0.08940
  -0.04172
   0.04829
   0.08931
   0.03972
  -0.05016
  -0.08916
  -0.03769
   0.05201
   0.08895
   0.03564
  -0.05382
  -0.08868
  -0.03357
   0.05560
   0.08836
   0.03148
  -0.05734
  -0.08799
  -0.02936
   0.05905
   0.08755
   0.02723
  -0.06072
  -0.08707
  -0.02508
   0.06235
   0.08653
   0.02292
  -0.06394
  -0.08593
  -0.02074
   0.06549
   0.08528
   0.01854
  -0.06700
  -0.08457
  -0.01634
   0.06847
   0.08381
   0.01412
  -0.06990
  -0.08300
  -0.01190
   0.07128
   0.08214
   0.00967
  -0.07261
  -0.08122
  -0.00743
   0.07390
   0.08026
   0.00519
  -0.07514
  -0.07924
  -0.00294
   0.07634
   0.07817
   0.00070
  -0.07749
  -0.07705
   0.00155
   0.07858
   0.07589
  -0.00380
  -0.07963
  -0.07468
   0.00604
   0.08063
   0.07341
  -0.00828
  -0.08158
  -0.07211
   0.01052
   0.08247
   0.07076
  -0.01275
  -0.08332
  -0.06936
   0.01497
   0.08411
   0.06792
  -0.01718
  -0.08485
  -0.06643
   0.01938
   0.08553
   0.06491
  -0.02157
  -0.08616
  -0.06334
   0.02374
   0.08674
   0.06173
  -0.02590
  -0.08726
  -0.06009
   0.02805
   0.08773
   0.05840
  -0.03017
  -0.08814
  -0.05668
   0.03228
   0.08849
   0.05493
  -0.03436
  -0.08879
  -0.05313
   0.03643
   0.08903
   0.05131
  -0.03847
  -0.08922
  -0.04945
   0.04049
   0.08935
