   0.01089
   0.02193
   0.03263
   0.04281
   0.05231
   0.06099
   0.06871
   0.07535
   0.08079
   0.08497
   0.08780
   0.08925
   0.08929
   0.08792
   0.08516
   0.08107
   0.07569
   0.06912
   0.06146
   0.05283
   0.04337
   0.03322
   0.02255
   0.01153
   0.00032
  -0.01089
  -0.02193
  -0.03263
  -0.04281
  -0.05231
  -0.06099
  -0.06871
  -0.07535
  -0.08079
  -0.08497
  -0.08780
  -0.08925
  -0.08929
  -0.08792
  -0.08516
  -0.08107
  -0.07569
  -0.06912
  -0.06146
  -0.05283
  -0.04337
  -0.03322
  -0.02255
  -0.01153
  -0.00032
   0.01089
   0.02193
   0.03263
   0.04281
   0.05231
   0.06099
   0.06871
   0.07535
   0.08079
   0.08497
   0.08780
   0.08925
   0.08929
   0.08792
   0.08516
   0.08107
   0.07569
   0.06912
   0.06146
   0.05283
   0.04337
   0.03322
   0.02255
   0.01153
   0.00032
  -0.01089
  -0.02193
  -0.03263
  -0.04281
  -0.05231
  -0.06099
  -0.06871
  -0.07535
  -0.08079
  -0.08497
  -0.08780
  -0.08925
  -0.08929
  -0.08792
  -0.08516
  -0.08107
  -0.07569
  -0.06912
  -0.06146
  -0.05283
  -0.04337
  -0.03322
  -0.02255
  -0.01153
  -0.00032
   0.01089
   0.02193
   0.03263
   0.04281
   0.05231
   0.06099
   0.06871
   0.07535
   0.08079
   0.08497
   0.08780
   0.08925
   0.08929
   0.08792
   0.08516
   0.08107
   0.07569
   0.06912
   0.06146
   0.05283
   0.04337
   0.03322
   0.02255
   0.01153
   0.00032
  -0.01089
  -0.02193
  -0.03263
  -0.04281
  -0.05231
  -0.06099
  -0.06871
  -0.07535
  -0.08079
  -0.08497
  -0.08780
  -0.08925
  -0.08929
  -0.08792
  -0.08516
  -0.08107
  -0.07569
  -0.06912
  -0.06146
  -0.05283
  -0.04337
  -0.03322
  -0.02255
  -0.01153
  -0.00032
   0.01089
   0.02193
   0.03263
   0.04281
   0.05231
   0.06099
   0.06871
   0.07535
   0.08079
   0.08497
   0.08780
   0.08925
   0.08929
   0.08792
   0.08516
   0.08107
   0.07569
   0.06912
   0.06146
   0.05283
   0.04337
   0.03322
   0.02255
   0.01153
   0.00032
  -0.01089
  -0.02193
  -0.03263
  -0.04281
  -0.05231
  -0.06099
  -0.06871
  -0.07535
  -0.08079
  -0.08497
  -0.08780
  -0.08925
  -0.08929
  -0.08792
  -0.08516
  -0.08107
  -0.07569
  -0.06912
  -0.06146
  -0.05283
  -0.04337
  -0.03322
  -0.02255
  -0.01153
  -0.00032
   0.01089
   0.02193
   0.03263
   0.04281
   0.05231
   0.06099
   0.06871
   0.07535
   0.08079
   0.08497
   0.08780
   0.08925
   0.08929
   0.08792
   0.08516
   0.08107
   0.07569
   0.06912
   0.06146
   0.05283
   0.04337
   0.03322
   0.02255
   0.01153
   0.00032
  -0.01089
  -0.02193
  -0.03263
  -0.04281
  -0.05231
  -0.06099
  -0.06871
  -0.07535
  -0.08079
  -0.08497
  -0.08780
  -0.08925
  -0.08929
  -0.08792
  -0.08516
  -0.08107
  -0.07569
  -0.06912
  -0.06146
  -0.05283
  -0.04337
  -0.03322
  -0.02255
  -0.01153
  -0.00032
