  -0.05850
   0.08801
  -0.07852
   0.03425
   0.02520
  -0.07349
   0.08921
  -0.06541
   0.01262
   0.04575
  -0.08386
   0.08481
  -0.04818
  -0.00979
   0.06343
  -0.08896
   0.07508
  -0.02793
  -0.03160
   0.07712
  -0.08847
   0.06063
  -0.00592
  -0.05141
   0.08596
  -0.08243
   0.04237
   0.01646
  -0.06800
   0.08941
  -0.07120
   0.02145
   0.03781
  -0.08031
   0.08723
  -0.05550
  -0.00082
   0.05678
  -0.08758
   0.07958
  -0.03631
  -0.02304
   0.07218
  -0.08934
   0.06692
  -0.01484
  -0.04381
   0.08305
  -0.08549
   0.05006
   0.00756
  -0.06182
   0.08870
  -0.07627
   0.03005
   0.02948
  -0.07596
   0.08877
  -0.06226
   0.00816
   0.04956
  -0.08532
   0.08327
  -0.04433
  -0.01425
   0.06652
  -0.08931
   0.07254
  -0.02362
  -0.03576
   0.07930
  -0.08770
   0.05725
  -0.00143
  -0.05503
   0.08710
  -0.08058
   0.03836
   0.02086
  -0.07083
   0.08942
  -0.06839
   0.01706
   0.04183
  -0.08219
   0.08613
  -0.05191
  -0.00531
   0.06018
  -0.08838
   0.07742
  -0.03216
  -0.02735
   0.07475
  -0.08902
   0.06385
  -0.01039
  -0.04767
   0.08461
  -0.08407
   0.04627
   0.01203
  -0.06499
   0.08917
  -0.07383
   0.02578
   0.03369
  -0.07823
   0.08811
  -0.05895
   0.00367
   0.05324
  -0.08656
   0.08153
  -0.04037
  -0.01867
   0.06944
  -0.08944
   0.06982
  -0.01926
  -0.03983
   0.08128
  -0.08671
   0.05372
   0.00307
  -0.05850
   0.08801
  -0.07852
   0.03425
   0.02520
  -0.07349
   0.08921
  -0.06541
   0.01262
   0.04575
  -0.08386
   0.08481
  -0.04818
  -0.00979
   0.06343
  -0.08896
   0.07508
  -0.02793
  -0.03160
   0.07712
  -0.08847
   0.06063
  -0.00592
  -0.05141
   0.08596
  -0.08243
   0.04237
   0.01646
  -0.06800
   0.08941
  -0.07120
   0.02145
   0.03781
  -0.08031
   0.08723
  -0.05550
  -0.00082
   0.05678
  -0.08758
   0.07958
  -0.03631
  -0.02304
   0.07218
  -0.08934
   0.06692
  -0.01484
  -0.04381
   0.08305
  -0.08549
   0.05006
   0.00756
  -0.06182
   0.08870
  -0.07627
   0.03005
   0.02948
  -0.07596
   0.08877
  -0.06226
   0.00816
   0.04956
  -0.08532
   0.08327
  -0.04433
  -0.01425
   0.06652
  -0.08931
   0.07254
  -0.02362
  -0.03576
   0.07930
  -0.08770
   0.05725
  -0.00143
  -0.05503
   0.08710
  -0.08058
   0.03836
   0.02086
  -0.07083
   0.08942
  -0.06839
   0.01706
   0.04183
  -0.08219
   0.08613
  -0.05191
  -0.00531
   0.06018
  -0.08838
   0.07742
  -0.03216
  -0.02735
   0.07475
  -0.08902
   0.06385
  -0.01039
  -0.04767
   0.08461
  -0.08407
   0.04627
   0.01203
  -0.06499
   0.08917
  -0.07383
   0.02578
   0.03369
  -0.07823
   0.08811
  -0.05895
   0.00367
   0.05324
  -0.08656
   0.08153
  -0.04037
  -0.01867
   0.06944
  -0.08944
   0.06982
  -0.01926
  -0.03983
   0.08128
  -0.08671
   0.05372
   0.00307
