   0.07598
  -0.05893
  -0.05681
   0.07740
   0.03163
  -0.08769
  -0.00311
   0.08870
  -0.02575
  -0.08033
   0.05187
   0.06346
  -0.07252
  -0.03987
   0.08548
   0.01206
  -0.08941
   0.01702
   0.08387
  -0.04430
  -0.06946
   0.06689
   0.04770
  -0.08241
  -0.02090
   0.08921
  -0.00812
  -0.08657
   0.03628
   0.07477
  -0.06060
  -0.05506
   0.07851
   0.02952
  -0.08811
  -0.00086
   0.08839
  -0.02789
  -0.07932
   0.05369
   0.06185
  -0.07381
  -0.03784
   0.08612
   0.00983
  -0.08932
   0.01922
   0.08306
  -0.04624
  -0.06802
   0.06837
   0.04579
  -0.08326
  -0.01870
   0.08934
  -0.01036
  -0.08597
   0.03832
   0.07351
  -0.06223
  -0.05327
   0.07956
   0.02739
  -0.08847
   0.00139
   0.08802
  -0.03002
  -0.07825
   0.05547
   0.06021
  -0.07505
  -0.03580
   0.08670
   0.00759
  -0.08917
   0.02141
   0.08220
  -0.04815
  -0.06654
   0.06979
   0.04384
  -0.08405
  -0.01650
   0.08942
  -0.01259
  -0.08533
   0.04034
   0.07221
  -0.06383
  -0.05144
   0.08056
   0.02524
  -0.08877
   0.00363
   0.08759
  -0.03212
  -0.07714
   0.05722
   0.05853
  -0.07625
  -0.03372
   0.08722
   0.00535
  -0.08896
   0.02359
   0.08129
  -0.05003
  -0.06502
   0.07118
   0.04187
  -0.08480
  -0.01429
   0.08944
  -0.01481
  -0.08463
   0.04233
   0.07086
  -0.06538
  -0.04959
   0.08151
   0.02308
  -0.08902
   0.00588
   0.08710
  -0.03421
  -0.07598
   0.05893
   0.05681
  -0.07740
  -0.03163
   0.08769
   0.00311
  -0.08870
   0.02575
   0.08033
  -0.05187
  -0.06346
   0.07252
   0.03987
  -0.08548
  -0.01206
   0.08941
  -0.01702
  -0.08387
   0.04430
   0.06946
  -0.06689
  -0.04770
   0.08241
   0.02090
  -0.08921
   0.00812
   0.08657
  -0.03628
  -0.07477
   0.06060
   0.05506
  -0.07851
  -0.02952
   0.08811
   0.00086
  -0.08839
   0.02789
   0.07932
  -0.05369
  -0.06185
   0.07381
   0.03784
  -0.08612
  -0.00983
   0.08932
  -0.01922
  -0.08306
   0.04624
   0.06802
  -0.06837
  -0.04579
   0.08326
   0.01870
  -0.08934
   0.01036
   0.08597
  -0.03832
  -0.07351
   0.06223
   0.05327
  -0.07956
  -0.02739
   0.08847
  -0.00139
  -0.08802
   0.03002
   0.07825
  -0.05547
  -0.06021
   0.07505
   0.03580
  -0.08670
  -0.00759
   0.08917
  -0.02141
  -0.08220
   0.04815
   0.06654
  -0.06979
  -0.04384
   0.08405
   0.01650
  -0.08942
   0.01259
   0.08533
  -0.04034
  -0.07221
   0.06383
   0.05144
  -0.08056
  -0.02524
   0.08877
  -0.00363
  -0.08759
   0.03212
   0.07714
  -0.05722
  -0.05853
   0.07625
   0.03372
  -0.08722
  -0.00535
   0.08896
  -0.02359
  -0.08129
   0.05003
   0.06502
  -0.07118
  -0.04187
   0.08480
   0.01429
  -0.08944
   0.01481
   0.08463
  -0.04233
  -0.07086
   0.06538
   0.04959
  -0.08151
  -0.02308
   0.08902
  -0.00588
  -0.08710
   0.03421
