  -0.07388
   0.08216
  -0.01417
  -0.06697
   0.08594
  -0.02512
  -0.05902
   0.08837
  -0.03569
  -0.05013
   0.08940
  -0.04568
  -0.04045
   0.08903
  -0.05496
  -0.03013
   0.08725
  -0.06337
  -0.01934
   0.08409
  -0.07078
  -0.00824
   0.07961
  -0.07708
   0.00299
   0.07388
  -0.08216
   0.01417
   0.06697
  -0.08594
   0.02512
   0.05902
  -0.08837
   0.03569
   0.05013
  -0.08940
   0.04568
   0.04045
  -0.08903
   0.05496
   0.03013
  -0.08725
   0.06337
   0.01934
  -0.08409
   0.07078
   0.00824
  -0.07961
   0.07708
  -0.00299
  -0.07388
   0.08216
  -0.01417
  -0.06697
   0.08594
  -0.02512
  -0.05902
   0.08837
  -0.03569
  -0.05013
   0.08940
  -0.04568
  -0.04045
   0.08903
  -0.05496
  -0.03013
   0.08725
  -0.06337
  -0.01934
   0.08409
  -0.07078
  -0.00824
   0.07961
  -0.07708
   0.00299
   0.07388
  -0.08216
   0.01417
   0.06697
  -0.08594
   0.02512
   0.05902
  -0.08837
   0.03569
   0.05013
  -0.08940
   0.04568
   0.04045
  -0.08903
   0.05496
   0.03013
  -0.08725
   0.06337
   0.01934
  -0.08409
   0.07078
   0.00824
  -0.07961
   0.07708
  -0.00299
  -0.07388
   0.08216
  -0.01417
  -0.06697
   0.08594
  -0.02512
  -0.05902
   0.08837
  -0.03569
  -0.05013
   0.08940
  -0.04568
  -0.04045
   0.08903
  -0.05496
  -0.03013
   0.08725
  -0.06337
  -0.01934
   0.08409
  -0.07078
  -0.00824
   0.07961
  -0.07708
   0.00299
   0.07388
  -0.08216
   0.01417
   0.06697
  -0.08594
   0.02512
   0.05902
  -0.08837
   0.03569
   0.05013
  -0.08940
   0.04568
   0.04045
  -0.08903
   0.05496
   0.03013
  -0.08725
   0.06337
   0.01934
  -0.08409
   0.07078
   0.00824
  -0.07961
   0.07708
  -0.00299
  -0.07388
   0.08216
  -0.01417
  -0.06697
   0.08594
  -0.02512
  -0.05902
   0.08837
  -0.03569
  -0.05013
   0.08940
  -0.04568
  -0.04045
   0.08903
  -0.05496
  -0.03013
   0.08725
  -0.06337
  -0.01934
   0.08409
  -0.07078
  -0.00824
   0.07961
  -0.07708
   0.00299
   0.07388
  -0.08216
   0.01417
   0.06697
  -0.08594
   0.02512
   0.05902
  -0.08837
   0.03569
   0.05013
  -0.08940
   0.04568
   0.04045
  -0.08903
   0.05496
   0.03013
  -0.08725
   0.06337
   0.01934
  -0.08409
   0.07078
   0.00824
  -0.07961
   0.07708
  -0.00299
  -0.07388
   0.08216
  -0.01417
  -0.06697
   0.08594
  -0.02512
  -0.05902
   0.08837
  -0.03569
  -0.05013
   0.08940
  -0.04568
  -0.04045
   0.08903
  -0.05496
  -0.03013
   0.08725
  -0.06337
  -0.01934
   0.08409
  -0.07078
  -0.00824
   0.07961
  -0.07708
   0.00299
   0.07388
  -0.08216
   0.01417
   0.06697
  -0.08594
   0.02512
   0.05902
  -0.08837
   0.03569
   0.05013
  -0.08940
   0.04568
   0.04045
  -0.08903
   0.05496
   0.03013
  -0.08725
   0.06337
   0.01934
  -0.08409
   0.07078
   0.00824
  -0.07961
   0.07708
  -0.00299
