   0.03794
  -0.05538
  -0.08761
  -0.02318
   0.06682
   0.08311
   0.00770
  -0.07620
  -0.07603
   0.00801
   0.08322
   0.06662
  -0.02348
  -0.08767
  -0.05514
   0.03822
   0.08942
   0.04197
  -0.05178
  -0.08840
  -0.02749
   0.06375
   0.08466
   0.01217
  -0.07375
  -0.07831
   0.00352
   0.08147
   0.06953
  -0.01911
  -0.08667
  -0.05861
   0.03411
   0.08920
   0.04588
  -0.04806
  -0.08898
  -0.03174
   0.06052
   0.08600
   0.01661
  -0.07111
  -0.08038
  -0.00097
   0.07951
   0.07227
  -0.01470
  -0.08545
  -0.06193
   0.02991
   0.08876
   0.04968
  -0.04420
  -0.08932
  -0.03590
   0.05713
   0.08713
   0.02100
  -0.06829
  -0.08225
  -0.00546
   0.07735
   0.07483
  -0.01025
  -0.08402
  -0.06510
   0.02564
   0.08809
   0.05336
  -0.04024
  -0.08944
  -0.03997
   0.05360
   0.08804
   0.02535
  -0.06531
  -0.08391
  -0.00994
   0.07499
   0.07719
  -0.00577
  -0.08237
  -0.06810
   0.02130
   0.08720
   0.05689
  -0.03618
  -0.08934
  -0.04394
   0.04994
   0.08872
   0.02962
  -0.06215
  -0.08536
  -0.01440
   0.07245
   0.07937
  -0.00128
  -0.08051
  -0.07092
   0.01691
   0.08609
   0.06029
  -0.03202
  -0.08901
  -0.04780
   0.04614
   0.08918
   0.03383
  -0.05884
  -0.08659
  -0.01881
   0.06972
   0.08134
   0.00322
  -0.07845
  -0.07357
   0.01248
   0.08476
   0.06353
  -0.02779
  -0.08845
  -0.05153
   0.04224
   0.08941
   0.03794
  -0.05538
  -0.08761
  -0.02318
   0.06682
   0.08311
   0.00770
  -0.07620
  -0.07603
   0.00801
   0.08322
   0.06662
  -0.02348
  -0.08767
  -0.05514
   0.03822
   0.08942
   0.04197
  -0.05178
  -0.08840
  -0.02749
   0.06375
   0.08466
   0.01217
  -0.07375
  -0.07831
   0.00352
   0.08147
   0.06953
  -0.01911
  -0.08667
  -0.05861
   0.03411
   0.08920
   0.04588
  -0.04806
  -0.08898
  -0.03174
   0.06052
   0.08600
   0.01661
  -0.07111
  -0.08038
  -0.00097
   0.07951
   0.07227
  -0.01470
  -0.08545
  -0.06193
   0.02991
   0.08876
   0.04968
  -0.04420
  -0.08932
  -0.03590
   0.05713
   0.08713
   0.02100
  -0.06829
  -0.08225
  -0.00546
   0.07735
   0.07483
  -0.01025
  -0.08402
  -0.06510
   0.02564
   0.08809
   0.05336
  -0.04024
  -0.08944
  -0.03997
   0.05360
   0.08804
   0.02535
  -0.06531
  -0.08391
  -0.00994
   0.07499
   0.07719
  -0.00577
  -0.08237
  -0.06810
   0.02130
   0.08720
   0.05689
  -0.03618
  -0.08934
  -0.04394
   0.04994
   0.08872
   0.02962
  -0.06215
  -0.08536
  -0.01440
   0.07245
   0.07937
  -0.00128
  -0.08051
  -0.07092
   0.01691
   0.08609
   0.06029
  -0.03202
  -0.08901
  -0.04780
   0.04614
   0.08918
   0.03383
  -0.05884
  -0.08659
  -0.01881
   0.06972
   0.08134
   0.00322
  -0.07845
  -0.07357
   0.01248
   0.08476
   0.06353
  -0.02779
  -0.08845
  -0.05153
   0.04224
   0.08941
