  -0.05016
  -0.08674
  -0.07924
  -0.03148
   0.03228
   0.07963
   0.08653
   0.04945
  -0.01275
  -0.06847
  -0.08940
  -0.06491
  -0.00743
   0.05382
   0.08772
   0.07706
   0.02723
  -0.03643
  -0.08158
  -0.08528
  -0.04565
   0.01718
   0.07127
   0.08916
   0.06173
   0.00295
  -0.05734
  -0.08849
  -0.07468
  -0.02292
   0.04048
   0.08332
   0.08382
   0.04172
  -0.02157
  -0.07390
  -0.08868
  -0.05840
   0.00155
   0.06072
   0.08903
   0.07211
   0.01855
  -0.04444
  -0.08485
  -0.08214
  -0.03770
   0.02590
   0.07634
   0.08799
   0.05493
  -0.00604
  -0.06394
  -0.08935
  -0.06936
  -0.01413
   0.04828
   0.08616
   0.08026
   0.03357
  -0.03017
  -0.07858
  -0.08707
  -0.05131
   0.01052
   0.06700
   0.08944
   0.06643
   0.00967
  -0.05201
  -0.08726
  -0.07817
  -0.02937
   0.03436
   0.08063
   0.08593
   0.04757
  -0.01497
  -0.06989
  -0.08931
  -0.06334
  -0.00519
   0.05560
   0.08814
   0.07589
   0.02508
  -0.03847
  -0.08247
  -0.08457
  -0.04370
   0.01938
   0.07261
   0.08895
   0.06009
   0.00070
  -0.05905
  -0.08879
  -0.07342
  -0.02074
   0.04248
   0.08411
   0.08300
   0.03972
  -0.02374
  -0.07514
  -0.08836
  -0.05668
   0.00380
   0.06235
   0.08922
   0.07076
   0.01634
  -0.04638
  -0.08553
  -0.08122
  -0.03565
   0.02804
   0.07749
   0.08755
   0.05314
  -0.00828
  -0.06549
  -0.08942
  -0.06792
  -0.01190
   0.05016
   0.08674
   0.07924
   0.03148
  -0.03228
  -0.07963
  -0.08653
  -0.04945
   0.01275
   0.06847
   0.08940
   0.06491
   0.00743
  -0.05382
  -0.08772
  -0.07706
  -0.02723
   0.03643
   0.08158
   0.08528
   0.04565
  -0.01718
  -0.07127
  -0.08916
  -0.06173
  -0.00295
   0.05734
   0.08849
   0.07468
   0.02292
  -0.04048
  -0.08332
  -0.08382
  -0.04172
   0.02157
   0.07390
   0.08868
   0.05840
  -0.00155
  -0.06072
  -0.08903
  -0.07211
  -0.01855
   0.04444
   0.08485
   0.08214
   0.03770
  -0.02590
  -0.07634
  -0.08799
  -0.05493
   0.00604
   0.06394
   0.08935
   0.06936
   0.01413
  -0.04828
  -0.08616
  -0.08026
  -0.03357
   0.03017
   0.07858
   0.08707
   0.05131
  -0.01052
  -0.06700
  -0.08944
  -0.06643
  -0.00967
   0.05201
   0.08726
   0.07817
   0.02937
  -0.03436
  -0.08063
  -0.08593
  -0.04757
   0.01497
   0.06989
   0.08931
   0.06334
   0.00519
  -0.05560
  -0.08814
  -0.07589
  -0.02508
   0.03847
   0.08247
   0.08457
   0.04370
  -0.01938
  -0.07261
  -0.08895
  -0.06009
  -0.00070
   0.05905
   0.08879
   0.07342
   0.02074
  -0.04248
  -0.08411
  -0.08300
  -0.03972
   0.02374
   0.07514
   0.08836
   0.05668
  -0.00380
  -0.06235
  -0.08922
  -0.07076
  -0.01634
   0.04638
   0.08553
   0.08122
   0.03565
  -0.02804
  -0.07749
  -0.08755
  -0.05314
   0.00828
   0.06549
   0.08942
   0.06792
   0.01190
