   0.08097
   0.06590
  -0.03092
  -0.08938
  -0.03697
   0.06130
   0.08353
   0.00215
  -0.08190
  -0.06436
   0.03302
   0.08944
   0.03491
  -0.06292
  -0.08270
   0.00010
   0.08278
   0.06278
  -0.03510
  -0.08943
  -0.03283
   0.06450
   0.08182
  -0.00235
  -0.08360
  -0.06115
   0.03715
   0.08938
   0.03073
  -0.06603
  -0.08089
   0.00459
   0.08438
   0.05950
  -0.03919
  -0.08926
  -0.02861
   0.06753
   0.07990
  -0.00684
  -0.08510
  -0.05780
   0.04119
   0.08909
   0.02647
  -0.06898
  -0.07887
   0.00908
   0.08576
   0.05606
  -0.04318
  -0.08886
  -0.02432
   0.07039
   0.07778
  -0.01131
  -0.08637
  -0.05430
   0.04513
   0.08858
   0.02215
  -0.07175
  -0.07665
   0.01354
   0.08693
   0.05249
  -0.04706
  -0.08824
  -0.01996
   0.07307
   0.07547
  -0.01575
  -0.08743
  -0.05066
   0.04895
   0.08784
   0.01776
  -0.07435
  -0.07424
   0.01796
   0.08788
   0.04879
  -0.05082
  -0.08739
  -0.01556
   0.07557
   0.07296
  -0.02016
  -0.08827
  -0.04689
   0.05265
   0.08688
   0.01334
  -0.07675
  -0.07163
   0.02234
   0.08860
   0.04496
  -0.05445
  -0.08632
  -0.01111
   0.07788
   0.07027
  -0.02451
  -0.08888
  -0.04300
   0.05622
   0.08570
   0.00888
  -0.07896
  -0.06885
   0.02666
   0.08911
   0.04102
  -0.05795
  -0.08503
  -0.00664
   0.07999
   0.06740
  -0.02880
  -0.08927
  -0.03901
   0.05964
   0.08431
   0.00439
  -0.08097
  -0.06590
   0.03092
   0.08938
   0.03697
  -0.06130
  -0.08353
  -0.00215
   0.08190
   0.06436
  -0.03302
  -0.08944
  -0.03491
   0.06292
   0.08270
  -0.00010
  -0.08278
  -0.06278
   0.03510
   0.08943
   0.03283
  -0.06450
  -0.08182
   0.00235
   0.08360
   0.06115
  -0.03715
  -0.08938
  -0.03073
   0.06603
   0.08089
  -0.00459
  -0.08438
  -0.05950
   0.03919
   0.08926
   0.02861
  -0.06753
  -0.07990
   0.00684
   0.08510
   0.05780
  -0.04119
  -0.08909
  -0.02647
   0.06898
   0.07887
  -0.00908
  -0.08576
  -0.05606
   0.04318
   0.08886
   0.02432
  -0.07039
  -0.07778
   0.01131
   0.08637
   0.05430
  -0.04513
  -0.08858
  -0.02215
   0.07175
   0.07665
  -0.01354
  -0.08693
  -0.05249
   0.04706
   0.08824
   0.01996
  -0.07307
  -0.07547
   0.01575
   0.08743
   0.05066
  -0.04895
  -0.08784
  -0.01776
   0.07435
   0.07424
  -0.01796
  -0.08788
  -0.04879
   0.05082
   0.08739
   0.01556
  -0.07557
  -0.07296
   0.02016
   0.08827
   0.04689
  -0.05265
  -0.08688
  -0.01334
   0.07675
   0.07163
  -0.02234
  -0.08860
  -0.04496
   0.05445
   0.08632
   0.01111
  -0.07788
  -0.07027
   0.02451
   0.08888
   0.04300
  -0.05622
  -0.08570
  -0.00888
   0.07896
   0.06885
  -0.02666
  -0.08911
  -0.04102
   0.05795
   0.08503
   0.00664
  -0.07999
  -0.06740
   0.02880
   0.08927
   0.03901
  -0.05964
  -0.08431
  -0.00439
