  -0.05876
   0.01229
   0.07489
   0.08606
   0.03812
  -0.03600
  -0.08539
  -0.07614
  -0.01458
   0.05698
   0.08941
   0.06043
  -0.01006
  -0.07364
  -0.08664
  -0.04014
   0.03393
   0.08470
   0.07729
   0.01680
  -0.05523
  -0.08933
  -0.06207
   0.00782
   0.07234
   0.08717
   0.04213
  -0.03184
  -0.08395
  -0.07840
  -0.01900
   0.05345
   0.08919
   0.06367
  -0.00558
  -0.07099
  -0.08765
  -0.04410
   0.02973
   0.08315
   0.07945
   0.02119
  -0.05163
  -0.08899
  -0.06523
   0.00333
   0.06960
   0.08807
   0.04605
  -0.02760
  -0.08229
  -0.08046
  -0.02337
   0.04978
   0.08873
   0.06674
  -0.00109
  -0.06817
  -0.08843
  -0.04796
   0.02546
   0.08139
   0.08142
   0.02553
  -0.04789
  -0.08842
  -0.06822
  -0.00116
   0.06669
   0.08874
   0.04984
  -0.02329
  -0.08043
  -0.08232
  -0.02768
   0.04598
   0.08806
   0.06965
   0.00341
  -0.06517
  -0.08899
  -0.05169
   0.02112
   0.07942
   0.08318
   0.02980
  -0.04404
  -0.08763
  -0.07104
  -0.00565
   0.06361
   0.08919
   0.05351
  -0.01892
  -0.07836
  -0.08398
  -0.03191
   0.04207
   0.08716
   0.07238
   0.00790
  -0.06201
  -0.08933
  -0.05529
   0.01672
   0.07725
   0.08472
   0.03400
  -0.04007
  -0.08662
  -0.07368
  -0.01013
   0.06038
   0.08942
   0.05704
  -0.01451
  -0.07610
  -0.08542
  -0.03607
   0.03805
   0.08604
   0.07493
   0.01236
  -0.05870
  -0.08944
  -0.05876
   0.01229
   0.07489
   0.08606
   0.03812
  -0.03600
  -0.08539
  -0.07614
  -0.01458
   0.05698
   0.08941
   0.06043
  -0.01006
  -0.07364
  -0.08664
  -0.04014
   0.03393
   0.08470
   0.07729
   0.01680
  -0.05523
  -0.08933
  -0.06207
   0.00782
   0.07234
   0.08717
   0.04213
  -0.03184
  -0.08395
  -0.07840
  -0.01900
   0.05345
   0.08919
   0.06367
  -0.00558
  -0.07099
  -0.08765
  -0.04410
   0.02973
   0.08315
   0.07945
   0.02119
  -0.05163
  -0.08899
  -0.06523
   0.00333
   0.06960
   0.08807
   0.04605
  -0.02760
  -0.08229
  -0.08046
  -0.02337
   0.04978
   0.08873
   0.06674
  -0.00109
  -0.06817
  -0.08843
  -0.04796
   0.02546
   0.08139
   0.08142
   0.02553
  -0.04789
  -0.08842
  -0.06822
  -0.00116
   0.06669
   0.08874
   0.04984
  -0.02329
  -0.08043
  -0.08232
  -0.02768
   0.04598
   0.08806
   0.06965
   0.00341
  -0.06517
  -0.08899
  -0.05169
   0.02112
   0.07942
   0.08318
   0.02980
  -0.04404
  -0.08763
  -0.07104
  -0.00565
   0.06361
   0.08919
   0.05351
  -0.01892
  -0.07836
  -0.08398
  -0.03191
   0.04207
   0.08716
   0.07238
   0.00790
  -0.06201
  -0.08933
  -0.05529
   0.01672
   0.07725
   0.08472
   0.03400
  -0.04007
  -0.08662
  -0.07368
  -0.01013
   0.06038
   0.08942
   0.05704
  -0.01451
  -0.07610
  -0.08542
  -0.03607
   0.03805
   0.08604
   0.07493
   0.01236
  -0.05870
  -0.08944
