   0.08217
   0.06178
   0.03154
  -0.00373
  -0.03841
  -0.06696
  -0.08483
  -0.08916
  -0.07927
  -0.05673
  -0.02514
   0.01046
   0.04439
   0.07124
   0.08672
   0.08837
   0.07592
   0.05136
   0.01861
  -0.01712
  -0.05011
  -0.07511
  -0.08813
  -0.08708
  -0.07215
  -0.04570
  -0.01196
   0.02368
   0.05555
   0.07855
   0.08903
   0.08530
   0.06796
   0.03978
   0.00525
  -0.03011
  -0.06067
  -0.08155
  -0.08942
  -0.08303
  -0.06339
  -0.03363
   0.00149
   0.03637
   0.06545
   0.08409
   0.08931
   0.08029
   0.05845
   0.02729
  -0.00822
  -0.04242
  -0.06986
  -0.08614
  -0.08869
  -0.07709
  -0.05319
  -0.02080
   0.01491
   0.04823
   0.07386
   0.08771
   0.08757
   0.07345
   0.04762
   0.01419
  -0.02151
  -0.05377
  -0.07745
  -0.08878
  -0.08595
  -0.06940
  -0.04178
  -0.00750
   0.02798
   0.05900
   0.08060
   0.08935
   0.08384
   0.06495
   0.03570
   0.00076
  -0.03430
  -0.06390
  -0.08329
  -0.08940
  -0.08125
  -0.06013
  -0.02943
   0.00598
   0.04043
   0.06843
   0.08551
   0.08895
   0.07820
   0.05498
   0.02298
  -0.01268
  -0.04632
  -0.07257
  -0.08725
  -0.08800
  -0.07471
  -0.04951
  -0.01640
   0.01932
   0.05196
   0.07631
   0.08848
   0.08654
   0.07080
   0.04375
   0.00973
  -0.02584
  -0.05729
  -0.07960
  -0.08922
  -0.08459
  -0.06648
  -0.03775
  -0.00301
   0.03222
   0.06230
   0.08245
   0.08944
   0.08217
   0.06178
   0.03154
  -0.00373
  -0.03841
  -0.06696
  -0.08483
  -0.08916
  -0.07927
  -0.05673
  -0.02514
   0.01046
   0.04439
   0.07124
   0.08672
   0.08837
   0.07592
   0.05136
   0.01861
  -0.01712
  -0.05011
  -0.07511
  -0.08813
  -0.08708
  -0.07215
  -0.04570
  -0.01196
   0.02368
   0.05555
   0.07855
   0.08903
   0.08530
   0.06796
   0.03978
   0.00525
  -0.03011
  -0.06067
  -0.08155
  -0.08942
  -0.08303
  -0.06339
  -0.03363
   0.00149
   0.03637
   0.06545
   0.08409
   0.08931
   0.08029
   0.05845
   0.02729
  -0.00822
  -0.04242
  -0.06986
  -0.08614
  -0.08869
  -0.07709
  -0.05319
  -0.02080
   0.01491
   0.04823
   0.07386
   0.08771
   0.08757
   0.07345
   0.04762
   0.01419
  -0.02151
  -0.05377
  -0.07745
  -0.08878
  -0.08595
  -0.06940
  -0.04178
  -0.00750
   0.02798
   0.05900
   0.08060
   0.08935
   0.08384
   0.06495
   0.03570
   0.00076
  -0.03430
  -0.06390
  -0.08329
  -0.08940
  -0.08125
  -0.06013
  -0.02943
   0.00598
   0.04043
   0.06843
   0.08551
   0.08895
   0.07820
   0.05498
   0.02298
  -0.01268
  -0.04632
  -0.07257
  -0.08725
  -0.08800
  -0.07471
  -0.04951
  -0.01640
   0.01932
   0.05196
   0.07631
   0.08848
   0.08654
   0.07080
   0.04375
   0.00973
  -0.02584
  -0.05729
  -0.07960
  -0.08922
  -0.08459
  -0.06648
  -0.03775
  -0.00301
   0.03222
   0.06230
   0.08245
   0.08944
