   0.06528
   0.00574
  -0.05692
  -0.08872
  -0.07243
  -0.01688
   0.04782
   0.08660
   0.07844
   0.02776
  -0.03797
  -0.08312
  -0.08321
  -0.03819
   0.02752
   0.07832
   0.08666
   0.04803
  -0.01664
  -0.07229
  -0.08875
  -0.05711
   0.00549
   0.06512
   0.08944
   0.06528
   0.00574
  -0.05692
  -0.08872
  -0.07243
  -0.01688
   0.04782
   0.08660
   0.07844
   0.02776
  -0.03797
  -0.08312
  -0.08321
  -0.03819
   0.02752
   0.07832
   0.08666
   0.04803
  -0.01664
  -0.07229
  -0.08875
  -0.05711
   0.00549
   0.06512
   0.08944
   0.06528
   0.00574
  -0.05692
  -0.08872
  -0.07243
  -0.01688
   0.04782
   0.08660
   0.07844
   0.02776
  -0.03797
  -0.08312
  -0.08321
  -0.03819
   0.02752
   0.07832
   0.08666
   0.04803
  -0.01664
  -0.07229
  -0.08875
  -0.05711
   0.00549
   0.06512
   0.08944
   0.06528
   0.00574
  -0.05692
  -0.08872
  -0.07243
  -0.01688
   0.04782
   0.08660
   0.07844
   0.02776
  -0.03797
  -0.08312
  -0.08321
  -0.03819
   0.02752
   0.07832
   0.08666
   0.04803
  -0.01664
  -0.07229
  -0.08875
  -0.05711
   0.00549
   0.06512
   0.08944
   0.06528
   0.00574
  -0.05692
  -0.08872
  -0.07243
  -0.01688
   0.04782
   0.08660
   0.07844
   0.02776
  -0.03797
  -0.08312
  -0.08321
  -0.03819
   0.02752
   0.07832
   0.08666
   0.04803
  -0.01664
  -0.07229
  -0.08875
  -0.05711
   0.00549
   0.06512
   0.08944
   0.06528
   0.00574
  -0.05692
  -0.08872
  -0.07243
  -0.01688
   0.04782
   0.08660
   0.07844
   0.02776
  -0.03797
  -0.08312
  -0.08321
  -0.03819
   0.02752
   0.07832
   0.08666
   0.04803
  -0.01664
  -0.07229
  -0.08875
  -0.05711
   0.00549
   0.06512
   0.08944
   0.06528
   0.00574
  -0.05692
  -0.08872
  -0.07243
  -0.01688
   0.04782
   0.08660
   0.07844
   0.02776
  -0.03797
  -0.08312
  -0.08321
  -0.03819
   0.02752
   0.07832
   0.08666
   0.04803
  -0.01664
  -0.07229
  -0.08875
  -0.05711
   0.00549
   0.06512
   0.08944
   0.06528
   0.00574
  -0.05692
  -0.08872
  -0.07243
  -0.01688
   0.04782
   0.08660
   0.07844
   0.02776
  -0.03797
  -0.08312
  -0.08321
  -0.03819
   0.02752
   0.07832
   0.08666
   0.04803
  -0.01664
  -0.07229
  -0.08875
  -0.05711
   0.00549
   0.06512
   0.08944
   0.06528
   0.00574
  -0.05692
  -0.08872
  -0.07243
  -0.01688
   0.04782
   0.08660
   0.07844
   0.02776
  -0.03797
  -0.08312
  -0.08321
  -0.03819
   0.02752
   0.07832
   0.08666
   0.04803
  -0.01664
  -0.07229
  -0.08875
  -0.05711
   0.00549
   0.06512
   0.08944
   0.06528
   0.00574
  -0.05692
  -0.08872
  -0.07243
  -0.01688
   0.04782
   0.08660
   0.07844
   0.02776
  -0.03797
  -0.08312
  -0.08321
  -0.03819
   0.02752
   0.07832
   0.08666
   0.04803
  -0.01664
  -0.07229
  -0.08875
  -0.05711
   0.00549
   0.06512
   0.08944
