  -0.08561
  -0.07406
  -0.05582
  -0.03254
  -0.00632
   0.02046
   0.04540
   0.06624
   0.08111
   0.08865
   0.08818
   0.07976
   0.06414
   0.04273
   0.01746
  -0.00939
  -0.03539
  -0.05819
  -0.07574
  -0.08645
  -0.08936
  -0.08420
  -0.07145
  -0.05224
  -0.02831
  -0.00183
   0.02481
   0.04922
   0.06918
   0.08290
   0.08913
   0.08732
   0.07763
   0.06092
   0.03872
   0.01303
  -0.01385
  -0.03947
  -0.06153
  -0.07804
  -0.08750
  -0.08906
  -0.08258
  -0.06865
  -0.04852
  -0.02401
   0.00266
   0.02910
   0.05291
   0.07194
   0.08448
   0.08939
   0.08624
   0.07530
   0.05756
   0.03462
   0.00856
  -0.01827
  -0.04345
  -0.06471
  -0.08013
  -0.08832
  -0.08853
  -0.08075
  -0.06568
  -0.04469
  -0.01965
   0.00715
   0.03331
   0.05646
   0.07452
   0.08585
   0.08943
   0.08494
   0.07278
   0.05404
   0.03044
   0.00408
  -0.02265
  -0.04733
  -0.06773
  -0.08203
  -0.08892
  -0.08778
  -0.07872
  -0.06255
  -0.04074
  -0.01525
   0.01162
   0.03744
   0.05988
   0.07691
   0.08700
   0.08924
   0.08342
   0.07007
   0.05040
   0.02617
  -0.00041
  -0.02696
  -0.05108
  -0.07058
  -0.08372
  -0.08929
  -0.08681
  -0.07649
  -0.05926
  -0.03668
  -0.01080
   0.01606
   0.04147
   0.06314
   0.07911
   0.08794
   0.08882
   0.08169
   0.06719
   0.04662
   0.02184
  -0.00491
  -0.03121
  -0.05470
  -0.07325
  -0.08519
  -0.08944
  -0.08561
  -0.07406
  -0.05582
  -0.03254
  -0.00632
   0.02046
   0.04540
   0.06624
   0.08111
   0.08865
   0.08818
   0.07976
   0.06414
   0.04273
   0.01746
  -0.00939
  -0.03539
  -0.05819
  -0.07574
  -0.08645
  -0.08936
  -0.08420
  -0.07145
  -0.05224
  -0.02831
  -0.00183
   0.02481
   0.04922
   0.06918
   0.08290
   0.08913
   0.08732
   0.07763
   0.06092
   0.03872
   0.01303
  -0.01385
  -0.03947
  -0.06153
  -0.07804
  -0.08750
  -0.08906
  -0.08258
  -0.06865
  -0.04852
  -0.02401
   0.00266
   0.02910
   0.05291
   0.07194
   0.08448
   0.08939
   0.08624
   0.07530
   0.05756
   0.03462
   0.00856
  -0.01827
  -0.04345
  -0.06471
  -0.08013
  -0.08832
  -0.08853
  -0.08075
  -0.06568
  -0.04469
  -0.01965
   0.00715
   0.03331
   0.05646
   0.07452
   0.08585
   0.08943
   0.08494
   0.07278
   0.05404
   0.03044
   0.00408
  -0.02265
  -0.04733
  -0.06773
  -0.08203
  -0.08892
  -0.08778
  -0.07872
  -0.06255
  -0.04074
  -0.01525
   0.01162
   0.03744
   0.05988
   0.07691
   0.08700
   0.08924
   0.08342
   0.07007
   0.05040
   0.02617
  -0.00041
  -0.02696
  -0.05108
  -0.07058
  -0.08372
  -0.08929
  -0.08681
  -0.07649
  -0.05926
  -0.03668
  -0.01080
   0.01606
   0.04147
   0.06314
   0.07911
   0.08794
   0.08882
   0.08169
   0.06719
   0.04662
   0.02184
  -0.00491
  -0.03121
  -0.05470
  -0.07325
  -0.08519
  -0.08944
