  -0.06609
  -0.00467
   0.05943
   0.08925
   0.06758
   0.00692
  -0.05774
  -0.08908
  -0.06903
  -0.00916
   0.05600
   0.08885
   0.07044
   0.01139
  -0.05423
  -0.08856
  -0.07180
  -0.01362
   0.05243
   0.08822
   0.07312
   0.01583
  -0.05059
  -0.08782
  -0.07439
  -0.01804
   0.04872
   0.08737
   0.07562
   0.02024
  -0.04682
  -0.08686
  -0.07679
  -0.02242
   0.04489
   0.08630
   0.07792
   0.02459
  -0.04293
  -0.08568
  -0.07900
  -0.02674
   0.04095
   0.08501
   0.08003
   0.02888
  -0.03893
  -0.08428
  -0.08101
  -0.03100
   0.03690
   0.08350
   0.08193
   0.03309
  -0.03484
  -0.08267
  -0.08281
  -0.03517
   0.03276
   0.08179
   0.08363
   0.03723
  -0.03066
  -0.08085
  -0.08440
  -0.03926
   0.02853
   0.07987
   0.08512
   0.04127
  -0.02640
  -0.07883
  -0.08578
  -0.04325
   0.02424
   0.07774
   0.08639
   0.04520
  -0.02207
  -0.07661
  -0.08695
  -0.04713
   0.01988
   0.07542
   0.08745
   0.04902
  -0.01769
  -0.07419
  -0.08789
  -0.05089
   0.01548
   0.07291
   0.08828
   0.05272
  -0.01326
  -0.07159
  -0.08861
  -0.05452
   0.01103
   0.07022
   0.08889
   0.05628
  -0.00880
  -0.06880
  -0.08911
  -0.05801
   0.00656
   0.06734
   0.08928
   0.05970
  -0.00431
  -0.06584
  -0.08939
  -0.06136
   0.00207
   0.06430
   0.08944
   0.06298
   0.00018
  -0.06272
  -0.08943
  -0.06455
  -0.00243
   0.06110
   0.08937
   0.06609
   0.00467
  -0.05943
  -0.08925
  -0.06758
  -0.00692
   0.05774
   0.08908
   0.06903
   0.00916
  -0.05600
  -0.08885
  -0.07044
  -0.01139
   0.05423
   0.08856
   0.07180
   0.01362
  -0.05243
  -0.08822
  -0.07312
  -0.01583
   0.05059
   0.08782
   0.07439
   0.01804
  -0.04872
  -0.08737
  -0.07562
  -0.02024
   0.04682
   0.08686
   0.07679
   0.02242
  -0.04489
  -0.08630
  -0.07792
  -0.02459
   0.04293
   0.08568
   0.07900
   0.02674
  -0.04095
  -0.08501
  -0.08003
  -0.02888
   0.03893
   0.08428
   0.08101
   0.03100
  -0.03690
  -0.08350
  -0.08193
  -0.03309
   0.03484
   0.08267
   0.08281
   0.03517
  -0.03276
  -0.08179
  -0.08363
  -0.03723
   0.03066
   0.08085
   0.08440
   0.03926
  -0.02853
  -0.07987
  -0.08512
  -0.04127
   0.02640
   0.07883
   0.08578
   0.04325
  -0.02424
  -0.07774
  -0.08639
  -0.04520
   0.02207
   0.07661
   0.08695
   0.04713
  -0.01988
  -0.07542
  -0.08745
  -0.04902
   0.01769
   0.07419
   0.08789
   0.05089
  -0.01548
  -0.07291
  -0.08828
  -0.05272
   0.01326
   0.07159
   0.08861
   0.05452
  -0.01103
  -0.07022
  -0.08889
  -0.05628
   0.00880
   0.06880
   0.08911
   0.05801
  -0.00656
  -0.06734
  -0.08928
  -0.05970
   0.00431
   0.06584
   0.08939
   0.06136
  -0.00207
  -0.06430
  -0.08944
  -0.06298
  -0.00018
   0.06272
   0.08943
   0.06455
   0.00243
  -0.06110
  -0.08937
