   0.07372
  -0.08467
   0.02753
   0.05175
  -0.08942
   0.05517
   0.02344
  -0.08320
   0.07606
  -0.00774
  -0.06679
   0.08762
  -0.03798
  -0.04220
   0.08844
  -0.06356
  -0.01244
   0.07843
  -0.08136
   0.01885
   0.05881
  -0.08918
   0.04783
   0.03198
  -0.08608
   0.07095
   0.00124
  -0.07243
   0.08537
  -0.02966
  -0.04990
   0.08934
  -0.05693
  -0.02126
   0.08235
  -0.07721
   0.00998
   0.06528
  -0.08804
   0.04000
   0.04021
  -0.08808
   0.06512
   0.01021
  -0.07733
   0.08226
  -0.02104
  -0.05710
   0.08932
  -0.04971
  -0.02988
   0.08544
  -0.07229
   0.00101
   0.07109
  -0.08602
   0.03177
   0.04802
  -0.08920
   0.05864
   0.01907
  -0.08145
   0.07832
  -0.01221
  -0.06372
   0.08841
  -0.04200
  -0.03819
   0.08766
  -0.06664
  -0.00797
   0.07617
  -0.08312
   0.02322
   0.05535
  -0.08941
   0.05157
   0.02775
  -0.08475
   0.07359
  -0.00326
  -0.06970
   0.08660
  -0.03386
  -0.04611
   0.08900
  -0.06032
  -0.01687
   0.08049
  -0.07939
   0.01443
   0.06212
  -0.08872
   0.04397
   0.03614
  -0.08719
   0.06812
   0.00573
  -0.07497
   0.08392
  -0.02538
  -0.05357
   0.08944
  -0.05339
  -0.02560
   0.08400
  -0.07485
   0.00550
   0.06827
  -0.08714
   0.03593
   0.04417
  -0.08875
   0.06196
   0.01466
  -0.07949
   0.08040
  -0.01665
  -0.06049
   0.08898
  -0.04592
  -0.03407
   0.08666
  -0.06956
  -0.00348
   0.07372
  -0.08467
   0.02753
   0.05175
  -0.08942
   0.05517
   0.02344
  -0.08320
   0.07606
  -0.00774
  -0.06679
   0.08762
  -0.03798
  -0.04220
   0.08844
  -0.06356
  -0.01244
   0.07843
  -0.08136
   0.01885
   0.05881
  -0.08918
   0.04783
   0.03198
  -0.08608
   0.07095
   0.00124
  -0.07243
   0.08537
  -0.02966
  -0.04990
   0.08934
  -0.05693
  -0.02126
   0.08235
  -0.07721
   0.00998
   0.06528
  -0.08804
   0.04000
   0.04021
  -0.08808
   0.06512
   0.01021
  -0.07733
   0.08226
  -0.02104
  -0.05710
   0.08932
  -0.04971
  -0.02988
   0.08544
  -0.07229
   0.00101
   0.07109
  -0.08602
   0.03177
   0.04802
  -0.08920
   0.05864
   0.01907
  -0.08145
   0.07832
  -0.01221
  -0.06372
   0.08841
  -0.04200
  -0.03819
   0.08766
  -0.06664
  -0.00797
   0.07617
  -0.08312
   0.02322
   0.05535
  -0.08941
   0.05157
   0.02775
  -0.08475
   0.07359
  -0.00326
  -0.06970
   0.08660
  -0.03386
  -0.04611
   0.08900
  -0.06032
  -0.01687
   0.08049
  -0.07939
   0.01443
   0.06212
  -0.08872
   0.04397
   0.03614
  -0.08719
   0.06812
   0.00573
  -0.07497
   0.08392
  -0.02538
  -0.05357
   0.08944
  -0.05339
  -0.02560
   0.08400
  -0.07485
   0.00550
   0.06827
  -0.08714
   0.03593
   0.04417
  -0.08875
   0.06196
   0.01466
  -0.07949
   0.08040
  -0.01665
  -0.06049
   0.08898
  -0.04592
  -0.03407
   0.08666
  -0.06956
  -0.00348
