  -0.05517
   0.08804
  -0.07618
   0.02561
   0.03798
  -0.08226
   0.08475
  -0.04417
  -0.01885
   0.07229
  -0.08900
   0.06049
  -0.00124
  -0.05864
   0.08872
  -0.07373
   0.02127
   0.04200
  -0.08392
   0.08321
  -0.04021
  -0.02322
   0.07485
  -0.08845
   0.05710
   0.00325
  -0.06196
   0.08918
  -0.07109
   0.01688
   0.04591
  -0.08537
   0.08145
  -0.03614
  -0.02753
   0.07721
  -0.08766
   0.05357
   0.00774
  -0.06512
   0.08941
  -0.06827
   0.01244
   0.04971
  -0.08660
   0.07949
  -0.03199
  -0.03177
   0.07938
  -0.08666
   0.04991
   0.01221
  -0.06812
   0.08942
  -0.06528
   0.00798
   0.05338
  -0.08762
   0.07733
  -0.02775
  -0.03593
   0.08135
  -0.08544
   0.04611
   0.01664
  -0.07094
   0.08920
  -0.06213
   0.00349
   0.05692
  -0.08841
   0.07498
  -0.02344
  -0.04000
   0.08312
  -0.08400
   0.04221
   0.02104
  -0.07359
   0.08875
  -0.05882
  -0.00101
   0.06032
  -0.08898
   0.07243
  -0.01908
  -0.04397
   0.08467
  -0.08235
   0.03819
   0.02538
  -0.07605
   0.08808
  -0.05536
  -0.00550
   0.06356
  -0.08932
   0.06970
  -0.01466
  -0.04783
   0.08601
  -0.08050
   0.03408
   0.02966
  -0.07832
   0.08719
  -0.05176
  -0.00998
   0.06664
  -0.08944
   0.06680
  -0.01021
  -0.05156
   0.08714
  -0.07844
   0.02988
   0.03386
  -0.08039
   0.08608
  -0.04803
  -0.01443
   0.06955
  -0.08934
   0.06372
  -0.00573
  -0.05517
   0.08804
  -0.07618
   0.02561
   0.03798
  -0.08226
   0.08475
  -0.04417
  -0.01885
   0.07229
  -0.08900
   0.06049
  -0.00124
  -0.05864
   0.08872
  -0.07373
   0.02127
   0.04200
  -0.08392
   0.08321
  -0.04021
  -0.02322
   0.07485
  -0.08845
   0.05710
   0.00325
  -0.06196
   0.08918
  -0.07109
   0.01688
   0.04591
  -0.08537
   0.08145
  -0.03614
  -0.02753
   0.07721
  -0.08766
   0.05357
   0.00774
  -0.06512
   0.08941
  -0.06827
   0.01244
   0.04971
  -0.08660
   0.07949
  -0.03199
  -0.03177
   0.07938
  -0.08666
   0.04991
   0.01221
  -0.06812
   0.08942
  -0.06528
   0.00798
   0.05338
  -0.08762
   0.07733
  -0.02775
  -0.03593
   0.08135
  -0.08544
   0.04611
   0.01664
  -0.07094
   0.08920
  -0.06213
   0.00349
   0.05692
  -0.08841
   0.07498
  -0.02344
  -0.04000
   0.08312
  -0.08400
   0.04221
   0.02104
  -0.07359
   0.08875
  -0.05882
  -0.00101
   0.06032
  -0.08898
   0.07243
  -0.01908
  -0.04397
   0.08467
  -0.08235
   0.03819
   0.02538
  -0.07605
   0.08808
  -0.05536
  -0.00550
   0.06356
  -0.08932
   0.06970
  -0.01466
  -0.04783
   0.08601
  -0.08050
   0.03408
   0.02966
  -0.07832
   0.08719
  -0.05176
  -0.00998
   0.06664
  -0.08944
   0.06680
  -0.01021
  -0.05156
   0.08714
  -0.07844
   0.02988
   0.03386
  -0.08039
   0.08608
  -0.04803
  -0.01443
   0.06955
  -0.08934
   0.06372
  -0.00573
