   0.01192
  -0.08895
   0.03015
   0.07469
  -0.06548
  -0.04372
   0.08616
   0.00297
  -0.08756
   0.03845
   0.06937
  -0.07126
  -0.03567
   0.08813
  -0.00602
  -0.08528
   0.04636
   0.06336
  -0.07633
  -0.02725
   0.08922
  -0.01495
  -0.08215
   0.05380
   0.05670
  -0.08062
  -0.01857
   0.08940
  -0.02372
  -0.07818
   0.06070
   0.04947
  -0.08410
  -0.00969
   0.08869
  -0.03226
  -0.07343
   0.06699
   0.04174
  -0.08673
  -0.00072
   0.08707
  -0.04047
  -0.06793
   0.07260
   0.03359
  -0.08849
   0.00826
   0.08458
  -0.04827
  -0.06175
   0.07747
   0.02510
  -0.08935
   0.01716
   0.08123
  -0.05558
  -0.05494
   0.08157
   0.01636
  -0.08931
   0.02588
   0.07707
  -0.06233
  -0.04758
   0.08484
   0.00745
  -0.08837
   0.03434
   0.07212
  -0.06846
  -0.03974
   0.08725
  -0.00153
  -0.08653
   0.04246
   0.06645
  -0.07389
  -0.03150
   0.08879
  -0.01050
  -0.08382
   0.05014
   0.06010
  -0.07857
  -0.02294
   0.08942
  -0.01936
  -0.08027
   0.05732
   0.05315
  -0.08247
  -0.01415
   0.08916
  -0.02802
  -0.07590
   0.06393
   0.04567
  -0.08552
  -0.00521
   0.08799
  -0.03641
  -0.07077
   0.06988
   0.03772
  -0.08772
   0.00378
   0.08594
  -0.04442
  -0.06492
   0.07513
   0.02939
  -0.08903
   0.01272
   0.08301
  -0.05199
  -0.05842
   0.07962
   0.02076
  -0.08944
   0.02155
   0.07925
  -0.05903
  -0.05133
   0.08331
   0.01192
  -0.08895
   0.03015
   0.07469
  -0.06548
  -0.04372
   0.08616
   0.00297
  -0.08756
   0.03845
   0.06937
  -0.07126
  -0.03567
   0.08813
  -0.00602
  -0.08528
   0.04636
   0.06336
  -0.07633
  -0.02725
   0.08922
  -0.01495
  -0.08215
   0.05380
   0.05670
  -0.08062
  -0.01857
   0.08940
  -0.02372
  -0.07818
   0.06070
   0.04947
  -0.08410
  -0.00969
   0.08869
  -0.03226
  -0.07343
   0.06699
   0.04174
  -0.08673
  -0.00072
   0.08707
  -0.04047
  -0.06793
   0.07260
   0.03359
  -0.08849
   0.00826
   0.08458
  -0.04827
  -0.06175
   0.07747
   0.02510
  -0.08935
   0.01716
   0.08123
  -0.05558
  -0.05494
   0.08157
   0.01636
  -0.08931
   0.02588
   0.07707
  -0.06233
  -0.04758
   0.08484
   0.00745
  -0.08837
   0.03434
   0.07212
  -0.06846
  -0.03974
   0.08725
  -0.00153
  -0.08653
   0.04246
   0.06645
  -0.07389
  -0.03150
   0.08879
  -0.01050
  -0.08382
   0.05014
   0.06010
  -0.07857
  -0.02294
   0.08942
  -0.01936
  -0.08027
   0.05732
   0.05315
  -0.08247
  -0.01415
   0.08916
  -0.02802
  -0.07590
   0.06393
   0.04567
  -0.08552
  -0.00521
   0.08799
  -0.03641
  -0.07077
   0.06988
   0.03772
  -0.08772
   0.00378
   0.08594
  -0.04442
  -0.06492
   0.07513
   0.02939
  -0.08903
   0.01272
   0.08301
  -0.05199
  -0.05842
   0.07962
   0.02076
  -0.08944
   0.02155
   0.07925
  -0.05903
  -0.05133
   0.08331
