  -0.08807
  -0.02761
   0.08046
   0.04979
  -0.06674
  -0.06818
   0.04795
   0.08139
  -0.02552
  -0.08842
   0.00115
   0.08874
   0.02330
  -0.08232
  -0.04599
   0.06964
   0.06518
  -0.05168
  -0.07942
   0.02979
   0.08764
  -0.00564
  -0.08919
  -0.01894
   0.08397
   0.04208
  -0.07238
  -0.06202
   0.05528
   0.07726
  -0.03399
  -0.08663
   0.01012
   0.08942
   0.01452
  -0.08541
  -0.03806
   0.07493
   0.05871
  -0.05875
  -0.07490
   0.03811
   0.08540
  -0.01457
  -0.08941
  -0.01007
   0.08664
   0.03394
  -0.07729
  -0.05524
   0.06206
   0.07234
  -0.04212
  -0.08395
   0.01899
   0.08919
   0.00559
  -0.08765
  -0.02974
   0.07945
   0.05164
  -0.06522
  -0.06961
   0.04604
   0.08230
  -0.02336
  -0.08873
  -0.00110
   0.08843
   0.02547
  -0.08141
  -0.04790
   0.06821
   0.06670
  -0.04983
  -0.08043
   0.02766
   0.08806
  -0.00340
  -0.08899
  -0.02113
   0.08317
   0.04405
  -0.07103
  -0.06362
   0.05350
   0.07837
  -0.03190
  -0.08716
   0.00788
   0.08933
   0.01673
  -0.08472
  -0.04008
   0.07367
   0.06038
  -0.05703
  -0.07610
   0.03606
   0.08604
  -0.01235
  -0.08944
  -0.01230
   0.08605
   0.03601
  -0.07613
  -0.05699
   0.06042
   0.07364
  -0.04013
  -0.08470
   0.01679
   0.08933
   0.00783
  -0.08717
  -0.03185
   0.07839
   0.05346
  -0.06366
  -0.07100
   0.04409
   0.08315
  -0.02118
  -0.08899
  -0.00334
   0.08807
   0.02761
  -0.08046
  -0.04979
   0.06674
   0.06818
  -0.04795
  -0.08139
   0.02552
   0.08842
  -0.00115
  -0.08874
  -0.02330
   0.08232
   0.04599
  -0.06964
  -0.06518
   0.05168
   0.07942
  -0.02979
  -0.08764
   0.00564
   0.08919
   0.01894
  -0.08397
  -0.04208
   0.07238
   0.06202
  -0.05528
  -0.07726
   0.03399
   0.08663
  -0.01012
  -0.08942
  -0.01452
   0.08541
   0.03806
  -0.07493
  -0.05871
   0.05875
   0.07490
  -0.03811
  -0.08540
   0.01457
   0.08941
   0.01007
  -0.08664
  -0.03394
   0.07729
   0.05524
  -0.06206
  -0.07234
   0.04212
   0.08395
  -0.01899
  -0.08919
  -0.00559
   0.08765
   0.02974
  -0.07945
  -0.05164
   0.06522
   0.06961
  -0.04604
  -0.08230
   0.02336
   0.08873
   0.00110
  -0.08843
  -0.02547
   0.08141
   0.04790
  -0.06821
  -0.06670
   0.04983
   0.08043
  -0.02766
  -0.08806
   0.00340
   0.08899
   0.02113
  -0.08317
  -0.04405
   0.07103
   0.06362
  -0.05350
  -0.07837
   0.03190
   0.08716
  -0.00788
  -0.08933
  -0.01673
   0.08472
   0.04008
  -0.07367
  -0.06038
   0.05703
   0.07610
  -0.03606
  -0.08604
   0.01235
   0.08944
   0.01230
  -0.08605
  -0.03601
   0.07613
   0.05699
  -0.06042
  -0.07364
   0.04013
   0.08470
  -0.01679
  -0.08933
  -0.00783
   0.08717
   0.03185
  -0.07839
  -0.05346
   0.06366
   0.07100
  -0.04409
  -0.08315
   0.02118
   0.08899
   0.00334
