  -0.07271
   0.01734
   0.04743
  -0.08648
   0.07866
  -0.02820
  -0.03755
   0.08294
  -0.08338
   0.03862
   0.02708
  -0.07809
   0.08678
  -0.04842
  -0.01618
   0.07201
  -0.08881
   0.05747
   0.00503
  -0.06479
   0.08944
  -0.06560
   0.00621
   0.05656
  -0.08866
   0.07271
  -0.01734
  -0.04743
   0.08648
  -0.07866
   0.02820
   0.03755
  -0.08294
   0.08338
  -0.03862
  -0.02708
   0.07809
  -0.08678
   0.04842
   0.01618
  -0.07201
   0.08881
  -0.05747
  -0.00503
   0.06479
  -0.08944
   0.06560
  -0.00621
  -0.05656
   0.08866
  -0.07271
   0.01734
   0.04743
  -0.08648
   0.07866
  -0.02820
  -0.03755
   0.08294
  -0.08338
   0.03862
   0.02708
  -0.07809
   0.08678
  -0.04842
  -0.01618
   0.07201
  -0.08881
   0.05747
   0.00503
  -0.06479
   0.08944
  -0.06560
   0.00621
   0.05656
  -0.08866
   0.07271
  -0.01734
  -0.04743
   0.08648
  -0.07866
   0.02820
   0.03755
  -0.08294
   0.08338
  -0.03862
  -0.02708
   0.07809
  -0.08678
   0.04842
   0.01618
  -0.07201
   0.08881
  -0.05747
  -0.00503
   0.06479
  -0.08944
   0.06560
  -0.00621
  -0.05656
   0.08866
  -0.07271
   0.01734
   0.04743
  -0.08648
   0.07866
  -0.02820
  -0.03755
   0.08294
  -0.08338
   0.03862
   0.02708
  -0.07809
   0.08678
  -0.04842
  -0.01618
   0.07201
  -0.08881
   0.05747
   0.00503
  -0.06479
   0.08944
  -0.06560
   0.00621
   0.05656
  -0.08866
   0.07271
  -0.01734
  -0.04743
   0.08648
  -0.07866
   0.02820
   0.03755
  -0.08294
   0.08338
  -0.03862
  -0.02708
   0.07809
  -0.08678
   0.04842
   0.01618
  -0.07201
   0.08881
  -0.05747
  -0.00503
   0.06479
  -0.08944
   0.06560
  -0.00621
  -0.05656
   0.08866
  -0.07271
   0.01734
   0.04743
  -0.08648
   0.07866
  -0.02820
  -0.03755
   0.08294
  -0.08338
   0.03862
   0.02708
  -0.07809
   0.08678
  -0.04842
  -0.01618
   0.07201
  -0.08881
   0.05747
   0.00503
  -0.06479
   0.08944
  -0.06560
   0.00621
   0.05656
  -0.08866
   0.07271
  -0.01734
  -0.04743
   0.08648
  -0.07866
   0.02820
   0.03755
  -0.08294
   0.08338
  -0.03862
  -0.02708
   0.07809
  -0.08678
   0.04842
   0.01618
  -0.07201
   0.08881
  -0.05747
  -0.00503
   0.06479
  -0.08944
   0.06560
  -0.00621
  -0.05656
   0.08866
  -0.07271
   0.01734
   0.04743
  -0.08648
   0.07866
  -0.02820
  -0.03755
   0.08294
  -0.08338
   0.03862
   0.02708
  -0.07809
   0.08678
  -0.04842
  -0.01618
   0.07201
  -0.08881
   0.05747
   0.00503
  -0.06479
   0.08944
  -0.06560
   0.00621
   0.05656
  -0.08866
   0.07271
  -0.01734
  -0.04743
   0.08648
  -0.07866
   0.02820
   0.03755
  -0.08294
   0.08338
  -0.03862
  -0.02708
   0.07809
  -0.08678
   0.04842
   0.01618
  -0.07201
   0.08881
  -0.05747
  -0.00503
   0.06479
  -0.08944
   0.06560
  -0.00621
  -0.05656
   0.08866
