  -0.07324
  -0.08624
  -0.03670
   0.03945
   0.08700
   0.07146
   0.00410
  -0.06623
  -0.08853
  -0.04664
   0.02908
   0.08371
   0.07764
   0.01526
  -0.05818
  -0.08943
  -0.05583
   0.01825
   0.07910
   0.08259
   0.02619
  -0.04920
  -0.08892
  -0.06415
   0.00713
   0.07324
   0.08624
   0.03670
  -0.03945
  -0.08700
  -0.07146
  -0.00410
   0.06623
   0.08853
   0.04664
  -0.02908
  -0.08371
  -0.07764
  -0.01526
   0.05818
   0.08943
   0.05583
  -0.01825
  -0.07910
  -0.08259
  -0.02619
   0.04920
   0.08892
   0.06415
  -0.00713
  -0.07324
  -0.08624
  -0.03670
   0.03945
   0.08700
   0.07146
   0.00410
  -0.06623
  -0.08853
  -0.04664
   0.02908
   0.08371
   0.07764
   0.01526
  -0.05818
  -0.08943
  -0.05583
   0.01825
   0.07910
   0.08259
   0.02619
  -0.04920
  -0.08892
  -0.06415
   0.00713
   0.07324
   0.08624
   0.03670
  -0.03945
  -0.08700
  -0.07146
  -0.00410
   0.06623
   0.08853
   0.04664
  -0.02908
  -0.08371
  -0.07764
  -0.01526
   0.05818
   0.08943
   0.05583
  -0.01825
  -0.07910
  -0.08259
  -0.02619
   0.04920
   0.08892
   0.06415
  -0.00713
  -0.07324
  -0.08624
  -0.03670
   0.03945
   0.08700
   0.07146
   0.00410
  -0.06623
  -0.08853
  -0.04664
   0.02908
   0.08371
   0.07764
   0.01526
  -0.05818
  -0.08943
  -0.05583
   0.01825
   0.07910
   0.08259
   0.02619
  -0.04920
  -0.08892
  -0.06415
   0.00713
   0.07324
   0.08624
   0.03670
  -0.03945
  -0.08700
  -0.07146
  -0.00410
   0.06623
   0.08853
   0.04664
  -0.02908
  -0.08371
  -0.07764
  -0.01526
   0.05818
   0.08943
   0.05583
  -0.01825
  -0.07910
  -0.08259
  -0.02619
   0.04920
   0.08892
   0.06415
  -0.00713
  -0.07324
  -0.08624
  -0.03670
   0.03945
   0.08700
   0.07146
   0.00410
  -0.06623
  -0.08853
  -0.04664
   0.02908
   0.08371
   0.07764
   0.01526
  -0.05818
  -0.08943
  -0.05583
   0.01825
   0.07910
   0.08259
   0.02619
  -0.04920
  -0.08892
  -0.06415
   0.00713
   0.07324
   0.08624
   0.03670
  -0.03945
  -0.08700
  -0.07146
  -0.00410
   0.06623
   0.08853
   0.04664
  -0.02908
  -0.08371
  -0.07764
  -0.01526
   0.05818
   0.08943
   0.05583
  -0.01825
  -0.07910
  -0.08259
  -0.02619
   0.04920
   0.08892
   0.06415
  -0.00713
  -0.07324
  -0.08624
  -0.03670
   0.03945
   0.08700
   0.07146
   0.00410
  -0.06623
  -0.08853
  -0.04664
   0.02908
   0.08371
   0.07764
   0.01526
  -0.05818
  -0.08943
  -0.05583
   0.01825
   0.07910
   0.08259
   0.02619
  -0.04920
  -0.08892
  -0.06415
   0.00713
   0.07324
   0.08624
   0.03670
  -0.03945
  -0.08700
  -0.07146
  -0.00410
   0.06623
   0.08853
   0.04664
  -0.02908
  -0.08371
  -0.07764
  -0.01526
   0.05818
   0.08943
   0.05583
  -0.01825
  -0.07910
  -0.08259
  -0.02619
   0.04920
   0.08892
   0.06415
  -0.00713
