  -0.07966
  -0.05206
  -0.01282
   0.02930
   0.06486
   0.08591
   0.08774
   0.06994
   0.03649
  -0.00512
  -0.04559
  -0.07585
  -0.08915
  -0.08250
  -0.05739
  -0.01945
   0.02285
   0.06004
   0.08379
   0.08880
   0.07394
   0.04254
   0.00162
  -0.03966
  -0.07207
  -0.08835
  -0.08487
  -0.06240
  -0.02597
   0.01627
   0.05487
   0.08120
   0.08935
   0.07752
   0.04834
   0.00835
  -0.03351
  -0.06787
  -0.08705
  -0.08675
  -0.06705
  -0.03234
   0.00960
   0.04940
   0.07814
   0.08940
   0.08066
   0.05388
   0.01504
  -0.02717
  -0.06329
  -0.08526
  -0.08815
  -0.07132
  -0.03853
   0.00288
   0.04364
   0.07464
   0.08894
   0.08334
   0.05910
   0.02163
  -0.02067
  -0.05835
  -0.08298
  -0.08904
  -0.07518
  -0.04450
  -0.00387
   0.03763
   0.07071
   0.08797
   0.08555
   0.06399
   0.02811
  -0.01406
  -0.05308
  -0.08023
  -0.08943
  -0.07862
  -0.05022
  -0.01059
   0.03141
   0.06639
   0.08651
   0.08727
   0.06851
   0.03443
  -0.00736
  -0.04751
  -0.07702
  -0.08930
  -0.08161
  -0.05565
  -0.01725
   0.02502
   0.06168
   0.08455
   0.08850
   0.07265
   0.04055
  -0.00063
  -0.04166
  -0.07338
  -0.08867
  -0.08413
  -0.06077
  -0.02381
   0.01848
   0.05663
   0.08211
   0.08922
   0.07637
   0.04644
   0.00611
  -0.03558
  -0.06932
  -0.08754
  -0.08618
  -0.06554
  -0.03024
   0.01183
   0.05125
   0.07921
   0.08944
   0.07966
   0.05206
   0.01282
  -0.02930
  -0.06486
  -0.08591
  -0.08774
  -0.06994
  -0.03649
   0.00512
   0.04559
   0.07585
   0.08915
   0.08250
   0.05739
   0.01945
  -0.02285
  -0.06004
  -0.08379
  -0.08880
  -0.07394
  -0.04254
  -0.00162
   0.03966
   0.07207
   0.08835
   0.08487
   0.06240
   0.02597
  -0.01627
  -0.05487
  -0.08120
  -0.08935
  -0.07752
  -0.04834
  -0.00835
   0.03351
   0.06787
   0.08705
   0.08675
   0.06705
   0.03234
  -0.00960
  -0.04940
  -0.07814
  -0.08940
  -0.08066
  -0.05388
  -0.01504
   0.02717
   0.06329
   0.08526
   0.08815
   0.07132
   0.03853
  -0.00288
  -0.04364
  -0.07464
  -0.08894
  -0.08334
  -0.05910
  -0.02163
   0.02067
   0.05835
   0.08298
   0.08904
   0.07518
   0.04450
   0.00387
  -0.03763
  -0.07071
  -0.08797
  -0.08555
  -0.06399
  -0.02811
   0.01406
   0.05308
   0.08023
   0.08943
   0.07862
   0.05022
   0.01059
  -0.03141
  -0.06639
  -0.08651
  -0.08727
  -0.06851
  -0.03443
   0.00736
   0.04751
   0.07702
   0.08930
   0.08161
   0.05565
   0.01725
  -0.02502
  -0.06168
  -0.08455
  -0.08850
  -0.07265
  -0.04055
   0.00063
   0.04166
   0.07338
   0.08867
   0.08413
   0.06077
   0.02381
  -0.01848
  -0.05663
  -0.08211
  -0.08922
  -0.07637
  -0.04644
  -0.00611
   0.03558
   0.06932
   0.08754
   0.08618
   0.06554
   0.03024
  -0.01183
  -0.05125
  -0.07921
  -0.08944
