   0.08838
   0.08531
   0.08031
   0.07348
   0.06499
   0.05502
   0.04380
   0.03158
   0.01866
   0.00530
  -0.00817
  -0.02146
  -0.03426
  -0.04628
  -0.05725
  -0.06693
  -0.07508
  -0.08153
  -0.08613
  -0.08878
  -0.08941
  -0.08801
  -0.08461
  -0.07929
  -0.07218
  -0.06342
  -0.05323
  -0.04182
  -0.02947
  -0.01645
  -0.00306
   0.01041
   0.02363
   0.03632
   0.04819
   0.05896
   0.06840
   0.07628
   0.08243
   0.08671
   0.08902
   0.08931
   0.08758
   0.08385
   0.07823
   0.07083
   0.06182
   0.05140
   0.03982
   0.02734
   0.01424
   0.00081
  -0.01264
  -0.02579
  -0.03837
  -0.05007
  -0.06064
  -0.06982
  -0.07743
  -0.08328
  -0.08723
  -0.08921
  -0.08916
  -0.08709
  -0.08305
  -0.07711
  -0.06943
  -0.06017
  -0.04955
  -0.03780
  -0.02519
  -0.01201
   0.00144
   0.01486
   0.02794
   0.04039
   0.05192
   0.06227
   0.07121
   0.07853
   0.08407
   0.08770
   0.08934
   0.08896
   0.08655
   0.08218
   0.07595
   0.06799
   0.05849
   0.04766
   0.03575
   0.02303
   0.00978
  -0.00369
  -0.01707
  -0.03006
  -0.04238
  -0.05373
  -0.06386
  -0.07254
  -0.07958
  -0.08481
  -0.08812
  -0.08942
  -0.08870
  -0.08596
  -0.08127
  -0.07474
  -0.06651
  -0.05677
  -0.04574
  -0.03368
  -0.02085
  -0.00754
   0.00593
   0.01927
   0.03217
   0.04434
   0.05551
   0.06542
   0.07384
   0.08058
   0.08550
   0.08847
   0.08944
   0.08838
   0.08531
   0.08031
   0.07348
   0.06499
   0.05502
   0.04380
   0.03158
   0.01866
   0.00530
  -0.00817
  -0.02146
  -0.03426
  -0.04628
  -0.05725
  -0.06693
  -0.07508
  -0.08153
  -0.08613
  -0.08878
  -0.08941
  -0.08801
  -0.08461
  -0.07929
  -0.07218
  -0.06342
  -0.05323
  -0.04182
  -0.02947
  -0.01645
  -0.00306
   0.01041
   0.02363
   0.03632
   0.04819
   0.05896
   0.06840
   0.07628
   0.08243
   0.08671
   0.08902
   0.08931
   0.08758
   0.08385
   0.07823
   0.07083
   0.06182
   0.05140
   0.03982
   0.02734
   0.01424
   0.00081
  -0.01264
  -0.02579
  -0.03837
  -0.05007
  -0.06064
  -0.06982
  -0.07743
  -0.08328
  -0.08723
  -0.08921
  -0.08916
  -0.08709
  -0.08305
  -0.07711
  -0.06943
  -0.06017
  -0.04955
  -0.03780
  -0.02519
  -0.01201
   0.00144
   0.01486
   0.02794
   0.04039
   0.05192
   0.06227
   0.07121
   0.07853
   0.08407
   0.08770
   0.08934
   0.08896
   0.08655
   0.08218
   0.07595
   0.06799
   0.05849
   0.04766
   0.03575
   0.02303
   0.00978
  -0.00369
  -0.01707
  -0.03006
  -0.04238
  -0.05373
  -0.06386
  -0.07254
  -0.07958
  -0.08481
  -0.08812
  -0.08942
  -0.08870
  -0.08596
  -0.08127
  -0.07474
  -0.06651
  -0.05677
  -0.04574
  -0.03368
  -0.02085
  -0.00754
   0.00593
   0.01927
   0.03217
   0.04434
   0.05551
   0.06542
   0.07384
   0.08058
   0.08550
   0.08847
   0.08944
