  -0.07405
  -0.02183
   0.04148
   0.08372
   0.08342
   0.04073
  -0.02266
  -0.07453
  -0.08853
  -0.05755
   0.00267
   0.06154
   0.08913
   0.07144
   0.01744
  -0.04541
  -0.08520
  -0.08169
  -0.03667
   0.02697
   0.07692
   0.08778
   0.05404
  -0.00716
  -0.06472
  -0.08939
  -0.06864
  -0.01302
   0.04923
   0.08646
   0.07976
   0.03253
  -0.03123
  -0.07911
  -0.08680
  -0.05039
   0.01163
   0.06774
   0.08943
   0.06568
   0.00855
  -0.05292
  -0.08750
  -0.07762
  -0.02830
   0.03540
   0.08111
   0.08561
   0.04661
  -0.01607
  -0.07059
  -0.08924
  -0.06254
  -0.00407
   0.05647
   0.08832
   0.07529
   0.02400
  -0.03948
  -0.08290
  -0.08420
  -0.04272
   0.02047
   0.07326
   0.08882
   0.05925
  -0.00043
  -0.05989
  -0.08892
  -0.07277
  -0.01964
   0.04346
   0.08448
   0.08258
   0.03871
  -0.02482
  -0.07575
  -0.08818
  -0.05581
   0.00492
   0.06315
   0.08929
   0.07006
   0.01523
  -0.04734
  -0.08585
  -0.08075
  -0.03461
   0.02911
   0.07804
   0.08732
   0.05223
  -0.00940
  -0.06625
  -0.08944
  -0.06718
  -0.01079
   0.05109
   0.08701
   0.07871
   0.03043
  -0.03332
  -0.08014
  -0.08623
  -0.04851
   0.01386
   0.06919
   0.08936
   0.06413
   0.00631
  -0.05471
  -0.08794
  -0.07648
  -0.02616
   0.03745
   0.08203
   0.08493
   0.04468
  -0.01828
  -0.07195
  -0.08906
  -0.06092
  -0.00182
   0.05820
   0.08865
   0.07405
   0.02183
  -0.04148
  -0.08372
  -0.08342
  -0.04073
   0.02266
   0.07453
   0.08853
   0.05755
  -0.00267
  -0.06154
  -0.08913
  -0.07144
  -0.01744
   0.04541
   0.08520
   0.08169
   0.03667
  -0.02697
  -0.07692
  -0.08778
  -0.05404
   0.00716
   0.06472
   0.08939
   0.06864
   0.01302
  -0.04923
  -0.08646
  -0.07976
  -0.03253
   0.03123
   0.07911
   0.08680
   0.05039
  -0.01163
  -0.06774
  -0.08943
  -0.06568
  -0.00855
   0.05292
   0.08750
   0.07762
   0.02830
  -0.03540
  -0.08111
  -0.08561
  -0.04661
   0.01607
   0.07059
   0.08924
   0.06254
   0.00407
  -0.05647
  -0.08832
  -0.07529
  -0.02400
   0.03948
   0.08290
   0.08420
   0.04272
  -0.02047
  -0.07326
  -0.08882
  -0.05925
   0.00043
   0.05989
   0.08892
   0.07277
   0.01964
  -0.04346
  -0.08448
  -0.08258
  -0.03871
   0.02482
   0.07575
   0.08818
   0.05581
  -0.00492
  -0.06315
  -0.08929
  -0.07006
  -0.01523
   0.04734
   0.08585
   0.08075
   0.03461
  -0.02911
  -0.07804
  -0.08732
  -0.05223
   0.00940
   0.06625
   0.08944
   0.06718
   0.01079
  -0.05109
  -0.08701
  -0.07871
  -0.03043
   0.03332
   0.08014
   0.08623
   0.04851
  -0.01386
  -0.06919
  -0.08936
  -0.06413
  -0.00631
   0.05471
   0.08794
   0.07648
   0.02616
  -0.03745
  -0.08203
  -0.08493
  -0.04468
   0.01828
   0.07195
   0.08906
   0.06092
   0.00182
  -0.05820
  -0.08865
