   0.08473
   0.04977
  -0.05877
  -0.08042
   0.01681
   0.08919
   0.02972
  -0.07369
  -0.06816
   0.03813
   0.08805
   0.00781
  -0.08398
  -0.05162
   0.05705
   0.08138
  -0.01460
  -0.08900
  -0.03183
   0.07239
   0.06959
  -0.03608
  -0.08842
  -0.01004
   0.08318
   0.05344
  -0.05530
  -0.08229
   0.01238
   0.08874
   0.03392
  -0.07105
  -0.07098
   0.03402
   0.08873
   0.01227
  -0.08233
  -0.05522
   0.05352
   0.08314
  -0.01015
  -0.08844
  -0.03599
   0.06966
   0.07233
  -0.03193
  -0.08899
  -0.01450
   0.08142
   0.05697
  -0.05170
  -0.08394
   0.00791
   0.08807
   0.03804
  -0.06823
  -0.07363
   0.02982
   0.08918
   0.01671
  -0.08047
  -0.05869
   0.04985
   0.08469
  -0.00567
  -0.08765
  -0.04006
   0.06675
   0.07488
  -0.02769
  -0.08933
  -0.01891
   0.07946
   0.06037
  -0.04797
  -0.08539
   0.00342
   0.08718
   0.04205
  -0.06524
  -0.07609
   0.02554
   0.08941
   0.02110
  -0.07840
  -0.06200
   0.04606
   0.08603
  -0.00118
  -0.08665
  -0.04403
   0.06368
   0.07725
  -0.02338
  -0.08944
  -0.02328
   0.07730
   0.06360
  -0.04412
  -0.08662
  -0.00107
   0.08606
   0.04597
  -0.06208
  -0.07835
   0.02120
   0.08942
   0.02544
  -0.07614
  -0.06517
   0.04215
   0.08715
   0.00332
  -0.08542
  -0.04788
   0.06044
   0.07941
  -0.01901
  -0.08933
  -0.02759
   0.07494
   0.06668
  -0.04015
  -0.08763
  -0.00556
   0.08473
   0.04977
  -0.05877
  -0.08042
   0.01681
   0.08919
   0.02972
  -0.07369
  -0.06816
   0.03813
   0.08805
   0.00781
  -0.08398
  -0.05162
   0.05705
   0.08138
  -0.01460
  -0.08900
  -0.03183
   0.07239
   0.06959
  -0.03608
  -0.08842
  -0.01004
   0.08318
   0.05344
  -0.05530
  -0.08229
   0.01238
   0.08874
   0.03392
  -0.07105
  -0.07098
   0.03402
   0.08873
   0.01227
  -0.08233
  -0.05522
   0.05352
   0.08314
  -0.01015
  -0.08844
  -0.03599
   0.06966
   0.07233
  -0.03193
  -0.08899
  -0.01450
   0.08142
   0.05697
  -0.05170
  -0.08394
   0.00791
   0.08807
   0.03804
  -0.06823
  -0.07363
   0.02982
   0.08918
   0.01671
  -0.08047
  -0.05869
   0.04985
   0.08469
  -0.00567
  -0.08765
  -0.04006
   0.06675
   0.07488
  -0.02769
  -0.08933
  -0.01891
   0.07946
   0.06037
  -0.04797
  -0.08539
   0.00342
   0.08718
   0.04205
  -0.06524
  -0.07609
   0.02554
   0.08941
   0.02110
  -0.07840
  -0.06200
   0.04606
   0.08603
  -0.00118
  -0.08665
  -0.04403
   0.06368
   0.07725
  -0.02338
  -0.08944
  -0.02328
   0.07730
   0.06360
  -0.04412
  -0.08662
  -0.00107
   0.08606
   0.04597
  -0.06208
  -0.07835
   0.02120
   0.08942
   0.02544
  -0.07614
  -0.06517
   0.04215
   0.08715
   0.00332
  -0.08542
  -0.04788
   0.06044
   0.07941
  -0.01901
  -0.08933
  -0.02759
   0.07494
   0.06668
  -0.04015
  -0.08763
  -0.00556
