   0.01089
   0.08863
  -0.01312
  -0.08830
   0.01534
   0.08792
  -0.01755
  -0.08748
   0.01974
   0.08698
  -0.02193
  -0.08643
   0.02410
   0.08582
  -0.02626
  -0.08516
   0.02840
   0.08445
  -0.03052
  -0.08368
   0.03263
   0.08286
  -0.03471
  -0.08199
   0.03677
   0.08107
  -0.03881
  -0.08009
   0.04082
   0.07907
  -0.04281
  -0.07799
   0.04477
   0.07687
  -0.04670
  -0.07569
   0.04860
   0.07447
  -0.05047
  -0.07320
   0.05231
   0.07189
  -0.05412
  -0.07053
   0.05589
   0.06912
  -0.05763
  -0.06767
   0.05933
   0.06618
  -0.06099
  -0.06465
   0.06262
   0.06308
  -0.06420
  -0.06146
   0.06575
   0.05981
  -0.06725
  -0.05812
   0.06871
   0.05639
  -0.07013
  -0.05463
   0.07150
   0.05283
  -0.07283
  -0.05100
   0.07411
   0.04914
  -0.07535
  -0.04725
   0.07653
   0.04532
  -0.07767
  -0.04337
   0.07876
   0.04139
  -0.07980
  -0.03939
   0.08079
   0.03736
  -0.08173
  -0.03530
   0.08262
   0.03323
  -0.08345
  -0.03113
   0.08424
   0.02901
  -0.08496
  -0.02688
   0.08564
   0.02472
  -0.08626
  -0.02256
   0.08683
   0.02037
  -0.08734
  -0.01818
   0.08780
   0.01597
  -0.08820
  -0.01376
   0.08854
   0.01153
  -0.08883
  -0.00930
   0.08907
   0.00706
  -0.08925
  -0.00482
   0.08937
   0.00257
  -0.08943
  -0.00032
   0.08944
  -0.00192
  -0.08939
   0.00417
   0.08929
  -0.00642
  -0.08912
   0.00866
   0.08891
  -0.01089
  -0.08863
   0.01312
   0.08830
  -0.01534
  -0.08792
   0.01755
   0.08748
  -0.01974
  -0.08698
   0.02193
   0.08643
  -0.02410
  -0.08582
   0.02626
   0.08516
  -0.02840
  -0.08445
   0.03052
   0.08368
  -0.03263
  -0.08286
   0.03471
   0.08199
  -0.03677
  -0.08107
   0.03881
   0.08009
  -0.04082
  -0.07907
   0.04281
   0.07799
  -0.04477
  -0.07687
   0.04670
   0.07569
  -0.04860
  -0.07447
   0.05047
   0.07320
  -0.05231
  -0.07189
   0.05412
   0.07053
  -0.05589
  -0.06912
   0.05763
   0.06767
  -0.05933
  -0.06618
   0.06099
   0.06465
  -0.06262
  -0.06308
   0.06420
   0.06146
  -0.06575
  -0.05981
   0.06725
   0.05812
  -0.06871
  -0.05639
   0.07013
   0.05463
  -0.07150
  -0.05283
   0.07283
   0.05100
  -0.07411
  -0.04914
   0.07535
   0.04725
  -0.07653
  -0.04532
   0.07767
   0.04337
  -0.07876
  -0.04139
   0.07980
   0.03939
  -0.08079
  -0.03736
   0.08173
   0.03530
  -0.08262
  -0.03323
   0.08345
   0.03113
  -0.08424
  -0.02901
   0.08496
   0.02688
  -0.08564
  -0.02472
   0.08626
   0.02256
  -0.08683
  -0.02037
   0.08734
   0.01818
  -0.08780
  -0.01597
   0.08820
   0.01376
  -0.08854
  -0.01153
   0.08883
   0.00930
  -0.08907
  -0.00706
   0.08925
   0.00482
  -0.08937
  -0.00257
   0.08943
   0.00032
  -0.08944
   0.00192
   0.08939
  -0.00417
  -0.08929
   0.00642
   0.08912
  -0.00866
  -0.08891
