  -0.05424
  -0.08686
  -0.08100
  -0.03925
   0.01989
   0.07022
   0.08944
   0.06903
   0.01803
  -0.04095
  -0.08179
  -0.08639
  -0.05271
   0.00432
   0.05944
   0.08822
   0.07792
   0.03309
  -0.02640
  -0.07419
  -0.08911
  -0.06455
  -0.01138
   0.04682
   0.08429
   0.08440
   0.04712
  -0.01104
  -0.06431
  -0.08908
  -0.07439
  -0.02673
   0.03276
   0.07775
   0.08828
   0.05970
   0.00467
  -0.05243
  -0.08630
  -0.08193
  -0.04126
   0.01769
   0.06881
   0.08943
   0.07044
   0.02023
  -0.03894
  -0.08086
  -0.08695
  -0.05451
   0.00207
   0.05774
   0.08783
   0.07900
   0.03517
  -0.02425
  -0.07291
  -0.08928
  -0.06608
  -0.01361
   0.04489
   0.08351
   0.08512
   0.04902
  -0.00880
  -0.06272
  -0.08885
  -0.07561
  -0.02887
   0.03066
   0.07661
   0.08861
   0.06135
   0.00691
  -0.05059
  -0.08568
  -0.08281
  -0.04324
   0.01548
   0.06735
   0.08937
   0.07180
   0.02241
  -0.03690
  -0.07987
  -0.08745
  -0.05628
  -0.00017
   0.05601
   0.08737
   0.08003
   0.03722
  -0.02207
  -0.07159
  -0.08939
  -0.06758
  -0.01583
   0.04294
   0.08268
   0.08578
   0.05088
  -0.00656
  -0.06110
  -0.08857
  -0.07679
  -0.03099
   0.02854
   0.07543
   0.08889
   0.06297
   0.00915
  -0.04873
  -0.08501
  -0.08363
  -0.04520
   0.01326
   0.06585
   0.08926
   0.07312
   0.02458
  -0.03485
  -0.07883
  -0.08789
  -0.05801
  -0.00242
   0.05424
   0.08686
   0.08100
   0.03925
  -0.01989
  -0.07022
  -0.08944
  -0.06903
  -0.01803
   0.04095
   0.08179
   0.08639
   0.05271
  -0.00432
  -0.05944
  -0.08822
  -0.07792
  -0.03309
   0.02640
   0.07419
   0.08911
   0.06455
   0.01138
  -0.04682
  -0.08429
  -0.08440
  -0.04712
   0.01104
   0.06431
   0.08908
   0.07439
   0.02673
  -0.03276
  -0.07775
  -0.08828
  -0.05970
  -0.00467
   0.05243
   0.08630
   0.08193
   0.04126
  -0.01769
  -0.06881
  -0.08943
  -0.07044
  -0.02023
   0.03894
   0.08086
   0.08695
   0.05451
  -0.00207
  -0.05774
  -0.08783
  -0.07900
  -0.03517
   0.02425
   0.07291
   0.08928
   0.06608
   0.01361
  -0.04489
  -0.08351
  -0.08512
  -0.04902
   0.00880
   0.06272
   0.08885
   0.07561
   0.02887
  -0.03066
  -0.07661
  -0.08861
  -0.06135
  -0.00691
   0.05059
   0.08568
   0.08281
   0.04324
  -0.01548
  -0.06735
  -0.08937
  -0.07180
  -0.02241
   0.03690
   0.07987
   0.08745
   0.05628
   0.00017
  -0.05601
  -0.08737
  -0.08003
  -0.03722
   0.02207
   0.07159
   0.08939
   0.06758
   0.01583
  -0.04294
  -0.08268
  -0.08578
  -0.05088
   0.00656
   0.06110
   0.08857
   0.07679
   0.03099
  -0.02854
  -0.07543
  -0.08889
  -0.06297
  -0.00915
   0.04873
   0.08501
   0.08363
   0.04520
  -0.01326
  -0.06585
  -0.08926
  -0.07312
  -0.02458
   0.03485
   0.07883
   0.08789
   0.05801
   0.00242
