   0.08186
  -0.07892
   0.01567
   0.05956
  -0.08927
   0.05075
   0.02656
  -0.08356
   0.07671
  -0.01122
  -0.06284
   0.08887
  -0.04698
  -0.03081
   0.08506
  -0.07430
   0.00675
   0.06596
  -0.08825
   0.04310
   0.03499
  -0.08634
   0.07170
  -0.00226
  -0.06891
   0.08741
  -0.03911
  -0.03908
   0.08741
  -0.06893
  -0.00223
   0.07169
  -0.08635
   0.03502
   0.04308
  -0.08825
   0.06597
   0.00672
  -0.07428
   0.08507
  -0.03084
  -0.04696
   0.08887
  -0.06286
  -0.01120
   0.07669
  -0.08357
   0.02658
   0.05073
  -0.08927
   0.05958
   0.01564
  -0.07891
   0.08187
  -0.02226
  -0.05436
   0.08944
  -0.05615
  -0.02005
   0.08092
  -0.07995
   0.01788
   0.05786
  -0.08938
   0.05258
   0.02440
  -0.08274
   0.07784
  -0.01345
  -0.06122
   0.08910
  -0.04888
  -0.02869
   0.08434
  -0.07553
   0.00899
   0.06442
  -0.08859
   0.04506
   0.03291
  -0.08573
   0.07302
  -0.00451
  -0.06745
   0.08786
  -0.04112
  -0.03705
   0.08690
  -0.07034
   0.00001
   0.07032
  -0.08691
   0.03707
   0.04109
  -0.08786
   0.06747
   0.00448
  -0.07301
   0.08574
  -0.03294
  -0.04503
   0.08859
  -0.06444
  -0.00896
   0.07551
  -0.08435
   0.02872
   0.04886
  -0.08910
   0.06124
   0.01342
  -0.07783
   0.08275
  -0.02443
  -0.05256
   0.08938
  -0.05788
  -0.01785
   0.07994
  -0.08094
   0.02007
   0.05613
  -0.08944
   0.05439
   0.02223
  -0.08186
   0.07892
  -0.01567
  -0.05956
   0.08927
  -0.05075
  -0.02656
   0.08356
  -0.07671
   0.01122
   0.06284
  -0.08887
   0.04698
   0.03081
  -0.08506
   0.07430
  -0.00675
  -0.06596
   0.08825
  -0.04310
  -0.03499
   0.08634
  -0.07170
   0.00226
   0.06891
  -0.08741
   0.03911
   0.03908
  -0.08741
   0.06893
   0.00223
  -0.07169
   0.08635
  -0.03502
  -0.04308
   0.08825
  -0.06597
  -0.00672
   0.07428
  -0.08507
   0.03084
   0.04696
  -0.08887
   0.06286
   0.01120
  -0.07669
   0.08357
  -0.02658
  -0.05073
   0.08927
  -0.05958
  -0.01564
   0.07891
  -0.08187
   0.02226
   0.05436
  -0.08944
   0.05615
   0.02005
  -0.08092
   0.07995
  -0.01788
  -0.05786
   0.08938
  -0.05258
  -0.02440
   0.08274
  -0.07784
   0.01345
   0.06122
  -0.08910
   0.04888
   0.02869
  -0.08434
   0.07553
  -0.00899
  -0.06442
   0.08859
  -0.04506
  -0.03291
   0.08573
  -0.07302
   0.00451
   0.06745
  -0.08786
   0.04112
   0.03705
  -0.08690
   0.07034
  -0.00001
  -0.07032
   0.08691
  -0.03707
  -0.04109
   0.08786
  -0.06747
  -0.00448
   0.07301
  -0.08574
   0.03294
   0.04503
  -0.08859
   0.06444
   0.00896
  -0.07551
   0.08435
  -0.02872
  -0.04886
   0.08910
  -0.06124
  -0.01342
   0.07783
  -0.08275
   0.02443
   0.05256
  -0.08938
   0.05788
   0.01785
  -0.07994
   0.08094
  -0.02007
  -0.05613
   0.08944
  -0.05439
  -0.02223
