  -0.08780
   0.08080
  -0.06873
   0.05233
  -0.03265
   0.01091
   0.01151
  -0.03320
   0.05282
  -0.06911
   0.08106
  -0.08791
   0.08925
  -0.08497
   0.07536
  -0.06101
   0.04283
  -0.02195
  -0.00030
   0.02253
  -0.04335
   0.06145
  -0.07568
   0.08516
  -0.08928
   0.08780
  -0.08080
   0.06873
  -0.05233
   0.03265
  -0.01091
  -0.01151
   0.03320
  -0.05282
   0.06911
  -0.08106
   0.08791
  -0.08925
   0.08497
  -0.07536
   0.06101
  -0.04283
   0.02195
   0.00030
  -0.02253
   0.04335
  -0.06145
   0.07568
  -0.08516
   0.08928
  -0.08780
   0.08080
  -0.06873
   0.05233
  -0.03265
   0.01091
   0.01151
  -0.03320
   0.05282
  -0.06911
   0.08106
  -0.08791
   0.08925
  -0.08497
   0.07536
  -0.06101
   0.04283
  -0.02195
  -0.00030
   0.02253
  -0.04335
   0.06145
  -0.07568
   0.08516
  -0.08928
   0.08780
  -0.08080
   0.06873
  -0.05233
   0.03265
  -0.01091
  -0.01151
   0.03320
  -0.05282
   0.06911
  -0.08106
   0.08791
  -0.08925
   0.08497
  -0.07536
   0.06101
  -0.04283
   0.02195
   0.00030
  -0.02253
   0.04335
  -0.06145
   0.07568
  -0.08516
   0.08928
  -0.08780
   0.08080
  -0.06873
   0.05233
  -0.03265
   0.01091
   0.01151
  -0.03320
   0.05282
  -0.06911
   0.08106
  -0.08791
   0.08925
  -0.08497
   0.07536
  -0.06101
   0.04283
  -0.02195
  -0.00030
   0.02253
  -0.04335
   0.06145
  -0.07568
   0.08516
  -0.08928
   0.08780
  -0.08080
   0.06873
  -0.05233
   0.03265
  -0.01091
  -0.01151
   0.03320
  -0.05282
   0.06911
  -0.08106
   0.08791
  -0.08925
   0.08497
  -0.07536
   0.06101
  -0.04283
   0.02195
   0.00030
  -0.02253
   0.04335
  -0.06145
   0.07568
  -0.08516
   0.08928
  -0.08780
   0.08080
  -0.06873
   0.05233
  -0.03265
   0.01091
   0.01151
  -0.03320
   0.05282
  -0.06911
   0.08106
  -0.08791
   0.08925
  -0.08497
   0.07536
  -0.06101
   0.04283
  -0.02195
  -0.00030
   0.02253
  -0.04335
   0.06145
  -0.07568
   0.08516
  -0.08928
   0.08780
  -0.08080
   0.06873
  -0.05233
   0.03265
  -0.01091
  -0.01151
   0.03320
  -0.05282
   0.06911
  -0.08106
   0.08791
  -0.08925
   0.08497
  -0.07536
   0.06101
  -0.04283
   0.02195
   0.00030
  -0.02253
   0.04335
  -0.06145
   0.07568
  -0.08516
   0.08928
  -0.08780
   0.08080
  -0.06873
   0.05233
  -0.03265
   0.01091
   0.01151
  -0.03320
   0.05282
  -0.06911
   0.08106
  -0.08791
   0.08925
  -0.08497
   0.07536
  -0.06101
   0.04283
  -0.02195
  -0.00030
   0.02253
  -0.04335
   0.06145
  -0.07568
   0.08516
  -0.08928
   0.08780
  -0.08080
   0.06873
  -0.05233
   0.03265
  -0.01091
  -0.01151
   0.03320
  -0.05282
   0.06911
  -0.08106
   0.08791
  -0.08925
   0.08497
  -0.07536
   0.06101
  -0.04283
   0.02195
   0.00030
  -0.02253
   0.04335
  -0.06145
   0.07568
  -0.08516
   0.08928
