  -0.07984
   0.06907
   0.02418
  -0.08856
   0.04718
   0.05054
  -0.08790
   0.02030
   0.07155
  -0.07795
  -0.00873
   0.08499
  -0.05975
  -0.03684
   0.08944
  -0.03523
  -0.06105
   0.08442
  -0.00698
  -0.07880
   0.07048
   0.02201
  -0.08821
   0.04908
   0.04867
  -0.08829
   0.02248
   0.07018
  -0.07903
  -0.00649
   0.08426
  -0.06141
  -0.03478
   0.08943
  -0.03728
  -0.05939
   0.08514
  -0.00922
  -0.07771
   0.07184
   0.01982
  -0.08781
   0.05094
   0.04677
  -0.08862
   0.02465
   0.06876
  -0.08006
  -0.00425
   0.08348
  -0.06302
  -0.03270
   0.08937
  -0.03932
  -0.05769
   0.08580
  -0.01145
  -0.07657
   0.07316
   0.01762
  -0.08736
   0.05277
   0.04483
  -0.08890
   0.02680
   0.06730
  -0.08103
  -0.00200
   0.08265
  -0.06460
  -0.03060
   0.08925
  -0.04132
  -0.05595
   0.08641
  -0.01368
  -0.07539
   0.07443
   0.01541
  -0.08685
   0.05457
   0.04288
  -0.08912
   0.02894
   0.06580
  -0.08196
   0.00024
   0.08176
  -0.06613
  -0.02847
   0.08908
  -0.04330
  -0.05418
   0.08696
  -0.01589
  -0.07415
   0.07565
   0.01320
  -0.08628
   0.05633
   0.04089
  -0.08928
   0.03105
   0.06426
  -0.08283
   0.00249
   0.08083
  -0.06762
  -0.02634
   0.08884
  -0.04526
  -0.05238
   0.08746
  -0.01810
  -0.07287
   0.07682
   0.01097
  -0.08566
   0.05806
   0.03888
  -0.08939
   0.03315
   0.06267
  -0.08366
   0.00474
   0.07984
  -0.06907
  -0.02418
   0.08856
  -0.04718
  -0.05054
   0.08790
  -0.02030
  -0.07155
   0.07795
   0.00873
  -0.08499
   0.05975
   0.03684
  -0.08944
   0.03523
   0.06105
  -0.08442
   0.00698
   0.07880
  -0.07048
  -0.02201
   0.08821
  -0.04908
  -0.04867
   0.08829
  -0.02248
  -0.07018
   0.07903
   0.00649
  -0.08426
   0.06141
   0.03478
  -0.08943
   0.03728
   0.05939
  -0.08514
   0.00922
   0.07771
  -0.07184
  -0.01982
   0.08781
  -0.05094
  -0.04677
   0.08862
  -0.02465
  -0.06876
   0.08006
   0.00425
  -0.08348
   0.06302
   0.03270
  -0.08937
   0.03932
   0.05769
  -0.08580
   0.01145
   0.07657
  -0.07316
  -0.01762
   0.08736
  -0.05277
  -0.04483
   0.08890
  -0.02680
  -0.06730
   0.08103
   0.00200
  -0.08265
   0.06460
   0.03060
  -0.08925
   0.04132
   0.05595
  -0.08641
   0.01368
   0.07539
  -0.07443
  -0.01541
   0.08685
  -0.05457
  -0.04288
   0.08912
  -0.02894
  -0.06580
   0.08196
  -0.00024
  -0.08176
   0.06613
   0.02847
  -0.08908
   0.04330
   0.05418
  -0.08696
   0.01589
   0.07415
  -0.07565
  -0.01320
   0.08628
  -0.05633
  -0.04089
   0.08928
  -0.03105
  -0.06426
   0.08283
  -0.00249
  -0.08083
   0.06762
   0.02634
  -0.08884
   0.04526
   0.05238
  -0.08746
   0.01810
   0.07287
  -0.07682
  -0.01097
   0.08566
  -0.05806
  -0.03888
   0.08939
  -0.03315
  -0.06267
   0.08366
  -0.00474
