   0.02497
  -0.05304
   0.07461
  -0.08704
   0.08880
  -0.07969
   0.06080
  -0.03447
   0.00391
   0.02712
  -0.05484
   0.07583
  -0.08753
   0.08851
  -0.07864
   0.05913
  -0.03238
   0.00167
   0.02926
  -0.05659
   0.07700
  -0.08797
   0.08816
  -0.07754
   0.05743
  -0.03028
  -0.00058
   0.03137
  -0.05832
   0.07812
  -0.08834
   0.08775
  -0.07640
   0.05569
  -0.02815
  -0.00283
   0.03347
  -0.06000
   0.07919
  -0.08867
   0.08728
  -0.07521
   0.05391
  -0.02601
  -0.00507
   0.03554
  -0.06165
   0.08021
  -0.08894
   0.08677
  -0.07397
   0.05210
  -0.02385
  -0.00732
   0.03759
  -0.06326
   0.08118
  -0.08915
   0.08619
  -0.07268
   0.05026
  -0.02168
  -0.00956
   0.03962
  -0.06483
   0.08209
  -0.08930
   0.08557
  -0.07135
   0.04838
  -0.01949
  -0.01179
   0.04162
  -0.06636
   0.08296
  -0.08940
   0.08488
  -0.06997
   0.04648
  -0.01729
  -0.01401
   0.04360
  -0.06784
   0.08377
  -0.08944
   0.08415
  -0.06854
   0.04454
  -0.01508
  -0.01623
   0.04555
  -0.06929
   0.08454
  -0.08943
   0.08336
  -0.06708
   0.04258
  -0.01286
  -0.01843
   0.04747
  -0.07069
   0.08524
  -0.08936
   0.08252
  -0.06557
   0.04059
  -0.01063
  -0.02063
   0.04936
  -0.07204
   0.08590
  -0.08923
   0.08163
  -0.06402
   0.03857
  -0.00840
  -0.02281
   0.05122
  -0.07335
   0.08650
  -0.08904
   0.08068
  -0.06243
   0.03653
  -0.00616
  -0.02497
   0.05304
  -0.07461
   0.08704
  -0.08880
   0.07969
  -0.06080
   0.03447
  -0.00391
  -0.02712
   0.05484
  -0.07583
   0.08753
  -0.08851
   0.07864
  -0.05913
   0.03238
  -0.00167
  -0.02926
   0.05659
  -0.07700
   0.08797
  -0.08816
   0.07754
  -0.05743
   0.03028
   0.00058
  -0.03137
   0.05832
  -0.07812
   0.08834
  -0.08775
   0.07640
  -0.05569
   0.02815
   0.00283
  -0.03347
   0.06000
  -0.07919
   0.08867
  -0.08728
   0.07521
  -0.05391
   0.02601
   0.00507
  -0.03554
   0.06165
  -0.08021
   0.08894
  -0.08677
   0.07397
  -0.05210
   0.02385
   0.00732
  -0.03759
   0.06326
  -0.08118
   0.08915
  -0.08619
   0.07268
  -0.05026
   0.02168
   0.00956
  -0.03962
   0.06483
  -0.08209
   0.08930
  -0.08557
   0.07135
  -0.04838
   0.01949
   0.01179
  -0.04162
   0.06636
  -0.08296
   0.08940
  -0.08488
   0.06997
  -0.04648
   0.01729
   0.01401
  -0.04360
   0.06784
  -0.08377
   0.08944
  -0.08415
   0.06854
  -0.04454
   0.01508
   0.01623
  -0.04555
   0.06929
  -0.08454
   0.08943
  -0.08336
   0.06708
  -0.04258
   0.01286
   0.01843
  -0.04747
   0.07069
  -0.08524
   0.08936
  -0.08252
   0.06557
  -0.04059
   0.01063
   0.02063
  -0.04936
   0.07204
  -0.08590
   0.08923
  -0.08163
   0.06402
  -0.03857
   0.00840
   0.02281
  -0.05122
   0.07335
  -0.08650
   0.08904
  -0.08068
   0.06243
  -0.03653
   0.00616
