   0.03905
  -0.06889
   0.08633
  -0.08826
   0.07432
  -0.04701
   0.01126
   0.02652
  -0.05953
   0.08184
  -0.08944
   0.08095
  -0.05791
   0.02446
   0.01339
  -0.04883
   0.07549
  -0.08858
   0.08575
  -0.06749
   0.03711
  -0.00005
  -0.03702
   0.06743
  -0.08572
   0.08860
  -0.07554
   0.04891
  -0.01348
  -0.02437
   0.05784
  -0.08091
   0.08944
  -0.08188
   0.05961
  -0.02661
  -0.01116
   0.04693
  -0.07426
   0.08824
  -0.08636
   0.06895
  -0.03914
   0.00230
   0.03496
  -0.06593
   0.08505
  -0.08888
   0.07672
  -0.05078
   0.01570
   0.02220
  -0.05611
   0.07993
  -0.08938
   0.08276
  -0.06126
   0.02875
   0.00893
  -0.04500
   0.07299
  -0.08785
   0.08692
  -0.07036
   0.04115
  -0.00454
  -0.03288
   0.06439
  -0.08433
   0.08910
  -0.07785
   0.05261
  -0.01791
  -0.02001
   0.05434
  -0.07889
   0.08926
  -0.08359
   0.06288
  -0.03087
  -0.00669
   0.04305
  -0.07167
   0.08740
  -0.08742
   0.07172
  -0.04313
   0.00678
   0.03078
  -0.06281
   0.08355
  -0.08927
   0.07894
  -0.05441
   0.02011
   0.01782
  -0.05253
   0.07781
  -0.08909
   0.08436
  -0.06446
   0.03297
   0.00445
  -0.04106
   0.07030
  -0.08689
   0.08787
  -0.07304
   0.04509
  -0.00902
  -0.02866
   0.06119
  -0.08272
   0.08938
  -0.07997
   0.05618
  -0.02229
  -0.01561
   0.05070
  -0.07668
   0.08887
  -0.08508
   0.06600
  -0.03505
  -0.00220
   0.03905
  -0.06889
   0.08633
  -0.08826
   0.07432
  -0.04701
   0.01126
   0.02652
  -0.05953
   0.08184
  -0.08944
   0.08095
  -0.05791
   0.02446
   0.01339
  -0.04883
   0.07549
  -0.08858
   0.08575
  -0.06749
   0.03711
  -0.00005
  -0.03702
   0.06743
  -0.08572
   0.08860
  -0.07554
   0.04891
  -0.01348
  -0.02437
   0.05784
  -0.08091
   0.08944
  -0.08188
   0.05961
  -0.02661
  -0.01116
   0.04693
  -0.07426
   0.08824
  -0.08636
   0.06895
  -0.03914
   0.00230
   0.03496
  -0.06593
   0.08505
  -0.08888
   0.07672
  -0.05078
   0.01570
   0.02220
  -0.05611
   0.07993
  -0.08938
   0.08276
  -0.06126
   0.02875
   0.00893
  -0.04500
   0.07299
  -0.08785
   0.08692
  -0.07036
   0.04115
  -0.00454
  -0.03288
   0.06439
  -0.08433
   0.08910
  -0.07785
   0.05261
  -0.01791
  -0.02001
   0.05434
  -0.07889
   0.08926
  -0.08359
   0.06288
  -0.03087
  -0.00669
   0.04305
  -0.07167
   0.08740
  -0.08742
   0.07172
  -0.04313
   0.00678
   0.03078
  -0.06281
   0.08355
  -0.08927
   0.07894
  -0.05441
   0.02011
   0.01782
  -0.05253
   0.07781
  -0.08909
   0.08436
  -0.06446
   0.03297
   0.00445
  -0.04106
   0.07030
  -0.08689
   0.08787
  -0.07304
   0.04509
  -0.00902
  -0.02866
   0.06119
  -0.08272
   0.08938
  -0.07997
   0.05618
  -0.02229
  -0.01561
   0.05070
  -0.07668
   0.08887
  -0.08508
   0.06600
  -0.03505
  -0.00220
