  -0.08933
   0.08899
  -0.08843
   0.08764
  -0.08663
   0.08541
  -0.08396
   0.08231
  -0.08045
   0.07838
  -0.07612
   0.07366
  -0.07102
   0.06819
  -0.06520
   0.06204
  -0.05873
   0.05526
  -0.05166
   0.04793
  -0.04407
   0.04010
  -0.03604
   0.03188
  -0.02764
   0.02333
  -0.01896
   0.01455
  -0.01009
   0.00562
  -0.00112
  -0.00337
   0.00786
  -0.01232
   0.01676
  -0.02115
   0.02549
  -0.02977
   0.03397
  -0.03808
   0.04210
  -0.04601
   0.04981
  -0.05348
   0.05701
  -0.06040
   0.06364
  -0.06672
   0.06963
  -0.07236
   0.07491
  -0.07727
   0.07944
  -0.08140
   0.08316
  -0.08471
   0.08605
  -0.08716
   0.08806
  -0.08874
   0.08919
  -0.08941
   0.08941
  -0.08919
   0.08874
  -0.08806
   0.08716
  -0.08605
   0.08471
  -0.08316
   0.08140
  -0.07944
   0.07727
  -0.07491
   0.07236
  -0.06963
   0.06672
  -0.06364
   0.06040
  -0.05701
   0.05348
  -0.04981
   0.04601
  -0.04210
   0.03808
  -0.03397
   0.02977
  -0.02549
   0.02115
  -0.01676
   0.01232
  -0.00786
   0.00337
   0.00112
  -0.00562
   0.01009
  -0.01455
   0.01896
  -0.02333
   0.02764
  -0.03188
   0.03604
  -0.04010
   0.04407
  -0.04793
   0.05166
  -0.05526
   0.05873
  -0.06204
   0.06520
  -0.06819
   0.07102
  -0.07366
   0.07612
  -0.07838
   0.08045
  -0.08231
   0.08396
  -0.08541
   0.08663
  -0.08764
   0.08843
  -0.08899
   0.08933
  -0.08944
   0.08933
  -0.08899
   0.08843
  -0.08764
   0.08663
  -0.08541
   0.08396
  -0.08231
   0.08045
  -0.07838
   0.07612
  -0.07366
   0.07102
  -0.06819
   0.06520
  -0.06204
   0.05873
  -0.05526
   0.05166
  -0.04793
   0.04407
  -0.04010
   0.03604
  -0.03188
   0.02764
  -0.02333
   0.01896
  -0.01455
   0.01009
  -0.00562
   0.00112
   0.00337
  -0.00786
   0.01232
  -0.01676
   0.02115
  -0.02549
   0.02977
  -0.03397
   0.03808
  -0.04210
   0.04601
  -0.04981
   0.05348
  -0.05701
   0.06040
  -0.06364
   0.06672
  -0.06963
   0.07236
  -0.07491
   0.07727
  -0.07944
   0.08140
  -0.08316
   0.08471
  -0.08605
   0.08716
  -0.08806
   0.08874
  -0.08919
   0.08941
  -0.08941
   0.08919
  -0.08874
   0.08806
  -0.08716
   0.08605
  -0.08471
   0.08316
  -0.08140
   0.07944
  -0.07727
   0.07491
  -0.07236
   0.06963
  -0.06672
   0.06364
  -0.06040
   0.05701
  -0.05348
   0.04981
  -0.04601
   0.04210
  -0.03808
   0.03397
  -0.02977
   0.02549
  -0.02115
   0.01676
  -0.01232
   0.00786
  -0.00337
  -0.00112
   0.00562
  -0.01009
   0.01455
  -0.01896
   0.02333
  -0.02764
   0.03188
  -0.03604
   0.04010
  -0.04407
   0.04793
  -0.05166
   0.05526
  -0.05873
   0.06204
  -0.06520
   0.06819
  -0.07102
   0.07366
  -0.07612
   0.07838
  -0.08045
   0.08231
  -0.08396
   0.08541
  -0.08663
   0.08764
  -0.08843
   0.08899
  -0.08933
   0.08944
