  -0.05225
   0.02909
   0.08585
   0.07008
  -0.00489
  -0.07573
  -0.08259
  -0.01967
   0.05987
   0.08883
   0.04274
  -0.03946
  -0.08832
  -0.06256
   0.01605
   0.08110
   0.07763
   0.00858
  -0.06773
  -0.08681
  -0.03255
   0.04921
   0.08939
   0.05406
  -0.02695
  -0.08519
  -0.07145
   0.00265
   0.07451
   0.08343
   0.02185
  -0.05818
  -0.08906
  -0.04470
   0.03743
   0.08793
   0.06415
  -0.01383
  -0.08013
  -0.07872
  -0.01081
   0.06624
   0.08732
   0.03464
  -0.04731
  -0.08929
  -0.05583
   0.02480
   0.08448
   0.07278
  -0.00040
  -0.07325
  -0.08421
  -0.02403
   0.05645
   0.08924
   0.04663
  -0.03537
  -0.08749
  -0.06569
   0.01161
   0.07910
   0.07977
   0.01304
  -0.06470
  -0.08778
  -0.03670
   0.04539
   0.08913
   0.05757
  -0.02263
  -0.08371
  -0.07407
  -0.00185
   0.07193
   0.08494
   0.02618
  -0.05469
  -0.08936
  -0.04853
   0.03330
   0.08700
   0.06720
  -0.00938
  -0.07803
  -0.08076
  -0.01526
   0.06313
   0.08819
   0.03874
  -0.04344
  -0.08892
  -0.05927
   0.02045
   0.08289
   0.07530
   0.00409
  -0.07058
  -0.08562
  -0.02833
   0.05290
   0.08943
   0.05041
  -0.03120
  -0.08645
  -0.06866
   0.00714
   0.07691
   0.08170
   0.01747
  -0.06152
  -0.08853
  -0.04075
   0.04146
   0.08864
   0.06093
  -0.01826
  -0.08202
  -0.07649
  -0.00634
   0.06917
   0.08624
   0.03045
  -0.05107
  -0.08944
  -0.05225
   0.02909
   0.08585
   0.07008
  -0.00489
  -0.07573
  -0.08259
  -0.01967
   0.05987
   0.08883
   0.04274
  -0.03946
  -0.08832
  -0.06256
   0.01605
   0.08110
   0.07763
   0.00858
  -0.06773
  -0.08681
  -0.03255
   0.04921
   0.08939
   0.05406
  -0.02695
  -0.08519
  -0.07145
   0.00265
   0.07451
   0.08343
   0.02185
  -0.05818
  -0.08906
  -0.04470
   0.03743
   0.08793
   0.06415
  -0.01383
  -0.08013
  -0.07872
  -0.01081
   0.06624
   0.08732
   0.03464
  -0.04731
  -0.08929
  -0.05583
   0.02480
   0.08448
   0.07278
  -0.00040
  -0.07325
  -0.08421
  -0.02403
   0.05645
   0.08924
   0.04663
  -0.03537
  -0.08749
  -0.06569
   0.01161
   0.07910
   0.07977
   0.01304
  -0.06470
  -0.08778
  -0.03670
   0.04539
   0.08913
   0.05757
  -0.02263
  -0.08371
  -0.07407
  -0.00185
   0.07193
   0.08494
   0.02618
  -0.05469
  -0.08936
  -0.04853
   0.03330
   0.08700
   0.06720
  -0.00938
  -0.07803
  -0.08076
  -0.01526
   0.06313
   0.08819
   0.03874
  -0.04344
  -0.08892
  -0.05927
   0.02045
   0.08289
   0.07530
   0.00409
  -0.07058
  -0.08562
  -0.02833
   0.05290
   0.08943
   0.05041
  -0.03120
  -0.08645
  -0.06866
   0.00714
   0.07691
   0.08170
   0.01747
  -0.06152
  -0.08853
  -0.04075
   0.04146
   0.08864
   0.06093
  -0.01826
  -0.08202
  -0.07649
  -0.00634
   0.06917
   0.08624
   0.03045
  -0.05107
  -0.08944
