   0.05045
   0.04535
  -0.08907
   0.03050
   0.06309
  -0.08423
   0.00863
   0.07688
  -0.07410
  -0.01378
   0.08583
  -0.05931
  -0.03533
   0.08939
  -0.04080
  -0.05465
   0.08733
  -0.01972
  -0.07054
   0.07979
   0.00260
  -0.08200
   0.06723
   0.02475
  -0.08831
   0.05045
   0.04535
  -0.08907
   0.03050
   0.06309
  -0.08423
   0.00863
   0.07688
  -0.07410
  -0.01378
   0.08583
  -0.05931
  -0.03533
   0.08939
  -0.04080
  -0.05465
   0.08733
  -0.01972
  -0.07054
   0.07979
   0.00260
  -0.08200
   0.06723
   0.02475
  -0.08831
   0.05045
   0.04535
  -0.08907
   0.03050
   0.06309
  -0.08423
   0.00863
   0.07688
  -0.07410
  -0.01378
   0.08583
  -0.05931
  -0.03533
   0.08939
  -0.04080
  -0.05465
   0.08733
  -0.01972
  -0.07054
   0.07979
   0.00260
  -0.08200
   0.06723
   0.02475
  -0.08831
   0.05045
   0.04535
  -0.08907
   0.03050
   0.06309
  -0.08423
   0.00863
   0.07688
  -0.07410
  -0.01378
   0.08583
  -0.05931
  -0.03533
   0.08939
  -0.04080
  -0.05465
   0.08733
  -0.01972
  -0.07054
   0.07979
   0.00260
  -0.08200
   0.06723
   0.02475
  -0.08831
   0.05045
   0.04535
  -0.08907
   0.03050
   0.06309
  -0.08423
   0.00863
   0.07688
  -0.07410
  -0.01378
   0.08583
  -0.05931
  -0.03533
   0.08939
  -0.04080
  -0.05465
   0.08733
  -0.01972
  -0.07054
   0.07979
   0.00260
  -0.08200
   0.06723
   0.02475
  -0.08831
   0.05045
   0.04535
  -0.08907
   0.03050
   0.06309
  -0.08423
   0.00863
   0.07688
  -0.07410
  -0.01378
   0.08583
  -0.05931
  -0.03533
   0.08939
  -0.04080
  -0.05465
   0.08733
  -0.01972
  -0.07054
   0.07979
   0.00260
  -0.08200
   0.06723
   0.02475
  -0.08831
   0.05045
   0.04535
  -0.08907
   0.03050
   0.06309
  -0.08423
   0.00863
   0.07688
  -0.07410
  -0.01378
   0.08583
  -0.05931
  -0.03533
   0.08939
  -0.04080
  -0.05465
   0.08733
  -0.01972
  -0.07054
   0.07979
   0.00260
  -0.08200
   0.06723
   0.02475
  -0.08831
   0.05045
   0.04535
  -0.08907
   0.03050
   0.06309
  -0.08423
   0.00863
   0.07688
  -0.07410
  -0.01378
   0.08583
  -0.05931
  -0.03533
   0.08939
  -0.04080
  -0.05465
   0.08733
  -0.01972
  -0.07054
   0.07979
   0.00260
  -0.08200
   0.06723
   0.02475
  -0.08831
   0.05045
   0.04535
  -0.08907
   0.03050
   0.06309
  -0.08423
   0.00863
   0.07688
  -0.07410
  -0.01378
   0.08583
  -0.05931
  -0.03533
   0.08939
  -0.04080
  -0.05465
   0.08733
  -0.01972
  -0.07054
   0.07979
   0.00260
  -0.08200
   0.06723
   0.02475
  -0.08831
   0.05045
   0.04535
  -0.08907
   0.03050
   0.06309
  -0.08423
   0.00863
   0.07688
  -0.07410
  -0.01378
   0.08583
  -0.05931
  -0.03533
   0.08939
  -0.04080
  -0.05465
   0.08733
  -0.01972
  -0.07054
   0.07979
   0.00260
  -0.08200
   0.06723
   0.02475
  -0.08831
