   0.02630
  -0.04863
   0.06727
  -0.08081
   0.08821
  -0.08890
   0.08285
  -0.07050
   0.05280
  -0.03109
   0.00702
   0.01758
  -0.04085
   0.06102
  -0.07655
   0.08627
  -0.08944
   0.08581
  -0.07567
   0.05978
  -0.03935
   0.01594
   0.00869
  -0.03266
   0.05415
  -0.07152
   0.08347
  -0.08907
   0.08791
  -0.08008
   0.06616
  -0.04722
   0.02469
  -0.00029
  -0.02414
   0.04673
  -0.06577
   0.07982
  -0.08780
   0.08912
  -0.08367
   0.07186
  -0.05460
   0.03319
  -0.00926
  -0.01537
   0.03884
  -0.05936
   0.07537
  -0.08565
   0.08943
  -0.08642
   0.07685
  -0.06144
   0.04136
  -0.01814
  -0.00645
   0.03056
  -0.05234
   0.07015
  -0.08263
   0.08884
  -0.08830
   0.08105
  -0.06765
   0.04911
  -0.02684
   0.00253
   0.02197
  -0.04480
   0.06423
  -0.07878
   0.08735
  -0.08928
   0.08444
  -0.07318
   0.05636
  -0.03527
   0.01149
   0.01315
  -0.03680
   0.05766
  -0.07413
   0.08498
  -0.08937
   0.08697
  -0.07797
   0.06305
  -0.04334
   0.02034
   0.00421
  -0.02844
   0.05050
  -0.06873
   0.08175
  -0.08855
   0.08863
  -0.08198
   0.06910
  -0.05097
   0.02898
  -0.00478
  -0.01978
   0.04284
  -0.06264
   0.07769
  -0.08684
   0.08939
  -0.08515
   0.07445
  -0.05809
   0.03732
  -0.01372
  -0.01093
   0.03474
  -0.05592
   0.07285
  -0.08425
   0.08925
  -0.08747
   0.07905
  -0.06462
   0.04529
  -0.02252
  -0.00196
   0.02630
  -0.04863
   0.06727
  -0.08081
   0.08821
  -0.08890
   0.08285
  -0.07050
   0.05280
  -0.03109
   0.00702
   0.01758
  -0.04085
   0.06102
  -0.07655
   0.08627
  -0.08944
   0.08581
  -0.07567
   0.05978
  -0.03935
   0.01594
   0.00869
  -0.03266
   0.05415
  -0.07152
   0.08347
  -0.08907
   0.08791
  -0.08008
   0.06616
  -0.04722
   0.02469
  -0.00029
  -0.02414
   0.04673
  -0.06577
   0.07982
  -0.08780
   0.08912
  -0.08367
   0.07186
  -0.05460
   0.03319
  -0.00926
  -0.01537
   0.03884
  -0.05936
   0.07537
  -0.08565
   0.08943
  -0.08642
   0.07685
  -0.06144
   0.04136
  -0.01814
  -0.00645
   0.03056
  -0.05234
   0.07015
  -0.08263
   0.08884
  -0.08830
   0.08105
  -0.06765
   0.04911
  -0.02684
   0.00253
   0.02197
  -0.04480
   0.06423
  -0.07878
   0.08735
  -0.08928
   0.08444
  -0.07318
   0.05636
  -0.03527
   0.01149
   0.01315
  -0.03680
   0.05766
  -0.07413
   0.08498
  -0.08937
   0.08697
  -0.07797
   0.06305
  -0.04334
   0.02034
   0.00421
  -0.02844
   0.05050
  -0.06873
   0.08175
  -0.08855
   0.08863
  -0.08198
   0.06910
  -0.05097
   0.02898
  -0.00478
  -0.01978
   0.04284
  -0.06264
   0.07769
  -0.08684
   0.08939
  -0.08515
   0.07445
  -0.05809
   0.03732
  -0.01372
  -0.01093
   0.03474
  -0.05592
   0.07285
  -0.08425
   0.08925
  -0.08747
   0.07905
  -0.06462
   0.04529
  -0.02252
  -0.00196
