   0.00693
   0.08441
   0.06109
  -0.03518
  -0.08944
  -0.03689
   0.05971
   0.08500
   0.00878
  -0.07793
  -0.07158
   0.02025
   0.08789
   0.05058
  -0.04714
  -0.08856
  -0.02423
   0.06904
   0.07986
  -0.00469
  -0.08364
  -0.06271
   0.03311
   0.08939
   0.03892
  -0.05802
  -0.08568
  -0.01102
   0.07680
   0.07290
  -0.01805
  -0.08745
  -0.05242
   0.04521
   0.08885
   0.02638
  -0.06759
  -0.08085
   0.00244
   0.08282
   0.06429
  -0.03101
  -0.08928
  -0.04093
   0.05629
   0.08630
   0.01324
  -0.07562
  -0.07418
   0.01585
   0.08695
   0.05422
  -0.04326
  -0.08908
  -0.02852
   0.06610
   0.08178
  -0.00019
  -0.08194
  -0.06583
   0.02889
   0.08911
   0.04292
  -0.05453
  -0.08686
  -0.01546
   0.07440
   0.07541
  -0.01363
  -0.08640
  -0.05599
   0.04128
   0.08925
   0.03064
  -0.06456
  -0.08267
  -0.00205
   0.08101
   0.06733
  -0.02675
  -0.08889
  -0.04488
   0.05273
   0.08737
   0.01767
  -0.07313
  -0.07660
   0.01140
   0.08579
   0.05773
  -0.03927
  -0.08937
  -0.03274
   0.06299
   0.08350
   0.00430
  -0.08003
  -0.06879
   0.02460
   0.08862
   0.04681
  -0.05090
  -0.08782
  -0.01987
   0.07181
   0.07774
  -0.00917
  -0.08513
  -0.05942
   0.03724
   0.08943
   0.03483
  -0.06137
  -0.08428
  -0.00654
   0.07901
   0.07021
  -0.02243
  -0.08828
  -0.04871
   0.04903
   0.08822
   0.02205
  -0.07045
  -0.07882
   0.00693
   0.08441
   0.06109
  -0.03518
  -0.08944
  -0.03689
   0.05971
   0.08500
   0.00878
  -0.07793
  -0.07158
   0.02025
   0.08789
   0.05058
  -0.04714
  -0.08856
  -0.02423
   0.06904
   0.07986
  -0.00469
  -0.08364
  -0.06271
   0.03311
   0.08939
   0.03892
  -0.05802
  -0.08568
  -0.01102
   0.07680
   0.07290
  -0.01805
  -0.08745
  -0.05242
   0.04521
   0.08885
   0.02638
  -0.06759
  -0.08085
   0.00244
   0.08282
   0.06429
  -0.03101
  -0.08928
  -0.04093
   0.05629
   0.08630
   0.01324
  -0.07562
  -0.07418
   0.01585
   0.08695
   0.05422
  -0.04326
  -0.08908
  -0.02852
   0.06610
   0.08178
  -0.00019
  -0.08194
  -0.06583
   0.02889
   0.08911
   0.04292
  -0.05453
  -0.08686
  -0.01546
   0.07440
   0.07541
  -0.01363
  -0.08640
  -0.05599
   0.04128
   0.08925
   0.03064
  -0.06456
  -0.08267
  -0.00205
   0.08101
   0.06733
  -0.02675
  -0.08889
  -0.04488
   0.05273
   0.08737
   0.01767
  -0.07313
  -0.07660
   0.01140
   0.08579
   0.05773
  -0.03927
  -0.08937
  -0.03274
   0.06299
   0.08350
   0.00430
  -0.08003
  -0.06879
   0.02460
   0.08862
   0.04681
  -0.05090
  -0.08782
  -0.01987
   0.07181
   0.07774
  -0.00917
  -0.08513
  -0.05942
   0.03724
   0.08943
   0.03483
  -0.06137
  -0.08428
  -0.00654
   0.07901
   0.07021
  -0.02243
  -0.08828
  -0.04871
   0.04903
   0.08822
   0.02205
  -0.07045
  -0.07882
