   0.03110
   0.05809
   0.07797
   0.08830
   0.08780
   0.07655
   0.05592
   0.02843
  -0.00254
  -0.03319
  -0.05978
  -0.07905
  -0.08863
  -0.08735
  -0.07536
  -0.05415
  -0.02629
   0.00478
   0.03527
   0.06144
   0.08008
   0.08890
   0.08684
   0.07413
   0.05234
   0.02414
  -0.00703
  -0.03733
  -0.06305
  -0.08105
  -0.08912
  -0.08627
  -0.07285
  -0.05050
  -0.02196
   0.00926
   0.03936
   0.06463
   0.08198
   0.08928
   0.08565
   0.07152
   0.04863
   0.01978
  -0.01150
  -0.04136
  -0.06616
  -0.08285
  -0.08939
  -0.08498
  -0.07015
  -0.04673
  -0.01758
   0.01372
   0.04334
   0.06765
   0.08367
   0.08944
   0.08425
   0.06873
   0.04480
   0.01537
  -0.01594
  -0.04529
  -0.06910
  -0.08444
  -0.08943
  -0.08347
  -0.06727
  -0.04284
  -0.01315
   0.01815
   0.04722
   0.07051
   0.08515
   0.08937
   0.08263
   0.06577
   0.04085
   0.01092
  -0.02034
  -0.04911
  -0.07187
  -0.08581
  -0.08925
  -0.08174
  -0.06423
  -0.03884
  -0.00869
   0.02252
   0.05098
   0.07318
   0.08642
   0.08907
   0.08081
   0.06264
   0.03680
   0.00645
  -0.02469
  -0.05281
  -0.07445
  -0.08697
  -0.08884
  -0.07982
  -0.06102
  -0.03474
  -0.00421
   0.02684
   0.05460
   0.07567
   0.08747
   0.08855
   0.07878
   0.05935
   0.03266
   0.00196
  -0.02898
  -0.05637
  -0.07685
  -0.08791
  -0.08820
  -0.07769
  -0.05765
  -0.03055
   0.00029
   0.03110
   0.05809
   0.07797
   0.08830
   0.08780
   0.07655
   0.05592
   0.02843
  -0.00254
  -0.03319
  -0.05978
  -0.07905
  -0.08863
  -0.08735
  -0.07536
  -0.05415
  -0.02629
   0.00478
   0.03527
   0.06144
   0.08008
   0.08890
   0.08684
   0.07413
   0.05234
   0.02414
  -0.00703
  -0.03733
  -0.06305
  -0.08105
  -0.08912
  -0.08627
  -0.07285
  -0.05050
  -0.02196
   0.00926
   0.03936
   0.06463
   0.08198
   0.08928
   0.08565
   0.07152
   0.04863
   0.01978
  -0.01150
  -0.04136
  -0.06616
  -0.08285
  -0.08939
  -0.08498
  -0.07015
  -0.04673
  -0.01758
   0.01372
   0.04334
   0.06765
   0.08367
   0.08944
   0.08425
   0.06873
   0.04480
   0.01537
  -0.01594
  -0.04529
  -0.06910
  -0.08444
  -0.08943
  -0.08347
  -0.06727
  -0.04284
  -0.01315
   0.01815
   0.04722
   0.07051
   0.08515
   0.08937
   0.08263
   0.06577
   0.04085
   0.01092
  -0.02034
  -0.04911
  -0.07187
  -0.08581
  -0.08925
  -0.08174
  -0.06423
  -0.03884
  -0.00869
   0.02252
   0.05098
   0.07318
   0.08642
   0.08907
   0.08081
   0.06264
   0.03680
   0.00645
  -0.02469
  -0.05281
  -0.07445
  -0.08697
  -0.08884
  -0.07982
  -0.06102
  -0.03474
  -0.00421
   0.02684
   0.05460
   0.07567
   0.08747
   0.08855
   0.07878
   0.05935
   0.03266
   0.00196
  -0.02898
  -0.05637
  -0.07685
  -0.08791
  -0.08820
  -0.07769
  -0.05765
  -0.03055
   0.00029
