   0.06580
   0.08912
   0.05456
  -0.01542
  -0.07539
  -0.08641
  -0.04132
   0.03060
   0.08265
   0.08103
   0.02680
  -0.04484
  -0.08736
  -0.07315
  -0.01145
   0.05769
   0.08937
   0.06302
  -0.00425
  -0.06876
  -0.08862
  -0.05093
   0.01983
   0.07771
   0.08514
   0.03728
  -0.03479
  -0.08426
  -0.07903
  -0.02248
   0.04867
   0.08821
   0.07048
   0.00698
  -0.06105
  -0.08944
  -0.05975
   0.00874
   0.07155
   0.08790
   0.04718
  -0.02418
  -0.07984
  -0.08365
  -0.03315
   0.03888
   0.08566
   0.07682
   0.01810
  -0.05238
  -0.08884
  -0.06762
  -0.00249
   0.06426
   0.08928
   0.05633
  -0.01320
  -0.07416
  -0.08696
  -0.04330
   0.02848
   0.08176
   0.08196
   0.02893
  -0.04288
  -0.08685
  -0.07442
  -0.01367
   0.05596
   0.08925
   0.06459
  -0.00201
  -0.06730
  -0.08890
  -0.05277
   0.01763
   0.07658
   0.08580
   0.03931
  -0.03270
  -0.08348
  -0.08005
  -0.02464
   0.04677
   0.08781
   0.07184
   0.00921
  -0.05939
  -0.08943
  -0.06140
   0.00650
   0.07018
   0.08829
   0.04907
  -0.02201
  -0.07880
  -0.08442
  -0.03523
   0.03684
   0.08499
   0.07795
   0.02029
  -0.05054
  -0.08856
  -0.06907
  -0.00473
   0.06268
   0.08939
   0.05806
  -0.01097
  -0.07288
  -0.08746
  -0.04525
   0.02634
   0.08083
   0.08283
   0.03105
  -0.04089
  -0.08628
  -0.07565
  -0.01589
   0.05418
   0.08908
   0.06613
   0.00024
  -0.06580
  -0.08912
  -0.05456
   0.01542
   0.07539
   0.08641
   0.04132
  -0.03060
  -0.08265
  -0.08103
  -0.02680
   0.04484
   0.08736
   0.07315
   0.01145
  -0.05769
  -0.08937
  -0.06302
   0.00425
   0.06876
   0.08862
   0.05093
  -0.01983
  -0.07771
  -0.08514
  -0.03728
   0.03479
   0.08426
   0.07903
   0.02248
  -0.04867
  -0.08821
  -0.07048
  -0.00698
   0.06105
   0.08944
   0.05975
  -0.00874
  -0.07155
  -0.08790
  -0.04718
   0.02418
   0.07984
   0.08365
   0.03315
  -0.03888
  -0.08566
  -0.07682
  -0.01810
   0.05238
   0.08884
   0.06762
   0.00249
  -0.06426
  -0.08928
  -0.05633
   0.01320
   0.07416
   0.08696
   0.04330
  -0.02848
  -0.08176
  -0.08196
  -0.02893
   0.04288
   0.08685
   0.07442
   0.01367
  -0.05596
  -0.08925
  -0.06459
   0.00201
   0.06730
   0.08890
   0.05277
  -0.01763
  -0.07658
  -0.08580
  -0.03931
   0.03270
   0.08348
   0.08005
   0.02464
  -0.04677
  -0.08781
  -0.07184
  -0.00921
   0.05939
   0.08943
   0.06140
  -0.00650
  -0.07018
  -0.08829
  -0.04907
   0.02201
   0.07880
   0.08442
   0.03523
  -0.03684
  -0.08499
  -0.07795
  -0.02029
   0.05054
   0.08856
   0.06907
   0.00473
  -0.06268
  -0.08939
  -0.05806
   0.01097
   0.07288
   0.08746
   0.04525
  -0.02634
  -0.08083
  -0.08283
  -0.03105
   0.04089
   0.08628
   0.07565
   0.01589
  -0.05418
  -0.08908
  -0.06613
  -0.00024
