  -0.01439
   0.08667
   0.02962
  -0.08147
  -0.04393
   0.07375
   0.05689
  -0.06375
  -0.06809
   0.05179
   0.07719
  -0.03823
  -0.08391
   0.02348
   0.08803
  -0.00802
  -0.08944
  -0.00770
   0.08809
   0.02318
  -0.08402
  -0.03794
   0.07735
   0.05153
  -0.06830
  -0.06353
   0.05714
   0.07357
  -0.04421
  -0.08134
   0.02992
   0.08659
  -0.01470
  -0.08918
  -0.00096
   0.08901
   0.01660
  -0.08609
  -0.03173
   0.08051
   0.04588
  -0.07245
  -0.05861
   0.06216
   0.06953
  -0.04994
  -0.07830
   0.03618
   0.08466
  -0.02131
  -0.08840
   0.00578
   0.08942
   0.00994
  -0.08767
  -0.02534
   0.08322
   0.03996
  -0.07620
  -0.05335
   0.06683
   0.06509
  -0.05539
  -0.07482
   0.04224
   0.08225
  -0.02779
  -0.08713
   0.01248
   0.08932
   0.00321
  -0.08876
  -0.01881
   0.08545
   0.03382
  -0.07951
  -0.04779
   0.07111
   0.06029
  -0.06052
  -0.07092
   0.04806
   0.07936
  -0.03412
  -0.08536
   0.01912
   0.08872
  -0.00353
  -0.08934
  -0.01217
   0.08720
   0.02749
  -0.08237
  -0.04196
   0.07500
   0.05514
  -0.06531
  -0.06661
   0.05361
   0.07603
  -0.04025
  -0.08310
   0.02565
   0.08761
  -0.01025
  -0.08941
  -0.00546
   0.08845
   0.02100
  -0.08476
  -0.03589
   0.07846
   0.04968
  -0.06973
  -0.06193
   0.05885
   0.07227
  -0.04615
  -0.08038
   0.03203
   0.08600
  -0.01692
  -0.08897
   0.00128
   0.08920
   0.01439
  -0.08667
  -0.02962
   0.08147
   0.04393
  -0.07375
  -0.05689
   0.06375
   0.06809
  -0.05179
  -0.07719
   0.03823
   0.08391
  -0.02348
  -0.08803
   0.00802
   0.08944
   0.00770
  -0.08809
  -0.02318
   0.08402
   0.03794
  -0.07735
  -0.05153
   0.06830
   0.06353
  -0.05714
  -0.07357
   0.04421
   0.08134
  -0.02992
  -0.08659
   0.01470
   0.08918
   0.00096
  -0.08901
  -0.01660
   0.08609
   0.03173
  -0.08051
  -0.04588
   0.07245
   0.05861
  -0.06216
  -0.06953
   0.04994
   0.07830
  -0.03618
  -0.08466
   0.02131
   0.08840
  -0.00578
  -0.08942
  -0.00994
   0.08767
   0.02534
  -0.08322
  -0.03996
   0.07620
   0.05335
  -0.06683
  -0.06509
   0.05539
   0.07482
  -0.04224
  -0.08225
   0.02779
   0.08713
  -0.01248
  -0.08932
  -0.00321
   0.08876
   0.01881
  -0.08545
  -0.03382
   0.07951
   0.04779
  -0.07111
  -0.06029
   0.06052
   0.07092
  -0.04806
  -0.07936
   0.03412
   0.08536
  -0.01912
  -0.08872
   0.00353
   0.08934
   0.01217
  -0.08720
  -0.02749
   0.08237
   0.04196
  -0.07500
  -0.05514
   0.06531
   0.06661
  -0.05361
  -0.07603
   0.04025
   0.08310
  -0.02565
  -0.08761
   0.01025
   0.08941
   0.00546
  -0.08845
  -0.02100
   0.08476
   0.03589
  -0.07846
  -0.04968
   0.06973
   0.06193
  -0.05885
  -0.07227
   0.04615
   0.08038
  -0.03203
  -0.08600
   0.01692
   0.08897
  -0.00128
  -0.08920
