  -0.00262
   0.08929
  -0.01307
  -0.08699
   0.02835
   0.08201
  -0.04276
  -0.07450
   0.05585
   0.06469
  -0.06722
  -0.05288
   0.07651
   0.03943
  -0.08343
  -0.02477
   0.08779
   0.00935
  -0.08943
   0.00636
   0.08831
  -0.02188
  -0.08447
   0.03672
   0.07802
  -0.05043
  -0.06915
   0.06258
   0.05816
  -0.07280
  -0.04537
   0.08077
   0.03118
  -0.08625
  -0.01602
   0.08906
   0.00037
  -0.08913
   0.01529
   0.08644
  -0.03047
  -0.08109
   0.04472
   0.07323
  -0.05759
  -0.06311
   0.06868
   0.05105
  -0.07765
  -0.03740
   0.08422
   0.02261
  -0.08819
  -0.00711
   0.08944
  -0.00860
  -0.08793
   0.02405
   0.08370
  -0.03876
  -0.07689
   0.05227
   0.06771
  -0.06417
  -0.05643
   0.07408
   0.04342
  -0.08171
  -0.02906
   0.08682
   0.01381
  -0.08924
   0.00187
   0.08891
  -0.01750
  -0.08584
   0.03258
   0.08011
  -0.04665
  -0.07192
   0.05929
   0.06150
  -0.07010
  -0.04918
   0.07874
   0.03535
  -0.08495
  -0.02042
   0.08854
   0.00487
  -0.08939
   0.01084
   0.08749
  -0.02621
  -0.08288
   0.04077
   0.07572
  -0.05408
  -0.06622
   0.06571
   0.05467
  -0.07532
  -0.04144
   0.08260
   0.02693
  -0.08733
  -0.01158
   0.08936
  -0.00412
  -0.08864
   0.01969
   0.08518
  -0.03466
  -0.07909
   0.04856
   0.07056
  -0.06095
  -0.05985
   0.07147
   0.04729
  -0.07978
  -0.03327
   0.08563
   0.01823
  -0.08883
  -0.00262
   0.08929
  -0.01307
  -0.08699
   0.02835
   0.08201
  -0.04276
  -0.07450
   0.05585
   0.06469
  -0.06722
  -0.05288
   0.07651
   0.03943
  -0.08343
  -0.02477
   0.08779
   0.00935
  -0.08943
   0.00636
   0.08831
  -0.02188
  -0.08447
   0.03672
   0.07802
  -0.05043
  -0.06915
   0.06258
   0.05816
  -0.07280
  -0.04537
   0.08077
   0.03118
  -0.08625
  -0.01602
   0.08906
   0.00037
  -0.08913
   0.01529
   0.08644
  -0.03047
  -0.08109
   0.04472
   0.07323
  -0.05759
  -0.06311
   0.06868
   0.05105
  -0.07765
  -0.03740
   0.08422
   0.02261
  -0.08819
  -0.00711
   0.08944
  -0.00860
  -0.08793
   0.02405
   0.08370
  -0.03876
  -0.07689
   0.05227
   0.06771
  -0.06417
  -0.05643
   0.07408
   0.04342
  -0.08171
  -0.02906
   0.08682
   0.01381
  -0.08924
   0.00187
   0.08891
  -0.01750
  -0.08584
   0.03258
   0.08011
  -0.04665
  -0.07192
   0.05929
   0.06150
  -0.07010
  -0.04918
   0.07874
   0.03535
  -0.08495
  -0.02042
   0.08854
   0.00487
  -0.08939
   0.01084
   0.08749
  -0.02621
  -0.08288
   0.04077
   0.07572
  -0.05408
  -0.06622
   0.06571
   0.05467
  -0.07532
  -0.04144
   0.08260
   0.02693
  -0.08733
  -0.01158
   0.08936
  -0.00412
  -0.08864
   0.01969
   0.08518
  -0.03466
  -0.07909
   0.04856
   0.07056
  -0.06095
  -0.05985
   0.07147
   0.04729
  -0.07978
  -0.03327
   0.08563
   0.01823
  -0.08883
