  -0.03605
  -0.04209
   0.08806
  -0.06673
  -0.00560
   0.07365
  -0.08541
   0.03189
   0.04600
  -0.08874
   0.06365
   0.01008
  -0.07611
   0.08397
  -0.02765
  -0.04980
   0.08919
  -0.06041
  -0.01453
   0.07837
  -0.08231
   0.02334
   0.05347
  -0.08941
   0.05702
   0.01895
  -0.08044
   0.08045
  -0.01898
  -0.05700
   0.08941
  -0.05349
  -0.02332
   0.08230
  -0.07839
   0.01456
   0.06039
  -0.08919
   0.04982
   0.02763
  -0.08396
   0.07612
  -0.01011
  -0.06363
   0.08874
  -0.04602
  -0.03187
   0.08540
  -0.07367
   0.00563
   0.06671
  -0.08806
   0.04211
   0.03602
  -0.08663
   0.07102
  -0.00114
  -0.06962
   0.08717
  -0.03809
  -0.04009
   0.08764
  -0.06820
  -0.00336
   0.07235
  -0.08605
   0.03398
   0.04406
  -0.08843
   0.06521
   0.00784
  -0.07490
   0.08472
  -0.02978
  -0.04791
   0.08899
  -0.06205
  -0.01231
   0.07726
  -0.08317
   0.02551
   0.05165
  -0.08933
   0.05874
   0.01675
  -0.07943
   0.08141
  -0.02117
  -0.05525
   0.08944
  -0.05527
  -0.02114
   0.08140
  -0.07944
   0.01677
   0.05872
  -0.08933
   0.05167
   0.02548
  -0.08316
   0.07728
  -0.01234
  -0.06203
   0.08899
  -0.04794
  -0.02976
   0.08471
  -0.07492
   0.00787
   0.06519
  -0.08843
   0.04408
   0.03396
  -0.08604
   0.07237
  -0.00338
  -0.06819
   0.08764
  -0.04012
  -0.03807
   0.08716
  -0.06964
  -0.00111
   0.07101
  -0.08664
   0.03605
   0.04209
  -0.08806
   0.06673
   0.00560
  -0.07365
   0.08541
  -0.03189
  -0.04600
   0.08874
  -0.06365
  -0.01008
   0.07611
  -0.08397
   0.02765
   0.04980
  -0.08919
   0.06041
   0.01453
  -0.07837
   0.08231
  -0.02334
  -0.05347
   0.08941
  -0.05702
  -0.01895
   0.08044
  -0.08045
   0.01898
   0.05700
  -0.08941
   0.05349
   0.02332
  -0.08230
   0.07839
  -0.01456
  -0.06039
   0.08919
  -0.04982
  -0.02763
   0.08396
  -0.07612
   0.01011
   0.06363
  -0.08874
   0.04602
   0.03187
  -0.08540
   0.07367
  -0.00563
  -0.06671
   0.08806
  -0.04211
  -0.03602
   0.08663
  -0.07102
   0.00114
   0.06962
  -0.08717
   0.03809
   0.04009
  -0.08764
   0.06820
   0.00336
  -0.07235
   0.08605
  -0.03398
  -0.04406
   0.08843
  -0.06521
  -0.00784
   0.07490
  -0.08472
   0.02978
   0.04791
  -0.08899
   0.06205
   0.01231
  -0.07726
   0.08317
  -0.02551
  -0.05165
   0.08933
  -0.05874
  -0.01675
   0.07943
  -0.08141
   0.02117
   0.05525
  -0.08944
   0.05527
   0.02114
  -0.08140
   0.07944
  -0.01677
  -0.05872
   0.08933
  -0.05167
  -0.02548
   0.08316
  -0.07728
   0.01234
   0.06203
  -0.08899
   0.04794
   0.02976
  -0.08471
   0.07492
  -0.00787
  -0.06519
   0.08843
  -0.04408
  -0.03396
   0.08604
  -0.07237
   0.00338
   0.06819
  -0.08764
   0.04012
   0.03807
  -0.08716
   0.06964
   0.00111
  -0.07101
   0.08664
