  -0.07040
   0.01577
   0.04687
  -0.08570
   0.08098
  -0.03511
  -0.02859
   0.07777
  -0.08743
   0.05267
   0.00886
  -0.06589
   0.08943
  -0.06754
   0.01133
   0.05064
  -0.08688
   0.07897
  -0.03094
  -0.03282
   0.07989
  -0.08638
   0.04897
   0.01332
  -0.06884
   0.08938
  -0.06451
   0.00685
   0.05428
  -0.08784
   0.07676
  -0.02668
  -0.03696
   0.08181
  -0.08510
   0.04515
   0.01775
  -0.07162
   0.08911
  -0.06131
   0.00237
   0.05778
  -0.08857
   0.07436
  -0.02236
  -0.04100
   0.08353
  -0.08361
   0.04121
   0.02213
  -0.07423
   0.08861
  -0.05796
  -0.00213
   0.06114
  -0.08909
   0.07176
  -0.01798
  -0.04494
   0.08503
  -0.08191
   0.03717
   0.02646
  -0.07664
   0.08788
  -0.05447
  -0.00662
   0.06434
  -0.08937
   0.06899
  -0.01355
  -0.04877
   0.08632
  -0.08000
   0.03304
   0.03072
  -0.07886
   0.08693
  -0.05084
  -0.01109
   0.06738
  -0.08944
   0.06604
  -0.00909
  -0.05248
   0.08738
  -0.07789
   0.02882
   0.03490
  -0.08088
   0.08577
  -0.04707
  -0.01554
   0.07025
  -0.08927
   0.06293
  -0.00461
  -0.05605
   0.08823
  -0.07558
   0.02453
   0.03899
  -0.08270
   0.08438
  -0.04319
  -0.01994
   0.07295
  -0.08888
   0.05966
  -0.00012
  -0.05948
   0.08886
  -0.07308
   0.02017
   0.04299
  -0.08430
   0.08279
  -0.03920
  -0.02430
   0.07546
  -0.08827
   0.05623
   0.00438
  -0.06276
   0.08926
  -0.07040
   0.01577
   0.04687
  -0.08570
   0.08098
  -0.03511
  -0.02859
   0.07777
  -0.08743
   0.05267
   0.00886
  -0.06589
   0.08943
  -0.06754
   0.01133
   0.05064
  -0.08688
   0.07897
  -0.03094
  -0.03282
   0.07989
  -0.08638
   0.04897
   0.01332
  -0.06884
   0.08938
  -0.06451
   0.00685
   0.05428
  -0.08784
   0.07676
  -0.02668
  -0.03696
   0.08181
  -0.08510
   0.04515
   0.01775
  -0.07162
   0.08911
  -0.06131
   0.00237
   0.05778
  -0.08857
   0.07436
  -0.02236
  -0.04100
   0.08353
  -0.08361
   0.04121
   0.02213
  -0.07423
   0.08861
  -0.05796
  -0.00213
   0.06114
  -0.08909
   0.07176
  -0.01798
  -0.04494
   0.08503
  -0.08191
   0.03717
   0.02646
  -0.07664
   0.08788
  -0.05447
  -0.00662
   0.06434
  -0.08937
   0.06899
  -0.01355
  -0.04877
   0.08632
  -0.08000
   0.03304
   0.03072
  -0.07886
   0.08693
  -0.05084
  -0.01109
   0.06738
  -0.08944
   0.06604
  -0.00909
  -0.05248
   0.08738
  -0.07789
   0.02882
   0.03490
  -0.08088
   0.08577
  -0.04707
  -0.01554
   0.07025
  -0.08927
   0.06293
  -0.00461
  -0.05605
   0.08823
  -0.07558
   0.02453
   0.03899
  -0.08270
   0.08438
  -0.04319
  -0.01994
   0.07295
  -0.08888
   0.05966
  -0.00012
  -0.05948
   0.08886
  -0.07308
   0.02017
   0.04299
  -0.08430
   0.08279
  -0.03920
  -0.02430
   0.07546
  -0.08827
   0.05623
   0.00438
  -0.06276
   0.08926
