  -0.08817
   0.02488
   0.08256
  -0.04351
  -0.07273
   0.05993
   0.05921
  -0.07330
  -0.04266
   0.08292
   0.02395
  -0.08833
  -0.00401
   0.08923
  -0.01613
  -0.08559
   0.03545
   0.07759
  -0.05297
  -0.06564
   0.06778
   0.05034
  -0.07914
  -0.03247
   0.08647
   0.01296
  -0.08940
   0.00722
   0.08777
  -0.02703
  -0.08166
   0.04546
   0.07140
  -0.06158
  -0.05750
   0.07456
   0.04067
  -0.08374
  -0.02177
   0.08866
   0.00176
  -0.08905
   0.01834
   0.08491
  -0.03750
  -0.07645
   0.05476
   0.06409
  -0.06923
  -0.04846
   0.08016
   0.03037
  -0.08702
  -0.01073
   0.08944
  -0.00946
  -0.08731
   0.02917
   0.08072
  -0.04739
  -0.07003
   0.06319
   0.05576
  -0.07578
  -0.03866
   0.08450
   0.01959
  -0.08892
   0.00049
   0.08882
  -0.02053
  -0.08418
   0.03953
   0.07526
  -0.05652
  -0.06250
   0.07063
   0.04656
  -0.08114
  -0.02825
   0.08751
   0.00849
  -0.08943
   0.01169
   0.08679
  -0.03128
  -0.07973
   0.04928
   0.06861
  -0.06476
  -0.05399
   0.07695
   0.03662
  -0.08521
  -0.01739
   0.08914
  -0.00273
  -0.08852
   0.02271
   0.08339
  -0.04154
  -0.07402
   0.05824
   0.06087
  -0.07198
  -0.04462
   0.08206
   0.02610
  -0.08795
  -0.00625
   0.08936
  -0.01392
  -0.08622
   0.03338
   0.07868
  -0.05114
  -0.06714
   0.06629
   0.05218
  -0.07807
  -0.03456
   0.08587
   0.01518
  -0.08930
   0.00498
   0.08817
  -0.02488
  -0.08256
   0.04351
   0.07273
  -0.05993
  -0.05921
   0.07330
   0.04266
  -0.08292
  -0.02395
   0.08833
   0.00401
  -0.08923
   0.01613
   0.08559
  -0.03545
  -0.07759
   0.05297
   0.06564
  -0.06778
  -0.05034
   0.07914
   0.03247
  -0.08647
  -0.01296
   0.08940
  -0.00722
  -0.08777
   0.02703
   0.08166
  -0.04546
  -0.07140
   0.06158
   0.05750
  -0.07456
  -0.04067
   0.08374
   0.02177
  -0.08866
  -0.00176
   0.08905
  -0.01834
  -0.08491
   0.03750
   0.07645
  -0.05476
  -0.06409
   0.06923
   0.04846
  -0.08016
  -0.03037
   0.08702
   0.01073
  -0.08944
   0.00946
   0.08731
  -0.02917
  -0.08072
   0.04739
   0.07003
  -0.06319
  -0.05576
   0.07578
   0.03866
  -0.08450
  -0.01959
   0.08892
  -0.00049
  -0.08882
   0.02053
   0.08418
  -0.03953
  -0.07526
   0.05652
   0.06250
  -0.07063
  -0.04656
   0.08114
   0.02825
  -0.08751
  -0.00849
   0.08943
  -0.01169
  -0.08679
   0.03128
   0.07973
  -0.04928
  -0.06861
   0.06476
   0.05399
  -0.07695
  -0.03662
   0.08521
   0.01739
  -0.08914
   0.00273
   0.08852
  -0.02271
  -0.08339
   0.04154
   0.07402
  -0.05824
  -0.06087
   0.07198
   0.04462
  -0.08206
  -0.02610
   0.08795
   0.00625
  -0.08936
   0.01392
   0.08622
  -0.03338
  -0.07868
   0.05114
   0.06714
  -0.06629
  -0.05218
   0.07807
   0.03456
  -0.08587
  -0.01518
   0.08930
  -0.00498
