   0.08916
  -0.00378
  -0.08944
  -0.00296
   0.08922
   0.00968
  -0.08849
  -0.01635
   0.08726
   0.02293
  -0.08553
  -0.02938
   0.08331
   0.03566
  -0.08063
  -0.04174
   0.07748
   0.04758
  -0.07389
  -0.05315
   0.06989
   0.05841
  -0.06548
  -0.06335
   0.06071
   0.06793
  -0.05559
  -0.07212
   0.05015
   0.07590
  -0.04443
  -0.07925
   0.03846
   0.08215
  -0.03226
  -0.08458
   0.02589
   0.08653
  -0.01937
  -0.08799
   0.01273
   0.08895
  -0.00603
  -0.08940
  -0.00071
   0.08935
   0.00745
  -0.08879
  -0.01414
   0.08772
   0.02075
  -0.08616
  -0.02725
   0.08410
   0.03359
  -0.08157
  -0.03973
   0.07858
   0.04566
  -0.07514
  -0.05132
   0.07127
   0.05669
  -0.06699
  -0.06174
   0.06234
   0.06644
  -0.05733
  -0.07076
   0.05200
   0.07468
  -0.04637
  -0.07818
   0.04047
   0.08123
  -0.03435
  -0.08382
   0.02803
   0.08593
  -0.02156
  -0.08756
   0.01496
   0.08868
  -0.00827
  -0.08931
   0.00154
   0.08942
   0.00520
  -0.08903
  -0.01191
   0.08813
   0.01856
  -0.08673
  -0.02510
   0.08484
   0.03149
  -0.08247
  -0.03771
   0.07963
   0.04371
  -0.07633
  -0.04946
   0.07260
   0.05494
  -0.06846
  -0.06010
   0.06393
   0.06492
  -0.05904
  -0.06937
   0.05381
   0.07342
  -0.04827
  -0.07706
   0.04247
   0.08026
  -0.03642
  -0.08301
   0.03016
   0.08528
  -0.02373
  -0.08707
   0.01717
   0.08836
  -0.01051
  -0.08916
   0.00378
   0.08944
   0.00296
  -0.08922
  -0.00968
   0.08849
   0.01635
  -0.08726
  -0.02293
   0.08553
   0.02938
  -0.08331
  -0.03566
   0.08063
   0.04174
  -0.07748
  -0.04758
   0.07389
   0.05315
  -0.06989
  -0.05841
   0.06548
   0.06335
  -0.06071
  -0.06793
   0.05559
   0.07212
  -0.05015
  -0.07590
   0.04443
   0.07925
  -0.03846
  -0.08215
   0.03226
   0.08458
  -0.02589
  -0.08653
   0.01937
   0.08799
  -0.01273
  -0.08895
   0.00603
   0.08940
   0.00071
  -0.08935
  -0.00745
   0.08879
   0.01414
  -0.08772
  -0.02075
   0.08616
   0.02725
  -0.08410
  -0.03359
   0.08157
   0.03973
  -0.07858
  -0.04566
   0.07514
   0.05132
  -0.07127
  -0.05669
   0.06699
   0.06174
  -0.06234
  -0.06644
   0.05733
   0.07076
  -0.05200
  -0.07468
   0.04637
   0.07818
  -0.04047
  -0.08123
   0.03435
   0.08382
  -0.02803
  -0.08593
   0.02156
   0.08756
  -0.01496
  -0.08868
   0.00827
   0.08931
  -0.00154
  -0.08942
  -0.00520
   0.08903
   0.01191
  -0.08813
  -0.01856
   0.08673
   0.02510
  -0.08484
  -0.03149
   0.08247
   0.03771
  -0.07963
  -0.04371
   0.07633
   0.04946
  -0.07260
  -0.05494
   0.06846
   0.06010
  -0.06393
  -0.06492
   0.05904
   0.06937
  -0.05381
  -0.07342
   0.04827
   0.07706
  -0.04247
  -0.08026
   0.03642
   0.08301
  -0.03016
  -0.08528
   0.02373
   0.08707
  -0.01717
  -0.08836
   0.01051
