   0.08549
  -0.07507
   0.05894
  -0.03834
   0.01483
   0.00981
  -0.03370
   0.05504
  -0.07219
   0.08386
  -0.08917
   0.08770
  -0.07957
   0.06540
  -0.04626
   0.02361
   0.00084
  -0.02522
   0.04768
  -0.06653
   0.08032
  -0.08801
   0.08902
  -0.08327
   0.07119
  -0.05371
   0.03214
  -0.00814
  -0.01648
   0.03985
  -0.06019
   0.07597
  -0.08597
   0.08944
  -0.08612
   0.07626
  -0.06061
   0.04036
  -0.01704
  -0.00757
   0.03161
  -0.05325
   0.07084
  -0.08306
   0.08896
  -0.08811
   0.08057
  -0.06691
   0.04817
  -0.02577
   0.00141
   0.02306
  -0.04577
   0.06501
  -0.07931
   0.08758
  -0.08921
   0.08406
  -0.07253
   0.05549
  -0.03423
   0.01038
   0.01427
  -0.03782
   0.05851
  -0.07475
   0.08532
  -0.08941
   0.08670
  -0.07741
   0.06225
  -0.04235
   0.01924
   0.00533
  -0.02950
   0.05143
  -0.06945
   0.08220
  -0.08870
   0.08847
  -0.08152
   0.06838
  -0.05005
   0.02791
  -0.00366
  -0.02088
   0.04382
  -0.06344
   0.07824
  -0.08710
   0.08934
  -0.08480
   0.07382
  -0.05723
   0.03630
  -0.01261
  -0.01204
   0.03578
  -0.05679
   0.07350
  -0.08462
   0.08931
  -0.08723
   0.07852
  -0.06384
   0.04432
  -0.02143
  -0.00309
   0.02737
  -0.04957
   0.06801
  -0.08128
   0.08838
  -0.08877
   0.08242
  -0.06981
   0.05189
  -0.03004
   0.00590
   0.01868
  -0.04185
   0.06184
  -0.07713
   0.08656
  -0.08942
   0.08549
  -0.07507
   0.05894
  -0.03834
   0.01483
   0.00981
  -0.03370
   0.05504
  -0.07219
   0.08386
  -0.08917
   0.08770
  -0.07957
   0.06540
  -0.04626
   0.02361
   0.00084
  -0.02522
   0.04768
  -0.06653
   0.08032
  -0.08801
   0.08902
  -0.08327
   0.07119
  -0.05371
   0.03214
  -0.00814
  -0.01648
   0.03985
  -0.06019
   0.07597
  -0.08597
   0.08944
  -0.08612
   0.07626
  -0.06061
   0.04036
  -0.01704
  -0.00757
   0.03161
  -0.05325
   0.07084
  -0.08306
   0.08896
  -0.08811
   0.08057
  -0.06691
   0.04817
  -0.02577
   0.00141
   0.02306
  -0.04577
   0.06501
  -0.07931
   0.08758
  -0.08921
   0.08406
  -0.07253
   0.05549
  -0.03423
   0.01038
   0.01427
  -0.03782
   0.05851
  -0.07475
   0.08532
  -0.08941
   0.08670
  -0.07741
   0.06225
  -0.04235
   0.01924
   0.00533
  -0.02950
   0.05143
  -0.06945
   0.08220
  -0.08870
   0.08847
  -0.08152
   0.06838
  -0.05005
   0.02791
  -0.00366
  -0.02088
   0.04382
  -0.06344
   0.07824
  -0.08710
   0.08934
  -0.08480
   0.07382
  -0.05723
   0.03630
  -0.01261
  -0.01204
   0.03578
  -0.05679
   0.07350
  -0.08462
   0.08931
  -0.08723
   0.07852
  -0.06384
   0.04432
  -0.02143
  -0.00309
   0.02737
  -0.04957
   0.06801
  -0.08128
   0.08838
  -0.08877
   0.08242
  -0.06981
   0.05189
  -0.03004
   0.00590
   0.01868
  -0.04185
   0.06184
  -0.07713
   0.08656
  -0.08942
