   0.03318
   0.06143
   0.08105
   0.08928
   0.08498
   0.06874
   0.04285
   0.01094
  -0.02251
  -0.05279
  -0.07566
  -0.08791
  -0.08781
  -0.07537
  -0.05235
  -0.02198
   0.01148
   0.04333
   0.06909
   0.08515
   0.08925
   0.08081
   0.06103
   0.03267
  -0.00027
  -0.03318
  -0.06143
  -0.08105
  -0.08928
  -0.08498
  -0.06874
  -0.04285
  -0.01094
   0.02251
   0.05279
   0.07566
   0.08791
   0.08781
   0.07537
   0.05235
   0.02198
  -0.01148
  -0.04333
  -0.06909
  -0.08515
  -0.08925
  -0.08081
  -0.06103
  -0.03267
   0.00027
   0.03318
   0.06143
   0.08105
   0.08928
   0.08498
   0.06874
   0.04285
   0.01094
  -0.02251
  -0.05279
  -0.07566
  -0.08791
  -0.08781
  -0.07537
  -0.05235
  -0.02198
   0.01148
   0.04333
   0.06909
   0.08515
   0.08925
   0.08081
   0.06103
   0.03267
  -0.00027
  -0.03318
  -0.06143
  -0.08105
  -0.08928
  -0.08498
  -0.06874
  -0.04285
  -0.01094
   0.02251
   0.05279
   0.07566
   0.08791
   0.08781
   0.07537
   0.05235
   0.02198
  -0.01148
  -0.04333
  -0.06909
  -0.08515
  -0.08925
  -0.08081
  -0.06103
  -0.03267
   0.00027
   0.03318
   0.06143
   0.08105
   0.08928
   0.08498
   0.06874
   0.04285
   0.01094
  -0.02251
  -0.05279
  -0.07566
  -0.08791
  -0.08781
  -0.07537
  -0.05235
  -0.02198
   0.01148
   0.04333
   0.06909
   0.08515
   0.08925
   0.08081
   0.06103
   0.03267
  -0.00027
  -0.03318
  -0.06143
  -0.08105
  -0.08928
  -0.08498
  -0.06874
  -0.04285
  -0.01094
   0.02251
   0.05279
   0.07566
   0.08791
   0.08781
   0.07537
   0.05235
   0.02198
  -0.01148
  -0.04333
  -0.06909
  -0.08515
  -0.08925
  -0.08081
  -0.06103
  -0.03267
   0.00027
   0.03318
   0.06143
   0.08105
   0.08928
   0.08498
   0.06874
   0.04285
   0.01094
  -0.02251
  -0.05279
  -0.07566
  -0.08791
  -0.08781
  -0.07537
  -0.05235
  -0.02198
   0.01148
   0.04333
   0.06909
   0.08515
   0.08925
   0.08081
   0.06103
   0.03267
  -0.00027
  -0.03318
  -0.06143
  -0.08105
  -0.08928
  -0.08498
  -0.06874
  -0.04285
  -0.01094
   0.02251
   0.05279
   0.07566
   0.08791
   0.08781
   0.07537
   0.05235
   0.02198
  -0.01148
  -0.04333
  -0.06909
  -0.08515
  -0.08925
  -0.08081
  -0.06103
  -0.03267
   0.00027
   0.03318
   0.06143
   0.08105
   0.08928
   0.08498
   0.06874
   0.04285
   0.01094
  -0.02251
  -0.05279
  -0.07566
  -0.08791
  -0.08781
  -0.07537
  -0.05235
  -0.02198
   0.01148
   0.04333
   0.06909
   0.08515
   0.08925
   0.08081
   0.06103
   0.03267
  -0.00027
  -0.03318
  -0.06143
  -0.08105
  -0.08928
  -0.08498
  -0.06874
  -0.04285
  -0.01094
   0.02251
   0.05279
   0.07566
   0.08791
   0.08781
   0.07537
   0.05235
   0.02198
  -0.01148
  -0.04333
  -0.06909
  -0.08515
  -0.08925
  -0.08081
  -0.06103
  -0.03267
   0.00027
