  -0.08386
  -0.06801
  -0.04382
  -0.01426
   0.01704
   0.04626
   0.06981
   0.08480
   0.08941
   0.08306
   0.06653
   0.04185
   0.01204
  -0.01924
  -0.04817
  -0.07119
  -0.08549
  -0.08931
  -0.08219
  -0.06500
  -0.03985
  -0.00981
   0.02143
   0.05005
   0.07253
   0.08612
   0.08917
   0.08128
   0.06344
   0.03782
   0.00757
  -0.02361
  -0.05190
  -0.07382
  -0.08670
  -0.08896
  -0.08032
  -0.06183
  -0.03577
  -0.00533
   0.02577
   0.05371
   0.07507
   0.08723
   0.08870
   0.07930
   0.06019
   0.03370
   0.00308
  -0.02791
  -0.05549
  -0.07627
  -0.08770
  -0.08838
  -0.07824
  -0.05851
  -0.03161
  -0.00084
   0.03004
   0.05724
   0.07742
   0.08811
   0.08801
   0.07713
   0.05679
   0.02950
  -0.00141
  -0.03215
  -0.05894
  -0.07852
  -0.08847
  -0.08758
  -0.07596
  -0.05504
  -0.02736
   0.00366
   0.03424
   0.06062
   0.07957
   0.08877
   0.08710
   0.07475
   0.05325
   0.02522
  -0.00590
  -0.03630
  -0.06225
  -0.08057
  -0.08902
  -0.08656
  -0.07349
  -0.05142
  -0.02305
   0.00815
   0.03834
   0.06384
   0.08152
   0.08921
   0.08597
   0.07219
   0.04957
   0.02087
  -0.01038
  -0.04036
  -0.06540
  -0.08242
  -0.08934
  -0.08532
  -0.07084
  -0.04768
  -0.01868
   0.01261
   0.04236
   0.06691
   0.08327
   0.08942
   0.08462
   0.06945
   0.04577
   0.01648
  -0.01483
  -0.04432
  -0.06838
  -0.08406
  -0.08944
  -0.08386
  -0.06801
  -0.04382
  -0.01426
   0.01704
   0.04626
   0.06981
   0.08480
   0.08941
   0.08306
   0.06653
   0.04185
   0.01204
  -0.01924
  -0.04817
  -0.07119
  -0.08549
  -0.08931
  -0.08219
  -0.06500
  -0.03985
  -0.00981
   0.02143
   0.05005
   0.07253
   0.08612
   0.08917
   0.08128
   0.06344
   0.03782
   0.00757
  -0.02361
  -0.05190
  -0.07382
  -0.08670
  -0.08896
  -0.08032
  -0.06183
  -0.03577
  -0.00533
   0.02577
   0.05371
   0.07507
   0.08723
   0.08870
   0.07930
   0.06019
   0.03370
   0.00308
  -0.02791
  -0.05549
  -0.07627
  -0.08770
  -0.08838
  -0.07824
  -0.05851
  -0.03161
  -0.00084
   0.03004
   0.05724
   0.07742
   0.08811
   0.08801
   0.07713
   0.05679
   0.02950
  -0.00141
  -0.03215
  -0.05894
  -0.07852
  -0.08847
  -0.08758
  -0.07596
  -0.05504
  -0.02736
   0.00366
   0.03424
   0.06062
   0.07957
   0.08877
   0.08710
   0.07475
   0.05325
   0.02522
  -0.00590
  -0.03630
  -0.06225
  -0.08057
  -0.08902
  -0.08656
  -0.07349
  -0.05142
  -0.02305
   0.00815
   0.03834
   0.06384
   0.08152
   0.08921
   0.08597
   0.07219
   0.04957
   0.02087
  -0.01038
  -0.04036
  -0.06540
  -0.08242
  -0.08934
  -0.08532
  -0.07084
  -0.04768
  -0.01868
   0.01261
   0.04236
   0.06691
   0.08327
   0.08942
   0.08462
   0.06945
   0.04577
   0.01648
  -0.01483
  -0.04432
  -0.06838
  -0.08406
  -0.08944
