  -0.03341
   0.06561
   0.08018
  -0.00846
  -0.08621
  -0.05300
   0.04843
   0.08752
   0.01395
  -0.07757
  -0.06925
   0.02821
   0.08936
   0.03549
  -0.06406
  -0.08115
   0.00622
   0.08558
   0.05479
  -0.04653
  -0.08796
  -0.01617
   0.07643
   0.07065
  -0.02607
  -0.08923
  -0.03754
   0.06247
   0.08207
  -0.00397
  -0.08490
  -0.05655
   0.04459
   0.08834
   0.01838
  -0.07524
  -0.07201
   0.02391
   0.08905
   0.03957
  -0.06085
  -0.08294
   0.00172
   0.08417
   0.05827
  -0.04263
  -0.08866
  -0.02057
   0.07400
   0.07332
  -0.02174
  -0.08881
  -0.04157
   0.05918
   0.08375
   0.00052
  -0.08338
  -0.05996
   0.04064
   0.08893
   0.02275
  -0.07271
  -0.07458
   0.01955
   0.08852
   0.04355
  -0.05747
  -0.08452
  -0.00277
   0.08254
   0.06161
  -0.03863
  -0.08914
  -0.02492
   0.07138
   0.07580
  -0.01735
  -0.08817
  -0.04550
   0.05573
   0.08523
   0.00502
  -0.08165
  -0.06322
   0.03659
   0.08930
   0.02707
  -0.07000
  -0.07697
   0.01514
   0.08776
   0.04742
  -0.05396
  -0.08588
  -0.00726
   0.08071
   0.06479
  -0.03452
  -0.08940
  -0.02920
   0.06858
   0.07809
  -0.01292
  -0.08730
  -0.04931
   0.05215
   0.08648
   0.00950
  -0.07971
  -0.06632
   0.03244
   0.08944
   0.03132
  -0.06712
  -0.07916
   0.01069
   0.08678
   0.05117
  -0.05031
  -0.08703
  -0.01173
   0.07867
   0.06780
  -0.03033
  -0.08943
  -0.03341
   0.06561
   0.08018
  -0.00846
  -0.08621
  -0.05300
   0.04843
   0.08752
   0.01395
  -0.07757
  -0.06925
   0.02821
   0.08936
   0.03549
  -0.06406
  -0.08115
   0.00622
   0.08558
   0.05479
  -0.04653
  -0.08796
  -0.01617
   0.07643
   0.07065
  -0.02607
  -0.08923
  -0.03754
   0.06247
   0.08207
  -0.00397
  -0.08490
  -0.05655
   0.04459
   0.08834
   0.01838
  -0.07524
  -0.07201
   0.02391
   0.08905
   0.03957
  -0.06085
  -0.08294
   0.00172
   0.08417
   0.05827
  -0.04263
  -0.08866
  -0.02057
   0.07400
   0.07332
  -0.02174
  -0.08881
  -0.04157
   0.05918
   0.08375
   0.00052
  -0.08338
  -0.05996
   0.04064
   0.08893
   0.02275
  -0.07271
  -0.07458
   0.01955
   0.08852
   0.04355
  -0.05747
  -0.08452
  -0.00277
   0.08254
   0.06161
  -0.03863
  -0.08914
  -0.02492
   0.07138
   0.07580
  -0.01735
  -0.08817
  -0.04550
   0.05573
   0.08523
   0.00502
  -0.08165
  -0.06322
   0.03659
   0.08930
   0.02707
  -0.07000
  -0.07697
   0.01514
   0.08776
   0.04742
  -0.05396
  -0.08588
  -0.00726
   0.08071
   0.06479
  -0.03452
  -0.08940
  -0.02920
   0.06858
   0.07809
  -0.01292
  -0.08730
  -0.04931
   0.05215
   0.08648
   0.00950
  -0.07971
  -0.06632
   0.03244
   0.08944
   0.03132
  -0.06712
  -0.07916
   0.01069
   0.08678
   0.05117
  -0.05031
  -0.08703
  -0.01173
   0.07867
   0.06780
  -0.03033
  -0.08943
