  -0.08643
   0.04671
   0.05980
  -0.08080
  -0.01374
   0.08863
  -0.03678
  -0.06767
   0.07535
   0.02471
  -0.08944
   0.02627
   0.07446
  -0.06872
  -0.03529
   0.08884
  -0.01535
  -0.08009
   0.06100
   0.04531
  -0.08683
   0.00418
   0.08445
  -0.05232
  -0.05462
   0.08346
   0.00705
  -0.08747
   0.04282
   0.06307
  -0.07877
  -0.01817
   0.08912
  -0.03264
  -0.07052
   0.07284
   0.02900
  -0.08937
   0.02194
   0.07686
  -0.06575
  -0.03938
   0.08820
  -0.01090
  -0.08199
   0.05764
   0.04913
  -0.08564
  -0.00031
   0.08582
  -0.04861
  -0.05811
   0.08174
   0.01152
  -0.08830
   0.03882
   0.06617
  -0.07654
  -0.02254
   0.08939
  -0.02841
  -0.07319
   0.07014
   0.03322
  -0.08907
   0.01756
   0.07906
  -0.06263
  -0.04336
   0.08734
  -0.00643
  -0.08368
   0.05413
   0.05282
  -0.08424
  -0.00480
   0.08698
  -0.04478
  -0.06145
   0.07981
   0.01596
  -0.08891
   0.03472
   0.06911
  -0.07412
  -0.02687
   0.08943
  -0.02411
  -0.07569
   0.06726
   0.03735
  -0.08855
   0.01313
   0.08106
  -0.05934
  -0.04724
   0.08626
  -0.00194
  -0.08516
   0.05048
   0.05638
  -0.08262
  -0.00929
   0.08792
  -0.04083
  -0.06464
   0.07768
   0.02036
  -0.08929
   0.03053
   0.07188
  -0.07151
  -0.03112
   0.08925
  -0.01976
  -0.07798
   0.06421
   0.04138
  -0.08780
   0.00867
   0.08286
  -0.05590
  -0.05099
   0.08497
   0.00256
  -0.08643
   0.04671
   0.05980
  -0.08080
  -0.01374
   0.08863
  -0.03678
  -0.06767
   0.07535
   0.02471
  -0.08944
   0.02627
   0.07446
  -0.06872
  -0.03529
   0.08884
  -0.01535
  -0.08009
   0.06100
   0.04531
  -0.08683
   0.00418
   0.08445
  -0.05232
  -0.05462
   0.08346
   0.00705
  -0.08747
   0.04282
   0.06307
  -0.07877
  -0.01817
   0.08912
  -0.03264
  -0.07052
   0.07284
   0.02900
  -0.08937
   0.02194
   0.07686
  -0.06575
  -0.03938
   0.08820
  -0.01090
  -0.08199
   0.05764
   0.04913
  -0.08564
  -0.00031
   0.08582
  -0.04861
  -0.05811
   0.08174
   0.01152
  -0.08830
   0.03882
   0.06617
  -0.07654
  -0.02254
   0.08939
  -0.02841
  -0.07319
   0.07014
   0.03322
  -0.08907
   0.01756
   0.07906
  -0.06263
  -0.04336
   0.08734
  -0.00643
  -0.08368
   0.05413
   0.05282
  -0.08424
  -0.00480
   0.08698
  -0.04478
  -0.06145
   0.07981
   0.01596
  -0.08891
   0.03472
   0.06911
  -0.07412
  -0.02687
   0.08943
  -0.02411
  -0.07569
   0.06726
   0.03735
  -0.08855
   0.01313
   0.08106
  -0.05934
  -0.04724
   0.08626
  -0.00194
  -0.08516
   0.05048
   0.05638
  -0.08262
  -0.00929
   0.08792
  -0.04083
  -0.06464
   0.07768
   0.02036
  -0.08929
   0.03053
   0.07188
  -0.07151
  -0.03112
   0.08925
  -0.01976
  -0.07798
   0.06421
   0.04138
  -0.08780
   0.00867
   0.08286
  -0.05590
  -0.05099
   0.08497
   0.00256
