  -0.06951
   0.02097
   0.03621
  -0.07847
   0.08840
  -0.06191
   0.00991
   0.04618
  -0.08323
   0.08599
  -0.05333
  -0.00131
   0.05541
  -0.08668
   0.08223
  -0.04391
  -0.01251
   0.06377
  -0.08876
   0.07718
  -0.03379
  -0.02351
   0.07113
  -0.08944
   0.07090
  -0.02315
  -0.03414
   0.07737
  -0.08871
   0.06351
  -0.01214
  -0.04424
   0.08238
  -0.08659
   0.05511
  -0.00093
  -0.05363
   0.08610
  -0.08309
   0.04585
   0.01028
  -0.06218
   0.08846
  -0.07829
   0.03586
   0.02134
  -0.06975
   0.08942
  -0.07225
   0.02531
   0.03206
  -0.07621
   0.08897
  -0.06507
   0.01436
   0.04227
  -0.08148
   0.08712
  -0.05687
   0.00318
   0.05181
  -0.08546
   0.08390
  -0.04777
  -0.00805
   0.06054
  -0.08810
   0.07935
  -0.03791
  -0.01915
   0.06832
  -0.08934
   0.07355
  -0.02746
  -0.02995
   0.07501
  -0.08917
   0.06659
  -0.01657
  -0.04027
   0.08053
  -0.08760
   0.05858
  -0.00543
  -0.04997
   0.08477
  -0.08465
   0.04965
   0.00581
  -0.05887
   0.08768
  -0.08036
   0.03993
   0.01695
  -0.06685
   0.08920
  -0.07481
   0.02959
   0.02782
  -0.07377
   0.08932
  -0.06807
   0.01878
   0.03825
  -0.07952
   0.08803
  -0.06026
   0.00767
   0.04809
  -0.08403
   0.08535
  -0.05150
  -0.00356
   0.05716
  -0.08721
   0.08132
  -0.04193
  -0.01473
   0.06533
  -0.08901
   0.07602
  -0.03170
  -0.02567
   0.07247
  -0.08941
   0.06951
  -0.02097
  -0.03621
   0.07847
  -0.08840
   0.06191
  -0.00991
  -0.04618
   0.08323
  -0.08599
   0.05333
   0.00131
  -0.05541
   0.08668
  -0.08223
   0.04391
   0.01251
  -0.06377
   0.08876
  -0.07718
   0.03379
   0.02351
  -0.07113
   0.08944
  -0.07090
   0.02315
   0.03414
  -0.07737
   0.08871
  -0.06351
   0.01214
   0.04424
  -0.08238
   0.08659
  -0.05511
   0.00093
   0.05363
  -0.08610
   0.08309
  -0.04585
  -0.01028
   0.06218
  -0.08846
   0.07829
  -0.03586
  -0.02134
   0.06975
  -0.08942
   0.07225
  -0.02531
  -0.03206
   0.07621
  -0.08897
   0.06507
  -0.01436
  -0.04227
   0.08148
  -0.08712
   0.05687
  -0.00318
  -0.05181
   0.08546
  -0.08390
   0.04777
   0.00805
  -0.06054
   0.08810
  -0.07935
   0.03791
   0.01915
  -0.06832
   0.08934
  -0.07355
   0.02746
   0.02995
  -0.07501
   0.08917
  -0.06659
   0.01657
   0.04027
  -0.08053
   0.08760
  -0.05858
   0.00543
   0.04997
  -0.08477
   0.08465
  -0.04965
  -0.00581
   0.05887
  -0.08768
   0.08036
  -0.03993
  -0.01695
   0.06685
  -0.08920
   0.07481
  -0.02959
  -0.02782
   0.07377
  -0.08932
   0.06807
  -0.01878
  -0.03825
   0.07952
  -0.08803
   0.06026
  -0.00767
  -0.04809
   0.08403
  -0.08535
   0.05150
   0.00356
  -0.05716
   0.08721
  -0.08132
   0.04193
   0.01473
  -0.06533
   0.08901
  -0.07602
   0.03170
   0.02567
  -0.07247
   0.08941
