  -0.08878
   0.01200
   0.08848
  -0.01423
  -0.08812
   0.01644
   0.08770
  -0.01865
  -0.08724
   0.02084
   0.08671
  -0.02302
  -0.08613
   0.02518
   0.08550
  -0.02733
  -0.08481
   0.02946
   0.08407
  -0.03158
  -0.08328
   0.03367
   0.08243
  -0.03574
  -0.08154
   0.03779
   0.08059
  -0.03982
  -0.07959
   0.04182
   0.07853
  -0.04379
  -0.07743
   0.04574
   0.07628
  -0.04765
  -0.07509
   0.04954
   0.07384
  -0.05140
  -0.07255
   0.05322
   0.07121
  -0.05501
  -0.06983
   0.05676
   0.06840
  -0.05848
  -0.06693
   0.06017
   0.06542
  -0.06181
  -0.06387
   0.06341
   0.06227
  -0.06498
  -0.06064
   0.06650
   0.05897
  -0.06799
  -0.05726
   0.06942
   0.05552
  -0.07082
  -0.05374
   0.07217
   0.05192
  -0.07348
  -0.05008
   0.07473
   0.04820
  -0.07595
  -0.04629
   0.07711
   0.04435
  -0.07822
  -0.04239
   0.07929
   0.04039
  -0.08030
  -0.03837
   0.08127
   0.03633
  -0.08218
  -0.03427
   0.08304
   0.03218
  -0.08385
  -0.03007
   0.08461
   0.02795
  -0.08531
  -0.02580
   0.08596
   0.02364
  -0.08655
  -0.02147
   0.08709
   0.01928
  -0.08758
  -0.01708
   0.08801
   0.01487
  -0.08838
  -0.01264
   0.08870
   0.01041
  -0.08896
  -0.00818
   0.08916
   0.00594
  -0.08931
  -0.00369
   0.08941
   0.00145
  -0.08944
   0.00080
   0.08942
  -0.00305
  -0.08935
   0.00529
   0.08921
  -0.00754
  -0.08902
   0.00977
   0.08878
  -0.01200
  -0.08848
   0.01423
   0.08812
  -0.01644
  -0.08770
   0.01865
   0.08724
  -0.02084
  -0.08671
   0.02302
   0.08613
  -0.02518
  -0.08550
   0.02733
   0.08481
  -0.02946
  -0.08407
   0.03158
   0.08328
  -0.03367
  -0.08243
   0.03574
   0.08154
  -0.03779
  -0.08059
   0.03982
   0.07959
  -0.04182
  -0.07853
   0.04379
   0.07743
  -0.04574
  -0.07628
   0.04765
   0.07509
  -0.04954
  -0.07384
   0.05140
   0.07255
  -0.05322
  -0.07121
   0.05501
   0.06983
  -0.05676
  -0.06840
   0.05848
   0.06693
  -0.06017
  -0.06542
   0.06181
   0.06387
  -0.06341
  -0.06227
   0.06498
   0.06064
  -0.06650
  -0.05897
   0.06799
   0.05726
  -0.06942
  -0.05552
   0.07082
   0.05374
  -0.07217
  -0.05192
   0.07348
   0.05008
  -0.07473
  -0.04820
   0.07595
   0.04629
  -0.07711
  -0.04435
   0.07822
   0.04239
  -0.07929
  -0.04039
   0.08030
   0.03837
  -0.08127
  -0.03633
   0.08218
   0.03427
  -0.08304
  -0.03218
   0.08385
   0.03007
  -0.08461
  -0.02795
   0.08531
   0.02580
  -0.08596
  -0.02364
   0.08655
   0.02147
  -0.08709
  -0.01928
   0.08758
   0.01708
  -0.08801
  -0.01487
   0.08838
   0.01264
  -0.08870
  -0.01041
   0.08896
   0.00818
  -0.08916
  -0.00594
   0.08931
   0.00369
  -0.08941
  -0.00145
   0.08944
  -0.00080
  -0.08942
   0.00305
   0.08935
  -0.00529
  -0.08921
   0.00754
   0.08902
  -0.00977
