   0.05343
  -0.08314
   0.08807
  -0.06676
   0.02555
   0.02327
  -0.06516
   0.08763
  -0.08398
   0.05531
  -0.01015
  -0.03803
   0.07488
  -0.08941
   0.07730
  -0.04215
  -0.00556
   0.05161
  -0.08228
   0.08844
  -0.06823
   0.02770
   0.02110
  -0.06360
   0.08715
  -0.08473
   0.05706
  -0.01238
  -0.03598
   0.07363
  -0.08933
   0.07841
  -0.04412
  -0.00331
   0.04976
  -0.08138
   0.08874
  -0.06966
   0.02982
   0.01890
  -0.06200
   0.08662
  -0.08542
   0.05877
  -0.01461
  -0.03391
   0.07233
  -0.08918
   0.07946
  -0.04606
  -0.00106
   0.04788
  -0.08042
   0.08900
  -0.07105
   0.03193
   0.01670
  -0.06036
   0.08603
  -0.08606
   0.06045
  -0.01682
  -0.03182
   0.07098
  -0.08899
   0.08047
  -0.04798
   0.00118
   0.04596
  -0.07941
   0.08919
  -0.07240
   0.03402
   0.01449
  -0.05868
   0.08539
  -0.08665
   0.06208
  -0.01902
  -0.02971
   0.06959
  -0.08873
   0.08143
  -0.04986
   0.00343
   0.04402
  -0.07835
   0.08933
  -0.07369
   0.03609
   0.01227
  -0.05697
   0.08469
  -0.08718
   0.06368
  -0.02121
  -0.02758
   0.06816
  -0.08842
   0.08233
  -0.05171
   0.00568
   0.04205
  -0.07724
   0.08942
  -0.07494
   0.03814
   0.01004
  -0.05522
   0.08394
  -0.08765
   0.06524
  -0.02339
  -0.02544
   0.06668
  -0.08805
   0.08318
  -0.05353
   0.00792
   0.04005
  -0.07608
   0.08944
  -0.07615
   0.04016
   0.00780
  -0.05343
   0.08314
  -0.08807
   0.06676
  -0.02555
  -0.02327
   0.06516
  -0.08763
   0.08398
  -0.05531
   0.01015
   0.03803
  -0.07488
   0.08941
  -0.07730
   0.04215
   0.00556
  -0.05161
   0.08228
  -0.08844
   0.06823
  -0.02770
  -0.02110
   0.06360
  -0.08715
   0.08473
  -0.05706
   0.01238
   0.03598
  -0.07363
   0.08933
  -0.07841
   0.04412
   0.00331
  -0.04976
   0.08138
  -0.08874
   0.06966
  -0.02982
  -0.01890
   0.06200
  -0.08662
   0.08542
  -0.05877
   0.01461
   0.03391
  -0.07233
   0.08918
  -0.07946
   0.04606
   0.00106
  -0.04788
   0.08042
  -0.08900
   0.07105
  -0.03193
  -0.01670
   0.06036
  -0.08603
   0.08606
  -0.06045
   0.01682
   0.03182
  -0.07098
   0.08899
  -0.08047
   0.04798
  -0.00118
  -0.04596
   0.07941
  -0.08919
   0.07240
  -0.03402
  -0.01449
   0.05868
  -0.08539
   0.08665
  -0.06208
   0.01902
   0.02971
  -0.06959
   0.08873
  -0.08143
   0.04986
  -0.00343
  -0.04402
   0.07835
  -0.08933
   0.07369
  -0.03609
  -0.01227
   0.05697
  -0.08469
   0.08718
  -0.06368
   0.02121
   0.02758
  -0.06816
   0.08842
  -0.08233
   0.05171
  -0.00568
  -0.04205
   0.07724
  -0.08942
   0.07494
  -0.03814
  -0.01004
   0.05522
  -0.08394
   0.08765
  -0.06524
   0.02339
   0.02544
  -0.06668
   0.08805
  -0.08318
   0.05353
  -0.00792
  -0.04005
   0.07608
  -0.08944
   0.07615
  -0.04016
  -0.00780
