  -0.08915
   0.03643
   0.06490
  -0.07964
  -0.01190
   0.08755
  -0.04638
  -0.05668
   0.08411
   0.00069
  -0.08457
   0.05560
   0.04756
  -0.08726
   0.01052
   0.08026
  -0.06395
  -0.03769
   0.08903
  -0.02157
  -0.07467
   0.07128
   0.02723
  -0.08940
   0.03228
   0.06791
  -0.07749
  -0.01633
   0.08836
  -0.04248
  -0.06008
   0.08248
   0.00518
  -0.08593
   0.05201
   0.05131
  -0.08616
   0.00605
   0.08214
  -0.06072
  -0.04172
   0.08849
  -0.01718
  -0.07705
   0.06847
   0.03147
  -0.08942
   0.02805
   0.07075
  -0.07515
  -0.02073
   0.08895
  -0.03847
  -0.06334
   0.08063
   0.00966
  -0.08707
   0.04829
   0.05492
  -0.08485
   0.00156
   0.08381
  -0.05735
  -0.04564
   0.08773
  -0.01275
  -0.07924
   0.06550
   0.03564
  -0.08922
   0.02375
   0.07341
  -0.07261
  -0.02508
   0.08931
  -0.03437
  -0.06643
   0.07859
   0.01412
  -0.08799
   0.04445
   0.05840
  -0.08332
  -0.00294
   0.08528
  -0.05382
  -0.04945
   0.08674
  -0.00829
  -0.08122
   0.06235
   0.03972
  -0.08879
   0.01939
   0.07589
  -0.06990
  -0.02936
   0.08944
  -0.03018
  -0.06936
   0.07634
   0.01854
  -0.08868
   0.04049
   0.06173
  -0.08158
  -0.00743
   0.08652
  -0.05017
  -0.05313
   0.08553
  -0.00380
  -0.08300
   0.05905
   0.04369
  -0.08814
   0.01497
   0.07817
  -0.06701
  -0.03357
   0.08935
  -0.02591
  -0.07211
   0.07390
   0.02291
  -0.08915
   0.03643
   0.06490
  -0.07964
  -0.01190
   0.08755
  -0.04638
  -0.05668
   0.08411
   0.00069
  -0.08457
   0.05560
   0.04756
  -0.08726
   0.01052
   0.08026
  -0.06395
  -0.03769
   0.08903
  -0.02157
  -0.07467
   0.07128
   0.02723
  -0.08940
   0.03228
   0.06791
  -0.07749
  -0.01633
   0.08836
  -0.04248
  -0.06008
   0.08248
   0.00518
  -0.08593
   0.05201
   0.05131
  -0.08616
   0.00605
   0.08214
  -0.06072
  -0.04172
   0.08849
  -0.01718
  -0.07705
   0.06847
   0.03147
  -0.08942
   0.02805
   0.07075
  -0.07515
  -0.02073
   0.08895
  -0.03847
  -0.06334
   0.08063
   0.00966
  -0.08707
   0.04829
   0.05492
  -0.08485
   0.00156
   0.08381
  -0.05735
  -0.04564
   0.08773
  -0.01275
  -0.07924
   0.06550
   0.03564
  -0.08922
   0.02375
   0.07341
  -0.07261
  -0.02508
   0.08931
  -0.03437
  -0.06643
   0.07859
   0.01412
  -0.08799
   0.04445
   0.05840
  -0.08332
  -0.00294
   0.08528
  -0.05382
  -0.04945
   0.08674
  -0.00829
  -0.08122
   0.06235
   0.03972
  -0.08879
   0.01939
   0.07589
  -0.06990
  -0.02936
   0.08944
  -0.03018
  -0.06936
   0.07634
   0.01854
  -0.08868
   0.04049
   0.06173
  -0.08158
  -0.00743
   0.08652
  -0.05017
  -0.05313
   0.08553
  -0.00380
  -0.08300
   0.05905
   0.04369
  -0.08814
   0.01497
   0.07817
  -0.06701
  -0.03357
   0.08935
  -0.02591
  -0.07211
   0.07390
   0.02291
