   0.07386
  -0.07710
  -0.00820
   0.08408
  -0.06340
  -0.03010
   0.08903
  -0.04571
  -0.05010
   0.08837
  -0.02516
  -0.06695
   0.08217
  -0.00302
  -0.07960
   0.07080
   0.01930
  -0.08724
   0.05499
   0.04042
  -0.08941
   0.03572
   0.05899
  -0.08595
   0.01420
   0.07386
  -0.07710
  -0.00820
   0.08408
  -0.06340
  -0.03010
   0.08903
  -0.04571
  -0.05010
   0.08837
  -0.02516
  -0.06695
   0.08217
  -0.00302
  -0.07960
   0.07080
   0.01930
  -0.08724
   0.05499
   0.04042
  -0.08941
   0.03572
   0.05899
  -0.08595
   0.01420
   0.07386
  -0.07710
  -0.00820
   0.08408
  -0.06340
  -0.03010
   0.08903
  -0.04571
  -0.05010
   0.08837
  -0.02516
  -0.06695
   0.08217
  -0.00302
  -0.07960
   0.07080
   0.01930
  -0.08724
   0.05499
   0.04042
  -0.08941
   0.03572
   0.05899
  -0.08595
   0.01420
   0.07386
  -0.07710
  -0.00820
   0.08408
  -0.06340
  -0.03010
   0.08903
  -0.04571
  -0.05010
   0.08837
  -0.02516
  -0.06695
   0.08217
  -0.00302
  -0.07960
   0.07080
   0.01930
  -0.08724
   0.05499
   0.04042
  -0.08941
   0.03572
   0.05899
  -0.08595
   0.01420
   0.07386
  -0.07710
  -0.00820
   0.08408
  -0.06340
  -0.03010
   0.08903
  -0.04571
  -0.05010
   0.08837
  -0.02516
  -0.06695
   0.08217
  -0.00302
  -0.07960
   0.07080
   0.01930
  -0.08724
   0.05499
   0.04042
  -0.08941
   0.03572
   0.05899
  -0.08595
   0.01420
   0.07386
  -0.07710
  -0.00820
   0.08408
  -0.06340
  -0.03010
   0.08903
  -0.04571
  -0.05010
   0.08837
  -0.02516
  -0.06695
   0.08217
  -0.00302
  -0.07960
   0.07080
   0.01930
  -0.08724
   0.05499
   0.04042
  -0.08941
   0.03572
   0.05899
  -0.08595
   0.01420
   0.07386
  -0.07710
  -0.00820
   0.08408
  -0.06340
  -0.03010
   0.08903
  -0.04571
  -0.05010
   0.08837
  -0.02516
  -0.06695
   0.08217
  -0.00302
  -0.07960
   0.07080
   0.01930
  -0.08724
   0.05499
   0.04042
  -0.08941
   0.03572
   0.05899
  -0.08595
   0.01420
   0.07386
  -0.07710
  -0.00820
   0.08408
  -0.06340
  -0.03010
   0.08903
  -0.04571
  -0.05010
   0.08837
  -0.02516
  -0.06695
   0.08217
  -0.00302
  -0.07960
   0.07080
   0.01930
  -0.08724
   0.05499
   0.04042
  -0.08941
   0.03572
   0.05899
  -0.08595
   0.01420
   0.07386
  -0.07710
  -0.00820
   0.08408
  -0.06340
  -0.03010
   0.08903
  -0.04571
  -0.05010
   0.08837
  -0.02516
  -0.06695
   0.08217
  -0.00302
  -0.07960
   0.07080
   0.01930
  -0.08724
   0.05499
   0.04042
  -0.08941
   0.03572
   0.05899
  -0.08595
   0.01420
   0.07386
  -0.07710
  -0.00820
   0.08408
  -0.06340
  -0.03010
   0.08903
  -0.04571
  -0.05010
   0.08837
  -0.02516
  -0.06695
   0.08217
  -0.00302
  -0.07960
   0.07080
   0.01930
  -0.08724
   0.05499
   0.04042
  -0.08941
   0.03572
   0.05899
  -0.08595
   0.01420
