  -0.06517
  -0.00341
   0.06965
  -0.08806
   0.04598
   0.02768
  -0.08232
   0.08043
  -0.02329
  -0.04984
   0.08874
  -0.06669
  -0.00116
   0.06822
  -0.08842
   0.04789
   0.02553
  -0.08142
   0.08139
  -0.02546
  -0.04796
   0.08843
  -0.06817
   0.00108
   0.06675
  -0.08873
   0.04978
   0.02337
  -0.08046
   0.08229
  -0.02760
  -0.04605
   0.08807
  -0.06960
   0.00333
   0.06523
  -0.08899
   0.05163
   0.02119
  -0.07946
   0.08315
  -0.02973
  -0.04411
   0.08765
  -0.07099
   0.00558
   0.06367
  -0.08919
   0.05345
   0.01900
  -0.07840
   0.08395
  -0.03184
  -0.04214
   0.08717
  -0.07234
   0.00782
   0.06207
  -0.08933
   0.05523
   0.01680
  -0.07729
   0.08470
  -0.03393
  -0.04014
   0.08664
  -0.07364
   0.01005
   0.06043
  -0.08941
   0.05698
   0.01459
  -0.07614
   0.08539
  -0.03600
  -0.03812
   0.08606
  -0.07489
   0.01229
   0.05876
  -0.08944
   0.05870
   0.01236
  -0.07493
   0.08604
  -0.03805
  -0.03607
   0.08542
  -0.07609
   0.01451
   0.05704
  -0.08942
   0.06037
   0.01013
  -0.07368
   0.08662
  -0.04007
  -0.03400
   0.08472
  -0.07725
   0.01672
   0.05529
  -0.08933
   0.06201
   0.00790
  -0.07238
   0.08716
  -0.04207
  -0.03192
   0.08398
  -0.07836
   0.01892
   0.05351
  -0.08919
   0.06361
   0.00566
  -0.07104
   0.08763
  -0.04404
  -0.02981
   0.08318
  -0.07942
   0.02111
   0.05169
  -0.08900
   0.06517
   0.00341
  -0.06965
   0.08806
  -0.04598
  -0.02768
   0.08232
  -0.08043
   0.02329
   0.04984
  -0.08874
   0.06669
   0.00116
  -0.06822
   0.08842
  -0.04789
  -0.02553
   0.08142
  -0.08139
   0.02546
   0.04796
  -0.08843
   0.06817
  -0.00108
  -0.06675
   0.08873
  -0.04978
  -0.02337
   0.08046
  -0.08229
   0.02760
   0.04605
  -0.08807
   0.06960
  -0.00333
  -0.06523
   0.08899
  -0.05163
  -0.02119
   0.07946
  -0.08315
   0.02973
   0.04411
  -0.08765
   0.07099
  -0.00558
  -0.06367
   0.08919
  -0.05345
  -0.01900
   0.07840
  -0.08395
   0.03184
   0.04214
  -0.08717
   0.07234
  -0.00782
  -0.06207
   0.08933
  -0.05523
  -0.01680
   0.07729
  -0.08470
   0.03393
   0.04014
  -0.08664
   0.07364
  -0.01005
  -0.06043
   0.08941
  -0.05698
  -0.01459
   0.07614
  -0.08539
   0.03600
   0.03812
  -0.08606
   0.07489
  -0.01229
  -0.05876
   0.08944
  -0.05870
  -0.01236
   0.07493
  -0.08604
   0.03805
   0.03607
  -0.08542
   0.07609
  -0.01451
  -0.05704
   0.08942
  -0.06037
  -0.01013
   0.07368
  -0.08662
   0.04007
   0.03400
  -0.08472
   0.07725
  -0.01672
  -0.05529
   0.08933
  -0.06201
  -0.00790
   0.07238
  -0.08716
   0.04207
   0.03192
  -0.08398
   0.07836
  -0.01892
  -0.05351
   0.08919
  -0.06361
  -0.00566
   0.07104
  -0.08763
   0.04404
   0.02981
  -0.08318
   0.07942
  -0.02111
  -0.05169
   0.08900
