  -0.04857
  -0.08171
  -0.08831
  -0.06621
  -0.02260
   0.02836
   0.07010
   0.08906
   0.07909
   0.04341
  -0.00637
  -0.05409
  -0.08422
  -0.08699
  -0.06149
  -0.01601
   0.03467
   0.07409
   0.08943
   0.07571
   0.03739
  -0.01308
  -0.05930
  -0.08625
  -0.08518
  -0.05643
  -0.00934
   0.04078
   0.07765
   0.08929
   0.07191
   0.03117
  -0.01970
  -0.06417
  -0.08779
  -0.08288
  -0.05104
  -0.00261
   0.04666
   0.08077
   0.08864
   0.06770
   0.02476
  -0.02622
  -0.06868
  -0.08883
  -0.08011
  -0.04536
   0.00413
   0.05228
   0.08344
   0.08749
   0.06311
   0.01822
  -0.03259
  -0.07280
  -0.08936
  -0.07689
  -0.03942
   0.01085
   0.05760
   0.08563
   0.08584
   0.05815
   0.01157
  -0.03877
  -0.07651
  -0.08939
  -0.07323
  -0.03326
   0.01751
   0.06259
   0.08733
   0.08370
   0.05287
   0.00486
  -0.04473
  -0.07978
  -0.08891
  -0.06915
  -0.02692
   0.02406
   0.06722
   0.08854
   0.08108
   0.04728
  -0.00188
  -0.05044
  -0.08260
  -0.08793
  -0.06468
  -0.02041
   0.03048
   0.07148
   0.08924
   0.07801
   0.04143
  -0.00861
  -0.05586
  -0.08495
  -0.08644
  -0.05984
  -0.01380
   0.03673
   0.07532
   0.08944
   0.07449
   0.03534
  -0.01530
  -0.06096
  -0.08682
  -0.08446
  -0.05466
  -0.00710
   0.04277
   0.07874
   0.08913
   0.07055
   0.02905
  -0.02189
  -0.06572
  -0.08819
  -0.08201
  -0.04918
  -0.00036
   0.04857
   0.08171
   0.08831
   0.06621
   0.02260
  -0.02836
  -0.07010
  -0.08906
  -0.07909
  -0.04341
   0.00637
   0.05409
   0.08422
   0.08699
   0.06149
   0.01601
  -0.03467
  -0.07409
  -0.08943
  -0.07571
  -0.03739
   0.01308
   0.05930
   0.08625
   0.08518
   0.05643
   0.00934
  -0.04078
  -0.07765
  -0.08929
  -0.07191
  -0.03117
   0.01970
   0.06417
   0.08779
   0.08288
   0.05104
   0.00261
  -0.04666
  -0.08077
  -0.08864
  -0.06770
  -0.02476
   0.02622
   0.06868
   0.08883
   0.08011
   0.04536
  -0.00413
  -0.05228
  -0.08344
  -0.08749
  -0.06311
  -0.01822
   0.03259
   0.07280
   0.08936
   0.07689
   0.03942
  -0.01085
  -0.05760
  -0.08563
  -0.08584
  -0.05815
  -0.01157
   0.03877
   0.07651
   0.08939
   0.07323
   0.03326
  -0.01751
  -0.06259
  -0.08733
  -0.08370
  -0.05287
  -0.00486
   0.04473
   0.07978
   0.08891
   0.06915
   0.02692
  -0.02406
  -0.06722
  -0.08854
  -0.08108
  -0.04728
   0.00188
   0.05044
   0.08260
   0.08793
   0.06468
   0.02041
  -0.03048
  -0.07148
  -0.08924
  -0.07801
  -0.04143
   0.00861
   0.05586
   0.08495
   0.08644
   0.05984
   0.01380
  -0.03673
  -0.07532
  -0.08944
  -0.07449
  -0.03534
   0.01530
   0.06096
   0.08682
   0.08446
   0.05466
   0.00710
  -0.04277
  -0.07874
  -0.08913
  -0.07055
  -0.02905
   0.02189
   0.06572
   0.08819
   0.08201
   0.04918
   0.00036
