   0.06798
  -0.08878
   0.05193
   0.01864
  -0.07710
   0.08550
  -0.03838
  -0.03366
   0.08385
  -0.07959
   0.02365
   0.04765
  -0.08800
   0.07122
  -0.00819
  -0.06016
   0.08944
  -0.06065
  -0.00753
   0.07081
  -0.08812
   0.04821
   0.02301
  -0.07928
   0.08408
  -0.03427
  -0.03778
   0.08531
  -0.07744
   0.01929
   0.05139
  -0.08870
   0.06841
  -0.00370
  -0.06341
   0.08935
  -0.05727
  -0.01200
   0.07347
  -0.08724
   0.04436
   0.02732
  -0.08126
   0.08244
  -0.03008
  -0.04181
   0.08655
  -0.07509
   0.01487
   0.05500
  -0.08916
   0.06543
   0.00079
  -0.06650
   0.08902
  -0.05374
  -0.01643
   0.07594
  -0.08614
   0.04040
   0.03157
  -0.08304
   0.08059
  -0.02581
  -0.04573
   0.08757
  -0.07256
   0.01042
   0.05848
  -0.08941
   0.06228
   0.00529
  -0.06942
   0.08848
  -0.05008
  -0.02083
   0.07822
  -0.08482
   0.03634
   0.03573
  -0.08460
   0.07854
  -0.02148
  -0.04953
   0.08838
  -0.06984
   0.00595
   0.06180
  -0.08942
   0.05898
   0.00976
  -0.07217
   0.08771
  -0.04630
  -0.02518
   0.08030
  -0.08328
   0.03219
   0.03981
  -0.08596
   0.07629
  -0.01709
  -0.05321
   0.08896
  -0.06694
   0.00146
   0.06497
  -0.08921
   0.05552
   0.01422
  -0.07473
   0.08671
  -0.04239
  -0.02946
   0.08218
  -0.08154
   0.02795
   0.04378
  -0.08709
   0.07385
  -0.01265
  -0.05676
   0.08931
  -0.06387
  -0.00304
   0.06798
  -0.08878
   0.05193
   0.01864
  -0.07710
   0.08550
  -0.03838
  -0.03366
   0.08385
  -0.07959
   0.02365
   0.04765
  -0.08800
   0.07122
  -0.00819
  -0.06016
   0.08944
  -0.06065
  -0.00753
   0.07081
  -0.08812
   0.04821
   0.02301
  -0.07928
   0.08408
  -0.03427
  -0.03778
   0.08531
  -0.07744
   0.01929
   0.05139
  -0.08870
   0.06841
  -0.00370
  -0.06341
   0.08935
  -0.05727
  -0.01200
   0.07347
  -0.08724
   0.04436
   0.02732
  -0.08126
   0.08244
  -0.03008
  -0.04181
   0.08655
  -0.07509
   0.01487
   0.05500
  -0.08916
   0.06543
   0.00079
  -0.06650
   0.08902
  -0.05374
  -0.01643
   0.07594
  -0.08614
   0.04040
   0.03157
  -0.08304
   0.08059
  -0.02581
  -0.04573
   0.08757
  -0.07256
   0.01042
   0.05848
  -0.08941
   0.06228
   0.00529
  -0.06942
   0.08848
  -0.05008
  -0.02083
   0.07822
  -0.08482
   0.03634
   0.03573
  -0.08460
   0.07854
  -0.02148
  -0.04953
   0.08838
  -0.06984
   0.00595
   0.06180
  -0.08942
   0.05898
   0.00976
  -0.07217
   0.08771
  -0.04630
  -0.02518
   0.08030
  -0.08328
   0.03219
   0.03981
  -0.08596
   0.07629
  -0.01709
  -0.05321
   0.08896
  -0.06694
   0.00146
   0.06497
  -0.08921
   0.05552
   0.01422
  -0.07473
   0.08671
  -0.04239
  -0.02946
   0.08218
  -0.08154
   0.02795
   0.04378
  -0.08709
   0.07385
  -0.01265
  -0.05676
   0.08931
  -0.06387
  -0.00304
