  -0.04316
  -0.04690
   0.08938
  -0.04118
  -0.04880
   0.08927
  -0.03917
  -0.05067
   0.08910
  -0.03714
  -0.05251
   0.08888
  -0.03508
  -0.05431
   0.08860
  -0.03300
  -0.05608
   0.08827
  -0.03090
  -0.05781
   0.08787
  -0.02879
  -0.05951
   0.08743
  -0.02665
  -0.06117
   0.08693
  -0.02449
  -0.06279
   0.08637
  -0.02232
  -0.06437
   0.08576
  -0.02014
  -0.06591
   0.08509
  -0.01794
  -0.06741
   0.08437
  -0.01574
  -0.06886
   0.08360
  -0.01352
  -0.07028
   0.08277
  -0.01129
  -0.07164
   0.08190
  -0.00906
  -0.07297
   0.08097
  -0.00682
  -0.07424
   0.07999
  -0.00458
  -0.07547
   0.07895
  -0.00233
  -0.07666
   0.07787
  -0.00008
  -0.07779
   0.07674
   0.00216
  -0.07887
   0.07556
   0.00441
  -0.07991
   0.07434
   0.00665
  -0.08089
   0.07306
   0.00889
  -0.08183
   0.07174
   0.01113
  -0.08271
   0.07038
   0.01335
  -0.08354
   0.06897
   0.01557
  -0.08432
   0.06752
   0.01778
  -0.08504
   0.06602
   0.01998
  -0.08571
   0.06448
   0.02216
  -0.08632
   0.06291
   0.02433
  -0.08689
   0.06129
   0.02649
  -0.08739
   0.05963
   0.02863
  -0.08784
   0.05794
   0.03075
  -0.08824
   0.05621
   0.03285
  -0.08858
   0.05444
   0.03493
  -0.08886
   0.05264
   0.03699
  -0.08909
   0.05081
   0.03902
  -0.08926
   0.04894
   0.04103
  -0.08938
   0.04704
   0.04302
  -0.08943
   0.04512
   0.04497
  -0.08944
   0.04316
   0.04690
  -0.08938
   0.04118
   0.04880
  -0.08927
   0.03917
   0.05067
  -0.08910
   0.03714
   0.05251
  -0.08888
   0.03508
   0.05431
  -0.08860
   0.03300
   0.05608
  -0.08827
   0.03090
   0.05781
  -0.08787
   0.02879
   0.05951
  -0.08743
   0.02665
   0.06117
  -0.08693
   0.02449
   0.06279
  -0.08637
   0.02232
   0.06437
  -0.08576
   0.02014
   0.06591
  -0.08509
   0.01794
   0.06741
  -0.08437
   0.01574
   0.06886
  -0.08360
   0.01352
   0.07028
  -0.08277
   0.01129
   0.07164
  -0.08190
   0.00906
   0.07297
  -0.08097
   0.00682
   0.07424
  -0.07999
   0.00458
   0.07547
  -0.07895
   0.00233
   0.07666
  -0.07787
   0.00008
   0.07779
  -0.07674
  -0.00216
   0.07887
  -0.07556
  -0.00441
   0.07991
  -0.07434
  -0.00665
   0.08089
  -0.07306
  -0.00889
   0.08183
  -0.07174
  -0.01113
   0.08271
  -0.07038
  -0.01335
   0.08354
  -0.06897
  -0.01557
   0.08432
  -0.06752
  -0.01778
   0.08504
  -0.06602
  -0.01998
   0.08571
  -0.06448
  -0.02216
   0.08632
  -0.06291
  -0.02433
   0.08689
  -0.06129
  -0.02649
   0.08739
  -0.05963
  -0.02863
   0.08784
  -0.05794
  -0.03075
   0.08824
  -0.05621
  -0.03285
   0.08858
  -0.05444
  -0.03493
   0.08886
  -0.05264
  -0.03699
   0.08909
  -0.05081
  -0.03902
   0.08926
  -0.04894
  -0.04103
   0.08938
  -0.04704
  -0.04302
   0.08943
  -0.04512
  -0.04497
   0.08944
