  -0.05782
  -0.08824
  -0.07674
  -0.02878
   0.03286
   0.07888
   0.08742
   0.05443
  -0.00442
  -0.06117
  -0.08886
  -0.07433
  -0.02448
   0.03700
   0.08090
   0.08637
   0.05080
  -0.00890
  -0.06438
  -0.08926
  -0.07174
  -0.02013
   0.04104
   0.08271
   0.08509
   0.04704
  -0.01336
  -0.06741
  -0.08943
  -0.06896
  -0.01573
   0.04498
   0.08432
   0.08359
   0.04315
  -0.01779
  -0.07028
  -0.08938
  -0.06601
  -0.01128
   0.04881
   0.08571
   0.08189
   0.03916
  -0.02217
  -0.07297
  -0.08910
  -0.06290
  -0.00681
   0.05251
   0.08689
   0.07998
   0.03507
  -0.02650
  -0.07548
  -0.08860
  -0.05962
  -0.00232
   0.05609
   0.08784
   0.07787
   0.03089
  -0.03076
  -0.07780
  -0.08787
  -0.05620
   0.00217
   0.05952
   0.08858
   0.07556
   0.02664
  -0.03494
  -0.07991
  -0.08692
  -0.05263
   0.00666
   0.06280
   0.08909
   0.07306
   0.02231
  -0.03903
  -0.08183
  -0.08575
  -0.04893
   0.01114
   0.06592
   0.08938
   0.07037
   0.01793
  -0.04303
  -0.08354
  -0.08437
  -0.04511
   0.01558
   0.06887
   0.08944
   0.06751
   0.01351
  -0.04691
  -0.08504
  -0.08277
  -0.04117
   0.01999
   0.07165
   0.08927
   0.06448
   0.00905
  -0.05068
  -0.08633
  -0.08096
  -0.03713
   0.02434
   0.07425
   0.08888
   0.06128
   0.00457
  -0.05432
  -0.08739
  -0.07895
  -0.03299
   0.02864
   0.07666
   0.08826
   0.05793
   0.00007
  -0.05782
  -0.08824
  -0.07674
  -0.02878
   0.03286
   0.07888
   0.08742
   0.05443
  -0.00442
  -0.06117
  -0.08886
  -0.07433
  -0.02448
   0.03700
   0.08090
   0.08637
   0.05080
  -0.00890
  -0.06438
  -0.08926
  -0.07174
  -0.02013
   0.04104
   0.08271
   0.08509
   0.04704
  -0.01336
  -0.06741
  -0.08943
  -0.06896
  -0.01573
   0.04498
   0.08432
   0.08359
   0.04315
  -0.01779
  -0.07028
  -0.08938
  -0.06601
  -0.01128
   0.04881
   0.08571
   0.08189
   0.03916
  -0.02217
  -0.07297
  -0.08910
  -0.06290
  -0.00681
   0.05251
   0.08689
   0.07998
   0.03507
  -0.02650
  -0.07548
  -0.08860
  -0.05962
  -0.00232
   0.05609
   0.08784
   0.07787
   0.03089
  -0.03076
  -0.07780
  -0.08787
  -0.05620
   0.00217
   0.05952
   0.08858
   0.07556
   0.02664
  -0.03494
  -0.07991
  -0.08692
  -0.05263
   0.00666
   0.06280
   0.08909
   0.07306
   0.02231
  -0.03903
  -0.08183
  -0.08575
  -0.04893
   0.01114
   0.06592
   0.08938
   0.07037
   0.01793
  -0.04303
  -0.08354
  -0.08437
  -0.04511
   0.01558
   0.06887
   0.08944
   0.06751
   0.01351
  -0.04691
  -0.08504
  -0.08277
  -0.04117
   0.01999
   0.07165
   0.08927
   0.06448
   0.00905
  -0.05068
  -0.08633
  -0.08096
  -0.03713
   0.02434
   0.07425
   0.08888
   0.06128
   0.00457
  -0.05432
  -0.08739
  -0.07895
  -0.03299
   0.02864
   0.07666
   0.08826
   0.05793
   0.00007
