  -0.07461
  -0.08163
  -0.01288
   0.06783
   0.08557
   0.02387
  -0.05999
  -0.08816
  -0.03448
   0.05120
   0.08936
   0.04455
  -0.04161
  -0.08914
  -0.05392
   0.03136
   0.08753
   0.06244
  -0.02061
  -0.08453
  -0.06998
   0.00954
   0.08020
   0.07641
   0.00168
  -0.07461
  -0.08163
  -0.01288
   0.06783
   0.08557
   0.02387
  -0.05999
  -0.08816
  -0.03448
   0.05120
   0.08936
   0.04455
  -0.04161
  -0.08914
  -0.05392
   0.03136
   0.08753
   0.06244
  -0.02061
  -0.08453
  -0.06998
   0.00954
   0.08020
   0.07641
   0.00168
  -0.07461
  -0.08163
  -0.01288
   0.06783
   0.08557
   0.02387
  -0.05999
  -0.08816
  -0.03448
   0.05120
   0.08936
   0.04455
  -0.04161
  -0.08914
  -0.05392
   0.03136
   0.08753
   0.06244
  -0.02061
  -0.08453
  -0.06998
   0.00954
   0.08020
   0.07641
   0.00168
  -0.07461
  -0.08163
  -0.01288
   0.06783
   0.08557
   0.02387
  -0.05999
  -0.08816
  -0.03448
   0.05120
   0.08936
   0.04455
  -0.04161
  -0.08914
  -0.05392
   0.03136
   0.08753
   0.06244
  -0.02061
  -0.08453
  -0.06998
   0.00954
   0.08020
   0.07641
   0.00168
  -0.07461
  -0.08163
  -0.01288
   0.06783
   0.08557
   0.02387
  -0.05999
  -0.08816
  -0.03448
   0.05120
   0.08936
   0.04455
  -0.04161
  -0.08914
  -0.05392
   0.03136
   0.08753
   0.06244
  -0.02061
  -0.08453
  -0.06998
   0.00954
   0.08020
   0.07641
   0.00168
  -0.07461
  -0.08163
  -0.01288
   0.06783
   0.08557
   0.02387
  -0.05999
  -0.08816
  -0.03448
   0.05120
   0.08936
   0.04455
  -0.04161
  -0.08914
  -0.05392
   0.03136
   0.08753
   0.06244
  -0.02061
  -0.08453
  -0.06998
   0.00954
   0.08020
   0.07641
   0.00168
  -0.07461
  -0.08163
  -0.01288
   0.06783
   0.08557
   0.02387
  -0.05999
  -0.08816
  -0.03448
   0.05120
   0.08936
   0.04455
  -0.04161
  -0.08914
  -0.05392
   0.03136
   0.08753
   0.06244
  -0.02061
  -0.08453
  -0.06998
   0.00954
   0.08020
   0.07641
   0.00168
  -0.07461
  -0.08163
  -0.01288
   0.06783
   0.08557
   0.02387
  -0.05999
  -0.08816
  -0.03448
   0.05120
   0.08936
   0.04455
  -0.04161
  -0.08914
  -0.05392
   0.03136
   0.08753
   0.06244
  -0.02061
  -0.08453
  -0.06998
   0.00954
   0.08020
   0.07641
   0.00168
  -0.07461
  -0.08163
  -0.01288
   0.06783
   0.08557
   0.02387
  -0.05999
  -0.08816
  -0.03448
   0.05120
   0.08936
   0.04455
  -0.04161
  -0.08914
  -0.05392
   0.03136
   0.08753
   0.06244
  -0.02061
  -0.08453
  -0.06998
   0.00954
   0.08020
   0.07641
   0.00168
  -0.07461
  -0.08163
  -0.01288
   0.06783
   0.08557
   0.02387
  -0.05999
  -0.08816
  -0.03448
   0.05120
   0.08936
   0.04455
  -0.04161
  -0.08914
  -0.05392
   0.03136
   0.08753
   0.06244
  -0.02061
  -0.08453
  -0.06998
   0.00954
   0.08020
   0.07641
   0.00168
