   0.05813
   0.01088
  -0.07282
   0.08748
  -0.04533
  -0.02625
   0.08079
  -0.08287
   0.03114
   0.04081
  -0.08626
   0.07570
  -0.01598
  -0.05411
   0.08907
  -0.06619
   0.00033
   0.06574
  -0.08913
   0.05464
   0.01533
  -0.07534
   0.08643
  -0.04140
  -0.03051
   0.08261
  -0.08107
   0.02688
   0.04476
  -0.08734
   0.07321
  -0.01154
  -0.05762
   0.08937
  -0.06308
  -0.00416
   0.06871
  -0.08863
   0.05101
   0.01974
  -0.07767
   0.08517
  -0.03736
  -0.03470
   0.08423
  -0.07907
   0.02256
   0.04859
  -0.08820
   0.07053
  -0.00707
  -0.06099
   0.08944
  -0.05982
  -0.00865
   0.07150
  -0.08792
   0.04725
   0.02409
  -0.07980
   0.08369
  -0.03323
  -0.03880
   0.08564
  -0.07687
   0.01819
   0.05230
  -0.08883
   0.06768
  -0.00258
  -0.06420
   0.08929
  -0.05640
  -0.01311
   0.07411
  -0.08698
   0.04338
   0.02839
  -0.08173
   0.08199
  -0.02902
  -0.04280
   0.08683
  -0.07447
   0.01376
   0.05588
  -0.08924
   0.06466
   0.00192
  -0.06724
   0.08891
  -0.05284
  -0.01754
   0.07653
  -0.08583
   0.03939
   0.03262
  -0.08345
   0.08010
  -0.02473
  -0.04669
   0.08780
  -0.07189
   0.00931
   0.05932
  -0.08943
   0.06147
   0.00641
  -0.07012
   0.08831
  -0.04915
  -0.02192
   0.07876
  -0.08445
   0.03531
   0.03676
  -0.08496
   0.07799
  -0.02038
  -0.05046
   0.08854
  -0.06913
   0.00482
   0.06261
  -0.08939
   0.05813
   0.01088
  -0.07282
   0.08748
  -0.04533
  -0.02625
   0.08079
  -0.08287
   0.03114
   0.04081
  -0.08626
   0.07570
  -0.01598
  -0.05411
   0.08907
  -0.06619
   0.00033
   0.06574
  -0.08913
   0.05464
   0.01533
  -0.07534
   0.08643
  -0.04140
  -0.03051
   0.08261
  -0.08107
   0.02688
   0.04476
  -0.08734
   0.07321
  -0.01154
  -0.05762
   0.08937
  -0.06308
  -0.00416
   0.06871
  -0.08863
   0.05101
   0.01974
  -0.07767
   0.08517
  -0.03736
  -0.03470
   0.08423
  -0.07907
   0.02256
   0.04859
  -0.08820
   0.07053
  -0.00707
  -0.06099
   0.08944
  -0.05982
  -0.00865
   0.07150
  -0.08792
   0.04725
   0.02409
  -0.07980
   0.08369
  -0.03323
  -0.03880
   0.08564
  -0.07687
   0.01819
   0.05230
  -0.08883
   0.06768
  -0.00258
  -0.06420
   0.08929
  -0.05640
  -0.01311
   0.07411
  -0.08698
   0.04338
   0.02839
  -0.08173
   0.08199
  -0.02902
  -0.04280
   0.08683
  -0.07447
   0.01376
   0.05588
  -0.08924
   0.06466
   0.00192
  -0.06724
   0.08891
  -0.05284
  -0.01754
   0.07653
  -0.08583
   0.03939
   0.03262
  -0.08345
   0.08010
  -0.02473
  -0.04669
   0.08780
  -0.07189
   0.00931
   0.05932
  -0.08943
   0.06147
   0.00641
  -0.07012
   0.08831
  -0.04915
  -0.02192
   0.07876
  -0.08445
   0.03531
   0.03676
  -0.08496
   0.07799
  -0.02038
  -0.05046
   0.08854
  -0.06913
   0.00482
   0.06261
  -0.08939
