   0.08430
  -0.06737
   0.04099
  -0.00884
  -0.02454
   0.05448
  -0.07677
   0.08827
  -0.08738
   0.07422
  -0.05063
   0.01993
   0.01357
  -0.04516
   0.07041
  -0.08577
   0.08909
  -0.07989
   0.05947
  -0.03070
  -0.00238
   0.03513
  -0.06294
   0.08192
  -0.08938
   0.08430
  -0.06737
   0.04099
  -0.00884
  -0.02454
   0.05448
  -0.07677
   0.08827
  -0.08738
   0.07422
  -0.05063
   0.01993
   0.01357
  -0.04516
   0.07041
  -0.08577
   0.08909
  -0.07989
   0.05947
  -0.03070
  -0.00238
   0.03513
  -0.06294
   0.08192
  -0.08938
   0.08430
  -0.06737
   0.04099
  -0.00884
  -0.02454
   0.05448
  -0.07677
   0.08827
  -0.08738
   0.07422
  -0.05063
   0.01993
   0.01357
  -0.04516
   0.07041
  -0.08577
   0.08909
  -0.07989
   0.05947
  -0.03070
  -0.00238
   0.03513
  -0.06294
   0.08192
  -0.08938
   0.08430
  -0.06737
   0.04099
  -0.00884
  -0.02454
   0.05448
  -0.07677
   0.08827
  -0.08738
   0.07422
  -0.05063
   0.01993
   0.01357
  -0.04516
   0.07041
  -0.08577
   0.08909
  -0.07989
   0.05947
  -0.03070
  -0.00238
   0.03513
  -0.06294
   0.08192
  -0.08938
   0.08430
  -0.06737
   0.04099
  -0.00884
  -0.02454
   0.05448
  -0.07677
   0.08827
  -0.08738
   0.07422
  -0.05063
   0.01993
   0.01357
  -0.04516
   0.07041
  -0.08577
   0.08909
  -0.07989
   0.05947
  -0.03070
  -0.00238
   0.03513
  -0.06294
   0.08192
  -0.08938
   0.08430
  -0.06737
   0.04099
  -0.00884
  -0.02454
   0.05448
  -0.07677
   0.08827
  -0.08738
   0.07422
  -0.05063
   0.01993
   0.01357
  -0.04516
   0.07041
  -0.08577
   0.08909
  -0.07989
   0.05947
  -0.03070
  -0.00238
   0.03513
  -0.06294
   0.08192
  -0.08938
   0.08430
  -0.06737
   0.04099
  -0.00884
  -0.02454
   0.05448
  -0.07677
   0.08827
  -0.08738
   0.07422
  -0.05063
   0.01993
   0.01357
  -0.04516
   0.07041
  -0.08577
   0.08909
  -0.07989
   0.05947
  -0.03070
  -0.00238
   0.03513
  -0.06294
   0.08192
  -0.08938
   0.08430
  -0.06737
   0.04099
  -0.00884
  -0.02454
   0.05448
  -0.07677
   0.08827
  -0.08738
   0.07422
  -0.05063
   0.01993
   0.01357
  -0.04516
   0.07041
  -0.08577
   0.08909
  -0.07989
   0.05947
  -0.03070
  -0.00238
   0.03513
  -0.06294
   0.08192
  -0.08938
   0.08430
  -0.06737
   0.04099
  -0.00884
  -0.02454
   0.05448
  -0.07677
   0.08827
  -0.08738
   0.07422
  -0.05063
   0.01993
   0.01357
  -0.04516
   0.07041
  -0.08577
   0.08909
  -0.07989
   0.05947
  -0.03070
  -0.00238
   0.03513
  -0.06294
   0.08192
  -0.08938
   0.08430
  -0.06737
   0.04099
  -0.00884
  -0.02454
   0.05448
  -0.07677
   0.08827
  -0.08738
   0.07422
  -0.05063
   0.01993
   0.01357
  -0.04516
   0.07041
  -0.08577
   0.08909
  -0.07989
   0.05947
  -0.03070
  -0.00238
   0.03513
  -0.06294
   0.08192
  -0.08938
