   0.08562
  -0.05468
  -0.04664
   0.08793
  -0.01603
  -0.07650
   0.07057
   0.02620
  -0.08924
   0.03741
   0.06257
  -0.08202
  -0.00411
   0.08495
  -0.05644
  -0.04471
   0.08831
  -0.01824
  -0.07531
   0.07192
   0.02404
  -0.08906
   0.03944
   0.06095
  -0.08289
  -0.00186
   0.08421
  -0.05817
  -0.04275
   0.08864
  -0.02043
  -0.07408
   0.07324
   0.02187
  -0.08883
   0.04145
   0.05928
  -0.08371
   0.00039
   0.08343
  -0.05986
  -0.04076
   0.08891
  -0.02262
  -0.07279
   0.07450
   0.01968
  -0.08854
   0.04343
   0.05758
  -0.08447
   0.00263
   0.08259
  -0.06151
  -0.03875
   0.08913
  -0.02478
  -0.07146
   0.07572
   0.01749
  -0.08819
   0.04538
   0.05584
  -0.08518
   0.00488
   0.08171
  -0.06312
  -0.03671
   0.08929
  -0.02694
  -0.07009
   0.07690
   0.01528
  -0.08779
   0.04730
   0.05407
  -0.08584
   0.00712
   0.08077
  -0.06469
  -0.03465
   0.08939
  -0.02907
  -0.06867
   0.07802
   0.01306
  -0.08733
   0.04919
   0.05226
  -0.08645
   0.00936
   0.07977
  -0.06622
  -0.03257
   0.08944
  -0.03119
  -0.06721
   0.07910
   0.01083
  -0.08681
   0.05105
   0.05042
  -0.08700
   0.01159
   0.07873
  -0.06771
  -0.03046
   0.08943
  -0.03328
  -0.06570
   0.08012
   0.00859
  -0.08625
   0.05288
   0.04855
  -0.08749
   0.01382
   0.07764
  -0.06916
  -0.02834
   0.08936
  -0.03536
  -0.06416
   0.08109
   0.00635
  -0.08562
   0.05468
   0.04664
  -0.08793
   0.01603
   0.07650
  -0.07057
  -0.02620
   0.08924
  -0.03741
  -0.06257
   0.08202
   0.00411
  -0.08495
   0.05644
   0.04471
  -0.08831
   0.01824
   0.07531
  -0.07192
  -0.02404
   0.08906
  -0.03944
  -0.06095
   0.08289
   0.00186
  -0.08421
   0.05817
   0.04275
  -0.08864
   0.02043
   0.07408
  -0.07324
  -0.02187
   0.08883
  -0.04145
  -0.05928
   0.08371
  -0.00039
  -0.08343
   0.05986
   0.04076
  -0.08891
   0.02262
   0.07279
  -0.07450
  -0.01968
   0.08854
  -0.04343
  -0.05758
   0.08447
  -0.00263
  -0.08259
   0.06151
   0.03875
  -0.08913
   0.02478
   0.07146
  -0.07572
  -0.01749
   0.08819
  -0.04538
  -0.05584
   0.08518
  -0.00488
  -0.08171
   0.06312
   0.03671
  -0.08929
   0.02694
   0.07009
  -0.07690
  -0.01528
   0.08779
  -0.04730
  -0.05407
   0.08584
  -0.00712
  -0.08077
   0.06469
   0.03465
  -0.08939
   0.02907
   0.06867
  -0.07802
  -0.01306
   0.08733
  -0.04919
  -0.05226
   0.08645
  -0.00936
  -0.07977
   0.06622
   0.03257
  -0.08944
   0.03119
   0.06721
  -0.07910
  -0.01083
   0.08681
  -0.05105
  -0.05042
   0.08700
  -0.01159
  -0.07873
   0.06771
   0.03046
  -0.08943
   0.03328
   0.06570
  -0.08012
  -0.00859
   0.08625
  -0.05288
  -0.04855
   0.08749
  -0.01382
  -0.07764
   0.06916
   0.02834
  -0.08936
   0.03536
   0.06416
  -0.08109
  -0.00635
