   0.08935
  -0.08878
   0.08771
  -0.08615
   0.08409
  -0.08155
   0.07856
  -0.07511
   0.07124
  -0.06696
   0.06231
  -0.05730
   0.05196
  -0.04633
   0.04043
  -0.03431
   0.02799
  -0.02151
   0.01491
  -0.00822
   0.00149
   0.00525
  -0.01196
   0.01860
  -0.02514
   0.03153
  -0.03775
   0.04375
  -0.04950
   0.05497
  -0.06013
   0.06495
  -0.06940
   0.07345
  -0.07709
   0.08028
  -0.08303
   0.08530
  -0.08708
   0.08837
  -0.08916
   0.08944
  -0.08922
   0.08848
  -0.08725
   0.08551
  -0.08330
   0.08061
  -0.07746
   0.07387
  -0.06986
   0.06545
  -0.06067
   0.05555
  -0.05011
   0.04439
  -0.03842
   0.03222
  -0.02585
   0.01932
  -0.01269
   0.00598
   0.00076
  -0.00749
   0.01418
  -0.02080
   0.02729
  -0.03363
   0.03978
  -0.04570
   0.05136
  -0.05673
   0.06178
  -0.06647
   0.07079
  -0.07471
   0.07820
  -0.08125
   0.08384
  -0.08595
   0.08757
  -0.08869
   0.08931
  -0.08942
   0.08903
  -0.08813
   0.08672
  -0.08483
   0.08245
  -0.07961
   0.07631
  -0.07258
   0.06843
  -0.06390
   0.05900
  -0.05377
   0.04824
  -0.04243
   0.03637
  -0.03012
   0.02369
  -0.01712
   0.01046
  -0.00374
  -0.00300
   0.00973
  -0.01640
   0.02297
  -0.02942
   0.03570
  -0.04178
   0.04761
  -0.05318
   0.05845
  -0.06338
   0.06796
  -0.07214
   0.07592
  -0.07927
   0.08216
  -0.08459
   0.08654
  -0.08800
   0.08895
  -0.08940
   0.08935
  -0.08878
   0.08771
  -0.08615
   0.08409
  -0.08155
   0.07856
  -0.07511
   0.07124
  -0.06696
   0.06231
  -0.05730
   0.05196
  -0.04633
   0.04043
  -0.03431
   0.02799
  -0.02151
   0.01491
  -0.00822
   0.00149
   0.00525
  -0.01196
   0.01860
  -0.02514
   0.03153
  -0.03775
   0.04375
  -0.04950
   0.05497
  -0.06013
   0.06495
  -0.06940
   0.07345
  -0.07709
   0.08028
  -0.08303
   0.08530
  -0.08708
   0.08837
  -0.08916
   0.08944
  -0.08922
   0.08848
  -0.08725
   0.08551
  -0.08330
   0.08061
  -0.07746
   0.07387
  -0.06986
   0.06545
  -0.06067
   0.05555
  -0.05011
   0.04439
  -0.03842
   0.03222
  -0.02585
   0.01932
  -0.01269
   0.00598
   0.00076
  -0.00749
   0.01418
  -0.02080
   0.02729
  -0.03363
   0.03978
  -0.04570
   0.05136
  -0.05673
   0.06178
  -0.06647
   0.07079
  -0.07471
   0.07820
  -0.08125
   0.08384
  -0.08595
   0.08757
  -0.08869
   0.08931
  -0.08942
   0.08903
  -0.08813
   0.08672
  -0.08483
   0.08245
  -0.07961
   0.07631
  -0.07258
   0.06843
  -0.06390
   0.05900
  -0.05377
   0.04824
  -0.04243
   0.03637
  -0.03012
   0.02369
  -0.01712
   0.01046
  -0.00374
  -0.00300
   0.00973
  -0.01640
   0.02297
  -0.02942
   0.03570
  -0.04178
   0.04761
  -0.05318
   0.05845
  -0.06338
   0.06796
  -0.07214
   0.07592
  -0.07927
   0.08216
  -0.08459
   0.08654
  -0.08800
   0.08895
  -0.08940
