   0.06781
  -0.02058
  -0.03451
   0.07642
  -0.08914
   0.06781
  -0.02058
  -0.03451
   0.07642
  -0.08914
   0.06781
  -0.02058
  -0.03451
   0.07642
  -0.08914
   0.06781
  -0.02058
  -0.03451
   0.07642
  -0.08914
   0.06781
  -0.02058
  -0.03451
   0.07642
  -0.08914
   0.06781
  -0.02058
  -0.03451
   0.07642
  -0.08914
   0.06781
  -0.02058
  -0.03451
   0.07642
  -0.08914
   0.06781
  -0.02058
  -0.03451
   0.07642
  -0.08914
   0.06781
  -0.02058
  -0.03451
   0.07642
  -0.08914
   0.06781
  -0.02058
  -0.03451
   0.07642
  -0.08914
   0.06781
  -0.02058
  -0.03451
   0.07642
  -0.08914
   0.06781
  -0.02058
  -0.03451
   0.07642
  -0.08914
   0.06781
  -0.02058
  -0.03451
   0.07642
  -0.08914
   0.06781
  -0.02058
  -0.03451
   0.07642
  -0.08914
   0.06781
  -0.02058
  -0.03451
   0.07642
  -0.08914
   0.06781
  -0.02058
  -0.03451
   0.07642
  -0.08914
   0.06781
  -0.02058
  -0.03451
   0.07642
  -0.08914
   0.06781
  -0.02058
  -0.03451
   0.07642
  -0.08914
   0.06781
  -0.02058
  -0.03451
   0.07642
  -0.08914
   0.06781
  -0.02058
  -0.03451
   0.07642
  -0.08914
   0.06781
  -0.02058
  -0.03451
   0.07642
  -0.08914
   0.06781
  -0.02058
  -0.03451
   0.07642
  -0.08914
   0.06781
  -0.02058
  -0.03451
   0.07642
  -0.08914
   0.06781
  -0.02058
  -0.03451
   0.07642
  -0.08914
   0.06781
  -0.02058
  -0.03451
   0.07642
  -0.08914
   0.06781
  -0.02058
  -0.03451
   0.07642
  -0.08914
   0.06781
  -0.02058
  -0.03451
   0.07642
  -0.08914
   0.06781
  -0.02058
  -0.03451
   0.07642
  -0.08914
   0.06781
  -0.02058
  -0.03451
   0.07642
  -0.08914
   0.06781
  -0.02058
  -0.03451
   0.07642
  -0.08914
   0.06781
  -0.02058
  -0.03451
   0.07642
  -0.08914
   0.06781
  -0.02058
  -0.03451
   0.07642
  -0.08914
   0.06781
  -0.02058
  -0.03451
   0.07642
  -0.08914
   0.06781
  -0.02058
  -0.03451
   0.07642
  -0.08914
   0.06781
  -0.02058
  -0.03451
   0.07642
  -0.08914
   0.06781
  -0.02058
  -0.03451
   0.07642
  -0.08914
   0.06781
  -0.02058
  -0.03451
   0.07642
  -0.08914
   0.06781
  -0.02058
  -0.03451
   0.07642
  -0.08914
   0.06781
  -0.02058
  -0.03451
   0.07642
  -0.08914
   0.06781
  -0.02058
  -0.03451
   0.07642
  -0.08914
   0.06781
  -0.02058
  -0.03451
   0.07642
  -0.08914
   0.06781
  -0.02058
  -0.03451
   0.07642
  -0.08914
   0.06781
  -0.02058
  -0.03451
   0.07642
  -0.08914
   0.06781
  -0.02058
  -0.03451
   0.07642
  -0.08914
   0.06781
  -0.02058
  -0.03451
   0.07642
  -0.08914
   0.06781
  -0.02058
  -0.03451
   0.07642
  -0.08914
   0.06781
  -0.02058
  -0.03451
   0.07642
  -0.08914
   0.06781
  -0.02058
  -0.03451
   0.07642
  -0.08914
   0.06781
  -0.02058
  -0.03451
   0.07642
  -0.08914
   0.06781
  -0.02058
  -0.03451
   0.07642
  -0.08914
