   0.02597
  -0.04451
   0.06077
  -0.07394
   0.08335
  -0.08850
   0.08915
  -0.08525
   0.07702
  -0.06486
   0.04939
  -0.03141
   0.01183
   0.00836
  -0.02812
   0.04644
  -0.06240
   0.07518
  -0.08414
   0.08880
  -0.08894
   0.08455
  -0.07585
   0.06329
  -0.04750
   0.02929
  -0.00959
  -0.01059
   0.03024
  -0.04835
   0.06399
  -0.07638
   0.08487
  -0.08904
   0.08867
  -0.08379
   0.07463
  -0.06168
   0.04558
  -0.02716
   0.00736
   0.01282
  -0.03235
   0.05023
  -0.06554
   0.07752
  -0.08555
   0.08923
  -0.08835
   0.08298
  -0.07337
   0.06003
  -0.04363
   0.02501
  -0.00511
  -0.01504
   0.03443
  -0.05207
   0.06705
  -0.07862
   0.08618
  -0.08935
   0.08797
  -0.08211
   0.07206
  -0.05835
   0.04166
  -0.02284
   0.00287
   0.01725
  -0.03650
   0.05388
  -0.06852
   0.07967
  -0.08676
   0.08943
  -0.08754
   0.08119
  -0.07071
   0.05662
  -0.03965
   0.02066
  -0.00062
  -0.01945
   0.03854
  -0.05566
   0.06994
  -0.08066
   0.08728
  -0.08944
   0.08705
  -0.08022
   0.06931
  -0.05487
   0.03763
  -0.01847
  -0.00163
   0.02164
  -0.04055
   0.05740
  -0.07132
   0.08161
  -0.08774
   0.08940
  -0.08651
   0.07920
  -0.06787
   0.05307
  -0.03558
   0.01627
   0.00387
  -0.02382
   0.04254
  -0.05911
   0.07266
  -0.08250
   0.08815
  -0.08930
   0.08591
  -0.07814
   0.06638
  -0.05125
   0.03350
  -0.01405
  -0.00612
   0.02597
  -0.04451
   0.06077
  -0.07394
   0.08335
  -0.08850
   0.08915
  -0.08525
   0.07702
  -0.06486
   0.04939
  -0.03141
   0.01183
   0.00836
  -0.02812
   0.04644
  -0.06240
   0.07518
  -0.08414
   0.08880
  -0.08894
   0.08455
  -0.07585
   0.06329
  -0.04750
   0.02929
  -0.00959
  -0.01059
   0.03024
  -0.04835
   0.06399
  -0.07638
   0.08487
  -0.08904
   0.08867
  -0.08379
   0.07463
  -0.06168
   0.04558
  -0.02716
   0.00736
   0.01282
  -0.03235
   0.05023
  -0.06554
   0.07752
  -0.08555
   0.08923
  -0.08835
   0.08298
  -0.07337
   0.06003
  -0.04363
   0.02501
  -0.00511
  -0.01504
   0.03443
  -0.05207
   0.06705
  -0.07862
   0.08618
  -0.08935
   0.08797
  -0.08211
   0.07206
  -0.05835
   0.04166
  -0.02284
   0.00287
   0.01725
  -0.03650
   0.05388
  -0.06852
   0.07967
  -0.08676
   0.08943
  -0.08754
   0.08119
  -0.07071
   0.05662
  -0.03965
   0.02066
  -0.00062
  -0.01945
   0.03854
  -0.05566
   0.06994
  -0.08066
   0.08728
  -0.08944
   0.08705
  -0.08022
   0.06931
  -0.05487
   0.03763
  -0.01847
  -0.00163
   0.02164
  -0.04055
   0.05740
  -0.07132
   0.08161
  -0.08774
   0.08940
  -0.08651
   0.07920
  -0.06787
   0.05307
  -0.03558
   0.01627
   0.00387
  -0.02382
   0.04254
  -0.05911
   0.07266
  -0.08250
   0.08815
  -0.08930
   0.08591
  -0.07814
   0.06638
  -0.05125
   0.03350
  -0.01405
  -0.00612
