   0.07281
   0.02837
  -0.02690
  -0.07190
  -0.08944
  -0.07281
  -0.02837
   0.02690
   0.07190
   0.08944
   0.07281
   0.02837
  -0.02690
  -0.07190
  -0.08944
  -0.07281
  -0.02837
   0.02690
   0.07190
   0.08944
   0.07281
   0.02837
  -0.02690
  -0.07190
  -0.08944
  -0.07281
  -0.02837
   0.02690
   0.07190
   0.08944
   0.07281
   0.02837
  -0.02690
  -0.07190
  -0.08944
  -0.07281
  -0.02837
   0.02690
   0.07190
   0.08944
   0.07281
   0.02837
  -0.02690
  -0.07190
  -0.08944
  -0.07281
  -0.02837
   0.02690
   0.07190
   0.08944
   0.07281
   0.02837
  -0.02690
  -0.07190
  -0.08944
  -0.07281
  -0.02837
   0.02690
   0.07190
   0.08944
   0.07281
   0.02837
  -0.02690
  -0.07190
  -0.08944
  -0.07281
  -0.02837
   0.02690
   0.07190
   0.08944
   0.07281
   0.02837
  -0.02690
  -0.07190
  -0.08944
  -0.07281
  -0.02837
   0.02690
   0.07190
   0.08944
   0.07281
   0.02837
  -0.02690
  -0.07190
  -0.08944
  -0.07281
  -0.02837
   0.02690
   0.07190
   0.08944
   0.07281
   0.02837
  -0.02690
  -0.07190
  -0.08944
  -0.07281
  -0.02837
   0.02690
   0.07190
   0.08944
   0.07281
   0.02837
  -0.02690
  -0.07190
  -0.08944
  -0.07281
  -0.02837
   0.02690
   0.07190
   0.08944
   0.07281
   0.02837
  -0.02690
  -0.07190
  -0.08944
  -0.07281
  -0.02837
   0.02690
   0.07190
   0.08944
   0.07281
   0.02837
  -0.02690
  -0.07190
  -0.08944
  -0.07281
  -0.02837
   0.02690
   0.07190
   0.08944
   0.07281
   0.02837
  -0.02690
  -0.07190
  -0.08944
  -0.07281
  -0.02837
   0.02690
   0.07190
   0.08944
   0.07281
   0.02837
  -0.02690
  -0.07190
  -0.08944
  -0.07281
  -0.02837
   0.02690
   0.07190
   0.08944
   0.07281
   0.02837
  -0.02690
  -0.07190
  -0.08944
  -0.07281
  -0.02837
   0.02690
   0.07190
   0.08944
   0.07281
   0.02837
  -0.02690
  -0.07190
  -0.08944
  -0.07281
  -0.02837
   0.02690
   0.07190
   0.08944
   0.07281
   0.02837
  -0.02690
  -0.07190
  -0.08944
  -0.07281
  -0.02837
   0.02690
   0.07190
   0.08944
   0.07281
   0.02837
  -0.02690
  -0.07190
  -0.08944
  -0.07281
  -0.02837
   0.02690
   0.07190
   0.08944
   0.07281
   0.02837
  -0.02690
  -0.07190
  -0.08944
  -0.07281
  -0.02837
   0.02690
   0.07190
   0.08944
   0.07281
   0.02837
  -0.02690
  -0.07190
  -0.08944
  -0.07281
  -0.02837
   0.02690
   0.07190
   0.08944
   0.07281
   0.02837
  -0.02690
  -0.07190
  -0.08944
  -0.07281
  -0.02837
   0.02690
   0.07190
   0.08944
   0.07281
   0.02837
  -0.02690
  -0.07190
  -0.08944
  -0.07281
  -0.02837
   0.02690
   0.07190
   0.08944
   0.07281
   0.02837
  -0.02690
  -0.07190
  -0.08944
  -0.07281
  -0.02837
   0.02690
   0.07190
   0.08944
   0.07281
   0.02837
  -0.02690
  -0.07190
  -0.08944
  -0.07281
  -0.02837
   0.02690
   0.07190
   0.08944
