  -0.00319
   0.08720
   0.03587
  -0.07376
  -0.06352
   0.04996
   0.08224
  -0.01914
  -0.08941
  -0.01437
   0.08402
   0.04586
  -0.06684
  -0.07091
   0.04026
   0.08600
  -0.00804
  -0.08901
  -0.02532
   0.07952
   0.05512
  -0.05886
  -0.07718
   0.02994
   0.08840
   0.00319
  -0.08720
  -0.03587
   0.07376
   0.06352
  -0.04996
  -0.08224
   0.01914
   0.08941
   0.01437
  -0.08402
  -0.04586
   0.06684
   0.07091
  -0.04026
  -0.08600
   0.00804
   0.08901
   0.02532
  -0.07952
  -0.05512
   0.05886
   0.07718
  -0.02994
  -0.08840
  -0.00319
   0.08720
   0.03587
  -0.07376
  -0.06352
   0.04996
   0.08224
  -0.01914
  -0.08941
  -0.01437
   0.08402
   0.04586
  -0.06684
  -0.07091
   0.04026
   0.08600
  -0.00804
  -0.08901
  -0.02532
   0.07952
   0.05512
  -0.05886
  -0.07718
   0.02994
   0.08840
   0.00319
  -0.08720
  -0.03587
   0.07376
   0.06352
  -0.04996
  -0.08224
   0.01914
   0.08941
   0.01437
  -0.08402
  -0.04586
   0.06684
   0.07091
  -0.04026
  -0.08600
   0.00804
   0.08901
   0.02532
  -0.07952
  -0.05512
   0.05886
   0.07718
  -0.02994
  -0.08840
  -0.00319
   0.08720
   0.03587
  -0.07376
  -0.06352
   0.04996
   0.08224
  -0.01914
  -0.08941
  -0.01437
   0.08402
   0.04586
  -0.06684
  -0.07091
   0.04026
   0.08600
  -0.00804
  -0.08901
  -0.02532
   0.07952
   0.05512
  -0.05886
  -0.07718
   0.02994
   0.08840
   0.00319
  -0.08720
  -0.03587
   0.07376
   0.06352
  -0.04996
  -0.08224
   0.01914
   0.08941
   0.01437
  -0.08402
  -0.04586
   0.06684
   0.07091
  -0.04026
  -0.08600
   0.00804
   0.08901
   0.02532
  -0.07952
  -0.05512
   0.05886
   0.07718
  -0.02994
  -0.08840
  -0.00319
   0.08720
   0.03587
  -0.07376
  -0.06352
   0.04996
   0.08224
  -0.01914
  -0.08941
  -0.01437
   0.08402
   0.04586
  -0.06684
  -0.07091
   0.04026
   0.08600
  -0.00804
  -0.08901
  -0.02532
   0.07952
   0.05512
  -0.05886
  -0.07718
   0.02994
   0.08840
   0.00319
  -0.08720
  -0.03587
   0.07376
   0.06352
  -0.04996
  -0.08224
   0.01914
   0.08941
   0.01437
  -0.08402
  -0.04586
   0.06684
   0.07091
  -0.04026
  -0.08600
   0.00804
   0.08901
   0.02532
  -0.07952
  -0.05512
   0.05886
   0.07718
  -0.02994
  -0.08840
  -0.00319
   0.08720
   0.03587
  -0.07376
  -0.06352
   0.04996
   0.08224
  -0.01914
  -0.08941
  -0.01437
   0.08402
   0.04586
  -0.06684
  -0.07091
   0.04026
   0.08600
  -0.00804
  -0.08901
  -0.02532
   0.07952
   0.05512
  -0.05886
  -0.07718
   0.02994
   0.08840
   0.00319
  -0.08720
  -0.03587
   0.07376
   0.06352
  -0.04996
  -0.08224
   0.01914
   0.08941
   0.01437
  -0.08402
  -0.04586
   0.06684
   0.07091
  -0.04026
  -0.08600
   0.00804
   0.08901
   0.02532
  -0.07952
  -0.05512
   0.05886
   0.07718
  -0.02994
  -0.08840
