   0.05255
   0.03085
  -0.08691
   0.06595
   0.01346
  -0.08094
   0.07669
  -0.00447
  -0.07171
   0.08433
  -0.02222
  -0.05959
   0.08859
  -0.03907
  -0.04507
   0.08927
  -0.05435
  -0.02873
   0.08635
  -0.06744
  -0.01124
   0.07996
  -0.07782
   0.00671
   0.07034
  -0.08506
   0.02439
   0.05790
  -0.08887
   0.04108
   0.04311
  -0.08910
   0.05612
   0.02659
  -0.08574
   0.06890
   0.00900
  -0.07893
   0.07890
  -0.00895
  -0.06893
   0.08573
  -0.02654
  -0.05616
   0.08909
  -0.04307
  -0.04113
   0.08887
  -0.05785
  -0.02444
   0.08507
  -0.07031
  -0.00676
   0.07784
  -0.07994
   0.01118
   0.06748
  -0.08634
   0.02868
   0.05440
  -0.08926
   0.04502
   0.03912
  -0.08859
   0.05955
   0.02227
  -0.08435
   0.07168
   0.00452
  -0.07671
   0.08092
  -0.01341
  -0.06598
   0.08690
  -0.03080
  -0.05259
   0.08938
  -0.04695
  -0.03709
   0.08826
  -0.06121
  -0.02009
   0.08358
  -0.07300
  -0.00227
   0.07553
  -0.08185
   0.01563
   0.06445
  -0.08740
   0.03290
   0.05076
  -0.08944
   0.04885
   0.03503
  -0.08786
   0.06283
   0.01789
  -0.08275
   0.07428
   0.00003
  -0.07431
   0.08273
  -0.01784
  -0.06287
   0.08785
  -0.03498
  -0.04889
   0.08944
  -0.05072
  -0.03295
   0.08742
  -0.06441
  -0.01568
   0.08187
  -0.07550
   0.00222
   0.07303
  -0.08356
   0.02003
   0.06125
  -0.08825
   0.03704
   0.04700
  -0.08938
   0.05255
   0.03085
  -0.08691
   0.06595
   0.01346
  -0.08094
   0.07669
  -0.00447
  -0.07171
   0.08433
  -0.02222
  -0.05959
   0.08859
  -0.03907
  -0.04507
   0.08927
  -0.05435
  -0.02873
   0.08635
  -0.06744
  -0.01124
   0.07996
  -0.07782
   0.00671
   0.07034
  -0.08506
   0.02439
   0.05790
  -0.08887
   0.04108
   0.04311
  -0.08910
   0.05612
   0.02659
  -0.08574
   0.06890
   0.00900
  -0.07893
   0.07890
  -0.00895
  -0.06893
   0.08573
  -0.02654
  -0.05616
   0.08909
  -0.04307
  -0.04113
   0.08887
  -0.05785
  -0.02444
   0.08507
  -0.07031
  -0.00676
   0.07784
  -0.07994
   0.01118
   0.06748
  -0.08634
   0.02868
   0.05440
  -0.08926
   0.04502
   0.03912
  -0.08859
   0.05955
   0.02227
  -0.08435
   0.07168
   0.00452
  -0.07671
   0.08092
  -0.01341
  -0.06598
   0.08690
  -0.03080
  -0.05259
   0.08938
  -0.04695
  -0.03709
   0.08826
  -0.06121
  -0.02009
   0.08358
  -0.07300
  -0.00227
   0.07553
  -0.08185
   0.01563
   0.06445
  -0.08740
   0.03290
   0.05076
  -0.08944
   0.04885
   0.03503
  -0.08786
   0.06283
   0.01789
  -0.08275
   0.07428
   0.00003
  -0.07431
   0.08273
  -0.01784
  -0.06287
   0.08785
  -0.03498
  -0.04889
   0.08944
  -0.05072
  -0.03295
   0.08742
  -0.06441
  -0.01568
   0.08187
  -0.07550
   0.00222
   0.07303
  -0.08356
   0.02003
   0.06125
  -0.08825
   0.03704
   0.04700
  -0.08938
