  -0.00216
  -0.08944
  -0.00009
   0.08943
   0.00234
  -0.08938
  -0.00458
   0.08926
   0.00682
  -0.08909
  -0.00906
   0.08886
   0.01130
  -0.08858
  -0.01352
   0.08824
   0.01574
  -0.08784
  -0.01795
   0.08739
   0.02014
  -0.08688
  -0.02233
   0.08632
   0.02450
  -0.08571
  -0.02665
   0.08504
   0.02879
  -0.08431
  -0.03091
   0.08354
   0.03301
  -0.08271
  -0.03509
   0.08183
   0.03714
  -0.08089
  -0.03918
   0.07991
   0.04118
  -0.07887
  -0.04317
   0.07779
   0.04512
  -0.07665
  -0.04705
   0.07547
   0.04894
  -0.07424
  -0.05081
   0.07296
   0.05264
  -0.07164
  -0.05444
   0.07027
   0.05621
  -0.06886
  -0.05794
   0.06740
   0.05964
  -0.06591
  -0.06129
   0.06437
   0.06291
  -0.06278
  -0.06449
   0.06116
   0.06602
  -0.05950
  -0.06752
   0.05781
   0.06897
  -0.05607
  -0.07038
   0.05431
   0.07175
  -0.05250
  -0.07307
   0.05067
   0.07434
  -0.04880
  -0.07557
   0.04690
   0.07674
  -0.04497
  -0.07787
   0.04301
   0.07896
  -0.04103
  -0.07999
   0.03902
   0.08097
  -0.03698
  -0.08190
   0.03492
   0.08277
  -0.03284
  -0.08360
   0.03074
   0.08437
  -0.02862
  -0.08509
   0.02648
   0.08576
  -0.02433
  -0.08637
   0.02216
   0.08693
  -0.01997
  -0.08743
   0.01778
   0.08787
  -0.01557
  -0.08827
   0.01335
   0.08860
  -0.01112
  -0.08888
   0.00889
   0.08910
  -0.00665
  -0.08927
   0.00441
   0.08938
  -0.00216
  -0.08944
  -0.00009
   0.08943
   0.00234
  -0.08938
  -0.00458
   0.08926
   0.00682
  -0.08909
  -0.00906
   0.08886
   0.01130
  -0.08858
  -0.01352
   0.08824
   0.01574
  -0.08784
  -0.01795
   0.08739
   0.02014
  -0.08688
  -0.02233
   0.08632
   0.02450
  -0.08571
  -0.02665
   0.08504
   0.02879
  -0.08431
  -0.03091
   0.08354
   0.03301
  -0.08271
  -0.03509
   0.08183
   0.03714
  -0.08089
  -0.03918
   0.07991
   0.04118
  -0.07887
  -0.04317
   0.07779
   0.04512
  -0.07665
  -0.04705
   0.07547
   0.04894
  -0.07424
  -0.05081
   0.07296
   0.05264
  -0.07164
  -0.05444
   0.07027
   0.05621
  -0.06886
  -0.05794
   0.06740
   0.05964
  -0.06591
  -0.06129
   0.06437
   0.06291
  -0.06278
  -0.06449
   0.06116
   0.06602
  -0.05950
  -0.06752
   0.05781
   0.06897
  -0.05607
  -0.07038
   0.05431
   0.07175
  -0.05250
  -0.07307
   0.05067
   0.07434
  -0.04880
  -0.07557
   0.04690
   0.07674
  -0.04497
  -0.07787
   0.04301
   0.07896
  -0.04103
  -0.07999
   0.03902
   0.08097
  -0.03698
  -0.08190
   0.03492
   0.08277
  -0.03284
  -0.08360
   0.03074
   0.08437
  -0.02862
  -0.08509
   0.02648
   0.08576
  -0.02433
  -0.08637
   0.02216
   0.08693
  -0.01997
  -0.08743
   0.01778
   0.08787
  -0.01557
  -0.08827
   0.01335
   0.08860
  -0.01112
  -0.08888
   0.00889
   0.08910
  -0.00665
  -0.08927
   0.00441
   0.08938
