  -0.07834
   0.07616
   0.00329
  -0.07940
   0.07496
   0.00553
  -0.08041
   0.07371
   0.00777
  -0.08137
   0.07241
   0.01001
  -0.08228
   0.07107
   0.01224
  -0.08313
   0.06968
   0.01446
  -0.08393
   0.06825
   0.01668
  -0.08468
   0.06677
   0.01888
  -0.08538
   0.06526
   0.02107
  -0.08602
   0.06370
   0.02325
  -0.08661
   0.06210
   0.02541
  -0.08715
   0.06047
   0.02756
  -0.08762
   0.05879
   0.02969
  -0.08805
   0.05708
   0.03180
  -0.08842
   0.05533
   0.03389
  -0.08873
   0.05355
   0.03596
  -0.08898
   0.05173
   0.03801
  -0.08918
   0.04988
   0.04003
  -0.08933
   0.04800
   0.04203
  -0.08941
   0.04608
   0.04400
  -0.08944
   0.04414
   0.04594
  -0.08942
   0.04218
   0.04785
  -0.08933
   0.04018
   0.04974
  -0.08919
   0.03816
   0.05159
  -0.08900
   0.03611
   0.05341
  -0.08875
   0.03405
   0.05520
  -0.08844
   0.03196
   0.05695
  -0.08808
   0.02985
   0.05866
  -0.08766
   0.02772
   0.06034
  -0.08718
   0.02557
   0.06198
  -0.08665
   0.02341
   0.06358
  -0.08607
   0.02123
   0.06514
  -0.08543
   0.01904
   0.06666
  -0.08474
   0.01684
   0.06814
  -0.08399
   0.01463
   0.06958
  -0.08319
   0.01241
   0.07097
  -0.08234
   0.01018
   0.07231
  -0.08144
   0.00794
   0.07361
  -0.08048
   0.00570
   0.07486
  -0.07948
   0.00346
   0.07607
  -0.07842
   0.00121
   0.07723
  -0.07731
  -0.00104
   0.07834
  -0.07616
  -0.00329
   0.07940
  -0.07496
  -0.00553
   0.08041
  -0.07371
  -0.00777
   0.08137
  -0.07241
  -0.01001
   0.08228
  -0.07107
  -0.01224
   0.08313
  -0.06968
  -0.01446
   0.08393
  -0.06825
  -0.01668
   0.08468
  -0.06677
  -0.01888
   0.08538
  -0.06526
  -0.02107
   0.08602
  -0.06370
  -0.02325
   0.08661
  -0.06210
  -0.02541
   0.08715
  -0.06047
  -0.02756
   0.08762
  -0.05879
  -0.02969
   0.08805
  -0.05708
  -0.03180
   0.08842
  -0.05533
  -0.03389
   0.08873
  -0.05355
  -0.03596
   0.08898
  -0.05173
  -0.03801
   0.08918
  -0.04988
  -0.04003
   0.08933
  -0.04800
  -0.04203
   0.08941
  -0.04608
  -0.04400
   0.08944
  -0.04414
  -0.04594
   0.08942
  -0.04218
  -0.04785
   0.08933
  -0.04018
  -0.04974
   0.08919
  -0.03816
  -0.05159
   0.08900
  -0.03611
  -0.05341
   0.08875
  -0.03405
  -0.05520
   0.08844
  -0.03196
  -0.05695
   0.08808
  -0.02985
  -0.05866
   0.08766
  -0.02772
  -0.06034
   0.08718
  -0.02557
  -0.06198
   0.08665
  -0.02341
  -0.06358
   0.08607
  -0.02123
  -0.06514
   0.08543
  -0.01904
  -0.06666
   0.08474
  -0.01684
  -0.06814
   0.08399
  -0.01463
  -0.06958
   0.08319
  -0.01241
  -0.07097
   0.08234
  -0.01018
  -0.07231
   0.08144
  -0.00794
  -0.07361
   0.08048
  -0.00570
  -0.07486
   0.07948
  -0.00346
  -0.07607
   0.07842
  -0.00121
  -0.07723
   0.07731
   0.00104
