   0.00676
  -0.08785
  -0.02659
   0.08185
   0.04506
  -0.07168
  -0.06124
   0.05786
   0.07430
  -0.04109
  -0.08358
   0.02222
   0.08859
  -0.00223
  -0.08909
  -0.01788
   0.08506
   0.03708
  -0.07669
  -0.05439
   0.06441
   0.06893
  -0.04885
  -0.07996
   0.03080
   0.08691
  -0.01119
  -0.08944
  -0.00900
   0.08740
   0.02873
  -0.08092
  -0.04699
   0.07031
   0.06286
  -0.05613
  -0.07553
   0.03908
   0.08435
  -0.02004
  -0.08887
  -0.00002
   0.08887
   0.02008
  -0.08434
  -0.03912
   0.07551
   0.05616
  -0.06283
  -0.07034
   0.04695
   0.08094
  -0.02868
  -0.08741
   0.00895
   0.08944
   0.01123
  -0.08690
  -0.03085
   0.07994
   0.04889
  -0.06890
  -0.06444
   0.05436
   0.07671
  -0.03704
  -0.08507
   0.01784
   0.08910
   0.00227
  -0.08859
  -0.02227
   0.08356
   0.04113
  -0.07428
  -0.05789
   0.06121
   0.07171
  -0.04503
  -0.08187
   0.02655
   0.08786
  -0.00672
  -0.08938
  -0.01346
   0.08634
   0.03295
  -0.07890
  -0.05076
   0.06745
   0.06598
  -0.05256
  -0.07784
   0.03498
   0.08574
  -0.01563
  -0.08927
  -0.00452
   0.08825
   0.02444
  -0.08273
  -0.04311
   0.07300
   0.05959
  -0.05955
  -0.07303
   0.04307
   0.08275
  -0.02439
  -0.08826
   0.00447
   0.08926
   0.01568
  -0.08573
  -0.03503
   0.07782
   0.05259
  -0.06595
  -0.06748
   0.05072
   0.07893
  -0.03291
  -0.08635
   0.01341
   0.08938
   0.00676
  -0.08785
  -0.02659
   0.08185
   0.04506
  -0.07168
  -0.06124
   0.05786
   0.07430
  -0.04109
  -0.08358
   0.02222
   0.08859
  -0.00223
  -0.08909
  -0.01788
   0.08506
   0.03708
  -0.07669
  -0.05439
   0.06441
   0.06893
  -0.04885
  -0.07996
   0.03080
   0.08691
  -0.01119
  -0.08944
  -0.00900
   0.08740
   0.02873
  -0.08092
  -0.04699
   0.07031
   0.06286
  -0.05613
  -0.07553
   0.03908
   0.08435
  -0.02004
  -0.08887
  -0.00002
   0.08887
   0.02008
  -0.08434
  -0.03912
   0.07551
   0.05616
  -0.06283
  -0.07034
   0.04695
   0.08094
  -0.02868
  -0.08741
   0.00895
   0.08944
   0.01123
  -0.08690
  -0.03085
   0.07994
   0.04889
  -0.06890
  -0.06444
   0.05436
   0.07671
  -0.03704
  -0.08507
   0.01784
   0.08910
   0.00227
  -0.08859
  -0.02227
   0.08356
   0.04113
  -0.07428
  -0.05789
   0.06121
   0.07171
  -0.04503
  -0.08187
   0.02655
   0.08786
  -0.00672
  -0.08938
  -0.01346
   0.08634
   0.03295
  -0.07890
  -0.05076
   0.06745
   0.06598
  -0.05256
  -0.07784
   0.03498
   0.08574
  -0.01563
  -0.08927
  -0.00452
   0.08825
   0.02444
  -0.08273
  -0.04311
   0.07300
   0.05959
  -0.05955
  -0.07303
   0.04307
   0.08275
  -0.02439
  -0.08826
   0.00447
   0.08926
   0.01568
  -0.08573
  -0.03503
   0.07782
   0.05259
  -0.06595
  -0.06748
   0.05072
   0.07893
  -0.03291
  -0.08635
   0.01341
   0.08938
