  -0.06058
   0.00762
   0.07087
   0.08810
   0.04813
  -0.02310
  -0.07933
  -0.08405
  -0.03419
   0.03787
   0.08533
   0.07739
   0.01920
  -0.05146
  -0.08871
  -0.06835
  -0.00361
   0.06347
   0.08934
   0.05720
  -0.01209
  -0.07352
  -0.08722
  -0.04428
   0.02741
   0.08130
   0.08240
   0.02999
  -0.04189
  -0.08657
  -0.07504
  -0.01478
   0.05507
   0.08917
   0.06536
  -0.00088
  -0.06656
  -0.08901
  -0.05367
   0.01652
   0.07599
   0.08611
   0.04032
  -0.03165
  -0.08307
  -0.08055
  -0.02572
   0.04581
   0.08759
   0.07250
   0.01033
  -0.05855
  -0.08941
  -0.06221
   0.00538
   0.06948
   0.08846
   0.05001
  -0.02092
  -0.07826
  -0.08479
  -0.03626
   0.03582
   0.08463
   0.07849
   0.02139
  -0.04961
  -0.08839
  -0.06978
  -0.00585
   0.06187
   0.08942
   0.05891
  -0.00986
  -0.07222
  -0.08769
  -0.04622
   0.02526
   0.08034
   0.08325
   0.03210
  -0.03989
  -0.08598
  -0.07624
  -0.01699
   0.05329
   0.08897
   0.06688
   0.00136
  -0.06504
  -0.08921
  -0.05545
   0.01431
   0.07478
   0.08669
   0.04231
  -0.02954
  -0.08221
  -0.08150
  -0.02787
   0.04386
   0.08711
   0.07379
   0.01256
  -0.05683
  -0.08932
  -0.06381
   0.00313
   0.06804
   0.08877
   0.05185
  -0.01873
  -0.07715
  -0.08548
  -0.03830
   0.03375
   0.08388
   0.07955
   0.02356
  -0.04772
  -0.08802
  -0.07116
  -0.00810
   0.06023
   0.08944
   0.06058
  -0.00762
  -0.07087
  -0.08810
  -0.04813
   0.02310
   0.07933
   0.08405
   0.03419
  -0.03787
  -0.08533
  -0.07739
  -0.01920
   0.05146
   0.08871
   0.06835
   0.00361
  -0.06347
  -0.08934
  -0.05720
   0.01209
   0.07352
   0.08722
   0.04428
  -0.02741
  -0.08130
  -0.08240
  -0.02999
   0.04189
   0.08657
   0.07504
   0.01478
  -0.05507
  -0.08917
  -0.06536
   0.00088
   0.06656
   0.08901
   0.05367
  -0.01652
  -0.07599
  -0.08611
  -0.04032
   0.03165
   0.08307
   0.08055
   0.02572
  -0.04581
  -0.08759
  -0.07250
  -0.01033
   0.05855
   0.08941
   0.06221
  -0.00538
  -0.06948
  -0.08846
  -0.05001
   0.02092
   0.07826
   0.08479
   0.03626
  -0.03582
  -0.08463
  -0.07849
  -0.02139
   0.04961
   0.08839
   0.06978
   0.00585
  -0.06187
  -0.08942
  -0.05891
   0.00986
   0.07222
   0.08769
   0.04622
  -0.02526
  -0.08034
  -0.08325
  -0.03210
   0.03989
   0.08598
   0.07624
   0.01699
  -0.05329
  -0.08897
  -0.06688
  -0.00136
   0.06504
   0.08921
   0.05545
  -0.01431
  -0.07478
  -0.08669
  -0.04231
   0.02954
   0.08221
   0.08150
   0.02787
  -0.04386
  -0.08711
  -0.07379
  -0.01256
   0.05683
   0.08932
   0.06381
  -0.00313
  -0.06804
  -0.08877
  -0.05185
   0.01873
   0.07715
   0.08548
   0.03830
  -0.03375
  -0.08388
  -0.07955
  -0.02356
   0.04772
   0.08802
   0.07116
   0.00810
  -0.06023
  -0.08944
