   0.04528
  -0.08007
   0.08884
  -0.06874
   0.02631
   0.02467
  -0.06764
   0.08863
  -0.08081
   0.04674
   0.00252
  -0.05096
   0.08284
  -0.08781
   0.06424
  -0.01979
  -0.03108
   0.07186
  -0.08928
   0.07770
  -0.04086
  -0.00925
   0.05635
  -0.08515
   0.08628
  -0.05937
   0.01317
   0.03731
  -0.07566
   0.08943
  -0.07414
   0.03476
   0.01592
  -0.06143
   0.08697
  -0.08425
   0.05416
  -0.00647
  -0.04333
   0.07904
  -0.08907
   0.07016
  -0.02845
  -0.02251
   0.06615
  -0.08830
   0.08175
  -0.04864
  -0.00027
   0.04910
  -0.08197
   0.08821
  -0.06578
   0.02198
   0.02896
  -0.07050
   0.08912
  -0.07879
   0.04285
   0.00701
  -0.05459
   0.08443
  -0.08684
   0.06103
  -0.01539
  -0.03525
   0.07444
  -0.08944
   0.07537
  -0.03682
  -0.01370
   0.05977
  -0.08642
   0.08498
  -0.05593
   0.00871
   0.04135
  -0.07796
   0.08925
  -0.07153
   0.03057
   0.02032
  -0.06461
   0.08791
  -0.08264
   0.05051
  -0.00198
  -0.04720
   0.08105
  -0.08855
   0.06728
  -0.02415
  -0.02683
   0.06909
  -0.08890
   0.07983
  -0.04481
  -0.00476
   0.05279
  -0.08367
   0.08735
  -0.06265
   0.01760
   0.03318
  -0.07317
   0.08939
  -0.07656
   0.03885
   0.01148
  -0.05808
   0.08581
  -0.08566
   0.05767
  -0.01094
  -0.03934
   0.07684
  -0.08937
   0.07286
  -0.03267
  -0.01813
   0.06304
  -0.08747
   0.08347
  -0.05235
   0.00422
   0.04528
  -0.08007
   0.08884
  -0.06874
   0.02631
   0.02467
  -0.06764
   0.08863
  -0.08081
   0.04674
   0.00252
  -0.05096
   0.08284
  -0.08781
   0.06424
  -0.01979
  -0.03108
   0.07186
  -0.08928
   0.07770
  -0.04086
  -0.00925
   0.05635
  -0.08515
   0.08628
  -0.05937
   0.01317
   0.03731
  -0.07566
   0.08943
  -0.07414
   0.03476
   0.01592
  -0.06143
   0.08697
  -0.08425
   0.05416
  -0.00647
  -0.04333
   0.07904
  -0.08907
   0.07016
  -0.02845
  -0.02251
   0.06615
  -0.08830
   0.08175
  -0.04864
  -0.00027
   0.04910
  -0.08197
   0.08821
  -0.06578
   0.02198
   0.02896
  -0.07050
   0.08912
  -0.07879
   0.04285
   0.00701
  -0.05459
   0.08443
  -0.08684
   0.06103
  -0.01539
  -0.03525
   0.07444
  -0.08944
   0.07537
  -0.03682
  -0.01370
   0.05977
  -0.08642
   0.08498
  -0.05593
   0.00871
   0.04135
  -0.07796
   0.08925
  -0.07153
   0.03057
   0.02032
  -0.06461
   0.08791
  -0.08264
   0.05051
  -0.00198
  -0.04720
   0.08105
  -0.08855
   0.06728
  -0.02415
  -0.02683
   0.06909
  -0.08890
   0.07983
  -0.04481
  -0.00476
   0.05279
  -0.08367
   0.08735
  -0.06265
   0.01760
   0.03318
  -0.07317
   0.08939
  -0.07656
   0.03885
   0.01148
  -0.05808
   0.08581
  -0.08566
   0.05767
  -0.01094
  -0.03934
   0.07684
  -0.08937
   0.07286
  -0.03267
  -0.01813
   0.06304
  -0.08747
   0.08347
  -0.05235
   0.00422
