  -0.02866
   0.07432
   0.06743
  -0.03914
  -0.08785
  -0.00669
   0.08436
   0.05069
  -0.05791
  -0.08091
   0.01571
   0.08910
   0.03078
  -0.07305
  -0.06888
   0.03711
   0.08824
   0.00892
  -0.08359
  -0.05253
   0.05618
   0.08184
  -0.01349
  -0.08888
  -0.03288
   0.07173
   0.07030
  -0.03505
  -0.08858
  -0.01116
   0.08276
   0.05433
  -0.05442
  -0.08272
   0.01126
   0.08860
   0.03496
  -0.07036
  -0.07166
   0.03297
   0.08887
   0.01338
  -0.08188
  -0.05610
   0.05262
   0.08355
  -0.00903
  -0.08826
  -0.03702
   0.06895
   0.07299
  -0.03087
  -0.08909
  -0.01560
   0.08095
   0.05783
  -0.05078
  -0.08433
   0.00679
   0.08787
   0.03905
  -0.06750
  -0.07426
   0.02876
   0.08926
   0.01781
  -0.07997
  -0.05953
   0.04891
   0.08505
  -0.00455
  -0.08742
  -0.04106
   0.06600
   0.07549
  -0.02662
  -0.08938
  -0.02001
   0.07894
   0.06119
  -0.04702
  -0.08572
   0.00230
   0.08692
   0.04304
  -0.06446
  -0.07667
   0.02446
   0.08943
   0.02219
  -0.07786
  -0.06281
   0.04509
   0.08633
  -0.00005
  -0.08636
  -0.04500
   0.06288
   0.07781
  -0.02229
  -0.08944
  -0.02436
   0.07673
   0.06439
  -0.04314
  -0.08689
  -0.00220
   0.08575
   0.04693
  -0.06127
  -0.07889
   0.02011
   0.08938
   0.02652
  -0.07555
  -0.06593
   0.04115
   0.08740
   0.00444
  -0.08508
  -0.04883
   0.05961
   0.07992
  -0.01791
  -0.08927
  -0.02866
   0.07432
   0.06743
  -0.03914
  -0.08785
  -0.00669
   0.08436
   0.05069
  -0.05791
  -0.08091
   0.01571
   0.08910
   0.03078
  -0.07305
  -0.06888
   0.03711
   0.08824
   0.00892
  -0.08359
  -0.05253
   0.05618
   0.08184
  -0.01349
  -0.08888
  -0.03288
   0.07173
   0.07030
  -0.03505
  -0.08858
  -0.01116
   0.08276
   0.05433
  -0.05442
  -0.08272
   0.01126
   0.08860
   0.03496
  -0.07036
  -0.07166
   0.03297
   0.08887
   0.01338
  -0.08188
  -0.05610
   0.05262
   0.08355
  -0.00903
  -0.08826
  -0.03702
   0.06895
   0.07299
  -0.03087
  -0.08909
  -0.01560
   0.08095
   0.05783
  -0.05078
  -0.08433
   0.00679
   0.08787
   0.03905
  -0.06750
  -0.07426
   0.02876
   0.08926
   0.01781
  -0.07997
  -0.05953
   0.04891
   0.08505
  -0.00455
  -0.08742
  -0.04106
   0.06600
   0.07549
  -0.02662
  -0.08938
  -0.02001
   0.07894
   0.06119
  -0.04702
  -0.08572
   0.00230
   0.08692
   0.04304
  -0.06446
  -0.07667
   0.02446
   0.08943
   0.02219
  -0.07786
  -0.06281
   0.04509
   0.08633
  -0.00005
  -0.08636
  -0.04500
   0.06288
   0.07781
  -0.02229
  -0.08944
  -0.02436
   0.07673
   0.06439
  -0.04314
  -0.08689
  -0.00220
   0.08575
   0.04693
  -0.06127
  -0.07889
   0.02011
   0.08938
   0.02652
  -0.07555
  -0.06593
   0.04115
   0.08740
   0.00444
  -0.08508
  -0.04883
   0.05961
   0.07992
  -0.01791
  -0.08927
