  -0.06402
  -0.08940
  -0.06000
   0.00616
   0.06854
   0.08894
   0.05484
  -0.01286
  -0.07268
  -0.08797
  -0.04936
   0.01949
   0.07640
   0.08650
   0.04360
  -0.02601
  -0.07968
  -0.08454
  -0.03759
   0.03238
   0.08252
   0.08209
   0.03137
  -0.03857
  -0.08488
  -0.07919
  -0.02497
   0.04454
   0.08677
   0.07583
   0.01843
  -0.05026
  -0.08816
  -0.07204
  -0.01179
   0.05569
   0.08904
   0.06784
   0.00508
  -0.06080
  -0.08943
  -0.06326
   0.00166
   0.06557
   0.08930
   0.05832
  -0.00840
  -0.06997
  -0.08867
  -0.05304
   0.01508
   0.07396
   0.08753
   0.04747
  -0.02168
  -0.07754
  -0.08590
  -0.04162
   0.02815
   0.08068
   0.08377
   0.03554
  -0.03447
  -0.08336
  -0.08118
  -0.02926
   0.04059
   0.08556
   0.07812
   0.02281
  -0.04648
  -0.08728
  -0.07461
  -0.01623
   0.05210
   0.08851
   0.07069
   0.00956
  -0.05743
  -0.08923
  -0.06636
  -0.00283
   0.06243
   0.08944
   0.06165
  -0.00391
  -0.06708
  -0.08915
  -0.05660
   0.01063
   0.07134
   0.08834
   0.05122
  -0.01729
  -0.07521
  -0.08704
  -0.04555
   0.02385
   0.07864
   0.08524
   0.03962
  -0.03028
  -0.08163
  -0.08296
  -0.03347
   0.03653
   0.08415
   0.08021
   0.02712
  -0.04258
  -0.08619
  -0.07700
  -0.02063
   0.04838
   0.08775
   0.07335
   0.01401
  -0.05391
  -0.08880
  -0.06929
  -0.00732
   0.05913
   0.08936
   0.06483
   0.00058
  -0.06402
  -0.08940
  -0.06000
   0.00616
   0.06854
   0.08894
   0.05484
  -0.01286
  -0.07268
  -0.08797
  -0.04936
   0.01949
   0.07640
   0.08650
   0.04360
  -0.02601
  -0.07968
  -0.08454
  -0.03759
   0.03238
   0.08252
   0.08209
   0.03137
  -0.03857
  -0.08488
  -0.07919
  -0.02497
   0.04454
   0.08677
   0.07583
   0.01843
  -0.05026
  -0.08816
  -0.07204
  -0.01179
   0.05569
   0.08904
   0.06784
   0.00508
  -0.06080
  -0.08943
  -0.06326
   0.00166
   0.06557
   0.08930
   0.05832
  -0.00840
  -0.06997
  -0.08867
  -0.05304
   0.01508
   0.07396
   0.08753
   0.04747
  -0.02168
  -0.07754
  -0.08590
  -0.04162
   0.02815
   0.08068
   0.08377
   0.03554
  -0.03447
  -0.08336
  -0.08118
  -0.02926
   0.04059
   0.08556
   0.07812
   0.02281
  -0.04648
  -0.08728
  -0.07461
  -0.01623
   0.05210
   0.08851
   0.07069
   0.00956
  -0.05743
  -0.08923
  -0.06636
  -0.00283
   0.06243
   0.08944
   0.06165
  -0.00391
  -0.06708
  -0.08915
  -0.05660
   0.01063
   0.07134
   0.08834
   0.05122
  -0.01729
  -0.07521
  -0.08704
  -0.04555
   0.02385
   0.07864
   0.08524
   0.03962
  -0.03028
  -0.08163
  -0.08296
  -0.03347
   0.03653
   0.08415
   0.08021
   0.02712
  -0.04258
  -0.08619
  -0.07700
  -0.02063
   0.04838
   0.08775
   0.07335
   0.01401
  -0.05391
  -0.08880
  -0.06929
  -0.00732
   0.05913
   0.08936
   0.06483
   0.00058
