   0.04289
   0.05632
  -0.08567
   0.00875
   0.07902
  -0.06877
  -0.02678
   0.08912
  -0.04091
  -0.05804
   0.08500
  -0.00652
  -0.08005
   0.06732
   0.02892
  -0.08928
   0.03890
   0.05974
  -0.08427
   0.00427
   0.08102
  -0.06581
  -0.03104
   0.08939
  -0.03686
  -0.06139
   0.08349
  -0.00202
  -0.08195
   0.06427
   0.03313
  -0.08944
   0.03480
   0.06301
  -0.08266
  -0.00022
   0.08283
  -0.06269
  -0.03521
   0.08943
  -0.03272
  -0.06458
   0.08177
   0.00247
  -0.08365
   0.06107
   0.03727
  -0.08937
   0.03062
   0.06612
  -0.08084
  -0.00472
   0.08442
  -0.05940
  -0.03930
   0.08925
  -0.02849
  -0.06761
   0.07985
   0.00696
  -0.08513
   0.05770
   0.04130
  -0.08908
   0.02636
   0.06906
  -0.07881
  -0.00920
   0.08580
  -0.05597
  -0.04328
   0.08885
  -0.02420
  -0.07047
   0.07772
   0.01143
  -0.08640
   0.05420
   0.04524
  -0.08856
   0.02203
   0.07183
  -0.07658
  -0.01366
   0.08696
  -0.05239
  -0.04716
   0.08822
  -0.01984
  -0.07314
   0.07540
   0.01587
  -0.08746
   0.05055
   0.04906
  -0.08782
   0.01764
   0.07441
  -0.07417
  -0.01808
   0.08790
  -0.04868
  -0.05092
   0.08736
  -0.01543
  -0.07564
   0.07289
   0.02028
  -0.08829
   0.04678
   0.05275
  -0.08685
   0.01322
   0.07681
  -0.07156
  -0.02246
   0.08862
  -0.04485
  -0.05455
   0.08629
  -0.01099
  -0.07794
   0.07019
   0.02463
  -0.08890
   0.04289
   0.05632
  -0.08567
   0.00875
   0.07902
  -0.06877
  -0.02678
   0.08912
  -0.04091
  -0.05804
   0.08500
  -0.00652
  -0.08005
   0.06732
   0.02892
  -0.08928
   0.03890
   0.05974
  -0.08427
   0.00427
   0.08102
  -0.06581
  -0.03104
   0.08939
  -0.03686
  -0.06139
   0.08349
  -0.00202
  -0.08195
   0.06427
   0.03313
  -0.08944
   0.03480
   0.06301
  -0.08266
  -0.00022
   0.08283
  -0.06269
  -0.03521
   0.08943
  -0.03272
  -0.06458
   0.08177
   0.00247
  -0.08365
   0.06107
   0.03727
  -0.08937
   0.03062
   0.06612
  -0.08084
  -0.00472
   0.08442
  -0.05940
  -0.03930
   0.08925
  -0.02849
  -0.06761
   0.07985
   0.00696
  -0.08513
   0.05770
   0.04130
  -0.08908
   0.02636
   0.06906
  -0.07881
  -0.00920
   0.08580
  -0.05597
  -0.04328
   0.08885
  -0.02420
  -0.07047
   0.07772
   0.01143
  -0.08640
   0.05420
   0.04524
  -0.08856
   0.02203
   0.07183
  -0.07658
  -0.01366
   0.08696
  -0.05239
  -0.04716
   0.08822
  -0.01984
  -0.07314
   0.07540
   0.01587
  -0.08746
   0.05055
   0.04906
  -0.08782
   0.01764
   0.07441
  -0.07417
  -0.01808
   0.08790
  -0.04868
  -0.05092
   0.08736
  -0.01543
  -0.07564
   0.07289
   0.02028
  -0.08829
   0.04678
   0.05275
  -0.08685
   0.01322
   0.07681
  -0.07156
  -0.02246
   0.08862
  -0.04485
  -0.05455
   0.08629
  -0.01099
  -0.07794
   0.07019
   0.02463
  -0.08890
