  -0.07228
   0.08236
  -0.01246
  -0.06954
   0.08401
  -0.01690
  -0.06663
   0.08545
  -0.02129
  -0.06354
   0.08667
  -0.02562
  -0.06030
   0.08767
  -0.02990
  -0.05691
   0.08845
  -0.03410
  -0.05337
   0.08900
  -0.03821
  -0.04969
   0.08934
  -0.04222
  -0.04589
   0.08944
  -0.04613
  -0.04198
   0.08932
  -0.04992
  -0.03796
   0.08898
  -0.05359
  -0.03384
   0.08841
  -0.05712
  -0.02964
   0.08761
  -0.06051
  -0.02536
   0.08660
  -0.06374
  -0.02102
   0.08536
  -0.06681
  -0.01662
   0.08392
  -0.06971
  -0.01219
   0.08225
  -0.07244
  -0.00772
   0.08038
  -0.07499
  -0.00323
   0.07831
  -0.07734
   0.00126
   0.07604
  -0.07950
   0.00575
   0.07358
  -0.08146
   0.01023
   0.07093
  -0.08321
   0.01468
   0.06811
  -0.08476
   0.01910
   0.06511
  -0.08608
   0.02346
   0.06194
  -0.08720
   0.02777
   0.05862
  -0.08809
   0.03201
   0.05515
  -0.08875
   0.03616
   0.05155
  -0.08920
   0.04023
   0.04781
  -0.08942
   0.04419
   0.04395
  -0.08941
   0.04804
   0.03998
  -0.08918
   0.05177
   0.03591
  -0.08872
   0.05537
   0.03175
  -0.08804
   0.05883
   0.02751
  -0.08713
   0.06214
   0.02320
  -0.08601
   0.06530
   0.01883
  -0.08467
   0.06828
   0.01441
  -0.08311
   0.07110
   0.00996
  -0.08135
   0.07374
   0.00548
  -0.07937
   0.07619
   0.00099
  -0.07720
   0.07845
  -0.00351
  -0.07484
   0.08051
  -0.00799
  -0.07228
   0.08236
  -0.01246
  -0.06954
   0.08401
  -0.01690
  -0.06663
   0.08545
  -0.02129
  -0.06354
   0.08667
  -0.02562
  -0.06030
   0.08767
  -0.02990
  -0.05691
   0.08845
  -0.03410
  -0.05337
   0.08900
  -0.03821
  -0.04969
   0.08934
  -0.04222
  -0.04589
   0.08944
  -0.04613
  -0.04198
   0.08932
  -0.04992
  -0.03796
   0.08898
  -0.05359
  -0.03384
   0.08841
  -0.05712
  -0.02964
   0.08761
  -0.06051
  -0.02536
   0.08660
  -0.06374
  -0.02102
   0.08536
  -0.06681
  -0.01662
   0.08392
  -0.06971
  -0.01219
   0.08225
  -0.07244
  -0.00772
   0.08038
  -0.07499
  -0.00323
   0.07831
  -0.07734
   0.00126
   0.07604
  -0.07950
   0.00575
   0.07358
  -0.08146
   0.01023
   0.07093
  -0.08321
   0.01468
   0.06811
  -0.08476
   0.01910
   0.06511
  -0.08608
   0.02346
   0.06194
  -0.08720
   0.02777
   0.05862
  -0.08809
   0.03201
   0.05515
  -0.08875
   0.03616
   0.05155
  -0.08920
   0.04023
   0.04781
  -0.08942
   0.04419
   0.04395
  -0.08941
   0.04804
   0.03998
  -0.08918
   0.05177
   0.03591
  -0.08872
   0.05537
   0.03175
  -0.08804
   0.05883
   0.02751
  -0.08713
   0.06214
   0.02320
  -0.08601
   0.06530
   0.01883
  -0.08467
   0.06828
   0.01441
  -0.08311
   0.07110
   0.00996
  -0.08135
   0.07374
   0.00548
  -0.07937
   0.07619
   0.00099
  -0.07720
   0.07845
  -0.00351
  -0.07484
   0.08051
  -0.00799
