  -0.07713
   0.03986
   0.01036
  -0.05722
   0.08549
  -0.08597
   0.05852
  -0.01206
  -0.03833
   0.07626
  -0.08941
   0.07350
  -0.03372
  -0.01703
   0.06224
  -0.08722
   0.08387
  -0.05326
   0.00535
   0.04431
  -0.07956
   0.08896
  -0.06946
   0.02738
   0.02359
  -0.06690
   0.08847
  -0.08129
   0.04770
   0.00140
  -0.05003
   0.08241
  -0.08801
   0.06501
  -0.02089
  -0.03002
   0.07118
  -0.08921
   0.07825
  -0.04186
  -0.00813
   0.05548
  -0.08480
   0.08656
  -0.06020
   0.01428
   0.03629
  -0.07506
   0.08944
  -0.07476
   0.03579
   0.01481
  -0.06060
   0.08670
  -0.08462
   0.05505
  -0.00759
  -0.04234
   0.07851
  -0.08917
   0.07085
  -0.02951
  -0.02142
   0.06539
  -0.08811
   0.08220
  -0.04958
   0.00085
   0.04815
  -0.08151
   0.08839
  -0.06654
   0.02307
   0.02790
  -0.06980
   0.08902
  -0.07931
   0.04383
   0.00589
  -0.05370
   0.08406
  -0.08710
   0.06185
  -0.01649
  -0.03422
   0.07381
  -0.08942
   0.07597
  -0.03784
  -0.01259
   0.05893
  -0.08612
   0.08532
  -0.05680
   0.00982
   0.04035
  -0.07741
   0.08932
  -0.07220
   0.03162
   0.01923
  -0.06383
   0.08769
  -0.08306
   0.05144
  -0.00310
  -0.04625
   0.08056
  -0.08870
   0.06802
  -0.02523
  -0.02575
   0.06837
  -0.08877
   0.08033
  -0.04578
  -0.00364
   0.05188
  -0.08326
   0.08759
  -0.06345
   0.01870
   0.03213
  -0.07252
   0.08934
  -0.07713
   0.03986
   0.01036
  -0.05722
   0.08549
  -0.08597
   0.05852
  -0.01206
  -0.03833
   0.07626
  -0.08941
   0.07350
  -0.03372
  -0.01703
   0.06224
  -0.08722
   0.08387
  -0.05326
   0.00535
   0.04431
  -0.07956
   0.08896
  -0.06946
   0.02738
   0.02359
  -0.06690
   0.08847
  -0.08129
   0.04770
   0.00140
  -0.05003
   0.08241
  -0.08801
   0.06501
  -0.02089
  -0.03002
   0.07118
  -0.08921
   0.07825
  -0.04186
  -0.00813
   0.05548
  -0.08480
   0.08656
  -0.06020
   0.01428
   0.03629
  -0.07506
   0.08944
  -0.07476
   0.03579
   0.01481
  -0.06060
   0.08670
  -0.08462
   0.05505
  -0.00759
  -0.04234
   0.07851
  -0.08917
   0.07085
  -0.02951
  -0.02142
   0.06539
  -0.08811
   0.08220
  -0.04958
   0.00085
   0.04815
  -0.08151
   0.08839
  -0.06654
   0.02307
   0.02790
  -0.06980
   0.08902
  -0.07931
   0.04383
   0.00589
  -0.05370
   0.08406
  -0.08710
   0.06185
  -0.01649
  -0.03422
   0.07381
  -0.08942
   0.07597
  -0.03784
  -0.01259
   0.05893
  -0.08612
   0.08532
  -0.05680
   0.00982
   0.04035
  -0.07741
   0.08932
  -0.07220
   0.03162
   0.01923
  -0.06383
   0.08769
  -0.08306
   0.05144
  -0.00310
  -0.04625
   0.08056
  -0.08870
   0.06802
  -0.02523
  -0.02575
   0.06837
  -0.08877
   0.08033
  -0.04578
  -0.00364
   0.05188
  -0.08326
   0.08759
  -0.06345
   0.01870
   0.03213
  -0.07252
   0.08934
