  -0.08878
  -0.08671
  -0.08328
  -0.07853
  -0.07255
  -0.06542
  -0.05726
  -0.04820
  -0.03837
  -0.02794
  -0.01707
  -0.00594
   0.00530
   0.01644
   0.02733
   0.03779
   0.04765
   0.05677
   0.06498
   0.07217
   0.07822
   0.08304
   0.08655
   0.08870
   0.08944
   0.08878
   0.08671
   0.08328
   0.07853
   0.07255
   0.06542
   0.05726
   0.04820
   0.03837
   0.02794
   0.01707
   0.00594
  -0.00530
  -0.01644
  -0.02733
  -0.03779
  -0.04765
  -0.05677
  -0.06498
  -0.07217
  -0.07822
  -0.08304
  -0.08655
  -0.08870
  -0.08944
  -0.08878
  -0.08671
  -0.08328
  -0.07853
  -0.07255
  -0.06542
  -0.05726
  -0.04820
  -0.03837
  -0.02794
  -0.01707
  -0.00594
   0.00530
   0.01644
   0.02733
   0.03779
   0.04765
   0.05677
   0.06498
   0.07217
   0.07822
   0.08304
   0.08655
   0.08870
   0.08944
   0.08878
   0.08671
   0.08328
   0.07853
   0.07255
   0.06542
   0.05726
   0.04820
   0.03837
   0.02794
   0.01707
   0.00594
  -0.00530
  -0.01644
  -0.02733
  -0.03779
  -0.04765
  -0.05677
  -0.06498
  -0.07217
  -0.07822
  -0.08304
  -0.08655
  -0.08870
  -0.08944
  -0.08878
  -0.08671
  -0.08328
  -0.07853
  -0.07255
  -0.06542
  -0.05726
  -0.04820
  -0.03837
  -0.02794
  -0.01707
  -0.00594
   0.00530
   0.01644
   0.02733
   0.03779
   0.04765
   0.05677
   0.06498
   0.07217
   0.07822
   0.08304
   0.08655
   0.08870
   0.08944
   0.08878
   0.08671
   0.08328
   0.07853
   0.07255
   0.06542
   0.05726
   0.04820
   0.03837
   0.02794
   0.01707
   0.00594
  -0.00530
  -0.01644
  -0.02733
  -0.03779
  -0.04765
  -0.05677
  -0.06498
  -0.07217
  -0.07822
  -0.08304
  -0.08655
  -0.08870
  -0.08944
  -0.08878
  -0.08671
  -0.08328
  -0.07853
  -0.07255
  -0.06542
  -0.05726
  -0.04820
  -0.03837
  -0.02794
  -0.01707
  -0.00594
   0.00530
   0.01644
   0.02733
   0.03779
   0.04765
   0.05677
   0.06498
   0.07217
   0.07822
   0.08304
   0.08655
   0.08870
   0.08944
   0.08878
   0.08671
   0.08328
   0.07853
   0.07255
   0.06542
   0.05726
   0.04820
   0.03837
   0.02794
   0.01707
   0.00594
  -0.00530
  -0.01644
  -0.02733
  -0.03779
  -0.04765
  -0.05677
  -0.06498
  -0.07217
  -0.07822
  -0.08304
  -0.08655
  -0.08870
  -0.08944
  -0.08878
  -0.08671
  -0.08328
  -0.07853
  -0.07255
  -0.06542
  -0.05726
  -0.04820
  -0.03837
  -0.02794
  -0.01707
  -0.00594
   0.00530
   0.01644
   0.02733
   0.03779
   0.04765
   0.05677
   0.06498
   0.07217
   0.07822
   0.08304
   0.08655
   0.08870
   0.08944
   0.08878
   0.08671
   0.08328
   0.07853
   0.07255
   0.06542
   0.05726
   0.04820
   0.03837
   0.02794
   0.01707
   0.00594
  -0.00530
  -0.01644
  -0.02733
  -0.03779
  -0.04765
  -0.05677
  -0.06498
  -0.07217
  -0.07822
  -0.08304
  -0.08655
  -0.08870
  -0.08944
