   0.07891
   0.02442
  -0.08927
   0.01343
   0.08357
  -0.04886
  -0.06285
   0.07551
   0.03083
  -0.08859
   0.00673
   0.08574
  -0.04308
  -0.06747
   0.07169
   0.03707
  -0.08741
  -0.00001
   0.08741
  -0.03705
  -0.07170
   0.06746
   0.04310
  -0.08573
  -0.00675
   0.08859
  -0.03082
  -0.07552
   0.06284
   0.04888
  -0.08357
  -0.01345
   0.08927
  -0.02440
  -0.07892
   0.05787
   0.05438
  -0.08093
  -0.02007
   0.08944
  -0.01785
  -0.08187
   0.05257
   0.05958
  -0.07783
  -0.02658
   0.08910
  -0.01120
  -0.08435
   0.04696
   0.06443
  -0.07429
  -0.03293
   0.08825
  -0.00448
  -0.08635
   0.04110
   0.06892
  -0.07032
  -0.03911
   0.08690
   0.00226
  -0.08786
   0.03500
   0.07302
  -0.06596
  -0.04505
   0.08506
   0.00899
  -0.08887
   0.02870
   0.07670
  -0.06122
  -0.05075
   0.08274
   0.01566
  -0.08938
   0.02223
   0.07995
  -0.05614
  -0.05615
   0.07994
   0.02225
  -0.08938
   0.01565
   0.08275
  -0.05073
  -0.06123
   0.07669
   0.02872
  -0.08887
   0.00897
   0.08507
  -0.04504
  -0.06597
   0.07301
   0.03501
  -0.08786
   0.00224
   0.08691
  -0.03909
  -0.07033
   0.06891
   0.04111
  -0.08634
  -0.00450
   0.08825
  -0.03292
  -0.07430
   0.06442
   0.04698
  -0.08434
  -0.01122
   0.08910
  -0.02656
  -0.07784
   0.05956
   0.05258
  -0.08186
  -0.01787
   0.08944
  -0.02005
  -0.08093
   0.05437
   0.05788
  -0.07891
  -0.02442
   0.08927
  -0.01343
  -0.08357
   0.04886
   0.06285
  -0.07551
  -0.03083
   0.08859
  -0.00673
  -0.08574
   0.04308
   0.06747
  -0.07169
  -0.03707
   0.08741
   0.00001
  -0.08741
   0.03705
   0.07170
  -0.06746
  -0.04310
   0.08573
   0.00675
  -0.08859
   0.03082
   0.07552
  -0.06284
  -0.04888
   0.08357
   0.01345
  -0.08927
   0.02440
   0.07892
  -0.05787
  -0.05438
   0.08093
   0.02007
  -0.08944
   0.01785
   0.08187
  -0.05257
  -0.05958
   0.07783
   0.02658
  -0.08910
   0.01120
   0.08435
  -0.04696
  -0.06443
   0.07429
   0.03293
  -0.08825
   0.00448
   0.08635
  -0.04110
  -0.06892
   0.07032
   0.03911
  -0.08690
  -0.00226
   0.08786
  -0.03500
  -0.07302
   0.06596
   0.04505
  -0.08506
  -0.00899
   0.08887
  -0.02870
  -0.07670
   0.06122
   0.05075
  -0.08274
  -0.01566
   0.08938
  -0.02223
  -0.07995
   0.05614
   0.05615
  -0.07994
  -0.02225
   0.08938
  -0.01565
  -0.08275
   0.05073
   0.06123
  -0.07669
  -0.02872
   0.08887
  -0.00897
  -0.08507
   0.04504
   0.06597
  -0.07301
  -0.03501
   0.08786
  -0.00224
  -0.08691
   0.03909
   0.07033
  -0.06891
  -0.04111
   0.08634
   0.00450
  -0.08825
   0.03292
   0.07430
  -0.06442
  -0.04698
   0.08434
   0.01122
  -0.08910
   0.02656
   0.07784
  -0.05956
  -0.05258
   0.08186
   0.01787
  -0.08944
   0.02005
   0.08093
  -0.05437
  -0.05788
