   0.02482
   0.07405
  -0.07059
  -0.03042
   0.08939
  -0.02482
  -0.07405
   0.07059
   0.03042
  -0.08939
   0.02482
   0.07405
  -0.07059
  -0.03042
   0.08939
  -0.02482
  -0.07405
   0.07059
   0.03042
  -0.08939
   0.02482
   0.07405
  -0.07059
  -0.03042
   0.08939
  -0.02482
  -0.07405
   0.07059
   0.03042
  -0.08939
   0.02482
   0.07405
  -0.07059
  -0.03042
   0.08939
  -0.02482
  -0.07405
   0.07059
   0.03042
  -0.08939
   0.02482
   0.07405
  -0.07059
  -0.03042
   0.08939
  -0.02482
  -0.07405
   0.07059
   0.03042
  -0.08939
   0.02482
   0.07405
  -0.07059
  -0.03042
   0.08939
  -0.02482
  -0.07405
   0.07059
   0.03042
  -0.08939
   0.02482
   0.07405
  -0.07059
  -0.03042
   0.08939
  -0.02482
  -0.07405
   0.07059
   0.03042
  -0.08939
   0.02482
   0.07405
  -0.07059
  -0.03042
   0.08939
  -0.02482
  -0.07405
   0.07059
   0.03042
  -0.08939
   0.02482
   0.07405
  -0.07059
  -0.03042
   0.08939
  -0.02482
  -0.07405
   0.07059
   0.03042
  -0.08939
   0.02482
   0.07405
  -0.07059
  -0.03042
   0.08939
  -0.02482
  -0.07405
   0.07059
   0.03042
  -0.08939
   0.02482
   0.07405
  -0.07059
  -0.03042
   0.08939
  -0.02482
  -0.07405
   0.07059
   0.03042
  -0.08939
   0.02482
   0.07405
  -0.07059
  -0.03042
   0.08939
  -0.02482
  -0.07405
   0.07059
   0.03042
  -0.08939
   0.02482
   0.07405
  -0.07059
  -0.03042
   0.08939
  -0.02482
  -0.07405
   0.07059
   0.03042
  -0.08939
   0.02482
   0.07405
  -0.07059
  -0.03042
   0.08939
  -0.02482
  -0.07405
   0.07059
   0.03042
  -0.08939
   0.02482
   0.07405
  -0.07059
  -0.03042
   0.08939
  -0.02482
  -0.07405
   0.07059
   0.03042
  -0.08939
   0.02482
   0.07405
  -0.07059
  -0.03042
   0.08939
  -0.02482
  -0.07405
   0.07059
   0.03042
  -0.08939
   0.02482
   0.07405
  -0.07059
  -0.03042
   0.08939
  -0.02482
  -0.07405
   0.07059
   0.03042
  -0.08939
   0.02482
   0.07405
  -0.07059
  -0.03042
   0.08939
  -0.02482
  -0.07405
   0.07059
   0.03042
  -0.08939
   0.02482
   0.07405
  -0.07059
  -0.03042
   0.08939
  -0.02482
  -0.07405
   0.07059
   0.03042
  -0.08939
   0.02482
   0.07405
  -0.07059
  -0.03042
   0.08939
  -0.02482
  -0.07405
   0.07059
   0.03042
  -0.08939
   0.02482
   0.07405
  -0.07059
  -0.03042
   0.08939
  -0.02482
  -0.07405
   0.07059
   0.03042
  -0.08939
   0.02482
   0.07405
  -0.07059
  -0.03042
   0.08939
  -0.02482
  -0.07405
   0.07059
   0.03042
  -0.08939
   0.02482
   0.07405
  -0.07059
  -0.03042
   0.08939
  -0.02482
  -0.07405
   0.07059
   0.03042
  -0.08939
   0.02482
   0.07405
  -0.07059
  -0.03042
   0.08939
  -0.02482
  -0.07405
   0.07059
   0.03042
  -0.08939
   0.02482
   0.07405
  -0.07059
  -0.03042
   0.08939
  -0.02482
  -0.07405
   0.07059
   0.03042
  -0.08939
