   0.08516
   0.03264
  -0.08106
  -0.04282
   0.07568
   0.05232
  -0.06911
  -0.06100
   0.06145
   0.06872
  -0.05282
  -0.07535
   0.04336
   0.08080
  -0.03321
  -0.08497
   0.02254
   0.08780
  -0.01152
  -0.08925
   0.00031
   0.08929
   0.01091
  -0.08792
  -0.02195
   0.08516
   0.03264
  -0.08106
  -0.04282
   0.07568
   0.05232
  -0.06911
  -0.06100
   0.06145
   0.06872
  -0.05282
  -0.07535
   0.04336
   0.08080
  -0.03321
  -0.08497
   0.02254
   0.08780
  -0.01152
  -0.08925
   0.00031
   0.08929
   0.01091
  -0.08792
  -0.02195
   0.08516
   0.03264
  -0.08106
  -0.04282
   0.07568
   0.05232
  -0.06911
  -0.06100
   0.06145
   0.06872
  -0.05282
  -0.07535
   0.04336
   0.08080
  -0.03321
  -0.08497
   0.02254
   0.08780
  -0.01152
  -0.08925
   0.00031
   0.08929
   0.01091
  -0.08792
  -0.02195
   0.08516
   0.03264
  -0.08106
  -0.04282
   0.07568
   0.05232
  -0.06911
  -0.06100
   0.06145
   0.06872
  -0.05282
  -0.07535
   0.04336
   0.08080
  -0.03321
  -0.08497
   0.02254
   0.08780
  -0.01152
  -0.08925
   0.00031
   0.08929
   0.01091
  -0.08792
  -0.02195
   0.08516
   0.03264
  -0.08106
  -0.04282
   0.07568
   0.05232
  -0.06911
  -0.06100
   0.06145
   0.06872
  -0.05282
  -0.07535
   0.04336
   0.08080
  -0.03321
  -0.08497
   0.02254
   0.08780
  -0.01152
  -0.08925
   0.00031
   0.08929
   0.01091
  -0.08792
  -0.02195
   0.08516
   0.03264
  -0.08106
  -0.04282
   0.07568
   0.05232
  -0.06911
  -0.06100
   0.06145
   0.06872
  -0.05282
  -0.07535
   0.04336
   0.08080
  -0.03321
  -0.08497
   0.02254
   0.08780
  -0.01152
  -0.08925
   0.00031
   0.08929
   0.01091
  -0.08792
  -0.02195
   0.08516
   0.03264
  -0.08106
  -0.04282
   0.07568
   0.05232
  -0.06911
  -0.06100
   0.06145
   0.06872
  -0.05282
  -0.07535
   0.04336
   0.08080
  -0.03321
  -0.08497
   0.02254
   0.08780
  -0.01152
  -0.08925
   0.00031
   0.08929
   0.01091
  -0.08792
  -0.02195
   0.08516
   0.03264
  -0.08106
  -0.04282
   0.07568
   0.05232
  -0.06911
  -0.06100
   0.06145
   0.06872
  -0.05282
  -0.07535
   0.04336
   0.08080
  -0.03321
  -0.08497
   0.02254
   0.08780
  -0.01152
  -0.08925
   0.00031
   0.08929
   0.01091
  -0.08792
  -0.02195
   0.08516
   0.03264
  -0.08106
  -0.04282
   0.07568
   0.05232
  -0.06911
  -0.06100
   0.06145
   0.06872
  -0.05282
  -0.07535
   0.04336
   0.08080
  -0.03321
  -0.08497
   0.02254
   0.08780
  -0.01152
  -0.08925
   0.00031
   0.08929
   0.01091
  -0.08792
  -0.02195
   0.08516
   0.03264
  -0.08106
  -0.04282
   0.07568
   0.05232
  -0.06911
  -0.06100
   0.06145
   0.06872
  -0.05282
  -0.07535
   0.04336
   0.08080
  -0.03321
  -0.08497
   0.02254
   0.08780
  -0.01152
  -0.08925
   0.00031
   0.08929
   0.01091
  -0.08792
  -0.02195
