   0.07406
   0.07911
   0.00041
  -0.07872
  -0.07452
   0.00857
   0.08259
   0.06918
  -0.01746
  -0.08562
  -0.06314
   0.02618
   0.08778
   0.05646
  -0.03463
  -0.08906
  -0.04921
   0.04273
   0.08944
   0.04147
  -0.05040
  -0.08892
  -0.03330
   0.05756
   0.08749
   0.02480
  -0.06414
  -0.08519
  -0.01605
   0.07008
   0.08202
   0.00714
  -0.07530
  -0.07803
   0.00184
   0.07976
   0.07325
  -0.01081
  -0.08342
  -0.06773
   0.01966
   0.08624
   0.06152
  -0.02832
  -0.08818
  -0.05470
   0.03669
   0.08924
   0.04732
  -0.04469
  -0.08939
  -0.03946
   0.05224
   0.08864
   0.03121
  -0.05927
  -0.08700
  -0.02264
   0.06569
   0.08448
   0.01384
  -0.07145
  -0.08110
  -0.00490
   0.07649
   0.07691
  -0.00409
  -0.08076
  -0.07194
   0.01303
   0.08421
   0.06624
  -0.02185
  -0.08681
  -0.05987
   0.03044
   0.08853
   0.05290
  -0.03873
  -0.08936
  -0.04540
   0.04663
   0.08929
   0.03743
  -0.05405
  -0.08832
  -0.02909
   0.06093
   0.08645
   0.02046
  -0.06719
  -0.08371
  -0.01161
   0.07278
   0.08013
   0.00265
  -0.07763
  -0.07574
   0.00633
   0.08170
   0.07058
  -0.01525
  -0.08494
  -0.06471
   0.02402
   0.08732
   0.05818
  -0.03255
  -0.08882
  -0.05107
   0.04074
   0.08943
   0.04345
  -0.04853
  -0.08913
  -0.03538
   0.05583
   0.08793
   0.02696
  -0.06256
  -0.08585
  -0.01826
   0.06866
   0.08290
   0.00938
  -0.07406
  -0.07911
  -0.00041
   0.07872
   0.07452
  -0.00857
  -0.08259
  -0.06918
   0.01746
   0.08562
   0.06314
  -0.02618
  -0.08778
  -0.05646
   0.03463
   0.08906
   0.04921
  -0.04273
  -0.08944
  -0.04147
   0.05040
   0.08892
   0.03330
  -0.05756
  -0.08749
  -0.02480
   0.06414
   0.08519
   0.01605
  -0.07008
  -0.08202
  -0.00714
   0.07530
   0.07803
  -0.00184
  -0.07976
  -0.07325
   0.01081
   0.08342
   0.06773
  -0.01966
  -0.08624
  -0.06152
   0.02832
   0.08818
   0.05470
  -0.03669
  -0.08924
  -0.04732
   0.04469
   0.08939
   0.03946
  -0.05224
  -0.08864
  -0.03121
   0.05927
   0.08700
   0.02264
  -0.06569
  -0.08448
  -0.01384
   0.07145
   0.08110
   0.00490
  -0.07649
  -0.07691
   0.00409
   0.08076
   0.07194
  -0.01303
  -0.08421
  -0.06624
   0.02185
   0.08681
   0.05987
  -0.03044
  -0.08853
  -0.05290
   0.03873
   0.08936
   0.04540
  -0.04663
  -0.08929
  -0.03743
   0.05405
   0.08832
   0.02909
  -0.06093
  -0.08645
  -0.02046
   0.06719
   0.08371
   0.01161
  -0.07278
  -0.08013
  -0.00265
   0.07763
   0.07574
  -0.00633
  -0.08170
  -0.07058
   0.01525
   0.08494
   0.06471
  -0.02402
  -0.08732
  -0.05818
   0.03255
   0.08882
   0.05107
  -0.04074
  -0.08943
  -0.04345
   0.04853
   0.08913
   0.03538
  -0.05583
  -0.08793
  -0.02696
   0.06256
   0.08585
   0.01826
  -0.06866
  -0.08290
  -0.00938
