   0.07429
   0.08274
   0.01787
  -0.06284
  -0.08786
  -0.03501
   0.04887
   0.08944
   0.05074
  -0.03292
  -0.08741
  -0.06443
   0.01565
   0.08186
   0.07552
   0.00225
  -0.07301
  -0.08357
  -0.02006
   0.06122
   0.08825
   0.03707
  -0.04697
  -0.08938
  -0.05258
   0.03082
   0.08690
   0.06597
  -0.01343
  -0.08093
  -0.07670
  -0.00450
   0.07169
   0.08435
   0.02225
  -0.05957
  -0.08859
  -0.03910
   0.04504
   0.08927
   0.05438
  -0.02870
  -0.08635
  -0.06747
   0.01121
   0.07995
   0.07783
   0.00674
  -0.07033
  -0.08507
  -0.02442
   0.05787
   0.08887
   0.04111
  -0.04309
  -0.08910
  -0.05615
   0.02656
   0.08573
   0.06892
  -0.00897
  -0.07891
  -0.07892
  -0.00898
   0.06891
   0.08573
   0.02657
  -0.05614
  -0.08910
  -0.04309
   0.04110
   0.08887
   0.05788
  -0.02441
  -0.08506
  -0.07033
   0.00673
   0.07783
   0.07995
   0.01121
  -0.06746
  -0.08635
  -0.02871
   0.05437
   0.08927
   0.04505
  -0.03909
  -0.08859
  -0.05957
   0.02224
   0.08434
   0.07170
  -0.00449
  -0.07670
  -0.08093
  -0.01344
   0.06596
   0.08691
   0.03083
  -0.05257
  -0.08938
  -0.04698
   0.03706
   0.08825
   0.06123
  -0.02006
  -0.08357
  -0.07302
   0.00224
   0.07552
   0.08186
   0.01566
  -0.06442
  -0.08741
  -0.03293
   0.05073
   0.08944
   0.04887
  -0.03500
  -0.08786
  -0.06285
   0.01786
   0.08274
   0.07429
   0.00000
  -0.07429
  -0.08274
  -0.01787
   0.06284
   0.08786
   0.03501
  -0.04887
  -0.08944
  -0.05074
   0.03292
   0.08741
   0.06443
  -0.01565
  -0.08186
  -0.07552
  -0.00225
   0.07301
   0.08357
   0.02006
  -0.06122
  -0.08825
  -0.03707
   0.04697
   0.08938
   0.05258
  -0.03082
  -0.08690
  -0.06597
   0.01343
   0.08093
   0.07670
   0.00450
  -0.07169
  -0.08435
  -0.02225
   0.05957
   0.08859
   0.03910
  -0.04504
  -0.08927
  -0.05438
   0.02870
   0.08635
   0.06747
  -0.01121
  -0.07995
  -0.07783
  -0.00674
   0.07033
   0.08507
   0.02442
  -0.05787
  -0.08887
  -0.04111
   0.04309
   0.08910
   0.05615
  -0.02656
  -0.08573
  -0.06892
   0.00897
   0.07891
   0.07892
   0.00898
  -0.06891
  -0.08573
  -0.02657
   0.05614
   0.08910
   0.04309
  -0.04110
  -0.08887
  -0.05788
   0.02441
   0.08506
   0.07033
  -0.00673
  -0.07783
  -0.07995
  -0.01121
   0.06746
   0.08635
   0.02871
  -0.05437
  -0.08927
  -0.04505
   0.03909
   0.08859
   0.05957
  -0.02224
  -0.08434
  -0.07170
   0.00449
   0.07670
   0.08093
   0.01344
  -0.06596
  -0.08691
  -0.03083
   0.05257
   0.08938
   0.04698
  -0.03706
  -0.08825
  -0.06123
   0.02006
   0.08357
   0.07302
  -0.00224
  -0.07552
  -0.08186
  -0.01566
   0.06442
   0.08741
   0.03293
  -0.05073
  -0.08944
  -0.04887
   0.03500
   0.08786
   0.06285
  -0.01786
  -0.08274
  -0.07429
  -0.00000
