  -0.08902
   0.08769
  -0.08548
   0.08241
  -0.07850
   0.07380
  -0.06836
   0.06223
  -0.05546
   0.04814
  -0.04033
   0.03212
  -0.02358
   0.01480
  -0.00587
  -0.00312
   0.01207
  -0.02091
   0.02953
  -0.03785
   0.04579
  -0.05327
   0.06022
  -0.06655
   0.07221
  -0.07714
   0.08130
  -0.08463
   0.08711
  -0.08871
   0.08941
  -0.08921
   0.08811
  -0.08612
   0.08326
  -0.07955
   0.07505
  -0.06979
   0.06382
  -0.05721
   0.05002
  -0.04233
   0.03420
  -0.02574
   0.01701
  -0.00811
  -0.00087
   0.00984
  -0.01871
   0.02740
  -0.03580
   0.04385
  -0.05145
   0.05853
  -0.06503
   0.07086
  -0.07598
   0.08033
  -0.08387
   0.08657
  -0.08839
   0.08932
  -0.08934
   0.08847
  -0.08670
   0.08405
  -0.08056
   0.07625
  -0.07117
   0.06538
  -0.05892
   0.05187
  -0.04429
   0.03627
  -0.02788
   0.01921
  -0.01035
   0.00138
   0.00760
  -0.01651
   0.02525
  -0.03373
   0.04188
  -0.04960
   0.05682
  -0.06346
   0.06947
  -0.07477
   0.07932
  -0.08307
   0.08598
  -0.08802
   0.08917
  -0.08942
   0.08877
  -0.08722
   0.08479
  -0.08151
   0.07740
  -0.07251
   0.06689
  -0.06059
   0.05368
  -0.04623
   0.03831
  -0.03001
   0.02140
  -0.01258
   0.00363
   0.00536
  -0.01430
   0.02308
  -0.03164
   0.03988
  -0.04771
   0.05506
  -0.06186
   0.06803
  -0.07351
   0.07826
  -0.08221
   0.08533
  -0.08759
   0.08897
  -0.08944
   0.08902
  -0.08769
   0.08548
  -0.08241
   0.07850
  -0.07380
   0.06836
  -0.06223
   0.05546
  -0.04814
   0.04033
  -0.03212
   0.02358
  -0.01480
   0.00587
   0.00312
  -0.01207
   0.02091
  -0.02953
   0.03785
  -0.04579
   0.05327
  -0.06022
   0.06655
  -0.07221
   0.07714
  -0.08130
   0.08463
  -0.08711
   0.08871
  -0.08941
   0.08921
  -0.08811
   0.08612
  -0.08326
   0.07955
  -0.07505
   0.06979
  -0.06382
   0.05721
  -0.05002
   0.04233
  -0.03420
   0.02574
  -0.01701
   0.00811
   0.00087
  -0.00984
   0.01871
  -0.02740
   0.03580
  -0.04385
   0.05145
  -0.05853
   0.06503
  -0.07086
   0.07598
  -0.08033
   0.08387
  -0.08657
   0.08839
  -0.08932
   0.08934
  -0.08847
   0.08670
  -0.08405
   0.08056
  -0.07625
   0.07117
  -0.06538
   0.05892
  -0.05187
   0.04429
  -0.03627
   0.02788
  -0.01921
   0.01035
  -0.00138
  -0.00760
   0.01651
  -0.02525
   0.03373
  -0.04188
   0.04960
  -0.05682
   0.06346
  -0.06947
   0.07477
  -0.07932
   0.08307
  -0.08598
   0.08802
  -0.08917
   0.08942
  -0.08877
   0.08722
  -0.08479
   0.08151
  -0.07740
   0.07251
  -0.06689
   0.06059
  -0.05368
   0.04623
  -0.03831
   0.03001
  -0.02140
   0.01258
  -0.00363
  -0.00536
   0.01430
  -0.02308
   0.03164
  -0.03988
   0.04771
  -0.05506
   0.06186
  -0.06803
   0.07351
  -0.07826
   0.08221
  -0.08533
   0.08759
  -0.08897
   0.08944
