   0.00398
  -0.08905
   0.02056
   0.08338
  -0.04354
  -0.07139
   0.06321
   0.05397
  -0.07808
  -0.03245
   0.08703
   0.00847
  -0.08936
   0.01616
   0.08491
  -0.03956
  -0.07400
   0.05995
   0.05748
  -0.07579
  -0.03660
   0.08588
   0.01293
  -0.08944
   0.01172
   0.08621
  -0.03548
  -0.07643
   0.05654
   0.06085
  -0.07331
  -0.04065
   0.08451
   0.01736
  -0.08930
   0.00725
   0.08730
  -0.03131
  -0.07867
   0.05299
   0.06407
  -0.07064
  -0.04460
   0.08293
   0.02175
  -0.08893
   0.00276
   0.08817
  -0.02706
  -0.08071
   0.04930
   0.06712
  -0.06780
  -0.04844
   0.08115
   0.02608
  -0.08833
  -0.00174
   0.08881
  -0.02274
  -0.08255
   0.04549
   0.07001
  -0.06478
  -0.05216
   0.07915
   0.03034
  -0.08752
  -0.00623
   0.08923
  -0.01836
  -0.08417
   0.04156
   0.07272
  -0.06160
  -0.05574
   0.07696
   0.03453
  -0.08648
  -0.01070
   0.08943
  -0.01394
  -0.08559
   0.03753
   0.07524
  -0.05826
  -0.05919
   0.07457
   0.03864
  -0.08522
  -0.01515
   0.08940
  -0.00949
  -0.08678
   0.03340
   0.07758
  -0.05478
  -0.06248
   0.07200
   0.04264
  -0.08375
  -0.01956
   0.08914
  -0.00501
  -0.08776
   0.02919
   0.07972
  -0.05116
  -0.06562
   0.06924
   0.04654
  -0.08207
  -0.02392
   0.08866
  -0.00051
  -0.08852
   0.02491
   0.08165
  -0.04741
  -0.06859
   0.06631
   0.05032
  -0.08018
  -0.02822
   0.08795
   0.00398
  -0.08905
   0.02056
   0.08338
  -0.04354
  -0.07139
   0.06321
   0.05397
  -0.07808
  -0.03245
   0.08703
   0.00847
  -0.08936
   0.01616
   0.08491
  -0.03956
  -0.07400
   0.05995
   0.05748
  -0.07579
  -0.03660
   0.08588
   0.01293
  -0.08944
   0.01172
   0.08621
  -0.03548
  -0.07643
   0.05654
   0.06085
  -0.07331
  -0.04065
   0.08451
   0.01736
  -0.08930
   0.00725
   0.08730
  -0.03131
  -0.07867
   0.05299
   0.06407
  -0.07064
  -0.04460
   0.08293
   0.02175
  -0.08893
   0.00276
   0.08817
  -0.02706
  -0.08071
   0.04930
   0.06712
  -0.06780
  -0.04844
   0.08115
   0.02608
  -0.08833
  -0.00174
   0.08881
  -0.02274
  -0.08255
   0.04549
   0.07001
  -0.06478
  -0.05216
   0.07915
   0.03034
  -0.08752
  -0.00623
   0.08923
  -0.01836
  -0.08417
   0.04156
   0.07272
  -0.06160
  -0.05574
   0.07696
   0.03453
  -0.08648
  -0.01070
   0.08943
  -0.01394
  -0.08559
   0.03753
   0.07524
  -0.05826
  -0.05919
   0.07457
   0.03864
  -0.08522
  -0.01515
   0.08940
  -0.00949
  -0.08678
   0.03340
   0.07758
  -0.05478
  -0.06248
   0.07200
   0.04264
  -0.08375
  -0.01956
   0.08914
  -0.00501
  -0.08776
   0.02919
   0.07972
  -0.05116
  -0.06562
   0.06924
   0.04654
  -0.08207
  -0.02392
   0.08866
  -0.00051
  -0.08852
   0.02491
   0.08165
  -0.04741
  -0.06859
   0.06631
   0.05032
  -0.08018
  -0.02822
   0.08795
