  -0.07263
   0.08652
  -0.03767
  -0.03849
   0.08674
  -0.07209
   0.00516
   0.06551
  -0.08868
   0.04754
   0.02807
  -0.08333
   0.07816
  -0.01631
  -0.05736
   0.08944
  -0.05666
  -0.01721
   0.07860
  -0.08299
   0.02721
   0.04831
  -0.08879
   0.06489
   0.00607
  -0.07263
   0.08652
  -0.03767
  -0.03849
   0.08674
  -0.07209
   0.00516
   0.06551
  -0.08868
   0.04754
   0.02807
  -0.08333
   0.07816
  -0.01631
  -0.05736
   0.08944
  -0.05666
  -0.01721
   0.07860
  -0.08299
   0.02721
   0.04831
  -0.08879
   0.06489
   0.00607
  -0.07263
   0.08652
  -0.03767
  -0.03849
   0.08674
  -0.07209
   0.00516
   0.06551
  -0.08868
   0.04754
   0.02807
  -0.08333
   0.07816
  -0.01631
  -0.05736
   0.08944
  -0.05666
  -0.01721
   0.07860
  -0.08299
   0.02721
   0.04831
  -0.08879
   0.06489
   0.00607
  -0.07263
   0.08652
  -0.03767
  -0.03849
   0.08674
  -0.07209
   0.00516
   0.06551
  -0.08868
   0.04754
   0.02807
  -0.08333
   0.07816
  -0.01631
  -0.05736
   0.08944
  -0.05666
  -0.01721
   0.07860
  -0.08299
   0.02721
   0.04831
  -0.08879
   0.06489
   0.00607
  -0.07263
   0.08652
  -0.03767
  -0.03849
   0.08674
  -0.07209
   0.00516
   0.06551
  -0.08868
   0.04754
   0.02807
  -0.08333
   0.07816
  -0.01631
  -0.05736
   0.08944
  -0.05666
  -0.01721
   0.07860
  -0.08299
   0.02721
   0.04831
  -0.08879
   0.06489
   0.00607
  -0.07263
   0.08652
  -0.03767
  -0.03849
   0.08674
  -0.07209
   0.00516
   0.06551
  -0.08868
   0.04754
   0.02807
  -0.08333
   0.07816
  -0.01631
  -0.05736
   0.08944
  -0.05666
  -0.01721
   0.07860
  -0.08299
   0.02721
   0.04831
  -0.08879
   0.06489
   0.00607
  -0.07263
   0.08652
  -0.03767
  -0.03849
   0.08674
  -0.07209
   0.00516
   0.06551
  -0.08868
   0.04754
   0.02807
  -0.08333
   0.07816
  -0.01631
  -0.05736
   0.08944
  -0.05666
  -0.01721
   0.07860
  -0.08299
   0.02721
   0.04831
  -0.08879
   0.06489
   0.00607
  -0.07263
   0.08652
  -0.03767
  -0.03849
   0.08674
  -0.07209
   0.00516
   0.06551
  -0.08868
   0.04754
   0.02807
  -0.08333
   0.07816
  -0.01631
  -0.05736
   0.08944
  -0.05666
  -0.01721
   0.07860
  -0.08299
   0.02721
   0.04831
  -0.08879
   0.06489
   0.00607
  -0.07263
   0.08652
  -0.03767
  -0.03849
   0.08674
  -0.07209
   0.00516
   0.06551
  -0.08868
   0.04754
   0.02807
  -0.08333
   0.07816
  -0.01631
  -0.05736
   0.08944
  -0.05666
  -0.01721
   0.07860
  -0.08299
   0.02721
   0.04831
  -0.08879
   0.06489
   0.00607
  -0.07263
   0.08652
  -0.03767
  -0.03849
   0.08674
  -0.07209
   0.00516
   0.06551
  -0.08868
   0.04754
   0.02807
  -0.08333
   0.07816
  -0.01631
  -0.05736
   0.08944
  -0.05666
  -0.01721
   0.07860
  -0.08299
   0.02721
   0.04831
  -0.08879
   0.06489
   0.00607
