   0.01375
   0.02687
   0.03938
   0.05100
   0.06146
   0.07052
   0.07799
   0.08368
   0.08748
   0.08929
   0.08907
   0.08683
   0.08262
   0.07654
   0.06872
   0.05934
   0.04861
   0.03678
   0.02411
   0.01090
  -0.00256
  -0.01596
  -0.02900
  -0.04138
  -0.05283
  -0.06307
  -0.07188
  -0.07906
  -0.08445
  -0.08792
  -0.08939
  -0.08884
  -0.08626
  -0.08173
  -0.07535
  -0.06726
  -0.05763
  -0.04671
  -0.03472
  -0.02194
  -0.00866
   0.00481
   0.01817
   0.03112
   0.04336
   0.05462
   0.06464
   0.07320
   0.08009
   0.08516
   0.08830
   0.08944
   0.08855
   0.08564
   0.08080
   0.07412
   0.06575
   0.05590
   0.04477
   0.03263
   0.01975
   0.00642
  -0.00705
  -0.02037
  -0.03322
  -0.04532
  -0.05639
  -0.06618
  -0.07447
  -0.08106
  -0.08582
  -0.08863
  -0.08943
  -0.08820
  -0.08497
  -0.07981
  -0.07283
  -0.06421
  -0.05413
  -0.04281
  -0.03053
  -0.01755
  -0.00418
   0.00929
   0.02255
   0.03529
   0.04724
   0.05811
   0.06767
   0.07569
   0.08199
   0.08643
   0.08891
   0.08937
   0.08780
   0.08424
   0.07877
   0.07151
   0.06262
   0.05232
   0.04083
   0.02841
   0.01534
   0.00193
  -0.01152
  -0.02472
  -0.03735
  -0.04913
  -0.05980
  -0.06912
  -0.07686
  -0.08286
  -0.08698
  -0.08912
  -0.08925
  -0.08734
  -0.08346
  -0.07768
  -0.07013
  -0.06100
  -0.05048
  -0.03881
  -0.02627
  -0.01313
   0.00031
   0.01375
   0.02687
   0.03938
   0.05100
   0.06146
   0.07052
   0.07799
   0.08368
   0.08748
   0.08929
   0.08907
   0.08683
   0.08262
   0.07654
   0.06872
   0.05934
   0.04861
   0.03678
   0.02411
   0.01090
  -0.00256
  -0.01596
  -0.02900
  -0.04138
  -0.05283
  -0.06307
  -0.07188
  -0.07906
  -0.08445
  -0.08792
  -0.08939
  -0.08884
  -0.08626
  -0.08173
  -0.07535
  -0.06726
  -0.05763
  -0.04671
  -0.03472
  -0.02194
  -0.00866
   0.00481
   0.01817
   0.03112
   0.04336
   0.05462
   0.06464
   0.07320
   0.08009
   0.08516
   0.08830
   0.08944
   0.08855
   0.08564
   0.08080
   0.07412
   0.06575
   0.05590
   0.04477
   0.03263
   0.01975
   0.00642
  -0.00705
  -0.02037
  -0.03322
  -0.04532
  -0.05639
  -0.06618
  -0.07447
  -0.08106
  -0.08582
  -0.08863
  -0.08943
  -0.08820
  -0.08497
  -0.07981
  -0.07283
  -0.06421
  -0.05413
  -0.04281
  -0.03053
  -0.01755
  -0.00418
   0.00929
   0.02255
   0.03529
   0.04724
   0.05811
   0.06767
   0.07569
   0.08199
   0.08643
   0.08891
   0.08937
   0.08780
   0.08424
   0.07877
   0.07151
   0.06262
   0.05232
   0.04083
   0.02841
   0.01534
   0.00193
  -0.01152
  -0.02472
  -0.03735
  -0.04913
  -0.05980
  -0.06912
  -0.07686
  -0.08286
  -0.08698
  -0.08912
  -0.08925
  -0.08734
  -0.08346
  -0.07768
  -0.07013
  -0.06100
  -0.05048
  -0.03881
  -0.02627
  -0.01313
   0.00031
