  -0.05629
   0.08695
  -0.08178
   0.04292
   0.01362
  -0.06456
   0.08889
  -0.07660
   0.03275
   0.02460
  -0.07181
   0.08943
  -0.07021
   0.02206
   0.03518
  -0.07792
   0.08856
  -0.06271
   0.01102
   0.04521
  -0.08281
   0.08630
  -0.05422
  -0.00019
   0.05453
  -0.08640
   0.08267
  -0.04488
  -0.01140
   0.06298
  -0.08862
   0.07774
  -0.03483
  -0.02243
   0.07044
  -0.08944
   0.07158
  -0.02423
  -0.03310
   0.07680
  -0.08885
   0.06429
  -0.01325
  -0.04326
   0.08194
  -0.08686
   0.05599
  -0.00206
  -0.05273
   0.08579
  -0.08350
   0.04681
   0.00917
  -0.06137
   0.08828
  -0.07882
   0.03689
   0.02024
  -0.06904
   0.08939
  -0.07291
   0.02639
   0.03100
  -0.07562
   0.08908
  -0.06584
   0.01547
   0.04127
  -0.08101
   0.08737
  -0.05773
   0.00430
   0.05089
  -0.08512
   0.08428
  -0.04871
  -0.00693
   0.05971
  -0.08789
   0.07986
  -0.03893
  -0.01805
   0.06759
  -0.08928
   0.07418
  -0.02853
  -0.02889
   0.07440
  -0.08925
   0.06734
  -0.01768
  -0.03927
   0.08003
  -0.08782
   0.05943
  -0.00655
  -0.04903
   0.08441
  -0.08501
   0.05058
   0.00468
  -0.05802
   0.08745
  -0.08085
   0.04094
   0.01584
  -0.06609
   0.08911
  -0.07542
   0.03065
   0.02675
  -0.07313
   0.08937
  -0.06880
   0.01987
   0.03724
  -0.07900
   0.08822
  -0.06109
   0.00879
   0.04713
  -0.08364
   0.08568
  -0.05242
  -0.00244
   0.05629
  -0.08695
   0.08178
  -0.04292
  -0.01362
   0.06456
  -0.08889
   0.07660
  -0.03275
  -0.02460
   0.07181
  -0.08943
   0.07021
  -0.02206
  -0.03518
   0.07792
  -0.08856
   0.06271
  -0.01102
  -0.04521
   0.08281
  -0.08630
   0.05422
   0.00019
  -0.05453
   0.08640
  -0.08267
   0.04488
   0.01140
  -0.06298
   0.08862
  -0.07774
   0.03483
   0.02243
  -0.07044
   0.08944
  -0.07158
   0.02423
   0.03310
  -0.07680
   0.08885
  -0.06429
   0.01325
   0.04326
  -0.08194
   0.08686
  -0.05599
   0.00206
   0.05273
  -0.08579
   0.08350
  -0.04681
  -0.00917
   0.06137
  -0.08828
   0.07882
  -0.03689
  -0.02024
   0.06904
  -0.08939
   0.07291
  -0.02639
  -0.03100
   0.07562
  -0.08908
   0.06584
  -0.01547
  -0.04127
   0.08101
  -0.08737
   0.05773
  -0.00430
  -0.05089
   0.08512
  -0.08428
   0.04871
   0.00693
  -0.05971
   0.08789
  -0.07986
   0.03893
   0.01805
  -0.06759
   0.08928
  -0.07418
   0.02853
   0.02889
  -0.07440
   0.08925
  -0.06734
   0.01768
   0.03927
  -0.08003
   0.08782
  -0.05943
   0.00655
   0.04903
  -0.08441
   0.08501
  -0.05058
  -0.00468
   0.05802
  -0.08745
   0.08085
  -0.04094
  -0.01584
   0.06609
  -0.08911
   0.07542
  -0.03065
  -0.02675
   0.07313
  -0.08937
   0.06880
  -0.01987
  -0.03724
   0.07900
  -0.08822
   0.06109
  -0.00879
  -0.04713
   0.08364
  -0.08568
   0.05242
   0.00244
