   0.00715
   0.08936
  -0.00041
  -0.08939
  -0.00632
   0.08892
   0.01303
  -0.08794
  -0.01966
   0.08645
   0.02617
  -0.08448
  -0.03254
   0.08203
   0.03872
  -0.07911
  -0.04469
   0.07574
   0.05040
  -0.07194
  -0.05582
   0.06773
   0.06093
  -0.06314
  -0.06568
   0.05819
   0.07007
  -0.05291
  -0.07406
   0.04732
   0.07763
  -0.04147
  -0.08075
   0.03539
   0.08342
  -0.02910
  -0.08561
   0.02264
   0.08732
  -0.01606
  -0.08853
   0.00939
   0.08924
  -0.00266
  -0.08944
  -0.00408
   0.08913
   0.01080
  -0.08832
  -0.01746
   0.08700
   0.02402
  -0.08519
  -0.03044
   0.08290
   0.03669
  -0.08013
  -0.04273
   0.07691
   0.04852
  -0.07325
  -0.05405
   0.06918
   0.05926
  -0.06471
  -0.06414
   0.05988
   0.06865
  -0.05470
  -0.07278
   0.04922
   0.07649
  -0.04345
  -0.07976
   0.03744
   0.08258
  -0.03121
  -0.08494
   0.02481
   0.08681
  -0.01827
  -0.08818
   0.01162
   0.08906
  -0.00491
  -0.08943
  -0.00183
   0.08929
   0.00856
  -0.08865
  -0.01525
   0.08750
   0.02184
  -0.08585
  -0.02831
   0.08372
   0.03462
  -0.08111
  -0.04074
   0.07803
   0.04662
  -0.07452
  -0.05224
   0.07058
   0.05756
  -0.06624
  -0.06255
   0.06153
   0.06719
  -0.05646
  -0.07145
   0.05108
   0.07530
  -0.04540
  -0.07872
   0.03947
   0.08169
  -0.03331
  -0.08420
   0.02696
   0.08624
  -0.02046
  -0.08778
   0.01385
   0.08882
  -0.00715
  -0.08936
   0.00041
   0.08939
   0.00632
  -0.08892
  -0.01303
   0.08794
   0.01966
  -0.08645
  -0.02617
   0.08448
   0.03254
  -0.08203
  -0.03872
   0.07911
   0.04469
  -0.07574
  -0.05040
   0.07194
   0.05582
  -0.06773
  -0.06093
   0.06314
   0.06568
  -0.05819
  -0.07007
   0.05291
   0.07406
  -0.04732
  -0.07763
   0.04147
   0.08075
  -0.03539
  -0.08342
   0.02910
   0.08561
  -0.02264
  -0.08732
   0.01606
   0.08853
  -0.00939
  -0.08924
   0.00266
   0.08944
   0.00408
  -0.08913
  -0.01080
   0.08832
   0.01746
  -0.08700
  -0.02402
   0.08519
   0.03044
  -0.08290
  -0.03669
   0.08013
   0.04273
  -0.07691
  -0.04852
   0.07325
   0.05405
  -0.06918
  -0.05926
   0.06471
   0.06414
  -0.05988
  -0.06865
   0.05470
   0.07278
  -0.04922
  -0.07649
   0.04345
   0.07976
  -0.03744
  -0.08258
   0.03121
   0.08494
  -0.02481
  -0.08681
   0.01827
   0.08818
  -0.01162
  -0.08906
   0.00491
   0.08943
   0.00183
  -0.08929
  -0.00856
   0.08865
   0.01525
  -0.08750
  -0.02184
   0.08585
   0.02831
  -0.08372
  -0.03462
   0.08111
   0.04074
  -0.07803
  -0.04662
   0.07452
   0.05224
  -0.07058
  -0.05756
   0.06624
   0.06255
  -0.06153
  -0.06719
   0.05646
   0.07145
  -0.05108
  -0.07530
   0.04540
   0.07872
  -0.03947
  -0.08169
   0.03331
   0.08420
  -0.02696
  -0.08624
   0.02046
   0.08778
  -0.01385
  -0.08882
