   0.08798
   0.08380
   0.07703
   0.06788
   0.05664
   0.04365
   0.02931
   0.01407
  -0.00160
  -0.01723
  -0.03233
  -0.04642
  -0.05909
  -0.06993
  -0.07861
  -0.08486
  -0.08850
  -0.08940
  -0.08754
  -0.08298
  -0.07586
  -0.06640
  -0.05488
  -0.04168
  -0.02718
  -0.01185
   0.00385
   0.01943
   0.03441
   0.04833
   0.06076
   0.07131
   0.07966
   0.08555
   0.08880
   0.08930
   0.08706
   0.08212
   0.07465
   0.06487
   0.05309
   0.03967
   0.02503
   0.00962
  -0.00610
  -0.02162
  -0.03648
  -0.05021
  -0.06239
  -0.07264
  -0.08065
  -0.08618
  -0.08904
  -0.08915
  -0.08651
  -0.08120
  -0.07339
  -0.06330
  -0.05127
  -0.03765
  -0.02287
  -0.00738
   0.00834
   0.02379
   0.03852
   0.05205
   0.06398
   0.07393
   0.08160
   0.08675
   0.08922
   0.08894
   0.08591
   0.08023
   0.07208
   0.06170
   0.04941
   0.03560
   0.02069
   0.00514
  -0.01057
  -0.02595
  -0.04053
  -0.05386
  -0.06553
  -0.07517
  -0.08249
  -0.08727
  -0.08935
  -0.08868
  -0.08526
  -0.07922
  -0.07072
  -0.06005
  -0.04752
  -0.03352
  -0.01849
  -0.00289
   0.01280
   0.02810
   0.04252
   0.05564
   0.06704
   0.07637
   0.08334
   0.08774
   0.08943
   0.08835
   0.08456
   0.07815
   0.06933
   0.05836
   0.04560
   0.03143
   0.01629
   0.00064
  -0.01502
  -0.03022
  -0.04449
  -0.05738
  -0.06850
  -0.07751
  -0.08413
  -0.08814
  -0.08944
  -0.08798
  -0.08380
  -0.07703
  -0.06788
  -0.05664
  -0.04365
  -0.02931
  -0.01407
   0.00160
   0.01723
   0.03233
   0.04642
   0.05909
   0.06993
   0.07861
   0.08486
   0.08850
   0.08940
   0.08754
   0.08298
   0.07586
   0.06640
   0.05488
   0.04168
   0.02718
   0.01185
  -0.00385
  -0.01943
  -0.03441
  -0.04833
  -0.06076
  -0.07131
  -0.07966
  -0.08555
  -0.08880
  -0.08930
  -0.08706
  -0.08212
  -0.07465
  -0.06487
  -0.05309
  -0.03967
  -0.02503
  -0.00962
   0.00610
   0.02162
   0.03648
   0.05021
   0.06239
   0.07264
   0.08065
   0.08618
   0.08904
   0.08915
   0.08651
   0.08120
   0.07339
   0.06330
   0.05127
   0.03765
   0.02287
   0.00738
  -0.00834
  -0.02379
  -0.03852
  -0.05205
  -0.06398
  -0.07393
  -0.08160
  -0.08675
  -0.08922
  -0.08894
  -0.08591
  -0.08023
  -0.07208
  -0.06170
  -0.04941
  -0.03560
  -0.02069
  -0.00514
   0.01057
   0.02595
   0.04053
   0.05386
   0.06553
   0.07517
   0.08249
   0.08727
   0.08935
   0.08868
   0.08526
   0.07922
   0.07072
   0.06005
   0.04752
   0.03352
   0.01849
   0.00289
  -0.01280
  -0.02810
  -0.04252
  -0.05564
  -0.06704
  -0.07637
  -0.08334
  -0.08774
  -0.08943
  -0.08835
  -0.08456
  -0.07815
  -0.06933
  -0.05836
  -0.04560
  -0.03143
  -0.01629
  -0.00064
   0.01502
   0.03022
   0.04449
   0.05738
   0.06850
   0.07751
   0.08413
   0.08814
   0.08944
