   0.01600
   0.03325
   0.04916
   0.06309
   0.07448
   0.08287
   0.08792
   0.08943
   0.08734
   0.08172
   0.07281
   0.06097
   0.04668
   0.03050
   0.01309
  -0.00484
  -0.02258
  -0.03941
  -0.05465
  -0.06769
  -0.07800
  -0.08517
  -0.08891
  -0.08907
  -0.08563
  -0.07875
  -0.06870
  -0.05587
  -0.04080
  -0.02408
  -0.00639
   0.01155
   0.02903
   0.04534
   0.05983
   0.07190
   0.08108
   0.08699
   0.08939
   0.08819
   0.08344
   0.07533
   0.06419
   0.05045
   0.03469
   0.01752
  -0.00035
  -0.01820
  -0.03532
  -0.05102
  -0.06467
  -0.07570
  -0.08369
  -0.08831
  -0.08937
  -0.08682
  -0.08078
  -0.07149
  -0.05931
  -0.04475
  -0.02838
  -0.01087
   0.00708
   0.02475
   0.04141
   0.05641
   0.06914
   0.07908
   0.08583
   0.08913
   0.08883
   0.08496
   0.07766
   0.06723
   0.05410
   0.03878
   0.02191
   0.00415
  -0.01378
  -0.03115
  -0.04727
  -0.06148
  -0.07322
  -0.08200
  -0.08748
  -0.08944
  -0.08779
  -0.08261
  -0.07410
  -0.06260
  -0.04858
  -0.03260
  -0.01531
   0.00259
   0.02040
   0.03738
   0.05285
   0.06620
   0.07688
   0.08446
   0.08864
   0.08924
   0.08626
   0.07979
   0.07011
   0.05761
   0.04278
   0.02624
   0.00863
  -0.00932
  -0.02690
  -0.04339
  -0.05814
  -0.07054
  -0.08010
  -0.08644
  -0.08929
  -0.08854
  -0.08423
  -0.07652
  -0.06573
  -0.05229
  -0.03675
  -0.01972
  -0.00190
   0.01600
   0.03325
   0.04916
   0.06309
   0.07448
   0.08287
   0.08792
   0.08943
   0.08734
   0.08172
   0.07281
   0.06097
   0.04668
   0.03050
   0.01309
  -0.00484
  -0.02258
  -0.03941
  -0.05465
  -0.06769
  -0.07800
  -0.08517
  -0.08891
  -0.08907
  -0.08563
  -0.07875
  -0.06870
  -0.05587
  -0.04080
  -0.02408
  -0.00639
   0.01155
   0.02903
   0.04534
   0.05983
   0.07190
   0.08108
   0.08699
   0.08939
   0.08819
   0.08344
   0.07533
   0.06419
   0.05045
   0.03469
   0.01752
  -0.00035
  -0.01820
  -0.03532
  -0.05102
  -0.06467
  -0.07570
  -0.08369
  -0.08831
  -0.08937
  -0.08682
  -0.08078
  -0.07149
  -0.05931
  -0.04475
  -0.02838
  -0.01087
   0.00708
   0.02475
   0.04141
   0.05641
   0.06914
   0.07908
   0.08583
   0.08913
   0.08883
   0.08496
   0.07766
   0.06723
   0.05410
   0.03878
   0.02191
   0.00415
  -0.01378
  -0.03115
  -0.04727
  -0.06148
  -0.07322
  -0.08200
  -0.08748
  -0.08944
  -0.08779
  -0.08261
  -0.07410
  -0.06260
  -0.04858
  -0.03260
  -0.01531
   0.00259
   0.02040
   0.03738
   0.05285
   0.06620
   0.07688
   0.08446
   0.08864
   0.08924
   0.08626
   0.07979
   0.07011
   0.05761
   0.04278
   0.02624
   0.00863
  -0.00932
  -0.02690
  -0.04339
  -0.05814
  -0.07054
  -0.08010
  -0.08644
  -0.08929
  -0.08854
  -0.08423
  -0.07652
  -0.06573
  -0.05229
  -0.03675
  -0.01972
  -0.00190
