  -0.08559
   0.07758
  -0.06562
   0.05032
  -0.03246
   0.01294
   0.00724
  -0.02705
   0.04548
  -0.06159
   0.07457
  -0.08375
   0.08866
  -0.08905
   0.08491
  -0.07644
   0.06408
  -0.04845
   0.03035
  -0.01071
  -0.00948
   0.02918
  -0.04740
   0.06320
  -0.07579
   0.08451
  -0.08893
   0.08881
  -0.08417
   0.07525
  -0.06249
   0.04654
  -0.02823
   0.00848
   0.01171
  -0.03130
   0.04929
  -0.06477
   0.07696
  -0.08522
   0.08914
  -0.08852
   0.08339
  -0.07401
   0.06086
  -0.04461
   0.02609
  -0.00624
  -0.01393
   0.03339
  -0.05115
   0.06630
  -0.07808
   0.08587
  -0.08930
   0.08817
  -0.08255
   0.07272
  -0.05919
   0.04265
  -0.02393
   0.00399
   0.01615
  -0.03547
   0.05298
  -0.06779
   0.07915
  -0.08648
   0.08940
  -0.08776
   0.08166
  -0.07139
   0.05749
  -0.04066
   0.02176
  -0.00174
  -0.01836
   0.03752
  -0.05477
   0.06924
  -0.08017
   0.08702
  -0.08944
   0.08730
  -0.08071
   0.07002
  -0.05575
   0.03864
  -0.01957
  -0.00050
   0.02055
  -0.03955
   0.05653
  -0.07064
   0.08114
  -0.08751
   0.08943
  -0.08678
   0.07972
  -0.06859
   0.05397
  -0.03660
   0.01737
   0.00275
  -0.02273
   0.04155
  -0.05826
   0.07199
  -0.08206
   0.08795
  -0.08936
   0.08621
  -0.07868
   0.06713
  -0.05217
   0.03454
  -0.01516
  -0.00500
   0.02490
  -0.04353
   0.05994
  -0.07331
   0.08293
  -0.08833
   0.08923
  -0.08559
   0.07758
  -0.06562
   0.05032
  -0.03246
   0.01294
   0.00724
  -0.02705
   0.04548
  -0.06159
   0.07457
  -0.08375
   0.08866
  -0.08905
   0.08491
  -0.07644
   0.06408
  -0.04845
   0.03035
  -0.01071
  -0.00948
   0.02918
  -0.04740
   0.06320
  -0.07579
   0.08451
  -0.08893
   0.08881
  -0.08417
   0.07525
  -0.06249
   0.04654
  -0.02823
   0.00848
   0.01171
  -0.03130
   0.04929
  -0.06477
   0.07696
  -0.08522
   0.08914
  -0.08852
   0.08339
  -0.07401
   0.06086
  -0.04461
   0.02609
  -0.00624
  -0.01393
   0.03339
  -0.05115
   0.06630
  -0.07808
   0.08587
  -0.08930
   0.08817
  -0.08255
   0.07272
  -0.05919
   0.04265
  -0.02393
   0.00399
   0.01615
  -0.03547
   0.05298
  -0.06779
   0.07915
  -0.08648
   0.08940
  -0.08776
   0.08166
  -0.07139
   0.05749
  -0.04066
   0.02176
  -0.00174
  -0.01836
   0.03752
  -0.05477
   0.06924
  -0.08017
   0.08702
  -0.08944
   0.08730
  -0.08071
   0.07002
  -0.05575
   0.03864
  -0.01957
  -0.00050
   0.02055
  -0.03955
   0.05653
  -0.07064
   0.08114
  -0.08751
   0.08943
  -0.08678
   0.07972
  -0.06859
   0.05397
  -0.03660
   0.01737
   0.00275
  -0.02273
   0.04155
  -0.05826
   0.07199
  -0.08206
   0.08795
  -0.08936
   0.08621
  -0.07868
   0.06713
  -0.05217
   0.03454
  -0.01516
  -0.00500
   0.02490
  -0.04353
   0.05994
  -0.07331
   0.08293
  -0.08833
   0.08923
