  -0.02800
  -0.05378
  -0.07387
  -0.08615
  -0.08931
  -0.08302
  -0.06795
  -0.04569
  -0.01859
   0.01047
   0.03842
   0.06231
   0.07961
   0.08848
   0.08800
   0.07820
   0.06012
   0.03569
   0.00748
  -0.02152
  -0.04824
  -0.06986
  -0.08409
  -0.08942
  -0.08529
  -0.07214
  -0.05135
  -0.02513
   0.00375
   0.03223
   0.05730
   0.07631
   0.08725
   0.08895
   0.08124
   0.06494
   0.04177
   0.01417
  -0.01492
  -0.04243
  -0.06546
  -0.08156
  -0.08903
  -0.08708
  -0.07592
  -0.05672
  -0.03152
  -0.00299
   0.02586
   0.05197
   0.07258
   0.08552
   0.08940
   0.08383
   0.06939
   0.04761
   0.02079
  -0.00823
  -0.03638
  -0.06068
  -0.07856
  -0.08813
  -0.08837
  -0.07926
  -0.06177
  -0.03774
  -0.00972
   0.01933
   0.04634
   0.06844
   0.08330
   0.08935
   0.08594
   0.07344
   0.05317
   0.02728
  -0.00150
  -0.03012
  -0.05556
  -0.07512
  -0.08673
  -0.08916
  -0.08216
  -0.06647
  -0.04374
  -0.01639
   0.01270
   0.04044
   0.06391
   0.08061
   0.08878
   0.08756
   0.07708
   0.05844
   0.03362
   0.00524
  -0.02370
  -0.05012
  -0.07125
  -0.08483
  -0.08944
  -0.08459
  -0.07079
  -0.04949
  -0.02296
   0.00599
   0.03432
   0.05901
   0.07746
   0.08772
   0.08869
   0.08028
   0.06338
   0.03977
   0.01195
  -0.01713
  -0.04440
  -0.06697
  -0.08246
  -0.08922
  -0.08654
  -0.07470
  -0.05497
  -0.02941
  -0.00075
   0.02800
   0.05378
   0.07387
   0.08615
   0.08931
   0.08302
   0.06795
   0.04569
   0.01859
  -0.01047
  -0.03842
  -0.06231
  -0.07961
  -0.08848
  -0.08800
  -0.07820
  -0.06012
  -0.03569
  -0.00748
   0.02152
   0.04824
   0.06986
   0.08409
   0.08942
   0.08529
   0.07214
   0.05135
   0.02513
  -0.00375
  -0.03223
  -0.05730
  -0.07631
  -0.08725
  -0.08895
  -0.08124
  -0.06494
  -0.04177
  -0.01417
   0.01492
   0.04243
   0.06546
   0.08156
   0.08903
   0.08708
   0.07592
   0.05672
   0.03152
   0.00299
  -0.02586
  -0.05197
  -0.07258
  -0.08552
  -0.08940
  -0.08383
  -0.06939
  -0.04761
  -0.02079
   0.00823
   0.03638
   0.06068
   0.07856
   0.08813
   0.08837
   0.07926
   0.06177
   0.03774
   0.00972
  -0.01933
  -0.04634
  -0.06844
  -0.08330
  -0.08935
  -0.08594
  -0.07344
  -0.05317
  -0.02728
   0.00150
   0.03012
   0.05556
   0.07512
   0.08673
   0.08916
   0.08216
   0.06647
   0.04374
   0.01639
  -0.01270
  -0.04044
  -0.06391
  -0.08061
  -0.08878
  -0.08756
  -0.07708
  -0.05844
  -0.03362
  -0.00524
   0.02370
   0.05012
   0.07125
   0.08483
   0.08944
   0.08459
   0.07079
   0.04949
   0.02296
  -0.00599
  -0.03432
  -0.05901
  -0.07746
  -0.08772
  -0.08869
  -0.08028
  -0.06338
  -0.03977
  -0.01195
   0.01713
   0.04440
   0.06697
   0.08246
   0.08922
   0.08654
   0.07470
   0.05497
   0.02941
   0.00075
