  -0.06551
   0.08726
  -0.08527
   0.06007
  -0.01852
  -0.02807
   0.06702
  -0.08773
   0.08456
  -0.05838
   0.01632
   0.03019
  -0.06849
   0.08814
  -0.08381
   0.05666
  -0.01410
  -0.03230
   0.06991
  -0.08849
   0.08299
  -0.05491
   0.01188
   0.03439
  -0.07129
   0.08879
  -0.08213
   0.05311
  -0.00964
  -0.03645
   0.07263
  -0.08904
   0.08121
  -0.05129
   0.00741
   0.03849
  -0.07391
   0.08922
  -0.08025
   0.04943
  -0.00516
  -0.04051
   0.07516
  -0.08935
   0.07923
  -0.04754
   0.00292
   0.04250
  -0.07635
   0.08942
  -0.07816
   0.04562
  -0.00067
  -0.04446
   0.07750
  -0.08944
   0.07704
  -0.04368
  -0.00158
   0.04640
  -0.07860
   0.08940
  -0.07588
   0.04170
   0.00382
  -0.04831
   0.07964
  -0.08931
   0.07466
  -0.03970
  -0.00607
   0.05018
  -0.08064
   0.08915
  -0.07340
   0.03767
   0.00831
  -0.05203
   0.08159
  -0.08894
   0.07209
  -0.03562
  -0.01054
   0.05384
  -0.08248
   0.08868
  -0.07074
   0.03355
   0.01277
  -0.05562
   0.08333
  -0.08836
   0.06934
  -0.03146
  -0.01499
   0.05736
  -0.08412
   0.08798
  -0.06790
   0.02934
   0.01720
  -0.05907
   0.08486
  -0.08755
   0.06642
  -0.02721
  -0.01940
   0.06074
  -0.08554
   0.08706
  -0.06489
   0.02506
   0.02159
  -0.06237
   0.08617
  -0.08652
   0.06332
  -0.02289
  -0.02377
   0.06396
  -0.08674
   0.08592
  -0.06172
   0.02071
   0.02593
  -0.06551
   0.08726
  -0.08527
   0.06007
  -0.01852
  -0.02807
   0.06702
  -0.08773
   0.08456
  -0.05838
   0.01632
   0.03019
  -0.06849
   0.08814
  -0.08381
   0.05666
  -0.01410
  -0.03230
   0.06991
  -0.08849
   0.08299
  -0.05491
   0.01188
   0.03439
  -0.07129
   0.08879
  -0.08213
   0.05311
  -0.00964
  -0.03645
   0.07263
  -0.08904
   0.08121
  -0.05129
   0.00741
   0.03849
  -0.07391
   0.08922
  -0.08025
   0.04943
  -0.00516
  -0.04051
   0.07516
  -0.08935
   0.07923
  -0.04754
   0.00292
   0.04250
  -0.07635
   0.08942
  -0.07816
   0.04562
  -0.00067
  -0.04446
   0.07750
  -0.08944
   0.07704
  -0.04368
  -0.00158
   0.04640
  -0.07860
   0.08940
  -0.07588
   0.04170
   0.00382
  -0.04831
   0.07964
  -0.08931
   0.07466
  -0.03970
  -0.00607
   0.05018
  -0.08064
   0.08915
  -0.07340
   0.03767
   0.00831
  -0.05203
   0.08159
  -0.08894
   0.07209
  -0.03562
  -0.01054
   0.05384
  -0.08248
   0.08868
  -0.07074
   0.03355
   0.01277
  -0.05562
   0.08333
  -0.08836
   0.06934
  -0.03146
  -0.01499
   0.05736
  -0.08412
   0.08798
  -0.06790
   0.02934
   0.01720
  -0.05907
   0.08486
  -0.08755
   0.06642
  -0.02721
  -0.01940
   0.06074
  -0.08554
   0.08706
  -0.06489
   0.02506
   0.02159
  -0.06237
   0.08617
  -0.08652
   0.06332
  -0.02289
  -0.02377
   0.06396
  -0.08674
   0.08592
  -0.06172
   0.02071
   0.02593
