  -0.06824
  -0.01462
   0.04595
   0.08469
   0.08319
   0.04217
  -0.01889
  -0.07097
  -0.08933
  -0.06525
  -0.01017
   0.04975
   0.08603
   0.08143
   0.03815
  -0.02326
  -0.07362
  -0.08900
  -0.06209
  -0.00569
   0.05342
   0.08715
   0.07947
   0.03404
  -0.02757
  -0.07608
  -0.08844
  -0.05878
  -0.00120
   0.05696
   0.08805
   0.07731
   0.02984
  -0.03181
  -0.07834
  -0.08766
  -0.05532
   0.00330
   0.06035
   0.08873
   0.07495
   0.02556
  -0.03597
  -0.08041
  -0.08665
  -0.05172
   0.00779
   0.06359
   0.08918
   0.07240
   0.02122
  -0.04004
  -0.08228
  -0.08543
  -0.04799
   0.01225
   0.06667
   0.08941
   0.06967
   0.01683
  -0.04401
  -0.08394
  -0.08399
  -0.04413
   0.01669
   0.06958
   0.08942
   0.06677
   0.01240
  -0.04786
  -0.08538
  -0.08234
  -0.04017
   0.02108
   0.07232
   0.08919
   0.06369
   0.00793
  -0.05160
  -0.08661
  -0.08048
  -0.03610
   0.02542
   0.07487
   0.08875
   0.06046
   0.00344
  -0.05521
  -0.08763
  -0.07841
  -0.03195
   0.02970
   0.07723
   0.08807
   0.05707
  -0.00105
  -0.05867
  -0.08842
  -0.07615
  -0.02771
   0.03390
   0.07940
   0.08718
   0.05354
  -0.00554
  -0.06199
  -0.08898
  -0.07370
  -0.02340
   0.03802
   0.08137
   0.08607
   0.04987
  -0.01002
  -0.06515
  -0.08933
  -0.07106
  -0.01903
   0.04204
   0.08313
   0.08473
   0.04608
  -0.01447
  -0.06815
  -0.08944
  -0.06824
  -0.01462
   0.04595
   0.08469
   0.08319
   0.04217
  -0.01889
  -0.07097
  -0.08933
  -0.06525
  -0.01017
   0.04975
   0.08603
   0.08143
   0.03815
  -0.02326
  -0.07362
  -0.08900
  -0.06209
  -0.00569
   0.05342
   0.08715
   0.07947
   0.03404
  -0.02757
  -0.07608
  -0.08844
  -0.05878
  -0.00120
   0.05696
   0.08805
   0.07731
   0.02984
  -0.03181
  -0.07834
  -0.08766
  -0.05532
   0.00330
   0.06035
   0.08873
   0.07495
   0.02556
  -0.03597
  -0.08041
  -0.08665
  -0.05172
   0.00779
   0.06359
   0.08918
   0.07240
   0.02122
  -0.04004
  -0.08228
  -0.08543
  -0.04799
   0.01225
   0.06667
   0.08941
   0.06967
   0.01683
  -0.04401
  -0.08394
  -0.08399
  -0.04413
   0.01669
   0.06958
   0.08942
   0.06677
   0.01240
  -0.04786
  -0.08538
  -0.08234
  -0.04017
   0.02108
   0.07232
   0.08919
   0.06369
   0.00793
  -0.05160
  -0.08661
  -0.08048
  -0.03610
   0.02542
   0.07487
   0.08875
   0.06046
   0.00344
  -0.05521
  -0.08763
  -0.07841
  -0.03195
   0.02970
   0.07723
   0.08807
   0.05707
  -0.00105
  -0.05867
  -0.08842
  -0.07615
  -0.02771
   0.03390
   0.07940
   0.08718
   0.05354
  -0.00554
  -0.06199
  -0.08898
  -0.07370
  -0.02340
   0.03802
   0.08137
   0.08607
   0.04987
  -0.01002
  -0.06515
  -0.08933
  -0.07106
  -0.01903
   0.04204
   0.08313
   0.08473
   0.04608
  -0.01447
  -0.06815
  -0.08944
