   0.02589
   0.05015
   0.06989
   0.08331
   0.08922
   0.08707
   0.07706
   0.06010
   0.03771
   0.01191
  -0.01496
  -0.04048
  -0.06234
  -0.07858
  -0.08772
  -0.08895
  -0.08214
  -0.06793
  -0.04757
  -0.02293
   0.00379
   0.03016
   0.05381
   0.07260
   0.08484
   0.08942
   0.08593
   0.07468
   0.05669
   0.03358
   0.00744
  -0.01937
  -0.04443
  -0.06548
  -0.08063
  -0.08849
  -0.08836
  -0.08026
  -0.06492
  -0.04371
  -0.01856
   0.00827
   0.03435
   0.05733
   0.07514
   0.08616
   0.08940
   0.08458
   0.07212
   0.05315
   0.02938
   0.00296
  -0.02373
  -0.04828
  -0.06846
  -0.08247
  -0.08903
  -0.08756
  -0.07818
  -0.06174
  -0.03973
  -0.01414
   0.01274
   0.03846
   0.06071
   0.07748
   0.08726
   0.08916
   0.08301
   0.06937
   0.04946
   0.02509
  -0.00154
  -0.02803
  -0.05200
  -0.07127
  -0.08410
  -0.08935
  -0.08653
  -0.07590
  -0.05841
  -0.03566
  -0.00968
   0.01717
   0.04247
   0.06393
   0.07963
   0.08813
   0.08868
   0.08123
   0.06644
   0.04566
   0.02075
  -0.00603
  -0.03227
  -0.05559
  -0.07389
  -0.08553
  -0.08944
  -0.08528
  -0.07342
  -0.05494
  -0.03149
  -0.00520
   0.02156
   0.04637
   0.06699
   0.08157
   0.08879
   0.08799
   0.07925
   0.06335
   0.04173
   0.01635
  -0.01051
  -0.03642
  -0.05904
  -0.07633
  -0.08673
  -0.08931
  -0.08382
  -0.07076
  -0.05132
  -0.02724
  -0.00071
   0.02589
   0.05015
   0.06989
   0.08331
   0.08922
   0.08707
   0.07706
   0.06010
   0.03771
   0.01191
  -0.01496
  -0.04048
  -0.06234
  -0.07858
  -0.08772
  -0.08895
  -0.08214
  -0.06793
  -0.04757
  -0.02293
   0.00379
   0.03016
   0.05381
   0.07260
   0.08484
   0.08942
   0.08593
   0.07468
   0.05669
   0.03358
   0.00744
  -0.01937
  -0.04443
  -0.06548
  -0.08063
  -0.08849
  -0.08836
  -0.08026
  -0.06492
  -0.04371
  -0.01856
   0.00827
   0.03435
   0.05733
   0.07514
   0.08616
   0.08940
   0.08458
   0.07212
   0.05315
   0.02938
   0.00296
  -0.02373
  -0.04828
  -0.06846
  -0.08247
  -0.08903
  -0.08756
  -0.07818
  -0.06174
  -0.03973
  -0.01414
   0.01274
   0.03846
   0.06071
   0.07748
   0.08726
   0.08916
   0.08301
   0.06937
   0.04946
   0.02509
  -0.00154
  -0.02803
  -0.05200
  -0.07127
  -0.08410
  -0.08935
  -0.08653
  -0.07590
  -0.05841
  -0.03566
  -0.00968
   0.01717
   0.04247
   0.06393
   0.07963
   0.08813
   0.08868
   0.08123
   0.06644
   0.04566
   0.02075
  -0.00603
  -0.03227
  -0.05559
  -0.07389
  -0.08553
  -0.08944
  -0.08528
  -0.07342
  -0.05494
  -0.03149
  -0.00520
   0.02156
   0.04637
   0.06699
   0.08157
   0.08879
   0.08799
   0.07925
   0.06335
   0.04173
   0.01635
  -0.01051
  -0.03642
  -0.05904
  -0.07633
  -0.08673
  -0.08931
  -0.08382
  -0.07076
  -0.05132
  -0.02724
  -0.00071
