  -0.04032
  -0.05682
   0.08611
  -0.01257
  -0.07599
   0.07380
   0.01652
  -0.08711
   0.05367
   0.04386
  -0.08902
   0.02787
   0.06656
  -0.08150
  -0.00088
   0.08221
  -0.06537
  -0.02954
   0.08917
  -0.04232
  -0.05507
   0.08669
  -0.01479
  -0.07478
   0.07504
   0.01431
  -0.08657
   0.05545
   0.04189
  -0.08921
   0.03000
   0.06503
  -0.08240
   0.00137
   0.08130
  -0.06688
  -0.02741
   0.08897
  -0.04428
  -0.05328
   0.08722
  -0.01700
  -0.07352
   0.07624
   0.01208
  -0.08598
   0.05720
   0.03989
  -0.08934
   0.03211
   0.06347
  -0.08325
   0.00361
   0.08034
  -0.06835
  -0.02526
   0.08871
  -0.04622
  -0.05146
   0.08769
  -0.01920
  -0.07222
   0.07739
   0.00985
  -0.08533
   0.05891
   0.03786
  -0.08942
   0.03419
   0.06187
  -0.08405
   0.00586
   0.07932
  -0.06978
  -0.02309
   0.08839
  -0.04813
  -0.04961
   0.08810
  -0.02139
  -0.07087
   0.07850
   0.00761
  -0.08463
   0.06058
   0.03581
  -0.08944
   0.03626
   0.06022
  -0.08479
   0.00810
   0.07826
  -0.07116
  -0.02092
   0.08802
  -0.05001
  -0.04772
   0.08846
  -0.02357
  -0.06947
   0.07955
   0.00537
  -0.08388
   0.06222
   0.03374
  -0.08941
   0.03830
   0.05854
  -0.08548
   0.01034
   0.07715
  -0.07250
  -0.01872
   0.08759
  -0.05186
  -0.04580
   0.08877
  -0.02573
  -0.06804
   0.08055
   0.00313
  -0.08307
   0.06381
   0.03165
  -0.08932
   0.04032
   0.05682
  -0.08611
   0.01257
   0.07599
  -0.07380
  -0.01652
   0.08711
  -0.05367
  -0.04386
   0.08902
  -0.02787
  -0.06656
   0.08150
   0.00088
  -0.08221
   0.06537
   0.02954
  -0.08917
   0.04232
   0.05507
  -0.08669
   0.01479
   0.07478
  -0.07504
  -0.01431
   0.08657
  -0.05545
  -0.04189
   0.08921
  -0.03000
  -0.06503
   0.08240
  -0.00137
  -0.08130
   0.06688
   0.02741
  -0.08897
   0.04428
   0.05328
  -0.08722
   0.01700
   0.07352
  -0.07624
  -0.01208
   0.08598
  -0.05720
  -0.03989
   0.08934
  -0.03211
  -0.06347
   0.08325
  -0.00361
  -0.08034
   0.06835
   0.02526
  -0.08871
   0.04622
   0.05146
  -0.08769
   0.01920
   0.07222
  -0.07739
  -0.00985
   0.08533
  -0.05891
  -0.03786
   0.08942
  -0.03419
  -0.06187
   0.08405
  -0.00586
  -0.07932
   0.06978
   0.02309
  -0.08839
   0.04813
   0.04961
  -0.08810
   0.02139
   0.07087
  -0.07850
  -0.00761
   0.08463
  -0.06058
  -0.03581
   0.08944
  -0.03626
  -0.06022
   0.08479
  -0.00810
  -0.07826
   0.07116
   0.02092
  -0.08802
   0.05001
   0.04772
  -0.08846
   0.02357
   0.06947
  -0.07955
  -0.00537
   0.08388
  -0.06222
  -0.03374
   0.08941
  -0.03830
  -0.05854
   0.08548
  -0.01034
  -0.07715
   0.07250
   0.01872
  -0.08759
   0.05186
   0.04580
  -0.08877
   0.02573
   0.06804
  -0.08055
  -0.00313
   0.08307
  -0.06381
  -0.03165
   0.08932
