   0.06246
  -0.00279
  -0.06633
  -0.08923
  -0.05746
   0.00951
   0.07066
   0.08851
   0.05213
  -0.01619
  -0.07459
  -0.08729
  -0.04651
   0.02277
   0.07810
   0.08558
   0.04062
  -0.02922
  -0.08116
  -0.08337
  -0.03451
   0.03550
   0.08376
   0.08070
   0.02819
  -0.04159
  -0.08589
  -0.07756
  -0.02172
   0.04743
   0.08752
   0.07399
   0.01512
  -0.05301
  -0.08866
  -0.06999
  -0.00844
   0.05829
   0.08930
   0.06560
   0.00171
  -0.06323
  -0.08943
  -0.06083
   0.00503
   0.06782
   0.08905
   0.05572
  -0.01175
  -0.07202
  -0.08816
  -0.05029
   0.01839
   0.07581
   0.08678
   0.04458
  -0.02493
  -0.07917
  -0.08490
  -0.03861
   0.03133
   0.08208
   0.08253
   0.03242
  -0.03755
  -0.08452
  -0.07970
  -0.02605
   0.04356
   0.08649
   0.07642
   0.01953
  -0.04932
  -0.08796
  -0.07270
  -0.01290
   0.05480
   0.08893
   0.06857
   0.00620
  -0.05997
  -0.08940
  -0.06405
   0.00054
   0.06480
   0.08936
   0.05917
  -0.00728
  -0.06926
  -0.08881
  -0.05394
   0.01397
   0.07333
   0.08776
   0.04842
  -0.02059
  -0.07698
  -0.08620
  -0.04261
   0.02708
   0.08019
   0.08416
   0.03657
  -0.03343
  -0.08295
  -0.08164
  -0.03032
   0.03958
   0.08523
   0.07866
   0.02389
  -0.04551
  -0.08703
  -0.07523
  -0.01733
   0.05118
   0.08834
   0.07137
   0.01067
  -0.05656
  -0.08914
  -0.06711
  -0.00395
   0.06162
   0.08944
   0.06246
  -0.00279
  -0.06633
  -0.08923
  -0.05746
   0.00951
   0.07066
   0.08851
   0.05213
  -0.01619
  -0.07459
  -0.08729
  -0.04651
   0.02277
   0.07810
   0.08558
   0.04062
  -0.02922
  -0.08116
  -0.08337
  -0.03451
   0.03550
   0.08376
   0.08070
   0.02819
  -0.04159
  -0.08589
  -0.07756
  -0.02172
   0.04743
   0.08752
   0.07399
   0.01512
  -0.05301
  -0.08866
  -0.06999
  -0.00844
   0.05829
   0.08930
   0.06560
   0.00171
  -0.06323
  -0.08943
  -0.06083
   0.00503
   0.06782
   0.08905
   0.05572
  -0.01175
  -0.07202
  -0.08816
  -0.05029
   0.01839
   0.07581
   0.08678
   0.04458
  -0.02493
  -0.07917
  -0.08490
  -0.03861
   0.03133
   0.08208
   0.08253
   0.03242
  -0.03755
  -0.08452
  -0.07970
  -0.02605
   0.04356
   0.08649
   0.07642
   0.01953
  -0.04932
  -0.08796
  -0.07270
  -0.01290
   0.05480
   0.08893
   0.06857
   0.00620
  -0.05997
  -0.08940
  -0.06405
   0.00054
   0.06480
   0.08936
   0.05917
  -0.00728
  -0.06926
  -0.08881
  -0.05394
   0.01397
   0.07333
   0.08776
   0.04842
  -0.02059
  -0.07698
  -0.08620
  -0.04261
   0.02708
   0.08019
   0.08416
   0.03657
  -0.03343
  -0.08295
  -0.08164
  -0.03032
   0.03958
   0.08523
   0.07866
   0.02389
  -0.04551
  -0.08703
  -0.07523
  -0.01733
   0.05118
   0.08834
   0.07137
   0.01067
  -0.05656
  -0.08914
  -0.06711
  -0.00395
   0.06162
   0.08944
