  -0.01613
  -0.03128
  -0.04546
  -0.05824
  -0.06922
  -0.07807
  -0.08450
  -0.08833
  -0.08943
  -0.08777
  -0.08340
  -0.07645
  -0.06715
  -0.05577
  -0.04267
  -0.02825
  -0.01296
   0.00273
   0.01833
   0.03337
   0.04738
   0.05993
   0.07062
   0.07914
   0.08521
   0.08865
   0.08936
   0.08731
   0.08256
   0.07526
   0.06564
   0.05399
   0.04068
   0.02611
   0.01073
  -0.00497
  -0.02053
  -0.03545
  -0.04927
  -0.06158
  -0.07198
  -0.08016
  -0.08587
  -0.08892
  -0.08923
  -0.08679
  -0.08167
  -0.07402
  -0.06409
  -0.05218
  -0.03866
  -0.02395
  -0.00850
   0.00722
   0.02271
   0.03750
   0.05113
   0.06319
   0.07329
   0.08113
   0.08647
   0.08914
   0.08905
   0.08622
   0.08072
   0.07274
   0.06250
   0.05034
   0.03663
   0.02178
   0.00626
  -0.00945
  -0.02488
  -0.03953
  -0.05296
  -0.06476
  -0.07456
  -0.08205
  -0.08702
  -0.08930
  -0.08882
  -0.08559
  -0.07973
  -0.07141
  -0.06088
  -0.04847
  -0.03456
  -0.01959
  -0.00401
   0.01169
   0.02703
   0.04153
   0.05476
   0.06629
   0.07578
   0.08292
   0.08751
   0.08940
   0.08852
   0.08492
   0.07869
   0.07003
   0.05921
   0.04656
   0.03248
   0.01739
   0.00177
  -0.01391
  -0.02916
  -0.04351
  -0.05652
  -0.06778
  -0.07695
  -0.08374
  -0.08795
  -0.08944
  -0.08817
  -0.08418
  -0.07759
  -0.06861
  -0.05751
  -0.04463
  -0.03037
  -0.01518
   0.00048
   0.01613
   0.03128
   0.04546
   0.05824
   0.06922
   0.07807
   0.08450
   0.08833
   0.08943
   0.08777
   0.08340
   0.07645
   0.06715
   0.05577
   0.04267
   0.02825
   0.01296
  -0.00273
  -0.01833
  -0.03337
  -0.04738
  -0.05993
  -0.07062
  -0.07914
  -0.08521
  -0.08865
  -0.08936
  -0.08731
  -0.08256
  -0.07526
  -0.06564
  -0.05399
  -0.04068
  -0.02611
  -0.01073
   0.00497
   0.02053
   0.03545
   0.04927
   0.06158
   0.07198
   0.08016
   0.08587
   0.08892
   0.08923
   0.08679
   0.08167
   0.07402
   0.06409
   0.05218
   0.03866
   0.02395
   0.00850
  -0.00722
  -0.02271
  -0.03750
  -0.05113
  -0.06319
  -0.07329
  -0.08113
  -0.08647
  -0.08914
  -0.08905
  -0.08622
  -0.08072
  -0.07274
  -0.06250
  -0.05034
  -0.03663
  -0.02178
  -0.00626
   0.00945
   0.02488
   0.03953
   0.05296
   0.06476
   0.07456
   0.08205
   0.08702
   0.08930
   0.08882
   0.08559
   0.07973
   0.07141
   0.06088
   0.04847
   0.03456
   0.01959
   0.00401
  -0.01169
  -0.02703
  -0.04153
  -0.05476
  -0.06629
  -0.07578
  -0.08292
  -0.08751
  -0.08940
  -0.08852
  -0.08492
  -0.07869
  -0.07003
  -0.05921
  -0.04656
  -0.03248
  -0.01739
  -0.00177
   0.01391
   0.02916
   0.04351
   0.05652
   0.06778
   0.07695
   0.08374
   0.08795
   0.08944
   0.08817
   0.08418
   0.07759
   0.06861
   0.05751
   0.04463
   0.03037
   0.01518
  -0.00048
