   0.08360
  -0.06740
  -0.02015
   0.08637
  -0.06116
  -0.02879
   0.08827
  -0.05430
  -0.03715
   0.08927
  -0.04689
  -0.04513
   0.08938
  -0.03901
  -0.05265
   0.08858
  -0.03074
  -0.05964
   0.08688
  -0.02215
  -0.06603
   0.08431
  -0.01334
  -0.07175
   0.08089
  -0.00440
  -0.07675
   0.07665
   0.00459
  -0.08097
   0.07164
   0.01353
  -0.08437
   0.06590
   0.02233
  -0.08693
   0.05950
   0.03091
  -0.08860
   0.05250
   0.03918
  -0.08938
   0.04496
   0.04705
  -0.08926
   0.03698
   0.05445
  -0.08824
   0.02862
   0.06130
  -0.08632
   0.01997
   0.06752
  -0.08354
   0.01112
   0.07307
  -0.07991
   0.00215
   0.07788
  -0.07547
  -0.00683
   0.08190
  -0.07027
  -0.01575
   0.08509
  -0.06436
  -0.02450
   0.08743
  -0.05780
  -0.03301
   0.08888
  -0.05066
  -0.04119
   0.08944
  -0.04301
  -0.04895
   0.08909
  -0.03492
  -0.05622
   0.08784
  -0.02648
  -0.06291
   0.08571
  -0.01777
  -0.06898
   0.08271
  -0.00888
  -0.07434
   0.07887
   0.00009
  -0.07896
   0.07424
   0.00907
  -0.08278
   0.06886
   0.01795
  -0.08576
   0.06278
   0.02666
  -0.08788
   0.05607
   0.03509
  -0.08911
   0.04879
   0.04317
  -0.08943
   0.04102
   0.05082
  -0.08886
   0.03284
   0.05795
  -0.08739
   0.02432
   0.06449
  -0.08504
   0.01556
   0.07039
  -0.08182
   0.00664
   0.07557
  -0.07779
  -0.00234
   0.07999
  -0.07296
  -0.01130
   0.08360
  -0.06740
  -0.02015
   0.08637
  -0.06116
  -0.02879
   0.08827
  -0.05430
  -0.03715
   0.08927
  -0.04689
  -0.04513
   0.08938
  -0.03901
  -0.05265
   0.08858
  -0.03074
  -0.05964
   0.08688
  -0.02215
  -0.06603
   0.08431
  -0.01334
  -0.07175
   0.08089
  -0.00440
  -0.07675
   0.07665
   0.00459
  -0.08097
   0.07164
   0.01353
  -0.08437
   0.06590
   0.02233
  -0.08693
   0.05950
   0.03091
  -0.08860
   0.05250
   0.03918
  -0.08938
   0.04496
   0.04705
  -0.08926
   0.03698
   0.05445
  -0.08824
   0.02862
   0.06130
  -0.08632
   0.01997
   0.06752
  -0.08354
   0.01112
   0.07307
  -0.07991
   0.00215
   0.07788
  -0.07547
  -0.00683
   0.08190
  -0.07027
  -0.01575
   0.08509
  -0.06436
  -0.02450
   0.08743
  -0.05780
  -0.03301
   0.08888
  -0.05066
  -0.04119
   0.08944
  -0.04301
  -0.04895
   0.08909
  -0.03492
  -0.05622
   0.08784
  -0.02648
  -0.06291
   0.08571
  -0.01777
  -0.06898
   0.08271
  -0.00888
  -0.07434
   0.07887
   0.00009
  -0.07896
   0.07424
   0.00907
  -0.08278
   0.06886
   0.01795
  -0.08576
   0.06278
   0.02666
  -0.08788
   0.05607
   0.03509
  -0.08911
   0.04879
   0.04317
  -0.08943
   0.04102
   0.05082
  -0.08886
   0.03284
   0.05795
  -0.08739
   0.02432
   0.06449
  -0.08504
   0.01556
   0.07039
  -0.08182
   0.00664
   0.07557
  -0.07779
  -0.00234
   0.07999
  -0.07296
  -0.01130
