   0.03923
  -0.06756
   0.08511
  -0.08908
   0.07885
  -0.05603
   0.02427
   0.01136
  -0.04517
   0.07178
  -0.08694
   0.08823
  -0.07544
   0.05062
  -0.01772
  -0.01801
   0.05086
  -0.07560
   0.08828
  -0.08687
   0.07161
  -0.04492
   0.01107
   0.02455
  -0.05626
   0.07898
  -0.08911
   0.08502
  -0.06737
   0.03897
  -0.00435
  -0.03096
   0.06133
  -0.08192
   0.08944
  -0.08269
   0.06274
  -0.03279
  -0.00239
   0.03720
  -0.06606
   0.08439
  -0.08926
   0.07988
  -0.05776
   0.02643
   0.00912
  -0.04322
   0.07042
  -0.08638
   0.08857
  -0.07662
   0.05245
  -0.01992
  -0.01580
   0.04899
  -0.07437
   0.08789
  -0.08738
   0.07293
  -0.04685
   0.01329
   0.02239
  -0.05449
   0.07790
  -0.08889
   0.08569
  -0.06882
   0.04098
  -0.00659
  -0.02884
   0.05968
  -0.08099
   0.08938
  -0.08352
   0.06432
  -0.03487
  -0.00015
   0.03514
  -0.06453
   0.08362
  -0.08937
   0.08087
  -0.05946
   0.02857
   0.00688
  -0.04124
   0.06901
  -0.08577
   0.08885
  -0.07776
   0.05426
  -0.02210
  -0.01358
   0.04710
  -0.07310
   0.08744
  -0.08783
   0.07421
  -0.04875
   0.01551
   0.02020
  -0.05269
   0.07677
  -0.08861
   0.08631
  -0.07024
   0.04296
  -0.00883
  -0.02671
   0.05799
  -0.08001
   0.08928
  -0.08429
   0.06587
  -0.03693
   0.00210
   0.03306
  -0.06295
   0.08280
  -0.08943
   0.08180
  -0.06112
   0.03069
   0.00464
  -0.03923
   0.06756
  -0.08511
   0.08908
  -0.07885
   0.05603
  -0.02427
  -0.01136
   0.04517
  -0.07178
   0.08694
  -0.08823
   0.07544
  -0.05062
   0.01772
   0.01801
  -0.05086
   0.07560
  -0.08828
   0.08687
  -0.07161
   0.04492
  -0.01107
  -0.02455
   0.05626
  -0.07898
   0.08911
  -0.08502
   0.06737
  -0.03897
   0.00435
   0.03096
  -0.06133
   0.08192
  -0.08944
   0.08269
  -0.06274
   0.03279
   0.00239
  -0.03720
   0.06606
  -0.08439
   0.08926
  -0.07988
   0.05776
  -0.02643
  -0.00912
   0.04322
  -0.07042
   0.08638
  -0.08857
   0.07662
  -0.05245
   0.01992
   0.01580
  -0.04899
   0.07437
  -0.08789
   0.08738
  -0.07293
   0.04685
  -0.01329
  -0.02239
   0.05449
  -0.07790
   0.08889
  -0.08569
   0.06882
  -0.04098
   0.00659
   0.02884
  -0.05968
   0.08099
  -0.08938
   0.08352
  -0.06432
   0.03487
   0.00015
  -0.03514
   0.06453
  -0.08362
   0.08937
  -0.08087
   0.05946
  -0.02857
  -0.00688
   0.04124
  -0.06901
   0.08577
  -0.08885
   0.07776
  -0.05426
   0.02210
   0.01358
  -0.04710
   0.07310
  -0.08744
   0.08783
  -0.07421
   0.04875
  -0.01551
  -0.02020
   0.05269
  -0.07677
   0.08861
  -0.08631
   0.07024
  -0.04296
   0.00883
   0.02671
  -0.05799
   0.08001
  -0.08928
   0.08429
  -0.06587
   0.03693
  -0.00210
  -0.03306
   0.06295
  -0.08280
   0.08943
  -0.08180
   0.06112
  -0.03069
  -0.00464
