  -0.08837
   0.08593
  -0.08215
   0.07707
  -0.07077
   0.06335
  -0.05494
   0.04566
  -0.03566
   0.02510
  -0.01414
   0.00296
   0.00826
  -0.01936
   0.03015
  -0.04047
   0.05015
  -0.05903
   0.06699
  -0.07389
   0.07962
  -0.08410
   0.08726
  -0.08903
   0.08940
  -0.08837
   0.08593
  -0.08215
   0.07707
  -0.07077
   0.06335
  -0.05494
   0.04566
  -0.03566
   0.02510
  -0.01414
   0.00296
   0.00826
  -0.01936
   0.03015
  -0.04047
   0.05015
  -0.05903
   0.06699
  -0.07389
   0.07962
  -0.08410
   0.08726
  -0.08903
   0.08940
  -0.08837
   0.08593
  -0.08215
   0.07707
  -0.07077
   0.06335
  -0.05494
   0.04566
  -0.03566
   0.02510
  -0.01414
   0.00296
   0.00826
  -0.01936
   0.03015
  -0.04047
   0.05015
  -0.05903
   0.06699
  -0.07389
   0.07962
  -0.08410
   0.08726
  -0.08903
   0.08940
  -0.08837
   0.08593
  -0.08215
   0.07707
  -0.07077
   0.06335
  -0.05494
   0.04566
  -0.03566
   0.02510
  -0.01414
   0.00296
   0.00826
  -0.01936
   0.03015
  -0.04047
   0.05015
  -0.05903
   0.06699
  -0.07389
   0.07962
  -0.08410
   0.08726
  -0.08903
   0.08940
  -0.08837
   0.08593
  -0.08215
   0.07707
  -0.07077
   0.06335
  -0.05494
   0.04566
  -0.03566
   0.02510
  -0.01414
   0.00296
   0.00826
  -0.01936
   0.03015
  -0.04047
   0.05015
  -0.05903
   0.06699
  -0.07389
   0.07962
  -0.08410
   0.08726
  -0.08903
   0.08940
  -0.08837
   0.08593
  -0.08215
   0.07707
  -0.07077
   0.06335
  -0.05494
   0.04566
  -0.03566
   0.02510
  -0.01414
   0.00296
   0.00826
  -0.01936
   0.03015
  -0.04047
   0.05015
  -0.05903
   0.06699
  -0.07389
   0.07962
  -0.08410
   0.08726
  -0.08903
   0.08940
  -0.08837
   0.08593
  -0.08215
   0.07707
  -0.07077
   0.06335
  -0.05494
   0.04566
  -0.03566
   0.02510
  -0.01414
   0.00296
   0.00826
  -0.01936
   0.03015
  -0.04047
   0.05015
  -0.05903
   0.06699
  -0.07389
   0.07962
  -0.08410
   0.08726
  -0.08903
   0.08940
  -0.08837
   0.08593
  -0.08215
   0.07707
  -0.07077
   0.06335
  -0.05494
   0.04566
  -0.03566
   0.02510
  -0.01414
   0.00296
   0.00826
  -0.01936
   0.03015
  -0.04047
   0.05015
  -0.05903
   0.06699
  -0.07389
   0.07962
  -0.08410
   0.08726
  -0.08903
   0.08940
  -0.08837
   0.08593
  -0.08215
   0.07707
  -0.07077
   0.06335
  -0.05494
   0.04566
  -0.03566
   0.02510
  -0.01414
   0.00296
   0.00826
  -0.01936
   0.03015
  -0.04047
   0.05015
  -0.05903
   0.06699
  -0.07389
   0.07962
  -0.08410
   0.08726
  -0.08903
   0.08940
  -0.08837
   0.08593
  -0.08215
   0.07707
  -0.07077
   0.06335
  -0.05494
   0.04566
  -0.03566
   0.02510
  -0.01414
   0.00296
   0.00826
  -0.01936
   0.03015
  -0.04047
   0.05015
  -0.05903
   0.06699
  -0.07389
   0.07962
  -0.08410
   0.08726
  -0.08903
   0.08940
