  -0.07444
   0.06937
  -0.06054
   0.04844
  -0.03370
   0.01714
   0.00035
  -0.01782
   0.03433
  -0.04897
   0.06096
  -0.06965
   0.07456
  -0.07542
   0.07220
  -0.06506
   0.05439
  -0.04078
   0.02495
  -0.00778
  -0.00982
   0.02689
  -0.04250
   0.05581
  -0.06608
   0.07278
  -0.07553
   0.07419
  -0.06882
   0.05972
  -0.04739
   0.03248
  -0.01581
  -0.00171
   0.01914
  -0.03553
   0.05000
  -0.06176
   0.07016
  -0.07477
   0.07532
  -0.07178
   0.06436
  -0.05344
   0.03963
  -0.02367
   0.00643
   0.01117
  -0.02815
   0.04362
  -0.05671
   0.06673
  -0.07314
   0.07557
  -0.07391
   0.06825
  -0.05888
   0.04632
  -0.03125
   0.01449
   0.00307
  -0.02045
   0.03673
  -0.05101
   0.06253
  -0.07066
   0.07496
  -0.07519
   0.07135
  -0.06364
   0.05247
  -0.03847
   0.02238
  -0.00507
  -0.01251
   0.02941
  -0.04472
   0.05760
  -0.06736
   0.07347
  -0.07559
   0.07362
  -0.06765
   0.05802
  -0.04524
   0.03001
  -0.01315
  -0.00442
   0.02175
  -0.03791
   0.05200
  -0.06328
   0.07113
  -0.07512
   0.07504
  -0.07089
   0.06289
  -0.05149
   0.03729
  -0.02108
   0.00372
   0.01384
  -0.03065
   0.04580
  -0.05847
   0.06796
  -0.07378
   0.07559
  -0.07330
   0.06704
  -0.05714
   0.04415
  -0.02876
   0.01181
   0.00577
  -0.02305
   0.03907
  -0.05298
   0.06401
  -0.07158
   0.07526
  -0.07486
   0.07040
  -0.06213
   0.05049
  -0.03611
   0.01977
  -0.00236
  -0.01518
   0.03189
  -0.04688
   0.05932
  -0.06855
   0.07406
  -0.07556
   0.07295
  -0.06640
   0.05624
  -0.04304
   0.02750
  -0.01047
  -0.00713
   0.02434
  -0.04023
   0.05394
  -0.06472
   0.07200
  -0.07537
   0.07466
  -0.06990
   0.06135
  -0.04947
   0.03491
  -0.01846
   0.00101
   0.01650
  -0.03312
   0.04793
  -0.06015
   0.06911
  -0.07432
   0.07550
  -0.07259
   0.06574
  -0.05533
   0.04192
  -0.02623
   0.00913
   0.00848
  -0.02562
   0.04137
  -0.05488
   0.06542
  -0.07240
   0.07547
  -0.07444
   0.06937
  -0.06054
   0.04844
  -0.03370
   0.01714
   0.00035
  -0.01782
   0.03433
  -0.04897
   0.06096
  -0.06965
   0.07456
  -0.07542
   0.07220
  -0.06506
   0.05439
  -0.04078
   0.02495
  -0.00778
  -0.00982
   0.02689
  -0.04250
   0.05581
  -0.06608
   0.07278
  -0.07553
   0.07419
  -0.06882
   0.05972
  -0.04739
   0.03248
  -0.01581
  -0.00171
   0.01914
  -0.03553
   0.05000
  -0.06176
   0.07016
  -0.07477
   0.07532
  -0.07178
   0.06436
  -0.05344
   0.03963
  -0.02367
   0.00643
   0.01117
  -0.02815
   0.04362
  -0.05671
   0.06673
  -0.07314
   0.07557
  -0.07391
   0.06825
  -0.05888
   0.04632
  -0.03125
   0.01449
   0.00307
  -0.02045
   0.03673
  -0.05101
   0.06253
  -0.07066
   0.07496
  -0.07519
   0.07135
  -0.06364
   0.05247
  -0.03847
   0.02238
  -0.00507
  -0.01251
   0.02941
  -0.04472
   0.05760
  -0.06736
   0.07347
  -0.07559
   0.07362
  -0.06765
   0.05802
  -0.04524
   0.03001
  -0.01315
  -0.00442
   0.02175
  -0.03791
   0.05200
  -0.06328
   0.07113
  -0.07512
   0.07504
  -0.07089
   0.06289
  -0.05149
   0.03729
  -0.02108
   0.00372
   0.01384
  -0.03065
   0.04580
  -0.05847
   0.06796
  -0.07378
   0.07559
  -0.07330
   0.06704
  -0.05714
   0.04415
  -0.02876
   0.01181
   0.00577
  -0.02305
   0.03907
  -0.05298
   0.06401
  -0.07158
   0.07526
  -0.07486
   0.07040
  -0.06213
   0.05049
  -0.03611
   0.01977
  -0.00236
  -0.01518
   0.03189
  -0.04688
   0.05932
  -0.06855
   0.07406
  -0.07556
   0.07295
  -0.06640
   0.05624
  -0.04304
   0.02750
  -0.01047
  -0.00713
   0.02434
  -0.04023
   0.05394
  -0.06472
   0.07200
  -0.07537
   0.07466
  -0.06990
   0.06135
  -0.04947
   0.03491
  -0.01846
   0.00101
   0.01650
  -0.03312
   0.04793
  -0.06015
   0.06911
  -0.07432
   0.07550
  -0.07259
   0.06574
  -0.05533
   0.04192
  -0.02623
   0.00913
   0.00848
  -0.02562
   0.04137
  -0.05488
   0.06542
  -0.07240
   0.07547
