   0.07513
   0.00360
  -0.07558
   0.00589
   0.07484
  -0.01529
  -0.07292
   0.02445
   0.06985
  -0.03322
  -0.06568
   0.04147
   0.06047
  -0.04907
  -0.05431
   0.05589
   0.04729
  -0.06183
  -0.03953
   0.06679
   0.03114
  -0.07070
  -0.02226
   0.07350
   0.01303
  -0.07513
  -0.00360
   0.07558
  -0.00589
  -0.07484
   0.01529
   0.07292
  -0.02445
  -0.06985
   0.03322
   0.06568
  -0.04147
  -0.06047
   0.04907
   0.05431
  -0.05589
  -0.04729
   0.06183
   0.03953
  -0.06679
  -0.03114
   0.07070
   0.02226
  -0.07350
  -0.01303
   0.07513
   0.00360
  -0.07558
   0.00589
   0.07484
  -0.01529
  -0.07292
   0.02445
   0.06985
  -0.03322
  -0.06568
   0.04147
   0.06047
  -0.04907
  -0.05431
   0.05589
   0.04729
  -0.06183
  -0.03953
   0.06679
   0.03114
  -0.07070
  -0.02226
   0.07350
   0.01303
  -0.07513
  -0.00360
   0.07558
  -0.00589
  -0.07484
   0.01529
   0.07292
  -0.02445
  -0.06985
   0.03322
   0.06568
  -0.04147
  -0.06047
   0.04907
   0.05431
  -0.05589
  -0.04729
   0.06183
   0.03953
  -0.06679
  -0.03114
   0.07070
   0.02226
  -0.07350
  -0.01303
   0.07513
   0.00360
  -0.07558
   0.00589
   0.07484
  -0.01529
  -0.07292
   0.02445
   0.06985
  -0.03322
  -0.06568
   0.04147
   0.06047
  -0.04907
  -0.05431
   0.05589
   0.04729
  -0.06183
  -0.03953
   0.06679
   0.03114
  -0.07070
  -0.02226
   0.07350
   0.01303
  -0.07513
  -0.00360
   0.07558
  -0.00589
  -0.07484
   0.01529
   0.07292
  -0.02445
  -0.06985
   0.03322
   0.06568
  -0.04147
  -0.06047
   0.04907
   0.05431
  -0.05589
  -0.04729
   0.06183
   0.03953
  -0.06679
  -0.03114
   0.07070
   0.02226
  -0.07350
  -0.01303
   0.07513
   0.00360
  -0.07558
   0.00589
   0.07484
  -0.01529
  -0.07292
   0.02445
   0.06985
  -0.03322
  -0.06568
   0.04147
   0.06047
  -0.04907
  -0.05431
   0.05589
   0.04729
  -0.06183
  -0.03953
   0.06679
   0.03114
  -0.07070
  -0.02226
   0.07350
   0.01303
  -0.07513
  -0.00360
   0.07558
  -0.00589
  -0.07484
   0.01529
   0.07292
  -0.02445
  -0.06985
   0.03322
   0.06568
  -0.04147
  -0.06047
   0.04907
   0.05431
  -0.05589
  -0.04729
   0.06183
   0.03953
  -0.06679
  -0.03114
   0.07070
   0.02226
  -0.07350
  -0.01303
   0.07513
   0.00360
  -0.07558
   0.00589
   0.07484
  -0.01529
  -0.07292
   0.02445
   0.06985
  -0.03322
  -0.06568
   0.04147
   0.06047
  -0.04907
  -0.05431
   0.05589
   0.04729
  -0.06183
  -0.03953
   0.06679
   0.03114
  -0.07070
  -0.02226
   0.07350
   0.01303
  -0.07513
  -0.00360
   0.07558
  -0.00589
  -0.07484
   0.01529
   0.07292
  -0.02445
  -0.06985
   0.03322
   0.06568
  -0.04147
  -0.06047
   0.04907
   0.05431
  -0.05589
  -0.04729
   0.06183
   0.03953
  -0.06679
  -0.03114
   0.07070
   0.02226
  -0.07350
  -0.01303
   0.07513
   0.00360
  -0.07558
   0.00589
   0.07484
  -0.01529
  -0.07292
   0.02445
   0.06985
  -0.03322
  -0.06568
   0.04147
   0.06047
  -0.04907
  -0.05431
   0.05589
   0.04729
  -0.06183
  -0.03953
   0.06679
   0.03114
  -0.07070
  -0.02226
   0.07350
   0.01303
  -0.07513
  -0.00360
   0.07558
  -0.00589
  -0.07484
   0.01529
   0.07292
  -0.02445
  -0.06985
   0.03322
   0.06568
  -0.04147
  -0.06047
   0.04907
   0.05431
  -0.05589
  -0.04729
   0.06183
   0.03953
  -0.06679
  -0.03114
   0.07070
   0.02226
  -0.07350
  -0.01303
   0.07513
   0.00360
  -0.07558
   0.00589
   0.07484
  -0.01529
  -0.07292
   0.02445
   0.06985
  -0.03322
  -0.06568
   0.04147
   0.06047
  -0.04907
  -0.05431
   0.05589
   0.04729
  -0.06183
  -0.03953
   0.06679
   0.03114
  -0.07070
  -0.02226
   0.07350
   0.01303
  -0.07513
  -0.00360
   0.07558
  -0.00589
  -0.07484
   0.01529
   0.07292
  -0.02445
  -0.06985
   0.03322
   0.06568
  -0.04147
  -0.06047
   0.04907
   0.05431
  -0.05589
  -0.04729
   0.06183
   0.03953
  -0.06679
  -0.03114
   0.07070
   0.02226
  -0.07350
  -0.01303
