  -0.05938
   0.01261
   0.04069
  -0.07293
   0.06741
  -0.02699
  -0.02740
   0.06761
  -0.07281
   0.04032
   0.01305
  -0.05966
   0.07538
  -0.05208
   0.00181
   0.04939
  -0.07502
   0.06182
  -0.01660
  -0.03721
   0.07175
  -0.06915
   0.03075
   0.02357
  -0.06569
   0.07380
  -0.04370
  -0.00902
   0.05707
  -0.07558
   0.05495
  -0.00588
  -0.04624
   0.07442
  -0.06407
   0.02055
   0.03361
  -0.07037
   0.07069
  -0.03442
  -0.01967
   0.06358
  -0.07457
   0.04696
   0.00497
  -0.05432
   0.07555
  -0.05767
   0.00993
   0.04295
  -0.07360
   0.06613
  -0.02443
  -0.02992
   0.06878
  -0.07203
   0.03799
   0.01571
  -0.06129
   0.07513
  -0.05008
  -0.00090
   0.05141
  -0.07531
   0.06021
  -0.01394
  -0.03954
   0.07256
  -0.06801
   0.02825
   0.02614
  -0.06699
   0.07316
  -0.04146
  -0.01171
   0.05882
  -0.07547
   0.05305
  -0.00317
  -0.04836
   0.07485
  -0.06259
   0.01792
   0.03602
  -0.07131
   0.06969
  -0.03198
  -0.02228
   0.06501
  -0.07408
   0.04480
   0.00767
  -0.05617
   0.07559
  -0.05587
   0.00723
   0.04516
  -0.07417
   0.06478
  -0.02185
  -0.03239
   0.06986
  -0.07116
   0.03562
   0.01836
  -0.06284
   0.07478
  -0.04801
  -0.00362
   0.05337
  -0.07550
   0.05853
  -0.01127
  -0.04183
   0.07327
  -0.06678
   0.02571
   0.02866
  -0.06820
   0.07243
  -0.03916
  -0.01438
   0.06048
  -0.07527
   0.05109
  -0.00045
  -0.05041
   0.07518
  -0.06102
   0.01528
   0.03838
  -0.07217
   0.06859
  -0.02950
  -0.02486
   0.06635
  -0.07349
   0.04258
   0.01037
  -0.05795
   0.07554
  -0.05401
   0.00452
   0.04731
  -0.07464
   0.06334
  -0.01924
  -0.03482
   0.07085
  -0.07020
   0.03321
   0.02098
  -0.06430
   0.07434
  -0.04589
  -0.00632
   0.05526
  -0.07558
   0.05678
  -0.00858
  -0.04406
   0.07389
  -0.06547
   0.02315
   0.03116
  -0.06933
   0.07161
  -0.03681
  -0.01704
   0.06207
  -0.07497
   0.04905
   0.00226
  -0.05240
   0.07541
  -0.05938
   0.01261
   0.04069
  -0.07293
   0.06741
  -0.02699
  -0.02740
   0.06761
  -0.07281
   0.04032
   0.01305
  -0.05966
   0.07538
  -0.05208
   0.00181
   0.04939
  -0.07502
   0.06182
  -0.01660
  -0.03721
   0.07175
  -0.06915
   0.03075
   0.02357
  -0.06569
   0.07380
  -0.04370
  -0.00902
   0.05707
  -0.07558
   0.05495
  -0.00588
  -0.04624
   0.07442
  -0.06407
   0.02055
   0.03361
  -0.07037
   0.07069
  -0.03442
  -0.01967
   0.06358
  -0.07457
   0.04696
   0.00497
  -0.05432
   0.07555
  -0.05767
   0.00993
   0.04295
  -0.07360
   0.06613
  -0.02443
  -0.02992
   0.06878
  -0.07203
   0.03799
   0.01571
  -0.06129
   0.07513
  -0.05008
  -0.00090
   0.05141
  -0.07531
   0.06021
  -0.01394
  -0.03954
   0.07256
  -0.06801
   0.02825
   0.02614
  -0.06699
   0.07316
  -0.04146
  -0.01171
   0.05882
  -0.07547
   0.05305
  -0.00317
  -0.04836
   0.07485
  -0.06259
   0.01792
   0.03602
  -0.07131
   0.06969
  -0.03198
  -0.02228
   0.06501
  -0.07408
   0.04480
   0.00767
  -0.05617
   0.07559
  -0.05587
   0.00723
   0.04516
  -0.07417
   0.06478
  -0.02185
  -0.03239
   0.06986
  -0.07116
   0.03562
   0.01836
  -0.06284
   0.07478
  -0.04801
  -0.00362
   0.05337
  -0.07550
   0.05853
  -0.01127
  -0.04183
   0.07327
  -0.06678
   0.02571
   0.02866
  -0.06820
   0.07243
  -0.03916
  -0.01438
   0.06048
  -0.07527
   0.05109
  -0.00045
  -0.05041
   0.07518
  -0.06102
   0.01528
   0.03838
  -0.07217
   0.06859
  -0.02950
  -0.02486
   0.06635
  -0.07349
   0.04258
   0.01037
  -0.05795
   0.07554
  -0.05401
   0.00452
   0.04731
  -0.07464
   0.06334
  -0.01924
  -0.03482
   0.07085
  -0.07020
   0.03321
   0.02098
  -0.06430
   0.07434
  -0.04589
  -0.00632
   0.05526
  -0.07558
   0.05678
  -0.00858
  -0.04406
   0.07389
  -0.06547
   0.02315
   0.03116
  -0.06933
   0.07161
  -0.03681
  -0.01704
   0.06207
  -0.07497
   0.04905
   0.00226
  -0.05240
   0.07541
