  -0.06308
  -0.06952
  -0.01352
   0.05462
   0.07370
   0.02658
  -0.04441
  -0.07552
  -0.03879
   0.03278
   0.07491
   0.04975
  -0.02009
  -0.07189
  -0.05911
   0.00675
   0.06656
   0.06658
   0.00680
  -0.05909
  -0.07190
  -0.02013
   0.04972
   0.07491
   0.03282
  -0.03875
  -0.07552
  -0.04445
   0.02654
   0.07369
   0.05465
  -0.01348
  -0.06950
  -0.06310
  -0.00002
   0.06308
   0.06952
   0.01352
  -0.05462
  -0.07370
  -0.02658
   0.04441
   0.07552
   0.03879
  -0.03278
  -0.07491
  -0.04975
   0.02009
   0.07189
   0.05911
  -0.00675
  -0.06656
  -0.06658
  -0.00680
   0.05909
   0.07190
   0.02013
  -0.04972
  -0.07491
  -0.03282
   0.03875
   0.07552
   0.04445
  -0.02654
  -0.07369
  -0.05465
   0.01348
   0.06950
   0.06310
   0.00002
  -0.06308
  -0.06952
  -0.01352
   0.05462
   0.07370
   0.02658
  -0.04441
  -0.07552
  -0.03879
   0.03278
   0.07491
   0.04975
  -0.02009
  -0.07189
  -0.05911
   0.00675
   0.06656
   0.06658
   0.00680
  -0.05909
  -0.07190
  -0.02013
   0.04972
   0.07491
   0.03282
  -0.03875
  -0.07552
  -0.04445
   0.02654
   0.07369
   0.05465
  -0.01348
  -0.06950
  -0.06310
  -0.00002
   0.06308
   0.06952
   0.01352
  -0.05462
  -0.07370
  -0.02658
   0.04441
   0.07552
   0.03879
  -0.03278
  -0.07491
  -0.04975
   0.02009
   0.07189
   0.05911
  -0.00675
  -0.06656
  -0.06658
  -0.00680
   0.05909
   0.07190
   0.02013
  -0.04972
  -0.07491
  -0.03282
   0.03875
   0.07552
   0.04445
  -0.02654
  -0.07369
  -0.05465
   0.01348
   0.06950
   0.06310
   0.00002
  -0.06308
  -0.06952
  -0.01352
   0.05462
   0.07370
   0.02658
  -0.04441
  -0.07552
  -0.03879
   0.03278
   0.07491
   0.04975
  -0.02009
  -0.07189
  -0.05911
   0.00675
   0.06656
   0.06658
   0.00680
  -0.05909
  -0.07190
  -0.02013
   0.04972
   0.07491
   0.03282
  -0.03875
  -0.07552
  -0.04445
   0.02654
   0.07369
   0.05465
  -0.01348
  -0.06950
  -0.06310
  -0.00002
   0.06308
   0.06952
   0.01352
  -0.05462
  -0.07370
  -0.02658
   0.04441
   0.07552
   0.03879
  -0.03278
  -0.07491
  -0.04975
   0.02009
   0.07189
   0.05911
  -0.00675
  -0.06656
  -0.06658
  -0.00680
   0.05909
   0.07190
   0.02013
  -0.04972
  -0.07491
  -0.03282
   0.03875
   0.07552
   0.04445
  -0.02654
  -0.07369
  -0.05465
   0.01348
   0.06950
   0.06310
   0.00002
  -0.06308
  -0.06952
  -0.01352
   0.05462
   0.07370
   0.02658
  -0.04441
  -0.07552
  -0.03879
   0.03278
   0.07491
   0.04975
  -0.02009
  -0.07189
  -0.05911
   0.00675
   0.06656
   0.06658
   0.00680
  -0.05909
  -0.07190
  -0.02013
   0.04972
   0.07491
   0.03282
  -0.03875
  -0.07552
  -0.04445
   0.02654
   0.07369
   0.05465
  -0.01348
  -0.06950
  -0.06310
  -0.00002
   0.06308
   0.06952
   0.01352
  -0.05462
  -0.07370
  -0.02658
   0.04441
   0.07552
   0.03879
  -0.03278
  -0.07491
  -0.04975
   0.02009
   0.07189
   0.05911
  -0.00675
  -0.06656
  -0.06658
  -0.00680
   0.05909
   0.07190
   0.02013
  -0.04972
  -0.07491
  -0.03282
   0.03875
   0.07552
   0.04445
  -0.02654
  -0.07369
  -0.05465
   0.01348
   0.06950
   0.06310
   0.00002
  -0.06308
  -0.06952
  -0.01352
   0.05462
   0.07370
   0.02658
  -0.04441
  -0.07552
  -0.03879
   0.03278
   0.07491
   0.04975
  -0.02009
  -0.07189
  -0.05911
   0.00675
   0.06656
   0.06658
   0.00680
  -0.05909
  -0.07190
  -0.02013
   0.04972
   0.07491
   0.03282
  -0.03875
  -0.07552
  -0.04445
   0.02654
   0.07369
   0.05465
  -0.01348
  -0.06950
  -0.06310
  -0.00002
   0.06308
   0.06952
   0.01352
  -0.05462
  -0.07370
  -0.02658
   0.04441
   0.07552
   0.03879
  -0.03278
  -0.07491
  -0.04975
   0.02009
   0.07189
   0.05911
  -0.00675
  -0.06656
  -0.06658
  -0.00680
   0.05909
   0.07190
   0.02013
  -0.04972
  -0.07491
  -0.03282
   0.03875
   0.07552
   0.04445
  -0.02654
  -0.07369
  -0.05465
   0.01348
   0.06950
   0.06310
   0.00002
