  -0.07130
   0.05704
  -0.03477
   0.00762
   0.02060
  -0.04593
   0.06480
  -0.07458
   0.07388
  -0.06281
   0.04291
  -0.01699
  -0.01132
   0.03804
  -0.05941
   0.07245
  -0.07530
   0.06758
  -0.05037
   0.02609
   0.00186
  -0.02955
   0.05309
  -0.06917
   0.07554
  -0.07130
   0.05704
  -0.03477
   0.00762
   0.02060
  -0.04593
   0.06480
  -0.07458
   0.07388
  -0.06281
   0.04291
  -0.01699
  -0.01132
   0.03804
  -0.05941
   0.07245
  -0.07530
   0.06758
  -0.05037
   0.02609
   0.00186
  -0.02955
   0.05309
  -0.06917
   0.07554
  -0.07130
   0.05704
  -0.03477
   0.00762
   0.02060
  -0.04593
   0.06480
  -0.07458
   0.07388
  -0.06281
   0.04291
  -0.01699
  -0.01132
   0.03804
  -0.05941
   0.07245
  -0.07530
   0.06758
  -0.05037
   0.02609
   0.00186
  -0.02955
   0.05309
  -0.06917
   0.07554
  -0.07130
   0.05704
  -0.03477
   0.00762
   0.02060
  -0.04593
   0.06480
  -0.07458
   0.07388
  -0.06281
   0.04291
  -0.01699
  -0.01132
   0.03804
  -0.05941
   0.07245
  -0.07530
   0.06758
  -0.05037
   0.02609
   0.00186
  -0.02955
   0.05309
  -0.06917
   0.07554
  -0.07130
   0.05704
  -0.03477
   0.00762
   0.02060
  -0.04593
   0.06480
  -0.07458
   0.07388
  -0.06281
   0.04291
  -0.01699
  -0.01132
   0.03804
  -0.05941
   0.07245
  -0.07530
   0.06758
  -0.05037
   0.02609
   0.00186
  -0.02955
   0.05309
  -0.06917
   0.07554
  -0.07130
   0.05704
  -0.03477
   0.00762
   0.02060
  -0.04593
   0.06480
  -0.07458
   0.07388
  -0.06281
   0.04291
  -0.01699
  -0.01132
   0.03804
  -0.05941
   0.07245
  -0.07530
   0.06758
  -0.05037
   0.02609
   0.00186
  -0.02955
   0.05309
  -0.06917
   0.07554
  -0.07130
   0.05704
  -0.03477
   0.00762
   0.02060
  -0.04593
   0.06480
  -0.07458
   0.07388
  -0.06281
   0.04291
  -0.01699
  -0.01132
   0.03804
  -0.05941
   0.07245
  -0.07530
   0.06758
  -0.05037
   0.02609
   0.00186
  -0.02955
   0.05309
  -0.06917
   0.07554
  -0.07130
   0.05704
  -0.03477
   0.00762
   0.02060
  -0.04593
   0.06480
  -0.07458
   0.07388
  -0.06281
   0.04291
  -0.01699
  -0.01132
   0.03804
  -0.05941
   0.07245
  -0.07530
   0.06758
  -0.05037
   0.02609
   0.00186
  -0.02955
   0.05309
  -0.06917
   0.07554
  -0.07130
   0.05704
  -0.03477
   0.00762
   0.02060
  -0.04593
   0.06480
  -0.07458
   0.07388
  -0.06281
   0.04291
  -0.01699
  -0.01132
   0.03804
  -0.05941
   0.07245
  -0.07530
   0.06758
  -0.05037
   0.02609
   0.00186
  -0.02955
   0.05309
  -0.06917
   0.07554
  -0.07130
   0.05704
  -0.03477
   0.00762
   0.02060
  -0.04593
   0.06480
  -0.07458
   0.07388
  -0.06281
   0.04291
  -0.01699
  -0.01132
   0.03804
  -0.05941
   0.07245
  -0.07530
   0.06758
  -0.05037
   0.02609
   0.00186
  -0.02955
   0.05309
  -0.06917
   0.07554
  -0.07130
   0.05704
  -0.03477
   0.00762
   0.02060
  -0.04593
   0.06480
  -0.07458
   0.07388
  -0.06281
   0.04291
  -0.01699
  -0.01132
   0.03804
  -0.05941
   0.07245
  -0.07530
   0.06758
  -0.05037
   0.02609
   0.00186
  -0.02955
   0.05309
  -0.06917
   0.07554
  -0.07130
   0.05704
  -0.03477
   0.00762
   0.02060
  -0.04593
   0.06480
  -0.07458
   0.07388
  -0.06281
   0.04291
  -0.01699
  -0.01132
   0.03804
  -0.05941
   0.07245
  -0.07530
   0.06758
  -0.05037
   0.02609
   0.00186
  -0.02955
   0.05309
  -0.06917
   0.07554
  -0.07130
   0.05704
  -0.03477
   0.00762
   0.02060
  -0.04593
   0.06480
  -0.07458
   0.07388
  -0.06281
   0.04291
  -0.01699
  -0.01132
   0.03804
  -0.05941
   0.07245
  -0.07530
   0.06758
  -0.05037
   0.02609
   0.00186
  -0.02955
   0.05309
  -0.06917
   0.07554
  -0.07130
   0.05704
  -0.03477
   0.00762
   0.02060
  -0.04593
   0.06480
  -0.07458
   0.07388
  -0.06281
   0.04291
  -0.01699
  -0.01132
   0.03804
  -0.05941
   0.07245
  -0.07530
   0.06758
  -0.05037
   0.02609
   0.00186
  -0.02955
   0.05309
  -0.06917
   0.07554
