  -0.05397
  -0.00039
   0.05342
   0.07559
   0.05301
  -0.00097
  -0.05437
  -0.07558
  -0.05203
   0.00232
   0.05530
   0.07553
   0.05104
  -0.00368
  -0.05622
  -0.07547
  -0.05003
   0.00503
   0.05712
   0.07538
   0.04900
  -0.00639
  -0.05800
  -0.07526
  -0.04796
   0.00774
   0.05886
   0.07512
   0.04691
  -0.00909
  -0.05970
  -0.07496
  -0.04583
   0.01043
   0.06052
   0.07477
   0.04475
  -0.01177
  -0.06132
  -0.07456
  -0.04365
   0.01311
   0.06211
   0.07433
   0.04253
  -0.01445
  -0.06287
  -0.07407
  -0.04140
   0.01578
   0.06361
   0.07378
   0.04026
  -0.01710
  -0.06434
  -0.07348
  -0.03911
   0.01842
   0.06504
   0.07315
   0.03794
  -0.01973
  -0.06572
  -0.07279
  -0.03676
   0.02104
   0.06638
   0.07241
   0.03557
  -0.02234
  -0.06702
  -0.07201
  -0.03436
   0.02363
   0.06764
   0.07159
   0.03315
  -0.02492
  -0.06823
  -0.07114
  -0.03193
   0.02619
   0.06880
   0.07067
   0.03069
  -0.02746
  -0.06936
  -0.07018
  -0.02945
   0.02872
   0.06988
   0.06966
   0.02819
  -0.02997
  -0.07039
  -0.06912
  -0.02693
   0.03121
   0.07087
   0.06856
   0.02565
  -0.03245
  -0.07133
  -0.06798
  -0.02437
   0.03367
   0.07177
   0.06738
   0.02309
  -0.03488
  -0.07219
  -0.06675
  -0.02179
   0.03607
   0.07258
   0.06610
   0.02049
  -0.03726
  -0.07294
  -0.06543
  -0.01918
   0.03844
   0.07329
   0.06474
   0.01786
  -0.03960
  -0.07361
  -0.06403
  -0.01654
   0.04075
   0.07391
   0.06330
   0.01521
  -0.04188
  -0.07418
  -0.06255
  -0.01388
   0.04301
   0.07443
   0.06178
   0.01255
  -0.04412
  -0.07465
  -0.06099
  -0.01121
   0.04521
   0.07486
   0.06017
   0.00986
  -0.04629
  -0.07503
  -0.05934
  -0.00852
   0.04736
   0.07519
   0.05849
   0.00717
  -0.04841
  -0.07531
  -0.05762
  -0.00581
   0.04944
   0.07542
   0.05674
   0.00446
  -0.05046
  -0.07550
  -0.05583
  -0.00310
   0.05146
   0.07555
   0.05491
   0.00175
  -0.05245
  -0.07559
  -0.05397
  -0.00039
   0.05342
   0.07559
   0.05301
  -0.00097
  -0.05437
  -0.07558
  -0.05203
   0.00232
   0.05530
   0.07553
   0.05104
  -0.00368
  -0.05622
  -0.07547
  -0.05003
   0.00503
   0.05712
   0.07538
   0.04900
  -0.00639
  -0.05800
  -0.07526
  -0.04796
   0.00774
   0.05886
   0.07512
   0.04691
  -0.00909
  -0.05970
  -0.07496
  -0.04583
   0.01043
   0.06052
   0.07477
   0.04475
  -0.01177
  -0.06132
  -0.07456
  -0.04365
   0.01311
   0.06211
   0.07433
   0.04253
  -0.01445
  -0.06287
  -0.07407
  -0.04140
   0.01578
   0.06361
   0.07378
   0.04026
  -0.01710
  -0.06434
  -0.07348
  -0.03911
   0.01842
   0.06504
   0.07315
   0.03794
  -0.01973
  -0.06572
  -0.07279
  -0.03676
   0.02104
   0.06638
   0.07241
   0.03557
  -0.02234
  -0.06702
  -0.07201
  -0.03436
   0.02363
   0.06764
   0.07159
   0.03315
  -0.02492
  -0.06823
  -0.07114
  -0.03193
   0.02619
   0.06880
   0.07067
   0.03069
  -0.02746
  -0.06936
  -0.07018
  -0.02945
   0.02872
   0.06988
   0.06966
   0.02819
  -0.02997
  -0.07039
  -0.06912
  -0.02693
   0.03121
   0.07087
   0.06856
   0.02565
  -0.03245
  -0.07133
  -0.06798
  -0.02437
   0.03367
   0.07177
   0.06738
   0.02309
  -0.03488
  -0.07219
  -0.06675
  -0.02179
   0.03607
   0.07258
   0.06610
   0.02049
  -0.03726
  -0.07294
  -0.06543
  -0.01918
   0.03844
   0.07329
   0.06474
   0.01786
  -0.03960
  -0.07361
  -0.06403
  -0.01654
   0.04075
   0.07391
   0.06330
   0.01521
  -0.04188
  -0.07418
  -0.06255
  -0.01388
   0.04301
   0.07443
   0.06178
   0.01255
  -0.04412
  -0.07465
  -0.06099
  -0.01121
   0.04521
   0.07486
   0.06017
   0.00986
  -0.04629
  -0.07503
  -0.05934
  -0.00852
   0.04736
   0.07519
   0.05849
   0.00717
  -0.04841
  -0.07531
  -0.05762
  -0.00581
   0.04944
   0.07542
   0.05674
   0.00446
  -0.05046
  -0.07550
  -0.05583
  -0.00310
   0.05146
   0.07555
   0.05491
   0.00175
  -0.05245
  -0.07559
