   0.05821
   0.01345
  -0.03765
  -0.07103
  -0.07099
  -0.03756
   0.01355
   0.05828
   0.07559
   0.05734
   0.01211
  -0.03882
  -0.07148
  -0.07051
  -0.03637
   0.01488
   0.05913
   0.07556
   0.05644
   0.01077
  -0.03997
  -0.07191
  -0.07001
  -0.03518
   0.01621
   0.05997
   0.07551
   0.05553
   0.00942
  -0.04112
  -0.07232
  -0.06949
  -0.03397
   0.01753
   0.06079
   0.07544
   0.05460
   0.00808
  -0.04225
  -0.07270
  -0.06894
  -0.03275
   0.01885
   0.06158
   0.07534
   0.05366
   0.00672
  -0.04337
  -0.07306
  -0.06838
  -0.03152
   0.02016
   0.06236
   0.07522
   0.05269
   0.00537
  -0.04447
  -0.07340
  -0.06779
  -0.03029
   0.02146
   0.06312
   0.07507
   0.05171
   0.00402
  -0.04556
  -0.07371
  -0.06718
  -0.02904
   0.02276
   0.06385
   0.07490
   0.05071
   0.00266
  -0.04664
  -0.07400
  -0.06654
  -0.02778
   0.02405
   0.06457
   0.07471
   0.04970
   0.00131
  -0.04770
  -0.07426
  -0.06589
  -0.02651
   0.02534
   0.06526
   0.07449
   0.04867
  -0.00005
  -0.04874
  -0.07450
  -0.06521
  -0.02524
   0.02661
   0.06594
   0.07424
   0.04762
  -0.00141
  -0.04977
  -0.07472
  -0.06452
  -0.02396
   0.02788
   0.06659
   0.07398
   0.04656
  -0.00276
  -0.05079
  -0.07492
  -0.06380
  -0.02266
   0.02913
   0.06722
   0.07369
   0.04548
  -0.00412
  -0.05178
  -0.07508
  -0.06306
  -0.02137
   0.03038
   0.06783
   0.07337
   0.04439
  -0.00547
  -0.05276
  -0.07523
  -0.06230
  -0.02006
   0.03162
   0.06842
   0.07303
   0.04329
  -0.00683
  -0.05373
  -0.07535
  -0.06152
  -0.01875
   0.03284
   0.06899
   0.07267
   0.04217
  -0.00818
  -0.05467
  -0.07545
  -0.06072
  -0.01743
   0.03406
   0.06953
   0.07229
   0.04103
  -0.00953
  -0.05560
  -0.07552
  -0.05991
  -0.01611
   0.03527
   0.07005
   0.07188
   0.03989
  -0.01087
  -0.05651
  -0.07557
  -0.05907
  -0.01478
   0.03646
   0.07055
   0.07145
   0.03873
  -0.01221
  -0.05740
  -0.07559
  -0.05821
  -0.01345
   0.03765
   0.07103
   0.07099
   0.03756
  -0.01355
  -0.05828
  -0.07559
  -0.05734
  -0.01211
   0.03882
   0.07148
   0.07051
   0.03637
  -0.01488
  -0.05913
  -0.07556
  -0.05644
  -0.01077
   0.03997
   0.07191
   0.07001
   0.03518
  -0.01621
  -0.05997
  -0.07551
  -0.05553
  -0.00942
   0.04112
   0.07232
   0.06949
   0.03397
  -0.01753
  -0.06079
  -0.07544
  -0.05460
  -0.00808
   0.04225
   0.07270
   0.06894
   0.03275
  -0.01885
  -0.06158
  -0.07534
  -0.05366
  -0.00672
   0.04337
   0.07306
   0.06838
   0.03152
  -0.02016
  -0.06236
  -0.07522
  -0.05269
  -0.00537
   0.04447
   0.07340
   0.06779
   0.03029
  -0.02146
  -0.06312
  -0.07507
  -0.05171
  -0.00402
   0.04556
   0.07371
   0.06718
   0.02904
  -0.02276
  -0.06385
  -0.07490
  -0.05071
  -0.00266
   0.04664
   0.07400
   0.06654
   0.02778
  -0.02405
  -0.06457
  -0.07471
  -0.04970
  -0.00131
   0.04770
   0.07426
   0.06589
   0.02651
  -0.02534
  -0.06526
  -0.07449
  -0.04867
   0.00005
   0.04874
   0.07450
   0.06521
   0.02524
  -0.02661
  -0.06594
  -0.07424
  -0.04762
   0.00141
   0.04977
   0.07472
   0.06452
   0.02396
  -0.02788
  -0.06659
  -0.07398
  -0.04656
   0.00276
   0.05079
   0.07492
   0.06380
   0.02266
  -0.02913
  -0.06722
  -0.07369
  -0.04548
   0.00412
   0.05178
   0.07508
   0.06306
   0.02137
  -0.03038
  -0.06783
  -0.07337
  -0.04439
   0.00547
   0.05276
   0.07523
   0.06230
   0.02006
  -0.03162
  -0.06842
  -0.07303
  -0.04329
   0.00683
   0.05373
   0.07535
   0.06152
   0.01875
  -0.03284
  -0.06899
  -0.07267
  -0.04217
   0.00818
   0.05467
   0.07545
   0.06072
   0.01743
  -0.03406
  -0.06953
  -0.07229
  -0.04103
   0.00953
   0.05560
   0.07552
   0.05991
   0.01611
  -0.03527
  -0.07005
  -0.07188
  -0.03989
   0.01087
   0.05651
   0.07557
   0.05907
   0.01478
  -0.03646
  -0.07055
  -0.07145
  -0.03873
   0.01221
   0.05740
   0.07559
