   0.06641
  -0.06174
  -0.01184
   0.07221
  -0.05198
  -0.02626
   0.07519
  -0.04020
  -0.03966
   0.07526
  -0.02686
  -0.05151
   0.07239
  -0.01248
  -0.06136
   0.06672
   0.00239
  -0.06883
   0.05845
   0.01717
  -0.07362
   0.04791
   0.03128
  -0.07556
   0.03551
   0.04417
  -0.07455
   0.02173
   0.05535
  -0.07065
   0.00710
   0.06437
  -0.06400
  -0.00780
   0.07090
  -0.05486
  -0.02240
   0.07466
  -0.04359
  -0.03613
   0.07553
  -0.03063
  -0.04846
   0.07346
  -0.01647
  -0.05890
   0.06854
  -0.00168
  -0.06705
   0.06095
   0.01318
  -0.07260
   0.05099
   0.02753
  -0.07532
   0.03905
   0.04080
  -0.07512
   0.02559
   0.05250
  -0.07199
   0.01114
   0.06215
  -0.06607
  -0.00375
   0.06938
  -0.05758
  -0.01849
   0.07392
  -0.04685
  -0.03251
   0.07559
  -0.03430
  -0.04526
   0.07431
  -0.02042
  -0.05626
   0.07015
  -0.00575
  -0.06507
   0.06327
   0.00915
  -0.07136
   0.05392
   0.02370
  -0.07486
   0.04248
   0.03732
  -0.07546
   0.02938
   0.04949
  -0.07313
   0.01515
   0.05974
  -0.06795
   0.00032
   0.06767
  -0.06013
  -0.01451
   0.07296
  -0.04998
  -0.02879
   0.07542
  -0.03788
  -0.04194
   0.07495
  -0.02431
  -0.05346
   0.07157
  -0.00980
  -0.06291
   0.06540
   0.00510
  -0.06991
   0.05669
   0.01980
  -0.07419
   0.04578
   0.03373
  -0.07559
   0.03309
   0.04634
  -0.07405
   0.01911
   0.05716
  -0.06964
   0.00439
   0.06575
  -0.06251
  -0.01050
   0.07179
  -0.05296
  -0.02498
   0.07504
  -0.04135
  -0.03849
   0.07537
  -0.02813
  -0.05051
   0.07277
  -0.01382
  -0.06056
   0.06735
   0.00103
  -0.06826
   0.05930
   0.01584
  -0.07331
   0.04895
   0.03004
  -0.07550
   0.03670
   0.04306
  -0.07476
   0.02302
   0.05441
  -0.07112
   0.00845
   0.06365
  -0.06471
  -0.00645
   0.07041
  -0.05579
  -0.02110
   0.07444
  -0.04469
  -0.03494
   0.07557
  -0.03186
  -0.04741
   0.07377
  -0.01780
  -0.05804
   0.06910
  -0.00304
  -0.06641
   0.06174
   0.01184
  -0.07221
   0.05198
   0.02626
  -0.07519
   0.04020
   0.03966
  -0.07526
   0.02686
   0.05151
  -0.07239
   0.01248
   0.06136
  -0.06672
  -0.00239
   0.06883
  -0.05845
  -0.01717
   0.07362
  -0.04791
  -0.03128
   0.07556
  -0.03551
  -0.04417
   0.07455
  -0.02173
  -0.05535
   0.07065
  -0.00710
  -0.06437
   0.06400
   0.00780
  -0.07090
   0.05486
   0.02240
  -0.07466
   0.04359
   0.03613
  -0.07553
   0.03063
   0.04846
  -0.07346
   0.01647
   0.05890
  -0.06854
   0.00168
   0.06705
  -0.06095
  -0.01318
   0.07260
  -0.05099
  -0.02753
   0.07532
  -0.03905
  -0.04080
   0.07512
  -0.02559
  -0.05250
   0.07199
  -0.01114
  -0.06215
   0.06607
   0.00375
  -0.06938
   0.05758
   0.01849
  -0.07392
   0.04685
   0.03251
  -0.07559
   0.03430
   0.04526
  -0.07431
   0.02042
   0.05626
  -0.07015
   0.00575
   0.06507
  -0.06327
  -0.00915
   0.07136
  -0.05392
  -0.02370
   0.07486
  -0.04248
  -0.03732
   0.07546
  -0.02938
  -0.04949
   0.07313
  -0.01515
  -0.05974
   0.06795
  -0.00032
  -0.06767
   0.06013
   0.01451
  -0.07296
   0.04998
   0.02879
  -0.07542
   0.03788
   0.04194
  -0.07495
   0.02431
   0.05346
  -0.07157
   0.00980
   0.06291
  -0.06540
  -0.00510
   0.06991
  -0.05669
  -0.01980
   0.07419
  -0.04578
  -0.03373
   0.07559
  -0.03309
  -0.04634
   0.07405
  -0.01911
  -0.05716
   0.06964
  -0.00439
  -0.06575
   0.06251
   0.01050
  -0.07179
   0.05296
   0.02498
  -0.07504
   0.04135
   0.03849
  -0.07537
   0.02813
   0.05051
  -0.07277
   0.01382
   0.06056
  -0.06735
  -0.00103
   0.06826
  -0.05930
  -0.01584
   0.07331
  -0.04895
  -0.03004
   0.07550
  -0.03670
  -0.04306
   0.07476
  -0.02302
  -0.05441
   0.07112
  -0.00845
  -0.06365
   0.06471
   0.00645
  -0.07041
   0.05579
   0.02110
  -0.07444
   0.04469
   0.03494
  -0.07557
   0.03186
   0.04741
  -0.07377
   0.01780
   0.05804
  -0.06910
   0.00304
