   0.07490
   0.07303
   0.07000
   0.06588
   0.06071
   0.05459
   0.04760
   0.03987
   0.03150
   0.02264
   0.01342
   0.00399
  -0.00550
  -0.01491
  -0.02408
  -0.03287
  -0.04114
  -0.04876
  -0.05562
  -0.06160
  -0.06660
  -0.07056
  -0.07340
  -0.07509
  -0.07559
  -0.07490
  -0.07303
  -0.07000
  -0.06588
  -0.06071
  -0.05459
  -0.04760
  -0.03987
  -0.03150
  -0.02264
  -0.01342
  -0.00399
   0.00550
   0.01491
   0.02408
   0.03287
   0.04114
   0.04876
   0.05562
   0.06160
   0.06660
   0.07056
   0.07340
   0.07509
   0.07559
   0.07490
   0.07303
   0.07000
   0.06588
   0.06071
   0.05459
   0.04760
   0.03987
   0.03150
   0.02264
   0.01342
   0.00399
  -0.00550
  -0.01491
  -0.02408
  -0.03287
  -0.04114
  -0.04876
  -0.05562
  -0.06160
  -0.06660
  -0.07056
  -0.07340
  -0.07509
  -0.07559
  -0.07490
  -0.07303
  -0.07000
  -0.06588
  -0.06071
  -0.05459
  -0.04760
  -0.03987
  -0.03150
  -0.02264
  -0.01342
  -0.00399
   0.00550
   0.01491
   0.02408
   0.03287
   0.04114
   0.04876
   0.05562
   0.06160
   0.06660
   0.07056
   0.07340
   0.07509
   0.07559
   0.07490
   0.07303
   0.07000
   0.06588
   0.06071
   0.05459
   0.04760
   0.03987
   0.03150
   0.02264
   0.01342
   0.00399
  -0.00550
  -0.01491
  -0.02408
  -0.03287
  -0.04114
  -0.04876
  -0.05562
  -0.06160
  -0.06660
  -0.07056
  -0.07340
  -0.07509
  -0.07559
  -0.07490
  -0.07303
  -0.07000
  -0.06588
  -0.06071
  -0.05459
  -0.04760
  -0.03987
  -0.03150
  -0.02264
  -0.01342
  -0.00399
   0.00550
   0.01491
   0.02408
   0.03287
   0.04114
   0.04876
   0.05562
   0.06160
   0.06660
   0.07056
   0.07340
   0.07509
   0.07559
   0.07490
   0.07303
   0.07000
   0.06588
   0.06071
   0.05459
   0.04760
   0.03987
   0.03150
   0.02264
   0.01342
   0.00399
  -0.00550
  -0.01491
  -0.02408
  -0.03287
  -0.04114
  -0.04876
  -0.05562
  -0.06160
  -0.06660
  -0.07056
  -0.07340
  -0.07509
  -0.07559
  -0.07490
  -0.07303
  -0.07000
  -0.06588
  -0.06071
  -0.05459
  -0.04760
  -0.03987
  -0.03150
  -0.02264
  -0.01342
  -0.00399
   0.00550
   0.01491
   0.02408
   0.03287
   0.04114
   0.04876
   0.05562
   0.06160
   0.06660
   0.07056
   0.07340
   0.07509
   0.07559
   0.07490
   0.07303
   0.07000
   0.06588
   0.06071
   0.05459
   0.04760
   0.03987
   0.03150
   0.02264
   0.01342
   0.00399
  -0.00550
  -0.01491
  -0.02408
  -0.03287
  -0.04114
  -0.04876
  -0.05562
  -0.06160
  -0.06660
  -0.07056
  -0.07340
  -0.07509
  -0.07559
  -0.07490
  -0.07303
  -0.07000
  -0.06588
  -0.06071
  -0.05459
  -0.04760
  -0.03987
  -0.03150
  -0.02264
  -0.01342
  -0.00399
   0.00550
   0.01491
   0.02408
   0.03287
   0.04114
   0.04876
   0.05562
   0.06160
   0.06660
   0.07056
   0.07340
   0.07509
   0.07559
   0.07490
   0.07303
   0.07000
   0.06588
   0.06071
   0.05459
   0.04760
   0.03987
   0.03150
   0.02264
   0.01342
   0.00399
  -0.00550
  -0.01491
  -0.02408
  -0.03287
  -0.04114
  -0.04876
  -0.05562
  -0.06160
  -0.06660
  -0.07056
  -0.07340
  -0.07509
  -0.07559
  -0.07490
  -0.07303
  -0.07000
  -0.06588
  -0.06071
  -0.05459
  -0.04760
  -0.03987
  -0.03150
  -0.02264
  -0.01342
  -0.00399
   0.00550
   0.01491
   0.02408
   0.03287
   0.04114
   0.04876
   0.05562
   0.06160
   0.06660
   0.07056
   0.07340
   0.07509
   0.07559
   0.07490
   0.07303
   0.07000
   0.06588
   0.06071
   0.05459
   0.04760
   0.03987
   0.03150
   0.02264
   0.01342
   0.00399
  -0.00550
  -0.01491
  -0.02408
  -0.03287
  -0.04114
  -0.04876
  -0.05562
  -0.06160
  -0.06660
  -0.07056
  -0.07340
  -0.07509
  -0.07559
  -0.07490
  -0.07303
  -0.07000
  -0.06588
  -0.06071
  -0.05459
  -0.04760
  -0.03987
  -0.03150
  -0.02264
  -0.01342
  -0.00399
   0.00550
   0.01491
   0.02408
   0.03287
   0.04114
   0.04876
   0.05562
   0.06160
   0.06660
   0.07056
   0.07340
   0.07509
   0.07559
