   0.02917
   0.05376
   0.07007
   0.07559
   0.06947
   0.05266
   0.02774
  -0.00145
  -0.03042
  -0.05470
  -0.07056
  -0.07556
  -0.06893
  -0.05168
  -0.02648
   0.00281
   0.03165
   0.05563
   0.07104
   0.07551
   0.06836
   0.05068
   0.02520
  -0.00416
  -0.03288
  -0.05654
  -0.07149
  -0.07544
  -0.06777
  -0.04967
  -0.02392
   0.00552
   0.03410
   0.05743
   0.07192
   0.07534
   0.06716
   0.04864
   0.02263
  -0.00687
  -0.03530
  -0.05830
  -0.07233
  -0.07522
  -0.06652
  -0.04759
  -0.02133
   0.00822
   0.03650
   0.05916
   0.07271
   0.07507
   0.06587
   0.04653
   0.02002
  -0.00957
  -0.03768
  -0.05999
  -0.07307
  -0.07490
  -0.06519
  -0.04545
  -0.01871
   0.01091
   0.03885
   0.06081
   0.07341
   0.07470
   0.06449
   0.04436
   0.01739
  -0.01225
  -0.04001
  -0.06161
  -0.07372
  -0.07448
  -0.06378
  -0.04325
  -0.01607
   0.01359
   0.04115
   0.06238
   0.07401
   0.07424
   0.06304
   0.04213
   0.01474
  -0.01492
  -0.04228
  -0.06314
  -0.07427
  -0.07397
  -0.06228
  -0.04100
  -0.01341
   0.01625
   0.04340
   0.06387
   0.07451
   0.07368
   0.06150
   0.03985
   0.01207
  -0.01757
  -0.04451
  -0.06459
  -0.07473
  -0.07336
  -0.06070
  -0.03869
  -0.01073
   0.01889
   0.04560
   0.06528
   0.07492
   0.07302
   0.05988
   0.03752
   0.00938
  -0.02020
  -0.04667
  -0.06596
  -0.07509
  -0.07266
  -0.05904
  -0.03634
  -0.00804
   0.02150
   0.04773
   0.06661
   0.07523
   0.07227
   0.05819
   0.03514
   0.00668
  -0.02280
  -0.04878
  -0.06724
  -0.07535
  -0.07186
  -0.05731
  -0.03393
  -0.00533
   0.02409
   0.04980
   0.06785
   0.07545
   0.07143
   0.05642
   0.03272
   0.00398
  -0.02537
  -0.05082
  -0.06844
  -0.07552
  -0.07098
  -0.05550
  -0.03149
  -0.00262
   0.02665
   0.05181
   0.06900
   0.07557
   0.07050
   0.05457
   0.03025
   0.00127
  -0.02791
  -0.05279
  -0.06955
  -0.07559
  -0.07000
  -0.05363
  -0.02900
   0.00009
   0.02917
   0.05376
   0.07007
   0.07559
   0.06947
   0.05266
   0.02774
  -0.00145
  -0.03042
  -0.05470
  -0.07056
  -0.07556
  -0.06893
  -0.05168
  -0.02648
   0.00281
   0.03165
   0.05563
   0.07104
   0.07551
   0.06836
   0.05068
   0.02520
  -0.00416
  -0.03288
  -0.05654
  -0.07149
  -0.07544
  -0.06777
  -0.04967
  -0.02392
   0.00552
   0.03410
   0.05743
   0.07192
   0.07534
   0.06716
   0.04864
   0.02263
  -0.00687
  -0.03530
  -0.05830
  -0.07233
  -0.07522
  -0.06652
  -0.04759
  -0.02133
   0.00822
   0.03650
   0.05916
   0.07271
   0.07507
   0.06587
   0.04653
   0.02002
  -0.00957
  -0.03768
  -0.05999
  -0.07307
  -0.07490
  -0.06519
  -0.04545
  -0.01871
   0.01091
   0.03885
   0.06081
   0.07341
   0.07470
   0.06449
   0.04436
   0.01739
  -0.01225
  -0.04001
  -0.06161
  -0.07372
  -0.07448
  -0.06378
  -0.04325
  -0.01607
   0.01359
   0.04115
   0.06238
   0.07401
   0.07424
   0.06304
   0.04213
   0.01474
  -0.01492
  -0.04228
  -0.06314
  -0.07427
  -0.07397
  -0.06228
  -0.04100
  -0.01341
   0.01625
   0.04340
   0.06387
   0.07451
   0.07368
   0.06150
   0.03985
   0.01207
  -0.01757
  -0.04451
  -0.06459
  -0.07473
  -0.07336
  -0.06070
  -0.03869
  -0.01073
   0.01889
   0.04560
   0.06528
   0.07492
   0.07302
   0.05988
   0.03752
   0.00938
  -0.02020
  -0.04667
  -0.06596
  -0.07509
  -0.07266
  -0.05904
  -0.03634
  -0.00804
   0.02150
   0.04773
   0.06661
   0.07523
   0.07227
   0.05819
   0.03514
   0.00668
  -0.02280
  -0.04878
  -0.06724
  -0.07535
  -0.07186
  -0.05731
  -0.03393
  -0.00533
   0.02409
   0.04980
   0.06785
   0.07545
   0.07143
   0.05642
   0.03272
   0.00398
  -0.02537
  -0.05082
  -0.06844
  -0.07552
  -0.07098
  -0.05550
  -0.03149
  -0.00262
   0.02665
   0.05181
   0.06900
   0.07557
   0.07050
   0.05457
   0.03025
   0.00127
  -0.02791
  -0.05279
  -0.06955
  -0.07559
  -0.07000
  -0.05363
  -0.02900
   0.00009
