   0.06129
   0.02358
  -0.02313
  -0.06102
  -0.07559
  -0.06129
  -0.02358
   0.02313
   0.06102
   0.07559
   0.06129
   0.02358
  -0.02313
  -0.06102
  -0.07559
  -0.06129
  -0.02358
   0.02313
   0.06102
   0.07559
   0.06129
   0.02358
  -0.02313
  -0.06102
  -0.07559
  -0.06129
  -0.02358
   0.02313
   0.06102
   0.07559
   0.06129
   0.02358
  -0.02313
  -0.06102
  -0.07559
  -0.06129
  -0.02358
   0.02313
   0.06102
   0.07559
   0.06129
   0.02358
  -0.02313
  -0.06102
  -0.07559
  -0.06129
  -0.02358
   0.02313
   0.06102
   0.07559
   0.06129
   0.02358
  -0.02313
  -0.06102
  -0.07559
  -0.06129
  -0.02358
   0.02313
   0.06102
   0.07559
   0.06129
   0.02358
  -0.02313
  -0.06102
  -0.07559
  -0.06129
  -0.02358
   0.02313
   0.06102
   0.07559
   0.06129
   0.02358
  -0.02313
  -0.06102
  -0.07559
  -0.06129
  -0.02358
   0.02313
   0.06102
   0.07559
   0.06129
   0.02358
  -0.02313
  -0.06102
  -0.07559
  -0.06129
  -0.02358
   0.02313
   0.06102
   0.07559
   0.06129
   0.02358
  -0.02313
  -0.06102
  -0.07559
  -0.06129
  -0.02358
   0.02313
   0.06102
   0.07559
   0.06129
   0.02358
  -0.02313
  -0.06102
  -0.07559
  -0.06129
  -0.02358
   0.02313
   0.06102
   0.07559
   0.06129
   0.02358
  -0.02313
  -0.06102
  -0.07559
  -0.06129
  -0.02358
   0.02313
   0.06102
   0.07559
   0.06129
   0.02358
  -0.02313
  -0.06102
  -0.07559
  -0.06129
  -0.02358
   0.02313
   0.06102
   0.07559
   0.06129
   0.02358
  -0.02313
  -0.06102
  -0.07559
  -0.06129
  -0.02358
   0.02313
   0.06102
   0.07559
   0.06129
   0.02358
  -0.02313
  -0.06102
  -0.07559
  -0.06129
  -0.02358
   0.02313
   0.06102
   0.07559
   0.06129
   0.02358
  -0.02313
  -0.06102
  -0.07559
  -0.06129
  -0.02358
   0.02313
   0.06102
   0.07559
   0.06129
   0.02358
  -0.02313
  -0.06102
  -0.07559
  -0.06129
  -0.02358
   0.02313
   0.06102
   0.07559
   0.06129
   0.02358
  -0.02313
  -0.06102
  -0.07559
  -0.06129
  -0.02358
   0.02313
   0.06102
   0.07559
   0.06129
   0.02358
  -0.02313
  -0.06102
  -0.07559
  -0.06129
  -0.02358
   0.02313
   0.06102
   0.07559
   0.06129
   0.02358
  -0.02313
  -0.06102
  -0.07559
  -0.06129
  -0.02358
   0.02313
   0.06102
   0.07559
   0.06129
   0.02358
  -0.02313
  -0.06102
  -0.07559
  -0.06129
  -0.02358
   0.02313
   0.06102
   0.07559
   0.06129
   0.02358
  -0.02313
  -0.06102
  -0.07559
  -0.06129
  -0.02358
   0.02313
   0.06102
   0.07559
   0.06129
   0.02358
  -0.02313
  -0.06102
  -0.07559
  -0.06129
  -0.02358
   0.02313
   0.06102
   0.07559
   0.06129
   0.02358
  -0.02313
  -0.06102
  -0.07559
  -0.06129
  -0.02358
   0.02313
   0.06102
   0.07559
   0.06129
   0.02358
  -0.02313
  -0.06102
  -0.07559
  -0.06129
  -0.02358
   0.02313
   0.06102
   0.07559
   0.06129
   0.02358
  -0.02313
  -0.06102
  -0.07559
  -0.06129
  -0.02358
   0.02313
   0.06102
   0.07559
   0.06129
   0.02358
  -0.02313
  -0.06102
  -0.07559
  -0.06129
  -0.02358
   0.02313
   0.06102
   0.07559
   0.06129
   0.02358
  -0.02313
  -0.06102
  -0.07559
  -0.06129
  -0.02358
   0.02313
   0.06102
   0.07559
   0.06129
   0.02358
  -0.02313
  -0.06102
  -0.07559
  -0.06129
  -0.02358
   0.02313
   0.06102
   0.07559
   0.06129
   0.02358
  -0.02313
  -0.06102
  -0.07559
  -0.06129
  -0.02358
   0.02313
   0.06102
   0.07559
   0.06129
   0.02358
  -0.02313
  -0.06102
  -0.07559
  -0.06129
  -0.02358
   0.02313
   0.06102
   0.07559
   0.06129
   0.02358
  -0.02313
  -0.06102
  -0.07559
  -0.06129
  -0.02358
   0.02313
   0.06102
   0.07559
   0.06129
   0.02358
  -0.02313
  -0.06102
  -0.07559
  -0.06129
  -0.02358
   0.02313
   0.06102
   0.07559
   0.06129
   0.02358
  -0.02313
  -0.06102
  -0.07559
  -0.06129
  -0.02358
   0.02313
   0.06102
   0.07559
   0.06129
   0.02358
  -0.02313
  -0.06102
  -0.07559
  -0.06129
  -0.02358
   0.02313
   0.06102
   0.07559
