  -0.05715
  -0.07476
  -0.04021
   0.02240
   0.06938
   0.06796
   0.01912
  -0.04305
  -0.07519
  -0.05487
   0.00374
   0.05973
   0.07406
   0.03671
  -0.02625
  -0.07089
  -0.06608
  -0.01516
   0.04634
   0.07550
   0.05199
  -0.00780
  -0.06214
  -0.07313
  -0.03310
   0.03003
   0.07220
   0.06400
   0.01115
  -0.04948
  -0.07559
  -0.04896
   0.01183
   0.06437
   0.07200
   0.02939
  -0.03372
  -0.07330
  -0.06174
  -0.00711
   0.05249
   0.07546
   0.04579
  -0.01583
  -0.06641
  -0.07065
  -0.02560
   0.03731
   0.07419
   0.05931
   0.00305
  -0.05534
  -0.07512
  -0.04248
   0.01979
   0.06826
   0.06910
   0.02173
  -0.04080
  -0.07486
  -0.05670
   0.00102
   0.05803
   0.07455
   0.03906
  -0.02369
  -0.06991
  -0.06735
  -0.01780
   0.04416
   0.07532
   0.05392
  -0.00509
  -0.06056
  -0.07377
  -0.03552
   0.02752
   0.07135
   0.06541
   0.01382
  -0.04740
  -0.07556
  -0.05100
   0.00914
   0.06290
   0.07278
   0.03187
  -0.03127
  -0.07259
  -0.06327
  -0.00980
   0.05050
   0.07557
   0.04792
  -0.01317
  -0.06507
  -0.07157
  -0.02814
   0.03493
   0.07362
   0.06095
   0.00575
  -0.05346
  -0.07537
  -0.04470
   0.01716
   0.06705
   0.07016
   0.02432
  -0.03849
  -0.07444
  -0.05846
  -0.00169
   0.05626
   0.07495
   0.04135
  -0.02110
  -0.06883
  -0.06854
  -0.02043
   0.04193
   0.07504
   0.05579
  -0.00238
  -0.05889
  -0.07432
  -0.03789
   0.02497
   0.07041
   0.06672
   0.01648
  -0.04526
  -0.07542
  -0.05297
   0.00645
   0.06136
   0.07346
   0.03431
  -0.02878
  -0.07179
  -0.06471
  -0.01249
   0.04845
   0.07559
   0.04999
  -0.01049
  -0.06365
  -0.07240
  -0.03064
   0.03250
   0.07296
   0.06252
   0.00846
  -0.05150
  -0.07553
  -0.04686
   0.01450
   0.06575
   0.07112
   0.02687
  -0.03613
  -0.07392
  -0.06014
  -0.00440
   0.05441
   0.07526
   0.04360
  -0.01848
  -0.06766
  -0.06964
  -0.02303
   0.03965
   0.07466
   0.05759
   0.00033
  -0.05715
  -0.07476
  -0.04021
   0.02240
   0.06938
   0.06796
   0.01912
  -0.04305
  -0.07519
  -0.05487
   0.00374
   0.05973
   0.07406
   0.03671
  -0.02625
  -0.07089
  -0.06608
  -0.01516
   0.04634
   0.07550
   0.05199
  -0.00780
  -0.06214
  -0.07313
  -0.03310
   0.03003
   0.07220
   0.06400
   0.01115
  -0.04948
  -0.07559
  -0.04896
   0.01183
   0.06437
   0.07200
   0.02939
  -0.03372
  -0.07330
  -0.06174
  -0.00711
   0.05249
   0.07546
   0.04579
  -0.01583
  -0.06641
  -0.07065
  -0.02560
   0.03731
   0.07419
   0.05931
   0.00305
  -0.05534
  -0.07512
  -0.04248
   0.01979
   0.06826
   0.06910
   0.02173
  -0.04080
  -0.07486
  -0.05670
   0.00102
   0.05803
   0.07455
   0.03906
  -0.02369
  -0.06991
  -0.06735
  -0.01780
   0.04416
   0.07532
   0.05392
  -0.00509
  -0.06056
  -0.07377
  -0.03552
   0.02752
   0.07135
   0.06541
   0.01382
  -0.04740
  -0.07556
  -0.05100
   0.00914
   0.06290
   0.07278
   0.03187
  -0.03127
  -0.07259
  -0.06327
  -0.00980
   0.05050
   0.07557
   0.04792
  -0.01317
  -0.06507
  -0.07157
  -0.02814
   0.03493
   0.07362
   0.06095
   0.00575
  -0.05346
  -0.07537
  -0.04470
   0.01716
   0.06705
   0.07016
   0.02432
  -0.03849
  -0.07444
  -0.05846
  -0.00169
   0.05626
   0.07495
   0.04135
  -0.02110
  -0.06883
  -0.06854
  -0.02043
   0.04193
   0.07504
   0.05579
  -0.00238
  -0.05889
  -0.07432
  -0.03789
   0.02497
   0.07041
   0.06672
   0.01648
  -0.04526
  -0.07542
  -0.05297
   0.00645
   0.06136
   0.07346
   0.03431
  -0.02878
  -0.07179
  -0.06471
  -0.01249
   0.04845
   0.07559
   0.04999
  -0.01049
  -0.06365
  -0.07240
  -0.03064
   0.03250
   0.07296
   0.06252
   0.00846
  -0.05150
  -0.07553
  -0.04686
   0.01450
   0.06575
   0.07112
   0.02687
  -0.03613
  -0.07392
  -0.06014
  -0.00440
   0.05441
   0.07526
   0.04360
  -0.01848
  -0.06766
  -0.06964
  -0.02303
   0.03965
   0.07466
   0.05759
   0.00033
