  -0.04822
  -0.07439
  -0.06555
  -0.02588
   0.02597
   0.06560
   0.07437
   0.04815
  -0.00073
  -0.04926
  -0.07462
  -0.06487
  -0.02460
   0.02724
   0.06627
   0.07411
   0.04709
  -0.00209
  -0.05028
  -0.07482
  -0.06416
  -0.02331
   0.02851
   0.06691
   0.07383
   0.04602
  -0.00344
  -0.05129
  -0.07500
  -0.06343
  -0.02202
   0.02976
   0.06753
   0.07353
   0.04494
  -0.00480
  -0.05228
  -0.07516
  -0.06268
  -0.02071
   0.03100
   0.06813
   0.07321
   0.04384
  -0.00615
  -0.05325
  -0.07529
  -0.06191
  -0.01941
   0.03223
   0.06871
   0.07286
   0.04273
  -0.00750
  -0.05420
  -0.07540
  -0.06113
  -0.01809
   0.03345
   0.06926
   0.07248
   0.04160
  -0.00885
  -0.05514
  -0.07549
  -0.06032
  -0.01677
   0.03467
   0.06979
   0.07208
   0.04046
  -0.01020
  -0.05606
  -0.07555
  -0.05949
  -0.01544
   0.03587
   0.07030
   0.07166
   0.03931
  -0.01154
  -0.05696
  -0.07558
  -0.05864
  -0.01411
   0.03706
   0.07079
   0.07122
   0.03814
  -0.01288
  -0.05784
  -0.07559
  -0.05778
  -0.01278
   0.03823
   0.07126
   0.07075
   0.03697
  -0.01422
  -0.05871
  -0.07558
  -0.05689
  -0.01144
   0.03940
   0.07170
   0.07027
   0.03578
  -0.01555
  -0.05955
  -0.07554
  -0.05599
  -0.01010
   0.04055
   0.07212
   0.06975
   0.03457
  -0.01687
  -0.06038
  -0.07548
  -0.05507
  -0.00875
   0.04169
   0.07251
   0.06922
   0.03336
  -0.01819
  -0.06119
  -0.07539
  -0.05413
  -0.00740
   0.04281
   0.07288
   0.06866
   0.03214
  -0.01951
  -0.06197
  -0.07528
  -0.05318
  -0.00605
   0.04392
   0.07323
   0.06808
   0.03091
  -0.02081
  -0.06274
  -0.07515
  -0.05220
  -0.00470
   0.04502
   0.07356
   0.06748
   0.02966
  -0.02211
  -0.06349
  -0.07499
  -0.05121
  -0.00334
   0.04610
   0.07386
   0.06686
   0.02841
  -0.02341
  -0.06421
  -0.07481
  -0.05021
  -0.00198
   0.04717
   0.07413
   0.06622
   0.02715
  -0.02469
  -0.06492
  -0.07460
  -0.04918
  -0.00063
   0.04822
   0.07439
   0.06555
   0.02588
  -0.02597
  -0.06560
  -0.07437
  -0.04815
   0.00073
   0.04926
   0.07462
   0.06487
   0.02460
  -0.02724
  -0.06627
  -0.07411
  -0.04709
   0.00209
   0.05028
   0.07482
   0.06416
   0.02331
  -0.02851
  -0.06691
  -0.07383
  -0.04602
   0.00344
   0.05129
   0.07500
   0.06343
   0.02202
  -0.02976
  -0.06753
  -0.07353
  -0.04494
   0.00480
   0.05228
   0.07516
   0.06268
   0.02071
  -0.03100
  -0.06813
  -0.07321
  -0.04384
   0.00615
   0.05325
   0.07529
   0.06191
   0.01941
  -0.03223
  -0.06871
  -0.07286
  -0.04273
   0.00750
   0.05420
   0.07540
   0.06113
   0.01809
  -0.03345
  -0.06926
  -0.07248
  -0.04160
   0.00885
   0.05514
   0.07549
   0.06032
   0.01677
  -0.03467
  -0.06979
  -0.07208
  -0.04046
   0.01020
   0.05606
   0.07555
   0.05949
   0.01544
  -0.03587
  -0.07030
  -0.07166
  -0.03931
   0.01154
   0.05696
   0.07558
   0.05864
   0.01411
  -0.03706
  -0.07079
  -0.07122
  -0.03814
   0.01288
   0.05784
   0.07559
   0.05778
   0.01278
  -0.03823
  -0.07126
  -0.07075
  -0.03697
   0.01422
   0.05871
   0.07558
   0.05689
   0.01144
  -0.03940
  -0.07170
  -0.07027
  -0.03578
   0.01555
   0.05955
   0.07554
   0.05599
   0.01010
  -0.04055
  -0.07212
  -0.06975
  -0.03457
   0.01687
   0.06038
   0.07548
   0.05507
   0.00875
  -0.04169
  -0.07251
  -0.06922
  -0.03336
   0.01819
   0.06119
   0.07539
   0.05413
   0.00740
  -0.04281
  -0.07288
  -0.06866
  -0.03214
   0.01951
   0.06197
   0.07528
   0.05318
   0.00605
  -0.04392
  -0.07323
  -0.06808
  -0.03091
   0.02081
   0.06274
   0.07515
   0.05220
   0.00470
  -0.04502
  -0.07356
  -0.06748
  -0.02966
   0.02211
   0.06349
   0.07499
   0.05121
   0.00334
  -0.04610
  -0.07386
  -0.06686
  -0.02841
   0.02341
   0.06421
   0.07481
   0.05021
   0.00198
  -0.04717
  -0.07413
  -0.06622
  -0.02715
   0.02469
   0.06492
   0.07460
   0.04918
   0.00063
