   0.02669
  -0.05985
  -0.06163
   0.02387
   0.07557
   0.02024
  -0.06375
  -0.05746
   0.03021
   0.07509
   0.01363
  -0.06714
  -0.05283
   0.03630
   0.07402
   0.00691
  -0.06998
  -0.04777
   0.04209
   0.07234
   0.00014
  -0.07226
  -0.04232
   0.04755
   0.07008
  -0.00664
  -0.07396
  -0.03654
   0.05263
   0.06726
  -0.01336
  -0.07506
  -0.03046
   0.05728
   0.06390
  -0.01998
  -0.07556
  -0.02414
   0.06147
   0.06002
  -0.02643
  -0.07545
  -0.01762
   0.06517
   0.05566
  -0.03267
  -0.07474
  -0.01096
   0.06834
   0.05085
  -0.03865
  -0.07342
  -0.00421
   0.07096
   0.04563
  -0.04432
  -0.07151
   0.00257
   0.07301
   0.04005
  -0.04963
  -0.06902
   0.00934
   0.07447
   0.03414
  -0.05454
  -0.06598
   0.01602
   0.07534
   0.02796
  -0.05901
  -0.06241
   0.02258
   0.07559
   0.02155
  -0.06301
  -0.05833
   0.02896
   0.07524
   0.01497
  -0.06650
  -0.05379
   0.03510
   0.07428
   0.00826
  -0.06946
  -0.04881
   0.04096
   0.07272
   0.00150
  -0.07185
  -0.04344
   0.04649
   0.07058
  -0.00529
  -0.07367
  -0.03772
   0.05165
   0.06787
  -0.01202
  -0.07489
  -0.03170
   0.05639
   0.06461
  -0.01866
  -0.07551
  -0.02542
   0.06067
   0.06084
  -0.02516
  -0.07552
  -0.01893
   0.06447
   0.05657
  -0.03144
  -0.07493
  -0.01230
   0.06775
   0.05185
  -0.03748
  -0.07373
  -0.00556
   0.07048
   0.04671
  -0.04321
  -0.07194
   0.00122
   0.07265
   0.04119
  -0.04860
  -0.06956
   0.00799
   0.07423
   0.03534
  -0.05359
  -0.06663
   0.01469
   0.07521
   0.02921
  -0.05816
  -0.06316
   0.02128
   0.07559
   0.02285
  -0.06225
  -0.05919
   0.02770
   0.07536
   0.01629
  -0.06584
  -0.05473
   0.03389
   0.07452
   0.00961
  -0.06891
  -0.04984
   0.03981
   0.07308
   0.00285
  -0.07142
  -0.04454
   0.04541
   0.07106
  -0.00393
  -0.07335
  -0.03889
   0.05065
   0.06846
  -0.01068
  -0.07469
  -0.03292
   0.05547
   0.06531
  -0.01735
  -0.07543
  -0.02669
   0.05985
   0.06163
  -0.02387
  -0.07557
  -0.02024
   0.06375
   0.05746
  -0.03021
  -0.07509
  -0.01363
   0.06714
   0.05283
  -0.03630
  -0.07402
  -0.00691
   0.06998
   0.04777
  -0.04209
  -0.07234
  -0.00014
   0.07226
   0.04232
  -0.04755
  -0.07008
   0.00664
   0.07396
   0.03654
  -0.05263
  -0.06726
   0.01336
   0.07506
   0.03046
  -0.05728
  -0.06390
   0.01998
   0.07556
   0.02414
  -0.06147
  -0.06002
   0.02643
   0.07545
   0.01762
  -0.06517
  -0.05566
   0.03267
   0.07474
   0.01096
  -0.06834
  -0.05085
   0.03865
   0.07342
   0.00421
  -0.07096
  -0.04563
   0.04432
   0.07151
  -0.00257
  -0.07301
  -0.04005
   0.04963
   0.06902
  -0.00934
  -0.07447
  -0.03414
   0.05454
   0.06598
  -0.01602
  -0.07534
  -0.02796
   0.05901
   0.06241
  -0.02258
  -0.07559
  -0.02155
   0.06301
   0.05833
  -0.02896
  -0.07524
  -0.01497
   0.06650
   0.05379
  -0.03510
  -0.07428
  -0.00826
   0.06946
   0.04881
  -0.04096
  -0.07272
  -0.00150
   0.07185
   0.04344
  -0.04649
  -0.07058
   0.00529
   0.07367
   0.03772
  -0.05165
  -0.06787
   0.01202
   0.07489
   0.03170
  -0.05639
  -0.06461
   0.01866
   0.07551
   0.02542
  -0.06067
  -0.06084
   0.02516
   0.07552
   0.01893
  -0.06447
  -0.05657
   0.03144
   0.07493
   0.01230
  -0.06775
  -0.05185
   0.03748
   0.07373
   0.00556
  -0.07048
  -0.04671
   0.04321
   0.07194
  -0.00122
  -0.07265
  -0.04119
   0.04860
   0.06956
  -0.00799
  -0.07423
  -0.03534
   0.05359
   0.06663
  -0.01469
  -0.07521
  -0.02921
   0.05816
   0.06316
  -0.02128
  -0.07559
  -0.02285
   0.06225
   0.05919
  -0.02770
  -0.07536
  -0.01629
   0.06584
   0.05473
  -0.03389
  -0.07452
  -0.00961
   0.06891
   0.04984
  -0.03981
  -0.07308
  -0.00285
   0.07142
   0.04454
  -0.04541
  -0.07106
   0.00393
   0.07335
   0.03889
  -0.05065
  -0.06846
   0.01068
   0.07469
   0.03292
  -0.05547
  -0.06531
   0.01735
   0.07543
