  -0.01361
   0.02022
  -0.02667
   0.03290
  -0.03887
   0.04452
  -0.04982
   0.05471
  -0.05917
   0.06315
  -0.06662
   0.06955
  -0.07193
   0.07372
  -0.07492
   0.07552
  -0.07551
   0.07489
  -0.07367
   0.07186
  -0.06947
   0.06651
  -0.06303
   0.05903
  -0.05456
   0.04965
  -0.04434
   0.03868
  -0.03270
   0.02646
  -0.02000
   0.01339
  -0.00667
  -0.00011
   0.00689
  -0.01361
   0.02022
  -0.02667
   0.03290
  -0.03887
   0.04452
  -0.04982
   0.05471
  -0.05917
   0.06315
  -0.06662
   0.06955
  -0.07193
   0.07372
  -0.07492
   0.07552
  -0.07551
   0.07489
  -0.07367
   0.07186
  -0.06947
   0.06651
  -0.06303
   0.05903
  -0.05456
   0.04965
  -0.04434
   0.03868
  -0.03270
   0.02646
  -0.02000
   0.01339
  -0.00667
  -0.00011
   0.00689
  -0.01361
   0.02022
  -0.02667
   0.03290
  -0.03887
   0.04452
  -0.04982
   0.05471
  -0.05917
   0.06315
  -0.06662
   0.06955
  -0.07193
   0.07372
  -0.07492
   0.07552
  -0.07551
   0.07489
  -0.07367
   0.07186
  -0.06947
   0.06651
  -0.06303
   0.05903
  -0.05456
   0.04965
  -0.04434
   0.03868
  -0.03270
   0.02646
  -0.02000
   0.01339
  -0.00667
  -0.00011
   0.00689
  -0.01361
   0.02022
  -0.02667
   0.03290
  -0.03887
   0.04452
  -0.04982
   0.05471
  -0.05917
   0.06315
  -0.06662
   0.06955
  -0.07193
   0.07372
  -0.07492
   0.07552
  -0.07551
   0.07489
  -0.07367
   0.07186
  -0.06947
   0.06651
  -0.06303
   0.05903
  -0.05456
   0.04965
  -0.04434
   0.03868
  -0.03270
   0.02646
  -0.02000
   0.01339
  -0.00667
  -0.00011
   0.00689
  -0.01361
   0.02022
  -0.02667
   0.03290
  -0.03887
   0.04452
  -0.04982
   0.05471
  -0.05917
   0.06315
  -0.06662
   0.06955
  -0.07193
   0.07372
  -0.07492
   0.07552
  -0.07551
   0.07489
  -0.07367
   0.07186
  -0.06947
   0.06651
  -0.06303
   0.05903
  -0.05456
   0.04965
  -0.04434
   0.03868
  -0.03270
   0.02646
  -0.02000
   0.01339
  -0.00667
  -0.00011
   0.00689
  -0.01361
   0.02022
  -0.02667
   0.03290
  -0.03887
   0.04452
  -0.04982
   0.05471
  -0.05917
   0.06315
  -0.06662
   0.06955
  -0.07193
   0.07372
  -0.07492
   0.07552
  -0.07551
   0.07489
  -0.07367
   0.07186
  -0.06947
   0.06651
  -0.06303
   0.05903
  -0.05456
   0.04965
  -0.04434
   0.03868
  -0.03270
   0.02646
  -0.02000
   0.01339
  -0.00667
  -0.00011
   0.00689
  -0.01361
   0.02022
  -0.02667
   0.03290
  -0.03887
   0.04452
  -0.04982
   0.05471
  -0.05917
   0.06315
  -0.06662
   0.06955
  -0.07193
   0.07372
  -0.07492
   0.07552
  -0.07551
   0.07489
  -0.07367
   0.07186
  -0.06947
   0.06651
  -0.06303
   0.05903
  -0.05456
   0.04965
  -0.04434
   0.03868
  -0.03270
   0.02646
  -0.02000
   0.01339
  -0.00667
  -0.00011
   0.00689
  -0.01361
   0.02022
  -0.02667
   0.03290
  -0.03887
   0.04452
  -0.04982
   0.05471
  -0.05917
   0.06315
  -0.06662
   0.06955
  -0.07193
   0.07372
  -0.07492
   0.07552
  -0.07551
   0.07489
  -0.07367
   0.07186
  -0.06947
   0.06651
  -0.06303
   0.05903
  -0.05456
   0.04965
  -0.04434
   0.03868
  -0.03270
   0.02646
  -0.02000
   0.01339
  -0.00667
  -0.00011
   0.00689
  -0.01361
   0.02022
  -0.02667
   0.03290
  -0.03887
   0.04452
  -0.04982
   0.05471
  -0.05917
   0.06315
  -0.06662
   0.06955
  -0.07193
   0.07372
  -0.07492
   0.07552
  -0.07551
   0.07489
  -0.07367
   0.07186
  -0.06947
   0.06651
  -0.06303
   0.05903
  -0.05456
   0.04965
  -0.04434
   0.03868
  -0.03270
   0.02646
  -0.02000
   0.01339
  -0.00667
  -0.00011
   0.00689
  -0.01361
   0.02022
  -0.02667
   0.03290
  -0.03887
   0.04452
  -0.04982
   0.05471
  -0.05917
   0.06315
  -0.06662
   0.06955
  -0.07193
   0.07372
  -0.07492
   0.07552
  -0.07551
   0.07489
  -0.07367
   0.07186
  -0.06947
   0.06651
  -0.06303
   0.05903
  -0.05456
   0.04965
  -0.04434
   0.03868
  -0.03270
   0.02646
  -0.02000
   0.01339
  -0.00667
  -0.00011
   0.00689
