   0.01537
  -0.07253
  -0.02708
   0.06816
   0.03808
  -0.06202
  -0.04809
   0.05425
   0.05684
  -0.04508
  -0.06412
   0.03473
   0.06973
  -0.02348
  -0.07351
   0.01161
   0.07539
   0.00055
  -0.07530
  -0.01271
   0.07325
   0.02453
  -0.06929
  -0.03571
   0.06353
   0.04596
  -0.05611
  -0.05502
   0.04723
   0.06264
  -0.03712
  -0.06863
   0.02604
   0.07284
  -0.01429
  -0.07514
   0.00216
   0.07549
   0.01002
  -0.07387
  -0.02195
   0.07033
   0.03330
  -0.06496
  -0.04378
   0.05789
   0.05312
  -0.04932
  -0.06108
   0.03946
   0.06745
  -0.02857
  -0.07206
   0.01694
   0.07480
  -0.00487
  -0.07558
  -0.00733
   0.07440
   0.01933
  -0.07128
  -0.03084
   0.06630
   0.04154
  -0.05960
  -0.05116
   0.05134
   0.05944
  -0.04175
  -0.06618
   0.03107
   0.07120
  -0.01958
  -0.07436
   0.00758
   0.07558
   0.00462
  -0.07483
  -0.01670
   0.07214
   0.02834
  -0.06756
  -0.03925
   0.06123
   0.04913
  -0.05330
  -0.05773
   0.04398
   0.06483
  -0.03352
  -0.07024
   0.02218
   0.07382
  -0.01027
  -0.07548
  -0.00191
   0.07517
   0.01404
  -0.07290
  -0.02581
   0.06874
   0.03690
  -0.06278
  -0.04703
   0.05519
   0.05594
  -0.04616
  -0.06339
   0.03593
   0.06919
  -0.02476
  -0.07319
   0.01295
   0.07528
  -0.00080
  -0.07541
  -0.01137
   0.07357
   0.02324
  -0.06982
  -0.03451
   0.06425
   0.04488
  -0.05701
  -0.05408
   0.04828
   0.06187
  -0.03830
  -0.06805
   0.02731
   0.07246
  -0.01562
  -0.07498
   0.00352
   0.07555
   0.00868
  -0.07415
  -0.02064
   0.07082
   0.03207
  -0.06564
  -0.04267
   0.05875
   0.05215
  -0.05034
  -0.06027
   0.04061
   0.06683
  -0.02983
  -0.07164
   0.01826
   0.07459
  -0.00622
  -0.07559
  -0.00598
   0.07463
   0.01802
  -0.07172
  -0.02959
   0.06694
   0.04040
  -0.06042
  -0.05015
   0.05233
   0.05860
  -0.04287
  -0.06552
   0.03230
   0.07073
  -0.02088
  -0.07410
   0.00893
   0.07554
   0.00327
  -0.07501
  -0.01537
   0.07253
   0.02708
  -0.06816
  -0.03808
   0.06202
   0.04809
  -0.05425
  -0.05684
   0.04508
   0.06412
  -0.03473
  -0.06973
   0.02348
   0.07351
  -0.01161
  -0.07539
  -0.00055
   0.07530
   0.01271
  -0.07325
  -0.02453
   0.06929
   0.03571
  -0.06353
  -0.04596
   0.05611
   0.05502
  -0.04723
  -0.06264
   0.03712
   0.06863
  -0.02604
  -0.07284
   0.01429
   0.07514
  -0.00216
  -0.07549
  -0.01002
   0.07387
   0.02195
  -0.07033
  -0.03330
   0.06496
   0.04378
  -0.05789
  -0.05312
   0.04932
   0.06108
  -0.03946
  -0.06745
   0.02857
   0.07206
  -0.01694
  -0.07480
   0.00487
   0.07558
   0.00733
  -0.07440
  -0.01933
   0.07128
   0.03084
  -0.06630
  -0.04154
   0.05960
   0.05116
  -0.05134
  -0.05944
   0.04175
   0.06618
  -0.03107
  -0.07120
   0.01958
   0.07436
  -0.00758
  -0.07558
  -0.00462
   0.07483
   0.01670
  -0.07214
  -0.02834
   0.06756
   0.03925
  -0.06123
  -0.04913
   0.05330
   0.05773
  -0.04398
  -0.06483
   0.03352
   0.07024
  -0.02218
  -0.07382
   0.01027
   0.07548
   0.00191
  -0.07517
  -0.01404
   0.07290
   0.02581
  -0.06874
  -0.03690
   0.06278
   0.04703
  -0.05519
  -0.05594
   0.04616
   0.06339
  -0.03593
  -0.06919
   0.02476
   0.07319
  -0.01295
  -0.07528
   0.00080
   0.07541
   0.01137
  -0.07357
  -0.02324
   0.06982
   0.03451
  -0.06425
  -0.04488
   0.05701
   0.05408
  -0.04828
  -0.06187
   0.03830
   0.06805
  -0.02731
  -0.07246
   0.01562
   0.07498
  -0.00352
  -0.07555
  -0.00868
   0.07415
   0.02064
  -0.07082
  -0.03207
   0.06564
   0.04267
  -0.05875
  -0.05215
   0.05034
   0.06027
  -0.04061
  -0.06683
   0.02983
   0.07164
  -0.01826
  -0.07459
   0.00622
   0.07559
   0.00598
  -0.07463
  -0.01802
   0.07172
   0.02959
  -0.06694
  -0.04040
   0.06042
   0.05015
  -0.05233
  -0.05860
   0.04287
   0.06552
  -0.03230
  -0.07073
   0.02088
   0.07410
  -0.00893
  -0.07554
  -0.00327
   0.07501
