  -0.07072
  -0.04617
   0.04377
   0.07172
  -0.00190
  -0.07283
  -0.04062
   0.04912
   0.06930
  -0.00866
  -0.07435
  -0.03474
   0.05407
   0.06631
  -0.01536
  -0.07528
  -0.02859
   0.05859
   0.06279
  -0.02193
  -0.07559
  -0.02220
   0.06263
   0.05876
  -0.02833
  -0.07530
  -0.01563
   0.06618
   0.05426
  -0.03450
  -0.07440
  -0.00894
   0.06918
   0.04933
  -0.04039
  -0.07291
  -0.00217
   0.07164
   0.04399
  -0.04595
  -0.07082
   0.00461
   0.07351
   0.03831
  -0.05115
  -0.06817
   0.01135
   0.07479
   0.03231
  -0.05593
  -0.06496
   0.01801
   0.07548
   0.02606
  -0.06026
  -0.06124
   0.02452
   0.07555
   0.01959
  -0.06411
  -0.05702
   0.03083
   0.07501
   0.01297
  -0.06744
  -0.05234
   0.03689
   0.07388
   0.00624
  -0.07023
  -0.04724
   0.04266
   0.07214
  -0.00054
  -0.07246
  -0.04176
   0.04808
   0.06983
  -0.00731
  -0.07410
  -0.03594
   0.05311
   0.06695
  -0.01403
  -0.07514
  -0.02984
   0.05772
   0.06353
  -0.02063
  -0.07558
  -0.02349
   0.06186
   0.05961
  -0.02707
  -0.07541
  -0.01696
   0.06551
   0.05520
  -0.03328
  -0.07463
  -0.01028
   0.06863
   0.05035
  -0.03923
  -0.07325
  -0.00353
   0.07119
   0.04509
  -0.04487
  -0.07128
   0.00325
   0.07318
   0.03947
  -0.05014
  -0.06874
   0.01001
   0.07459
   0.03353
  -0.05501
  -0.06565
   0.01669
   0.07539
   0.02733
  -0.05944
  -0.06202
   0.02323
   0.07558
   0.02090
  -0.06338
  -0.05790
   0.02958
   0.07517
   0.01430
  -0.06682
  -0.05331
   0.03570
   0.07415
   0.00759
  -0.06972
  -0.04829
   0.04153
   0.07254
   0.00082
  -0.07206
  -0.04288
   0.04702
   0.07034
  -0.00596
  -0.07382
  -0.03713
   0.05214
   0.06757
  -0.01269
  -0.07498
  -0.03108
   0.05684
   0.06426
  -0.01932
  -0.07554
  -0.02478
   0.06107
   0.06043
  -0.02579
  -0.07549
  -0.01828
   0.06482
   0.05612
  -0.03206
  -0.07483
  -0.01163
   0.06805
   0.05135
  -0.03807
  -0.07358
  -0.00489
   0.07072
   0.04617
  -0.04377
  -0.07172
   0.00190
   0.07283
   0.04062
  -0.04912
  -0.06930
   0.00866
   0.07435
   0.03474
  -0.05407
  -0.06631
   0.01536
   0.07528
   0.02859
  -0.05859
  -0.06279
   0.02193
   0.07559
   0.02220
  -0.06263
  -0.05876
   0.02833
   0.07530
   0.01563
  -0.06618
  -0.05426
   0.03450
   0.07440
   0.00894
  -0.06918
  -0.04933
   0.04039
   0.07291
   0.00217
  -0.07164
  -0.04399
   0.04595
   0.07082
  -0.00461
  -0.07351
  -0.03831
   0.05115
   0.06817
  -0.01135
  -0.07479
  -0.03231
   0.05593
   0.06496
  -0.01801
  -0.07548
  -0.02606
   0.06026
   0.06124
  -0.02452
  -0.07555
  -0.01959
   0.06411
   0.05702
  -0.03083
  -0.07501
  -0.01297
   0.06744
   0.05234
  -0.03689
  -0.07388
  -0.00624
   0.07023
   0.04724
  -0.04266
  -0.07214
   0.00054
   0.07246
   0.04176
  -0.04808
  -0.06983
   0.00731
   0.07410
   0.03594
  -0.05311
  -0.06695
   0.01403
   0.07514
   0.02984
  -0.05772
  -0.06353
   0.02063
   0.07558
   0.02349
  -0.06186
  -0.05961
   0.02707
   0.07541
   0.01696
  -0.06551
  -0.05520
   0.03328
   0.07463
   0.01028
  -0.06863
  -0.05035
   0.03923
   0.07325
   0.00353
  -0.07119
  -0.04509
   0.04487
   0.07128
  -0.00325
  -0.07318
  -0.03947
   0.05014
   0.06874
  -0.01001
  -0.07459
  -0.03353
   0.05501
   0.06565
  -0.01669
  -0.07539
  -0.02733
   0.05944
   0.06202
  -0.02323
  -0.07558
  -0.02090
   0.06338
   0.05790
  -0.02958
  -0.07517
  -0.01430
   0.06682
   0.05331
  -0.03570
  -0.07415
  -0.00759
   0.06972
   0.04829
  -0.04153
  -0.07254
  -0.00082
   0.07206
   0.04288
  -0.04702
  -0.07034
   0.00596
   0.07382
   0.03713
  -0.05214
  -0.06757
   0.01269
   0.07498
   0.03108
  -0.05684
  -0.06426
   0.01932
   0.07554
   0.02478
  -0.06107
  -0.06043
   0.02579
   0.07549
   0.01828
  -0.06482
  -0.05612
   0.03206
   0.07483
   0.01163
  -0.06805
  -0.05135
   0.03807
   0.07358
   0.00489
