  -0.06802
   0.05010
  -0.02447
  -0.00494
   0.03358
  -0.05705
   0.07174
  -0.07538
   0.06742
  -0.04908
   0.02318
   0.00629
  -0.03479
   0.05793
  -0.07216
   0.07527
  -0.06680
   0.04804
  -0.02188
  -0.00764
   0.03599
  -0.05880
   0.07255
  -0.07513
   0.06615
  -0.04698
   0.02058
   0.00899
  -0.03718
   0.05964
  -0.07292
   0.07497
  -0.06548
   0.04591
  -0.01927
  -0.01034
   0.03835
  -0.06046
   0.07327
  -0.07479
   0.06479
  -0.04483
   0.01796
   0.01168
  -0.03951
   0.06127
  -0.07359
   0.07458
  -0.06409
   0.04373
  -0.01664
  -0.01302
   0.04067
  -0.06205
   0.07389
  -0.07434
   0.06336
  -0.04261
   0.01531
   0.01435
  -0.04180
   0.06282
  -0.07416
   0.07409
  -0.06261
   0.04149
  -0.01398
  -0.01568
   0.04293
  -0.06356
   0.07441
  -0.07380
   0.06183
  -0.04034
   0.01264
   0.01701
  -0.04404
   0.06429
  -0.07464
   0.07350
  -0.06104
   0.03919
  -0.01130
  -0.01833
   0.04513
  -0.06499
   0.07484
  -0.07317
   0.06023
  -0.03802
   0.00996
   0.01964
  -0.04621
   0.06567
  -0.07502
   0.07282
  -0.05940
   0.03684
  -0.00861
  -0.02095
   0.04728
  -0.06633
   0.07518
  -0.07244
   0.05856
  -0.03565
   0.00726
   0.02225
  -0.04833
   0.06697
  -0.07531
   0.07204
  -0.05769
   0.03445
  -0.00591
  -0.02354
   0.04937
  -0.06759
   0.07541
  -0.07162
   0.05680
  -0.03324
   0.00456
   0.02483
  -0.05039
   0.06819
  -0.07549
   0.07117
  -0.05590
   0.03201
  -0.00320
  -0.02610
   0.05139
  -0.06876
   0.07555
  -0.07071
   0.05497
  -0.03078
   0.00185
   0.02737
  -0.05238
   0.06932
  -0.07558
   0.07021
  -0.05403
   0.02954
  -0.00049
  -0.02863
   0.05335
  -0.06985
   0.07559
  -0.06970
   0.05308
  -0.02828
  -0.00087
   0.02988
  -0.05430
   0.07035
  -0.07558
   0.06916
  -0.05210
   0.02702
   0.00223
  -0.03113
   0.05523
  -0.07084
   0.07554
  -0.06861
   0.05111
  -0.02575
  -0.00358
   0.03236
  -0.05615
   0.07130
  -0.07547
   0.06802
  -0.05010
   0.02447
   0.00494
  -0.03358
   0.05705
  -0.07174
   0.07538
  -0.06742
   0.04908
  -0.02318
  -0.00629
   0.03479
  -0.05793
   0.07216
  -0.07527
   0.06680
  -0.04804
   0.02188
   0.00764
  -0.03599
   0.05880
  -0.07255
   0.07513
  -0.06615
   0.04698
  -0.02058
  -0.00899
   0.03718
  -0.05964
   0.07292
  -0.07497
   0.06548
  -0.04591
   0.01927
   0.01034
  -0.03835
   0.06046
  -0.07327
   0.07479
  -0.06479
   0.04483
  -0.01796
  -0.01168
   0.03951
  -0.06127
   0.07359
  -0.07458
   0.06409
  -0.04373
   0.01664
   0.01302
  -0.04067
   0.06205
  -0.07389
   0.07434
  -0.06336
   0.04261
  -0.01531
  -0.01435
   0.04180
  -0.06282
   0.07416
  -0.07409
   0.06261
  -0.04149
   0.01398
   0.01568
  -0.04293
   0.06356
  -0.07441
   0.07380
  -0.06183
   0.04034
  -0.01264
  -0.01701
   0.04404
  -0.06429
   0.07464
  -0.07350
   0.06104
  -0.03919
   0.01130
   0.01833
  -0.04513
   0.06499
  -0.07484
   0.07317
  -0.06023
   0.03802
  -0.00996
  -0.01964
   0.04621
  -0.06567
   0.07502
  -0.07282
   0.05940
  -0.03684
   0.00861
   0.02095
  -0.04728
   0.06633
  -0.07518
   0.07244
  -0.05856
   0.03565
  -0.00726
  -0.02225
   0.04833
  -0.06697
   0.07531
  -0.07204
   0.05769
  -0.03445
   0.00591
   0.02354
  -0.04937
   0.06759
  -0.07541
   0.07162
  -0.05680
   0.03324
  -0.00456
  -0.02483
   0.05039
  -0.06819
   0.07549
  -0.07117
   0.05590
  -0.03201
   0.00320
   0.02610
  -0.05139
   0.06876
  -0.07555
   0.07071
  -0.05497
   0.03078
  -0.00185
  -0.02737
   0.05238
  -0.06932
   0.07558
  -0.07021
   0.05403
  -0.02954
   0.00049
   0.02863
  -0.05335
   0.06985
  -0.07559
   0.06970
  -0.05308
   0.02828
   0.00087
  -0.02988
   0.05430
  -0.07035
   0.07558
  -0.06916
   0.05210
  -0.02702
  -0.00223
   0.03113
  -0.05523
   0.07084
  -0.07554
   0.06861
  -0.05111
   0.02575
   0.00358
  -0.03236
   0.05615
  -0.07130
   0.07547
