  -0.05461
  -0.07535
  -0.04556
   0.01478
   0.06521
   0.07191
   0.03038
  -0.03153
  -0.07229
  -0.06457
  -0.01354
   0.04656
   0.07544
   0.05372
  -0.00402
  -0.05907
  -0.07450
  -0.03997
   0.02137
   0.06838
   0.06953
   0.02405
  -0.03756
  -0.07398
  -0.06078
  -0.00682
   0.05171
   0.07557
   0.04874
  -0.01077
  -0.06306
  -0.07306
  -0.03406
   0.02778
   0.07099
   0.06659
   0.01753
  -0.04329
  -0.07507
  -0.05651
  -0.00005
   0.05645
   0.07508
   0.04337
  -0.01744
  -0.06654
  -0.07102
  -0.02787
   0.03397
   0.07303
   0.06311
   0.01087
  -0.04867
  -0.07556
  -0.05178
   0.00673
   0.06073
   0.07400
   0.03764
  -0.02396
  -0.06949
  -0.06842
  -0.02146
   0.03989
   0.07449
   0.05913
   0.00412
  -0.05366
  -0.07545
  -0.04664
   0.01345
   0.06452
   0.07231
   0.03161
  -0.03029
  -0.07188
  -0.06526
  -0.01488
   0.04549
   0.07534
   0.05467
  -0.00267
  -0.05822
  -0.07472
  -0.04112
   0.02006
   0.06779
   0.07005
   0.02533
  -0.03638
  -0.07369
  -0.06158
  -0.00817
   0.05071
   0.07559
   0.04977
  -0.00943
  -0.06230
  -0.07340
  -0.03526
   0.02652
   0.07051
   0.06722
   0.01885
  -0.04217
  -0.07490
  -0.05740
  -0.00140
   0.05554
   0.07523
   0.04447
  -0.01611
  -0.06589
  -0.07148
  -0.02913
   0.03276
   0.07267
   0.06385
   0.01221
  -0.04762
  -0.07551
  -0.05276
   0.00538
   0.05991
   0.07426
   0.03881
  -0.02267
  -0.06895
  -0.06898
  -0.02276
   0.03873
   0.07425
   0.05997
   0.00547
  -0.05269
  -0.07552
  -0.04770
   0.01211
   0.06380
   0.07270
   0.03284
  -0.02904
  -0.07145
  -0.06594
  -0.01621
   0.04439
   0.07522
   0.05560
  -0.00131
  -0.05734
  -0.07492
  -0.04225
   0.01875
   0.06718
   0.07055
   0.02661
  -0.03518
  -0.07337
  -0.06236
  -0.00952
   0.04970
   0.07559
   0.05078
  -0.00808
  -0.06152
  -0.07371
  -0.03646
   0.02524
   0.07001
   0.06783
   0.02016
  -0.04104
  -0.07471
  -0.05828
  -0.00276
   0.05461
   0.07535
   0.04556
  -0.01478
  -0.06521
  -0.07191
  -0.03038
   0.03153
   0.07229
   0.06457
   0.01354
  -0.04656
  -0.07544
  -0.05372
   0.00402
   0.05907
   0.07450
   0.03997
  -0.02137
  -0.06838
  -0.06953
  -0.02405
   0.03756
   0.07398
   0.06078
   0.00682
  -0.05171
  -0.07557
  -0.04874
   0.01077
   0.06306
   0.07306
   0.03406
  -0.02778
  -0.07099
  -0.06659
  -0.01753
   0.04329
   0.07507
   0.05651
   0.00005
  -0.05645
  -0.07508
  -0.04337
   0.01744
   0.06654
   0.07102
   0.02787
  -0.03397
  -0.07303
  -0.06311
  -0.01087
   0.04867
   0.07556
   0.05178
  -0.00673
  -0.06073
  -0.07400
  -0.03764
   0.02396
   0.06949
   0.06842
   0.02146
  -0.03989
  -0.07449
  -0.05913
  -0.00412
   0.05366
   0.07545
   0.04664
  -0.01345
  -0.06452
  -0.07231
  -0.03161
   0.03029
   0.07188
   0.06526
   0.01488
  -0.04549
  -0.07534
  -0.05467
   0.00267
   0.05822
   0.07472
   0.04112
  -0.02006
  -0.06779
  -0.07005
  -0.02533
   0.03638
   0.07369
   0.06158
   0.00817
  -0.05071
  -0.07559
  -0.04977
   0.00943
   0.06230
   0.07340
   0.03526
  -0.02652
  -0.07051
  -0.06722
  -0.01885
   0.04217
   0.07490
   0.05740
   0.00140
  -0.05554
  -0.07523
  -0.04447
   0.01611
   0.06589
   0.07148
   0.02913
  -0.03276
  -0.07267
  -0.06385
  -0.01221
   0.04762
   0.07551
   0.05276
  -0.00538
  -0.05991
  -0.07426
  -0.03881
   0.02267
   0.06895
   0.06898
   0.02276
  -0.03873
  -0.07425
  -0.05997
  -0.00547
   0.05269
   0.07552
   0.04770
  -0.01211
  -0.06380
  -0.07270
  -0.03284
   0.02904
   0.07145
   0.06594
   0.01621
  -0.04439
  -0.07522
  -0.05560
   0.00131
   0.05734
   0.07492
   0.04225
  -0.01875
  -0.06718
  -0.07055
  -0.02661
   0.03518
   0.07337
   0.06236
   0.00952
  -0.04970
  -0.07559
  -0.05078
   0.00808
   0.06152
   0.07371
   0.03646
  -0.02524
  -0.07001
  -0.06783
  -0.02016
   0.04104
   0.07471
   0.05828
   0.00276
