   0.04379
   0.03228
  -0.07541
   0.04155
   0.03472
  -0.07555
   0.03926
   0.03710
  -0.07559
   0.03692
   0.03944
  -0.07554
   0.03452
   0.04173
  -0.07539
   0.03209
   0.04397
  -0.07514
   0.02961
   0.04615
  -0.07480
   0.02710
   0.04827
  -0.07436
   0.02454
   0.05032
  -0.07382
   0.02196
   0.05232
  -0.07319
   0.01935
   0.05424
  -0.07247
   0.01672
   0.05610
  -0.07165
   0.01406
   0.05788
  -0.07073
   0.01138
   0.05959
  -0.06973
   0.00869
   0.06122
  -0.06864
   0.00599
   0.06277
  -0.06746
   0.00328
   0.06424
  -0.06619
   0.00057
   0.06563
  -0.06484
  -0.00214
   0.06694
  -0.06340
  -0.00485
   0.06815
  -0.06188
  -0.00756
   0.06928
  -0.06028
  -0.01025
   0.07032
  -0.05861
  -0.01294
   0.07127
  -0.05686
  -0.01560
   0.07213
  -0.05503
  -0.01825
   0.07290
  -0.05314
  -0.02087
   0.07357
  -0.05117
  -0.02346
   0.07414
  -0.04914
  -0.02603
   0.07463
  -0.04705
  -0.02856
   0.07501
  -0.04489
  -0.03105
   0.07530
  -0.04268
  -0.03351
   0.07549
  -0.04041
  -0.03592
   0.07558
  -0.03809
  -0.03828
   0.07558
  -0.03573
  -0.04060
   0.07548
  -0.03331
  -0.04286
   0.07528
  -0.03085
  -0.04507
   0.07498
  -0.02836
  -0.04722
   0.07459
  -0.02582
  -0.04930
   0.07410
  -0.02326
  -0.05133
   0.07352
  -0.02066
  -0.05329
   0.07284
  -0.01804
  -0.05518
   0.07207
  -0.01539
  -0.05700
   0.07120
  -0.01272
  -0.05874
   0.07024
  -0.01004
  -0.06041
   0.06920
  -0.00734
  -0.06201
   0.06806
  -0.00464
  -0.06352
   0.06684
  -0.00193
  -0.06495
   0.06552
   0.00079
  -0.06629
   0.06413
   0.00350
  -0.06756
   0.06265
   0.00621
  -0.06873
   0.06109
   0.00891
  -0.06982
   0.05946
   0.01160
  -0.07081
   0.05774
   0.01427
  -0.07171
   0.05595
   0.01693
  -0.07253
   0.05409
   0.01956
  -0.07324
   0.05216
   0.02217
  -0.07387
   0.05016
   0.02475
  -0.07440
   0.04810
   0.02730
  -0.07483
   0.04598
   0.02981
  -0.07517
   0.04379
   0.03228
  -0.07541
   0.04155
   0.03472
  -0.07555
   0.03926
   0.03710
  -0.07559
   0.03692
   0.03944
  -0.07554
   0.03452
   0.04173
  -0.07539
   0.03209
   0.04397
  -0.07514
   0.02961
   0.04615
  -0.07480
   0.02710
   0.04827
  -0.07436
   0.02454
   0.05032
  -0.07382
   0.02196
   0.05232
  -0.07319
   0.01935
   0.05424
  -0.07247
   0.01672
   0.05610
  -0.07165
   0.01406
   0.05788
  -0.07073
   0.01138
   0.05959
  -0.06973
   0.00869
   0.06122
  -0.06864
   0.00599
   0.06277
  -0.06746
   0.00328
   0.06424
  -0.06619
   0.00057
   0.06563
  -0.06484
  -0.00214
   0.06694
  -0.06340
  -0.00485
   0.06815
  -0.06188
  -0.00756
   0.06928
  -0.06028
  -0.01025
   0.07032
  -0.05861
  -0.01294
   0.07127
  -0.05686
  -0.01560
   0.07213
  -0.05503
  -0.01825
   0.07290
  -0.05314
  -0.02087
   0.07357
  -0.05117
  -0.02346
   0.07414
  -0.04914
  -0.02603
   0.07463
  -0.04705
  -0.02856
   0.07501
  -0.04489
  -0.03105
   0.07530
  -0.04268
  -0.03351
   0.07549
  -0.04041
  -0.03592
   0.07558
  -0.03809
  -0.03828
   0.07558
  -0.03573
  -0.04060
   0.07548
  -0.03331
  -0.04286
   0.07528
  -0.03085
  -0.04507
   0.07498
  -0.02836
  -0.04722
   0.07459
  -0.02582
  -0.04930
   0.07410
  -0.02326
  -0.05133
   0.07352
  -0.02066
  -0.05329
   0.07284
  -0.01804
  -0.05518
   0.07207
  -0.01539
  -0.05700
   0.07120
  -0.01272
  -0.05874
   0.07024
  -0.01004
  -0.06041
   0.06920
  -0.00734
  -0.06201
   0.06806
  -0.00464
  -0.06352
   0.06684
  -0.00193
  -0.06495
   0.06552
   0.00079
  -0.06629
   0.06413
   0.00350
  -0.06756
   0.06265
   0.00621
  -0.06873
   0.06109
   0.00891
  -0.06982
   0.05946
   0.01160
  -0.07081
   0.05774
   0.01427
  -0.07171
   0.05595
   0.01693
  -0.07253
   0.05409
   0.01956
  -0.07324
   0.05216
   0.02217
  -0.07387
   0.05016
   0.02475
  -0.07440
   0.04810
   0.02730
  -0.07483
   0.04598
   0.02981
  -0.07517
