   0.04229
   0.02519
  -0.07227
   0.06081
  -0.00010
  -0.06070
   0.07233
  -0.02538
  -0.04213
   0.07551
  -0.04774
  -0.01870
   0.06999
  -0.06459
   0.00687
   0.05641
  -0.07401
   0.03166
   0.03633
  -0.07490
   0.05280
   0.01206
  -0.06715
   0.06785
  -0.01359
  -0.05168
   0.07509
  -0.03769
  -0.03024
   0.07368
  -0.05744
  -0.00533
   0.06377
  -0.07057
   0.02021
   0.04652
  -0.07557
   0.04341
   0.02391
  -0.07186
   0.06161
  -0.00146
  -0.05988
   0.07271
  -0.02665
  -0.04099
   0.07544
  -0.04878
  -0.01739
   0.06947
  -0.06529
   0.00822
   0.05550
  -0.07427
   0.03289
   0.03513
  -0.07470
   0.05376
   0.01072
  -0.06652
   0.06844
  -0.01493
  -0.05068
   0.07523
  -0.03886
  -0.02899
   0.07336
  -0.05831
  -0.00397
   0.06303
  -0.07104
   0.02151
   0.04544
  -0.07559
   0.04451
   0.02262
  -0.07143
   0.06239
  -0.00281
  -0.05904
   0.07307
  -0.02792
  -0.03985
   0.07534
  -0.04981
  -0.01606
   0.06892
  -0.06596
   0.00957
   0.05457
  -0.07451
   0.03410
   0.03393
  -0.07448
   0.05471
   0.00938
  -0.06586
   0.06901
  -0.01626
  -0.04966
   0.07535
  -0.04001
  -0.02774
   0.07302
  -0.05916
  -0.00262
   0.06227
  -0.07149
   0.02281
   0.04435
  -0.07559
   0.04560
   0.02132
  -0.07097
   0.06314
  -0.00417
  -0.05818
   0.07341
  -0.02918
  -0.03869
   0.07521
  -0.05082
  -0.01473
   0.06836
  -0.06661
   0.01092
   0.05362
  -0.07473
   0.03531
   0.03271
  -0.07424
   0.05563
   0.00803
  -0.06519
   0.06955
  -0.01758
  -0.04863
   0.07545
  -0.04116
  -0.02647
   0.07266
  -0.06000
  -0.00126
   0.06150
  -0.07192
   0.02410
   0.04325
  -0.07556
   0.04668
   0.02002
  -0.07050
   0.06388
  -0.00552
  -0.05731
   0.07372
  -0.03042
  -0.03751
   0.07507
  -0.05182
  -0.01340
   0.06777
  -0.06724
   0.01226
   0.05266
  -0.07492
   0.03650
   0.03148
  -0.07397
   0.05654
   0.00668
  -0.06449
   0.07007
  -0.01889
  -0.04758
   0.07552
  -0.04229
  -0.02519
   0.07227
  -0.06081
   0.00010
   0.06070
  -0.07233
   0.02538
   0.04213
  -0.07551
   0.04774
   0.01870
  -0.06999
   0.06459
  -0.00687
  -0.05641
   0.07401
  -0.03166
  -0.03633
   0.07490
  -0.05280
  -0.01206
   0.06715
  -0.06785
   0.01359
   0.05168
  -0.07509
   0.03769
   0.03024
  -0.07368
   0.05744
   0.00533
  -0.06377
   0.07057
  -0.02021
  -0.04652
   0.07557
  -0.04341
  -0.02391
   0.07186
  -0.06161
   0.00146
   0.05988
  -0.07271
   0.02665
   0.04099
  -0.07544
   0.04878
   0.01739
  -0.06947
   0.06529
  -0.00822
  -0.05550
   0.07427
  -0.03289
  -0.03513
   0.07470
  -0.05376
  -0.01072
   0.06652
  -0.06844
   0.01493
   0.05068
  -0.07523
   0.03886
   0.02899
  -0.07336
   0.05831
   0.00397
  -0.06303
   0.07104
  -0.02151
  -0.04544
   0.07559
  -0.04451
  -0.02262
   0.07143
  -0.06239
   0.00281
   0.05904
  -0.07307
   0.02792
   0.03985
  -0.07534
   0.04981
   0.01606
  -0.06892
   0.06596
  -0.00957
  -0.05457
   0.07451
  -0.03410
  -0.03393
   0.07448
  -0.05471
  -0.00938
   0.06586
  -0.06901
   0.01626
   0.04966
  -0.07535
   0.04001
   0.02774
  -0.07302
   0.05916
   0.00262
  -0.06227
   0.07149
  -0.02281
  -0.04435
   0.07559
  -0.04560
  -0.02132
   0.07097
  -0.06314
   0.00417
   0.05818
  -0.07341
   0.02918
   0.03869
  -0.07521
   0.05082
   0.01473
  -0.06836
   0.06661
  -0.01092
  -0.05362
   0.07473
  -0.03531
  -0.03271
   0.07424
  -0.05563
  -0.00803
   0.06519
  -0.06955
   0.01758
   0.04863
  -0.07545
   0.04116
   0.02647
  -0.07266
   0.06000
   0.00126
  -0.06150
   0.07192
  -0.02410
  -0.04325
   0.07556
  -0.04668
  -0.02002
   0.07050
  -0.06388
   0.00552
   0.05731
  -0.07372
   0.03042
   0.03751
  -0.07507
   0.05182
   0.01340
  -0.06777
   0.06724
  -0.01226
  -0.05266
   0.07492
  -0.03650
  -0.03148
   0.07397
  -0.05654
  -0.00668
   0.06449
  -0.07007
   0.01889
   0.04758
  -0.07552
