  -0.05399
  -0.00093
   0.05527
  -0.07547
   0.04903
   0.00770
  -0.05967
   0.07478
  -0.04368
  -0.01441
   0.06359
  -0.07349
   0.03797
   0.02100
  -0.06700
   0.07160
  -0.03196
  -0.02743
   0.06987
  -0.06914
   0.02569
   0.03363
  -0.07217
   0.06612
  -0.01922
  -0.03956
   0.07390
  -0.06257
   0.01259
   0.04518
  -0.07503
   0.05852
  -0.00585
  -0.05043
   0.07555
  -0.05399
  -0.00093
   0.05527
  -0.07547
   0.04903
   0.00770
  -0.05967
   0.07478
  -0.04368
  -0.01441
   0.06359
  -0.07349
   0.03797
   0.02100
  -0.06700
   0.07160
  -0.03196
  -0.02743
   0.06987
  -0.06914
   0.02569
   0.03363
  -0.07217
   0.06612
  -0.01922
  -0.03956
   0.07390
  -0.06257
   0.01259
   0.04518
  -0.07503
   0.05852
  -0.00585
  -0.05043
   0.07555
  -0.05399
  -0.00093
   0.05527
  -0.07547
   0.04903
   0.00770
  -0.05967
   0.07478
  -0.04368
  -0.01441
   0.06359
  -0.07349
   0.03797
   0.02100
  -0.06700
   0.07160
  -0.03196
  -0.02743
   0.06987
  -0.06914
   0.02569
   0.03363
  -0.07217
   0.06612
  -0.01922
  -0.03956
   0.07390
  -0.06257
   0.01259
   0.04518
  -0.07503
   0.05852
  -0.00585
  -0.05043
   0.07555
  -0.05399
  -0.00093
   0.05527
  -0.07547
   0.04903
   0.00770
  -0.05967
   0.07478
  -0.04368
  -0.01441
   0.06359
  -0.07349
   0.03797
   0.02100
  -0.06700
   0.07160
  -0.03196
  -0.02743
   0.06987
  -0.06914
   0.02569
   0.03363
  -0.07217
   0.06612
  -0.01922
  -0.03956
   0.07390
  -0.06257
   0.01259
   0.04518
  -0.07503
   0.05852
  -0.00585
  -0.05043
   0.07555
  -0.05399
  -0.00093
   0.05527
  -0.07547
   0.04903
   0.00770
  -0.05967
   0.07478
  -0.04368
  -0.01441
   0.06359
  -0.07349
   0.03797
   0.02100
  -0.06700
   0.07160
  -0.03196
  -0.02743
   0.06987
  -0.06914
   0.02569
   0.03363
  -0.07217
   0.06612
  -0.01922
  -0.03956
   0.07390
  -0.06257
   0.01259
   0.04518
  -0.07503
   0.05852
  -0.00585
  -0.05043
   0.07555
  -0.05399
  -0.00093
   0.05527
  -0.07547
   0.04903
   0.00770
  -0.05967
   0.07478
  -0.04368
  -0.01441
   0.06359
  -0.07349
   0.03797
   0.02100
  -0.06700
   0.07160
  -0.03196
  -0.02743
   0.06987
  -0.06914
   0.02569
   0.03363
  -0.07217
   0.06612
  -0.01922
  -0.03956
   0.07390
  -0.06257
   0.01259
   0.04518
  -0.07503
   0.05852
  -0.00585
  -0.05043
   0.07555
  -0.05399
  -0.00093
   0.05527
  -0.07547
   0.04903
   0.00770
  -0.05967
   0.07478
  -0.04368
  -0.01441
   0.06359
  -0.07349
   0.03797
   0.02100
  -0.06700
   0.07160
  -0.03196
  -0.02743
   0.06987
  -0.06914
   0.02569
   0.03363
  -0.07217
   0.06612
  -0.01922
  -0.03956
   0.07390
  -0.06257
   0.01259
   0.04518
  -0.07503
   0.05852
  -0.00585
  -0.05043
   0.07555
  -0.05399
  -0.00093
   0.05527
  -0.07547
   0.04903
   0.00770
  -0.05967
   0.07478
  -0.04368
  -0.01441
   0.06359
  -0.07349
   0.03797
   0.02100
  -0.06700
   0.07160
  -0.03196
  -0.02743
   0.06987
  -0.06914
   0.02569
   0.03363
  -0.07217
   0.06612
  -0.01922
  -0.03956
   0.07390
  -0.06257
   0.01259
   0.04518
  -0.07503
   0.05852
  -0.00585
  -0.05043
   0.07555
  -0.05399
  -0.00093
   0.05527
  -0.07547
   0.04903
   0.00770
  -0.05967
   0.07478
  -0.04368
  -0.01441
   0.06359
  -0.07349
   0.03797
   0.02100
  -0.06700
   0.07160
  -0.03196
  -0.02743
   0.06987
  -0.06914
   0.02569
   0.03363
  -0.07217
   0.06612
  -0.01922
  -0.03956
   0.07390
  -0.06257
   0.01259
   0.04518
  -0.07503
   0.05852
  -0.00585
  -0.05043
   0.07555
  -0.05399
  -0.00093
   0.05527
  -0.07547
   0.04903
   0.00770
  -0.05967
   0.07478
  -0.04368
  -0.01441
   0.06359
  -0.07349
   0.03797
   0.02100
  -0.06700
   0.07160
  -0.03196
  -0.02743
   0.06987
  -0.06914
   0.02569
   0.03363
  -0.07217
   0.06612
  -0.01922
  -0.03956
   0.07390
  -0.06257
   0.01259
   0.04518
  -0.07503
   0.05852
  -0.00585
  -0.05043
   0.07555
