  -0.05251
   0.00301
   0.05668
   0.07532
   0.04743
  -0.00977
  -0.06093
  -0.07444
  -0.04196
   0.01645
   0.06470
   0.07297
   0.03615
  -0.02300
  -0.06794
  -0.07090
  -0.03006
   0.02936
   0.07064
   0.06827
   0.02372
  -0.03549
  -0.07277
  -0.06509
  -0.01719
   0.04133
   0.07431
   0.06138
   0.01052
  -0.04684
  -0.07525
  -0.05717
  -0.00377
   0.05197
   0.07559
   0.05251
  -0.00301
  -0.05668
  -0.07532
  -0.04743
   0.00977
   0.06093
   0.07444
   0.04196
  -0.01645
  -0.06470
  -0.07297
  -0.03615
   0.02300
   0.06794
   0.07090
   0.03006
  -0.02936
  -0.07064
  -0.06827
  -0.02372
   0.03549
   0.07277
   0.06509
   0.01719
  -0.04133
  -0.07431
  -0.06138
  -0.01052
   0.04684
   0.07525
   0.05717
   0.00377
  -0.05197
  -0.07559
  -0.05251
   0.00301
   0.05668
   0.07532
   0.04743
  -0.00977
  -0.06093
  -0.07444
  -0.04196
   0.01645
   0.06470
   0.07297
   0.03615
  -0.02300
  -0.06794
  -0.07090
  -0.03006
   0.02936
   0.07064
   0.06827
   0.02372
  -0.03549
  -0.07277
  -0.06509
  -0.01719
   0.04133
   0.07431
   0.06138
   0.01052
  -0.04684
  -0.07525
  -0.05717
  -0.00377
   0.05197
   0.07559
   0.05251
  -0.00301
  -0.05668
  -0.07532
  -0.04743
   0.00977
   0.06093
   0.07444
   0.04196
  -0.01645
  -0.06470
  -0.07297
  -0.03615
   0.02300
   0.06794
   0.07090
   0.03006
  -0.02936
  -0.07064
  -0.06827
  -0.02372
   0.03549
   0.07277
   0.06509
   0.01719
  -0.04133
  -0.07431
  -0.06138
  -0.01052
   0.04684
   0.07525
   0.05717
   0.00377
  -0.05197
  -0.07559
  -0.05251
   0.00301
   0.05668
   0.07532
   0.04743
  -0.00977
  -0.06093
  -0.07444
  -0.04196
   0.01645
   0.06470
   0.07297
   0.03615
  -0.02300
  -0.06794
  -0.07090
  -0.03006
   0.02936
   0.07064
   0.06827
   0.02372
  -0.03549
  -0.07277
  -0.06509
  -0.01719
   0.04133
   0.07431
   0.06138
   0.01052
  -0.04684
  -0.07525
  -0.05717
  -0.00377
   0.05197
   0.07559
   0.05251
  -0.00301
  -0.05668
  -0.07532
  -0.04743
   0.00977
   0.06093
   0.07444
   0.04196
  -0.01645
  -0.06470
  -0.07297
  -0.03615
   0.02300
   0.06794
   0.07090
   0.03006
  -0.02936
  -0.07064
  -0.06827
  -0.02372
   0.03549
   0.07277
   0.06509
   0.01719
  -0.04133
  -0.07431
  -0.06138
  -0.01052
   0.04684
   0.07525
   0.05717
   0.00377
  -0.05197
  -0.07559
  -0.05251
   0.00301
   0.05668
   0.07532
   0.04743
  -0.00977
  -0.06093
  -0.07444
  -0.04196
   0.01645
   0.06470
   0.07297
   0.03615
  -0.02300
  -0.06794
  -0.07090
  -0.03006
   0.02936
   0.07064
   0.06827
   0.02372
  -0.03549
  -0.07277
  -0.06509
  -0.01719
   0.04133
   0.07431
   0.06138
   0.01052
  -0.04684
  -0.07525
  -0.05717
  -0.00377
   0.05197
   0.07559
   0.05251
  -0.00301
  -0.05668
  -0.07532
  -0.04743
   0.00977
   0.06093
   0.07444
   0.04196
  -0.01645
  -0.06470
  -0.07297
  -0.03615
   0.02300
   0.06794
   0.07090
   0.03006
  -0.02936
  -0.07064
  -0.06827
  -0.02372
   0.03549
   0.07277
   0.06509
   0.01719
  -0.04133
  -0.07431
  -0.06138
  -0.01052
   0.04684
   0.07525
   0.05717
   0.00377
  -0.05197
  -0.07559
  -0.05251
   0.00301
   0.05668
   0.07532
   0.04743
  -0.00977
  -0.06093
  -0.07444
  -0.04196
   0.01645
   0.06470
   0.07297
   0.03615
  -0.02300
  -0.06794
  -0.07090
  -0.03006
   0.02936
   0.07064
   0.06827
   0.02372
  -0.03549
  -0.07277
  -0.06509
  -0.01719
   0.04133
   0.07431
   0.06138
   0.01052
  -0.04684
  -0.07525
  -0.05717
  -0.00377
   0.05197
   0.07559
   0.05251
  -0.00301
  -0.05668
  -0.07532
  -0.04743
   0.00977
   0.06093
   0.07444
   0.04196
  -0.01645
  -0.06470
  -0.07297
  -0.03615
   0.02300
   0.06794
   0.07090
   0.03006
  -0.02936
  -0.07064
  -0.06827
  -0.02372
   0.03549
   0.07277
   0.06509
   0.01719
  -0.04133
  -0.07431
  -0.06138
  -0.01052
   0.04684
   0.07525
   0.05717
   0.00377
  -0.05197
  -0.07559
