   0.07548
   0.07516
   0.07461
   0.07385
   0.07287
   0.07169
   0.07029
   0.06869
   0.06689
   0.06490
   0.06272
   0.06036
   0.05782
   0.05512
   0.05225
   0.04924
   0.04608
   0.04278
   0.03937
   0.03584
   0.03220
   0.02847
   0.02466
   0.02078
   0.01684
   0.01285
   0.00882
   0.00476
   0.00070
  -0.00337
  -0.00743
  -0.01147
  -0.01548
  -0.01944
  -0.02334
  -0.02718
  -0.03094
  -0.03460
  -0.03817
  -0.04163
  -0.04497
  -0.04817
  -0.05124
  -0.05415
  -0.05692
  -0.05951
  -0.06193
  -0.06418
  -0.06623
  -0.06810
  -0.06977
  -0.07123
  -0.07249
  -0.07354
  -0.07437
  -0.07499
  -0.07540
  -0.07558
  -0.07554
  -0.07529
  -0.07482
  -0.07413
  -0.07322
  -0.07211
  -0.07078
  -0.06925
  -0.06752
  -0.06559
  -0.06347
  -0.06117
  -0.05869
  -0.05604
  -0.05322
  -0.05026
  -0.04715
  -0.04390
  -0.04052
  -0.03703
  -0.03342
  -0.02973
  -0.02594
  -0.02208
  -0.01816
  -0.01418
  -0.01016
  -0.00612
  -0.00205
   0.00202
   0.00608
   0.01013
   0.01415
   0.01812
   0.02205
   0.02591
   0.02969
   0.03339
   0.03699
   0.04049
   0.04387
   0.04712
   0.05023
   0.05320
   0.05601
   0.05866
   0.06115
   0.06345
   0.06557
   0.06750
   0.06923
   0.07077
   0.07209
   0.07321
   0.07412
   0.07481
   0.07529
   0.07554
   0.07558
   0.07540
   0.07500
   0.07438
   0.07355
   0.07250
   0.07124
   0.06978
   0.06811
   0.06625
   0.06420
   0.06195
   0.05953
   0.05694
   0.05418
   0.05126
   0.04820
   0.04499
   0.04166
   0.03820
   0.03464
   0.03097
   0.02721
   0.02338
   0.01947
   0.01551
   0.01151
   0.00747
   0.00341
  -0.00066
  -0.00473
  -0.00878
  -0.01281
  -0.01680
  -0.02075
  -0.02463
  -0.02844
  -0.03217
  -0.03581
  -0.03934
  -0.04275
  -0.04605
  -0.04921
  -0.05223
  -0.05509
  -0.05780
  -0.06034
  -0.06270
  -0.06488
  -0.06688
  -0.06868
  -0.07028
  -0.07167
  -0.07286
  -0.07384
  -0.07461
  -0.07515
  -0.07548
  -0.07559
  -0.07548
  -0.07516
  -0.07461
  -0.07385
  -0.07287
  -0.07169
  -0.07029
  -0.06869
  -0.06689
  -0.06490
  -0.06272
  -0.06036
  -0.05782
  -0.05512
  -0.05225
  -0.04924
  -0.04608
  -0.04278
  -0.03937
  -0.03584
  -0.03220
  -0.02847
  -0.02466
  -0.02078
  -0.01684
  -0.01285
  -0.00882
  -0.00476
  -0.00070
   0.00337
   0.00743
   0.01147
   0.01548
   0.01944
   0.02334
   0.02718
   0.03094
   0.03460
   0.03817
   0.04163
   0.04497
   0.04817
   0.05124
   0.05415
   0.05692
   0.05951
   0.06193
   0.06418
   0.06623
   0.06810
   0.06977
   0.07123
   0.07249
   0.07354
   0.07437
   0.07499
   0.07540
   0.07558
   0.07554
   0.07529
   0.07482
   0.07413
   0.07322
   0.07211
   0.07078
   0.06925
   0.06752
   0.06559
   0.06347
   0.06117
   0.05869
   0.05604
   0.05322
   0.05026
   0.04715
   0.04390
   0.04052
   0.03703
   0.03342
   0.02973
   0.02594
   0.02208
   0.01816
   0.01418
   0.01016
   0.00612
   0.00205
  -0.00202
  -0.00608
  -0.01013
  -0.01415
  -0.01812
  -0.02205
  -0.02591
  -0.02969
  -0.03339
  -0.03699
  -0.04049
  -0.04387
  -0.04712
  -0.05023
  -0.05320
  -0.05601
  -0.05866
  -0.06115
  -0.06345
  -0.06557
  -0.06750
  -0.06923
  -0.07077
  -0.07209
  -0.07321
  -0.07412
  -0.07481
  -0.07529
  -0.07554
  -0.07558
  -0.07540
  -0.07500
  -0.07438
  -0.07355
  -0.07250
  -0.07124
  -0.06978
  -0.06811
  -0.06625
  -0.06420
  -0.06195
  -0.05953
  -0.05694
  -0.05418
  -0.05126
  -0.04820
  -0.04499
  -0.04166
  -0.03820
  -0.03464
  -0.03097
  -0.02721
  -0.02338
  -0.01947
  -0.01551
  -0.01151
  -0.00747
  -0.00341
   0.00066
   0.00473
   0.00878
   0.01281
   0.01680
   0.02075
   0.02463
   0.02844
   0.03217
   0.03581
   0.03934
   0.04275
   0.04605
   0.04921
   0.05223
   0.05509
   0.05780
   0.06034
   0.06270
   0.06488
   0.06688
   0.06868
   0.07028
   0.07167
   0.07286
   0.07384
   0.07461
   0.07515
   0.07548
   0.07559
