   0.03329
  -0.05214
   0.06618
  -0.07410
   0.07517
  -0.06929
   0.05701
  -0.03947
   0.01827
   0.00461
  -0.02707
   0.04703
  -0.06264
   0.07246
  -0.07558
   0.07172
  -0.06123
   0.04509
  -0.02477
   0.00217
   0.02064
  -0.04153
   0.05859
  -0.07024
   0.07539
  -0.07357
   0.06496
  -0.05034
   0.03107
  -0.00893
  -0.01403
   0.03570
  -0.05407
   0.06745
  -0.07459
   0.07483
  -0.06816
   0.05520
  -0.03713
   0.01562
   0.00732
  -0.02959
   0.04912
  -0.06412
   0.07318
  -0.07549
   0.07082
  -0.05960
   0.04288
  -0.02219
  -0.00055
   0.02323
  -0.04377
   0.06027
  -0.07119
   0.07554
  -0.07290
   0.06353
  -0.04829
   0.02858
  -0.00623
  -0.01669
   0.03807
  -0.05594
   0.06863
  -0.07498
   0.07440
  -0.06695
   0.05331
  -0.03474
   0.01296
   0.01002
  -0.03207
   0.05115
  -0.06551
   0.07382
  -0.07530
   0.06982
  -0.05790
   0.04062
  -0.01958
  -0.00326
   0.02580
  -0.04596
   0.06187
  -0.07206
   0.07559
  -0.07214
   0.06202
  -0.04617
   0.02605
  -0.00352
  -0.01933
   0.04039
  -0.05773
   0.06972
  -0.07528
   0.07387
  -0.06564
   0.05135
  -0.03231
   0.01028
   0.01270
  -0.03450
   0.05312
  -0.06682
   0.07435
  -0.07501
   0.06874
  -0.05611
   0.03830
  -0.01695
  -0.00597
   0.02833
  -0.04808
   0.06339
  -0.07283
   0.07555
  -0.07128
   0.06043
  -0.04399
   0.02349
  -0.00081
  -0.02194
   0.04266
  -0.05944
   0.07073
  -0.07548
   0.07325
  -0.06426
   0.04932
  -0.02983
   0.00758
   0.01537
  -0.03689
   0.05501
  -0.06805
   0.07480
  -0.07463
   0.06757
  -0.05426
   0.03594
  -0.01429
  -0.00867
   0.03083
  -0.05015
   0.06482
  -0.07351
   0.07541
  -0.07033
   0.05876
  -0.04175
   0.02089
   0.00190
  -0.02452
   0.04487
  -0.06108
   0.07164
  -0.07558
   0.07253
  -0.06279
   0.04723
  -0.02732
   0.00488
   0.01801
  -0.03924
   0.05684
  -0.06919
   0.07514
  -0.07415
   0.06631
  -0.05234
   0.03353
  -0.01162
  -0.01136
   0.03329
  -0.05214
   0.06618
  -0.07410
   0.07517
  -0.06929
   0.05701
  -0.03947
   0.01827
   0.00461
  -0.02707
   0.04703
  -0.06264
   0.07246
  -0.07558
   0.07172
  -0.06123
   0.04509
  -0.02477
   0.00217
   0.02064
  -0.04153
   0.05859
  -0.07024
   0.07539
  -0.07357
   0.06496
  -0.05034
   0.03107
  -0.00893
  -0.01403
   0.03570
  -0.05407
   0.06745
  -0.07459
   0.07483
  -0.06816
   0.05520
  -0.03713
   0.01562
   0.00732
  -0.02959
   0.04912
  -0.06412
   0.07318
  -0.07549
   0.07082
  -0.05960
   0.04288
  -0.02219
  -0.00055
   0.02323
  -0.04377
   0.06027
  -0.07119
   0.07554
  -0.07290
   0.06353
  -0.04829
   0.02858
  -0.00623
  -0.01669
   0.03807
  -0.05594
   0.06863
  -0.07498
   0.07440
  -0.06695
   0.05331
  -0.03474
   0.01296
   0.01002
  -0.03207
   0.05115
  -0.06551
   0.07382
  -0.07530
   0.06982
  -0.05790
   0.04062
  -0.01958
  -0.00326
   0.02580
  -0.04596
   0.06187
  -0.07206
   0.07559
  -0.07214
   0.06202
  -0.04617
   0.02605
  -0.00352
  -0.01933
   0.04039
  -0.05773
   0.06972
  -0.07528
   0.07387
  -0.06564
   0.05135
  -0.03231
   0.01028
   0.01270
  -0.03450
   0.05312
  -0.06682
   0.07435
  -0.07501
   0.06874
  -0.05611
   0.03830
  -0.01695
  -0.00597
   0.02833
  -0.04808
   0.06339
  -0.07283
   0.07555
  -0.07128
   0.06043
  -0.04399
   0.02349
  -0.00081
  -0.02194
   0.04266
  -0.05944
   0.07073
  -0.07548
   0.07325
  -0.06426
   0.04932
  -0.02983
   0.00758
   0.01537
  -0.03689
   0.05501
  -0.06805
   0.07480
  -0.07463
   0.06757
  -0.05426
   0.03594
  -0.01429
  -0.00867
   0.03083
  -0.05015
   0.06482
  -0.07351
   0.07541
  -0.07033
   0.05876
  -0.04175
   0.02089
   0.00190
  -0.02452
   0.04487
  -0.06108
   0.07164
  -0.07558
   0.07253
  -0.06279
   0.04723
  -0.02732
   0.00488
   0.01801
  -0.03924
   0.05684
  -0.06919
   0.07514
  -0.07415
   0.06631
  -0.05234
   0.03353
  -0.01162
  -0.01136
