   0.03319
  -0.06101
   0.07478
  -0.07132
   0.05143
  -0.01969
  -0.01658
   0.04904
  -0.07019
   0.07518
  -0.06285
   0.03604
  -0.00092
  -0.03440
   0.06180
  -0.07497
   0.07086
  -0.05043
   0.01838
   0.01790
  -0.05006
   0.07069
  -0.07503
   0.06208
  -0.03484
  -0.00043
   0.03560
  -0.06257
   0.07513
  -0.07037
   0.04941
  -0.01706
  -0.01922
   0.05107
  -0.07116
   0.07485
  -0.06130
   0.03363
   0.00179
  -0.03680
   0.06333
  -0.07527
   0.06987
  -0.04837
   0.01574
   0.02053
  -0.05206
   0.07160
  -0.07465
   0.06050
  -0.03241
  -0.00315
   0.03798
  -0.06406
   0.07538
  -0.06934
   0.04732
  -0.01441
  -0.02183
   0.05304
  -0.07203
   0.07442
  -0.05967
   0.03118
   0.00450
  -0.03914
   0.06477
  -0.07547
   0.06879
  -0.04626
   0.01307
   0.02313
  -0.05400
   0.07243
  -0.07417
   0.05883
  -0.02994
  -0.00586
   0.04030
  -0.06546
   0.07553
  -0.06821
   0.04518
  -0.01173
  -0.02441
   0.05494
  -0.07280
   0.07390
  -0.05797
   0.02868
   0.00721
  -0.04144
   0.06612
  -0.07558
   0.06762
  -0.04408
   0.01039
   0.02569
  -0.05586
   0.07316
  -0.07360
   0.05709
  -0.02742
  -0.00856
   0.04257
  -0.06677
   0.07559
  -0.06700
   0.04297
  -0.00904
  -0.02697
   0.05677
  -0.07349
   0.07328
  -0.05619
   0.02616
   0.00990
  -0.04368
   0.06740
  -0.07558
   0.06636
  -0.04185
   0.00770
   0.02823
  -0.05765
   0.07379
  -0.07293
   0.05527
  -0.02488
  -0.01125
   0.04478
  -0.06800
   0.07555
  -0.06570
   0.04071
  -0.00634
  -0.02948
   0.05852
  -0.07408
   0.07257
  -0.05434
   0.02359
   0.01259
  -0.04587
   0.06858
  -0.07550
   0.06502
  -0.03956
   0.00499
   0.03073
  -0.05937
   0.07433
  -0.07217
   0.05339
  -0.02230
  -0.01392
   0.04694
  -0.06914
   0.07542
  -0.06432
   0.03840
  -0.00364
  -0.03196
   0.06020
  -0.07457
   0.07176
  -0.05242
   0.02100
   0.01526
  -0.04800
   0.06968
  -0.07531
   0.06359
  -0.03722
   0.00228
   0.03319
  -0.06101
   0.07478
  -0.07132
   0.05143
  -0.01969
  -0.01658
   0.04904
  -0.07019
   0.07518
  -0.06285
   0.03604
  -0.00092
  -0.03440
   0.06180
  -0.07497
   0.07086
  -0.05043
   0.01838
   0.01790
  -0.05006
   0.07069
  -0.07503
   0.06208
  -0.03484
  -0.00043
   0.03560
  -0.06257
   0.07513
  -0.07037
   0.04941
  -0.01706
  -0.01922
   0.05107
  -0.07116
   0.07485
  -0.06130
   0.03363
   0.00179
  -0.03680
   0.06333
  -0.07527
   0.06987
  -0.04837
   0.01574
   0.02053
  -0.05206
   0.07160
  -0.07465
   0.06050
  -0.03241
  -0.00315
   0.03798
  -0.06406
   0.07538
  -0.06934
   0.04732
  -0.01441
  -0.02183
   0.05304
  -0.07203
   0.07442
  -0.05967
   0.03118
   0.00450
  -0.03914
   0.06477
  -0.07547
   0.06879
  -0.04626
   0.01307
   0.02313
  -0.05400
   0.07243
  -0.07417
   0.05883
  -0.02994
  -0.00586
   0.04030
  -0.06546
   0.07553
  -0.06821
   0.04518
  -0.01173
  -0.02441
   0.05494
  -0.07280
   0.07390
  -0.05797
   0.02868
   0.00721
  -0.04144
   0.06612
  -0.07558
   0.06762
  -0.04408
   0.01039
   0.02569
  -0.05586
   0.07316
  -0.07360
   0.05709
  -0.02742
  -0.00856
   0.04257
  -0.06677
   0.07559
  -0.06700
   0.04297
  -0.00904
  -0.02697
   0.05677
  -0.07349
   0.07328
  -0.05619
   0.02616
   0.00990
  -0.04368
   0.06740
  -0.07558
   0.06636
  -0.04185
   0.00770
   0.02823
  -0.05765
   0.07379
  -0.07293
   0.05527
  -0.02488
  -0.01125
   0.04478
  -0.06800
   0.07555
  -0.06570
   0.04071
  -0.00634
  -0.02948
   0.05852
  -0.07408
   0.07257
  -0.05434
   0.02359
   0.01259
  -0.04587
   0.06858
  -0.07550
   0.06502
  -0.03956
   0.00499
   0.03073
  -0.05937
   0.07433
  -0.07217
   0.05339
  -0.02230
  -0.01392
   0.04694
  -0.06914
   0.07542
  -0.06432
   0.03840
  -0.00364
  -0.03196
   0.06020
  -0.07457
   0.07176
  -0.05242
   0.02100
   0.01526
  -0.04800
   0.06968
  -0.07531
   0.06359
  -0.03722
   0.00228
