   0.03294
  -0.04320
  -0.07524
  -0.03048
   0.04540
   0.07493
   0.02798
  -0.04754
  -0.07452
  -0.02544
   0.04961
   0.07402
   0.02287
  -0.05163
  -0.07342
  -0.02026
   0.05358
   0.07273
   0.01764
  -0.05546
  -0.07194
  -0.01499
   0.05727
   0.07106
   0.01232
  -0.05900
  -0.07009
  -0.00963
   0.06066
   0.06903
   0.00694
  -0.06224
  -0.06788
  -0.00423
   0.06374
   0.06664
   0.00152
  -0.06516
  -0.06532
   0.00120
   0.06649
   0.06391
  -0.00391
  -0.06774
  -0.06242
   0.00662
   0.06890
   0.06085
  -0.00932
  -0.06997
  -0.05920
   0.01200
   0.07095
   0.05748
  -0.01467
  -0.07184
  -0.05568
   0.01733
   0.07264
   0.05380
  -0.01996
  -0.07335
  -0.05186
   0.02256
   0.07395
   0.04986
  -0.02514
  -0.07447
  -0.04778
   0.02768
   0.07489
   0.04565
  -0.03019
  -0.07521
  -0.04346
   0.03265
   0.07543
   0.04121
  -0.03508
  -0.07556
  -0.03891
   0.03746
   0.07559
   0.03656
  -0.03979
  -0.07552
  -0.03416
   0.04208
   0.07536
   0.03172
  -0.04430
  -0.07510
  -0.02923
   0.04647
   0.07474
   0.02671
  -0.04858
  -0.07428
  -0.02416
   0.05063
   0.07373
   0.02157
  -0.05261
  -0.07309
  -0.01895
   0.05453
   0.07235
   0.01632
  -0.05637
  -0.07151
  -0.01366
   0.05814
   0.07059
   0.01098
  -0.05984
  -0.06957
  -0.00829
   0.06146
   0.06847
   0.00558
  -0.06300
  -0.06727
  -0.00287
   0.06446
   0.06599
   0.00016
  -0.06583
  -0.06463
   0.00255
   0.06713
   0.06318
  -0.00526
  -0.06833
  -0.06165
   0.00797
   0.06945
   0.06003
  -0.01066
  -0.07047
  -0.05835
   0.01334
   0.07141
   0.05658
  -0.01600
  -0.07225
  -0.05475
   0.01864
   0.07300
   0.05284
  -0.02126
  -0.07366
  -0.05087
   0.02385
   0.07422
   0.04883
  -0.02641
  -0.07469
  -0.04672
   0.02894
   0.07506
   0.04456
  -0.03143
  -0.07533
  -0.04234
   0.03387
   0.07551
   0.04007
  -0.03628
  -0.07559
  -0.03774
   0.03863
   0.07557
   0.03536
  -0.04094
  -0.07545
  -0.03294
   0.04320
   0.07524
   0.03048
  -0.04540
  -0.07493
  -0.02798
   0.04754
   0.07452
   0.02544
  -0.04961
  -0.07402
  -0.02287
   0.05163
   0.07342
   0.02026
  -0.05358
  -0.07273
  -0.01764
   0.05546
   0.07194
   0.01499
  -0.05727
  -0.07106
  -0.01232
   0.05900
   0.07009
   0.00963
  -0.06066
  -0.06903
  -0.00694
   0.06224
   0.06788
   0.00423
  -0.06374
  -0.06664
  -0.00152
   0.06516
   0.06532
  -0.00120
  -0.06649
  -0.06391
   0.00391
   0.06774
   0.06242
  -0.00662
  -0.06890
  -0.06085
   0.00932
   0.06997
   0.05920
  -0.01200
  -0.07095
  -0.05748
   0.01467
   0.07184
   0.05568
  -0.01733
  -0.07264
  -0.05380
   0.01996
   0.07335
   0.05186
  -0.02256
  -0.07395
  -0.04986
   0.02514
   0.07447
   0.04778
  -0.02768
  -0.07489
  -0.04565
   0.03019
   0.07521
   0.04346
  -0.03265
  -0.07543
  -0.04121
   0.03508
   0.07556
   0.03891
  -0.03746
  -0.07559
  -0.03656
   0.03979
   0.07552
   0.03416
  -0.04208
  -0.07536
  -0.03172
   0.04430
   0.07510
   0.02923
  -0.04647
  -0.07474
  -0.02671
   0.04858
   0.07428
   0.02416
  -0.05063
  -0.07373
  -0.02157
   0.05261
   0.07309
   0.01895
  -0.05453
  -0.07235
  -0.01632
   0.05637
   0.07151
   0.01366
  -0.05814
  -0.07059
  -0.01098
   0.05984
   0.06957
   0.00829
  -0.06146
  -0.06847
  -0.00558
   0.06300
   0.06727
   0.00287
  -0.06446
  -0.06599
  -0.00016
   0.06583
   0.06463
  -0.00255
  -0.06713
  -0.06318
   0.00526
   0.06833
   0.06165
  -0.00797
  -0.06945
  -0.06003
   0.01066
   0.07047
   0.05835
  -0.01334
  -0.07141
  -0.05658
   0.01600
   0.07225
   0.05475
  -0.01864
  -0.07300
  -0.05284
   0.02126
   0.07366
   0.05087
  -0.02385
  -0.07422
  -0.04883
   0.02641
   0.07469
   0.04672
  -0.02894
  -0.07506
  -0.04456
   0.03143
   0.07533
   0.04234
  -0.03387
  -0.07551
  -0.04007
   0.03628
   0.07559
   0.03774
  -0.03863
  -0.07557
  -0.03536
   0.04094
   0.07545
