   0.07512
   0.07378
   0.07158
   0.06856
   0.06474
   0.06017
   0.05490
   0.04899
   0.04252
   0.03556
   0.02818
   0.02047
   0.01253
   0.00445
  -0.00369
  -0.01179
  -0.01975
  -0.02748
  -0.03489
  -0.04189
  -0.04842
  -0.05438
  -0.05971
  -0.06434
  -0.06824
  -0.07134
  -0.07361
  -0.07503
  -0.07559
  -0.07526
  -0.07406
  -0.07201
  -0.06912
  -0.06543
  -0.06098
  -0.05582
  -0.05002
  -0.04364
  -0.03675
  -0.02943
  -0.02178
  -0.01387
  -0.00580
   0.00234
   0.01044
   0.01843
   0.02621
   0.03368
   0.04076
   0.04737
   0.05342
   0.05886
   0.06362
   0.06764
   0.07088
   0.07329
   0.07486
   0.07555
   0.07538
   0.07432
   0.07241
   0.06966
   0.06610
   0.06177
   0.05673
   0.05103
   0.04474
   0.03793
   0.03068
   0.02307
   0.01520
   0.00715
  -0.00098
  -0.00910
  -0.01711
  -0.02493
  -0.03246
  -0.03961
  -0.04630
  -0.05246
  -0.05800
  -0.06288
  -0.06703
  -0.07039
  -0.07295
  -0.07466
  -0.07550
  -0.07547
  -0.07456
  -0.07279
  -0.07017
  -0.06674
  -0.06254
  -0.05762
  -0.05202
  -0.04582
  -0.03910
  -0.03191
  -0.02436
  -0.01653
  -0.00850
  -0.00038
   0.00775
   0.01579
   0.02365
   0.03123
   0.03845
   0.04522
   0.05147
   0.05712
   0.06212
   0.06639
   0.06989
   0.07258
   0.07443
   0.07542
   0.07553
   0.07477
   0.07314
   0.07067
   0.06737
   0.06330
   0.05849
   0.05300
   0.04690
   0.04025
   0.03314
   0.02564
   0.01785
   0.00985
   0.00173
  -0.00640
  -0.01446
  -0.02235
  -0.02999
  -0.03727
  -0.04413
  -0.05047
  -0.05623
  -0.06133
  -0.06573
  -0.06936
  -0.07219
  -0.07418
  -0.07531
  -0.07557
  -0.07496
  -0.07347
  -0.07114
  -0.06798
  -0.06403
  -0.05934
  -0.05396
  -0.04795
  -0.04139
  -0.03435
  -0.02691
  -0.01916
  -0.01119
  -0.00309
   0.00505
   0.01313
   0.02105
   0.02874
   0.03609
   0.04302
   0.04945
   0.05531
   0.06053
   0.06505
   0.06881
   0.07178
   0.07391
   0.07519
   0.07559
   0.07512
   0.07378
   0.07158
   0.06856
   0.06474
   0.06017
   0.05490
   0.04899
   0.04252
   0.03556
   0.02818
   0.02047
   0.01253
   0.00445
  -0.00369
  -0.01179
  -0.01975
  -0.02748
  -0.03489
  -0.04189
  -0.04842
  -0.05438
  -0.05971
  -0.06434
  -0.06824
  -0.07134
  -0.07361
  -0.07503
  -0.07559
  -0.07526
  -0.07406
  -0.07201
  -0.06912
  -0.06543
  -0.06098
  -0.05582
  -0.05002
  -0.04364
  -0.03675
  -0.02943
  -0.02178
  -0.01387
  -0.00580
   0.00234
   0.01044
   0.01843
   0.02621
   0.03368
   0.04076
   0.04737
   0.05342
   0.05886
   0.06362
   0.06764
   0.07088
   0.07329
   0.07486
   0.07555
   0.07538
   0.07432
   0.07241
   0.06966
   0.06610
   0.06177
   0.05673
   0.05103
   0.04474
   0.03793
   0.03068
   0.02307
   0.01520
   0.00715
  -0.00098
  -0.00910
  -0.01711
  -0.02493
  -0.03246
  -0.03961
  -0.04630
  -0.05246
  -0.05800
  -0.06288
  -0.06703
  -0.07039
  -0.07295
  -0.07466
  -0.07550
  -0.07547
  -0.07456
  -0.07279
  -0.07017
  -0.06674
  -0.06254
  -0.05762
  -0.05202
  -0.04582
  -0.03910
  -0.03191
  -0.02436
  -0.01653
  -0.00850
  -0.00038
   0.00775
   0.01579
   0.02365
   0.03123
   0.03845
   0.04522
   0.05147
   0.05712
   0.06212
   0.06639
   0.06989
   0.07258
   0.07443
   0.07542
   0.07553
   0.07477
   0.07314
   0.07067
   0.06737
   0.06330
   0.05849
   0.05300
   0.04690
   0.04025
   0.03314
   0.02564
   0.01785
   0.00985
   0.00173
  -0.00640
  -0.01446
  -0.02235
  -0.02999
  -0.03727
  -0.04413
  -0.05047
  -0.05623
  -0.06133
  -0.06573
  -0.06936
  -0.07219
  -0.07418
  -0.07531
  -0.07557
  -0.07496
  -0.07347
  -0.07114
  -0.06798
  -0.06403
  -0.05934
  -0.05396
  -0.04795
  -0.04139
  -0.03435
  -0.02691
  -0.01916
  -0.01119
  -0.00309
   0.00505
   0.01313
   0.02105
   0.02874
   0.03609
   0.04302
   0.04945
   0.05531
   0.06053
   0.06505
   0.06881
   0.07178
   0.07391
   0.07519
   0.07559
