  -0.06679
   0.04482
  -0.01397
  -0.01965
   0.04937
  -0.06932
   0.07554
  -0.06679
   0.04482
  -0.01397
  -0.01965
   0.04937
  -0.06932
   0.07554
  -0.06679
   0.04482
  -0.01397
  -0.01965
   0.04937
  -0.06932
   0.07554
  -0.06679
   0.04482
  -0.01397
  -0.01965
   0.04937
  -0.06932
   0.07554
  -0.06679
   0.04482
  -0.01397
  -0.01965
   0.04937
  -0.06932
   0.07554
  -0.06679
   0.04482
  -0.01397
  -0.01965
   0.04937
  -0.06932
   0.07554
  -0.06679
   0.04482
  -0.01397
  -0.01965
   0.04937
  -0.06932
   0.07554
  -0.06679
   0.04482
  -0.01397
  -0.01965
   0.04937
  -0.06932
   0.07554
  -0.06679
   0.04482
  -0.01397
  -0.01965
   0.04937
  -0.06932
   0.07554
  -0.06679
   0.04482
  -0.01397
  -0.01965
   0.04937
  -0.06932
   0.07554
  -0.06679
   0.04482
  -0.01397
  -0.01965
   0.04937
  -0.06932
   0.07554
  -0.06679
   0.04482
  -0.01397
  -0.01965
   0.04937
  -0.06932
   0.07554
  -0.06679
   0.04482
  -0.01397
  -0.01965
   0.04937
  -0.06932
   0.07554
  -0.06679
   0.04482
  -0.01397
  -0.01965
   0.04937
  -0.06932
   0.07554
  -0.06679
   0.04482
  -0.01397
  -0.01965
   0.04937
  -0.06932
   0.07554
  -0.06679
   0.04482
  -0.01397
  -0.01965
   0.04937
  -0.06932
   0.07554
  -0.06679
   0.04482
  -0.01397
  -0.01965
   0.04937
  -0.06932
   0.07554
  -0.06679
   0.04482
  -0.01397
  -0.01965
   0.04937
  -0.06932
   0.07554
  -0.06679
   0.04482
  -0.01397
  -0.01965
   0.04937
  -0.06932
   0.07554
  -0.06679
   0.04482
  -0.01397
  -0.01965
   0.04937
  -0.06932
   0.07554
  -0.06679
   0.04482
  -0.01397
  -0.01965
   0.04937
  -0.06932
   0.07554
  -0.06679
   0.04482
  -0.01397
  -0.01965
   0.04937
  -0.06932
   0.07554
  -0.06679
   0.04482
  -0.01397
  -0.01965
   0.04937
  -0.06932
   0.07554
  -0.06679
   0.04482
  -0.01397
  -0.01965
   0.04937
  -0.06932
   0.07554
  -0.06679
   0.04482
  -0.01397
  -0.01965
   0.04937
  -0.06932
   0.07554
  -0.06679
   0.04482
  -0.01397
  -0.01965
   0.04937
  -0.06932
   0.07554
  -0.06679
   0.04482
  -0.01397
  -0.01965
   0.04937
  -0.06932
   0.07554
  -0.06679
   0.04482
  -0.01397
  -0.01965
   0.04937
  -0.06932
   0.07554
  -0.06679
   0.04482
  -0.01397
  -0.01965
   0.04937
  -0.06932
   0.07554
  -0.06679
   0.04482
  -0.01397
  -0.01965
   0.04937
  -0.06932
   0.07554
  -0.06679
   0.04482
  -0.01397
  -0.01965
   0.04937
  -0.06932
   0.07554
  -0.06679
   0.04482
  -0.01397
  -0.01965
   0.04937
  -0.06932
   0.07554
  -0.06679
   0.04482
  -0.01397
  -0.01965
   0.04937
  -0.06932
   0.07554
  -0.06679
   0.04482
  -0.01397
  -0.01965
   0.04937
  -0.06932
   0.07554
  -0.06679
   0.04482
  -0.01397
  -0.01965
   0.04937
  -0.06932
   0.07554
  -0.06679
   0.04482
  -0.01397
  -0.01965
   0.04937
  -0.06932
   0.07554
  -0.06679
   0.04482
  -0.01397
  -0.01965
   0.04937
  -0.06932
   0.07554
  -0.06679
   0.04482
  -0.01397
  -0.01965
   0.04937
  -0.06932
   0.07554
  -0.06679
   0.04482
  -0.01397
  -0.01965
   0.04937
  -0.06932
   0.07554
  -0.06679
   0.04482
  -0.01397
  -0.01965
   0.04937
  -0.06932
   0.07554
  -0.06679
   0.04482
  -0.01397
  -0.01965
   0.04937
  -0.06932
   0.07554
  -0.06679
   0.04482
  -0.01397
  -0.01965
   0.04937
  -0.06932
   0.07554
  -0.06679
   0.04482
  -0.01397
  -0.01965
   0.04937
  -0.06932
   0.07554
  -0.06679
   0.04482
  -0.01397
  -0.01965
   0.04937
  -0.06932
   0.07554
  -0.06679
   0.04482
  -0.01397
  -0.01965
   0.04937
  -0.06932
   0.07554
  -0.06679
   0.04482
  -0.01397
  -0.01965
   0.04937
  -0.06932
   0.07554
  -0.06679
   0.04482
  -0.01397
  -0.01965
   0.04937
  -0.06932
   0.07554
  -0.06679
   0.04482
  -0.01397
  -0.01965
   0.04937
  -0.06932
   0.07554
  -0.06679
   0.04482
  -0.01397
  -0.01965
   0.04937
  -0.06932
   0.07554
  -0.06679
   0.04482
  -0.01397
  -0.01965
   0.04937
  -0.06932
   0.07554
