   0.02815
   0.05200
   0.06855
   0.07546
   0.07178
   0.05802
   0.03611
   0.00913
  -0.01914
  -0.04472
  -0.06401
  -0.07432
  -0.07419
  -0.06364
  -0.04415
  -0.01846
   0.00982
   0.03672
   0.05847
   0.07200
   0.07542
   0.06825
   0.05149
   0.02750
  -0.00035
  -0.02815
  -0.05200
  -0.06855
  -0.07546
  -0.07178
  -0.05802
  -0.03611
  -0.00913
   0.01914
   0.04472
   0.06401
   0.07432
   0.07419
   0.06364
   0.04415
   0.01846
  -0.00982
  -0.03672
  -0.05847
  -0.07200
  -0.07542
  -0.06825
  -0.05149
  -0.02750
   0.00035
   0.02815
   0.05200
   0.06855
   0.07546
   0.07178
   0.05802
   0.03611
   0.00913
  -0.01914
  -0.04472
  -0.06401
  -0.07432
  -0.07419
  -0.06364
  -0.04415
  -0.01846
   0.00982
   0.03672
   0.05847
   0.07200
   0.07542
   0.06825
   0.05149
   0.02750
  -0.00035
  -0.02815
  -0.05200
  -0.06855
  -0.07546
  -0.07178
  -0.05802
  -0.03611
  -0.00913
   0.01914
   0.04472
   0.06401
   0.07432
   0.07419
   0.06364
   0.04415
   0.01846
  -0.00982
  -0.03672
  -0.05847
  -0.07200
  -0.07542
  -0.06825
  -0.05149
  -0.02750
   0.00035
   0.02815
   0.05200
   0.06855
   0.07546
   0.07178
   0.05802
   0.03611
   0.00913
  -0.01914
  -0.04472
  -0.06401
  -0.07432
  -0.07419
  -0.06364
  -0.04415
  -0.01846
   0.00982
   0.03672
   0.05847
   0.07200
   0.07542
   0.06825
   0.05149
   0.02750
  -0.00035
  -0.02815
  -0.05200
  -0.06855
  -0.07546
  -0.07178
  -0.05802
  -0.03611
  -0.00913
   0.01914
   0.04472
   0.06401
   0.07432
   0.07419
   0.06364
   0.04415
   0.01846
  -0.00982
  -0.03672
  -0.05847
  -0.07200
  -0.07542
  -0.06825
  -0.05149
  -0.02750
   0.00035
   0.02815
   0.05200
   0.06855
   0.07546
   0.07178
   0.05802
   0.03611
   0.00913
  -0.01914
  -0.04472
  -0.06401
  -0.07432
  -0.07419
  -0.06364
  -0.04415
  -0.01846
   0.00982
   0.03672
   0.05847
   0.07200
   0.07542
   0.06825
   0.05149
   0.02750
  -0.00035
  -0.02815
  -0.05200
  -0.06855
  -0.07546
  -0.07178
  -0.05802
  -0.03611
  -0.00913
   0.01914
   0.04472
   0.06401
   0.07432
   0.07419
   0.06364
   0.04415
   0.01846
  -0.00982
  -0.03672
  -0.05847
  -0.07200
  -0.07542
  -0.06825
  -0.05149
  -0.02750
   0.00035
   0.02815
   0.05200
   0.06855
   0.07546
   0.07178
   0.05802
   0.03611
   0.00913
  -0.01914
  -0.04472
  -0.06401
  -0.07432
  -0.07419
  -0.06364
  -0.04415
  -0.01846
   0.00982
   0.03672
   0.05847
   0.07200
   0.07542
   0.06825
   0.05149
   0.02750
  -0.00035
  -0.02815
  -0.05200
  -0.06855
  -0.07546
  -0.07178
  -0.05802
  -0.03611
  -0.00913
   0.01914
   0.04472
   0.06401
   0.07432
   0.07419
   0.06364
   0.04415
   0.01846
  -0.00982
  -0.03672
  -0.05847
  -0.07200
  -0.07542
  -0.06825
  -0.05149
  -0.02750
   0.00035
   0.02815
   0.05200
   0.06855
   0.07546
   0.07178
   0.05802
   0.03611
   0.00913
  -0.01914
  -0.04472
  -0.06401
  -0.07432
  -0.07419
  -0.06364
  -0.04415
  -0.01846
   0.00982
   0.03672
   0.05847
   0.07200
   0.07542
   0.06825
   0.05149
   0.02750
  -0.00035
  -0.02815
  -0.05200
  -0.06855
  -0.07546
  -0.07178
  -0.05802
  -0.03611
  -0.00913
   0.01914
   0.04472
   0.06401
   0.07432
   0.07419
   0.06364
   0.04415
   0.01846
  -0.00982
  -0.03672
  -0.05847
  -0.07200
  -0.07542
  -0.06825
  -0.05149
  -0.02750
   0.00035
   0.02815
   0.05200
   0.06855
   0.07546
   0.07178
   0.05802
   0.03611
   0.00913
  -0.01914
  -0.04472
  -0.06401
  -0.07432
  -0.07419
  -0.06364
  -0.04415
  -0.01846
   0.00982
   0.03672
   0.05847
   0.07200
   0.07542
   0.06825
   0.05149
   0.02750
  -0.00035
  -0.02815
  -0.05200
  -0.06855
  -0.07546
  -0.07178
  -0.05802
  -0.03611
  -0.00913
   0.01914
   0.04472
   0.06401
   0.07432
   0.07419
   0.06364
   0.04415
   0.01846
  -0.00982
  -0.03672
  -0.05847
  -0.07200
  -0.07542
  -0.06825
  -0.05149
  -0.02750
   0.00035
