  -0.05251
  -0.01111
   0.06606
  -0.06939
   0.01851
   0.04683
  -0.07559
   0.04528
   0.02040
  -0.07014
   0.06509
  -0.00918
  -0.05390
   0.07487
  -0.03734
  -0.02936
   0.07312
  -0.05975
  -0.00030
   0.06012
  -0.07297
   0.02881
   0.03786
  -0.07495
   0.05348
   0.00977
  -0.06539
   0.06992
  -0.01982
  -0.04576
   0.07559
  -0.04636
  -0.01909
   0.06963
  -0.06577
   0.01052
   0.05294
  -0.07504
   0.03851
   0.02811
  -0.07277
   0.06058
  -0.00106
  -0.05929
   0.07331
  -0.03006
  -0.03668
   0.07476
  -0.05443
  -0.00842
   0.06470
  -0.07042
   0.02113
   0.04467
  -0.07557
   0.04743
   0.01777
  -0.06909
   0.06642
  -0.01187
  -0.05196
   0.07519
  -0.03968
  -0.02684
   0.07239
  -0.06138
   0.00241
   0.05844
  -0.07363
   0.03130
   0.03549
  -0.07455
   0.05536
   0.00707
  -0.06398
   0.07091
  -0.02243
  -0.04357
   0.07553
  -0.04848
  -0.01645
   0.06853
  -0.06706
   0.01320
   0.05097
  -0.07532
   0.04082
   0.02557
  -0.07198
   0.06216
  -0.00377
  -0.05757
   0.07393
  -0.03253
  -0.03428
   0.07431
  -0.05628
  -0.00572
   0.06325
  -0.07136
   0.02372
   0.04246
  -0.07546
   0.04951
   0.01512
  -0.06794
   0.06768
  -0.01454
  -0.04996
   0.07542
  -0.04196
  -0.02429
   0.07156
  -0.06292
   0.00513
   0.05668
  -0.07420
   0.03375
   0.03307
  -0.07405
   0.05718
   0.00437
  -0.06250
   0.07180
  -0.02500
  -0.04133
   0.07537
  -0.05053
  -0.01379
   0.06734
  -0.06827
   0.01587
   0.04893
  -0.07550
   0.04308
   0.02300
  -0.07111
   0.06366
  -0.00648
  -0.05577
   0.07444
  -0.03496
  -0.03184
   0.07376
  -0.05805
  -0.00301
   0.06173
  -0.07221
   0.02628
   0.04018
  -0.07525
   0.05153
   0.01246
  -0.06671
   0.06884
  -0.01719
  -0.04789
   0.07556
  -0.04419
  -0.02170
   0.07064
  -0.06439
   0.00783
   0.05484
  -0.07467
   0.03615
   0.03061
  -0.07345
   0.05891
   0.00166
  -0.06093
   0.07260
  -0.02755
  -0.03903
   0.07511
  -0.05251
  -0.01111
   0.06606
  -0.06939
   0.01851
   0.04683
  -0.07559
   0.04528
   0.02040
  -0.07014
   0.06509
  -0.00918
  -0.05390
   0.07487
  -0.03734
  -0.02936
   0.07312
  -0.05975
  -0.00030
   0.06012
  -0.07297
   0.02881
   0.03786
  -0.07495
   0.05348
   0.00977
  -0.06539
   0.06992
  -0.01982
  -0.04576
   0.07559
  -0.04636
  -0.01909
   0.06963
  -0.06577
   0.01052
   0.05294
  -0.07504
   0.03851
   0.02811
  -0.07277
   0.06058
  -0.00106
  -0.05929
   0.07331
  -0.03006
  -0.03668
   0.07476
  -0.05443
  -0.00842
   0.06470
  -0.07042
   0.02113
   0.04467
  -0.07557
   0.04743
   0.01777
  -0.06909
   0.06642
  -0.01187
  -0.05196
   0.07519
  -0.03968
  -0.02684
   0.07239
  -0.06138
   0.00241
   0.05844
  -0.07363
   0.03130
   0.03549
  -0.07455
   0.05536
   0.00707
  -0.06398
   0.07091
  -0.02243
  -0.04357
   0.07553
  -0.04848
  -0.01645
   0.06853
  -0.06706
   0.01320
   0.05097
  -0.07532
   0.04082
   0.02557
  -0.07198
   0.06216
  -0.00377
  -0.05757
   0.07393
  -0.03253
  -0.03428
   0.07431
  -0.05628
  -0.00572
   0.06325
  -0.07136
   0.02372
   0.04246
  -0.07546
   0.04951
   0.01512
  -0.06794
   0.06768
  -0.01454
  -0.04996
   0.07542
  -0.04196
  -0.02429
   0.07156
  -0.06292
   0.00513
   0.05668
  -0.07420
   0.03375
   0.03307
  -0.07405
   0.05718
   0.00437
  -0.06250
   0.07180
  -0.02500
  -0.04133
   0.07537
  -0.05053
  -0.01379
   0.06734
  -0.06827
   0.01587
   0.04893
  -0.07550
   0.04308
   0.02300
  -0.07111
   0.06366
  -0.00648
  -0.05577
   0.07444
  -0.03496
  -0.03184
   0.07376
  -0.05805
  -0.00301
   0.06173
  -0.07221
   0.02628
   0.04018
  -0.07525
   0.05153
   0.01246
  -0.06671
   0.06884
  -0.01719
  -0.04789
   0.07556
  -0.04419
  -0.02170
   0.07064
  -0.06439
   0.00783
   0.05484
  -0.07467
   0.03615
   0.03061
  -0.07345
   0.05891
   0.00166
  -0.06093
   0.07260
  -0.02755
  -0.03903
   0.07511
