   0.06174
   0.06137
  -0.02172
  -0.07553
  -0.02753
   0.05758
   0.06508
  -0.01514
  -0.07495
  -0.03373
   0.05295
   0.06826
  -0.00844
  -0.07377
  -0.03966
   0.04791
   0.07090
  -0.00167
  -0.07199
  -0.04527
   0.04247
   0.07296
   0.00511
  -0.06963
  -0.05051
   0.03669
   0.07444
   0.01185
  -0.06672
  -0.05535
   0.03062
   0.07532
   0.01849
  -0.06326
  -0.05974
   0.02430
   0.07559
   0.02499
  -0.05930
  -0.06365
   0.01779
   0.07526
   0.03128
  -0.05486
  -0.06705
   0.01113
   0.07431
   0.03733
  -0.04997
  -0.06991
   0.00439
   0.07277
   0.04307
  -0.04469
  -0.07221
  -0.00240
   0.07064
   0.04846
  -0.03904
  -0.07392
  -0.00916
   0.06795
   0.05347
  -0.03308
  -0.07504
  -0.01585
   0.06471
   0.05804
  -0.02686
  -0.07556
  -0.02241
   0.06094
   0.06215
  -0.02042
  -0.07546
  -0.02879
   0.05669
   0.06576
  -0.01381
  -0.07476
  -0.03494
   0.05198
   0.06883
  -0.00709
  -0.07346
  -0.04081
   0.04685
   0.07136
  -0.00032
  -0.07156
  -0.04635
   0.04134
   0.07331
   0.00646
  -0.06909
  -0.05152
   0.03550
   0.07467
   0.01319
  -0.06607
  -0.05627
   0.02938
   0.07542
   0.01980
  -0.06251
  -0.06057
   0.02302
   0.07557
   0.02626
  -0.05845
  -0.06438
   0.01647
   0.07512
   0.03251
  -0.05391
  -0.06767
   0.00979
   0.07405
   0.03850
  -0.04895
  -0.07042
   0.00303
   0.07239
   0.04418
  -0.04359
  -0.07260
  -0.00375
   0.07015
   0.04950
  -0.03788
  -0.07419
  -0.01051
   0.06734
   0.05442
  -0.03186
  -0.07519
  -0.01717
   0.06399
   0.05890
  -0.02559
  -0.07559
  -0.02370
   0.06013
   0.06291
  -0.01911
  -0.07537
  -0.03004
   0.05578
   0.06642
  -0.01247
  -0.07455
  -0.03614
   0.05098
   0.06938
  -0.00574
  -0.07313
  -0.04195
   0.04578
   0.07179
   0.00104
  -0.07112
  -0.04741
   0.04020
   0.07363
   0.00781
  -0.06853
  -0.05250
   0.03430
   0.07487
   0.01452
  -0.06540
  -0.05716
   0.02812
   0.07550
   0.02111
  -0.06174
  -0.06137
   0.02172
   0.07553
   0.02753
  -0.05758
  -0.06508
   0.01514
   0.07495
   0.03373
  -0.05295
  -0.06826
   0.00844
   0.07377
   0.03966
  -0.04791
  -0.07090
   0.00167
   0.07199
   0.04527
  -0.04247
  -0.07296
  -0.00511
   0.06963
   0.05051
  -0.03669
  -0.07444
  -0.01185
   0.06672
   0.05535
  -0.03062
  -0.07532
  -0.01849
   0.06326
   0.05974
  -0.02430
  -0.07559
  -0.02499
   0.05930
   0.06365
  -0.01779
  -0.07526
  -0.03128
   0.05486
   0.06705
  -0.01113
  -0.07431
  -0.03733
   0.04997
   0.06991
  -0.00439
  -0.07277
  -0.04307
   0.04469
   0.07221
   0.00240
  -0.07064
  -0.04846
   0.03904
   0.07392
   0.00916
  -0.06795
  -0.05347
   0.03308
   0.07504
   0.01585
  -0.06471
  -0.05804
   0.02686
   0.07556
   0.02241
  -0.06094
  -0.06215
   0.02042
   0.07546
   0.02879
  -0.05669
  -0.06576
   0.01381
   0.07476
   0.03494
  -0.05198
  -0.06883
   0.00709
   0.07346
   0.04081
  -0.04685
  -0.07136
   0.00032
   0.07156
   0.04635
  -0.04134
  -0.07331
  -0.00646
   0.06909
   0.05152
  -0.03550
  -0.07467
  -0.01319
   0.06607
   0.05627
  -0.02938
  -0.07542
  -0.01980
   0.06251
   0.06057
  -0.02302
  -0.07557
  -0.02626
   0.05845
   0.06438
  -0.01647
  -0.07512
  -0.03251
   0.05391
   0.06767
  -0.00979
  -0.07405
  -0.03850
   0.04895
   0.07042
  -0.00303
  -0.07239
  -0.04418
   0.04359
   0.07260
   0.00375
  -0.07015
  -0.04950
   0.03788
   0.07419
   0.01051
  -0.06734
  -0.05442
   0.03186
   0.07519
   0.01717
  -0.06399
  -0.05890
   0.02559
   0.07559
   0.02370
  -0.06013
  -0.06291
   0.01911
   0.07537
   0.03004
  -0.05578
  -0.06642
   0.01247
   0.07455
   0.03614
  -0.05098
  -0.06938
   0.00574
   0.07313
   0.04195
  -0.04578
  -0.07179
  -0.00104
   0.07112
   0.04741
  -0.04020
  -0.07363
  -0.00781
   0.06853
   0.05250
  -0.03430
  -0.07487
  -0.01452
   0.06540
   0.05716
  -0.02812
  -0.07550
  -0.02111
