  -0.05952
  -0.07322
  -0.02971
   0.03701
   0.07481
   0.05417
  -0.00880
  -0.06489
  -0.07028
  -0.02076
   0.04498
   0.07558
   0.04713
  -0.01814
  -0.06924
  -0.06624
  -0.01149
   0.05224
   0.07515
   0.03935
  -0.02720
  -0.07250
  -0.06116
  -0.00203
   0.05868
   0.07354
   0.03095
  -0.03582
  -0.07461
  -0.05510
   0.00745
   0.06419
   0.07077
   0.02206
  -0.04388
  -0.07554
  -0.04818
   0.01682
   0.06868
   0.06689
   0.01283
  -0.05125
  -0.07529
  -0.04050
   0.02593
   0.07210
   0.06194
   0.00339
  -0.05781
  -0.07385
  -0.03219
   0.03462
   0.07438
   0.05602
  -0.00610
  -0.06346
  -0.07124
  -0.02336
   0.04277
   0.07548
   0.04922
  -0.01550
  -0.06811
  -0.06751
  -0.01416
   0.05024
   0.07540
   0.04164
  -0.02465
  -0.07168
  -0.06271
  -0.00475
   0.05693
   0.07412
   0.03341
  -0.03341
  -0.07412
  -0.05693
   0.00475
   0.06271
   0.07168
   0.02465
  -0.04164
  -0.07540
  -0.05024
   0.01417
   0.06751
   0.06811
   0.01549
  -0.04922
  -0.07548
  -0.04277
   0.02336
   0.07124
   0.06346
   0.00610
  -0.05603
  -0.07438
  -0.03462
   0.03219
   0.07385
   0.05781
  -0.00339
  -0.06194
  -0.07210
  -0.02592
   0.04050
   0.07529
   0.05125
  -0.01283
  -0.06689
  -0.06868
  -0.01682
   0.04818
   0.07554
   0.04388
  -0.02207
  -0.07077
  -0.06419
  -0.00745
   0.05511
   0.07461
   0.03582
  -0.03095
  -0.07354
  -0.05868
   0.00204
   0.06116
   0.07250
   0.02720
  -0.03935
  -0.07515
  -0.05224
   0.01149
   0.06624
   0.06924
   0.01814
  -0.04713
  -0.07558
  -0.04498
   0.02076
   0.07028
   0.06489
   0.00880
  -0.05417
  -0.07481
  -0.03701
   0.02971
   0.07322
   0.05952
  -0.00068
  -0.06035
  -0.07287
  -0.02846
   0.03819
   0.07500
   0.05321
  -0.01015
  -0.06558
  -0.06977
  -0.01946
   0.04606
   0.07559
   0.04606
  -0.01946
  -0.06977
  -0.06558
  -0.01015
   0.05321
   0.07500
   0.03819
  -0.02846
  -0.07287
  -0.06035
  -0.00068
   0.05952
   0.07322
   0.02971
  -0.03701
  -0.07481
  -0.05417
   0.00880
   0.06489
   0.07028
   0.02076
  -0.04498
  -0.07558
  -0.04713
   0.01814
   0.06924
   0.06624
   0.01149
  -0.05224
  -0.07515
  -0.03935
   0.02720
   0.07250
   0.06116
   0.00203
  -0.05868
  -0.07354
  -0.03095
   0.03582
   0.07461
   0.05510
  -0.00745
  -0.06419
  -0.07077
  -0.02206
   0.04388
   0.07554
   0.04818
  -0.01682
  -0.06868
  -0.06689
  -0.01283
   0.05125
   0.07529
   0.04050
  -0.02593
  -0.07210
  -0.06194
  -0.00339
   0.05781
   0.07385
   0.03219
  -0.03462
  -0.07438
  -0.05602
   0.00610
   0.06346
   0.07124
   0.02336
  -0.04277
  -0.07548
  -0.04922
   0.01550
   0.06811
   0.06751
   0.01416
  -0.05024
  -0.07540
  -0.04164
   0.02465
   0.07168
   0.06271
   0.00475
  -0.05693
  -0.07412
  -0.03341
   0.03341
   0.07412
   0.05693
  -0.00475
  -0.06271
  -0.07168
  -0.02465
   0.04164
   0.07540
   0.05024
  -0.01417
  -0.06751
  -0.06811
  -0.01549
   0.04922
   0.07548
   0.04277
  -0.02336
  -0.07124
  -0.06346
  -0.00610
   0.05603
   0.07438
   0.03462
  -0.03219
  -0.07385
  -0.05781
   0.00339
   0.06194
   0.07210
   0.02592
  -0.04050
  -0.07529
  -0.05125
   0.01283
   0.06689
   0.06868
   0.01682
  -0.04818
  -0.07554
  -0.04388
   0.02207
   0.07077
   0.06419
   0.00745
  -0.05511
  -0.07461
  -0.03582
   0.03095
   0.07354
   0.05868
  -0.00204
  -0.06116
  -0.07250
  -0.02720
   0.03935
   0.07515
   0.05224
  -0.01149
  -0.06624
  -0.06924
  -0.01814
   0.04713
   0.07558
   0.04498
  -0.02076
  -0.07028
  -0.06489
  -0.00880
   0.05417
   0.07481
   0.03701
  -0.02971
  -0.07322
  -0.05952
   0.00068
   0.06035
   0.07287
   0.02846
  -0.03819
  -0.07500
  -0.05321
   0.01015
   0.06558
   0.06977
   0.01946
  -0.04606
  -0.07559
  -0.04606
   0.01946
   0.06977
   0.06558
   0.01015
  -0.05321
  -0.07500
  -0.03819
   0.02846
   0.07287
   0.06035
   0.00068
