   0.05707
  -0.07457
   0.03800
   0.02613
  -0.07131
   0.06478
  -0.01127
  -0.05041
   0.07554
  -0.04589
  -0.01704
   0.06761
  -0.06915
   0.02055
   0.04295
  -0.07531
   0.05305
   0.00767
  -0.06284
   0.07243
  -0.02951
  -0.03482
   0.07389
  -0.05938
   0.00181
   0.05707
  -0.07457
   0.03800
   0.02613
  -0.07131
   0.06478
  -0.01127
  -0.05041
   0.07554
  -0.04589
  -0.01704
   0.06761
  -0.06915
   0.02055
   0.04295
  -0.07531
   0.05305
   0.00767
  -0.06284
   0.07243
  -0.02951
  -0.03482
   0.07389
  -0.05938
   0.00181
   0.05707
  -0.07457
   0.03800
   0.02613
  -0.07131
   0.06478
  -0.01127
  -0.05041
   0.07554
  -0.04589
  -0.01704
   0.06761
  -0.06915
   0.02055
   0.04295
  -0.07531
   0.05305
   0.00767
  -0.06284
   0.07243
  -0.02951
  -0.03482
   0.07389
  -0.05938
   0.00181
   0.05707
  -0.07457
   0.03800
   0.02613
  -0.07131
   0.06478
  -0.01127
  -0.05041
   0.07554
  -0.04589
  -0.01704
   0.06761
  -0.06915
   0.02055
   0.04295
  -0.07531
   0.05305
   0.00767
  -0.06284
   0.07243
  -0.02951
  -0.03482
   0.07389
  -0.05938
   0.00181
   0.05707
  -0.07457
   0.03800
   0.02613
  -0.07131
   0.06478
  -0.01127
  -0.05041
   0.07554
  -0.04589
  -0.01704
   0.06761
  -0.06915
   0.02055
   0.04295
  -0.07531
   0.05305
   0.00767
  -0.06284
   0.07243
  -0.02951
  -0.03482
   0.07389
  -0.05938
   0.00181
   0.05707
  -0.07457
   0.03800
   0.02613
  -0.07131
   0.06478
  -0.01127
  -0.05041
   0.07554
  -0.04589
  -0.01704
   0.06761
  -0.06915
   0.02055
   0.04295
  -0.07531
   0.05305
   0.00767
  -0.06284
   0.07243
  -0.02951
  -0.03482
   0.07389
  -0.05938
   0.00181
   0.05707
  -0.07457
   0.03800
   0.02613
  -0.07131
   0.06478
  -0.01127
  -0.05041
   0.07554
  -0.04589
  -0.01704
   0.06761
  -0.06915
   0.02055
   0.04295
  -0.07531
   0.05305
   0.00767
  -0.06284
   0.07243
  -0.02951
  -0.03482
   0.07389
  -0.05938
   0.00181
   0.05707
  -0.07457
   0.03800
   0.02613
  -0.07131
   0.06478
  -0.01127
  -0.05041
   0.07554
  -0.04589
  -0.01704
   0.06761
  -0.06915
   0.02055
   0.04295
  -0.07531
   0.05305
   0.00767
  -0.06284
   0.07243
  -0.02951
  -0.03482
   0.07389
  -0.05938
   0.00181
   0.05707
  -0.07457
   0.03800
   0.02613
  -0.07131
   0.06478
  -0.01127
  -0.05041
   0.07554
  -0.04589
  -0.01704
   0.06761
  -0.06915
   0.02055
   0.04295
  -0.07531
   0.05305
   0.00767
  -0.06284
   0.07243
  -0.02951
  -0.03482
   0.07389
  -0.05938
   0.00181
   0.05707
  -0.07457
   0.03800
   0.02613
  -0.07131
   0.06478
  -0.01127
  -0.05041
   0.07554
  -0.04589
  -0.01704
   0.06761
  -0.06915
   0.02055
   0.04295
  -0.07531
   0.05305
   0.00767
  -0.06284
   0.07243
  -0.02951
  -0.03482
   0.07389
  -0.05938
   0.00181
   0.05707
  -0.07457
   0.03800
   0.02613
  -0.07131
   0.06478
  -0.01127
  -0.05041
   0.07554
  -0.04589
  -0.01704
   0.06761
  -0.06915
   0.02055
   0.04295
  -0.07531
   0.05305
   0.00767
  -0.06284
   0.07243
  -0.02951
  -0.03482
   0.07389
  -0.05938
   0.00181
   0.05707
  -0.07457
   0.03800
   0.02613
  -0.07131
   0.06478
  -0.01127
  -0.05041
   0.07554
  -0.04589
  -0.01704
   0.06761
  -0.06915
   0.02055
   0.04295
  -0.07531
   0.05305
   0.00767
  -0.06284
   0.07243
  -0.02951
  -0.03482
   0.07389
  -0.05938
   0.00181
   0.05707
  -0.07457
   0.03800
   0.02613
  -0.07131
   0.06478
  -0.01127
  -0.05041
   0.07554
  -0.04589
  -0.01704
   0.06761
  -0.06915
   0.02055
   0.04295
  -0.07531
   0.05305
   0.00767
  -0.06284
   0.07243
  -0.02951
  -0.03482
   0.07389
  -0.05938
   0.00181
   0.05707
  -0.07457
   0.03800
   0.02613
  -0.07131
   0.06478
  -0.01127
  -0.05041
   0.07554
  -0.04589
  -0.01704
   0.06761
  -0.06915
   0.02055
   0.04295
  -0.07531
   0.05305
   0.00767
  -0.06284
   0.07243
  -0.02951
  -0.03482
   0.07389
  -0.05938
   0.00181
