  -0.00970
   0.02033
  -0.03054
   0.04012
  -0.04888
   0.05663
  -0.06321
   0.06849
  -0.07237
   0.07475
  -0.07559
   0.07488
  -0.07262
   0.06887
  -0.06370
   0.05722
  -0.04956
   0.04089
  -0.03136
   0.02120
  -0.01059
  -0.00023
   0.01104
  -0.02163
   0.03178
  -0.04127
   0.04991
  -0.05752
   0.06395
  -0.06906
   0.07275
  -0.07494
   0.07559
  -0.07468
   0.07223
  -0.06830
   0.06296
  -0.05633
   0.04853
  -0.03974
   0.03012
  -0.01989
   0.00925
   0.00158
  -0.01238
   0.02293
  -0.03300
   0.04240
  -0.05092
   0.05839
  -0.06466
   0.06960
  -0.07310
   0.07510
  -0.07556
   0.07446
  -0.07182
   0.06771
  -0.06220
   0.05541
  -0.04748
   0.03858
  -0.02888
   0.01858
  -0.00790
  -0.00294
   0.01372
  -0.02422
   0.03422
  -0.04351
   0.05191
  -0.05924
   0.06535
  -0.07012
   0.07344
  -0.07525
   0.07551
  -0.07421
   0.07139
  -0.06710
   0.06142
  -0.05448
   0.04642
  -0.03740
   0.02762
  -0.01726
   0.00655
   0.00430
  -0.01505
   0.02550
  -0.03542
   0.04462
  -0.05289
   0.06008
  -0.06602
   0.07061
  -0.07375
   0.07536
  -0.07543
   0.07394
  -0.07093
   0.06646
  -0.06062
   0.05353
  -0.04534
   0.03622
  -0.02635
   0.01594
  -0.00520
  -0.00565
   0.01638
  -0.02677
   0.03662
  -0.04570
   0.05385
  -0.06089
   0.06667
  -0.07109
   0.07403
  -0.07546
   0.07533
  -0.07365
   0.07045
  -0.06580
   0.05980
  -0.05257
   0.04425
  -0.03502
   0.02507
  -0.01461
   0.00384
   0.00700
  -0.01770
   0.02804
  -0.03780
   0.04678
  -0.05479
   0.06168
  -0.06730
   0.07154
  -0.07430
   0.07553
  -0.07520
   0.07333
  -0.06995
   0.06512
  -0.05896
   0.05158
  -0.04314
   0.03381
  -0.02379
   0.01327
  -0.00249
  -0.00835
   0.01902
  -0.02929
   0.03897
  -0.04784
   0.05572
  -0.06246
   0.06791
  -0.07196
   0.07453
  -0.07557
   0.07505
  -0.07299
   0.06942
  -0.06442
   0.05810
  -0.05058
   0.04202
  -0.03259
   0.02250
  -0.01194
   0.00113
   0.00970
  -0.02033
   0.03054
  -0.04012
   0.04888
  -0.05663
   0.06321
  -0.06849
   0.07237
  -0.07475
   0.07559
  -0.07488
   0.07262
  -0.06887
   0.06370
  -0.05722
   0.04956
  -0.04089
   0.03136
  -0.02120
   0.01059
   0.00023
  -0.01104
   0.02163
  -0.03178
   0.04127
  -0.04991
   0.05752
  -0.06395
   0.06906
  -0.07275
   0.07494
  -0.07559
   0.07468
  -0.07223
   0.06830
  -0.06296
   0.05633
  -0.04853
   0.03974
  -0.03012
   0.01989
  -0.00925
  -0.00158
   0.01238
  -0.02293
   0.03300
  -0.04240
   0.05092
  -0.05839
   0.06466
  -0.06960
   0.07310
  -0.07510
   0.07556
  -0.07446
   0.07182
  -0.06771
   0.06220
  -0.05541
   0.04748
  -0.03858
   0.02888
  -0.01858
   0.00790
   0.00294
  -0.01372
   0.02422
  -0.03422
   0.04351
  -0.05191
   0.05924
  -0.06535
   0.07012
  -0.07344
   0.07525
  -0.07551
   0.07421
  -0.07139
   0.06710
  -0.06142
   0.05448
  -0.04642
   0.03740
  -0.02762
   0.01726
  -0.00655
  -0.00430
   0.01505
  -0.02550
   0.03542
  -0.04462
   0.05289
  -0.06008
   0.06602
  -0.07061
   0.07375
  -0.07536
   0.07543
  -0.07394
   0.07093
  -0.06646
   0.06062
  -0.05353
   0.04534
  -0.03622
   0.02635
  -0.01594
   0.00520
   0.00565
  -0.01638
   0.02677
  -0.03662
   0.04570
  -0.05385
   0.06089
  -0.06667
   0.07109
  -0.07403
   0.07546
  -0.07533
   0.07365
  -0.07045
   0.06580
  -0.05980
   0.05257
  -0.04425
   0.03502
  -0.02507
   0.01461
  -0.00384
  -0.00700
   0.01770
  -0.02804
   0.03780
  -0.04678
   0.05479
  -0.06168
   0.06730
  -0.07154
   0.07430
  -0.07553
   0.07520
  -0.07333
   0.06995
  -0.06512
   0.05896
  -0.05158
   0.04314
  -0.03381
   0.02379
  -0.01327
   0.00249
   0.00835
  -0.01902
   0.02929
  -0.03897
   0.04784
  -0.05572
   0.06246
  -0.06791
   0.07196
  -0.07453
   0.07557
  -0.07505
   0.07299
  -0.06942
   0.06442
  -0.05810
   0.05058
  -0.04202
   0.03259
  -0.02250
   0.01194
  -0.00113
