   0.03356
  -0.04805
  -0.07291
  -0.01166
   0.06337
   0.06355
  -0.01132
  -0.07282
  -0.04832
   0.03326
   0.07555
   0.02861
  -0.05212
  -0.07129
  -0.00627
   0.06616
   0.06045
  -0.01666
  -0.07409
  -0.04402
   0.03804
   0.07517
   0.02352
  -0.05591
  -0.06931
  -0.00085
   0.06861
   0.05704
  -0.02190
  -0.07498
  -0.03950
   0.04263
   0.07441
   0.01831
  -0.05942
  -0.06696
   0.00458
   0.07071
   0.05333
  -0.02704
  -0.07547
  -0.03477
   0.04700
   0.07326
   0.01300
  -0.06262
  -0.06428
   0.00998
   0.07245
   0.04935
  -0.03203
  -0.07558
  -0.02987
   0.05113
   0.07173
   0.00762
  -0.06549
  -0.06126
   0.01533
   0.07381
   0.04512
  -0.03686
  -0.07530
  -0.02481
   0.05499
   0.06984
   0.00220
  -0.06803
  -0.05792
   0.02060
   0.07479
   0.04065
  -0.04150
  -0.07464
  -0.01962
   0.05857
   0.06758
  -0.00322
  -0.07022
  -0.05429
   0.02577
   0.07539
   0.03597
  -0.04593
  -0.07358
  -0.01433
   0.06185
   0.06498
  -0.00863
  -0.07205
  -0.05037
   0.03080
   0.07559
   0.03111
  -0.05012
  -0.07215
  -0.00897
   0.06481
   0.06204
  -0.01400
  -0.07350
  -0.04620
   0.03567
   0.07541
   0.02608
  -0.05405
  -0.07035
  -0.00356
   0.06743
   0.05878
  -0.01929
  -0.07458
  -0.04179
   0.04036
   0.07484
   0.02093
  -0.05770
  -0.06818
   0.00187
   0.06971
   0.05522
  -0.02449
  -0.07527
  -0.03716
   0.04484
   0.07388
   0.01566
  -0.06106
  -0.06566
   0.00728
   0.07163
   0.05137
  -0.02955
  -0.07558
  -0.03234
   0.04909
   0.07254
   0.01031
  -0.06410
  -0.06281
   0.01266
   0.07318
   0.04726
  -0.03447
  -0.07549
  -0.02735
   0.05309
   0.07083
   0.00492
  -0.06681
  -0.05963
   0.01798
   0.07435
   0.04291
  -0.03921
  -0.07502
  -0.02223
   0.05682
   0.06876
  -0.00051
  -0.06917
  -0.05614
   0.02320
   0.07514
   0.03833
  -0.04374
  -0.07416
  -0.01699
   0.06025
   0.06632
  -0.00593
  -0.07118
  -0.05236
   0.02830
   0.07554
   0.03356
  -0.04805
  -0.07291
  -0.01166
   0.06337
   0.06355
  -0.01132
  -0.07282
  -0.04832
   0.03326
   0.07555
   0.02861
  -0.05212
  -0.07129
  -0.00627
   0.06616
   0.06045
  -0.01666
  -0.07409
  -0.04402
   0.03804
   0.07517
   0.02352
  -0.05591
  -0.06931
  -0.00085
   0.06861
   0.05704
  -0.02190
  -0.07498
  -0.03950
   0.04263
   0.07441
   0.01831
  -0.05942
  -0.06696
   0.00458
   0.07071
   0.05333
  -0.02704
  -0.07547
  -0.03477
   0.04700
   0.07326
   0.01300
  -0.06262
  -0.06428
   0.00998
   0.07245
   0.04935
  -0.03203
  -0.07558
  -0.02987
   0.05113
   0.07173
   0.00762
  -0.06549
  -0.06126
   0.01533
   0.07381
   0.04512
  -0.03686
  -0.07530
  -0.02481
   0.05499
   0.06984
   0.00220
  -0.06803
  -0.05792
   0.02060
   0.07479
   0.04065
  -0.04150
  -0.07464
  -0.01962
   0.05857
   0.06758
  -0.00322
  -0.07022
  -0.05429
   0.02577
   0.07539
   0.03597
  -0.04593
  -0.07358
  -0.01433
   0.06185
   0.06498
  -0.00863
  -0.07205
  -0.05037
   0.03080
   0.07559
   0.03111
  -0.05012
  -0.07215
  -0.00897
   0.06481
   0.06204
  -0.01400
  -0.07350
  -0.04620
   0.03567
   0.07541
   0.02608
  -0.05405
  -0.07035
  -0.00356
   0.06743
   0.05878
  -0.01929
  -0.07458
  -0.04179
   0.04036
   0.07484
   0.02093
  -0.05770
  -0.06818
   0.00187
   0.06971
   0.05522
  -0.02449
  -0.07527
  -0.03716
   0.04484
   0.07388
   0.01566
  -0.06106
  -0.06566
   0.00728
   0.07163
   0.05137
  -0.02955
  -0.07558
  -0.03234
   0.04909
   0.07254
   0.01031
  -0.06410
  -0.06281
   0.01266
   0.07318
   0.04726
  -0.03447
  -0.07549
  -0.02735
   0.05309
   0.07083
   0.00492
  -0.06681
  -0.05963
   0.01798
   0.07435
   0.04291
  -0.03921
  -0.07502
  -0.02223
   0.05682
   0.06876
  -0.00051
  -0.06917
  -0.05614
   0.02320
   0.07514
   0.03833
  -0.04374
  -0.07416
  -0.01699
   0.06025
   0.06632
  -0.00593
  -0.07118
  -0.05236
   0.02830
   0.07554
