   0.02299
   0.06768
  -0.04356
  -0.05444
   0.06011
   0.03616
  -0.07111
  -0.01455
   0.07553
  -0.00842
  -0.07297
   0.03060
   0.06367
  -0.04995
  -0.04848
   0.06469
   0.02882
  -0.07345
  -0.00649
   0.07542
  -0.01644
  -0.07043
   0.03785
   0.05892
  -0.05576
  -0.04197
   0.06852
   0.02114
  -0.07495
   0.00165
   0.07445
  -0.02428
  -0.06707
   0.04467
   0.05349
  -0.06093
  -0.03497
   0.07156
   0.01321
  -0.07557
   0.00976
   0.07261
  -0.03183
  -0.06293
   0.05096
   0.04743
  -0.06538
  -0.02756
   0.07376
   0.00513
  -0.07532
   0.01776
   0.06992
  -0.03902
  -0.05806
   0.05667
   0.04083
  -0.06908
  -0.01983
   0.07511
  -0.00300
  -0.07420
   0.02556
   0.06643
  -0.04575
  -0.05252
   0.06172
   0.03376
  -0.07198
  -0.01187
   0.07559
  -0.01111
  -0.07222
   0.03306
   0.06217
  -0.05196
  -0.04637
   0.06605
   0.02629
  -0.07405
  -0.00378
   0.07520
  -0.01908
  -0.06940
   0.04018
   0.05718
  -0.05756
  -0.03968
   0.06962
   0.01852
  -0.07525
   0.00436
   0.07393
  -0.02683
  -0.06577
   0.04683
   0.05153
  -0.06249
  -0.03254
   0.07239
   0.01053
  -0.07559
   0.01245
   0.07180
  -0.03427
  -0.06138
   0.05294
   0.04529
  -0.06670
  -0.02501
   0.07431
   0.00242
  -0.07504
   0.02039
   0.06885
  -0.04132
  -0.05628
   0.05843
   0.03852
  -0.07014
  -0.01720
   0.07537
  -0.00571
  -0.07363
   0.02810
   0.06509
  -0.04788
  -0.05053
   0.06325
   0.03131
  -0.07276
  -0.00919
   0.07556
  -0.01378
  -0.07137
   0.03548
   0.06058
  -0.05390
  -0.04420
   0.06733
   0.02373
  -0.07454
  -0.00107
   0.07487
  -0.02169
  -0.06827
   0.04245
   0.05537
  -0.05928
  -0.03735
   0.07064
   0.01588
  -0.07546
   0.00707
   0.07331
  -0.02935
  -0.06439
   0.04893
   0.04952
  -0.06398
  -0.03007
   0.07312
   0.00784
  -0.07550
   0.01512
   0.07091
  -0.03667
  -0.05976
   0.05484
   0.04309
  -0.06794
  -0.02244
   0.07476
  -0.00029
  -0.07467
   0.02299
   0.06768
  -0.04356
  -0.05444
   0.06011
   0.03616
  -0.07111
  -0.01455
   0.07553
  -0.00842
  -0.07297
   0.03060
   0.06367
  -0.04995
  -0.04848
   0.06469
   0.02882
  -0.07345
  -0.00649
   0.07542
  -0.01644
  -0.07043
   0.03785
   0.05892
  -0.05576
  -0.04197
   0.06852
   0.02114
  -0.07495
   0.00165
   0.07445
  -0.02428
  -0.06707
   0.04467
   0.05349
  -0.06093
  -0.03497
   0.07156
   0.01321
  -0.07557
   0.00976
   0.07261
  -0.03183
  -0.06293
   0.05096
   0.04743
  -0.06538
  -0.02756
   0.07376
   0.00513
  -0.07532
   0.01776
   0.06992
  -0.03902
  -0.05806
   0.05667
   0.04083
  -0.06908
  -0.01983
   0.07511
  -0.00300
  -0.07420
   0.02556
   0.06643
  -0.04575
  -0.05252
   0.06172
   0.03376
  -0.07198
  -0.01187
   0.07559
  -0.01111
  -0.07222
   0.03306
   0.06217
  -0.05196
  -0.04637
   0.06605
   0.02629
  -0.07405
  -0.00378
   0.07520
  -0.01908
  -0.06940
   0.04018
   0.05718
  -0.05756
  -0.03968
   0.06962
   0.01852
  -0.07525
   0.00436
   0.07393
  -0.02683
  -0.06577
   0.04683
   0.05153
  -0.06249
  -0.03254
   0.07239
   0.01053
  -0.07559
   0.01245
   0.07180
  -0.03427
  -0.06138
   0.05294
   0.04529
  -0.06670
  -0.02501
   0.07431
   0.00242
  -0.07504
   0.02039
   0.06885
  -0.04132
  -0.05628
   0.05843
   0.03852
  -0.07014
  -0.01720
   0.07537
  -0.00571
  -0.07363
   0.02810
   0.06509
  -0.04788
  -0.05053
   0.06325
   0.03131
  -0.07276
  -0.00919
   0.07556
  -0.01378
  -0.07137
   0.03548
   0.06058
  -0.05390
  -0.04420
   0.06733
   0.02373
  -0.07454
  -0.00107
   0.07487
  -0.02169
  -0.06827
   0.04245
   0.05537
  -0.05928
  -0.03735
   0.07064
   0.01588
  -0.07546
   0.00707
   0.07331
  -0.02935
  -0.06439
   0.04893
   0.04952
  -0.06398
  -0.03007
   0.07312
   0.00784
  -0.07550
   0.01512
   0.07091
  -0.03667
  -0.05976
   0.05484
   0.04309
  -0.06794
  -0.02244
   0.07476
  -0.00029
  -0.07467
