  -0.02512
   0.04960
  -0.06712
   0.07521
  -0.07273
   0.06004
  -0.03892
   0.01233
   0.01599
  -0.04206
   0.06223
  -0.07366
   0.07474
  -0.06533
   0.04674
  -0.02158
  -0.00660
   0.03386
  -0.05636
   0.07095
  -0.07557
   0.06958
  -0.05381
   0.03049
  -0.00289
  -0.02512
   0.04960
  -0.06712
   0.07521
  -0.07273
   0.06004
  -0.03892
   0.01233
   0.01599
  -0.04206
   0.06223
  -0.07366
   0.07474
  -0.06533
   0.04674
  -0.02158
  -0.00660
   0.03386
  -0.05636
   0.07095
  -0.07557
   0.06958
  -0.05381
   0.03049
  -0.00289
  -0.02512
   0.04960
  -0.06712
   0.07521
  -0.07273
   0.06004
  -0.03892
   0.01233
   0.01599
  -0.04206
   0.06223
  -0.07366
   0.07474
  -0.06533
   0.04674
  -0.02158
  -0.00660
   0.03386
  -0.05636
   0.07095
  -0.07557
   0.06958
  -0.05381
   0.03049
  -0.00289
  -0.02512
   0.04960
  -0.06712
   0.07521
  -0.07273
   0.06004
  -0.03892
   0.01233
   0.01599
  -0.04206
   0.06223
  -0.07366
   0.07474
  -0.06533
   0.04674
  -0.02158
  -0.00660
   0.03386
  -0.05636
   0.07095
  -0.07557
   0.06958
  -0.05381
   0.03049
  -0.00289
  -0.02512
   0.04960
  -0.06712
   0.07521
  -0.07273
   0.06004
  -0.03892
   0.01233
   0.01599
  -0.04206
   0.06223
  -0.07366
   0.07474
  -0.06533
   0.04674
  -0.02158
  -0.00660
   0.03386
  -0.05636
   0.07095
  -0.07557
   0.06958
  -0.05381
   0.03049
  -0.00289
  -0.02512
   0.04960
  -0.06712
   0.07521
  -0.07273
   0.06004
  -0.03892
   0.01233
   0.01599
  -0.04206
   0.06223
  -0.07366
   0.07474
  -0.06533
   0.04674
  -0.02158
  -0.00660
   0.03386
  -0.05636
   0.07095
  -0.07557
   0.06958
  -0.05381
   0.03049
  -0.00289
  -0.02512
   0.04960
  -0.06712
   0.07521
  -0.07273
   0.06004
  -0.03892
   0.01233
   0.01599
  -0.04206
   0.06223
  -0.07366
   0.07474
  -0.06533
   0.04674
  -0.02158
  -0.00660
   0.03386
  -0.05636
   0.07095
  -0.07557
   0.06958
  -0.05381
   0.03049
  -0.00289
  -0.02512
   0.04960
  -0.06712
   0.07521
  -0.07273
   0.06004
  -0.03892
   0.01233
   0.01599
  -0.04206
   0.06223
  -0.07366
   0.07474
  -0.06533
   0.04674
  -0.02158
  -0.00660
   0.03386
  -0.05636
   0.07095
  -0.07557
   0.06958
  -0.05381
   0.03049
  -0.00289
  -0.02512
   0.04960
  -0.06712
   0.07521
  -0.07273
   0.06004
  -0.03892
   0.01233
   0.01599
  -0.04206
   0.06223
  -0.07366
   0.07474
  -0.06533
   0.04674
  -0.02158
  -0.00660
   0.03386
  -0.05636
   0.07095
  -0.07557
   0.06958
  -0.05381
   0.03049
  -0.00289
  -0.02512
   0.04960
  -0.06712
   0.07521
  -0.07273
   0.06004
  -0.03892
   0.01233
   0.01599
  -0.04206
   0.06223
  -0.07366
   0.07474
  -0.06533
   0.04674
  -0.02158
  -0.00660
   0.03386
  -0.05636
   0.07095
  -0.07557
   0.06958
  -0.05381
   0.03049
  -0.00289
  -0.02512
   0.04960
  -0.06712
   0.07521
  -0.07273
   0.06004
  -0.03892
   0.01233
   0.01599
  -0.04206
   0.06223
  -0.07366
   0.07474
  -0.06533
   0.04674
  -0.02158
  -0.00660
   0.03386
  -0.05636
   0.07095
  -0.07557
   0.06958
  -0.05381
   0.03049
  -0.00289
  -0.02512
   0.04960
  -0.06712
   0.07521
  -0.07273
   0.06004
  -0.03892
   0.01233
   0.01599
  -0.04206
   0.06223
  -0.07366
   0.07474
  -0.06533
   0.04674
  -0.02158
  -0.00660
   0.03386
  -0.05636
   0.07095
  -0.07557
   0.06958
  -0.05381
   0.03049
  -0.00289
  -0.02512
   0.04960
  -0.06712
   0.07521
  -0.07273
   0.06004
  -0.03892
   0.01233
   0.01599
  -0.04206
   0.06223
  -0.07366
   0.07474
  -0.06533
   0.04674
  -0.02158
  -0.00660
   0.03386
  -0.05636
   0.07095
  -0.07557
   0.06958
  -0.05381
   0.03049
  -0.00289
  -0.02512
   0.04960
  -0.06712
   0.07521
  -0.07273
   0.06004
  -0.03892
   0.01233
   0.01599
  -0.04206
   0.06223
  -0.07366
   0.07474
  -0.06533
   0.04674
  -0.02158
  -0.00660
   0.03386
  -0.05636
   0.07095
  -0.07557
   0.06958
  -0.05381
   0.03049
  -0.00289
