  -0.04725
   0.07254
  -0.07163
   0.04486
  -0.00189
  -0.04177
   0.07034
  -0.07351
   0.05013
  -0.00865
  -0.03595
   0.06757
  -0.07479
   0.05500
  -0.01535
  -0.02985
   0.06426
  -0.07548
   0.05943
  -0.02192
  -0.02350
   0.06044
  -0.07555
   0.06338
  -0.02832
  -0.01697
   0.05613
  -0.07502
   0.06682
  -0.03449
  -0.01030
   0.05136
  -0.07388
   0.06972
  -0.04038
  -0.00354
   0.04618
  -0.07214
   0.07205
  -0.04594
   0.00324
   0.04063
  -0.06983
   0.07381
  -0.05114
   0.01000
   0.03475
  -0.06696
   0.07498
  -0.05592
   0.01668
   0.02860
  -0.06354
   0.07554
  -0.06026
   0.02322
   0.02221
  -0.05961
   0.07549
  -0.06411
   0.02957
   0.01564
  -0.05521
   0.07484
  -0.06744
   0.03569
   0.00895
  -0.05036
   0.07358
  -0.07023
   0.04152
   0.00218
  -0.04510
   0.07173
  -0.07245
   0.04701
  -0.00460
  -0.03948
   0.06930
  -0.07409
   0.05213
  -0.01134
  -0.03354
   0.06631
  -0.07514
   0.05683
  -0.01800
  -0.02733
   0.06279
  -0.07558
   0.06107
  -0.02450
  -0.02091
   0.05877
  -0.07541
   0.06482
  -0.03082
  -0.01431
   0.05427
  -0.07463
   0.06804
  -0.03688
  -0.00760
   0.04934
  -0.07326
   0.07072
  -0.04265
  -0.00083
   0.04400
  -0.07129
   0.07283
  -0.04807
   0.00595
   0.03832
  -0.06875
   0.07435
  -0.05311
   0.01268
   0.03232
  -0.06565
   0.07528
  -0.05771
   0.01931
   0.02607
  -0.06203
   0.07559
  -0.06186
   0.02578
   0.01960
  -0.05791
   0.07530
  -0.06550
   0.03205
   0.01298
  -0.05332
   0.07440
  -0.06862
   0.03806
   0.00625
  -0.04830
   0.07291
  -0.07119
   0.04376
  -0.00053
  -0.04289
   0.07083
  -0.07318
   0.04911
  -0.00730
  -0.03714
   0.06817
  -0.07458
   0.05406
  -0.01402
  -0.03109
   0.06497
  -0.07539
   0.05858
  -0.02062
  -0.02479
   0.06124
  -0.07558
   0.06263
  -0.02706
  -0.01829
   0.05703
  -0.07517
   0.06617
  -0.03327
  -0.01164
   0.05235
  -0.07415
   0.06918
  -0.03922
  -0.00490
   0.04725
  -0.07254
   0.07163
  -0.04486
   0.00189
   0.04177
  -0.07034
   0.07351
  -0.05013
   0.00865
   0.03595
  -0.06757
   0.07479
  -0.05500
   0.01535
   0.02985
  -0.06426
   0.07548
  -0.05943
   0.02192
   0.02350
  -0.06044
   0.07555
  -0.06338
   0.02832
   0.01697
  -0.05613
   0.07502
  -0.06682
   0.03449
   0.01030
  -0.05136
   0.07388
  -0.06972
   0.04038
   0.00354
  -0.04618
   0.07214
  -0.07205
   0.04594
  -0.00324
  -0.04063
   0.06983
  -0.07381
   0.05114
  -0.01000
  -0.03475
   0.06696
  -0.07498
   0.05592
  -0.01668
  -0.02860
   0.06354
  -0.07554
   0.06026
  -0.02322
  -0.02221
   0.05961
  -0.07549
   0.06411
  -0.02957
  -0.01564
   0.05521
  -0.07484
   0.06744
  -0.03569
  -0.00895
   0.05036
  -0.07358
   0.07023
  -0.04152
  -0.00218
   0.04510
  -0.07173
   0.07245
  -0.04701
   0.00460
   0.03948
  -0.06930
   0.07409
  -0.05213
   0.01134
   0.03354
  -0.06631
   0.07514
  -0.05683
   0.01800
   0.02733
  -0.06279
   0.07558
  -0.06107
   0.02450
   0.02091
  -0.05877
   0.07541
  -0.06482
   0.03082
   0.01431
  -0.05427
   0.07463
  -0.06804
   0.03688
   0.00760
  -0.04934
   0.07326
  -0.07072
   0.04265
   0.00083
  -0.04400
   0.07129
  -0.07283
   0.04807
  -0.00595
  -0.03832
   0.06875
  -0.07435
   0.05311
  -0.01268
  -0.03232
   0.06565
  -0.07528
   0.05771
  -0.01931
  -0.02607
   0.06203
  -0.07559
   0.06186
  -0.02578
  -0.01960
   0.05791
  -0.07530
   0.06550
  -0.03205
  -0.01298
   0.05332
  -0.07440
   0.06862
  -0.03806
  -0.00625
   0.04830
  -0.07291
   0.07119
  -0.04376
   0.00053
   0.04289
  -0.07083
   0.07318
  -0.04911
   0.00730
   0.03714
  -0.06817
   0.07458
  -0.05406
   0.01402
   0.03109
  -0.06497
   0.07539
  -0.05858
   0.02062
   0.02479
  -0.06124
   0.07558
  -0.06263
   0.02706
   0.01829
  -0.05703
   0.07517
  -0.06617
   0.03327
   0.01164
  -0.05235
   0.07415
  -0.06918
   0.03922
   0.00490
