   0.00032
  -0.07553
   0.00646
   0.07495
  -0.01319
  -0.07377
   0.01981
   0.07199
  -0.02626
  -0.06963
   0.03251
   0.06672
  -0.03850
  -0.06326
   0.04418
   0.05930
  -0.04950
  -0.05486
   0.05442
   0.04997
  -0.05890
  -0.04469
   0.06291
   0.03904
  -0.06642
  -0.03308
   0.06938
   0.02686
  -0.07179
  -0.02042
   0.07363
   0.01381
  -0.07487
  -0.00709
   0.07550
   0.00032
  -0.07553
   0.00646
   0.07495
  -0.01319
  -0.07377
   0.01981
   0.07199
  -0.02626
  -0.06963
   0.03251
   0.06672
  -0.03850
  -0.06326
   0.04418
   0.05930
  -0.04950
  -0.05486
   0.05442
   0.04997
  -0.05890
  -0.04469
   0.06291
   0.03904
  -0.06642
  -0.03308
   0.06938
   0.02686
  -0.07179
  -0.02042
   0.07363
   0.01381
  -0.07487
  -0.00709
   0.07550
   0.00032
  -0.07553
   0.00646
   0.07495
  -0.01319
  -0.07377
   0.01981
   0.07199
  -0.02626
  -0.06963
   0.03251
   0.06672
  -0.03850
  -0.06326
   0.04418
   0.05930
  -0.04950
  -0.05486
   0.05442
   0.04997
  -0.05890
  -0.04469
   0.06291
   0.03904
  -0.06642
  -0.03308
   0.06938
   0.02686
  -0.07179
  -0.02042
   0.07363
   0.01381
  -0.07487
  -0.00709
   0.07550
   0.00032
  -0.07553
   0.00646
   0.07495
  -0.01319
  -0.07377
   0.01981
   0.07199
  -0.02626
  -0.06963
   0.03251
   0.06672
  -0.03850
  -0.06326
   0.04418
   0.05930
  -0.04950
  -0.05486
   0.05442
   0.04997
  -0.05890
  -0.04469
   0.06291
   0.03904
  -0.06642
  -0.03308
   0.06938
   0.02686
  -0.07179
  -0.02042
   0.07363
   0.01381
  -0.07487
  -0.00709
   0.07550
   0.00032
  -0.07553
   0.00646
   0.07495
  -0.01319
  -0.07377
   0.01981
   0.07199
  -0.02626
  -0.06963
   0.03251
   0.06672
  -0.03850
  -0.06326
   0.04418
   0.05930
  -0.04950
  -0.05486
   0.05442
   0.04997
  -0.05890
  -0.04469
   0.06291
   0.03904
  -0.06642
  -0.03308
   0.06938
   0.02686
  -0.07179
  -0.02042
   0.07363
   0.01381
  -0.07487
  -0.00709
   0.07550
   0.00032
  -0.07553
   0.00646
   0.07495
  -0.01319
  -0.07377
   0.01981
   0.07199
  -0.02626
  -0.06963
   0.03251
   0.06672
  -0.03850
  -0.06326
   0.04418
   0.05930
  -0.04950
  -0.05486
   0.05442
   0.04997
  -0.05890
  -0.04469
   0.06291
   0.03904
  -0.06642
  -0.03308
   0.06938
   0.02686
  -0.07179
  -0.02042
   0.07363
   0.01381
  -0.07487
  -0.00709
   0.07550
   0.00032
  -0.07553
   0.00646
   0.07495
  -0.01319
  -0.07377
   0.01981
   0.07199
  -0.02626
  -0.06963
   0.03251
   0.06672
  -0.03850
  -0.06326
   0.04418
   0.05930
  -0.04950
  -0.05486
   0.05442
   0.04997
  -0.05890
  -0.04469
   0.06291
   0.03904
  -0.06642
  -0.03308
   0.06938
   0.02686
  -0.07179
  -0.02042
   0.07363
   0.01381
  -0.07487
  -0.00709
   0.07550
   0.00032
  -0.07553
   0.00646
   0.07495
  -0.01319
  -0.07377
   0.01981
   0.07199
  -0.02626
  -0.06963
   0.03251
   0.06672
  -0.03850
  -0.06326
   0.04418
   0.05930
  -0.04950
  -0.05486
   0.05442
   0.04997
  -0.05890
  -0.04469
   0.06291
   0.03904
  -0.06642
  -0.03308
   0.06938
   0.02686
  -0.07179
  -0.02042
   0.07363
   0.01381
  -0.07487
  -0.00709
   0.07550
   0.00032
  -0.07553
   0.00646
   0.07495
  -0.01319
  -0.07377
   0.01981
   0.07199
  -0.02626
  -0.06963
   0.03251
   0.06672
  -0.03850
  -0.06326
   0.04418
   0.05930
  -0.04950
  -0.05486
   0.05442
   0.04997
  -0.05890
  -0.04469
   0.06291
   0.03904
  -0.06642
  -0.03308
   0.06938
   0.02686
  -0.07179
  -0.02042
   0.07363
   0.01381
  -0.07487
  -0.00709
   0.07550
   0.00032
  -0.07553
   0.00646
   0.07495
  -0.01319
  -0.07377
   0.01981
   0.07199
  -0.02626
  -0.06963
   0.03251
   0.06672
  -0.03850
  -0.06326
   0.04418
   0.05930
  -0.04950
  -0.05486
   0.05442
   0.04997
  -0.05890
  -0.04469
   0.06291
   0.03904
  -0.06642
  -0.03308
   0.06938
   0.02686
  -0.07179
  -0.02042
   0.07363
   0.01381
  -0.07487
  -0.00709
   0.07550
