   0.06872
  -0.05504
  -0.02728
   0.07558
  -0.02962
  -0.05328
   0.06974
   0.00077
  -0.07032
   0.05217
   0.03104
  -0.07554
   0.02584
   0.05609
  -0.06807
  -0.00484
   0.07171
  -0.04915
  -0.03471
   0.07528
  -0.02197
  -0.05874
   0.06620
   0.00890
  -0.07289
   0.04599
   0.03827
  -0.07480
   0.01805
   0.06121
  -0.06414
  -0.01292
   0.07387
  -0.04269
  -0.04172
   0.07411
  -0.01407
  -0.06351
   0.06189
   0.01691
  -0.07462
   0.03927
   0.04506
  -0.07319
   0.01005
   0.06563
  -0.05946
  -0.02086
   0.07517
  -0.03574
  -0.04826
   0.07207
  -0.00600
  -0.06755
   0.05686
   0.02474
  -0.07549
   0.03210
   0.05132
  -0.07074
   0.00194
   0.06928
  -0.05410
  -0.02855
   0.07559
  -0.02837
  -0.05423
   0.06920
   0.00213
  -0.07081
   0.05118
   0.03227
  -0.07548
   0.02456
   0.05699
  -0.06746
  -0.00620
   0.07213
  -0.04811
  -0.03591
   0.07514
  -0.02067
  -0.05958
   0.06553
   0.01024
  -0.07324
   0.04490
   0.03943
  -0.07459
   0.01673
   0.06200
  -0.06341
  -0.01426
   0.07414
  -0.04156
  -0.04285
   0.07383
  -0.01274
  -0.06424
   0.06110
   0.01823
  -0.07483
   0.03811
   0.04614
  -0.07284
   0.00871
   0.06629
  -0.05862
  -0.02216
   0.07530
  -0.03454
  -0.04929
   0.07165
  -0.00465
  -0.06815
   0.05596
   0.02601
  -0.07555
   0.03087
   0.05231
  -0.07025
   0.00058
   0.06981
  -0.05314
  -0.02980
   0.07558
  -0.02711
  -0.05517
   0.06864
   0.00349
  -0.07127
   0.05017
   0.03349
  -0.07539
   0.02327
   0.05787
  -0.06684
  -0.00755
   0.07252
  -0.04706
  -0.03709
   0.07498
  -0.01936
  -0.06041
   0.06484
   0.01158
  -0.07357
   0.04380
   0.04059
  -0.07436
   0.01540
   0.06276
  -0.06266
  -0.01559
   0.07440
  -0.04042
  -0.04396
   0.07352
  -0.01140
  -0.06494
   0.06029
   0.01955
  -0.07501
   0.03693
   0.04721
  -0.07247
   0.00736
   0.06693
  -0.05775
  -0.02345
   0.07540
  -0.03332
  -0.05032
   0.07121
  -0.00330
  -0.06872
   0.05504
   0.02728
  -0.07558
   0.02962
   0.05328
  -0.06974
  -0.00077
   0.07032
  -0.05217
  -0.03104
   0.07554
  -0.02584
  -0.05609
   0.06807
   0.00484
  -0.07171
   0.04915
   0.03471
  -0.07528
   0.02197
   0.05874
  -0.06620
  -0.00890
   0.07289
  -0.04599
  -0.03827
   0.07480
  -0.01805
  -0.06121
   0.06414
   0.01292
  -0.07387
   0.04269
   0.04172
  -0.07411
   0.01407
   0.06351
  -0.06189
  -0.01691
   0.07462
  -0.03927
  -0.04506
   0.07319
  -0.01005
  -0.06563
   0.05946
   0.02086
  -0.07517
   0.03574
   0.04826
  -0.07207
   0.00600
   0.06755
  -0.05686
  -0.02474
   0.07549
  -0.03210
  -0.05132
   0.07074
  -0.00194
  -0.06928
   0.05410
   0.02855
  -0.07559
   0.02837
   0.05423
  -0.06920
  -0.00213
   0.07081
  -0.05118
  -0.03227
   0.07548
  -0.02456
  -0.05699
   0.06746
   0.00620
  -0.07213
   0.04811
   0.03591
  -0.07514
   0.02067
   0.05958
  -0.06553
  -0.01024
   0.07324
  -0.04490
  -0.03943
   0.07459
  -0.01673
  -0.06200
   0.06341
   0.01426
  -0.07414
   0.04156
   0.04285
  -0.07383
   0.01274
   0.06424
  -0.06110
  -0.01823
   0.07483
  -0.03811
  -0.04614
   0.07284
  -0.00871
  -0.06629
   0.05862
   0.02216
  -0.07530
   0.03454
   0.04929
  -0.07165
   0.00465
   0.06815
  -0.05596
  -0.02601
   0.07555
  -0.03087
  -0.05231
   0.07025
  -0.00058
  -0.06981
   0.05314
   0.02980
  -0.07558
   0.02711
   0.05517
  -0.06864
  -0.00349
   0.07127
  -0.05017
  -0.03349
   0.07539
  -0.02327
  -0.05787
   0.06684
   0.00755
  -0.07252
   0.04706
   0.03709
  -0.07498
   0.01936
   0.06041
  -0.06484
  -0.01158
   0.07357
  -0.04380
  -0.04059
   0.07436
  -0.01540
  -0.06276
   0.06266
   0.01559
  -0.07440
   0.04042
   0.04396
  -0.07352
   0.01140
   0.06494
  -0.06029
  -0.01955
   0.07501
  -0.03693
  -0.04721
   0.07247
  -0.00736
  -0.06693
   0.05775
   0.02345
  -0.07540
   0.03332
   0.05032
  -0.07121
   0.00330
