  -0.01920
  -0.06987
   0.03796
   0.05968
  -0.05398
  -0.04519
   0.06612
   0.02744
  -0.07348
  -0.00771
   0.07555
  -0.01257
  -0.07218
   0.03195
   0.06360
  -0.04902
  -0.05044
   0.06256
   0.03364
  -0.07160
  -0.01442
   0.07547
  -0.00584
  -0.07390
   0.02568
   0.06701
  -0.04367
  -0.05528
   0.05851
   0.03958
  -0.06913
  -0.02102
   0.07478
   0.00094
  -0.07503
   0.01920
   0.06987
  -0.03796
  -0.05968
   0.05398
   0.04519
  -0.06612
  -0.02744
   0.07348
   0.00771
  -0.07555
   0.01257
   0.07218
  -0.03195
  -0.06360
   0.04902
   0.05044
  -0.06256
  -0.03364
   0.07160
   0.01442
  -0.07547
   0.00584
   0.07390
  -0.02568
  -0.06701
   0.04367
   0.05528
  -0.05851
  -0.03958
   0.06913
   0.02102
  -0.07478
  -0.00094
   0.07503
  -0.01920
  -0.06987
   0.03796
   0.05968
  -0.05398
  -0.04519
   0.06612
   0.02744
  -0.07348
  -0.00771
   0.07555
  -0.01257
  -0.07218
   0.03195
   0.06360
  -0.04902
  -0.05044
   0.06256
   0.03364
  -0.07160
  -0.01442
   0.07547
  -0.00584
  -0.07390
   0.02568
   0.06701
  -0.04367
  -0.05528
   0.05851
   0.03958
  -0.06913
  -0.02102
   0.07478
   0.00094
  -0.07503
   0.01920
   0.06987
  -0.03796
  -0.05968
   0.05398
   0.04519
  -0.06612
  -0.02744
   0.07348
   0.00771
  -0.07555
   0.01257
   0.07218
  -0.03195
  -0.06360
   0.04902
   0.05044
  -0.06256
  -0.03364
   0.07160
   0.01442
  -0.07547
   0.00584
   0.07390
  -0.02568
  -0.06701
   0.04367
   0.05528
  -0.05851
  -0.03958
   0.06913
   0.02102
  -0.07478
  -0.00094
   0.07503
  -0.01920
  -0.06987
   0.03796
   0.05968
  -0.05398
  -0.04519
   0.06612
   0.02744
  -0.07348
  -0.00771
   0.07555
  -0.01257
  -0.07218
   0.03195
   0.06360
  -0.04902
  -0.05044
   0.06256
   0.03364
  -0.07160
  -0.01442
   0.07547
  -0.00584
  -0.07390
   0.02568
   0.06701
  -0.04367
  -0.05528
   0.05851
   0.03958
  -0.06913
  -0.02102
   0.07478
   0.00094
  -0.07503
   0.01920
   0.06987
  -0.03796
  -0.05968
   0.05398
   0.04519
  -0.06612
  -0.02744
   0.07348
   0.00771
  -0.07555
   0.01257
   0.07218
  -0.03195
  -0.06360
   0.04902
   0.05044
  -0.06256
  -0.03364
   0.07160
   0.01442
  -0.07547
   0.00584
   0.07390
  -0.02568
  -0.06701
   0.04367
   0.05528
  -0.05851
  -0.03958
   0.06913
   0.02102
  -0.07478
  -0.00094
   0.07503
  -0.01920
  -0.06987
   0.03796
   0.05968
  -0.05398
  -0.04519
   0.06612
   0.02744
  -0.07348
  -0.00771
   0.07555
  -0.01257
  -0.07218
   0.03195
   0.06360
  -0.04902
  -0.05044
   0.06256
   0.03364
  -0.07160
  -0.01442
   0.07547
  -0.00584
  -0.07390
   0.02568
   0.06701
  -0.04367
  -0.05528
   0.05851
   0.03958
  -0.06913
  -0.02102
   0.07478
   0.00094
  -0.07503
   0.01920
   0.06987
  -0.03796
  -0.05968
   0.05398
   0.04519
  -0.06612
  -0.02744
   0.07348
   0.00771
  -0.07555
   0.01257
   0.07218
  -0.03195
  -0.06360
   0.04902
   0.05044
  -0.06256
  -0.03364
   0.07160
   0.01442
  -0.07547
   0.00584
   0.07390
  -0.02568
  -0.06701
   0.04367
   0.05528
  -0.05851
  -0.03958
   0.06913
   0.02102
  -0.07478
  -0.00094
   0.07503
  -0.01920
  -0.06987
   0.03796
   0.05968
  -0.05398
  -0.04519
   0.06612
   0.02744
  -0.07348
  -0.00771
   0.07555
  -0.01257
  -0.07218
   0.03195
   0.06360
  -0.04902
  -0.05044
   0.06256
   0.03364
  -0.07160
  -0.01442
   0.07547
  -0.00584
  -0.07390
   0.02568
   0.06701
  -0.04367
  -0.05528
   0.05851
   0.03958
  -0.06913
  -0.02102
   0.07478
   0.00094
  -0.07503
   0.01920
   0.06987
  -0.03796
  -0.05968
   0.05398
   0.04519
  -0.06612
  -0.02744
   0.07348
   0.00771
  -0.07555
   0.01257
   0.07218
  -0.03195
  -0.06360
   0.04902
   0.05044
  -0.06256
  -0.03364
   0.07160
   0.01442
  -0.07547
   0.00584
   0.07390
  -0.02568
  -0.06701
   0.04367
   0.05528
  -0.05851
  -0.03958
   0.06913
   0.02102
  -0.07478
  -0.00094
   0.07503
