   0.07543
   0.01367
  -0.07225
  -0.03049
   0.06515
   0.04566
  -0.05452
  -0.05835
   0.04093
   0.06789
  -0.02513
  -0.07374
   0.00796
   0.07559
   0.00964
  -0.07334
  -0.02672
   0.06712
   0.04235
  -0.05726
  -0.05568
   0.04429
   0.06600
  -0.02893
  -0.07273
   0.01199
   0.07552
   0.00559
  -0.07422
  -0.02288
   0.06890
   0.03892
  -0.05983
  -0.05285
   0.04753
   0.06392
  -0.03264
  -0.07152
   0.01599
   0.07524
   0.00153
  -0.07489
  -0.01896
   0.07047
   0.03537
  -0.06223
  -0.04986
   0.05062
   0.06165
  -0.03627
  -0.07010
   0.01995
   0.07474
  -0.00254
  -0.07533
  -0.01500
   0.07184
   0.03173
  -0.06445
  -0.04673
   0.05357
   0.05921
  -0.03978
  -0.06847
   0.02384
   0.07402
  -0.00661
  -0.07556
  -0.01099
   0.07300
   0.02799
  -0.06649
  -0.04347
   0.05636
   0.05659
  -0.04319
  -0.06665
   0.02767
   0.07309
  -0.01065
  -0.07557
  -0.00695
   0.07395
   0.02417
  -0.06833
  -0.04008
   0.05899
   0.05381
  -0.04646
  -0.06463
   0.03142
   0.07195
  -0.01466
  -0.07536
  -0.00288
   0.07469
   0.02028
  -0.06997
  -0.03657
   0.06145
   0.05088
  -0.04961
  -0.06243
   0.03507
   0.07059
  -0.01863
  -0.07493
   0.00119
   0.07521
   0.01633
  -0.07141
  -0.03295
   0.06373
   0.04779
  -0.05261
  -0.06004
   0.03862
   0.06904
  -0.02255
  -0.07429
   0.00525
   0.07551
   0.01233
  -0.07264
  -0.02924
   0.06583
   0.04457
  -0.05545
  -0.05748
   0.04207
   0.06728
  -0.02640
  -0.07342
   0.00930
   0.07559
   0.00830
  -0.07366
  -0.02545
   0.06773
   0.04122
  -0.05814
  -0.05476
   0.04539
   0.06532
  -0.03018
  -0.07235
   0.01333
   0.07545
   0.00424
  -0.07447
  -0.02158
   0.06944
   0.03775
  -0.06065
  -0.05187
   0.04857
   0.06318
  -0.03386
  -0.07107
   0.01732
   0.07510
   0.00017
  -0.07506
  -0.01765
   0.07095
   0.03417
  -0.06299
  -0.04884
   0.05162
   0.06086
  -0.03745
  -0.06958
   0.02125
   0.07453
  -0.00390
  -0.07543
  -0.01367
   0.07225
   0.03049
  -0.06515
  -0.04566
   0.05452
   0.05835
  -0.04093
  -0.06789
   0.02513
   0.07374
  -0.00796
  -0.07559
  -0.00964
   0.07334
   0.02672
  -0.06712
  -0.04235
   0.05726
   0.05568
  -0.04429
  -0.06600
   0.02893
   0.07273
  -0.01199
  -0.07552
  -0.00559
   0.07422
   0.02288
  -0.06890
  -0.03892
   0.05983
   0.05285
  -0.04753
  -0.06392
   0.03264
   0.07152
  -0.01599
  -0.07524
  -0.00153
   0.07489
   0.01896
  -0.07047
  -0.03537
   0.06223
   0.04986
  -0.05062
  -0.06165
   0.03627
   0.07010
  -0.01995
  -0.07474
   0.00254
   0.07533
   0.01500
  -0.07184
  -0.03173
   0.06445
   0.04673
  -0.05357
  -0.05921
   0.03978
   0.06847
  -0.02384
  -0.07402
   0.00661
   0.07556
   0.01099
  -0.07300
  -0.02799
   0.06649
   0.04347
  -0.05636
  -0.05659
   0.04319
   0.06665
  -0.02767
  -0.07309
   0.01065
   0.07557
   0.00695
  -0.07395
  -0.02417
   0.06833
   0.04008
  -0.05899
  -0.05381
   0.04646
   0.06463
  -0.03142
  -0.07195
   0.01466
   0.07536
   0.00288
  -0.07469
  -0.02028
   0.06997
   0.03657
  -0.06145
  -0.05088
   0.04961
   0.06243
  -0.03507
  -0.07059
   0.01863
   0.07493
  -0.00119
  -0.07521
  -0.01633
   0.07141
   0.03295
  -0.06373
  -0.04779
   0.05261
   0.06004
  -0.03862
  -0.06904
   0.02255
   0.07429
  -0.00525
  -0.07551
  -0.01233
   0.07264
   0.02924
  -0.06583
  -0.04457
   0.05545
   0.05748
  -0.04207
  -0.06728
   0.02640
   0.07342
  -0.00930
  -0.07559
  -0.00830
   0.07366
   0.02545
  -0.06773
  -0.04122
   0.05814
   0.05476
  -0.04539
  -0.06532
   0.03018
   0.07235
  -0.01333
  -0.07545
  -0.00424
   0.07447
   0.02158
  -0.06944
  -0.03775
   0.06065
   0.05187
  -0.04857
  -0.06318
   0.03386
   0.07107
  -0.01732
  -0.07510
  -0.00017
   0.07506
   0.01765
  -0.07095
  -0.03417
   0.06299
   0.04884
  -0.05162
  -0.06086
   0.03745
   0.06958
  -0.02125
  -0.07453
   0.00390
