   0.04271
   0.03102
  -0.07501
   0.04707
   0.02599
  -0.07414
   0.05120
   0.02083
  -0.07289
   0.05506
   0.01557
  -0.07126
   0.05863
   0.01022
  -0.06927
   0.06190
   0.00482
  -0.06692
   0.06486
  -0.00061
  -0.06422
   0.06747
  -0.00603
  -0.06120
   0.06975
  -0.01142
  -0.05786
   0.07166
  -0.01675
  -0.05422
   0.07320
  -0.02200
  -0.05030
   0.07437
  -0.02713
  -0.04612
   0.07515
  -0.03212
  -0.04170
   0.07554
  -0.03695
  -0.03707
   0.07555
  -0.04158
  -0.03225
   0.07516
  -0.04601
  -0.02726
   0.07439
  -0.05019
  -0.02213
   0.07324
  -0.05412
  -0.01689
   0.07170
  -0.05776
  -0.01156
   0.06980
  -0.06111
  -0.00617
   0.06754
  -0.06415
  -0.00075
   0.06493
  -0.06685
   0.00467
   0.06199
  -0.06921
   0.01008
   0.05872
  -0.07121
   0.01542
   0.05515
  -0.07285
   0.02069
   0.05130
  -0.07411
   0.02586
   0.04719
  -0.07499
   0.03089
   0.04283
  -0.07548
   0.03576
   0.03825
  -0.07558
   0.04044
   0.03347
  -0.07530
   0.04492
   0.02852
  -0.07462
   0.04917
   0.02343
  -0.07356
   0.05316
   0.01821
  -0.07212
   0.05688
   0.01290
  -0.07031
   0.06030
   0.00752
  -0.06814
   0.06342
   0.00211
  -0.06561
   0.06621
  -0.00332
  -0.06275
   0.06865
  -0.00873
  -0.05957
   0.07075
  -0.01409
  -0.05607
   0.07248
  -0.01939
  -0.05229
   0.07383
  -0.02458
  -0.04824
   0.07480
  -0.02964
  -0.04394
   0.07539
  -0.03456
  -0.03941
   0.07559
  -0.03929
  -0.03469
   0.07540
  -0.04382
  -0.02978
   0.07483
  -0.04813
  -0.02472
   0.07386
  -0.05219
  -0.01953
   0.07252
  -0.05598
  -0.01424
   0.07080
  -0.05948
  -0.00887
   0.06871
  -0.06267
  -0.00346
   0.06628
  -0.06554
   0.00196
   0.06350
  -0.06808
   0.00738
   0.06039
  -0.07026
   0.01276
   0.05697
  -0.07208
   0.01807
   0.05326
  -0.07353
   0.02329
   0.04928
  -0.07460
   0.02839
   0.04504
  -0.07528
   0.03334
   0.04057
  -0.07558
   0.03812
   0.03589
  -0.07549
   0.04271
   0.03102
  -0.07501
   0.04707
   0.02599
  -0.07414
   0.05120
   0.02083
  -0.07289
   0.05506
   0.01557
  -0.07126
   0.05863
   0.01022
  -0.06927
   0.06190
   0.00482
  -0.06692
   0.06486
  -0.00061
  -0.06422
   0.06747
  -0.00603
  -0.06120
   0.06975
  -0.01142
  -0.05786
   0.07166
  -0.01675
  -0.05422
   0.07320
  -0.02200
  -0.05030
   0.07437
  -0.02713
  -0.04612
   0.07515
  -0.03212
  -0.04170
   0.07554
  -0.03695
  -0.03707
   0.07555
  -0.04158
  -0.03225
   0.07516
  -0.04601
  -0.02726
   0.07439
  -0.05019
  -0.02213
   0.07324
  -0.05412
  -0.01689
   0.07170
  -0.05776
  -0.01156
   0.06980
  -0.06111
  -0.00617
   0.06754
  -0.06415
  -0.00075
   0.06493
  -0.06685
   0.00467
   0.06199
  -0.06921
   0.01008
   0.05872
  -0.07121
   0.01542
   0.05515
  -0.07285
   0.02069
   0.05130
  -0.07411
   0.02586
   0.04719
  -0.07499
   0.03089
   0.04283
  -0.07548
   0.03576
   0.03825
  -0.07558
   0.04044
   0.03347
  -0.07530
   0.04492
   0.02852
  -0.07462
   0.04917
   0.02343
  -0.07356
   0.05316
   0.01821
  -0.07212
   0.05688
   0.01290
  -0.07031
   0.06030
   0.00752
  -0.06814
   0.06342
   0.00211
  -0.06561
   0.06621
  -0.00332
  -0.06275
   0.06865
  -0.00873
  -0.05957
   0.07075
  -0.01409
  -0.05607
   0.07248
  -0.01939
  -0.05229
   0.07383
  -0.02458
  -0.04824
   0.07480
  -0.02964
  -0.04394
   0.07539
  -0.03456
  -0.03941
   0.07559
  -0.03929
  -0.03469
   0.07540
  -0.04382
  -0.02978
   0.07483
  -0.04813
  -0.02472
   0.07386
  -0.05219
  -0.01953
   0.07252
  -0.05598
  -0.01424
   0.07080
  -0.05948
  -0.00887
   0.06871
  -0.06267
  -0.00346
   0.06628
  -0.06554
   0.00196
   0.06350
  -0.06808
   0.00738
   0.06039
  -0.07026
   0.01276
   0.05697
  -0.07208
   0.01807
   0.05326
  -0.07353
   0.02329
   0.04928
  -0.07460
   0.02839
   0.04504
  -0.07528
   0.03334
   0.04057
  -0.07558
   0.03812
   0.03589
  -0.07549
