  -0.06732
  -0.04465
  -0.01243
   0.02245
   0.05253
   0.07137
   0.07495
   0.06249
   0.03666
   0.00299
  -0.03132
  -0.05893
  -0.07393
  -0.07312
  -0.05666
  -0.02808
   0.00650
   0.03970
   0.06440
   0.07532
   0.07013
   0.04994
   0.01907
  -0.01589
  -0.04745
  -0.06885
  -0.07553
  -0.06605
  -0.04244
  -0.00975
   0.02503
   0.05445
   0.07222
   0.07454
   0.06092
   0.03426
   0.00027
  -0.03377
  -0.06059
  -0.07445
  -0.07238
  -0.05483
  -0.02555
   0.00920
   0.04198
   0.06578
   0.07550
   0.06908
   0.04787
   0.01643
  -0.01853
  -0.04953
  -0.06993
  -0.07537
  -0.06468
  -0.04016
  -0.00705
   0.02757
   0.05630
   0.07298
   0.07404
   0.05927
   0.03182
  -0.00244
  -0.03618
  -0.06217
  -0.07487
  -0.07155
  -0.05292
  -0.02298
   0.01189
   0.04421
   0.06707
   0.07559
   0.06793
   0.04574
   0.01377
  -0.02115
  -0.05155
  -0.07091
  -0.07511
  -0.06324
  -0.03784
  -0.00434
   0.03008
   0.05807
   0.07364
   0.07345
   0.05755
   0.02934
  -0.00515
  -0.03854
  -0.06368
  -0.07520
  -0.07063
  -0.05095
  -0.02038
   0.01456
   0.04638
   0.06828
   0.07557
   0.06670
   0.04355
   0.01109
  -0.02374
  -0.05350
  -0.07181
  -0.07476
  -0.06171
  -0.03547
  -0.00163
   0.03255
   0.05977
   0.07420
   0.07276
   0.05575
   0.02682
  -0.00785
  -0.04085
  -0.06510
  -0.07543
  -0.06962
  -0.04892
  -0.01775
   0.01721
   0.04850
   0.06940
   0.07546
   0.06538
   0.04131
   0.00840
  -0.02630
  -0.05538
  -0.07261
  -0.07430
  -0.06010
  -0.03305
   0.00108
   0.03498
   0.06139
   0.07467
   0.07198
   0.05388
   0.02426
  -0.01055
  -0.04310
  -0.06644
  -0.07556
  -0.06852
  -0.04682
  -0.01510
   0.01985
   0.05055
   0.07043
   0.07525
   0.06397
   0.03901
   0.00570
  -0.02883
  -0.05719
  -0.07332
  -0.07376
  -0.05842
  -0.03058
   0.00379
   0.03736
   0.06294
   0.07505
   0.07110
   0.05195
   0.02168
  -0.01323
  -0.04530
  -0.06769
  -0.07559
  -0.06732
  -0.04465
  -0.01243
   0.02245
   0.05253
   0.07137
   0.07495
   0.06249
   0.03666
   0.00299
  -0.03132
  -0.05893
  -0.07393
  -0.07312
  -0.05666
  -0.02808
   0.00650
   0.03970
   0.06440
   0.07532
   0.07013
   0.04994
   0.01907
  -0.01589
  -0.04745
  -0.06885
  -0.07553
  -0.06605
  -0.04244
  -0.00975
   0.02503
   0.05445
   0.07222
   0.07454
   0.06092
   0.03426
   0.00027
  -0.03377
  -0.06059
  -0.07445
  -0.07238
  -0.05483
  -0.02555
   0.00920
   0.04198
   0.06578
   0.07550
   0.06908
   0.04787
   0.01643
  -0.01853
  -0.04953
  -0.06993
  -0.07537
  -0.06468
  -0.04016
  -0.00705
   0.02757
   0.05630
   0.07298
   0.07404
   0.05927
   0.03182
  -0.00244
  -0.03618
  -0.06217
  -0.07487
  -0.07155
  -0.05292
  -0.02298
   0.01189
   0.04421
   0.06707
   0.07559
   0.06793
   0.04574
   0.01377
  -0.02115
  -0.05155
  -0.07091
  -0.07511
  -0.06324
  -0.03784
  -0.00434
   0.03008
   0.05807
   0.07364
   0.07345
   0.05755
   0.02934
  -0.00515
  -0.03854
  -0.06368
  -0.07520
  -0.07063
  -0.05095
  -0.02038
   0.01456
   0.04638
   0.06828
   0.07557
   0.06670
   0.04355
   0.01109
  -0.02374
  -0.05350
  -0.07181
  -0.07476
  -0.06171
  -0.03547
  -0.00163
   0.03255
   0.05977
   0.07420
   0.07276
   0.05575
   0.02682
  -0.00785
  -0.04085
  -0.06510
  -0.07543
  -0.06962
  -0.04892
  -0.01775
   0.01721
   0.04850
   0.06940
   0.07546
   0.06538
   0.04131
   0.00840
  -0.02630
  -0.05538
  -0.07261
  -0.07430
  -0.06010
  -0.03305
   0.00108
   0.03498
   0.06139
   0.07467
   0.07198
   0.05388
   0.02426
  -0.01055
  -0.04310
  -0.06644
  -0.07556
  -0.06852
  -0.04682
  -0.01510
   0.01985
   0.05055
   0.07043
   0.07525
   0.06397
   0.03901
   0.00570
  -0.02883
  -0.05719
  -0.07332
  -0.07376
  -0.05842
  -0.03058
   0.00379
   0.03736
   0.06294
   0.07505
   0.07110
   0.05195
   0.02168
  -0.01323
  -0.04530
  -0.06769
  -0.07559
