   0.04185
   0.06987
   0.07408
   0.05304
   0.01393
  -0.02993
  -0.06359
  -0.07558
  -0.06180
  -0.02697
   0.01706
   0.05527
   0.07465
   0.06858
   0.03915
  -0.00363
  -0.04517
  -0.07132
  -0.07316
  -0.05006
  -0.00991
   0.03362
   0.06570
   0.07538
   0.05937
   0.02313
  -0.02100
  -0.05797
  -0.07518
  -0.06677
  -0.03561
   0.00769
   0.04837
   0.07256
   0.07203
   0.04694
   0.00586
  -0.03722
  -0.06762
  -0.07497
  -0.05677
  -0.01922
   0.02487
   0.06049
   0.07550
   0.06477
   0.03197
  -0.01173
  -0.05143
  -0.07360
  -0.07069
  -0.04368
  -0.00179
   0.04071
   0.06934
   0.07433
   0.05400
   0.01526
  -0.02868
  -0.06285
  -0.07559
  -0.06258
  -0.02823
   0.01573
   0.05434
   0.07442
   0.06914
   0.04030
  -0.00228
  -0.04408
  -0.07086
  -0.07349
  -0.05107
  -0.01125
   0.03240
   0.06502
   0.07547
   0.06020
   0.02442
  -0.01969
  -0.05709
  -0.07503
  -0.06740
  -0.03680
   0.00634
   0.04732
   0.07217
   0.07243
   0.04800
   0.00721
  -0.03603
  -0.06700
  -0.07513
  -0.05765
  -0.02053
   0.02359
   0.05967
   0.07542
   0.06546
   0.03319
  -0.01039
  -0.05042
  -0.07328
  -0.07116
  -0.04479
  -0.00315
   0.03956
   0.06879
   0.07457
   0.05494
   0.01659
  -0.02742
  -0.06208
  -0.07558
  -0.06333
  -0.02949
   0.01440
   0.05338
   0.07417
   0.06968
   0.04144
  -0.00092
  -0.04297
  -0.07037
  -0.07379
  -0.05206
  -0.01259
   0.03117
   0.06431
   0.07554
   0.06101
   0.02570
  -0.01838
  -0.05619
  -0.07485
  -0.06800
  -0.03798
   0.00499
   0.04625
   0.07176
   0.07280
   0.04904
   0.00856
  -0.03483
  -0.06636
  -0.07527
  -0.05852
  -0.02183
   0.02230
   0.05883
   0.07531
   0.06613
   0.03441
  -0.00904
  -0.04941
  -0.07293
  -0.07160
  -0.04587
  -0.00451
   0.03840
   0.06821
   0.07478
   0.05586
   0.01791
  -0.02615
  -0.06130
  -0.07555
  -0.06406
  -0.03073
   0.01307
   0.05241
   0.07390
   0.07020
   0.04257
   0.00044
  -0.04185
  -0.06987
  -0.07408
  -0.05304
  -0.01393
   0.02993
   0.06359
   0.07558
   0.06180
   0.02697
  -0.01706
  -0.05527
  -0.07465
  -0.06858
  -0.03915
   0.00363
   0.04517
   0.07132
   0.07316
   0.05006
   0.00991
  -0.03362
  -0.06570
  -0.07538
  -0.05937
  -0.02313
   0.02100
   0.05797
   0.07518
   0.06677
   0.03561
  -0.00769
  -0.04837
  -0.07256
  -0.07203
  -0.04694
  -0.00586
   0.03722
   0.06762
   0.07497
   0.05677
   0.01922
  -0.02487
  -0.06049
  -0.07550
  -0.06477
  -0.03197
   0.01173
   0.05143
   0.07360
   0.07069
   0.04368
   0.00179
  -0.04071
  -0.06934
  -0.07433
  -0.05400
  -0.01526
   0.02868
   0.06285
   0.07559
   0.06258
   0.02823
  -0.01573
  -0.05434
  -0.07442
  -0.06914
  -0.04030
   0.00228
   0.04408
   0.07086
   0.07349
   0.05107
   0.01125
  -0.03240
  -0.06502
  -0.07547
  -0.06020
  -0.02442
   0.01969
   0.05709
   0.07503
   0.06740
   0.03680
  -0.00634
  -0.04732
  -0.07217
  -0.07243
  -0.04800
  -0.00721
   0.03603
   0.06700
   0.07513
   0.05765
   0.02053
  -0.02359
  -0.05967
  -0.07542
  -0.06546
  -0.03319
   0.01039
   0.05042
   0.07328
   0.07116
   0.04479
   0.00315
  -0.03956
  -0.06879
  -0.07457
  -0.05494
  -0.01659
   0.02742
   0.06208
   0.07558
   0.06333
   0.02949
  -0.01440
  -0.05338
  -0.07417
  -0.06968
  -0.04144
   0.00092
   0.04297
   0.07037
   0.07379
   0.05206
   0.01259
  -0.03117
  -0.06431
  -0.07554
  -0.06101
  -0.02570
   0.01838
   0.05619
   0.07485
   0.06800
   0.03798
  -0.00499
  -0.04625
  -0.07176
  -0.07280
  -0.04904
  -0.00856
   0.03483
   0.06636
   0.07527
   0.05852
   0.02183
  -0.02230
  -0.05883
  -0.07531
  -0.06613
  -0.03441
   0.00904
   0.04941
   0.07293
   0.07160
   0.04587
   0.00451
  -0.03840
  -0.06821
  -0.07478
  -0.05586
  -0.01791
   0.02615
   0.06130
   0.07555
   0.06406
   0.03073
  -0.01307
  -0.05241
  -0.07390
  -0.07020
  -0.04257
  -0.00044
