  -0.03159
  -0.07534
  -0.02009
   0.06156
   0.06232
  -0.01882
  -0.07523
  -0.03278
   0.05274
   0.06896
  -0.00545
  -0.07269
  -0.04441
   0.04223
   0.07338
   0.00810
  -0.06782
  -0.05462
   0.03035
   0.07544
   0.02139
  -0.06077
  -0.06308
   0.01750
   0.07508
   0.03400
  -0.05176
  -0.06950
   0.00409
   0.07231
   0.04551
  -0.04109
  -0.07369
  -0.00945
   0.06721
   0.05555
  -0.02910
  -0.07552
  -0.02269
   0.05995
   0.06381
  -0.01618
  -0.07491
  -0.03520
   0.05077
   0.07002
  -0.00274
  -0.07190
  -0.04658
   0.03995
   0.07398
   0.01080
  -0.06658
  -0.05646
   0.02785
   0.07556
   0.02398
  -0.05911
  -0.06453
   0.01485
   0.07472
   0.03640
  -0.04975
  -0.07052
   0.00138
   0.07147
   0.04764
  -0.03879
  -0.07425
  -0.01214
   0.06592
   0.05736
  -0.02658
  -0.07559
  -0.02527
   0.05826
   0.06523
  -0.01352
  -0.07450
  -0.03758
   0.04872
   0.07100
  -0.00002
  -0.07102
  -0.04869
   0.03762
   0.07449
   0.01348
  -0.06525
  -0.05823
   0.02531
   0.07559
   0.02654
  -0.05739
  -0.06590
   0.01218
   0.07426
   0.03875
  -0.04768
  -0.07146
  -0.00134
   0.07054
   0.04972
  -0.03644
  -0.07471
  -0.01481
   0.06455
   0.05909
  -0.02402
  -0.07557
  -0.02781
   0.05649
   0.06656
  -0.01084
  -0.07399
  -0.03991
   0.04662
   0.07189
   0.00269
  -0.07004
  -0.05073
   0.03524
   0.07491
   0.01614
  -0.06384
  -0.05992
   0.02273
   0.07552
   0.02906
  -0.05558
  -0.06719
   0.00950
   0.07370
   0.04106
  -0.04554
  -0.07229
  -0.00405
   0.06952
   0.05173
  -0.03404
  -0.07508
  -0.01746
   0.06310
   0.06074
  -0.02144
  -0.07545
  -0.03031
   0.05465
   0.06780
  -0.00815
  -0.07339
  -0.04219
   0.04445
   0.07268
   0.00540
  -0.06897
  -0.05271
   0.03282
   0.07522
   0.01878
  -0.06234
  -0.06154
   0.02013
   0.07535
   0.03155
  -0.05371
  -0.06839
   0.00680
   0.07305
   0.04331
  -0.04335
  -0.07304
  -0.00675
   0.06841
   0.05368
  -0.03159
  -0.07534
  -0.02009
   0.06156
   0.06232
  -0.01882
  -0.07523
  -0.03278
   0.05274
   0.06896
  -0.00545
  -0.07269
  -0.04441
   0.04223
   0.07338
   0.00810
  -0.06782
  -0.05462
   0.03035
   0.07544
   0.02139
  -0.06077
  -0.06308
   0.01750
   0.07508
   0.03400
  -0.05176
  -0.06950
   0.00409
   0.07231
   0.04551
  -0.04109
  -0.07369
  -0.00945
   0.06721
   0.05555
  -0.02910
  -0.07552
  -0.02269
   0.05995
   0.06381
  -0.01618
  -0.07491
  -0.03520
   0.05077
   0.07002
  -0.00274
  -0.07190
  -0.04658
   0.03995
   0.07398
   0.01080
  -0.06658
  -0.05646
   0.02785
   0.07556
   0.02398
  -0.05911
  -0.06453
   0.01485
   0.07472
   0.03640
  -0.04975
  -0.07052
   0.00138
   0.07147
   0.04764
  -0.03879
  -0.07425
  -0.01214
   0.06592
   0.05736
  -0.02658
  -0.07559
  -0.02527
   0.05826
   0.06523
  -0.01352
  -0.07450
  -0.03758
   0.04872
   0.07100
  -0.00002
  -0.07102
  -0.04869
   0.03762
   0.07449
   0.01348
  -0.06525
  -0.05823
   0.02531
   0.07559
   0.02654
  -0.05739
  -0.06590
   0.01218
   0.07426
   0.03875
  -0.04768
  -0.07146
  -0.00134
   0.07054
   0.04972
  -0.03644
  -0.07471
  -0.01481
   0.06455
   0.05909
  -0.02402
  -0.07557
  -0.02781
   0.05649
   0.06656
  -0.01084
  -0.07399
  -0.03991
   0.04662
   0.07189
   0.00269
  -0.07004
  -0.05073
   0.03524
   0.07491
   0.01614
  -0.06384
  -0.05992
   0.02273
   0.07552
   0.02906
  -0.05558
  -0.06719
   0.00950
   0.07370
   0.04106
  -0.04554
  -0.07229
  -0.00405
   0.06952
   0.05173
  -0.03404
  -0.07508
  -0.01746
   0.06310
   0.06074
  -0.02144
  -0.07545
  -0.03031
   0.05465
   0.06780
  -0.00815
  -0.07339
  -0.04219
   0.04445
   0.07268
   0.00540
  -0.06897
  -0.05271
   0.03282
   0.07522
   0.01878
  -0.06234
  -0.06154
   0.02013
   0.07535
   0.03155
  -0.05371
  -0.06839
   0.00680
   0.07305
   0.04331
  -0.04335
  -0.07304
  -0.00675
   0.06841
   0.05368
