   0.02108
   0.04078
   0.05714
   0.06882
   0.07486
   0.07477
   0.06855
   0.05671
   0.04023
   0.02045
  -0.00101
  -0.02238
  -0.04192
  -0.05802
  -0.06937
  -0.07504
  -0.07456
  -0.06796
  -0.05580
  -0.03907
  -0.01914
   0.00236
   0.02367
   0.04304
   0.05888
   0.06990
   0.07519
   0.07432
   0.06736
   0.05488
   0.03790
   0.01782
  -0.00372
  -0.02496
  -0.04415
  -0.05972
  -0.07040
  -0.07532
  -0.07406
  -0.06673
  -0.05394
  -0.03672
  -0.01650
   0.00507
   0.02623
   0.04524
   0.06055
   0.07089
   0.07542
   0.07377
   0.06608
   0.05298
   0.03553
   0.01517
  -0.00643
  -0.02750
  -0.04632
  -0.06135
  -0.07135
  -0.07550
  -0.07347
  -0.06541
  -0.05200
  -0.03433
  -0.01384
   0.00778
   0.02876
   0.04739
   0.06213
   0.07178
   0.07556
   0.07314
   0.06472
   0.05101
   0.03311
   0.01251
  -0.00913
  -0.03001
  -0.04844
  -0.06289
  -0.07220
  -0.07559
  -0.07278
  -0.06401
  -0.05000
  -0.03189
  -0.01117
   0.01047
   0.03125
   0.04947
   0.06364
   0.07259
   0.07559
   0.07240
   0.06328
   0.04897
   0.03065
   0.00982
  -0.01181
  -0.03248
  -0.05049
  -0.06436
  -0.07296
  -0.07557
  -0.07200
  -0.06253
  -0.04793
  -0.02941
  -0.00848
   0.01315
   0.03370
   0.05149
   0.06506
   0.07330
   0.07553
   0.07158
   0.06176
   0.04687
   0.02815
   0.00713
  -0.01449
  -0.03491
  -0.05248
  -0.06574
  -0.07362
  -0.07546
  -0.07113
  -0.06096
  -0.04580
  -0.02689
  -0.00577
   0.01582
   0.03611
   0.05344
   0.06640
   0.07391
   0.07537
   0.07066
   0.06015
   0.04472
   0.02562
   0.00442
  -0.01714
  -0.03730
  -0.05439
  -0.06704
  -0.07419
  -0.07526
  -0.07016
  -0.05932
  -0.04361
  -0.02434
  -0.00306
   0.01846
   0.03847
   0.05533
   0.06765
   0.07444
   0.07512
   0.06965
   0.05847
   0.04250
   0.02305
   0.00171
  -0.01977
  -0.03963
  -0.05624
  -0.06825
  -0.07466
  -0.07496
  -0.06911
  -0.05760
  -0.04137
  -0.02175
  -0.00035
   0.02108
   0.04078
   0.05714
   0.06882
   0.07486
   0.07477
   0.06855
   0.05671
   0.04023
   0.02045
  -0.00101
  -0.02238
  -0.04192
  -0.05802
  -0.06937
  -0.07504
  -0.07456
  -0.06796
  -0.05580
  -0.03907
  -0.01914
   0.00236
   0.02367
   0.04304
   0.05888
   0.06990
   0.07519
   0.07432
   0.06736
   0.05488
   0.03790
   0.01782
  -0.00372
  -0.02496
  -0.04415
  -0.05972
  -0.07040
  -0.07532
  -0.07406
  -0.06673
  -0.05394
  -0.03672
  -0.01650
   0.00507
   0.02623
   0.04524
   0.06055
   0.07089
   0.07542
   0.07377
   0.06608
   0.05298
   0.03553
   0.01517
  -0.00643
  -0.02750
  -0.04632
  -0.06135
  -0.07135
  -0.07550
  -0.07347
  -0.06541
  -0.05200
  -0.03433
  -0.01384
   0.00778
   0.02876
   0.04739
   0.06213
   0.07178
   0.07556
   0.07314
   0.06472
   0.05101
   0.03311
   0.01251
  -0.00913
  -0.03001
  -0.04844
  -0.06289
  -0.07220
  -0.07559
  -0.07278
  -0.06401
  -0.05000
  -0.03189
  -0.01117
   0.01047
   0.03125
   0.04947
   0.06364
   0.07259
   0.07559
   0.07240
   0.06328
   0.04897
   0.03065
   0.00982
  -0.01181
  -0.03248
  -0.05049
  -0.06436
  -0.07296
  -0.07557
  -0.07200
  -0.06253
  -0.04793
  -0.02941
  -0.00848
   0.01315
   0.03370
   0.05149
   0.06506
   0.07330
   0.07553
   0.07158
   0.06176
   0.04687
   0.02815
   0.00713
  -0.01449
  -0.03491
  -0.05248
  -0.06574
  -0.07362
  -0.07546
  -0.07113
  -0.06096
  -0.04580
  -0.02689
  -0.00577
   0.01582
   0.03611
   0.05344
   0.06640
   0.07391
   0.07537
   0.07066
   0.06015
   0.04472
   0.02562
   0.00442
  -0.01714
  -0.03730
  -0.05439
  -0.06704
  -0.07419
  -0.07526
  -0.07016
  -0.05932
  -0.04361
  -0.02434
  -0.00306
   0.01846
   0.03847
   0.05533
   0.06765
   0.07444
   0.07512
   0.06965
   0.05847
   0.04250
   0.02305
   0.00171
  -0.01977
  -0.03963
  -0.05624
  -0.06825
  -0.07466
  -0.07496
  -0.06911
  -0.05760
  -0.04137
  -0.02175
  -0.00035
