   0.07430
   0.07109
   0.06603
   0.05925
   0.05092
   0.04127
   0.03055
   0.01903
   0.00701
  -0.00519
  -0.01725
  -0.02887
  -0.03973
  -0.04956
  -0.05810
  -0.06512
  -0.07045
  -0.07394
  -0.07551
  -0.07511
  -0.07275
  -0.06850
  -0.06246
  -0.05480
  -0.04571
  -0.03543
  -0.02423
  -0.01239
  -0.00024
   0.01193
   0.02378
   0.03501
   0.04534
   0.05448
   0.06220
   0.06830
   0.07262
   0.07505
   0.07553
   0.07404
   0.07062
   0.06536
   0.05839
   0.04991
   0.04013
   0.02930
   0.01771
   0.00566
  -0.00654
  -0.01857
  -0.03012
  -0.04088
  -0.05057
  -0.05895
  -0.06580
  -0.07093
  -0.07421
  -0.07556
  -0.07494
  -0.07237
  -0.06791
  -0.06169
  -0.05386
  -0.04462
  -0.03423
  -0.02294
  -0.01105
   0.00112
   0.01327
   0.02506
   0.03621
   0.04641
   0.05541
   0.06296
   0.06887
   0.07299
   0.07520
   0.07546
   0.07375
   0.07012
   0.06466
   0.05752
   0.04889
   0.03897
   0.02805
   0.01639
   0.00430
  -0.00789
  -0.01988
  -0.03136
  -0.04201
  -0.05158
  -0.05979
  -0.06645
  -0.07139
  -0.07446
  -0.07559
  -0.07475
  -0.07197
  -0.06731
  -0.06089
  -0.05290
  -0.04352
  -0.03301
  -0.02164
  -0.00971
   0.00248
   0.01460
   0.02634
   0.03740
   0.04748
   0.05632
   0.06370
   0.06942
   0.07333
   0.07533
   0.07536
   0.07344
   0.06960
   0.06395
   0.05663
   0.04784
   0.03780
   0.02678
   0.01506
   0.00295
  -0.00924
  -0.02119
  -0.03259
  -0.04313
  -0.05256
  -0.06061
  -0.06709
  -0.07182
  -0.07468
  -0.07559
  -0.07454
  -0.07154
  -0.06668
  -0.06008
  -0.05192
  -0.04240
  -0.03178
  -0.02034
  -0.00836
   0.00383
   0.01593
   0.02761
   0.03857
   0.04853
   0.05722
   0.06442
   0.06994
   0.07364
   0.07543
   0.07525
   0.07311
   0.06906
   0.06322
   0.05573
   0.04678
   0.03662
   0.02551
   0.01373
   0.00159
  -0.01059
  -0.02249
  -0.03381
  -0.04424
  -0.05353
  -0.06142
  -0.06771
  -0.07223
  -0.07488
  -0.07557
  -0.07430
  -0.07109
  -0.06603
  -0.05925
  -0.05092
  -0.04127
  -0.03055
  -0.01903
  -0.00701
   0.00519
   0.01725
   0.02887
   0.03973
   0.04956
   0.05810
   0.06512
   0.07045
   0.07394
   0.07551
   0.07511
   0.07275
   0.06850
   0.06246
   0.05480
   0.04571
   0.03543
   0.02423
   0.01239
   0.00024
  -0.01193
  -0.02378
  -0.03501
  -0.04534
  -0.05448
  -0.06220
  -0.06830
  -0.07262
  -0.07505
  -0.07553
  -0.07404
  -0.07062
  -0.06536
  -0.05839
  -0.04991
  -0.04013
  -0.02930
  -0.01771
  -0.00566
   0.00654
   0.01857
   0.03012
   0.04088
   0.05057
   0.05895
   0.06580
   0.07093
   0.07421
   0.07556
   0.07494
   0.07237
   0.06791
   0.06169
   0.05386
   0.04462
   0.03423
   0.02294
   0.01105
  -0.00112
  -0.01327
  -0.02506
  -0.03621
  -0.04641
  -0.05541
  -0.06296
  -0.06887
  -0.07299
  -0.07520
  -0.07546
  -0.07375
  -0.07012
  -0.06466
  -0.05752
  -0.04889
  -0.03897
  -0.02805
  -0.01639
  -0.00430
   0.00789
   0.01988
   0.03136
   0.04201
   0.05158
   0.05979
   0.06645
   0.07139
   0.07446
   0.07559
   0.07475
   0.07197
   0.06731
   0.06089
   0.05290
   0.04352
   0.03301
   0.02164
   0.00971
  -0.00248
  -0.01460
  -0.02634
  -0.03740
  -0.04748
  -0.05632
  -0.06370
  -0.06942
  -0.07333
  -0.07533
  -0.07536
  -0.07344
  -0.06960
  -0.06395
  -0.05663
  -0.04784
  -0.03780
  -0.02678
  -0.01506
  -0.00295
   0.00924
   0.02119
   0.03259
   0.04313
   0.05256
   0.06061
   0.06709
   0.07182
   0.07468
   0.07559
   0.07454
   0.07154
   0.06668
   0.06008
   0.05192
   0.04240
   0.03178
   0.02034
   0.00836
  -0.00383
  -0.01593
  -0.02761
  -0.03857
  -0.04853
  -0.05722
  -0.06442
  -0.06994
  -0.07364
  -0.07543
  -0.07525
  -0.07311
  -0.06906
  -0.06322
  -0.05573
  -0.04678
  -0.03662
  -0.02551
  -0.01373
  -0.00159
   0.01059
   0.02249
   0.03381
   0.04424
   0.05353
   0.06142
   0.06771
   0.07223
   0.07488
   0.07557
