  -0.07311
   0.02884
   0.06537
  -0.04639
  -0.05291
   0.06060
   0.03665
  -0.07044
  -0.01774
   0.07520
  -0.00245
  -0.07454
   0.02246
   0.06851
  -0.04086
  -0.05754
   0.05630
   0.04243
  -0.06769
  -0.02425
   0.07420
   0.00433
  -0.07537
   0.01590
   0.07110
  -0.03499
  -0.06170
   0.05156
   0.04786
  -0.06441
  -0.03057
   0.07261
   0.01108
  -0.07559
   0.00921
   0.07311
  -0.02884
  -0.06537
   0.04639
   0.05291
  -0.06060
  -0.03665
   0.07044
   0.01774
  -0.07520
   0.00245
   0.07454
  -0.02246
  -0.06851
   0.04086
   0.05754
  -0.05630
  -0.04243
   0.06769
   0.02425
  -0.07420
  -0.00433
   0.07537
  -0.01590
  -0.07110
   0.03499
   0.06170
  -0.05156
  -0.04786
   0.06441
   0.03057
  -0.07261
  -0.01108
   0.07559
  -0.00921
  -0.07311
   0.02884
   0.06537
  -0.04639
  -0.05291
   0.06060
   0.03665
  -0.07044
  -0.01774
   0.07520
  -0.00245
  -0.07454
   0.02246
   0.06851
  -0.04086
  -0.05754
   0.05630
   0.04243
  -0.06769
  -0.02425
   0.07420
   0.00433
  -0.07537
   0.01590
   0.07110
  -0.03499
  -0.06170
   0.05156
   0.04786
  -0.06441
  -0.03057
   0.07261
   0.01108
  -0.07559
   0.00921
   0.07311
  -0.02884
  -0.06537
   0.04639
   0.05291
  -0.06060
  -0.03665
   0.07044
   0.01774
  -0.07520
   0.00245
   0.07454
  -0.02246
  -0.06851
   0.04086
   0.05754
  -0.05630
  -0.04243
   0.06769
   0.02425
  -0.07420
  -0.00433
   0.07537
  -0.01590
  -0.07110
   0.03499
   0.06170
  -0.05156
  -0.04786
   0.06441
   0.03057
  -0.07261
  -0.01108
   0.07559
  -0.00921
  -0.07311
   0.02884
   0.06537
  -0.04639
  -0.05291
   0.06060
   0.03665
  -0.07044
  -0.01774
   0.07520
  -0.00245
  -0.07454
   0.02246
   0.06851
  -0.04086
  -0.05754
   0.05630
   0.04243
  -0.06769
  -0.02425
   0.07420
   0.00433
  -0.07537
   0.01590
   0.07110
  -0.03499
  -0.06170
   0.05156
   0.04786
  -0.06441
  -0.03057
   0.07261
   0.01108
  -0.07559
   0.00921
   0.07311
  -0.02884
  -0.06537
   0.04639
   0.05291
  -0.06060
  -0.03665
   0.07044
   0.01774
  -0.07520
   0.00245
   0.07454
  -0.02246
  -0.06851
   0.04086
   0.05754
  -0.05630
  -0.04243
   0.06769
   0.02425
  -0.07420
  -0.00433
   0.07537
  -0.01590
  -0.07110
   0.03499
   0.06170
  -0.05156
  -0.04786
   0.06441
   0.03057
  -0.07261
  -0.01108
   0.07559
  -0.00921
  -0.07311
   0.02884
   0.06537
  -0.04639
  -0.05291
   0.06060
   0.03665
  -0.07044
  -0.01774
   0.07520
  -0.00245
  -0.07454
   0.02246
   0.06851
  -0.04086
  -0.05754
   0.05630
   0.04243
  -0.06769
  -0.02425
   0.07420
   0.00433
  -0.07537
   0.01590
   0.07110
  -0.03499
  -0.06170
   0.05156
   0.04786
  -0.06441
  -0.03057
   0.07261
   0.01108
  -0.07559
   0.00921
   0.07311
  -0.02884
  -0.06537
   0.04639
   0.05291
  -0.06060
  -0.03665
   0.07044
   0.01774
  -0.07520
   0.00245
   0.07454
  -0.02246
  -0.06851
   0.04086
   0.05754
  -0.05630
  -0.04243
   0.06769
   0.02425
  -0.07420
  -0.00433
   0.07537
  -0.01590
  -0.07110
   0.03499
   0.06170
  -0.05156
  -0.04786
   0.06441
   0.03057
  -0.07261
  -0.01108
   0.07559
  -0.00921
  -0.07311
   0.02884
   0.06537
  -0.04639
  -0.05291
   0.06060
   0.03665
  -0.07044
  -0.01774
   0.07520
  -0.00245
  -0.07454
   0.02246
   0.06851
  -0.04086
  -0.05754
   0.05630
   0.04243
  -0.06769
  -0.02425
   0.07420
   0.00433
  -0.07537
   0.01590
   0.07110
  -0.03499
  -0.06170
   0.05156
   0.04786
  -0.06441
  -0.03057
   0.07261
   0.01108
  -0.07559
   0.00921
   0.07311
  -0.02884
  -0.06537
   0.04639
   0.05291
  -0.06060
  -0.03665
   0.07044
   0.01774
  -0.07520
   0.00245
   0.07454
  -0.02246
  -0.06851
   0.04086
   0.05754
  -0.05630
  -0.04243
   0.06769
   0.02425
  -0.07420
  -0.00433
   0.07537
  -0.01590
  -0.07110
   0.03499
   0.06170
  -0.05156
  -0.04786
   0.06441
   0.03057
  -0.07261
  -0.01108
   0.07559
  -0.00921
