  -0.06823
   0.05301
   0.03366
  -0.07496
   0.01522
   0.06504
  -0.05763
  -0.02746
   0.07553
  -0.02179
  -0.06132
   0.06178
   0.02104
  -0.07550
   0.02819
   0.05711
  -0.06544
  -0.01444
   0.07485
  -0.03437
  -0.05244
   0.06857
   0.00773
  -0.07361
   0.04026
   0.04735
  -0.07114
  -0.00096
   0.07177
  -0.04584
  -0.04188
   0.07315
  -0.00582
  -0.06935
   0.05104
   0.03607
  -0.07456
   0.01255
   0.06638
  -0.05583
  -0.02997
   0.07538
  -0.01918
  -0.06287
   0.06018
   0.02363
  -0.07559
   0.02566
   0.05885
  -0.06404
  -0.01710
   0.07518
  -0.03193
  -0.05436
   0.06738
   0.01043
  -0.07418
   0.03794
   0.04944
  -0.07018
  -0.00368
   0.07258
  -0.04365
  -0.04411
   0.07242
  -0.00311
  -0.07039
   0.04901
   0.03843
  -0.07407
   0.00987
   0.06763
  -0.05397
  -0.03244
   0.07512
  -0.01654
  -0.06434
   0.05850
   0.02619
  -0.07558
   0.02309
   0.06052
  -0.06255
  -0.01973
   0.07542
  -0.02945
  -0.05622
   0.06611
   0.01311
  -0.07465
   0.03557
   0.05146
  -0.06913
  -0.00638
   0.07329
  -0.04141
  -0.04629
   0.07159
  -0.00039
  -0.07133
   0.04691
   0.04074
  -0.07348
   0.00717
   0.06880
  -0.05203
  -0.03487
   0.07477
  -0.01389
  -0.06572
   0.05674
   0.02872
  -0.07547
   0.02049
   0.06211
  -0.06099
  -0.02234
   0.07555
  -0.02693
  -0.05799
   0.06475
   0.01577
  -0.07503
   0.03315
   0.05341
  -0.06798
  -0.00908
   0.07391
  -0.03911
  -0.04840
   0.07067
   0.00232
  -0.07218
   0.04475
   0.04300
  -0.07279
   0.00446
   0.06988
  -0.05003
  -0.03726
   0.07433
  -0.01121
  -0.06702
   0.05491
   0.03121
  -0.07526
   0.01787
   0.06361
  -0.05935
  -0.02491
   0.07559
  -0.02438
  -0.05970
   0.06330
   0.01842
  -0.07531
   0.03069
   0.05530
  -0.06675
  -0.01177
   0.07443
  -0.03676
  -0.05046
   0.06966
   0.00503
  -0.07294
   0.04254
   0.04521
  -0.07201
   0.00175
   0.07087
  -0.04797
  -0.03959
   0.07378
  -0.00852
  -0.06823
   0.05301
   0.03366
  -0.07496
   0.01522
   0.06504
  -0.05763
  -0.02746
   0.07553
  -0.02179
  -0.06132
   0.06178
   0.02104
  -0.07550
   0.02819
   0.05711
  -0.06544
  -0.01444
   0.07485
  -0.03437
  -0.05244
   0.06857
   0.00773
  -0.07361
   0.04026
   0.04735
  -0.07114
  -0.00096
   0.07177
  -0.04584
  -0.04188
   0.07315
  -0.00582
  -0.06935
   0.05104
   0.03607
  -0.07456
   0.01255
   0.06638
  -0.05583
  -0.02997
   0.07538
  -0.01918
  -0.06287
   0.06018
   0.02363
  -0.07559
   0.02566
   0.05885
  -0.06404
  -0.01710
   0.07518
  -0.03193
  -0.05436
   0.06738
   0.01043
  -0.07418
   0.03794
   0.04944
  -0.07018
  -0.00368
   0.07258
  -0.04365
  -0.04411
   0.07242
  -0.00311
  -0.07039
   0.04901
   0.03843
  -0.07407
   0.00987
   0.06763
  -0.05397
  -0.03244
   0.07512
  -0.01654
  -0.06434
   0.05850
   0.02619
  -0.07558
   0.02309
   0.06052
  -0.06255
  -0.01973
   0.07542
  -0.02945
  -0.05622
   0.06611
   0.01311
  -0.07465
   0.03557
   0.05146
  -0.06913
  -0.00638
   0.07329
  -0.04141
  -0.04629
   0.07159
  -0.00039
  -0.07133
   0.04691
   0.04074
  -0.07348
   0.00717
   0.06880
  -0.05203
  -0.03487
   0.07477
  -0.01389
  -0.06572
   0.05674
   0.02872
  -0.07547
   0.02049
   0.06211
  -0.06099
  -0.02234
   0.07555
  -0.02693
  -0.05799
   0.06475
   0.01577
  -0.07503
   0.03315
   0.05341
  -0.06798
  -0.00908
   0.07391
  -0.03911
  -0.04840
   0.07067
   0.00232
  -0.07218
   0.04475
   0.04300
  -0.07279
   0.00446
   0.06988
  -0.05003
  -0.03726
   0.07433
  -0.01121
  -0.06702
   0.05491
   0.03121
  -0.07526
   0.01787
   0.06361
  -0.05935
  -0.02491
   0.07559
  -0.02438
  -0.05970
   0.06330
   0.01842
  -0.07531
   0.03069
   0.05530
  -0.06675
  -0.01177
   0.07443
  -0.03676
  -0.05046
   0.06966
   0.00503
  -0.07294
   0.04254
   0.04521
  -0.07201
   0.00175
   0.07087
  -0.04797
  -0.03959
   0.07378
  -0.00852
