  -0.07519
  -0.01114
   0.07419
   0.01779
  -0.07260
  -0.02431
   0.07042
   0.03063
  -0.06767
  -0.03670
   0.06437
   0.04247
  -0.06056
  -0.04791
   0.05626
   0.05296
  -0.05151
  -0.05758
   0.04635
   0.06174
  -0.04081
  -0.06540
   0.03494
   0.06853
  -0.02879
  -0.07112
   0.02241
   0.07313
  -0.01585
  -0.07455
   0.00916
   0.07537
  -0.00239
  -0.07559
  -0.00439
   0.07519
   0.01114
  -0.07419
  -0.01779
   0.07260
   0.02431
  -0.07042
  -0.03063
   0.06767
   0.03670
  -0.06437
  -0.04247
   0.06056
   0.04791
  -0.05626
  -0.05296
   0.05151
   0.05758
  -0.04635
  -0.06174
   0.04081
   0.06540
  -0.03494
  -0.06853
   0.02879
   0.07112
  -0.02241
  -0.07313
   0.01585
   0.07455
  -0.00916
  -0.07537
   0.00239
   0.07559
   0.00439
  -0.07519
  -0.01114
   0.07419
   0.01779
  -0.07260
  -0.02431
   0.07042
   0.03063
  -0.06767
  -0.03670
   0.06437
   0.04247
  -0.06056
  -0.04791
   0.05626
   0.05296
  -0.05151
  -0.05758
   0.04635
   0.06174
  -0.04081
  -0.06540
   0.03494
   0.06853
  -0.02879
  -0.07112
   0.02241
   0.07313
  -0.01585
  -0.07455
   0.00916
   0.07537
  -0.00239
  -0.07559
  -0.00439
   0.07519
   0.01114
  -0.07419
  -0.01779
   0.07260
   0.02431
  -0.07042
  -0.03063
   0.06767
   0.03670
  -0.06437
  -0.04247
   0.06056
   0.04791
  -0.05626
  -0.05296
   0.05151
   0.05758
  -0.04635
  -0.06174
   0.04081
   0.06540
  -0.03494
  -0.06853
   0.02879
   0.07112
  -0.02241
  -0.07313
   0.01585
   0.07455
  -0.00916
  -0.07537
   0.00239
   0.07559
   0.00439
  -0.07519
  -0.01114
   0.07419
   0.01779
  -0.07260
  -0.02431
   0.07042
   0.03063
  -0.06767
  -0.03670
   0.06437
   0.04247
  -0.06056
  -0.04791
   0.05626
   0.05296
  -0.05151
  -0.05758
   0.04635
   0.06174
  -0.04081
  -0.06540
   0.03494
   0.06853
  -0.02879
  -0.07112
   0.02241
   0.07313
  -0.01585
  -0.07455
   0.00916
   0.07537
  -0.00239
  -0.07559
  -0.00439
   0.07519
   0.01114
  -0.07419
  -0.01779
   0.07260
   0.02431
  -0.07042
  -0.03063
   0.06767
   0.03670
  -0.06437
  -0.04247
   0.06056
   0.04791
  -0.05626
  -0.05296
   0.05151
   0.05758
  -0.04635
  -0.06174
   0.04081
   0.06540
  -0.03494
  -0.06853
   0.02879
   0.07112
  -0.02241
  -0.07313
   0.01585
   0.07455
  -0.00916
  -0.07537
   0.00239
   0.07559
   0.00439
  -0.07519
  -0.01114
   0.07419
   0.01779
  -0.07260
  -0.02431
   0.07042
   0.03063
  -0.06767
  -0.03670
   0.06437
   0.04247
  -0.06056
  -0.04791
   0.05626
   0.05296
  -0.05151
  -0.05758
   0.04635
   0.06174
  -0.04081
  -0.06540
   0.03494
   0.06853
  -0.02879
  -0.07112
   0.02241
   0.07313
  -0.01585
  -0.07455
   0.00916
   0.07537
  -0.00239
  -0.07559
  -0.00439
   0.07519
   0.01114
  -0.07419
  -0.01779
   0.07260
   0.02431
  -0.07042
  -0.03063
   0.06767
   0.03670
  -0.06437
  -0.04247
   0.06056
   0.04791
  -0.05626
  -0.05296
   0.05151
   0.05758
  -0.04635
  -0.06174
   0.04081
   0.06540
  -0.03494
  -0.06853
   0.02879
   0.07112
  -0.02241
  -0.07313
   0.01585
   0.07455
  -0.00916
  -0.07537
   0.00239
   0.07559
   0.00439
  -0.07519
  -0.01114
   0.07419
   0.01779
  -0.07260
  -0.02431
   0.07042
   0.03063
  -0.06767
  -0.03670
   0.06437
   0.04247
  -0.06056
  -0.04791
   0.05626
   0.05296
  -0.05151
  -0.05758
   0.04635
   0.06174
  -0.04081
  -0.06540
   0.03494
   0.06853
  -0.02879
  -0.07112
   0.02241
   0.07313
  -0.01585
  -0.07455
   0.00916
   0.07537
  -0.00239
  -0.07559
  -0.00439
   0.07519
   0.01114
  -0.07419
  -0.01779
   0.07260
   0.02431
  -0.07042
  -0.03063
   0.06767
   0.03670
  -0.06437
  -0.04247
   0.06056
   0.04791
  -0.05626
  -0.05296
   0.05151
   0.05758
  -0.04635
  -0.06174
   0.04081
   0.06540
  -0.03494
  -0.06853
   0.02879
   0.07112
  -0.02241
  -0.07313
   0.01585
   0.07455
  -0.00916
  -0.07537
   0.00239
   0.07559
   0.00439
