   0.07540
   0.01285
  -0.07286
  -0.02721
   0.06750
   0.04052
  -0.05951
  -0.05225
   0.04921
   0.06195
  -0.03700
  -0.06925
   0.02334
   0.07385
  -0.00879
  -0.07558
  -0.00612
   0.07438
   0.02078
  -0.07028
  -0.03463
   0.06345
   0.04714
  -0.05416
  -0.05782
   0.04276
   0.06625
  -0.02970
  -0.07210
   0.01548
   0.07516
  -0.00066
  -0.07529
  -0.01418
   0.07249
   0.02847
  -0.06688
  -0.04166
   0.05867
   0.05322
  -0.04817
  -0.06272
   0.03581
   0.06978
  -0.02205
  -0.07413
   0.00744
   0.07559
   0.00747
  -0.07412
  -0.02208
   0.06977
   0.03584
  -0.06270
  -0.04820
   0.05320
   0.05869
  -0.04163
  -0.06689
   0.02844
   0.07250
  -0.01415
  -0.07529
  -0.00069
   0.07515
   0.01551
  -0.07210
  -0.02972
   0.06623
   0.04278
  -0.05780
  -0.05418
   0.04712
   0.06347
  -0.03461
  -0.07029
   0.02075
   0.07438
  -0.00608
  -0.07558
  -0.00882
   0.07384
   0.02337
  -0.06923
  -0.03702
   0.06193
   0.04923
  -0.05223
  -0.05953
   0.04049
   0.06751
  -0.02718
  -0.07287
   0.01281
   0.07540
   0.00205
  -0.07499
  -0.01684
   0.07168
   0.03097
  -0.06557
  -0.04389
   0.05692
   0.05512
  -0.04605
  -0.06419
   0.03339
   0.07078
  -0.01944
  -0.07461
   0.00473
   0.07554
   0.01016
  -0.07354
  -0.02466
   0.06868
   0.03820
  -0.06115
  -0.05026
   0.05124
   0.06036
  -0.03934
  -0.06811
   0.02591
   0.07322
  -0.01147
  -0.07548
  -0.00341
   0.07481
   0.01816
  -0.07123
  -0.03220
   0.06488
   0.04499
  -0.05601
  -0.05604
   0.04497
   0.06490
  -0.03217
  -0.07124
   0.01813
   0.07482
  -0.00338
  -0.07548
  -0.01151
   0.07321
   0.02594
  -0.06810
  -0.03937
   0.06034
   0.05126
  -0.05023
  -0.06117
   0.03817
   0.06869
  -0.02463
  -0.07355
   0.01013
   0.07554
   0.00476
  -0.07461
  -0.01947
   0.07077
   0.03342
  -0.06418
  -0.04608
   0.05509
   0.05694
  -0.04387
  -0.06559
   0.03094
   0.07169
  -0.01681
  -0.07500
   0.00202
   0.07540
   0.01285
  -0.07286
  -0.02721
   0.06750
   0.04052
  -0.05951
  -0.05225
   0.04921
   0.06195
  -0.03700
  -0.06925
   0.02334
   0.07385
  -0.00879
  -0.07558
  -0.00612
   0.07438
   0.02078
  -0.07028
  -0.03463
   0.06345
   0.04714
  -0.05416
  -0.05782
   0.04276
   0.06625
  -0.02970
  -0.07210
   0.01548
   0.07516
  -0.00066
  -0.07529
  -0.01418
   0.07249
   0.02847
  -0.06688
  -0.04166
   0.05867
   0.05322
  -0.04817
  -0.06272
   0.03581
   0.06978
  -0.02205
  -0.07413
   0.00744
   0.07559
   0.00747
  -0.07412
  -0.02208
   0.06977
   0.03584
  -0.06270
  -0.04820
   0.05320
   0.05869
  -0.04163
  -0.06689
   0.02844
   0.07250
  -0.01415
  -0.07529
  -0.00069
   0.07515
   0.01551
  -0.07210
  -0.02972
   0.06623
   0.04278
  -0.05780
  -0.05418
   0.04712
   0.06347
  -0.03461
  -0.07029
   0.02075
   0.07438
  -0.00608
  -0.07558
  -0.00882
   0.07384
   0.02337
  -0.06923
  -0.03702
   0.06193
   0.04923
  -0.05223
  -0.05953
   0.04049
   0.06751
  -0.02718
  -0.07287
   0.01281
   0.07540
   0.00205
  -0.07499
  -0.01684
   0.07168
   0.03097
  -0.06557
  -0.04389
   0.05692
   0.05512
  -0.04605
  -0.06419
   0.03339
   0.07078
  -0.01944
  -0.07461
   0.00473
   0.07554
   0.01016
  -0.07354
  -0.02466
   0.06868
   0.03820
  -0.06115
  -0.05026
   0.05124
   0.06036
  -0.03934
  -0.06811
   0.02591
   0.07322
  -0.01147
  -0.07548
  -0.00341
   0.07481
   0.01816
  -0.07123
  -0.03220
   0.06488
   0.04499
  -0.05601
  -0.05604
   0.04497
   0.06490
  -0.03217
  -0.07124
   0.01813
   0.07482
  -0.00338
  -0.07548
  -0.01151
   0.07321
   0.02594
  -0.06810
  -0.03937
   0.06034
   0.05126
  -0.05023
  -0.06117
   0.03817
   0.06869
  -0.02463
  -0.07355
   0.01013
   0.07554
   0.00476
  -0.07461
  -0.01947
   0.07077
   0.03342
  -0.06418
  -0.04608
   0.05509
   0.05694
  -0.04387
  -0.06559
   0.03094
   0.07169
  -0.01681
  -0.07500
   0.00202
