   0.05334
  -0.02736
  -0.00321
   0.03325
  -0.05769
   0.07244
  -0.07502
   0.06498
  -0.04403
   0.01567
   0.01532
  -0.04374
   0.06480
  -0.07497
   0.07255
  -0.05793
   0.03357
  -0.00357
  -0.02703
   0.05308
  -0.07022
   0.07555
  -0.06818
   0.04936
  -0.02224
  -0.00862
   0.03803
  -0.06105
   0.07381
  -0.07416
   0.06205
  -0.03951
   0.01033
   0.02059
  -0.04805
   0.06743
  -0.07547
   0.07084
  -0.05429
   0.02862
   0.00186
  -0.03202
   0.05681
  -0.07205
   0.07517
  -0.06567
   0.04512
  -0.01700
  -0.01399
   0.04262
  -0.06409
   0.07479
  -0.07292
   0.05879
  -0.03478
   0.00493
   0.02576
  -0.05211
   0.06970
  -0.07558
   0.06876
  -0.05038
   0.02353
   0.00727
  -0.03685
   0.06024
  -0.07350
   0.07441
  -0.06281
   0.04066
  -0.01167
  -0.01928
   0.04699
  -0.06680
   0.07538
  -0.07130
   0.05523
  -0.02987
  -0.00050
   0.03079
  -0.05590
   0.07162
  -0.07530
   0.06633
  -0.04621
   0.01832
   0.01265
  -0.04149
   0.06336
  -0.07458
   0.07326
  -0.05963
   0.03598
  -0.00628
  -0.02448
   0.05112
  -0.06917
   0.07559
  -0.06931
   0.05138
  -0.02482
  -0.00592
   0.03566
  -0.05941
   0.07317
  -0.07464
   0.06356
  -0.04179
   0.01301
   0.01797
  -0.04592
   0.06616
  -0.07527
   0.07174
  -0.05615
   0.03112
  -0.00086
  -0.02954
   0.05498
  -0.07118
   0.07541
  -0.06697
   0.04727
  -0.01963
  -0.01131
   0.04035
  -0.06261
   0.07435
  -0.07359
   0.06046
  -0.03717
   0.00763
   0.02319
  -0.05011
   0.06861
  -0.07558
   0.06984
  -0.05237
   0.02609
   0.00457
  -0.03446
   0.05856
  -0.07282
   0.07484
  -0.06428
   0.04292
  -0.01434
  -0.01665
   0.04484
  -0.06549
   0.07514
  -0.07215
   0.05704
  -0.03235
   0.00221
   0.02829
  -0.05404
   0.07071
  -0.07549
   0.06759
  -0.04832
   0.02094
   0.00997
  -0.03920
   0.06184
  -0.07409
   0.07388
  -0.06126
   0.03834
  -0.00898
  -0.02189
   0.04909
  -0.06803
   0.07554
  -0.07035
   0.05334
  -0.02736
  -0.00321
   0.03325
  -0.05769
   0.07244
  -0.07502
   0.06498
  -0.04403
   0.01567
   0.01532
  -0.04374
   0.06480
  -0.07497
   0.07255
  -0.05793
   0.03357
  -0.00357
  -0.02703
   0.05308
  -0.07022
   0.07555
  -0.06818
   0.04936
  -0.02224
  -0.00862
   0.03803
  -0.06105
   0.07381
  -0.07416
   0.06205
  -0.03951
   0.01033
   0.02059
  -0.04805
   0.06743
  -0.07547
   0.07084
  -0.05429
   0.02862
   0.00186
  -0.03202
   0.05681
  -0.07205
   0.07517
  -0.06567
   0.04512
  -0.01700
  -0.01399
   0.04262
  -0.06409
   0.07479
  -0.07292
   0.05879
  -0.03478
   0.00493
   0.02576
  -0.05211
   0.06970
  -0.07558
   0.06876
  -0.05038
   0.02353
   0.00727
  -0.03685
   0.06024
  -0.07350
   0.07441
  -0.06281
   0.04066
  -0.01167
  -0.01928
   0.04699
  -0.06680
   0.07538
  -0.07130
   0.05523
  -0.02987
  -0.00050
   0.03079
  -0.05590
   0.07162
  -0.07530
   0.06633
  -0.04621
   0.01832
   0.01265
  -0.04149
   0.06336
  -0.07458
   0.07326
  -0.05963
   0.03598
  -0.00628
  -0.02448
   0.05112
  -0.06917
   0.07559
  -0.06931
   0.05138
  -0.02482
  -0.00592
   0.03566
  -0.05941
   0.07317
  -0.07464
   0.06356
  -0.04179
   0.01301
   0.01797
  -0.04592
   0.06616
  -0.07527
   0.07174
  -0.05615
   0.03112
  -0.00086
  -0.02954
   0.05498
  -0.07118
   0.07541
  -0.06697
   0.04727
  -0.01963
  -0.01131
   0.04035
  -0.06261
   0.07435
  -0.07359
   0.06046
  -0.03717
   0.00763
   0.02319
  -0.05011
   0.06861
  -0.07558
   0.06984
  -0.05237
   0.02609
   0.00457
  -0.03446
   0.05856
  -0.07282
   0.07484
  -0.06428
   0.04292
  -0.01434
  -0.01665
   0.04484
  -0.06549
   0.07514
  -0.07215
   0.05704
  -0.03235
   0.00221
   0.02829
  -0.05404
   0.07071
  -0.07549
   0.06759
  -0.04832
   0.02094
   0.00997
  -0.03920
   0.06184
  -0.07409
   0.07388
  -0.06126
   0.03834
  -0.00898
  -0.02189
   0.04909
  -0.06803
   0.07554
  -0.07035
