   0.07373
   0.03021
  -0.06241
  -0.05360
   0.04232
   0.06946
  -0.01629
  -0.07556
  -0.01203
   0.07105
   0.03866
  -0.05657
  -0.05985
   0.03414
   0.07265
  -0.00691
  -0.07524
  -0.02129
   0.06726
   0.04649
  -0.04984
  -0.06517
   0.02541
   0.07469
   0.00258
  -0.07373
  -0.03021
   0.06241
   0.05360
  -0.04232
  -0.06946
   0.01629
   0.07556
   0.01203
  -0.07105
  -0.03866
   0.05657
   0.05985
  -0.03414
  -0.07265
   0.00691
   0.07524
   0.02129
  -0.06726
  -0.04649
   0.04984
   0.06517
  -0.02541
  -0.07469
  -0.00258
   0.07373
   0.03021
  -0.06241
  -0.05360
   0.04232
   0.06946
  -0.01629
  -0.07556
  -0.01203
   0.07105
   0.03866
  -0.05657
  -0.05985
   0.03414
   0.07265
  -0.00691
  -0.07524
  -0.02129
   0.06726
   0.04649
  -0.04984
  -0.06517
   0.02541
   0.07469
   0.00258
  -0.07373
  -0.03021
   0.06241
   0.05360
  -0.04232
  -0.06946
   0.01629
   0.07556
   0.01203
  -0.07105
  -0.03866
   0.05657
   0.05985
  -0.03414
  -0.07265
   0.00691
   0.07524
   0.02129
  -0.06726
  -0.04649
   0.04984
   0.06517
  -0.02541
  -0.07469
  -0.00258
   0.07373
   0.03021
  -0.06241
  -0.05360
   0.04232
   0.06946
  -0.01629
  -0.07556
  -0.01203
   0.07105
   0.03866
  -0.05657
  -0.05985
   0.03414
   0.07265
  -0.00691
  -0.07524
  -0.02129
   0.06726
   0.04649
  -0.04984
  -0.06517
   0.02541
   0.07469
   0.00258
  -0.07373
  -0.03021
   0.06241
   0.05360
  -0.04232
  -0.06946
   0.01629
   0.07556
   0.01203
  -0.07105
  -0.03866
   0.05657
   0.05985
  -0.03414
  -0.07265
   0.00691
   0.07524
   0.02129
  -0.06726
  -0.04649
   0.04984
   0.06517
  -0.02541
  -0.07469
  -0.00258
   0.07373
   0.03021
  -0.06241
  -0.05360
   0.04232
   0.06946
  -0.01629
  -0.07556
  -0.01203
   0.07105
   0.03866
  -0.05657
  -0.05985
   0.03414
   0.07265
  -0.00691
  -0.07524
  -0.02129
   0.06726
   0.04649
  -0.04984
  -0.06517
   0.02541
   0.07469
   0.00258
  -0.07373
  -0.03021
   0.06241
   0.05360
  -0.04232
  -0.06946
   0.01629
   0.07556
   0.01203
  -0.07105
  -0.03866
   0.05657
   0.05985
  -0.03414
  -0.07265
   0.00691
   0.07524
   0.02129
  -0.06726
  -0.04649
   0.04984
   0.06517
  -0.02541
  -0.07469
  -0.00258
   0.07373
   0.03021
  -0.06241
  -0.05360
   0.04232
   0.06946
  -0.01629
  -0.07556
  -0.01203
   0.07105
   0.03866
  -0.05657
  -0.05985
   0.03414
   0.07265
  -0.00691
  -0.07524
  -0.02129
   0.06726
   0.04649
  -0.04984
  -0.06517
   0.02541
   0.07469
   0.00258
  -0.07373
  -0.03021
   0.06241
   0.05360
  -0.04232
  -0.06946
   0.01629
   0.07556
   0.01203
  -0.07105
  -0.03866
   0.05657
   0.05985
  -0.03414
  -0.07265
   0.00691
   0.07524
   0.02129
  -0.06726
  -0.04649
   0.04984
   0.06517
  -0.02541
  -0.07469
  -0.00258
   0.07373
   0.03021
  -0.06241
  -0.05360
   0.04232
   0.06946
  -0.01629
  -0.07556
  -0.01203
   0.07105
   0.03866
  -0.05657
  -0.05985
   0.03414
   0.07265
  -0.00691
  -0.07524
  -0.02129
   0.06726
   0.04649
  -0.04984
  -0.06517
   0.02541
   0.07469
   0.00258
  -0.07373
  -0.03021
   0.06241
   0.05360
  -0.04232
  -0.06946
   0.01629
   0.07556
   0.01203
  -0.07105
  -0.03866
   0.05657
   0.05985
  -0.03414
  -0.07265
   0.00691
   0.07524
   0.02129
  -0.06726
  -0.04649
   0.04984
   0.06517
  -0.02541
  -0.07469
  -0.00258
   0.07373
   0.03021
  -0.06241
  -0.05360
   0.04232
   0.06946
  -0.01629
  -0.07556
  -0.01203
   0.07105
   0.03866
  -0.05657
  -0.05985
   0.03414
   0.07265
  -0.00691
  -0.07524
  -0.02129
   0.06726
   0.04649
  -0.04984
  -0.06517
   0.02541
   0.07469
   0.00258
  -0.07373
  -0.03021
   0.06241
   0.05360
  -0.04232
  -0.06946
   0.01629
   0.07556
   0.01203
  -0.07105
  -0.03866
   0.05657
   0.05985
  -0.03414
  -0.07265
   0.00691
   0.07524
   0.02129
  -0.06726
  -0.04649
   0.04984
   0.06517
  -0.02541
  -0.07469
  -0.00258
