  -0.01624
   0.07000
   0.04000
  -0.05642
  -0.05916
   0.03634
   0.07149
  -0.01207
  -0.07559
  -0.01358
   0.07098
   0.03768
  -0.05819
  -0.05743
   0.03870
   0.07056
  -0.01474
  -0.07557
  -0.01091
   0.07187
   0.03530
  -0.05988
  -0.05563
   0.04100
   0.06954
  -0.01740
  -0.07545
  -0.00821
   0.07266
   0.03288
  -0.06150
  -0.05375
   0.04326
   0.06844
  -0.02003
  -0.07523
  -0.00551
   0.07336
   0.03041
  -0.06304
  -0.05181
   0.04545
   0.06724
  -0.02263
  -0.07492
  -0.00280
   0.07397
   0.02791
  -0.06450
  -0.04980
   0.04759
   0.06596
  -0.02520
  -0.07451
  -0.00009
   0.07448
   0.02537
  -0.06587
  -0.04773
   0.04967
   0.06459
  -0.02775
  -0.07401
   0.00263
   0.07490
   0.02280
  -0.06716
  -0.04559
   0.05168
   0.06314
  -0.03025
  -0.07340
   0.00534
   0.07522
   0.02019
  -0.06836
  -0.04340
   0.05363
   0.06160
  -0.03272
  -0.07271
   0.00804
   0.07544
   0.01757
  -0.06948
  -0.04115
   0.05551
   0.05999
  -0.03514
  -0.07192
   0.01073
   0.07556
   0.01492
  -0.07050
  -0.03885
   0.05731
   0.05830
  -0.03752
  -0.07104
   0.01341
   0.07559
   0.01225
  -0.07143
  -0.03649
   0.05905
   0.05654
  -0.03986
  -0.07006
   0.01607
   0.07552
   0.00956
  -0.07228
  -0.03409
   0.06070
   0.05470
  -0.04214
  -0.06900
   0.01871
   0.07535
   0.00686
  -0.07302
  -0.03165
   0.06228
   0.05279
  -0.04436
  -0.06785
   0.02133
   0.07509
   0.00416
  -0.07368
  -0.02917
   0.06378
   0.05081
  -0.04653
  -0.06661
   0.02392
   0.07473
   0.00144
  -0.07424
  -0.02664
   0.06519
   0.04877
  -0.04864
  -0.06528
   0.02648
   0.07427
  -0.00127
  -0.07470
  -0.02409
   0.06653
   0.04667
  -0.05068
  -0.06387
   0.02900
   0.07372
  -0.00398
  -0.07507
  -0.02150
   0.06777
   0.04450
  -0.05267
  -0.06238
   0.03149
   0.07307
  -0.00669
  -0.07534
  -0.01888
   0.06893
   0.04228
  -0.05458
  -0.06081
   0.03394
   0.07233
  -0.00939
  -0.07551
  -0.01624
   0.07000
   0.04000
  -0.05642
  -0.05916
   0.03634
   0.07149
  -0.01207
  -0.07559
  -0.01358
   0.07098
   0.03768
  -0.05819
  -0.05743
   0.03870
   0.07056
  -0.01474
  -0.07557
  -0.01091
   0.07187
   0.03530
  -0.05988
  -0.05563
   0.04100
   0.06954
  -0.01740
  -0.07545
  -0.00821
   0.07266
   0.03288
  -0.06150
  -0.05375
   0.04326
   0.06844
  -0.02003
  -0.07523
  -0.00551
   0.07336
   0.03041
  -0.06304
  -0.05181
   0.04545
   0.06724
  -0.02263
  -0.07492
  -0.00280
   0.07397
   0.02791
  -0.06450
  -0.04980
   0.04759
   0.06596
  -0.02520
  -0.07451
  -0.00009
   0.07448
   0.02537
  -0.06587
  -0.04773
   0.04967
   0.06459
  -0.02775
  -0.07401
   0.00263
   0.07490
   0.02280
  -0.06716
  -0.04559
   0.05168
   0.06314
  -0.03025
  -0.07340
   0.00534
   0.07522
   0.02019
  -0.06836
  -0.04340
   0.05363
   0.06160
  -0.03272
  -0.07271
   0.00804
   0.07544
   0.01757
  -0.06948
  -0.04115
   0.05551
   0.05999
  -0.03514
  -0.07192
   0.01073
   0.07556
   0.01492
  -0.07050
  -0.03885
   0.05731
   0.05830
  -0.03752
  -0.07104
   0.01341
   0.07559
   0.01225
  -0.07143
  -0.03649
   0.05905
   0.05654
  -0.03986
  -0.07006
   0.01607
   0.07552
   0.00956
  -0.07228
  -0.03409
   0.06070
   0.05470
  -0.04214
  -0.06900
   0.01871
   0.07535
   0.00686
  -0.07302
  -0.03165
   0.06228
   0.05279
  -0.04436
  -0.06785
   0.02133
   0.07509
   0.00416
  -0.07368
  -0.02917
   0.06378
   0.05081
  -0.04653
  -0.06661
   0.02392
   0.07473
   0.00144
  -0.07424
  -0.02664
   0.06519
   0.04877
  -0.04864
  -0.06528
   0.02648
   0.07427
  -0.00127
  -0.07470
  -0.02409
   0.06653
   0.04667
  -0.05068
  -0.06387
   0.02900
   0.07372
  -0.00398
  -0.07507
  -0.02150
   0.06777
   0.04450
  -0.05267
  -0.06238
   0.03149
   0.07307
  -0.00669
  -0.07534
  -0.01888
   0.06893
   0.04228
  -0.05458
  -0.06081
   0.03394
   0.07233
  -0.00939
  -0.07551
