  -0.04188
  -0.06935
  -0.07456
  -0.05584
  -0.01918
   0.02363
   0.05885
   0.07518
   0.06738
   0.03795
  -0.00367
  -0.04411
  -0.07039
  -0.07407
  -0.05397
  -0.01655
   0.02619
   0.06052
   0.07542
   0.06611
   0.03557
  -0.00638
  -0.04628
  -0.07133
  -0.07348
  -0.05204
  -0.01389
   0.02872
   0.06210
   0.07555
   0.06475
   0.03316
  -0.00908
  -0.04840
  -0.07218
  -0.07279
  -0.05003
  -0.01121
   0.03121
   0.06361
   0.07559
   0.06331
   0.03070
  -0.01177
  -0.05045
  -0.07294
  -0.07202
  -0.04797
  -0.00852
   0.03366
   0.06504
   0.07553
   0.06178
   0.02820
  -0.01444
  -0.05244
  -0.07361
  -0.07114
  -0.04584
  -0.00582
   0.03607
   0.06638
   0.07538
   0.06018
   0.02566
  -0.01709
  -0.05436
  -0.07418
  -0.07018
  -0.04365
  -0.00311
   0.03843
   0.06763
   0.07512
   0.05850
   0.02309
  -0.01973
  -0.05621
  -0.07465
  -0.06913
  -0.04141
  -0.00040
   0.04074
   0.06880
   0.07477
   0.05674
   0.02049
  -0.02233
  -0.05799
  -0.07503
  -0.06798
  -0.03911
   0.00232
   0.04300
   0.06988
   0.07433
   0.05491
   0.01787
  -0.02491
  -0.05969
  -0.07531
  -0.06675
  -0.03677
   0.00503
   0.04520
   0.07087
   0.07379
   0.05301
   0.01522
  -0.02746
  -0.06132
  -0.07550
  -0.06544
  -0.03437
   0.00773
   0.04735
   0.07177
   0.07315
   0.05104
   0.01255
  -0.02997
  -0.06287
  -0.07559
  -0.06404
  -0.03193
   0.01042
   0.04943
   0.07257
   0.07242
   0.04901
   0.00987
  -0.03244
  -0.06433
  -0.07558
  -0.06255
  -0.02945
   0.01311
   0.05146
   0.07329
   0.07159
   0.04691
   0.00717
  -0.03487
  -0.06572
  -0.07547
  -0.06099
  -0.02693
   0.01577
   0.05341
   0.07390
   0.07067
   0.04475
   0.00447
  -0.03725
  -0.06702
  -0.07526
  -0.05935
  -0.02438
   0.01841
   0.05530
   0.07443
   0.06967
   0.04254
   0.00176
  -0.03959
  -0.06823
  -0.07496
  -0.05763
  -0.02180
   0.02103
   0.05711
   0.07485
   0.06857
   0.04027
  -0.00096
  -0.04188
  -0.06935
  -0.07456
  -0.05584
  -0.01918
   0.02363
   0.05885
   0.07518
   0.06738
   0.03795
  -0.00367
  -0.04411
  -0.07039
  -0.07407
  -0.05397
  -0.01655
   0.02619
   0.06052
   0.07542
   0.06611
   0.03557
  -0.00638
  -0.04628
  -0.07133
  -0.07348
  -0.05204
  -0.01389
   0.02872
   0.06210
   0.07555
   0.06475
   0.03316
  -0.00908
  -0.04840
  -0.07218
  -0.07279
  -0.05003
  -0.01121
   0.03121
   0.06361
   0.07559
   0.06331
   0.03070
  -0.01177
  -0.05045
  -0.07294
  -0.07202
  -0.04797
  -0.00852
   0.03366
   0.06504
   0.07553
   0.06178
   0.02820
  -0.01444
  -0.05244
  -0.07361
  -0.07114
  -0.04584
  -0.00582
   0.03607
   0.06638
   0.07538
   0.06018
   0.02566
  -0.01709
  -0.05436
  -0.07418
  -0.07018
  -0.04365
  -0.00311
   0.03843
   0.06763
   0.07512
   0.05850
   0.02309
  -0.01973
  -0.05621
  -0.07465
  -0.06913
  -0.04141
  -0.00040
   0.04074
   0.06880
   0.07477
   0.05674
   0.02049
  -0.02233
  -0.05799
  -0.07503
  -0.06798
  -0.03911
   0.00232
   0.04300
   0.06988
   0.07433
   0.05491
   0.01787
  -0.02491
  -0.05969
  -0.07531
  -0.06675
  -0.03677
   0.00503
   0.04520
   0.07087
   0.07379
   0.05301
   0.01522
  -0.02746
  -0.06132
  -0.07550
  -0.06544
  -0.03437
   0.00773
   0.04735
   0.07177
   0.07315
   0.05104
   0.01255
  -0.02997
  -0.06287
  -0.07559
  -0.06404
  -0.03193
   0.01042
   0.04943
   0.07257
   0.07242
   0.04901
   0.00987
  -0.03244
  -0.06433
  -0.07558
  -0.06255
  -0.02945
   0.01311
   0.05146
   0.07329
   0.07159
   0.04691
   0.00717
  -0.03487
  -0.06572
  -0.07547
  -0.06099
  -0.02693
   0.01577
   0.05341
   0.07390
   0.07067
   0.04475
   0.00447
  -0.03725
  -0.06702
  -0.07526
  -0.05935
  -0.02438
   0.01841
   0.05530
   0.07443
   0.06967
   0.04254
   0.00176
  -0.03959
  -0.06823
  -0.07496
  -0.05763
  -0.02180
   0.02103
   0.05711
   0.07485
   0.06857
   0.04027
  -0.00096
