   0.01338
   0.02645
   0.03867
   0.04965
   0.05903
   0.06651
   0.07186
   0.07489
   0.07552
   0.07372
   0.06955
   0.06315
   0.05472
   0.04453
   0.03290
   0.02022
   0.00689
  -0.00666
  -0.02000
  -0.03270
  -0.04434
  -0.05456
  -0.06302
  -0.06946
  -0.07367
  -0.07551
  -0.07492
  -0.07193
  -0.06662
  -0.05917
  -0.04982
  -0.03887
  -0.02667
  -0.01361
  -0.00011
   0.01338
   0.02645
   0.03867
   0.04965
   0.05903
   0.06651
   0.07186
   0.07489
   0.07552
   0.07372
   0.06955
   0.06315
   0.05472
   0.04453
   0.03290
   0.02022
   0.00689
  -0.00666
  -0.02000
  -0.03270
  -0.04434
  -0.05456
  -0.06302
  -0.06946
  -0.07367
  -0.07551
  -0.07492
  -0.07193
  -0.06662
  -0.05917
  -0.04982
  -0.03887
  -0.02667
  -0.01361
  -0.00011
   0.01338
   0.02645
   0.03867
   0.04965
   0.05903
   0.06651
   0.07186
   0.07489
   0.07552
   0.07372
   0.06955
   0.06315
   0.05472
   0.04453
   0.03290
   0.02022
   0.00689
  -0.00666
  -0.02000
  -0.03270
  -0.04434
  -0.05456
  -0.06302
  -0.06946
  -0.07367
  -0.07551
  -0.07492
  -0.07193
  -0.06662
  -0.05917
  -0.04982
  -0.03887
  -0.02667
  -0.01361
  -0.00011
   0.01338
   0.02645
   0.03867
   0.04965
   0.05903
   0.06651
   0.07186
   0.07489
   0.07552
   0.07372
   0.06955
   0.06315
   0.05472
   0.04453
   0.03290
   0.02022
   0.00689
  -0.00666
  -0.02000
  -0.03270
  -0.04434
  -0.05456
  -0.06302
  -0.06946
  -0.07367
  -0.07551
  -0.07492
  -0.07193
  -0.06662
  -0.05917
  -0.04982
  -0.03887
  -0.02667
  -0.01361
  -0.00011
   0.01338
   0.02645
   0.03867
   0.04965
   0.05903
   0.06651
   0.07186
   0.07489
   0.07552
   0.07372
   0.06955
   0.06315
   0.05472
   0.04453
   0.03290
   0.02022
   0.00689
  -0.00666
  -0.02000
  -0.03270
  -0.04434
  -0.05456
  -0.06302
  -0.06946
  -0.07367
  -0.07551
  -0.07492
  -0.07193
  -0.06662
  -0.05917
  -0.04982
  -0.03887
  -0.02667
  -0.01361
  -0.00011
   0.01338
   0.02645
   0.03867
   0.04965
   0.05903
   0.06651
   0.07186
   0.07489
   0.07552
   0.07372
   0.06955
   0.06315
   0.05472
   0.04453
   0.03290
   0.02022
   0.00689
  -0.00666
  -0.02000
  -0.03270
  -0.04434
  -0.05456
  -0.06302
  -0.06946
  -0.07367
  -0.07551
  -0.07492
  -0.07193
  -0.06662
  -0.05917
  -0.04982
  -0.03887
  -0.02667
  -0.01361
  -0.00011
   0.01338
   0.02645
   0.03867
   0.04965
   0.05903
   0.06651
   0.07186
   0.07489
   0.07552
   0.07372
   0.06955
   0.06315
   0.05472
   0.04453
   0.03290
   0.02022
   0.00689
  -0.00666
  -0.02000
  -0.03270
  -0.04434
  -0.05456
  -0.06302
  -0.06946
  -0.07367
  -0.07551
  -0.07492
  -0.07193
  -0.06662
  -0.05917
  -0.04982
  -0.03887
  -0.02667
  -0.01361
  -0.00011
   0.01338
   0.02645
   0.03867
   0.04965
   0.05903
   0.06651
   0.07186
   0.07489
   0.07552
   0.07372
   0.06955
   0.06315
   0.05472
   0.04453
   0.03290
   0.02022
   0.00689
  -0.00666
  -0.02000
  -0.03270
  -0.04434
  -0.05456
  -0.06302
  -0.06946
  -0.07367
  -0.07551
  -0.07492
  -0.07193
  -0.06662
  -0.05917
  -0.04982
  -0.03887
  -0.02667
  -0.01361
  -0.00011
   0.01338
   0.02645
   0.03867
   0.04965
   0.05903
   0.06651
   0.07186
   0.07489
   0.07552
   0.07372
   0.06955
   0.06315
   0.05472
   0.04453
   0.03290
   0.02022
   0.00689
  -0.00666
  -0.02000
  -0.03270
  -0.04434
  -0.05456
  -0.06302
  -0.06946
  -0.07367
  -0.07551
  -0.07492
  -0.07193
  -0.06662
  -0.05917
  -0.04982
  -0.03887
  -0.02667
  -0.01361
  -0.00011
   0.01338
   0.02645
   0.03867
   0.04965
   0.05903
   0.06651
   0.07186
   0.07489
   0.07552
   0.07372
   0.06955
   0.06315
   0.05472
   0.04453
   0.03290
   0.02022
   0.00689
  -0.00666
  -0.02000
  -0.03270
  -0.04434
  -0.05456
  -0.06302
  -0.06946
  -0.07367
  -0.07551
  -0.07492
  -0.07193
  -0.06662
  -0.05917
  -0.04982
  -0.03887
  -0.02667
  -0.01361
  -0.00011
