   0.03501
   0.04785
  -0.07262
   0.00923
   0.06536
  -0.06061
  -0.01772
   0.07454
  -0.04087
  -0.04241
   0.07421
  -0.01592
  -0.06169
   0.06441
   0.01106
  -0.07311
   0.04641
   0.03663
  -0.07520
   0.02248
   0.05753
  -0.06770
  -0.00431
   0.07109
  -0.05157
  -0.03056
   0.07559
  -0.02886
  -0.05290
   0.07044
  -0.00247
  -0.06850
   0.05632
   0.02423
  -0.07537
   0.03501
   0.04785
  -0.07262
   0.00923
   0.06536
  -0.06061
  -0.01772
   0.07454
  -0.04087
  -0.04241
   0.07421
  -0.01592
  -0.06169
   0.06441
   0.01106
  -0.07311
   0.04641
   0.03663
  -0.07520
   0.02248
   0.05753
  -0.06770
  -0.00431
   0.07109
  -0.05157
  -0.03056
   0.07559
  -0.02886
  -0.05290
   0.07044
  -0.00247
  -0.06850
   0.05632
   0.02423
  -0.07537
   0.03501
   0.04785
  -0.07262
   0.00923
   0.06536
  -0.06061
  -0.01772
   0.07454
  -0.04087
  -0.04241
   0.07421
  -0.01592
  -0.06169
   0.06441
   0.01106
  -0.07311
   0.04641
   0.03663
  -0.07520
   0.02248
   0.05753
  -0.06770
  -0.00431
   0.07109
  -0.05157
  -0.03056
   0.07559
  -0.02886
  -0.05290
   0.07044
  -0.00247
  -0.06850
   0.05632
   0.02423
  -0.07537
   0.03501
   0.04785
  -0.07262
   0.00923
   0.06536
  -0.06061
  -0.01772
   0.07454
  -0.04087
  -0.04241
   0.07421
  -0.01592
  -0.06169
   0.06441
   0.01106
  -0.07311
   0.04641
   0.03663
  -0.07520
   0.02248
   0.05753
  -0.06770
  -0.00431
   0.07109
  -0.05157
  -0.03056
   0.07559
  -0.02886
  -0.05290
   0.07044
  -0.00247
  -0.06850
   0.05632
   0.02423
  -0.07537
   0.03501
   0.04785
  -0.07262
   0.00923
   0.06536
  -0.06061
  -0.01772
   0.07454
  -0.04087
  -0.04241
   0.07421
  -0.01592
  -0.06169
   0.06441
   0.01106
  -0.07311
   0.04641
   0.03663
  -0.07520
   0.02248
   0.05753
  -0.06770
  -0.00431
   0.07109
  -0.05157
  -0.03056
   0.07559
  -0.02886
  -0.05290
   0.07044
  -0.00247
  -0.06850
   0.05632
   0.02423
  -0.07537
   0.03501
   0.04785
  -0.07262
   0.00923
   0.06536
  -0.06061
  -0.01772
   0.07454
  -0.04087
  -0.04241
   0.07421
  -0.01592
  -0.06169
   0.06441
   0.01106
  -0.07311
   0.04641
   0.03663
  -0.07520
   0.02248
   0.05753
  -0.06770
  -0.00431
   0.07109
  -0.05157
  -0.03056
   0.07559
  -0.02886
  -0.05290
   0.07044
  -0.00247
  -0.06850
   0.05632
   0.02423
  -0.07537
   0.03501
   0.04785
  -0.07262
   0.00923
   0.06536
  -0.06061
  -0.01772
   0.07454
  -0.04087
  -0.04241
   0.07421
  -0.01592
  -0.06169
   0.06441
   0.01106
  -0.07311
   0.04641
   0.03663
  -0.07520
   0.02248
   0.05753
  -0.06770
  -0.00431
   0.07109
  -0.05157
  -0.03056
   0.07559
  -0.02886
  -0.05290
   0.07044
  -0.00247
  -0.06850
   0.05632
   0.02423
  -0.07537
   0.03501
   0.04785
  -0.07262
   0.00923
   0.06536
  -0.06061
  -0.01772
   0.07454
  -0.04087
  -0.04241
   0.07421
  -0.01592
  -0.06169
   0.06441
   0.01106
  -0.07311
   0.04641
   0.03663
  -0.07520
   0.02248
   0.05753
  -0.06770
  -0.00431
   0.07109
  -0.05157
  -0.03056
   0.07559
  -0.02886
  -0.05290
   0.07044
  -0.00247
  -0.06850
   0.05632
   0.02423
  -0.07537
   0.03501
   0.04785
  -0.07262
   0.00923
   0.06536
  -0.06061
  -0.01772
   0.07454
  -0.04087
  -0.04241
   0.07421
  -0.01592
  -0.06169
   0.06441
   0.01106
  -0.07311
   0.04641
   0.03663
  -0.07520
   0.02248
   0.05753
  -0.06770
  -0.00431
   0.07109
  -0.05157
  -0.03056
   0.07559
  -0.02886
  -0.05290
   0.07044
  -0.00247
  -0.06850
   0.05632
   0.02423
  -0.07537
   0.03501
   0.04785
  -0.07262
   0.00923
   0.06536
  -0.06061
  -0.01772
   0.07454
  -0.04087
  -0.04241
   0.07421
  -0.01592
  -0.06169
   0.06441
   0.01106
  -0.07311
   0.04641
   0.03663
  -0.07520
   0.02248
   0.05753
  -0.06770
  -0.00431
   0.07109
  -0.05157
  -0.03056
   0.07559
  -0.02886
  -0.05290
   0.07044
  -0.00247
  -0.06850
   0.05632
   0.02423
  -0.07537
