  -0.03148
  -0.05182
   0.07050
  -0.00126
  -0.06955
   0.05362
   0.02917
  -0.07559
   0.02774
   0.05470
  -0.06893
  -0.00281
   0.07104
  -0.05068
  -0.03288
   0.07544
  -0.02391
  -0.05743
   0.06716
   0.00687
  -0.07233
   0.04759
   0.03650
  -0.07507
   0.02002
   0.06000
  -0.06519
  -0.01091
   0.07341
  -0.04436
  -0.04001
   0.07448
  -0.01607
  -0.06238
   0.06304
   0.01492
  -0.07427
   0.04100
   0.04341
  -0.07368
   0.01207
   0.06459
  -0.06070
  -0.01889
   0.07492
  -0.03752
  -0.04667
   0.07266
  -0.00803
  -0.06661
   0.05818
   0.02280
  -0.07535
   0.03393
   0.04981
  -0.07143
   0.00397
   0.06844
  -0.05550
  -0.02665
   0.07557
  -0.03025
  -0.05280
   0.07000
   0.00010
  -0.07007
   0.05266
   0.03042
  -0.07556
   0.02647
   0.05563
  -0.06836
  -0.00416
   0.07149
  -0.04966
  -0.03410
   0.07534
  -0.02262
  -0.05831
   0.06652
   0.00822
  -0.07271
   0.04652
   0.03768
  -0.07490
   0.01871
   0.06081
  -0.06449
  -0.01225
   0.07372
  -0.04325
  -0.04116
   0.07424
  -0.01474
  -0.06314
   0.06228
   0.01625
  -0.07451
   0.03985
   0.04451
  -0.07336
   0.01072
   0.06529
  -0.05988
  -0.02020
   0.07509
  -0.03633
  -0.04773
   0.07227
  -0.00668
  -0.06724
   0.05731
   0.02409
  -0.07545
   0.03271
   0.05082
  -0.07098
   0.00262
   0.06900
  -0.05457
  -0.02792
   0.07559
  -0.02900
  -0.05376
   0.06947
   0.00145
  -0.07057
   0.05168
   0.03166
  -0.07551
   0.02520
   0.05654
  -0.06777
  -0.00552
   0.07192
  -0.04863
  -0.03531
   0.07522
  -0.02132
  -0.05916
   0.06587
   0.00957
  -0.07307
   0.04545
   0.03885
  -0.07470
   0.01739
   0.06161
  -0.06377
  -0.01359
   0.07401
  -0.04213
  -0.04229
   0.07397
  -0.01340
  -0.06388
   0.06150
   0.01757
  -0.07473
   0.03869
   0.04560
  -0.07302
   0.00938
   0.06596
  -0.05904
  -0.02151
   0.07523
  -0.03514
  -0.04878
   0.07186
  -0.00533
  -0.06785
   0.05641
   0.02538
  -0.07552
   0.03148
   0.05182
  -0.07050
   0.00126
   0.06955
  -0.05362
  -0.02917
   0.07559
  -0.02774
  -0.05470
   0.06893
   0.00281
  -0.07104
   0.05068
   0.03288
  -0.07544
   0.02391
   0.05743
  -0.06716
  -0.00687
   0.07233
  -0.04759
  -0.03650
   0.07507
  -0.02002
  -0.06000
   0.06519
   0.01091
  -0.07341
   0.04436
   0.04001
  -0.07448
   0.01607
   0.06238
  -0.06304
  -0.01492
   0.07427
  -0.04100
  -0.04341
   0.07368
  -0.01207
  -0.06459
   0.06070
   0.01889
  -0.07492
   0.03752
   0.04667
  -0.07266
   0.00803
   0.06661
  -0.05818
  -0.02280
   0.07535
  -0.03393
  -0.04981
   0.07143
  -0.00397
  -0.06844
   0.05550
   0.02665
  -0.07557
   0.03025
   0.05280
  -0.07000
  -0.00010
   0.07007
  -0.05266
  -0.03042
   0.07556
  -0.02647
  -0.05563
   0.06836
   0.00416
  -0.07149
   0.04966
   0.03410
  -0.07534
   0.02262
   0.05831
  -0.06652
  -0.00822
   0.07271
  -0.04652
  -0.03768
   0.07490
  -0.01871
  -0.06081
   0.06449
   0.01225
  -0.07372
   0.04325
   0.04116
  -0.07424
   0.01474
   0.06314
  -0.06228
  -0.01625
   0.07451
  -0.03985
  -0.04451
   0.07336
  -0.01072
  -0.06529
   0.05988
   0.02020
  -0.07509
   0.03633
   0.04773
  -0.07227
   0.00668
   0.06724
  -0.05731
  -0.02409
   0.07545
  -0.03271
  -0.05082
   0.07098
  -0.00262
  -0.06900
   0.05457
   0.02792
  -0.07559
   0.02900
   0.05376
  -0.06947
  -0.00145
   0.07057
  -0.05168
  -0.03166
   0.07551
  -0.02520
  -0.05654
   0.06777
   0.00552
  -0.07192
   0.04863
   0.03531
  -0.07522
   0.02132
   0.05916
  -0.06587
  -0.00957
   0.07307
  -0.04545
  -0.03885
   0.07470
  -0.01739
  -0.06161
   0.06377
   0.01359
  -0.07401
   0.04213
   0.04229
  -0.07397
   0.01340
   0.06388
  -0.06150
  -0.01757
   0.07473
  -0.03869
  -0.04560
   0.07302
  -0.00938
  -0.06596
   0.05904
   0.02151
  -0.07523
   0.03514
   0.04878
  -0.07186
   0.00533
   0.06785
  -0.05641
  -0.02538
   0.07552
