  -0.07383
  -0.02854
   0.06414
   0.05031
  -0.04706
  -0.06628
   0.02456
   0.07462
   0.00077
  -0.07436
  -0.02601
   0.06553
   0.04825
  -0.04916
  -0.06494
   0.02711
   0.07414
  -0.00195
  -0.07480
  -0.02344
   0.06684
   0.04613
  -0.05119
  -0.06351
   0.02963
   0.07356
  -0.00466
  -0.07515
  -0.02085
   0.06807
   0.04395
  -0.05315
  -0.06199
   0.03211
   0.07289
  -0.00736
  -0.07539
  -0.01823
   0.06921
   0.04172
  -0.05504
  -0.06040
   0.03454
   0.07213
  -0.01006
  -0.07554
  -0.01558
   0.07025
   0.03943
  -0.05687
  -0.05873
   0.03693
   0.07127
  -0.01274
  -0.07559
  -0.01292
   0.07121
   0.03709
  -0.05862
  -0.05698
   0.03928
   0.07032
  -0.01541
  -0.07555
  -0.01023
   0.07207
   0.03470
  -0.06030
  -0.05516
   0.04157
   0.06928
  -0.01806
  -0.07540
  -0.00754
   0.07285
   0.03226
  -0.06189
  -0.05327
   0.04381
   0.06814
  -0.02068
  -0.07516
  -0.00483
   0.07352
   0.02979
  -0.06341
  -0.05131
   0.04599
   0.06693
  -0.02328
  -0.07483
  -0.00212
   0.07411
   0.02728
  -0.06485
  -0.04929
   0.04812
   0.06562
  -0.02584
  -0.07439
   0.00059
   0.07459
   0.02473
  -0.06620
  -0.04720
   0.05018
   0.06423
  -0.02838
  -0.07386
   0.00330
   0.07499
   0.02215
  -0.06747
  -0.04505
   0.05218
   0.06276
  -0.03087
  -0.07324
   0.00601
   0.07528
   0.01954
  -0.06865
  -0.04284
   0.05411
   0.06121
  -0.03333
  -0.07252
   0.00871
   0.07548
   0.01691
  -0.06974
  -0.04058
   0.05597
   0.05958
  -0.03574
  -0.07171
   0.01140
   0.07558
   0.01425
  -0.07074
  -0.03826
   0.05775
   0.05787
  -0.03811
  -0.07080
   0.01408
   0.07558
   0.01158
  -0.07165
  -0.03590
   0.05947
   0.05608
  -0.04043
  -0.06981
   0.01674
   0.07549
   0.00889
  -0.07247
  -0.03349
   0.06110
   0.05423
  -0.04270
  -0.06872
   0.01937
   0.07530
   0.00619
  -0.07320
  -0.03103
   0.06266
   0.05230
  -0.04491
  -0.06755
   0.02198
   0.07501
   0.00348
  -0.07383
  -0.02854
   0.06414
   0.05031
  -0.04706
  -0.06628
   0.02456
   0.07462
   0.00077
  -0.07436
  -0.02601
   0.06553
   0.04825
  -0.04916
  -0.06494
   0.02711
   0.07414
  -0.00195
  -0.07480
  -0.02344
   0.06684
   0.04613
  -0.05119
  -0.06351
   0.02963
   0.07356
  -0.00466
  -0.07515
  -0.02085
   0.06807
   0.04395
  -0.05315
  -0.06199
   0.03211
   0.07289
  -0.00736
  -0.07539
  -0.01823
   0.06921
   0.04172
  -0.05504
  -0.06040
   0.03454
   0.07213
  -0.01006
  -0.07554
  -0.01558
   0.07025
   0.03943
  -0.05687
  -0.05873
   0.03693
   0.07127
  -0.01274
  -0.07559
  -0.01292
   0.07121
   0.03709
  -0.05862
  -0.05698
   0.03928
   0.07032
  -0.01541
  -0.07555
  -0.01023
   0.07207
   0.03470
  -0.06030
  -0.05516
   0.04157
   0.06928
  -0.01806
  -0.07540
  -0.00754
   0.07285
   0.03226
  -0.06189
  -0.05327
   0.04381
   0.06814
  -0.02068
  -0.07516
  -0.00483
   0.07352
   0.02979
  -0.06341
  -0.05131
   0.04599
   0.06693
  -0.02328
  -0.07483
  -0.00212
   0.07411
   0.02728
  -0.06485
  -0.04929
   0.04812
   0.06562
  -0.02584
  -0.07439
   0.00059
   0.07459
   0.02473
  -0.06620
  -0.04720
   0.05018
   0.06423
  -0.02838
  -0.07386
   0.00330
   0.07499
   0.02215
  -0.06747
  -0.04505
   0.05218
   0.06276
  -0.03087
  -0.07324
   0.00601
   0.07528
   0.01954
  -0.06865
  -0.04284
   0.05411
   0.06121
  -0.03333
  -0.07252
   0.00871
   0.07548
   0.01691
  -0.06974
  -0.04058
   0.05597
   0.05958
  -0.03574
  -0.07171
   0.01140
   0.07558
   0.01425
  -0.07074
  -0.03826
   0.05775
   0.05787
  -0.03811
  -0.07080
   0.01408
   0.07558
   0.01158
  -0.07165
  -0.03590
   0.05947
   0.05608
  -0.04043
  -0.06981
   0.01674
   0.07549
   0.00889
  -0.07247
  -0.03349
   0.06110
   0.05423
  -0.04270
  -0.06872
   0.01937
   0.07530
   0.00619
  -0.07320
  -0.03103
   0.06266
   0.05230
  -0.04491
  -0.06755
   0.02198
   0.07501
   0.00348
