  -0.06719
   0.05996
   0.01613
  -0.07369
   0.04662
   0.03399
  -0.07557
   0.03036
   0.04971
  -0.07269
   0.01219
   0.06231
  -0.06525
  -0.00675
   0.07100
  -0.05371
  -0.02526
   0.07522
  -0.03880
  -0.04218
   0.07472
  -0.02144
  -0.05646
   0.06952
  -0.00274
  -0.06719
   0.05996
   0.01613
  -0.07369
   0.04662
   0.03399
  -0.07557
   0.03036
   0.04971
  -0.07269
   0.01219
   0.06231
  -0.06525
  -0.00675
   0.07100
  -0.05371
  -0.02526
   0.07522
  -0.03880
  -0.04218
   0.07472
  -0.02144
  -0.05646
   0.06952
  -0.00274
  -0.06719
   0.05996
   0.01613
  -0.07369
   0.04662
   0.03399
  -0.07557
   0.03036
   0.04971
  -0.07269
   0.01219
   0.06231
  -0.06525
  -0.00675
   0.07100
  -0.05371
  -0.02526
   0.07522
  -0.03880
  -0.04218
   0.07472
  -0.02144
  -0.05646
   0.06952
  -0.00274
  -0.06719
   0.05996
   0.01613
  -0.07369
   0.04662
   0.03399
  -0.07557
   0.03036
   0.04971
  -0.07269
   0.01219
   0.06231
  -0.06525
  -0.00675
   0.07100
  -0.05371
  -0.02526
   0.07522
  -0.03880
  -0.04218
   0.07472
  -0.02144
  -0.05646
   0.06952
  -0.00274
  -0.06719
   0.05996
   0.01613
  -0.07369
   0.04662
   0.03399
  -0.07557
   0.03036
   0.04971
  -0.07269
   0.01219
   0.06231
  -0.06525
  -0.00675
   0.07100
  -0.05371
  -0.02526
   0.07522
  -0.03880
  -0.04218
   0.07472
  -0.02144
  -0.05646
   0.06952
  -0.00274
  -0.06719
   0.05996
   0.01613
  -0.07369
   0.04662
   0.03399
  -0.07557
   0.03036
   0.04971
  -0.07269
   0.01219
   0.06231
  -0.06525
  -0.00675
   0.07100
  -0.05371
  -0.02526
   0.07522
  -0.03880
  -0.04218
   0.07472
  -0.02144
  -0.05646
   0.06952
  -0.00274
  -0.06719
   0.05996
   0.01613
  -0.07369
   0.04662
   0.03399
  -0.07557
   0.03036
   0.04971
  -0.07269
   0.01219
   0.06231
  -0.06525
  -0.00675
   0.07100
  -0.05371
  -0.02526
   0.07522
  -0.03880
  -0.04218
   0.07472
  -0.02144
  -0.05646
   0.06952
  -0.00274
  -0.06719
   0.05996
   0.01613
  -0.07369
   0.04662
   0.03399
  -0.07557
   0.03036
   0.04971
  -0.07269
   0.01219
   0.06231
  -0.06525
  -0.00675
   0.07100
  -0.05371
  -0.02526
   0.07522
  -0.03880
  -0.04218
   0.07472
  -0.02144
  -0.05646
   0.06952
  -0.00274
  -0.06719
   0.05996
   0.01613
  -0.07369
   0.04662
   0.03399
  -0.07557
   0.03036
   0.04971
  -0.07269
   0.01219
   0.06231
  -0.06525
  -0.00675
   0.07100
  -0.05371
  -0.02526
   0.07522
  -0.03880
  -0.04218
   0.07472
  -0.02144
  -0.05646
   0.06952
  -0.00274
  -0.06719
   0.05996
   0.01613
  -0.07369
   0.04662
   0.03399
  -0.07557
   0.03036
   0.04971
  -0.07269
   0.01219
   0.06231
  -0.06525
  -0.00675
   0.07100
  -0.05371
  -0.02526
   0.07522
  -0.03880
  -0.04218
   0.07472
  -0.02144
  -0.05646
   0.06952
  -0.00274
  -0.06719
   0.05996
   0.01613
  -0.07369
   0.04662
   0.03399
  -0.07557
   0.03036
   0.04971
  -0.07269
   0.01219
   0.06231
  -0.06525
  -0.00675
   0.07100
  -0.05371
  -0.02526
   0.07522
  -0.03880
  -0.04218
   0.07472
  -0.02144
  -0.05646
   0.06952
  -0.00274
  -0.06719
   0.05996
   0.01613
  -0.07369
   0.04662
   0.03399
  -0.07557
   0.03036
   0.04971
  -0.07269
   0.01219
   0.06231
  -0.06525
  -0.00675
   0.07100
  -0.05371
  -0.02526
   0.07522
  -0.03880
  -0.04218
   0.07472
  -0.02144
  -0.05646
   0.06952
  -0.00274
  -0.06719
   0.05996
   0.01613
  -0.07369
   0.04662
   0.03399
  -0.07557
   0.03036
   0.04971
  -0.07269
   0.01219
   0.06231
  -0.06525
  -0.00675
   0.07100
  -0.05371
  -0.02526
   0.07522
  -0.03880
  -0.04218
   0.07472
  -0.02144
  -0.05646
   0.06952
  -0.00274
  -0.06719
   0.05996
   0.01613
  -0.07369
   0.04662
   0.03399
  -0.07557
   0.03036
   0.04971
  -0.07269
   0.01219
   0.06231
  -0.06525
  -0.00675
   0.07100
  -0.05371
  -0.02526
   0.07522
  -0.03880
  -0.04218
   0.07472
  -0.02144
  -0.05646
   0.06952
  -0.00274
