  -0.05253
   0.00108
   0.05095
  -0.07537
   0.05893
  -0.01055
  -0.04355
   0.07404
  -0.06440
   0.01984
   0.03547
  -0.07155
   0.06885
  -0.02883
  -0.02682
   0.06793
  -0.07222
   0.03736
   0.01775
  -0.06324
   0.07445
  -0.04530
  -0.00840
   0.05755
  -0.07550
   0.05253
  -0.00108
  -0.05095
   0.07537
  -0.05893
   0.01055
   0.04355
  -0.07404
   0.06440
  -0.01984
  -0.03547
   0.07155
  -0.06885
   0.02883
   0.02682
  -0.06793
   0.07222
  -0.03736
  -0.01775
   0.06324
  -0.07445
   0.04530
   0.00840
  -0.05755
   0.07550
  -0.05253
   0.00108
   0.05095
  -0.07537
   0.05893
  -0.01055
  -0.04355
   0.07404
  -0.06440
   0.01984
   0.03547
  -0.07155
   0.06885
  -0.02883
  -0.02682
   0.06793
  -0.07222
   0.03736
   0.01775
  -0.06324
   0.07445
  -0.04530
  -0.00840
   0.05755
  -0.07550
   0.05253
  -0.00108
  -0.05095
   0.07537
  -0.05893
   0.01055
   0.04355
  -0.07404
   0.06440
  -0.01984
  -0.03547
   0.07155
  -0.06885
   0.02883
   0.02682
  -0.06793
   0.07222
  -0.03736
  -0.01775
   0.06324
  -0.07445
   0.04530
   0.00840
  -0.05755
   0.07550
  -0.05253
   0.00108
   0.05095
  -0.07537
   0.05893
  -0.01055
  -0.04355
   0.07404
  -0.06440
   0.01984
   0.03547
  -0.07155
   0.06885
  -0.02883
  -0.02682
   0.06793
  -0.07222
   0.03736
   0.01775
  -0.06324
   0.07445
  -0.04530
  -0.00840
   0.05755
  -0.07550
   0.05253
  -0.00108
  -0.05095
   0.07537
  -0.05893
   0.01055
   0.04355
  -0.07404
   0.06440
  -0.01984
  -0.03547
   0.07155
  -0.06885
   0.02883
   0.02682
  -0.06793
   0.07222
  -0.03736
  -0.01775
   0.06324
  -0.07445
   0.04530
   0.00840
  -0.05755
   0.07550
  -0.05253
   0.00108
   0.05095
  -0.07537
   0.05893
  -0.01055
  -0.04355
   0.07404
  -0.06440
   0.01984
   0.03547
  -0.07155
   0.06885
  -0.02883
  -0.02682
   0.06793
  -0.07222
   0.03736
   0.01775
  -0.06324
   0.07445
  -0.04530
  -0.00840
   0.05755
  -0.07550
   0.05253
  -0.00108
  -0.05095
   0.07537
  -0.05893
   0.01055
   0.04355
  -0.07404
   0.06440
  -0.01984
  -0.03547
   0.07155
  -0.06885
   0.02883
   0.02682
  -0.06793
   0.07222
  -0.03736
  -0.01775
   0.06324
  -0.07445
   0.04530
   0.00840
  -0.05755
   0.07550
  -0.05253
   0.00108
   0.05095
  -0.07537
   0.05893
  -0.01055
  -0.04355
   0.07404
  -0.06440
   0.01984
   0.03547
  -0.07155
   0.06885
  -0.02883
  -0.02682
   0.06793
  -0.07222
   0.03736
   0.01775
  -0.06324
   0.07445
  -0.04530
  -0.00840
   0.05755
  -0.07550
   0.05253
  -0.00108
  -0.05095
   0.07537
  -0.05893
   0.01055
   0.04355
  -0.07404
   0.06440
  -0.01984
  -0.03547
   0.07155
  -0.06885
   0.02883
   0.02682
  -0.06793
   0.07222
  -0.03736
  -0.01775
   0.06324
  -0.07445
   0.04530
   0.00840
  -0.05755
   0.07550
  -0.05253
   0.00108
   0.05095
  -0.07537
   0.05893
  -0.01055
  -0.04355
   0.07404
  -0.06440
   0.01984
   0.03547
  -0.07155
   0.06885
  -0.02883
  -0.02682
   0.06793
  -0.07222
   0.03736
   0.01775
  -0.06324
   0.07445
  -0.04530
  -0.00840
   0.05755
  -0.07550
   0.05253
  -0.00108
  -0.05095
   0.07537
  -0.05893
   0.01055
   0.04355
  -0.07404
   0.06440
  -0.01984
  -0.03547
   0.07155
  -0.06885
   0.02883
   0.02682
  -0.06793
   0.07222
  -0.03736
  -0.01775
   0.06324
  -0.07445
   0.04530
   0.00840
  -0.05755
   0.07550
  -0.05253
   0.00108
   0.05095
  -0.07537
   0.05893
  -0.01055
  -0.04355
   0.07404
  -0.06440
   0.01984
   0.03547
  -0.07155
   0.06885
  -0.02883
  -0.02682
   0.06793
  -0.07222
   0.03736
   0.01775
  -0.06324
   0.07445
  -0.04530
  -0.00840
   0.05755
  -0.07550
   0.05253
  -0.00108
  -0.05095
   0.07537
  -0.05893
   0.01055
   0.04355
  -0.07404
   0.06440
  -0.01984
  -0.03547
   0.07155
  -0.06885
   0.02883
   0.02682
  -0.06793
   0.07222
  -0.03736
  -0.01775
   0.06324
  -0.07445
   0.04530
   0.00840
  -0.05755
   0.07550
