  -0.07543
   0.00435
   0.07550
  -0.00299
  -0.07556
   0.00164
   0.07559
  -0.00028
  -0.07559
  -0.00108
   0.07557
   0.00243
  -0.07553
  -0.00379
   0.07546
   0.00514
  -0.07537
  -0.00650
   0.07525
   0.00785
  -0.07511
  -0.00920
   0.07495
   0.01054
  -0.07476
  -0.01188
   0.07454
   0.01322
  -0.07431
  -0.01456
   0.07404
   0.01588
  -0.07376
  -0.01721
   0.07345
   0.01853
  -0.07312
  -0.01984
   0.07276
   0.02115
  -0.07238
  -0.02245
   0.07198
   0.02374
  -0.07155
  -0.02502
   0.07110
   0.02630
  -0.07063
  -0.02757
   0.07014
   0.02883
  -0.06962
  -0.03008
   0.06908
   0.03132
  -0.06852
  -0.03255
   0.06793
   0.03376
  -0.06733
  -0.03497
   0.06670
   0.03617
  -0.06605
  -0.03736
   0.06538
   0.03853
  -0.06469
  -0.03969
   0.06398
   0.04084
  -0.06324
  -0.04198
   0.06249
   0.04310
  -0.06171
  -0.04420
   0.06092
   0.04530
  -0.06011
  -0.04638
   0.05928
   0.04744
  -0.05842
  -0.04849
   0.05755
   0.04952
  -0.05666
  -0.05054
   0.05576
   0.05154
  -0.05483
  -0.05253
   0.05389
   0.05349
  -0.05293
  -0.05444
   0.05195
   0.05538
  -0.05096
  -0.05629
   0.04995
   0.05719
  -0.04892
  -0.05807
   0.04788
   0.05893
  -0.04682
  -0.05977
   0.04575
   0.06059
  -0.04466
  -0.06139
   0.04356
   0.06217
  -0.04244
  -0.06293
   0.04131
   0.06367
  -0.04017
  -0.06440
   0.03901
   0.06510
  -0.03784
  -0.06578
   0.03666
   0.06643
  -0.03547
  -0.06707
   0.03427
   0.06769
  -0.03305
  -0.06828
   0.03183
   0.06885
  -0.03059
  -0.06940
   0.02934
   0.06993
  -0.02809
  -0.07043
   0.02682
   0.07091
  -0.02555
  -0.07137
   0.02427
   0.07181
  -0.02298
  -0.07222
   0.02168
   0.07261
  -0.02038
  -0.07297
   0.01907
   0.07332
  -0.01775
  -0.07363
   0.01643
   0.07393
  -0.01511
  -0.07420
   0.01377
   0.07445
  -0.01244
  -0.07467
   0.01110
   0.07487
  -0.00975
  -0.07505
   0.00841
   0.07520
  -0.00706
  -0.07532
   0.00570
   0.07543
  -0.00435
  -0.07550
   0.00299
   0.07556
  -0.00164
  -0.07559
   0.00028
   0.07559
   0.00108
  -0.07557
  -0.00243
   0.07553
   0.00379
  -0.07546
  -0.00514
   0.07537
   0.00650
  -0.07525
  -0.00785
   0.07511
   0.00920
  -0.07495
  -0.01054
   0.07476
   0.01188
  -0.07454
  -0.01322
   0.07431
   0.01456
  -0.07404
  -0.01588
   0.07376
   0.01721
  -0.07345
  -0.01853
   0.07312
   0.01984
  -0.07276
  -0.02115
   0.07238
   0.02245
  -0.07198
  -0.02374
   0.07155
   0.02502
  -0.07110
  -0.02630
   0.07063
   0.02757
  -0.07014
  -0.02883
   0.06962
   0.03008
  -0.06908
  -0.03132
   0.06852
   0.03255
  -0.06793
  -0.03376
   0.06733
   0.03497
  -0.06670
  -0.03617
   0.06605
   0.03736
  -0.06538
  -0.03853
   0.06469
   0.03969
  -0.06398
  -0.04084
   0.06324
   0.04198
  -0.06249
  -0.04310
   0.06171
   0.04420
  -0.06092
  -0.04530
   0.06011
   0.04638
  -0.05928
  -0.04744
   0.05842
   0.04849
  -0.05755
  -0.04952
   0.05666
   0.05054
  -0.05576
  -0.05154
   0.05483
   0.05253
  -0.05389
  -0.05349
   0.05293
   0.05444
  -0.05195
  -0.05538
   0.05096
   0.05629
  -0.04995
  -0.05719
   0.04892
   0.05807
  -0.04788
  -0.05893
   0.04682
   0.05977
  -0.04575
  -0.06059
   0.04466
   0.06139
  -0.04356
  -0.06217
   0.04244
   0.06293
  -0.04131
  -0.06367
   0.04017
   0.06440
  -0.03901
  -0.06510
   0.03784
   0.06578
  -0.03666
  -0.06643
   0.03547
   0.06707
  -0.03427
  -0.06769
   0.03305
   0.06828
  -0.03183
  -0.06885
   0.03059
   0.06940
  -0.02934
  -0.06993
   0.02809
   0.07043
  -0.02682
  -0.07091
   0.02555
   0.07137
  -0.02427
  -0.07181
   0.02298
   0.07222
  -0.02168
  -0.07261
   0.02038
   0.07297
  -0.01907
  -0.07332
   0.01775
   0.07363
  -0.01643
  -0.07393
   0.01511
   0.07420
  -0.01377
  -0.07445
   0.01244
   0.07467
  -0.01110
  -0.07487
   0.00975
   0.07505
  -0.00841
  -0.07520
   0.00706
   0.07532
  -0.00570
