   0.05191
   0.07525
   0.06142
   0.01726
  -0.03542
  -0.07061
  -0.07093
  -0.03622
   0.01638
   0.06089
   0.07533
   0.05257
   0.00385
  -0.04677
  -0.07430
  -0.06513
  -0.02379
   0.02929
   0.06791
   0.07299
   0.04202
  -0.00970
  -0.05663
  -0.07559
  -0.05723
  -0.01060
   0.04126
   0.07275
   0.06830
   0.03013
  -0.02293
  -0.06466
  -0.07446
  -0.04749
   0.00294
   0.05191
   0.07525
   0.06142
   0.01726
  -0.03542
  -0.07061
  -0.07093
  -0.03622
   0.01638
   0.06089
   0.07533
   0.05257
   0.00385
  -0.04677
  -0.07430
  -0.06513
  -0.02379
   0.02929
   0.06791
   0.07299
   0.04202
  -0.00970
  -0.05663
  -0.07559
  -0.05723
  -0.01060
   0.04126
   0.07275
   0.06830
   0.03013
  -0.02293
  -0.06466
  -0.07446
  -0.04749
   0.00294
   0.05191
   0.07525
   0.06142
   0.01726
  -0.03542
  -0.07061
  -0.07093
  -0.03622
   0.01638
   0.06089
   0.07533
   0.05257
   0.00385
  -0.04677
  -0.07430
  -0.06513
  -0.02379
   0.02929
   0.06791
   0.07299
   0.04202
  -0.00970
  -0.05663
  -0.07559
  -0.05723
  -0.01060
   0.04126
   0.07275
   0.06830
   0.03013
  -0.02293
  -0.06466
  -0.07446
  -0.04749
   0.00294
   0.05191
   0.07525
   0.06142
   0.01726
  -0.03542
  -0.07061
  -0.07093
  -0.03622
   0.01638
   0.06089
   0.07533
   0.05257
   0.00385
  -0.04677
  -0.07430
  -0.06513
  -0.02379
   0.02929
   0.06791
   0.07299
   0.04202
  -0.00970
  -0.05663
  -0.07559
  -0.05723
  -0.01060
   0.04126
   0.07275
   0.06830
   0.03013
  -0.02293
  -0.06466
  -0.07446
  -0.04749
   0.00294
   0.05191
   0.07525
   0.06142
   0.01726
  -0.03542
  -0.07061
  -0.07093
  -0.03622
   0.01638
   0.06089
   0.07533
   0.05257
   0.00385
  -0.04677
  -0.07430
  -0.06513
  -0.02379
   0.02929
   0.06791
   0.07299
   0.04202
  -0.00970
  -0.05663
  -0.07559
  -0.05723
  -0.01060
   0.04126
   0.07275
   0.06830
   0.03013
  -0.02293
  -0.06466
  -0.07446
  -0.04749
   0.00294
   0.05191
   0.07525
   0.06142
   0.01726
  -0.03542
  -0.07061
  -0.07093
  -0.03622
   0.01638
   0.06089
   0.07533
   0.05257
   0.00385
  -0.04677
  -0.07430
  -0.06513
  -0.02379
   0.02929
   0.06791
   0.07299
   0.04202
  -0.00970
  -0.05663
  -0.07559
  -0.05723
  -0.01060
   0.04126
   0.07275
   0.06830
   0.03013
  -0.02293
  -0.06466
  -0.07446
  -0.04749
   0.00294
   0.05191
   0.07525
   0.06142
   0.01726
  -0.03542
  -0.07061
  -0.07093
  -0.03622
   0.01638
   0.06089
   0.07533
   0.05257
   0.00385
  -0.04677
  -0.07430
  -0.06513
  -0.02379
   0.02929
   0.06791
   0.07299
   0.04202
  -0.00970
  -0.05663
  -0.07559
  -0.05723
  -0.01060
   0.04126
   0.07275
   0.06830
   0.03013
  -0.02293
  -0.06466
  -0.07446
  -0.04749
   0.00294
   0.05191
   0.07525
   0.06142
   0.01726
  -0.03542
  -0.07061
  -0.07093
  -0.03622
   0.01638
   0.06089
   0.07533
   0.05257
   0.00385
  -0.04677
  -0.07430
  -0.06513
  -0.02379
   0.02929
   0.06791
   0.07299
   0.04202
  -0.00970
  -0.05663
  -0.07559
  -0.05723
  -0.01060
   0.04126
   0.07275
   0.06830
   0.03013
  -0.02293
  -0.06466
  -0.07446
  -0.04749
   0.00294
   0.05191
   0.07525
   0.06142
   0.01726
  -0.03542
  -0.07061
  -0.07093
  -0.03622
   0.01638
   0.06089
   0.07533
   0.05257
   0.00385
  -0.04677
  -0.07430
  -0.06513
  -0.02379
   0.02929
   0.06791
   0.07299
   0.04202
  -0.00970
  -0.05663
  -0.07559
  -0.05723
  -0.01060
   0.04126
   0.07275
   0.06830
   0.03013
  -0.02293
  -0.06466
  -0.07446
  -0.04749
   0.00294
   0.05191
   0.07525
   0.06142
   0.01726
  -0.03542
  -0.07061
  -0.07093
  -0.03622
   0.01638
   0.06089
   0.07533
   0.05257
   0.00385
  -0.04677
  -0.07430
  -0.06513
  -0.02379
   0.02929
   0.06791
   0.07299
   0.04202
  -0.00970
  -0.05663
  -0.07559
  -0.05723
  -0.01060
   0.04126
   0.07275
   0.06830
   0.03013
  -0.02293
  -0.06466
  -0.07446
  -0.04749
   0.00294
