   0.02304
  -0.05101
   0.06965
  -0.07556
   0.06766
  -0.04739
   0.01846
   0.01384
  -0.04361
   0.06541
  -0.07526
   0.07135
  -0.05440
   0.02750
   0.00442
  -0.03553
   0.06015
  -0.07377
   0.07392
  -0.06055
   0.03611
  -0.00508
  -0.02689
   0.05394
  -0.07113
   0.07532
  -0.06574
   0.04415
  -0.01449
  -0.01782
   0.04687
  -0.06736
   0.07553
  -0.06990
   0.05149
  -0.02367
  -0.00847
   0.03907
  -0.06253
   0.07455
  -0.07296
   0.05802
  -0.03249
   0.00101
   0.03065
  -0.05671
   0.07240
  -0.07486
   0.06364
  -0.04078
   0.01048
   0.02175
  -0.05000
   0.06911
  -0.07559
   0.06825
  -0.04844
   0.01978
   0.01250
  -0.04250
   0.06472
  -0.07512
   0.07179
  -0.05533
   0.02876
   0.00306
  -0.03433
   0.05932
  -0.07347
   0.07419
  -0.06135
   0.03730
  -0.00643
  -0.02561
   0.05298
  -0.07066
   0.07542
  -0.06640
   0.04525
  -0.01582
  -0.01650
   0.04580
  -0.06673
   0.07546
  -0.07041
   0.05248
  -0.02496
  -0.00712
   0.03790
  -0.06175
   0.07432
  -0.07330
   0.05888
  -0.03371
   0.00237
   0.02940
  -0.05580
   0.07200
  -0.07504
   0.06436
  -0.04192
   0.01182
   0.02044
  -0.04897
   0.06855
  -0.07559
   0.06882
  -0.04947
   0.02108
   0.01116
  -0.04137
   0.06401
  -0.07495
   0.07220
  -0.05625
   0.03001
   0.00170
  -0.03311
   0.05847
  -0.07313
   0.07444
  -0.06213
   0.03847
  -0.00778
  -0.02433
   0.05200
  -0.07016
   0.07550
  -0.06704
   0.04633
  -0.01714
  -0.01517
   0.04471
  -0.06608
   0.07537
  -0.07089
   0.05345
  -0.02624
  -0.00577
   0.03672
  -0.06096
   0.07406
  -0.07362
   0.05973
  -0.03491
   0.00372
   0.02815
  -0.05488
   0.07157
  -0.07519
   0.06506
  -0.04304
   0.01316
   0.01913
  -0.04793
   0.06796
  -0.07557
   0.06937
  -0.05049
   0.02238
   0.00982
  -0.04022
   0.06328
  -0.07477
   0.07259
  -0.05714
   0.03126
   0.00035
  -0.03189
   0.05760
  -0.07278
   0.07466
  -0.06290
   0.03964
  -0.00913
  -0.02304
   0.05101
  -0.06965
   0.07556
  -0.06766
   0.04739
  -0.01846
  -0.01384
   0.04361
  -0.06541
   0.07526
  -0.07135
   0.05440
  -0.02750
  -0.00442
   0.03553
  -0.06015
   0.07377
  -0.07392
   0.06055
  -0.03611
   0.00508
   0.02689
  -0.05394
   0.07113
  -0.07532
   0.06574
  -0.04415
   0.01449
   0.01782
  -0.04687
   0.06736
  -0.07553
   0.06990
  -0.05149
   0.02367
   0.00847
  -0.03907
   0.06253
  -0.07455
   0.07296
  -0.05802
   0.03249
  -0.00101
  -0.03065
   0.05671
  -0.07240
   0.07486
  -0.06364
   0.04078
  -0.01048
  -0.02175
   0.05000
  -0.06911
   0.07559
  -0.06825
   0.04844
  -0.01978
  -0.01250
   0.04250
  -0.06472
   0.07512
  -0.07179
   0.05533
  -0.02876
  -0.00306
   0.03433
  -0.05932
   0.07347
  -0.07419
   0.06135
  -0.03730
   0.00643
   0.02561
  -0.05298
   0.07066
  -0.07542
   0.06640
  -0.04525
   0.01582
   0.01650
  -0.04580
   0.06673
  -0.07546
   0.07041
  -0.05248
   0.02496
   0.00712
  -0.03790
   0.06175
  -0.07432
   0.07330
  -0.05888
   0.03371
  -0.00237
  -0.02940
   0.05580
  -0.07200
   0.07504
  -0.06436
   0.04192
  -0.01182
  -0.02044
   0.04897
  -0.06855
   0.07559
  -0.06882
   0.04947
  -0.02108
  -0.01116
   0.04137
  -0.06401
   0.07495
  -0.07220
   0.05625
  -0.03001
  -0.00170
   0.03311
  -0.05847
   0.07313
  -0.07444
   0.06213
  -0.03847
   0.00778
   0.02433
  -0.05200
   0.07016
  -0.07550
   0.06704
  -0.04633
   0.01714
   0.01517
  -0.04471
   0.06608
  -0.07537
   0.07089
  -0.05345
   0.02624
   0.00577
  -0.03672
   0.06096
  -0.07406
   0.07362
  -0.05973
   0.03491
  -0.00372
  -0.02815
   0.05488
  -0.07157
   0.07519
  -0.06506
   0.04304
  -0.01316
  -0.01913
   0.04793
  -0.06796
   0.07557
  -0.06937
   0.05049
  -0.02238
  -0.00982
   0.04022
  -0.06328
   0.07477
  -0.07259
   0.05714
  -0.03126
  -0.00035
   0.03189
  -0.05760
   0.07278
  -0.07466
   0.06290
  -0.03964
   0.00913
