  -0.07536
  -0.01595
   0.07108
   0.03503
  -0.06168
  -0.05159
   0.04783
   0.06443
  -0.03053
  -0.07263
   0.01103
   0.07559
   0.00926
  -0.07310
  -0.02888
   0.06535
   0.04643
  -0.05288
  -0.06063
   0.03661
   0.07045
  -0.01769
  -0.07520
  -0.00250
   0.07453
   0.02251
  -0.06849
  -0.04089
   0.05751
   0.05633
  -0.04239
  -0.06771
   0.02421
   0.07421
  -0.00429
  -0.07536
  -0.01595
   0.07108
   0.03503
  -0.06168
  -0.05159
   0.04783
   0.06443
  -0.03053
  -0.07263
   0.01103
   0.07559
   0.00926
  -0.07310
  -0.02888
   0.06535
   0.04643
  -0.05288
  -0.06063
   0.03661
   0.07045
  -0.01769
  -0.07520
  -0.00250
   0.07453
   0.02251
  -0.06849
  -0.04089
   0.05751
   0.05633
  -0.04239
  -0.06771
   0.02421
   0.07421
  -0.00429
  -0.07536
  -0.01595
   0.07108
   0.03503
  -0.06168
  -0.05159
   0.04783
   0.06443
  -0.03053
  -0.07263
   0.01103
   0.07559
   0.00926
  -0.07310
  -0.02888
   0.06535
   0.04643
  -0.05288
  -0.06063
   0.03661
   0.07045
  -0.01769
  -0.07520
  -0.00250
   0.07453
   0.02251
  -0.06849
  -0.04089
   0.05751
   0.05633
  -0.04239
  -0.06771
   0.02421
   0.07421
  -0.00429
  -0.07536
  -0.01595
   0.07108
   0.03503
  -0.06168
  -0.05159
   0.04783
   0.06443
  -0.03053
  -0.07263
   0.01103
   0.07559
   0.00926
  -0.07310
  -0.02888
   0.06535
   0.04643
  -0.05288
  -0.06063
   0.03661
   0.07045
  -0.01769
  -0.07520
  -0.00250
   0.07453
   0.02251
  -0.06849
  -0.04089
   0.05751
   0.05633
  -0.04239
  -0.06771
   0.02421
   0.07421
  -0.00429
  -0.07536
  -0.01595
   0.07108
   0.03503
  -0.06168
  -0.05159
   0.04783
   0.06443
  -0.03053
  -0.07263
   0.01103
   0.07559
   0.00926
  -0.07310
  -0.02888
   0.06535
   0.04643
  -0.05288
  -0.06063
   0.03661
   0.07045
  -0.01769
  -0.07520
  -0.00250
   0.07453
   0.02251
  -0.06849
  -0.04089
   0.05751
   0.05633
  -0.04239
  -0.06771
   0.02421
   0.07421
  -0.00429
  -0.07536
  -0.01595
   0.07108
   0.03503
  -0.06168
  -0.05159
   0.04783
   0.06443
  -0.03053
  -0.07263
   0.01103
   0.07559
   0.00926
  -0.07310
  -0.02888
   0.06535
   0.04643
  -0.05288
  -0.06063
   0.03661
   0.07045
  -0.01769
  -0.07520
  -0.00250
   0.07453
   0.02251
  -0.06849
  -0.04089
   0.05751
   0.05633
  -0.04239
  -0.06771
   0.02421
   0.07421
  -0.00429
  -0.07536
  -0.01595
   0.07108
   0.03503
  -0.06168
  -0.05159
   0.04783
   0.06443
  -0.03053
  -0.07263
   0.01103
   0.07559
   0.00926
  -0.07310
  -0.02888
   0.06535
   0.04643
  -0.05288
  -0.06063
   0.03661
   0.07045
  -0.01769
  -0.07520
  -0.00250
   0.07453
   0.02251
  -0.06849
  -0.04089
   0.05751
   0.05633
  -0.04239
  -0.06771
   0.02421
   0.07421
  -0.00429
  -0.07536
  -0.01595
   0.07108
   0.03503
  -0.06168
  -0.05159
   0.04783
   0.06443
  -0.03053
  -0.07263
   0.01103
   0.07559
   0.00926
  -0.07310
  -0.02888
   0.06535
   0.04643
  -0.05288
  -0.06063
   0.03661
   0.07045
  -0.01769
  -0.07520
  -0.00250
   0.07453
   0.02251
  -0.06849
  -0.04089
   0.05751
   0.05633
  -0.04239
  -0.06771
   0.02421
   0.07421
  -0.00429
  -0.07536
  -0.01595
   0.07108
   0.03503
  -0.06168
  -0.05159
   0.04783
   0.06443
  -0.03053
  -0.07263
   0.01103
   0.07559
   0.00926
  -0.07310
  -0.02888
   0.06535
   0.04643
  -0.05288
  -0.06063
   0.03661
   0.07045
  -0.01769
  -0.07520
  -0.00250
   0.07453
   0.02251
  -0.06849
  -0.04089
   0.05751
   0.05633
  -0.04239
  -0.06771
   0.02421
   0.07421
  -0.00429
  -0.07536
  -0.01595
   0.07108
   0.03503
  -0.06168
  -0.05159
   0.04783
   0.06443
  -0.03053
  -0.07263
   0.01103
   0.07559
   0.00926
  -0.07310
  -0.02888
   0.06535
   0.04643
  -0.05288
  -0.06063
   0.03661
   0.07045
  -0.01769
  -0.07520
  -0.00250
   0.07453
   0.02251
  -0.06849
  -0.04089
   0.05751
   0.05633
  -0.04239
  -0.06771
   0.02421
   0.07421
  -0.00429
