  -0.02179
   0.06572
   0.05104
  -0.04300
  -0.07018
   0.01177
   0.07542
   0.02179
  -0.06572
  -0.05104
   0.04300
   0.07018
  -0.01177
  -0.07542
  -0.02179
   0.06572
   0.05104
  -0.04300
  -0.07018
   0.01177
   0.07542
   0.02179
  -0.06572
  -0.05104
   0.04300
   0.07018
  -0.01177
  -0.07542
  -0.02179
   0.06572
   0.05104
  -0.04300
  -0.07018
   0.01177
   0.07542
   0.02179
  -0.06572
  -0.05104
   0.04300
   0.07018
  -0.01177
  -0.07542
  -0.02179
   0.06572
   0.05104
  -0.04300
  -0.07018
   0.01177
   0.07542
   0.02179
  -0.06572
  -0.05104
   0.04300
   0.07018
  -0.01177
  -0.07542
  -0.02179
   0.06572
   0.05104
  -0.04300
  -0.07018
   0.01177
   0.07542
   0.02179
  -0.06572
  -0.05104
   0.04300
   0.07018
  -0.01177
  -0.07542
  -0.02179
   0.06572
   0.05104
  -0.04300
  -0.07018
   0.01177
   0.07542
   0.02179
  -0.06572
  -0.05104
   0.04300
   0.07018
  -0.01177
  -0.07542
  -0.02179
   0.06572
   0.05104
  -0.04300
  -0.07018
   0.01177
   0.07542
   0.02179
  -0.06572
  -0.05104
   0.04300
   0.07018
  -0.01177
  -0.07542
  -0.02179
   0.06572
   0.05104
  -0.04300
  -0.07018
   0.01177
   0.07542
   0.02179
  -0.06572
  -0.05104
   0.04300
   0.07018
  -0.01177
  -0.07542
  -0.02179
   0.06572
   0.05104
  -0.04300
  -0.07018
   0.01177
   0.07542
   0.02179
  -0.06572
  -0.05104
   0.04300
   0.07018
  -0.01177
  -0.07542
  -0.02179
   0.06572
   0.05104
  -0.04300
  -0.07018
   0.01177
   0.07542
   0.02179
  -0.06572
  -0.05104
   0.04300
   0.07018
  -0.01177
  -0.07542
  -0.02179
   0.06572
   0.05104
  -0.04300
  -0.07018
   0.01177
   0.07542
   0.02179
  -0.06572
  -0.05104
   0.04300
   0.07018
  -0.01177
  -0.07542
  -0.02179
   0.06572
   0.05104
  -0.04300
  -0.07018
   0.01177
   0.07542
   0.02179
  -0.06572
  -0.05104
   0.04300
   0.07018
  -0.01177
  -0.07542
  -0.02179
   0.06572
   0.05104
  -0.04300
  -0.07018
   0.01177
   0.07542
   0.02179
  -0.06572
  -0.05104
   0.04300
   0.07018
  -0.01177
  -0.07542
  -0.02179
   0.06572
   0.05104
  -0.04300
  -0.07018
   0.01177
   0.07542
   0.02179
  -0.06572
  -0.05104
   0.04300
   0.07018
  -0.01177
  -0.07542
  -0.02179
   0.06572
   0.05104
  -0.04300
  -0.07018
   0.01177
   0.07542
   0.02179
  -0.06572
  -0.05104
   0.04300
   0.07018
  -0.01177
  -0.07542
  -0.02179
   0.06572
   0.05104
  -0.04300
  -0.07018
   0.01177
   0.07542
   0.02179
  -0.06572
  -0.05104
   0.04300
   0.07018
  -0.01177
  -0.07542
  -0.02179
   0.06572
   0.05104
  -0.04300
  -0.07018
   0.01177
   0.07542
   0.02179
  -0.06572
  -0.05104
   0.04300
   0.07018
  -0.01177
  -0.07542
  -0.02179
   0.06572
   0.05104
  -0.04300
  -0.07018
   0.01177
   0.07542
   0.02179
  -0.06572
  -0.05104
   0.04300
   0.07018
  -0.01177
  -0.07542
  -0.02179
   0.06572
   0.05104
  -0.04300
  -0.07018
   0.01177
   0.07542
   0.02179
  -0.06572
  -0.05104
   0.04300
   0.07018
  -0.01177
  -0.07542
  -0.02179
   0.06572
   0.05104
  -0.04300
  -0.07018
   0.01177
   0.07542
   0.02179
  -0.06572
  -0.05104
   0.04300
   0.07018
  -0.01177
  -0.07542
  -0.02179
   0.06572
   0.05104
  -0.04300
  -0.07018
   0.01177
   0.07542
   0.02179
  -0.06572
  -0.05104
   0.04300
   0.07018
  -0.01177
  -0.07542
  -0.02179
   0.06572
   0.05104
  -0.04300
  -0.07018
   0.01177
   0.07542
   0.02179
  -0.06572
  -0.05104
   0.04300
   0.07018
  -0.01177
  -0.07542
  -0.02179
   0.06572
   0.05104
  -0.04300
  -0.07018
   0.01177
   0.07542
   0.02179
  -0.06572
  -0.05104
   0.04300
   0.07018
  -0.01177
  -0.07542
  -0.02179
   0.06572
   0.05104
  -0.04300
  -0.07018
   0.01177
   0.07542
   0.02179
  -0.06572
  -0.05104
   0.04300
   0.07018
  -0.01177
  -0.07542
  -0.02179
   0.06572
   0.05104
  -0.04300
  -0.07018
   0.01177
   0.07542
   0.02179
  -0.06572
  -0.05104
   0.04300
   0.07018
  -0.01177
  -0.07542
