   0.07291
   0.06497
   0.05234
   0.03595
   0.01696
  -0.00325
  -0.02322
  -0.04152
  -0.05683
  -0.06804
  -0.07435
  -0.07530
  -0.07082
  -0.06124
  -0.04724
  -0.02984
  -0.01029
   0.01001
   0.02958
   0.04702
   0.06107
   0.07072
   0.07528
   0.07440
   0.06817
   0.05702
   0.04176
   0.02350
   0.00353
  -0.01668
  -0.03570
  -0.05214
  -0.06482
  -0.07283
  -0.07559
  -0.07291
  -0.06497
  -0.05234
  -0.03595
  -0.01696
   0.00325
   0.02322
   0.04152
   0.05683
   0.06804
   0.07435
   0.07530
   0.07082
   0.06124
   0.04724
   0.02984
   0.01029
  -0.01001
  -0.02958
  -0.04702
  -0.06107
  -0.07072
  -0.07528
  -0.07440
  -0.06817
  -0.05702
  -0.04176
  -0.02350
  -0.00353
   0.01668
   0.03570
   0.05214
   0.06482
   0.07283
   0.07559
   0.07291
   0.06497
   0.05234
   0.03595
   0.01696
  -0.00325
  -0.02322
  -0.04152
  -0.05683
  -0.06804
  -0.07435
  -0.07530
  -0.07082
  -0.06124
  -0.04724
  -0.02984
  -0.01029
   0.01001
   0.02958
   0.04702
   0.06107
   0.07072
   0.07528
   0.07440
   0.06817
   0.05702
   0.04176
   0.02350
   0.00353
  -0.01668
  -0.03570
  -0.05214
  -0.06482
  -0.07283
  -0.07559
  -0.07291
  -0.06497
  -0.05234
  -0.03595
  -0.01696
   0.00325
   0.02322
   0.04152
   0.05683
   0.06804
   0.07435
   0.07530
   0.07082
   0.06124
   0.04724
   0.02984
   0.01029
  -0.01001
  -0.02958
  -0.04702
  -0.06107
  -0.07072
  -0.07528
  -0.07440
  -0.06817
  -0.05702
  -0.04176
  -0.02350
  -0.00353
   0.01668
   0.03570
   0.05214
   0.06482
   0.07283
   0.07559
   0.07291
   0.06497
   0.05234
   0.03595
   0.01696
  -0.00325
  -0.02322
  -0.04152
  -0.05683
  -0.06804
  -0.07435
  -0.07530
  -0.07082
  -0.06124
  -0.04724
  -0.02984
  -0.01029
   0.01001
   0.02958
   0.04702
   0.06107
   0.07072
   0.07528
   0.07440
   0.06817
   0.05702
   0.04176
   0.02350
   0.00353
  -0.01668
  -0.03570
  -0.05214
  -0.06482
  -0.07283
  -0.07559
  -0.07291
  -0.06497
  -0.05234
  -0.03595
  -0.01696
   0.00325
   0.02322
   0.04152
   0.05683
   0.06804
   0.07435
   0.07530
   0.07082
   0.06124
   0.04724
   0.02984
   0.01029
  -0.01001
  -0.02958
  -0.04702
  -0.06107
  -0.07072
  -0.07528
  -0.07440
  -0.06817
  -0.05702
  -0.04176
  -0.02350
  -0.00353
   0.01668
   0.03570
   0.05214
   0.06482
   0.07283
   0.07559
   0.07291
   0.06497
   0.05234
   0.03595
   0.01696
  -0.00325
  -0.02322
  -0.04152
  -0.05683
  -0.06804
  -0.07435
  -0.07530
  -0.07082
  -0.06124
  -0.04724
  -0.02984
  -0.01029
   0.01001
   0.02958
   0.04702
   0.06107
   0.07072
   0.07528
   0.07440
   0.06817
   0.05702
   0.04176
   0.02350
   0.00353
  -0.01668
  -0.03570
  -0.05214
  -0.06482
  -0.07283
  -0.07559
  -0.07291
  -0.06497
  -0.05234
  -0.03595
  -0.01696
   0.00325
   0.02322
   0.04152
   0.05683
   0.06804
   0.07435
   0.07530
   0.07082
   0.06124
   0.04724
   0.02984
   0.01029
  -0.01001
  -0.02958
  -0.04702
  -0.06107
  -0.07072
  -0.07528
  -0.07440
  -0.06817
  -0.05702
  -0.04176
  -0.02350
  -0.00353
   0.01668
   0.03570
   0.05214
   0.06482
   0.07283
   0.07559
   0.07291
   0.06497
   0.05234
   0.03595
   0.01696
  -0.00325
  -0.02322
  -0.04152
  -0.05683
  -0.06804
  -0.07435
  -0.07530
  -0.07082
  -0.06124
  -0.04724
  -0.02984
  -0.01029
   0.01001
   0.02958
   0.04702
   0.06107
   0.07072
   0.07528
   0.07440
   0.06817
   0.05702
   0.04176
   0.02350
   0.00353
  -0.01668
  -0.03570
  -0.05214
  -0.06482
  -0.07283
  -0.07559
  -0.07291
  -0.06497
  -0.05234
  -0.03595
  -0.01696
   0.00325
   0.02322
   0.04152
   0.05683
   0.06804
   0.07435
   0.07530
   0.07082
   0.06124
   0.04724
   0.02984
   0.01029
  -0.01001
  -0.02958
  -0.04702
  -0.06107
  -0.07072
  -0.07528
  -0.07440
  -0.06817
  -0.05702
  -0.04176
  -0.02350
  -0.00353
   0.01668
   0.03570
   0.05214
   0.06482
   0.07283
   0.07559
