   0.02376
   0.04532
   0.06218
   0.07261
   0.07553
   0.07062
   0.05841
   0.04015
   0.01773
  -0.00652
  -0.03010
  -0.05056
  -0.06579
  -0.07421
  -0.07494
  -0.06792
  -0.05387
  -0.03424
  -0.01107
   0.01325
   0.03619
   0.05539
   0.06886
   0.07520
   0.07375
   0.06467
   0.04890
   0.02807
   0.00432
  -0.01986
  -0.04200
  -0.05978
  -0.07138
  -0.07559
  -0.07197
  -0.06091
  -0.04354
  -0.02166
   0.00246
   0.02632
   0.04746
   0.06369
   0.07332
   0.07537
   0.06961
   0.05665
   0.03782
   0.01508
  -0.00922
  -0.03257
  -0.05254
  -0.06708
  -0.07468
  -0.07454
  -0.06669
  -0.05193
  -0.03180
  -0.00838
   0.01591
   0.03855
   0.05720
   0.06994
   0.07543
   0.07311
   0.06323
   0.04680
   0.02553
   0.00161
  -0.02247
  -0.04423
  -0.06140
  -0.07223
  -0.07557
  -0.07110
  -0.05926
  -0.04129
  -0.01905
   0.00517
   0.02885
   0.04954
   0.06511
   0.07393
   0.07511
   0.06851
   0.05481
   0.03545
   0.01241
  -0.01191
  -0.03500
  -0.05446
  -0.06829
  -0.07505
  -0.07404
  -0.06537
  -0.04993
  -0.02932
  -0.00568
   0.01855
   0.04086
   0.05894
   0.07092
   0.07556
   0.07238
   0.06170
   0.04464
   0.02296
  -0.00110
  -0.02505
  -0.04640
  -0.06295
  -0.07298
  -0.07546
  -0.07013
  -0.05754
  -0.03899
  -0.01641
   0.00787
   0.03134
   0.05156
   0.06645
   0.07445
   0.07475
   0.06732
   0.05291
   0.03303
   0.00973
  -0.01458
  -0.03738
  -0.05631
  -0.06941
  -0.07533
  -0.07344
  -0.06396
  -0.04786
  -0.02680
  -0.00297
   0.02117
   0.04312
   0.06060
   0.07181
   0.07559
   0.07155
   0.06009
   0.04242
   0.02036
  -0.00381
  -0.02759
  -0.04851
  -0.06441
  -0.07364
  -0.07525
  -0.06907
  -0.05574
  -0.03664
  -0.01375
   0.01057
   0.03379
   0.05351
   0.06770
   0.07487
   0.07430
   0.06604
   0.05094
   0.03057
   0.00703
  -0.01723
  -0.03971
  -0.05808
  -0.07044
  -0.07550
  -0.07276
  -0.06247
  -0.04573
  -0.02425
  -0.00026
   0.02376
   0.04532
   0.06218
   0.07261
   0.07553
   0.07062
   0.05841
   0.04015
   0.01773
  -0.00652
  -0.03010
  -0.05056
  -0.06579
  -0.07421
  -0.07494
  -0.06792
  -0.05387
  -0.03424
  -0.01107
   0.01325
   0.03619
   0.05539
   0.06886
   0.07520
   0.07375
   0.06467
   0.04890
   0.02807
   0.00432
  -0.01986
  -0.04200
  -0.05978
  -0.07138
  -0.07559
  -0.07197
  -0.06091
  -0.04354
  -0.02166
   0.00246
   0.02632
   0.04746
   0.06369
   0.07332
   0.07537
   0.06961
   0.05665
   0.03782
   0.01508
  -0.00922
  -0.03257
  -0.05254
  -0.06708
  -0.07468
  -0.07454
  -0.06669
  -0.05193
  -0.03180
  -0.00838
   0.01591
   0.03855
   0.05720
   0.06994
   0.07543
   0.07311
   0.06323
   0.04680
   0.02553
   0.00161
  -0.02247
  -0.04423
  -0.06140
  -0.07223
  -0.07557
  -0.07110
  -0.05926
  -0.04129
  -0.01905
   0.00517
   0.02885
   0.04954
   0.06511
   0.07393
   0.07511
   0.06851
   0.05481
   0.03545
   0.01241
  -0.01191
  -0.03500
  -0.05446
  -0.06829
  -0.07505
  -0.07404
  -0.06537
  -0.04993
  -0.02932
  -0.00568
   0.01855
   0.04086
   0.05894
   0.07092
   0.07556
   0.07238
   0.06170
   0.04464
   0.02296
  -0.00110
  -0.02505
  -0.04640
  -0.06295
  -0.07298
  -0.07546
  -0.07013
  -0.05754
  -0.03899
  -0.01641
   0.00787
   0.03134
   0.05156
   0.06645
   0.07445
   0.07475
   0.06732
   0.05291
   0.03303
   0.00973
  -0.01458
  -0.03738
  -0.05631
  -0.06941
  -0.07533
  -0.07344
  -0.06396
  -0.04786
  -0.02680
  -0.00297
   0.02117
   0.04312
   0.06060
   0.07181
   0.07559
   0.07155
   0.06009
   0.04242
   0.02036
  -0.00381
  -0.02759
  -0.04851
  -0.06441
  -0.07364
  -0.07525
  -0.06907
  -0.05574
  -0.03664
  -0.01375
   0.01057
   0.03379
   0.05351
   0.06770
   0.07487
   0.07430
   0.06604
   0.05094
   0.03057
   0.00703
  -0.01723
  -0.03971
  -0.05808
  -0.07044
  -0.07550
  -0.07276
  -0.06247
  -0.04573
  -0.02425
  -0.00026
