  -0.05280
   0.07559
  -0.05362
  -0.00010
   0.05376
  -0.07559
   0.05265
   0.00146
  -0.05471
   0.07556
  -0.05167
  -0.00282
   0.05564
  -0.07551
   0.05067
   0.00417
  -0.05655
   0.07544
  -0.04966
  -0.00553
   0.05744
  -0.07534
   0.04863
   0.00688
  -0.05831
   0.07521
  -0.04758
  -0.00823
   0.05916
  -0.07507
   0.04652
   0.00958
  -0.06000
   0.07489
  -0.04544
  -0.01092
   0.06082
  -0.07470
   0.04435
   0.01226
  -0.06161
   0.07448
  -0.04324
  -0.01360
   0.06239
  -0.07423
   0.04212
   0.01493
  -0.06314
   0.07397
  -0.04099
  -0.01626
   0.06388
  -0.07367
   0.03984
   0.01758
  -0.06460
   0.07336
  -0.03868
  -0.01890
   0.06529
  -0.07302
   0.03751
   0.02021
  -0.06596
   0.07266
  -0.03633
  -0.02151
   0.06662
  -0.07227
   0.03513
   0.02281
  -0.06725
   0.07186
  -0.03392
  -0.02410
   0.06786
  -0.07143
   0.03271
   0.02538
  -0.06844
   0.07097
  -0.03148
  -0.02666
   0.06901
  -0.07049
   0.03024
   0.02792
  -0.06955
   0.06999
  -0.02899
  -0.02918
   0.07007
  -0.06947
   0.02773
   0.03043
  -0.07057
   0.06892
  -0.02647
  -0.03166
   0.07104
  -0.06835
   0.02519
   0.03289
  -0.07150
   0.06776
  -0.02391
  -0.03411
   0.07192
  -0.06715
   0.02262
   0.03531
  -0.07233
   0.06652
  -0.02132
  -0.03651
   0.07271
  -0.06586
   0.02001
   0.03769
  -0.07307
   0.06519
  -0.01870
  -0.03886
   0.07341
  -0.06449
   0.01738
   0.04002
  -0.07372
   0.06377
  -0.01606
  -0.04116
   0.07401
  -0.06303
   0.01473
   0.04229
  -0.07427
   0.06227
  -0.01340
  -0.04341
   0.07451
  -0.06149
   0.01206
   0.04452
  -0.07473
   0.06069
  -0.01072
  -0.04561
   0.07492
  -0.05987
   0.00937
   0.04668
  -0.07509
   0.05904
  -0.00802
  -0.04774
   0.07523
  -0.05818
   0.00667
   0.04878
  -0.07535
   0.05730
  -0.00532
  -0.04981
   0.07545
  -0.05641
   0.00397
   0.05083
  -0.07552
   0.05550
  -0.00261
  -0.05182
   0.07557
  -0.05457
   0.00125
   0.05280
  -0.07559
   0.05362
   0.00010
  -0.05376
   0.07559
  -0.05265
  -0.00146
   0.05471
  -0.07556
   0.05167
   0.00282
  -0.05564
   0.07551
  -0.05067
  -0.00417
   0.05655
  -0.07544
   0.04966
   0.00553
  -0.05744
   0.07534
  -0.04863
  -0.00688
   0.05831
  -0.07521
   0.04758
   0.00823
  -0.05916
   0.07507
  -0.04652
  -0.00958
   0.06000
  -0.07489
   0.04544
   0.01092
  -0.06082
   0.07470
  -0.04435
  -0.01226
   0.06161
  -0.07448
   0.04324
   0.01360
  -0.06239
   0.07423
  -0.04212
  -0.01493
   0.06314
  -0.07397
   0.04099
   0.01626
  -0.06388
   0.07367
  -0.03984
  -0.01758
   0.06460
  -0.07336
   0.03868
   0.01890
  -0.06529
   0.07302
  -0.03751
  -0.02021
   0.06596
  -0.07266
   0.03633
   0.02151
  -0.06662
   0.07227
  -0.03513
  -0.02281
   0.06725
  -0.07186
   0.03392
   0.02410
  -0.06786
   0.07143
  -0.03271
  -0.02538
   0.06844
  -0.07097
   0.03148
   0.02666
  -0.06901
   0.07049
  -0.03024
  -0.02792
   0.06955
  -0.06999
   0.02899
   0.02918
  -0.07007
   0.06947
  -0.02773
  -0.03043
   0.07057
  -0.06892
   0.02647
   0.03166
  -0.07104
   0.06835
  -0.02519
  -0.03289
   0.07150
  -0.06776
   0.02391
   0.03411
  -0.07192
   0.06715
  -0.02262
  -0.03531
   0.07233
  -0.06652
   0.02132
   0.03651
  -0.07271
   0.06586
  -0.02001
  -0.03769
   0.07307
  -0.06519
   0.01870
   0.03886
  -0.07341
   0.06449
  -0.01738
  -0.04002
   0.07372
  -0.06377
   0.01606
   0.04116
  -0.07401
   0.06303
  -0.01473
  -0.04229
   0.07427
  -0.06227
   0.01340
   0.04341
  -0.07451
   0.06149
  -0.01206
  -0.04452
   0.07473
  -0.06069
   0.01072
   0.04561
  -0.07492
   0.05987
  -0.00937
  -0.04668
   0.07509
  -0.05904
   0.00802
   0.04774
  -0.07523
   0.05818
  -0.00667
  -0.04878
   0.07535
  -0.05730
   0.00532
   0.04981
  -0.07545
   0.05641
  -0.00397
  -0.05083
   0.07552
  -0.05550
   0.00261
   0.05182
  -0.07557
   0.05457
  -0.00125
