  -0.07529
   0.03343
   0.05123
  -0.07029
  -0.00066
   0.07077
  -0.05026
  -0.03460
   0.07516
  -0.01948
  -0.06114
   0.06347
   0.01547
  -0.07460
   0.03821
   0.04711
  -0.07211
   0.00477
   0.06868
  -0.05418
  -0.02969
   0.07554
  -0.02467
  -0.05780
   0.06625
   0.01013
  -0.07354
   0.04279
   0.04275
  -0.07355
   0.01017
   0.06623
  -0.05782
  -0.02463
   0.07554
  -0.02973
  -0.05415
   0.06869
   0.00473
  -0.07209
   0.04715
   0.03817
  -0.07461
   0.01552
   0.06345
  -0.06117
  -0.01944
   0.07515
  -0.03464
  -0.05023
   0.07078
  -0.00070
  -0.07028
   0.05127
   0.03339
  -0.07529
   0.02078
   0.06034
  -0.06420
  -0.01414
   0.07437
  -0.03937
  -0.04605
   0.07250
  -0.00612
  -0.06810
   0.05512
   0.02844
  -0.07558
   0.02595
   0.05691
  -0.06690
  -0.00878
   0.07321
  -0.04390
  -0.04163
   0.07385
  -0.01151
  -0.06557
   0.05869
   0.02334
  -0.07548
   0.03097
   0.05320
  -0.06925
  -0.00337
   0.07167
  -0.04820
  -0.03699
   0.07482
  -0.01684
  -0.06270
   0.06196
   0.01812
  -0.07499
   0.03584
   0.04921
  -0.07125
   0.00206
   0.06977
  -0.05225
  -0.03217
   0.07540
  -0.02209
  -0.05951
   0.06490
   0.01281
  -0.07412
   0.04052
   0.04496
  -0.07287
   0.00747
   0.06750
  -0.05604
  -0.02718
   0.07559
  -0.02722
  -0.05601
   0.06752
   0.00743
  -0.07286
   0.04500
   0.04049
  -0.07413
   0.01285
   0.06488
  -0.05953
  -0.02204
   0.07540
  -0.03221
  -0.05222
   0.06978
   0.00201
  -0.07123
   0.04924
   0.03580
  -0.07500
   0.01816
   0.06193
  -0.06272
  -0.01680
   0.07481
  -0.03703
  -0.04817
   0.07169
  -0.00341
  -0.06923
   0.05323
   0.03093
  -0.07548
   0.02338
   0.05866
  -0.06559
  -0.01147
   0.07384
  -0.04166
  -0.04386
   0.07322
  -0.00882
  -0.06688
   0.05694
   0.02591
  -0.07558
   0.02848
   0.05509
  -0.06812
  -0.00608
   0.07249
  -0.04608
  -0.03933
   0.07438
  -0.01419
  -0.06417
   0.06036
   0.02074
  -0.07529
   0.03343
   0.05123
  -0.07029
  -0.00066
   0.07077
  -0.05026
  -0.03460
   0.07516
  -0.01948
  -0.06114
   0.06347
   0.01547
  -0.07460
   0.03821
   0.04711
  -0.07211
   0.00477
   0.06868
  -0.05418
  -0.02969
   0.07554
  -0.02467
  -0.05780
   0.06625
   0.01013
  -0.07354
   0.04279
   0.04275
  -0.07355
   0.01017
   0.06623
  -0.05782
  -0.02463
   0.07554
  -0.02973
  -0.05415
   0.06869
   0.00473
  -0.07209
   0.04715
   0.03817
  -0.07461
   0.01552
   0.06345
  -0.06117
  -0.01944
   0.07515
  -0.03464
  -0.05023
   0.07078
  -0.00070
  -0.07028
   0.05127
   0.03339
  -0.07529
   0.02078
   0.06034
  -0.06420
  -0.01414
   0.07437
  -0.03937
  -0.04605
   0.07250
  -0.00612
  -0.06810
   0.05512
   0.02844
  -0.07558
   0.02595
   0.05691
  -0.06690
  -0.00878
   0.07321
  -0.04390
  -0.04163
   0.07385
  -0.01151
  -0.06557
   0.05869
   0.02334
  -0.07548
   0.03097
   0.05320
  -0.06925
  -0.00337
   0.07167
  -0.04820
  -0.03699
   0.07482
  -0.01684
  -0.06270
   0.06196
   0.01812
  -0.07499
   0.03584
   0.04921
  -0.07125
   0.00206
   0.06977
  -0.05225
  -0.03217
   0.07540
  -0.02209
  -0.05951
   0.06490
   0.01281
  -0.07412
   0.04052
   0.04496
  -0.07287
   0.00747
   0.06750
  -0.05604
  -0.02718
   0.07559
  -0.02722
  -0.05601
   0.06752
   0.00743
  -0.07286
   0.04500
   0.04049
  -0.07413
   0.01285
   0.06488
  -0.05953
  -0.02204
   0.07540
  -0.03221
  -0.05222
   0.06978
   0.00201
  -0.07123
   0.04924
   0.03580
  -0.07500
   0.01816
   0.06193
  -0.06272
  -0.01680
   0.07481
  -0.03703
  -0.04817
   0.07169
  -0.00341
  -0.06923
   0.05323
   0.03093
  -0.07548
   0.02338
   0.05866
  -0.06559
  -0.01147
   0.07384
  -0.04166
  -0.04386
   0.07322
  -0.00882
  -0.06688
   0.05694
   0.02591
  -0.07558
   0.02848
   0.05509
  -0.06812
  -0.00608
   0.07249
  -0.04608
  -0.03933
   0.07438
  -0.01419
  -0.06417
   0.06036
   0.02074
