   0.01648
   0.06938
  -0.04248
  -0.05346
   0.06252
   0.03003
  -0.07377
  -0.00238
   0.07466
  -0.02560
  -0.06507
   0.04998
   0.04634
  -0.06735
  -0.02110
   0.07526
  -0.00711
  -0.07259
   0.03431
   0.05974
  -0.05670
  -0.03849
   0.07112
   0.01183
  -0.07556
   0.01648
   0.06938
  -0.04248
  -0.05346
   0.06252
   0.03003
  -0.07377
  -0.00238
   0.07466
  -0.02560
  -0.06507
   0.04998
   0.04634
  -0.06735
  -0.02110
   0.07526
  -0.00711
  -0.07259
   0.03431
   0.05974
  -0.05670
  -0.03849
   0.07112
   0.01183
  -0.07556
   0.01648
   0.06938
  -0.04248
  -0.05346
   0.06252
   0.03003
  -0.07377
  -0.00238
   0.07466
  -0.02560
  -0.06507
   0.04998
   0.04634
  -0.06735
  -0.02110
   0.07526
  -0.00711
  -0.07259
   0.03431
   0.05974
  -0.05670
  -0.03849
   0.07112
   0.01183
  -0.07556
   0.01648
   0.06938
  -0.04248
  -0.05346
   0.06252
   0.03003
  -0.07377
  -0.00238
   0.07466
  -0.02560
  -0.06507
   0.04998
   0.04634
  -0.06735
  -0.02110
   0.07526
  -0.00711
  -0.07259
   0.03431
   0.05974
  -0.05670
  -0.03849
   0.07112
   0.01183
  -0.07556
   0.01648
   0.06938
  -0.04248
  -0.05346
   0.06252
   0.03003
  -0.07377
  -0.00238
   0.07466
  -0.02560
  -0.06507
   0.04998
   0.04634
  -0.06735
  -0.02110
   0.07526
  -0.00711
  -0.07259
   0.03431
   0.05974
  -0.05670
  -0.03849
   0.07112
   0.01183
  -0.07556
   0.01648
   0.06938
  -0.04248
  -0.05346
   0.06252
   0.03003
  -0.07377
  -0.00238
   0.07466
  -0.02560
  -0.06507
   0.04998
   0.04634
  -0.06735
  -0.02110
   0.07526
  -0.00711
  -0.07259
   0.03431
   0.05974
  -0.05670
  -0.03849
   0.07112
   0.01183
  -0.07556
   0.01648
   0.06938
  -0.04248
  -0.05346
   0.06252
   0.03003
  -0.07377
  -0.00238
   0.07466
  -0.02560
  -0.06507
   0.04998
   0.04634
  -0.06735
  -0.02110
   0.07526
  -0.00711
  -0.07259
   0.03431
   0.05974
  -0.05670
  -0.03849
   0.07112
   0.01183
  -0.07556
   0.01648
   0.06938
  -0.04248
  -0.05346
   0.06252
   0.03003
  -0.07377
  -0.00238
   0.07466
  -0.02560
  -0.06507
   0.04998
   0.04634
  -0.06735
  -0.02110
   0.07526
  -0.00711
  -0.07259
   0.03431
   0.05974
  -0.05670
  -0.03849
   0.07112
   0.01183
  -0.07556
   0.01648
   0.06938
  -0.04248
  -0.05346
   0.06252
   0.03003
  -0.07377
  -0.00238
   0.07466
  -0.02560
  -0.06507
   0.04998
   0.04634
  -0.06735
  -0.02110
   0.07526
  -0.00711
  -0.07259
   0.03431
   0.05974
  -0.05670
  -0.03849
   0.07112
   0.01183
  -0.07556
   0.01648
   0.06938
  -0.04248
  -0.05346
   0.06252
   0.03003
  -0.07377
  -0.00238
   0.07466
  -0.02560
  -0.06507
   0.04998
   0.04634
  -0.06735
  -0.02110
   0.07526
  -0.00711
  -0.07259
   0.03431
   0.05974
  -0.05670
  -0.03849
   0.07112
   0.01183
  -0.07556
   0.01648
   0.06938
  -0.04248
  -0.05346
   0.06252
   0.03003
  -0.07377
  -0.00238
   0.07466
  -0.02560
  -0.06507
   0.04998
   0.04634
  -0.06735
  -0.02110
   0.07526
  -0.00711
  -0.07259
   0.03431
   0.05974
  -0.05670
  -0.03849
   0.07112
   0.01183
  -0.07556
   0.01648
   0.06938
  -0.04248
  -0.05346
   0.06252
   0.03003
  -0.07377
  -0.00238
   0.07466
  -0.02560
  -0.06507
   0.04998
   0.04634
  -0.06735
  -0.02110
   0.07526
  -0.00711
  -0.07259
   0.03431
   0.05974
  -0.05670
  -0.03849
   0.07112
   0.01183
  -0.07556
   0.01648
   0.06938
  -0.04248
  -0.05346
   0.06252
   0.03003
  -0.07377
  -0.00238
   0.07466
  -0.02560
  -0.06507
   0.04998
   0.04634
  -0.06735
  -0.02110
   0.07526
  -0.00711
  -0.07259
   0.03431
   0.05974
  -0.05670
  -0.03849
   0.07112
   0.01183
  -0.07556
   0.01648
   0.06938
  -0.04248
  -0.05346
   0.06252
   0.03003
  -0.07377
  -0.00238
   0.07466
  -0.02560
  -0.06507
   0.04998
   0.04634
  -0.06735
  -0.02110
   0.07526
  -0.00711
  -0.07259
   0.03431
   0.05974
  -0.05670
  -0.03849
   0.07112
   0.01183
  -0.07556
