   0.05577
   0.00572
  -0.04743
  -0.07487
  -0.06172
  -0.01512
   0.03968
   0.07297
   0.06671
   0.02429
  -0.03130
  -0.06992
  -0.07064
  -0.03307
   0.02243
   0.06577
   0.07345
   0.04133
  -0.01320
  -0.06058
  -0.07511
  -0.04893
   0.00377
   0.05443
   0.07559
   0.05577
   0.00572
  -0.04743
  -0.07487
  -0.06172
  -0.01512
   0.03968
   0.07297
   0.06671
   0.02429
  -0.03130
  -0.06992
  -0.07064
  -0.03307
   0.02243
   0.06577
   0.07345
   0.04133
  -0.01320
  -0.06058
  -0.07511
  -0.04893
   0.00377
   0.05443
   0.07559
   0.05577
   0.00572
  -0.04743
  -0.07487
  -0.06172
  -0.01512
   0.03968
   0.07297
   0.06671
   0.02429
  -0.03130
  -0.06992
  -0.07064
  -0.03307
   0.02243
   0.06577
   0.07345
   0.04133
  -0.01320
  -0.06058
  -0.07511
  -0.04893
   0.00377
   0.05443
   0.07559
   0.05577
   0.00572
  -0.04743
  -0.07487
  -0.06172
  -0.01512
   0.03968
   0.07297
   0.06671
   0.02429
  -0.03130
  -0.06992
  -0.07064
  -0.03307
   0.02243
   0.06577
   0.07345
   0.04133
  -0.01320
  -0.06058
  -0.07511
  -0.04893
   0.00377
   0.05443
   0.07559
   0.05577
   0.00572
  -0.04743
  -0.07487
  -0.06172
  -0.01512
   0.03968
   0.07297
   0.06671
   0.02429
  -0.03130
  -0.06992
  -0.07064
  -0.03307
   0.02243
   0.06577
   0.07345
   0.04133
  -0.01320
  -0.06058
  -0.07511
  -0.04893
   0.00377
   0.05443
   0.07559
   0.05577
   0.00572
  -0.04743
  -0.07487
  -0.06172
  -0.01512
   0.03968
   0.07297
   0.06671
   0.02429
  -0.03130
  -0.06992
  -0.07064
  -0.03307
   0.02243
   0.06577
   0.07345
   0.04133
  -0.01320
  -0.06058
  -0.07511
  -0.04893
   0.00377
   0.05443
   0.07559
   0.05577
   0.00572
  -0.04743
  -0.07487
  -0.06172
  -0.01512
   0.03968
   0.07297
   0.06671
   0.02429
  -0.03130
  -0.06992
  -0.07064
  -0.03307
   0.02243
   0.06577
   0.07345
   0.04133
  -0.01320
  -0.06058
  -0.07511
  -0.04893
   0.00377
   0.05443
   0.07559
   0.05577
   0.00572
  -0.04743
  -0.07487
  -0.06172
  -0.01512
   0.03968
   0.07297
   0.06671
   0.02429
  -0.03130
  -0.06992
  -0.07064
  -0.03307
   0.02243
   0.06577
   0.07345
   0.04133
  -0.01320
  -0.06058
  -0.07511
  -0.04893
   0.00377
   0.05443
   0.07559
   0.05577
   0.00572
  -0.04743
  -0.07487
  -0.06172
  -0.01512
   0.03968
   0.07297
   0.06671
   0.02429
  -0.03130
  -0.06992
  -0.07064
  -0.03307
   0.02243
   0.06577
   0.07345
   0.04133
  -0.01320
  -0.06058
  -0.07511
  -0.04893
   0.00377
   0.05443
   0.07559
   0.05577
   0.00572
  -0.04743
  -0.07487
  -0.06172
  -0.01512
   0.03968
   0.07297
   0.06671
   0.02429
  -0.03130
  -0.06992
  -0.07064
  -0.03307
   0.02243
   0.06577
   0.07345
   0.04133
  -0.01320
  -0.06058
  -0.07511
  -0.04893
   0.00377
   0.05443
   0.07559
   0.05577
   0.00572
  -0.04743
  -0.07487
  -0.06172
  -0.01512
   0.03968
   0.07297
   0.06671
   0.02429
  -0.03130
  -0.06992
  -0.07064
  -0.03307
   0.02243
   0.06577
   0.07345
   0.04133
  -0.01320
  -0.06058
  -0.07511
  -0.04893
   0.00377
   0.05443
   0.07559
   0.05577
   0.00572
  -0.04743
  -0.07487
  -0.06172
  -0.01512
   0.03968
   0.07297
   0.06671
   0.02429
  -0.03130
  -0.06992
  -0.07064
  -0.03307
   0.02243
   0.06577
   0.07345
   0.04133
  -0.01320
  -0.06058
  -0.07511
  -0.04893
   0.00377
   0.05443
   0.07559
   0.05577
   0.00572
  -0.04743
  -0.07487
  -0.06172
  -0.01512
   0.03968
   0.07297
   0.06671
   0.02429
  -0.03130
  -0.06992
  -0.07064
  -0.03307
   0.02243
   0.06577
   0.07345
   0.04133
  -0.01320
  -0.06058
  -0.07511
  -0.04893
   0.00377
   0.05443
   0.07559
   0.05577
   0.00572
  -0.04743
  -0.07487
  -0.06172
  -0.01512
   0.03968
   0.07297
   0.06671
   0.02429
  -0.03130
  -0.06992
  -0.07064
  -0.03307
   0.02243
   0.06577
   0.07345
   0.04133
  -0.01320
  -0.06058
  -0.07511
  -0.04893
   0.00377
   0.05443
   0.07559
