  -0.07506
  -0.02028
   0.06889
   0.04123
  -0.05636
  -0.05836
   0.03862
   0.07010
  -0.01731
  -0.07536
  -0.00560
   0.07366
   0.02800
  -0.06515
  -0.04780
   0.05062
   0.06319
  -0.03141
  -0.07273
   0.00929
   0.07556
   0.01368
  -0.07140
  -0.03538
   0.06065
   0.05382
  -0.04429
  -0.06728
   0.02383
   0.07453
  -0.00118
  -0.07488
  -0.02159
   0.06832
   0.04236
  -0.05544
  -0.05921
   0.03744
   0.07060
  -0.01598
  -0.07545
  -0.00696
   0.07334
   0.02925
  -0.06445
  -0.04884
   0.04960
   0.06392
  -0.03017
  -0.07309
   0.00795
   0.07551
   0.01501
  -0.07095
  -0.03658
   0.05983
   0.05476
  -0.04318
  -0.06789
   0.02254
   0.07474
   0.00018
  -0.07469
  -0.02289
   0.06773
   0.04348
  -0.05451
  -0.06005
   0.03626
   0.07107
  -0.01465
  -0.07552
  -0.00831
   0.07300
   0.03050
  -0.06373
  -0.04987
   0.04857
   0.06464
  -0.02892
  -0.07343
   0.00660
   0.07543
   0.01634
  -0.07047
  -0.03776
   0.05899
   0.05569
  -0.04206
  -0.06848
   0.02124
   0.07493
   0.00154
  -0.07447
  -0.02418
   0.06712
   0.04458
  -0.05356
  -0.06086
   0.03506
   0.07152
  -0.01332
  -0.07557
  -0.00965
   0.07264
   0.03173
  -0.06299
  -0.05088
   0.04752
   0.06533
  -0.02766
  -0.07374
   0.00524
   0.07533
   0.01766
  -0.06996
  -0.03893
   0.05813
   0.05660
  -0.04092
  -0.06904
   0.01994
   0.07510
   0.00289
  -0.07422
  -0.02546
   0.06648
   0.04567
  -0.05260
  -0.06166
   0.03385
   0.07195
  -0.01198
  -0.07559
  -0.01100
   0.07225
   0.03296
  -0.06223
  -0.05188
   0.04646
   0.06600
  -0.02639
  -0.07402
   0.00389
   0.07521
   0.01897
  -0.06944
  -0.04008
   0.05725
   0.05749
  -0.03978
  -0.06958
   0.01862
   0.07524
   0.00425
  -0.07395
  -0.02673
   0.06582
   0.04674
  -0.05162
  -0.06243
   0.03264
   0.07235
  -0.01064
  -0.07559
  -0.01234
   0.07184
   0.03418
  -0.06145
  -0.05286
   0.04538
   0.06665
  -0.02512
  -0.07429
   0.00253
   0.07506
   0.02028
  -0.06889
  -0.04123
   0.05636
   0.05836
  -0.03862
  -0.07010
   0.01731
   0.07536
   0.00560
  -0.07366
  -0.02800
   0.06515
   0.04780
  -0.05062
  -0.06319
   0.03141
   0.07273
  -0.00929
  -0.07556
  -0.01368
   0.07140
   0.03538
  -0.06065
  -0.05382
   0.04429
   0.06728
  -0.02383
  -0.07453
   0.00118
   0.07488
   0.02159
  -0.06832
  -0.04236
   0.05544
   0.05921
  -0.03744
  -0.07060
   0.01598
   0.07545
   0.00696
  -0.07334
  -0.02925
   0.06445
   0.04884
  -0.04960
  -0.06392
   0.03017
   0.07309
  -0.00795
  -0.07551
  -0.01501
   0.07095
   0.03658
  -0.05983
  -0.05476
   0.04318
   0.06789
  -0.02254
  -0.07474
  -0.00018
   0.07469
   0.02289
  -0.06773
  -0.04348
   0.05451
   0.06005
  -0.03626
  -0.07107
   0.01465
   0.07552
   0.00831
  -0.07300
  -0.03050
   0.06373
   0.04987
  -0.04857
  -0.06464
   0.02892
   0.07343
  -0.00660
  -0.07543
  -0.01634
   0.07047
   0.03776
  -0.05899
  -0.05569
   0.04206
   0.06848
  -0.02124
  -0.07493
  -0.00154
   0.07447
   0.02418
  -0.06712
  -0.04458
   0.05356
   0.06086
  -0.03506
  -0.07152
   0.01332
   0.07557
   0.00965
  -0.07264
  -0.03173
   0.06299
   0.05088
  -0.04752
  -0.06533
   0.02766
   0.07374
  -0.00524
  -0.07533
  -0.01766
   0.06996
   0.03893
  -0.05813
  -0.05660
   0.04092
   0.06904
  -0.01994
  -0.07510
  -0.00289
   0.07422
   0.02546
  -0.06648
  -0.04567
   0.05260
   0.06166
  -0.03385
  -0.07195
   0.01198
   0.07559
   0.01100
  -0.07225
  -0.03296
   0.06223
   0.05188
  -0.04646
  -0.06600
   0.02639
   0.07402
  -0.00389
  -0.07521
  -0.01897
   0.06944
   0.04008
  -0.05725
  -0.05749
   0.03978
   0.06958
  -0.01862
  -0.07524
  -0.00425
   0.07395
   0.02673
  -0.06582
  -0.04674
   0.05162
   0.06243
  -0.03264
  -0.07235
   0.01064
   0.07559
   0.01234
  -0.07184
  -0.03418
   0.06145
   0.05286
  -0.04538
  -0.06665
   0.02512
   0.07429
  -0.00253
