  -0.03438
  -0.06099
  -0.07456
  -0.07218
  -0.05436
  -0.02491
   0.00987
   0.04254
   0.06611
   0.07553
   0.06880
   0.04735
   0.01576
  -0.01919
  -0.05004
  -0.07018
  -0.07531
  -0.06433
  -0.03959
  -0.00637
   0.02820
   0.05675
   0.07315
   0.07390
   0.05885
   0.03120
  -0.00312
  -0.03677
  -0.06256
  -0.07496
  -0.07133
  -0.05244
  -0.02233
   0.01256
   0.04476
   0.06738
   0.07559
   0.06763
   0.04520
   0.01310
  -0.02180
  -0.05204
  -0.07115
  -0.07503
  -0.06286
  -0.03725
  -0.00367
   0.03070
   0.05850
   0.07379
   0.07329
   0.05711
   0.02871
  -0.00583
  -0.03912
  -0.06404
  -0.07526
  -0.07039
  -0.05045
  -0.01972
   0.01523
   0.04692
   0.06857
   0.07555
   0.06637
   0.04300
   0.01042
  -0.02439
  -0.05398
  -0.07202
  -0.07465
  -0.06132
  -0.03486
  -0.00095
   0.03316
   0.06018
   0.07433
   0.07257
   0.05529
   0.02618
  -0.00853
  -0.04141
  -0.06544
  -0.07547
  -0.06935
  -0.04840
  -0.01709
   0.01787
   0.04901
   0.06967
   0.07542
   0.06503
   0.04074
   0.00772
  -0.02694
  -0.05584
  -0.07280
  -0.07418
  -0.05969
  -0.03243
   0.00176
   0.03558
   0.06179
   0.07477
   0.07177
   0.05341
   0.02362
  -0.01122
  -0.04366
  -0.06676
  -0.07558
  -0.06823
  -0.04628
  -0.01443
   0.02050
   0.05105
   0.07068
   0.07518
   0.06361
   0.03842
   0.00502
  -0.02946
  -0.05763
  -0.07348
  -0.07361
  -0.05799
  -0.02996
   0.00447
   0.03795
   0.06331
   0.07512
   0.07087
   0.05145
   0.02103
  -0.01389
  -0.04584
  -0.06799
  -0.07559
  -0.06701
  -0.04411
  -0.01176
   0.02310
   0.05302
   0.07159
   0.07485
   0.06210
   0.03606
   0.00231
  -0.03194
  -0.05935
  -0.07407
  -0.07294
  -0.05621
  -0.02745
   0.00718
   0.04027
   0.06475
   0.07538
   0.06988
   0.04943
   0.01841
  -0.01655
  -0.04797
  -0.06913
  -0.07550
  -0.06571
  -0.04187
  -0.00907
   0.02567
   0.05492
   0.07242
   0.07443
   0.06051
   0.03365
  -0.00040
  -0.03438
  -0.06099
  -0.07456
  -0.07218
  -0.05436
  -0.02491
   0.00987
   0.04254
   0.06611
   0.07553
   0.06880
   0.04735
   0.01576
  -0.01919
  -0.05004
  -0.07018
  -0.07531
  -0.06433
  -0.03959
  -0.00637
   0.02820
   0.05675
   0.07315
   0.07390
   0.05885
   0.03120
  -0.00312
  -0.03677
  -0.06256
  -0.07496
  -0.07133
  -0.05244
  -0.02233
   0.01256
   0.04476
   0.06738
   0.07559
   0.06763
   0.04520
   0.01310
  -0.02180
  -0.05204
  -0.07115
  -0.07503
  -0.06286
  -0.03725
  -0.00367
   0.03070
   0.05850
   0.07379
   0.07329
   0.05711
   0.02871
  -0.00583
  -0.03912
  -0.06404
  -0.07526
  -0.07039
  -0.05045
  -0.01972
   0.01523
   0.04692
   0.06857
   0.07555
   0.06637
   0.04300
   0.01042
  -0.02439
  -0.05398
  -0.07202
  -0.07465
  -0.06132
  -0.03486
  -0.00095
   0.03316
   0.06018
   0.07433
   0.07257
   0.05529
   0.02618
  -0.00853
  -0.04141
  -0.06544
  -0.07547
  -0.06935
  -0.04840
  -0.01709
   0.01787
   0.04901
   0.06967
   0.07542
   0.06503
   0.04074
   0.00772
  -0.02694
  -0.05584
  -0.07280
  -0.07418
  -0.05969
  -0.03243
   0.00176
   0.03558
   0.06179
   0.07477
   0.07177
   0.05341
   0.02362
  -0.01122
  -0.04366
  -0.06676
  -0.07558
  -0.06823
  -0.04628
  -0.01443
   0.02050
   0.05105
   0.07068
   0.07518
   0.06361
   0.03842
   0.00502
  -0.02946
  -0.05763
  -0.07348
  -0.07361
  -0.05799
  -0.02996
   0.00447
   0.03795
   0.06331
   0.07512
   0.07087
   0.05145
   0.02103
  -0.01389
  -0.04584
  -0.06799
  -0.07559
  -0.06701
  -0.04411
  -0.01176
   0.02310
   0.05302
   0.07159
   0.07485
   0.06210
   0.03606
   0.00231
  -0.03194
  -0.05935
  -0.07407
  -0.07294
  -0.05621
  -0.02745
   0.00718
   0.04027
   0.06475
   0.07538
   0.06988
   0.04943
   0.01841
  -0.01655
  -0.04797
  -0.06913
  -0.07550
  -0.06571
  -0.04187
  -0.00907
   0.02567
   0.05492
   0.07242
   0.07443
   0.06051
   0.03365
  -0.00040
