  -0.01458
   0.06851
   0.04746
  -0.04573
  -0.06941
   0.01242
   0.07537
   0.02376
  -0.06396
  -0.05446
   0.03783
   0.07261
  -0.00297
  -0.07404
  -0.03256
   0.05841
   0.06060
  -0.02932
  -0.07467
  -0.00652
   0.07155
   0.04086
  -0.05194
  -0.06579
   0.02036
   0.07556
   0.01591
  -0.06792
  -0.04851
   0.04464
   0.06993
  -0.01108
  -0.07525
  -0.02504
   0.06323
   0.05539
  -0.03664
  -0.07298
   0.00162
   0.07375
   0.03378
  -0.05754
  -0.06140
   0.02807
   0.07487
   0.00787
  -0.07110
  -0.04199
   0.05094
   0.06644
  -0.01905
  -0.07559
  -0.01723
   0.06732
   0.04954
  -0.04354
  -0.07044
   0.00973
   0.07511
   0.02632
  -0.06248
  -0.05631
   0.03545
   0.07332
  -0.00026
  -0.07345
  -0.03499
   0.05665
   0.06218
  -0.02680
  -0.07505
  -0.00922
   0.07062
   0.04311
  -0.04993
  -0.06708
   0.01773
   0.07559
   0.01855
  -0.06669
  -0.05056
   0.04242
   0.07092
  -0.00838
  -0.07494
  -0.02759
   0.06170
   0.05720
  -0.03425
  -0.07364
  -0.00110
   0.07311
   0.03619
  -0.05574
  -0.06294
   0.02553
   0.07520
   0.01056
  -0.07013
  -0.04422
   0.04890
   0.06769
  -0.01641
  -0.07557
  -0.01986
   0.06604
   0.05156
  -0.04129
  -0.07138
   0.00703
   0.07475
   0.02885
  -0.06091
  -0.05808
   0.03303
   0.07393
   0.00245
  -0.07276
  -0.03738
   0.05482
   0.06369
  -0.02425
  -0.07533
  -0.01190
   0.06961
   0.04532
  -0.04786
  -0.06829
   0.01508
   0.07553
   0.02117
  -0.06537
  -0.05254
   0.04015
   0.07181
  -0.00568
  -0.07454
  -0.03009
   0.06010
   0.05894
  -0.03181
  -0.07420
  -0.00381
   0.07238
   0.03855
  -0.05387
  -0.06441
   0.02296
   0.07543
   0.01324
  -0.06907
  -0.04639
   0.04680
   0.06886
  -0.01375
  -0.07546
  -0.02247
   0.06468
   0.05351
  -0.03899
  -0.07222
   0.00433
   0.07430
   0.03133
  -0.05926
  -0.05978
   0.03057
   0.07445
   0.00516
  -0.07197
  -0.03971
   0.05291
   0.06511
  -0.02166
  -0.07550
  -0.01458
   0.06851
   0.04746
  -0.04573
  -0.06941
   0.01242
   0.07537
   0.02376
  -0.06396
  -0.05446
   0.03783
   0.07261
  -0.00297
  -0.07404
  -0.03256
   0.05841
   0.06060
  -0.02932
  -0.07467
  -0.00652
   0.07155
   0.04086
  -0.05194
  -0.06579
   0.02036
   0.07556
   0.01591
  -0.06792
  -0.04851
   0.04464
   0.06993
  -0.01108
  -0.07525
  -0.02504
   0.06323
   0.05539
  -0.03664
  -0.07298
   0.00162
   0.07375
   0.03378
  -0.05754
  -0.06140
   0.02807
   0.07487
   0.00787
  -0.07110
  -0.04199
   0.05094
   0.06644
  -0.01905
  -0.07559
  -0.01723
   0.06732
   0.04954
  -0.04354
  -0.07044
   0.00973
   0.07511
   0.02632
  -0.06248
  -0.05631
   0.03545
   0.07332
  -0.00026
  -0.07345
  -0.03499
   0.05665
   0.06218
  -0.02680
  -0.07505
  -0.00922
   0.07062
   0.04311
  -0.04993
  -0.06708
   0.01773
   0.07559
   0.01855
  -0.06669
  -0.05056
   0.04242
   0.07092
  -0.00838
  -0.07494
  -0.02759
   0.06170
   0.05720
  -0.03425
  -0.07364
  -0.00110
   0.07311
   0.03619
  -0.05574
  -0.06294
   0.02553
   0.07520
   0.01056
  -0.07013
  -0.04422
   0.04890
   0.06769
  -0.01641
  -0.07557
  -0.01986
   0.06604
   0.05156
  -0.04129
  -0.07138
   0.00703
   0.07475
   0.02885
  -0.06091
  -0.05808
   0.03303
   0.07393
   0.00245
  -0.07276
  -0.03738
   0.05482
   0.06369
  -0.02425
  -0.07533
  -0.01190
   0.06961
   0.04532
  -0.04786
  -0.06829
   0.01508
   0.07553
   0.02117
  -0.06537
  -0.05254
   0.04015
   0.07181
  -0.00568
  -0.07454
  -0.03009
   0.06010
   0.05894
  -0.03181
  -0.07420
  -0.00381
   0.07238
   0.03855
  -0.05387
  -0.06441
   0.02296
   0.07543
   0.01324
  -0.06907
  -0.04639
   0.04680
   0.06886
  -0.01375
  -0.07546
  -0.02247
   0.06468
   0.05351
  -0.03899
  -0.07222
   0.00433
   0.07430
   0.03133
  -0.05926
  -0.05978
   0.03057
   0.07445
   0.00516
  -0.07197
  -0.03971
   0.05291
   0.06511
  -0.02166
  -0.07550
