   0.07348
   0.06738
   0.05763
   0.04475
   0.02945
   0.01255
  -0.00503
  -0.02234
  -0.03843
  -0.05245
  -0.06361
  -0.07133
  -0.07519
  -0.07496
  -0.07067
  -0.06255
  -0.05104
  -0.03676
  -0.02049
  -0.00311
   0.01445
   0.03121
   0.04629
   0.05886
   0.06823
   0.07391
   0.07558
   0.07315
   0.06675
   0.05674
   0.04365
   0.02819
   0.01121
  -0.00639
  -0.02363
  -0.03960
  -0.05341
  -0.06434
  -0.07177
  -0.07531
  -0.07477
  -0.07018
  -0.06178
  -0.05003
  -0.03557
  -0.01918
  -0.00175
   0.01578
   0.03244
   0.04735
   0.05970
   0.06880
   0.07418
   0.07553
   0.07279
   0.06610
   0.05583
   0.04253
   0.02693
   0.00986
  -0.00774
  -0.02492
  -0.04075
  -0.05437
  -0.06504
  -0.07219
  -0.07542
  -0.07456
  -0.06966
  -0.06099
  -0.04900
  -0.03437
  -0.01786
  -0.00039
   0.01710
   0.03367
   0.04841
   0.06052
   0.06935
   0.07443
   0.07547
   0.07241
   0.06544
   0.05491
   0.04140
   0.02566
   0.00852
  -0.00909
  -0.02619
  -0.04188
  -0.05530
  -0.06572
  -0.07258
  -0.07550
  -0.07433
  -0.06912
  -0.06018
  -0.04796
  -0.03315
  -0.01654
   0.00096
   0.01842
   0.03487
   0.04944
   0.06132
   0.06988
   0.07465
   0.07538
   0.07201
   0.06475
   0.05397
   0.04026
   0.02438
   0.00717
  -0.01043
  -0.02746
  -0.04301
  -0.05622
  -0.06638
  -0.07294
  -0.07555
  -0.07407
  -0.06856
  -0.05934
  -0.04691
  -0.03193
  -0.01521
   0.00232
   0.01973
   0.03607
   0.05046
   0.06211
   0.07039
   0.07486
   0.07526
   0.07159
   0.06403
   0.05301
   0.03911
   0.02309
   0.00581
  -0.01177
  -0.02872
  -0.04411
  -0.05711
  -0.06702
  -0.07329
  -0.07559
  -0.07378
  -0.06798
  -0.05849
  -0.04584
  -0.03069
  -0.01388
   0.00368
   0.02104
   0.03726
   0.05146
   0.06287
   0.07087
   0.07503
   0.07512
   0.07114
   0.06330
   0.05203
   0.03794
   0.02179
   0.00446
  -0.01311
  -0.02997
  -0.04521
  -0.05799
  -0.06764
  -0.07361
  -0.07559
  -0.07348
  -0.06738
  -0.05763
  -0.04475
  -0.02945
  -0.01255
   0.00503
   0.02234
   0.03843
   0.05245
   0.06361
   0.07133
   0.07519
   0.07496
   0.07067
   0.06255
   0.05104
   0.03676
   0.02049
   0.00311
  -0.01445
  -0.03121
  -0.04629
  -0.05886
  -0.06823
  -0.07391
  -0.07558
  -0.07315
  -0.06675
  -0.05674
  -0.04365
  -0.02819
  -0.01121
   0.00639
   0.02363
   0.03960
   0.05341
   0.06434
   0.07177
   0.07531
   0.07477
   0.07018
   0.06178
   0.05003
   0.03557
   0.01918
   0.00175
  -0.01578
  -0.03244
  -0.04735
  -0.05970
  -0.06880
  -0.07418
  -0.07553
  -0.07279
  -0.06610
  -0.05583
  -0.04253
  -0.02693
  -0.00986
   0.00774
   0.02492
   0.04075
   0.05437
   0.06504
   0.07219
   0.07542
   0.07456
   0.06966
   0.06099
   0.04900
   0.03437
   0.01786
   0.00039
  -0.01710
  -0.03367
  -0.04841
  -0.06052
  -0.06935
  -0.07443
  -0.07547
  -0.07241
  -0.06544
  -0.05491
  -0.04140
  -0.02566
  -0.00852
   0.00909
   0.02619
   0.04188
   0.05530
   0.06572
   0.07258
   0.07550
   0.07433
   0.06912
   0.06018
   0.04796
   0.03315
   0.01654
  -0.00096
  -0.01842
  -0.03487
  -0.04944
  -0.06132
  -0.06988
  -0.07465
  -0.07538
  -0.07201
  -0.06475
  -0.05397
  -0.04026
  -0.02438
  -0.00717
   0.01043
   0.02746
   0.04301
   0.05622
   0.06638
   0.07294
   0.07555
   0.07407
   0.06856
   0.05934
   0.04691
   0.03193
   0.01521
  -0.00232
  -0.01973
  -0.03607
  -0.05046
  -0.06211
  -0.07039
  -0.07486
  -0.07526
  -0.07159
  -0.06403
  -0.05301
  -0.03911
  -0.02309
  -0.00581
   0.01177
   0.02872
   0.04411
   0.05711
   0.06702
   0.07329
   0.07559
   0.07378
   0.06798
   0.05849
   0.04584
   0.03069
   0.01388
  -0.00368
  -0.02104
  -0.03726
  -0.05146
  -0.06287
  -0.07087
  -0.07503
  -0.07512
  -0.07114
  -0.06330
  -0.05203
  -0.03794
  -0.02179
  -0.00446
   0.01311
   0.02997
   0.04521
   0.05799
   0.06764
   0.07361
   0.07559
