   0.06136
   0.07157
   0.02173
  -0.04634
  -0.07553
  -0.04135
   0.02752
   0.07330
   0.05758
  -0.00645
  -0.06507
  -0.06910
  -0.01515
   0.05151
   0.07495
   0.03551
  -0.03372
  -0.07466
  -0.05296
   0.01317
   0.06826
   0.06607
   0.00845
  -0.05626
  -0.07377
  -0.02939
   0.03965
   0.07542
   0.04791
  -0.01979
  -0.07089
  -0.06252
  -0.00169
   0.06056
   0.07199
   0.02303
  -0.04526
  -0.07557
  -0.04248
   0.02625
   0.07296
   0.05845
  -0.00510
  -0.06437
  -0.06964
  -0.01648
   0.05051
   0.07512
   0.03671
  -0.03250
  -0.07444
  -0.05392
   0.01184
   0.06766
   0.06672
   0.00980
  -0.05534
  -0.07405
  -0.03063
   0.03849
   0.07532
   0.04896
  -0.01848
  -0.07041
  -0.06327
  -0.00304
   0.05974
   0.07240
   0.02432
  -0.04417
  -0.07559
  -0.04360
   0.02498
   0.07259
   0.05931
  -0.00374
  -0.06365
  -0.07016
  -0.01780
   0.04949
   0.07526
   0.03789
  -0.03127
  -0.07419
  -0.05486
   0.01049
   0.06705
   0.06735
   0.01114
  -0.05441
  -0.07431
  -0.03187
   0.03731
   0.07519
   0.04998
  -0.01716
  -0.06991
  -0.06400
  -0.00440
   0.05890
   0.07277
   0.02560
  -0.04306
  -0.07559
  -0.04470
   0.02369
   0.07220
   0.06014
  -0.00238
  -0.06291
  -0.07065
  -0.01912
   0.04845
   0.07537
   0.03905
  -0.03003
  -0.07392
  -0.05579
   0.00915
   0.06641
   0.06795
   0.01248
  -0.05346
  -0.07455
  -0.03309
   0.03613
   0.07504
   0.05099
  -0.01584
  -0.06938
  -0.06471
  -0.00575
   0.05804
   0.07313
   0.02687
  -0.04194
  -0.07556
  -0.04579
   0.02240
   0.07179
   0.06095
  -0.00103
  -0.06214
  -0.07112
  -0.02043
   0.04740
   0.07546
   0.04021
  -0.02878
  -0.07362
  -0.05670
   0.00780
   0.06575
   0.06854
   0.01382
  -0.05249
  -0.07476
  -0.03431
   0.03493
   0.07486
   0.05199
  -0.01451
  -0.06883
  -0.06540
  -0.00710
   0.05716
   0.07346
   0.02813
  -0.04080
  -0.07550
  -0.04686
   0.02110
   0.07135
   0.06174
   0.00033
  -0.06136
  -0.07157
  -0.02173
   0.04634
   0.07553
   0.04135
  -0.02752
  -0.07330
  -0.05758
   0.00645
   0.06507
   0.06910
   0.01515
  -0.05151
  -0.07495
  -0.03551
   0.03372
   0.07466
   0.05296
  -0.01317
  -0.06826
  -0.06607
  -0.00845
   0.05626
   0.07377
   0.02939
  -0.03965
  -0.07542
  -0.04791
   0.01979
   0.07089
   0.06252
   0.00169
  -0.06056
  -0.07199
  -0.02303
   0.04526
   0.07557
   0.04248
  -0.02625
  -0.07296
  -0.05845
   0.00510
   0.06437
   0.06964
   0.01648
  -0.05051
  -0.07512
  -0.03671
   0.03250
   0.07444
   0.05392
  -0.01184
  -0.06766
  -0.06672
  -0.00980
   0.05534
   0.07405
   0.03063
  -0.03849
  -0.07532
  -0.04896
   0.01848
   0.07041
   0.06327
   0.00304
  -0.05974
  -0.07240
  -0.02432
   0.04417
   0.07559
   0.04360
  -0.02498
  -0.07259
  -0.05931
   0.00374
   0.06365
   0.07016
   0.01780
  -0.04949
  -0.07526
  -0.03789
   0.03127
   0.07419
   0.05486
  -0.01049
  -0.06705
  -0.06735
  -0.01114
   0.05441
   0.07431
   0.03187
  -0.03731
  -0.07519
  -0.04998
   0.01716
   0.06991
   0.06400
   0.00440
  -0.05890
  -0.07277
  -0.02560
   0.04306
   0.07559
   0.04470
  -0.02369
  -0.07220
  -0.06014
   0.00238
   0.06291
   0.07065
   0.01912
  -0.04845
  -0.07537
  -0.03905
   0.03003
   0.07392
   0.05579
  -0.00915
  -0.06641
  -0.06795
  -0.01248
   0.05346
   0.07455
   0.03309
  -0.03613
  -0.07504
  -0.05099
   0.01584
   0.06938
   0.06471
   0.00575
  -0.05804
  -0.07313
  -0.02687
   0.04194
   0.07556
   0.04579
  -0.02240
  -0.07179
  -0.06095
   0.00103
   0.06214
   0.07112
   0.02043
  -0.04740
  -0.07546
  -0.04021
   0.02878
   0.07362
   0.05670
  -0.00780
  -0.06575
  -0.06854
  -0.01382
   0.05249
   0.07476
   0.03431
  -0.03493
  -0.07486
  -0.05199
   0.01451
   0.06883
   0.06540
   0.00710
  -0.05716
  -0.07346
  -0.02813
   0.04080
   0.07550
   0.04686
  -0.02110
  -0.07135
  -0.06174
  -0.00033
