  -0.05227
   0.00605
   0.06032
   0.07413
   0.03823
  -0.02331
  -0.06922
  -0.06870
  -0.02211
   0.03931
   0.07437
   0.05955
   0.00479
  -0.05318
  -0.07549
  -0.04717
   0.01278
   0.06416
   0.07251
   0.03223
  -0.02967
  -0.07167
  -0.06560
  -0.01554
   0.04494
   0.07528
   0.05514
  -0.00199
  -0.05778
  -0.07482
  -0.04168
   0.01941
   0.06749
   0.07030
   0.02597
  -0.03578
  -0.07353
  -0.06197
  -0.00885
   0.05021
   0.07559
   0.05028
  -0.00875
  -0.06192
  -0.07355
  -0.03586
   0.02588
   0.07027
   0.06753
   0.01950
  -0.04160
  -0.07481
  -0.05784
  -0.00208
   0.05507
   0.07529
   0.04502
  -0.01545
  -0.06555
  -0.07170
  -0.02975
   0.03214
   0.07248
   0.06421
   0.01288
  -0.04709
  -0.07548
  -0.05325
   0.00470
   0.05949
   0.07439
   0.03939
  -0.02202
  -0.06866
  -0.06926
  -0.02340
   0.03815
   0.07411
   0.06038
   0.00615
  -0.05221
  -0.07555
  -0.04822
   0.01144
   0.06343
   0.07288
   0.03345
  -0.02841
  -0.07122
  -0.06627
  -0.01687
   0.04384
   0.07515
   0.05606
  -0.00063
  -0.05690
  -0.07500
  -0.04281
   0.01810
   0.06686
   0.07079
   0.02724
  -0.03458
  -0.07321
  -0.06274
  -0.01019
   0.04919
   0.07558
   0.05128
  -0.00740
  -0.06113
  -0.07386
  -0.03705
   0.02460
   0.06976
   0.06813
   0.02081
  -0.04046
  -0.07460
  -0.05871
  -0.00344
   0.05413
   0.07540
   0.04610
  -0.01412
  -0.06487
  -0.07211
  -0.03100
   0.03091
   0.07209
   0.06492
   0.01421
  -0.04603
  -0.07539
  -0.05420
   0.00334
   0.05865
   0.07462
   0.04054
  -0.02072
  -0.06809
  -0.06979
  -0.02469
   0.03697
   0.07384
   0.06118
   0.00750
  -0.05122
  -0.07558
  -0.04926
   0.01010
   0.06269
   0.07323
   0.03466
  -0.02715
  -0.07076
  -0.06691
  -0.01819
   0.04273
   0.07499
   0.05696
   0.00073
  -0.05599
  -0.07516
  -0.04392
   0.01677
   0.06622
   0.07125
   0.02850
  -0.03337
  -0.07286
  -0.06348
  -0.01154
   0.04815
   0.07554
   0.05227
  -0.00605
  -0.06032
  -0.07413
  -0.03823
   0.02331
   0.06922
   0.06870
   0.02211
  -0.03931
  -0.07437
  -0.05955
  -0.00479
   0.05318
   0.07549
   0.04717
  -0.01278
  -0.06416
  -0.07251
  -0.03223
   0.02967
   0.07167
   0.06560
   0.01554
  -0.04494
  -0.07528
  -0.05514
   0.00199
   0.05778
   0.07482
   0.04168
  -0.01941
  -0.06749
  -0.07030
  -0.02597
   0.03578
   0.07353
   0.06197
   0.00885
  -0.05021
  -0.07559
  -0.05028
   0.00875
   0.06192
   0.07355
   0.03586
  -0.02588
  -0.07027
  -0.06753
  -0.01950
   0.04160
   0.07481
   0.05784
   0.00208
  -0.05507
  -0.07529
  -0.04502
   0.01545
   0.06555
   0.07170
   0.02975
  -0.03214
  -0.07248
  -0.06421
  -0.01288
   0.04709
   0.07548
   0.05325
  -0.00470
  -0.05949
  -0.07439
  -0.03939
   0.02202
   0.06866
   0.06926
   0.02340
  -0.03815
  -0.07411
  -0.06038
  -0.00615
   0.05221
   0.07555
   0.04822
  -0.01144
  -0.06343
  -0.07288
  -0.03345
   0.02841
   0.07122
   0.06627
   0.01687
  -0.04384
  -0.07515
  -0.05606
   0.00063
   0.05690
   0.07500
   0.04281
  -0.01810
  -0.06686
  -0.07079
  -0.02724
   0.03458
   0.07321
   0.06274
   0.01019
  -0.04919
  -0.07558
  -0.05128
   0.00740
   0.06113
   0.07386
   0.03705
  -0.02460
  -0.06976
  -0.06813
  -0.02081
   0.04046
   0.07460
   0.05871
   0.00344
  -0.05413
  -0.07540
  -0.04610
   0.01412
   0.06487
   0.07211
   0.03100
  -0.03091
  -0.07209
  -0.06492
  -0.01421
   0.04603
   0.07539
   0.05420
  -0.00334
  -0.05865
  -0.07462
  -0.04054
   0.02072
   0.06809
   0.06979
   0.02469
  -0.03697
  -0.07384
  -0.06118
  -0.00750
   0.05122
   0.07558
   0.04926
  -0.01010
  -0.06269
  -0.07323
  -0.03466
   0.02715
   0.07076
   0.06691
   0.01819
  -0.04273
  -0.07499
  -0.05696
  -0.00073
   0.05599
   0.07516
   0.04392
  -0.01677
  -0.06622
  -0.07125
  -0.02850
   0.03337
   0.07286
   0.06348
   0.01154
  -0.04815
  -0.07554
