   0.03433
  -0.04304
  -0.07512
  -0.02816
   0.04843
   0.07406
   0.02176
  -0.05344
  -0.07240
  -0.01518
   0.05802
   0.07016
   0.00848
  -0.06213
  -0.06736
  -0.00171
   0.06574
   0.06401
  -0.00507
  -0.06882
  -0.06015
   0.01181
   0.07135
   0.05581
  -0.01846
  -0.07330
  -0.05101
   0.02495
   0.07466
   0.04581
  -0.03125
  -0.07542
  -0.04023
   0.03729
   0.07557
   0.03433
  -0.04304
  -0.07512
  -0.02816
   0.04843
   0.07406
   0.02176
  -0.05344
  -0.07240
  -0.01518
   0.05802
   0.07016
   0.00848
  -0.06213
  -0.06736
  -0.00171
   0.06574
   0.06401
  -0.00507
  -0.06882
  -0.06015
   0.01181
   0.07135
   0.05581
  -0.01846
  -0.07330
  -0.05101
   0.02495
   0.07466
   0.04581
  -0.03125
  -0.07542
  -0.04023
   0.03729
   0.07557
   0.03433
  -0.04304
  -0.07512
  -0.02816
   0.04843
   0.07406
   0.02176
  -0.05344
  -0.07240
  -0.01518
   0.05802
   0.07016
   0.00848
  -0.06213
  -0.06736
  -0.00171
   0.06574
   0.06401
  -0.00507
  -0.06882
  -0.06015
   0.01181
   0.07135
   0.05581
  -0.01846
  -0.07330
  -0.05101
   0.02495
   0.07466
   0.04581
  -0.03125
  -0.07542
  -0.04023
   0.03729
   0.07557
   0.03433
  -0.04304
  -0.07512
  -0.02816
   0.04843
   0.07406
   0.02176
  -0.05344
  -0.07240
  -0.01518
   0.05802
   0.07016
   0.00848
  -0.06213
  -0.06736
  -0.00171
   0.06574
   0.06401
  -0.00507
  -0.06882
  -0.06015
   0.01181
   0.07135
   0.05581
  -0.01846
  -0.07330
  -0.05101
   0.02495
   0.07466
   0.04581
  -0.03125
  -0.07542
  -0.04023
   0.03729
   0.07557
   0.03433
  -0.04304
  -0.07512
  -0.02816
   0.04843
   0.07406
   0.02176
  -0.05344
  -0.07240
  -0.01518
   0.05802
   0.07016
   0.00848
  -0.06213
  -0.06736
  -0.00171
   0.06574
   0.06401
  -0.00507
  -0.06882
  -0.06015
   0.01181
   0.07135
   0.05581
  -0.01846
  -0.07330
  -0.05101
   0.02495
   0.07466
   0.04581
  -0.03125
  -0.07542
  -0.04023
   0.03729
   0.07557
   0.03433
  -0.04304
  -0.07512
  -0.02816
   0.04843
   0.07406
   0.02176
  -0.05344
  -0.07240
  -0.01518
   0.05802
   0.07016
   0.00848
  -0.06213
  -0.06736
  -0.00171
   0.06574
   0.06401
  -0.00507
  -0.06882
  -0.06015
   0.01181
   0.07135
   0.05581
  -0.01846
  -0.07330
  -0.05101
   0.02495
   0.07466
   0.04581
  -0.03125
  -0.07542
  -0.04023
   0.03729
   0.07557
   0.03433
  -0.04304
  -0.07512
  -0.02816
   0.04843
   0.07406
   0.02176
  -0.05344
  -0.07240
  -0.01518
   0.05802
   0.07016
   0.00848
  -0.06213
  -0.06736
  -0.00171
   0.06574
   0.06401
  -0.00507
  -0.06882
  -0.06015
   0.01181
   0.07135
   0.05581
  -0.01846
  -0.07330
  -0.05101
   0.02495
   0.07466
   0.04581
  -0.03125
  -0.07542
  -0.04023
   0.03729
   0.07557
   0.03433
  -0.04304
  -0.07512
  -0.02816
   0.04843
   0.07406
   0.02176
  -0.05344
  -0.07240
  -0.01518
   0.05802
   0.07016
   0.00848
  -0.06213
  -0.06736
  -0.00171
   0.06574
   0.06401
  -0.00507
  -0.06882
  -0.06015
   0.01181
   0.07135
   0.05581
  -0.01846
  -0.07330
  -0.05101
   0.02495
   0.07466
   0.04581
  -0.03125
  -0.07542
  -0.04023
   0.03729
   0.07557
   0.03433
  -0.04304
  -0.07512
  -0.02816
   0.04843
   0.07406
   0.02176
  -0.05344
  -0.07240
  -0.01518
   0.05802
   0.07016
   0.00848
  -0.06213
  -0.06736
  -0.00171
   0.06574
   0.06401
  -0.00507
  -0.06882
  -0.06015
   0.01181
   0.07135
   0.05581
  -0.01846
  -0.07330
  -0.05101
   0.02495
   0.07466
   0.04581
  -0.03125
  -0.07542
  -0.04023
   0.03729
   0.07557
   0.03433
  -0.04304
  -0.07512
  -0.02816
   0.04843
   0.07406
   0.02176
  -0.05344
  -0.07240
  -0.01518
   0.05802
   0.07016
   0.00848
  -0.06213
  -0.06736
  -0.00171
   0.06574
   0.06401
  -0.00507
  -0.06882
  -0.06015
   0.01181
   0.07135
   0.05581
  -0.01846
  -0.07330
  -0.05101
   0.02495
   0.07466
   0.04581
  -0.03125
  -0.07542
  -0.04023
   0.03729
   0.07557
