   0.05306
  -0.07497
   0.06500
  -0.02740
  -0.02186
   0.06182
  -0.07549
   0.05707
  -0.01438
  -0.03443
   0.06859
  -0.07359
   0.04730
  -0.00089
  -0.04589
   0.07316
  -0.06933
   0.03601
   0.01262
  -0.05588
   0.07538
  -0.06283
   0.02356
   0.02572
  -0.06407
   0.07518
  -0.05432
   0.01036
   0.03800
  -0.07020
   0.07256
  -0.04406
  -0.00318
   0.04906
  -0.07408
   0.06760
  -0.03238
  -0.01661
   0.05854
  -0.07558
   0.06048
  -0.01966
  -0.02951
   0.06614
  -0.07464
   0.05141
  -0.00631
  -0.04146
   0.07161
  -0.07131
   0.04069
   0.00724
  -0.05208
   0.07478
  -0.06569
   0.02866
   0.02056
  -0.06103
   0.07555
  -0.05795
   0.01571
   0.03322
  -0.06801
   0.07389
  -0.04835
   0.00225
   0.04481
  -0.07281
   0.06986
  -0.03720
  -0.01128
   0.05496
  -0.07527
   0.06358
  -0.02485
  -0.02444
   0.06334
  -0.07531
   0.05525
  -0.01170
  -0.03682
   0.06969
  -0.07293
   0.04515
   0.00182
  -0.04802
   0.07380
  -0.06820
   0.03360
   0.01528
  -0.05767
   0.07554
  -0.06128
   0.02097
   0.02826
  -0.06547
   0.07485
  -0.05239
   0.00767
   0.04032
  -0.07117
   0.07175
  -0.04182
  -0.00589
   0.05109
  -0.07457
   0.06635
  -0.02991
  -0.01925
   0.06022
  -0.07558
   0.05881
  -0.01703
  -0.03199
   0.06741
  -0.07417
   0.04939
  -0.00361
  -0.04371
   0.07243
  -0.07036
   0.03837
   0.00993
  -0.05402
   0.07513
  -0.06430
   0.02613
   0.02315
  -0.06259
   0.07541
  -0.05617
   0.01304
   0.03563
  -0.06915
   0.07327
  -0.04623
  -0.00046
   0.04696
  -0.07349
   0.06877
  -0.03481
  -0.01395
   0.05678
  -0.07547
   0.06207
  -0.02227
  -0.02699
   0.06478
  -0.07502
   0.05336
  -0.00901
  -0.03917
   0.07070
  -0.07216
   0.04295
   0.00453
  -0.05008
   0.07434
  -0.06699
   0.03115
   0.01793
  -0.05939
   0.07559
  -0.05965
   0.01835
   0.03076
  -0.06678
   0.07442
  -0.05041
   0.00496
   0.04259
  -0.07203
   0.07085
  -0.03954
  -0.00859
   0.05306
  -0.07497
   0.06500
  -0.02740
  -0.02186
   0.06182
  -0.07549
   0.05707
  -0.01438
  -0.03443
   0.06859
  -0.07359
   0.04730
  -0.00089
  -0.04589
   0.07316
  -0.06933
   0.03601
   0.01262
  -0.05588
   0.07538
  -0.06283
   0.02356
   0.02572
  -0.06407
   0.07518
  -0.05432
   0.01036
   0.03800
  -0.07020
   0.07256
  -0.04406
  -0.00318
   0.04906
  -0.07408
   0.06760
  -0.03238
  -0.01661
   0.05854
  -0.07558
   0.06048
  -0.01966
  -0.02951
   0.06614
  -0.07464
   0.05141
  -0.00631
  -0.04146
   0.07161
  -0.07131
   0.04069
   0.00724
  -0.05208
   0.07478
  -0.06569
   0.02866
   0.02056
  -0.06103
   0.07555
  -0.05795
   0.01571
   0.03322
  -0.06801
   0.07389
  -0.04835
   0.00225
   0.04481
  -0.07281
   0.06986
  -0.03720
  -0.01128
   0.05496
  -0.07527
   0.06358
  -0.02485
  -0.02444
   0.06334
  -0.07531
   0.05525
  -0.01170
  -0.03682
   0.06969
  -0.07293
   0.04515
   0.00182
  -0.04802
   0.07380
  -0.06820
   0.03360
   0.01528
  -0.05767
   0.07554
  -0.06128
   0.02097
   0.02826
  -0.06547
   0.07485
  -0.05239
   0.00767
   0.04032
  -0.07117
   0.07175
  -0.04182
  -0.00589
   0.05109
  -0.07457
   0.06635
  -0.02991
  -0.01925
   0.06022
  -0.07558
   0.05881
  -0.01703
  -0.03199
   0.06741
  -0.07417
   0.04939
  -0.00361
  -0.04371
   0.07243
  -0.07036
   0.03837
   0.00993
  -0.05402
   0.07513
  -0.06430
   0.02613
   0.02315
  -0.06259
   0.07541
  -0.05617
   0.01304
   0.03563
  -0.06915
   0.07327
  -0.04623
  -0.00046
   0.04696
  -0.07349
   0.06877
  -0.03481
  -0.01395
   0.05678
  -0.07547
   0.06207
  -0.02227
  -0.02699
   0.06478
  -0.07502
   0.05336
  -0.00901
  -0.03917
   0.07070
  -0.07216
   0.04295
   0.00453
  -0.05008
   0.07434
  -0.06699
   0.03115
   0.01793
  -0.05939
   0.07559
  -0.05965
   0.01835
   0.03076
  -0.06678
   0.07442
  -0.05041
   0.00496
   0.04259
  -0.07203
   0.07085
  -0.03954
  -0.00859
