  -0.00410
   0.07145
   0.04335
  -0.04764
  -0.06952
   0.00945
   0.07471
   0.03160
  -0.05735
  -0.06310
   0.02269
   0.07557
   0.01883
  -0.06522
  -0.05466
   0.03520
   0.07399
   0.00545
  -0.07100
  -0.04445
   0.04658
   0.07004
  -0.00810
  -0.07449
  -0.03282
   0.05646
   0.06384
  -0.02139
  -0.07559
  -0.02014
   0.06453
   0.05559
  -0.03399
  -0.07426
  -0.00680
   0.07052
   0.04554
  -0.04550
  -0.07054
   0.00675
   0.07425
   0.03404
  -0.05555
  -0.06456
   0.02008
   0.07559
   0.02144
  -0.06381
  -0.05650
   0.03277
   0.07450
   0.00815
  -0.07002
  -0.04662
   0.04441
   0.07102
  -0.00540
  -0.07398
  -0.03525
   0.05462
   0.06525
  -0.01877
  -0.07556
  -0.02274
   0.06307
   0.05739
  -0.03155
  -0.07472
  -0.00950
   0.06950
   0.04768
  -0.04331
  -0.07147
   0.00404
   0.07369
   0.03644
  -0.05367
  -0.06593
   0.01746
   0.07552
   0.02403
  -0.06231
  -0.05826
   0.03031
   0.07491
   0.01085
  -0.06895
  -0.04873
   0.04219
   0.07190
  -0.00269
  -0.07338
  -0.03762
   0.05271
   0.06658
  -0.01613
  -0.07544
  -0.02531
   0.06154
   0.05912
  -0.02906
  -0.07508
  -0.01219
   0.06839
   0.04976
  -0.04105
  -0.07231
   0.00133
   0.07304
   0.03879
  -0.05173
  -0.06721
   0.01480
   0.07534
   0.02659
  -0.06074
  -0.05995
   0.02780
   0.07523
   0.01352
  -0.06780
  -0.05077
   0.03991
   0.07269
   0.00003
  -0.07268
  -0.03995
   0.05073
   0.06782
  -0.01347
  -0.07522
  -0.02785
   0.05992
   0.06077
  -0.02654
  -0.07535
  -0.01486
   0.06719
   0.05177
  -0.03875
  -0.07305
  -0.00138
   0.07229
   0.04110
  -0.04972
  -0.06841
   0.01213
   0.07508
   0.02911
  -0.05908
  -0.06157
   0.02526
   0.07545
   0.01619
  -0.06655
  -0.05275
   0.03758
   0.07339
   0.00274
  -0.07188
  -0.04223
   0.04868
   0.06898
  -0.01079
  -0.07491
  -0.03036
   0.05823
   0.06235
  -0.02398
  -0.07552
  -0.01751
   0.06590
   0.05371
  -0.03639
  -0.07370
  -0.00410
   0.07145
   0.04335
  -0.04764
  -0.06952
   0.00945
   0.07471
   0.03160
  -0.05735
  -0.06310
   0.02269
   0.07557
   0.01883
  -0.06522
  -0.05466
   0.03520
   0.07399
   0.00545
  -0.07100
  -0.04445
   0.04658
   0.07004
  -0.00810
  -0.07449
  -0.03282
   0.05646
   0.06384
  -0.02139
  -0.07559
  -0.02014
   0.06453
   0.05559
  -0.03399
  -0.07426
  -0.00680
   0.07052
   0.04554
  -0.04550
  -0.07054
   0.00675
   0.07425
   0.03404
  -0.05555
  -0.06456
   0.02008
   0.07559
   0.02144
  -0.06381
  -0.05650
   0.03277
   0.07450
   0.00815
  -0.07002
  -0.04662
   0.04441
   0.07102
  -0.00540
  -0.07398
  -0.03525
   0.05462
   0.06525
  -0.01877
  -0.07556
  -0.02274
   0.06307
   0.05739
  -0.03155
  -0.07472
  -0.00950
   0.06950
   0.04768
  -0.04331
  -0.07147
   0.00404
   0.07369
   0.03644
  -0.05367
  -0.06593
   0.01746
   0.07552
   0.02403
  -0.06231
  -0.05826
   0.03031
   0.07491
   0.01085
  -0.06895
  -0.04873
   0.04219
   0.07190
  -0.00269
  -0.07338
  -0.03762
   0.05271
   0.06658
  -0.01613
  -0.07544
  -0.02531
   0.06154
   0.05912
  -0.02906
  -0.07508
  -0.01219
   0.06839
   0.04976
  -0.04105
  -0.07231
   0.00133
   0.07304
   0.03879
  -0.05173
  -0.06721
   0.01480
   0.07534
   0.02659
  -0.06074
  -0.05995
   0.02780
   0.07523
   0.01352
  -0.06780
  -0.05077
   0.03991
   0.07269
   0.00003
  -0.07268
  -0.03995
   0.05073
   0.06782
  -0.01347
  -0.07522
  -0.02785
   0.05992
   0.06077
  -0.02654
  -0.07535
  -0.01486
   0.06719
   0.05177
  -0.03875
  -0.07305
  -0.00138
   0.07229
   0.04110
  -0.04972
  -0.06841
   0.01213
   0.07508
   0.02911
  -0.05908
  -0.06157
   0.02526
   0.07545
   0.01619
  -0.06655
  -0.05275
   0.03758
   0.07339
   0.00274
  -0.07188
  -0.04223
   0.04868
   0.06898
  -0.01079
  -0.07491
  -0.03036
   0.05823
   0.06235
  -0.02398
  -0.07552
  -0.01751
   0.06590
   0.05371
  -0.03639
  -0.07370
