  -0.05836
   0.00831
   0.04645
  -0.07488
   0.06087
  -0.01234
  -0.04317
   0.07422
  -0.06319
   0.01634
   0.03977
  -0.07334
   0.06533
  -0.02029
  -0.03625
   0.07225
  -0.06728
   0.02418
   0.03263
  -0.07094
   0.06904
  -0.02800
  -0.02891
   0.06944
  -0.07060
   0.03174
   0.02511
  -0.06773
   0.07195
  -0.03539
  -0.02124
   0.06582
  -0.07309
   0.03893
   0.01730
  -0.06372
   0.07403
  -0.04236
  -0.01331
   0.06144
  -0.07474
   0.04567
   0.00929
  -0.05898
   0.07524
  -0.04885
  -0.00524
   0.05635
  -0.07552
   0.05188
   0.00117
  -0.05356
   0.07559
  -0.05477
   0.00290
   0.05061
  -0.07543
   0.05749
  -0.00696
  -0.04751
   0.07506
  -0.06005
   0.01100
   0.04428
  -0.07446
   0.06244
  -0.01501
  -0.04092
   0.07366
  -0.06464
   0.01898
   0.03744
  -0.07263
   0.06666
  -0.02289
  -0.03385
   0.07140
  -0.06848
   0.02674
   0.03016
  -0.06996
   0.07010
  -0.03050
  -0.02639
   0.06832
  -0.07152
   0.03418
   0.02253
  -0.06648
   0.07274
  -0.03776
  -0.01862
   0.06444
  -0.07374
   0.04123
   0.01465
  -0.06222
   0.07453
  -0.04458
  -0.01063
   0.05982
  -0.07510
   0.04780
   0.00659
  -0.05725
   0.07546
  -0.05089
  -0.00253
   0.05451
  -0.07559
   0.05382
  -0.00154
  -0.05161
   0.07551
  -0.05660
   0.00561
   0.04856
  -0.07521
   0.05922
  -0.00966
  -0.04537
   0.07469
  -0.06166
   0.01368
   0.04205
  -0.07395
   0.06393
  -0.01766
  -0.03861
   0.07300
  -0.06600
   0.02159
   0.03506
  -0.07184
   0.06789
  -0.02546
  -0.03140
   0.07046
  -0.06958
   0.02926
   0.02765
  -0.06889
   0.07107
  -0.03297
  -0.02383
   0.06711
  -0.07236
   0.03658
   0.01993
  -0.06514
   0.07343
  -0.04009
  -0.01598
   0.06298
  -0.07429
   0.04348
   0.01198
  -0.06064
   0.07493
  -0.04675
  -0.00794
   0.05813
  -0.07536
   0.04988
   0.00388
  -0.05544
   0.07557
  -0.05286
   0.00019
   0.05259
  -0.07556
   0.05569
  -0.00426
  -0.04959
   0.07533
  -0.05836
   0.00831
   0.04645
  -0.07488
   0.06087
  -0.01234
  -0.04317
   0.07422
  -0.06319
   0.01634
   0.03977
  -0.07334
   0.06533
  -0.02029
  -0.03625
   0.07225
  -0.06728
   0.02418
   0.03263
  -0.07094
   0.06904
  -0.02800
  -0.02891
   0.06944
  -0.07060
   0.03174
   0.02511
  -0.06773
   0.07195
  -0.03539
  -0.02124
   0.06582
  -0.07309
   0.03893
   0.01730
  -0.06372
   0.07403
  -0.04236
  -0.01331
   0.06144
  -0.07474
   0.04567
   0.00929
  -0.05898
   0.07524
  -0.04885
  -0.00524
   0.05635
  -0.07552
   0.05188
   0.00117
  -0.05356
   0.07559
  -0.05477
   0.00290
   0.05061
  -0.07543
   0.05749
  -0.00696
  -0.04751
   0.07506
  -0.06005
   0.01100
   0.04428
  -0.07446
   0.06244
  -0.01501
  -0.04092
   0.07366
  -0.06464
   0.01898
   0.03744
  -0.07263
   0.06666
  -0.02289
  -0.03385
   0.07140
  -0.06848
   0.02674
   0.03016
  -0.06996
   0.07010
  -0.03050
  -0.02639
   0.06832
  -0.07152
   0.03418
   0.02253
  -0.06648
   0.07274
  -0.03776
  -0.01862
   0.06444
  -0.07374
   0.04123
   0.01465
  -0.06222
   0.07453
  -0.04458
  -0.01063
   0.05982
  -0.07510
   0.04780
   0.00659
  -0.05725
   0.07546
  -0.05089
  -0.00253
   0.05451
  -0.07559
   0.05382
  -0.00154
  -0.05161
   0.07551
  -0.05660
   0.00561
   0.04856
  -0.07521
   0.05922
  -0.00966
  -0.04537
   0.07469
  -0.06166
   0.01368
   0.04205
  -0.07395
   0.06393
  -0.01766
  -0.03861
   0.07300
  -0.06600
   0.02159
   0.03506
  -0.07184
   0.06789
  -0.02546
  -0.03140
   0.07046
  -0.06958
   0.02926
   0.02765
  -0.06889
   0.07107
  -0.03297
  -0.02383
   0.06711
  -0.07236
   0.03658
   0.01993
  -0.06514
   0.07343
  -0.04009
  -0.01598
   0.06298
  -0.07429
   0.04348
   0.01198
  -0.06064
   0.07493
  -0.04675
  -0.00794
   0.05813
  -0.07536
   0.04988
   0.00388
  -0.05544
   0.07557
  -0.05286
   0.00019
   0.05259
  -0.07556
   0.05569
  -0.00426
  -0.04959
   0.07533
