  -0.02520
   0.04864
  -0.06587
   0.07470
  -0.07401
   0.06387
  -0.04559
   0.02150
   0.00533
  -0.03149
   0.05363
  -0.06893
   0.07544
  -0.07233
   0.05999
  -0.04001
   0.01492
   0.01207
  -0.03752
   0.05819
  -0.07143
   0.07557
  -0.07007
   0.05563
  -0.03410
   0.00822
   0.01871
  -0.04325
   0.06228
  -0.07336
   0.07509
  -0.06724
   0.05082
  -0.02791
   0.00145
   0.02520
  -0.04864
   0.06587
  -0.07470
   0.07401
  -0.06387
   0.04559
  -0.02150
  -0.00533
   0.03149
  -0.05363
   0.06893
  -0.07544
   0.07233
  -0.05999
   0.04001
  -0.01492
  -0.01207
   0.03752
  -0.05819
   0.07143
  -0.07557
   0.07007
  -0.05563
   0.03410
  -0.00822
  -0.01871
   0.04325
  -0.06228
   0.07336
  -0.07509
   0.06724
  -0.05082
   0.02791
  -0.00145
  -0.02520
   0.04864
  -0.06587
   0.07470
  -0.07401
   0.06387
  -0.04559
   0.02150
   0.00533
  -0.03149
   0.05363
  -0.06893
   0.07544
  -0.07233
   0.05999
  -0.04001
   0.01492
   0.01207
  -0.03752
   0.05819
  -0.07143
   0.07557
  -0.07007
   0.05563
  -0.03410
   0.00822
   0.01871
  -0.04325
   0.06228
  -0.07336
   0.07509
  -0.06724
   0.05082
  -0.02791
   0.00145
   0.02520
  -0.04864
   0.06587
  -0.07470
   0.07401
  -0.06387
   0.04559
  -0.02150
  -0.00533
   0.03149
  -0.05363
   0.06893
  -0.07544
   0.07233
  -0.05999
   0.04001
  -0.01492
  -0.01207
   0.03752
  -0.05819
   0.07143
  -0.07557
   0.07007
  -0.05563
   0.03410
  -0.00822
  -0.01871
   0.04325
  -0.06228
   0.07336
  -0.07509
   0.06724
  -0.05082
   0.02791
  -0.00145
  -0.02520
   0.04864
  -0.06587
   0.07470
  -0.07401
   0.06387
  -0.04559
   0.02150
   0.00533
  -0.03149
   0.05363
  -0.06893
   0.07544
  -0.07233
   0.05999
  -0.04001
   0.01492
   0.01207
  -0.03752
   0.05819
  -0.07143
   0.07557
  -0.07007
   0.05563
  -0.03410
   0.00822
   0.01871
  -0.04325
   0.06228
  -0.07336
   0.07509
  -0.06724
   0.05082
  -0.02791
   0.00145
   0.02520
  -0.04864
   0.06587
  -0.07470
   0.07401
  -0.06387
   0.04559
  -0.02150
  -0.00533
   0.03149
  -0.05363
   0.06893
  -0.07544
   0.07233
  -0.05999
   0.04001
  -0.01492
  -0.01207
   0.03752
  -0.05819
   0.07143
  -0.07557
   0.07007
  -0.05563
   0.03410
  -0.00822
  -0.01871
   0.04325
  -0.06228
   0.07336
  -0.07509
   0.06724
  -0.05082
   0.02791
  -0.00145
  -0.02520
   0.04864
  -0.06587
   0.07470
  -0.07401
   0.06387
  -0.04559
   0.02150
   0.00533
  -0.03149
   0.05363
  -0.06893
   0.07544
  -0.07233
   0.05999
  -0.04001
   0.01492
   0.01207
  -0.03752
   0.05819
  -0.07143
   0.07557
  -0.07007
   0.05563
  -0.03410
   0.00822
   0.01871
  -0.04325
   0.06228
  -0.07336
   0.07509
  -0.06724
   0.05082
  -0.02791
   0.00145
   0.02520
  -0.04864
   0.06587
  -0.07470
   0.07401
  -0.06387
   0.04559
  -0.02150
  -0.00533
   0.03149
  -0.05363
   0.06893
  -0.07544
   0.07233
  -0.05999
   0.04001
  -0.01492
  -0.01207
   0.03752
  -0.05819
   0.07143
  -0.07557
   0.07007
  -0.05563
   0.03410
  -0.00822
  -0.01871
   0.04325
  -0.06228
   0.07336
  -0.07509
   0.06724
  -0.05082
   0.02791
  -0.00145
  -0.02520
   0.04864
  -0.06587
   0.07470
  -0.07401
   0.06387
  -0.04559
   0.02150
   0.00533
  -0.03149
   0.05363
  -0.06893
   0.07544
  -0.07233
   0.05999
  -0.04001
   0.01492
   0.01207
  -0.03752
   0.05819
  -0.07143
   0.07557
  -0.07007
   0.05563
  -0.03410
   0.00822
   0.01871
  -0.04325
   0.06228
  -0.07336
   0.07509
  -0.06724
   0.05082
  -0.02791
   0.00145
   0.02520
  -0.04864
   0.06587
  -0.07470
   0.07401
  -0.06387
   0.04559
  -0.02150
  -0.00533
   0.03149
  -0.05363
   0.06893
  -0.07544
   0.07233
  -0.05999
   0.04001
  -0.01492
  -0.01207
   0.03752
  -0.05819
   0.07143
  -0.07557
   0.07007
  -0.05563
   0.03410
  -0.00822
  -0.01871
   0.04325
  -0.06228
   0.07336
  -0.07509
   0.06724
  -0.05082
   0.02791
  -0.00145
