  -0.07144
  -0.05906
  -0.03987
  -0.01609
   0.00955
   0.03408
   0.05469
   0.06900
   0.07535
   0.07303
   0.06229
   0.04437
   0.02135
  -0.00414
  -0.02915
  -0.05080
  -0.06660
  -0.07473
  -0.07424
  -0.06520
  -0.04865
  -0.02649
  -0.00128
   0.02407
   0.04666
   0.06386
   0.07371
   0.07507
   0.06778
   0.05268
   0.03150
   0.00670
  -0.01887
  -0.04227
  -0.06080
  -0.07232
  -0.07551
  -0.07000
  -0.05643
  -0.03635
  -0.01209
   0.01357
   0.03766
   0.05742
   0.07056
   0.07557
   0.07187
   0.05989
   0.04101
   0.01741
  -0.00820
  -0.03286
  -0.05374
  -0.06843
  -0.07523
  -0.07337
  -0.06305
  -0.04546
  -0.02264
   0.00279
   0.02790
   0.04979
   0.06595
   0.07451
   0.07448
   0.06588
   0.04968
   0.02776
   0.00264
  -0.02278
  -0.04558
  -0.06313
  -0.07340
  -0.07522
  -0.06837
  -0.05364
  -0.03273
  -0.00805
   0.01755
   0.04114
   0.05998
   0.07192
   0.07556
   0.07051
   0.05732
   0.03754
   0.01343
  -0.01223
  -0.03648
  -0.05653
  -0.07006
  -0.07552
  -0.07228
  -0.06071
  -0.04215
  -0.01873
   0.00685
   0.03164
   0.05278
   0.06784
   0.07509
   0.07368
   0.06379
   0.04654
   0.02393
  -0.00143
  -0.02663
  -0.04876
  -0.06527
  -0.07427
  -0.07470
  -0.06653
  -0.05070
  -0.02902
  -0.00400
   0.02149
   0.04449
   0.06237
   0.07307
   0.07534
   0.06894
   0.05459
   0.03395
   0.00940
  -0.01623
  -0.03999
  -0.05915
  -0.07149
  -0.07559
  -0.07098
  -0.05820
  -0.03871
  -0.01476
   0.01089
   0.03529
   0.05562
   0.06954
   0.07545
   0.07267
   0.06151
   0.04327
   0.02004
  -0.00550
  -0.03040
  -0.05180
  -0.06723
  -0.07492
  -0.07397
  -0.06450
  -0.04760
  -0.02522
   0.00007
   0.02536
   0.04772
   0.06458
   0.07400
   0.07490
   0.06717
   0.05169
   0.03027
   0.00535
  -0.02018
  -0.04339
  -0.06159
  -0.07271
  -0.07544
  -0.06948
  -0.05552
  -0.03516
  -0.01075
   0.01490
   0.03883
   0.05829
   0.07103
   0.07559
   0.07144
   0.05906
   0.03987
   0.01609
  -0.00955
  -0.03408
  -0.05469
  -0.06900
  -0.07535
  -0.07303
  -0.06229
  -0.04437
  -0.02135
   0.00414
   0.02915
   0.05080
   0.06660
   0.07473
   0.07424
   0.06520
   0.04865
   0.02649
   0.00128
  -0.02407
  -0.04666
  -0.06386
  -0.07371
  -0.07507
  -0.06778
  -0.05268
  -0.03150
  -0.00670
   0.01887
   0.04227
   0.06080
   0.07232
   0.07551
   0.07000
   0.05643
   0.03635
   0.01209
  -0.01357
  -0.03766
  -0.05742
  -0.07056
  -0.07557
  -0.07187
  -0.05989
  -0.04101
  -0.01741
   0.00820
   0.03286
   0.05374
   0.06843
   0.07523
   0.07337
   0.06305
   0.04546
   0.02264
  -0.00279
  -0.02790
  -0.04979
  -0.06595
  -0.07451
  -0.07448
  -0.06588
  -0.04968
  -0.02776
  -0.00264
   0.02278
   0.04558
   0.06313
   0.07340
   0.07522
   0.06837
   0.05364
   0.03273
   0.00805
  -0.01755
  -0.04114
  -0.05998
  -0.07192
  -0.07556
  -0.07051
  -0.05732
  -0.03754
  -0.01343
   0.01223
   0.03648
   0.05653
   0.07006
   0.07552
   0.07228
   0.06071
   0.04215
   0.01873
  -0.00685
  -0.03164
  -0.05278
  -0.06784
  -0.07509
  -0.07368
  -0.06379
  -0.04654
  -0.02393
   0.00143
   0.02663
   0.04876
   0.06527
   0.07427
   0.07470
   0.06653
   0.05070
   0.02902
   0.00400
  -0.02149
  -0.04449
  -0.06237
  -0.07307
  -0.07534
  -0.06894
  -0.05459
  -0.03395
  -0.00940
   0.01623
   0.03999
   0.05915
   0.07149
   0.07559
   0.07098
   0.05820
   0.03871
   0.01476
  -0.01089
  -0.03529
  -0.05562
  -0.06954
  -0.07545
  -0.07267
  -0.06151
  -0.04327
  -0.02004
   0.00550
   0.03040
   0.05180
   0.06723
   0.07492
   0.07397
   0.06450
   0.04760
   0.02522
  -0.00007
  -0.02536
  -0.04772
  -0.06458
  -0.07400
  -0.07490
  -0.06717
  -0.05169
  -0.03027
  -0.00535
   0.02018
   0.04339
   0.06159
   0.07271
   0.07544
   0.06948
   0.05552
   0.03516
   0.01075
  -0.01490
  -0.03883
  -0.05829
  -0.07103
  -0.07559
