  -0.04372
  -0.07117
  -0.07292
  -0.04834
  -0.00629
   0.03802
   0.06860
   0.07441
   0.05335
   0.01302
  -0.03201
  -0.06548
  -0.07531
  -0.05794
  -0.01964
   0.02574
   0.06183
   0.07559
   0.06206
   0.02611
  -0.01927
  -0.05768
  -0.07527
  -0.06568
  -0.03236
   0.01264
   0.05307
   0.07434
   0.06877
   0.03836
  -0.00591
  -0.04803
  -0.07282
  -0.07130
  -0.04404
  -0.00087
   0.04261
   0.07070
   0.07327
   0.04937
   0.00765
  -0.03684
  -0.06802
  -0.07464
  -0.05430
  -0.01436
   0.03077
   0.06479
   0.07541
   0.05880
   0.02095
  -0.02446
  -0.06104
  -0.07558
  -0.06282
  -0.02738
   0.01795
   0.05680
   0.07513
   0.06634
   0.03358
  -0.01130
  -0.05210
  -0.07409
  -0.06932
  -0.03952
   0.00455
   0.04698
   0.07244
   0.07174
   0.04514
   0.00223
  -0.04148
  -0.07021
  -0.07359
  -0.05039
  -0.00899
   0.03565
   0.06742
   0.07484
   0.05524
   0.01569
  -0.02953
  -0.06408
  -0.07549
  -0.05964
  -0.02225
   0.02317
   0.06023
   0.07554
   0.06357
   0.02864
  -0.01663
  -0.05589
  -0.07497
  -0.06698
  -0.03479
   0.00995
   0.05111
   0.07380
   0.06985
   0.04067
  -0.00320
  -0.04591
  -0.07204
  -0.07216
  -0.04622
  -0.00359
   0.04034
   0.06970
   0.07389
   0.05139
   0.01034
  -0.03445
  -0.06679
  -0.07502
  -0.05616
  -0.01701
   0.02828
   0.06335
   0.07555
   0.06047
   0.02355
  -0.02188
  -0.05940
  -0.07547
  -0.06429
  -0.02989
   0.01530
   0.05497
   0.07479
   0.06759
   0.03599
  -0.00861
  -0.05010
  -0.07350
  -0.07036
  -0.04181
   0.00184
   0.04482
   0.07162
   0.07255
   0.04728
   0.00494
  -0.03919
  -0.06916
  -0.07416
  -0.05238
  -0.01168
   0.03323
   0.06615
   0.07518
   0.05706
   0.01833
  -0.02701
  -0.06260
  -0.07558
  -0.06127
  -0.02483
   0.02058
   0.05855
   0.07538
   0.06499
   0.03113
  -0.01397
  -0.05403
  -0.07458
  -0.06819
  -0.03718
   0.00726
   0.04907
   0.07317
   0.07084
   0.04293
  -0.00048
  -0.04372
  -0.07117
  -0.07292
  -0.04834
  -0.00629
   0.03802
   0.06860
   0.07441
   0.05335
   0.01302
  -0.03201
  -0.06548
  -0.07531
  -0.05794
  -0.01964
   0.02574
   0.06183
   0.07559
   0.06206
   0.02611
  -0.01927
  -0.05768
  -0.07527
  -0.06568
  -0.03236
   0.01264
   0.05307
   0.07434
   0.06877
   0.03836
  -0.00591
  -0.04803
  -0.07282
  -0.07130
  -0.04404
  -0.00087
   0.04261
   0.07070
   0.07327
   0.04937
   0.00765
  -0.03684
  -0.06802
  -0.07464
  -0.05430
  -0.01436
   0.03077
   0.06479
   0.07541
   0.05880
   0.02095
  -0.02446
  -0.06104
  -0.07558
  -0.06282
  -0.02738
   0.01795
   0.05680
   0.07513
   0.06634
   0.03358
  -0.01130
  -0.05210
  -0.07409
  -0.06932
  -0.03952
   0.00455
   0.04698
   0.07244
   0.07174
   0.04514
   0.00223
  -0.04148
  -0.07021
  -0.07359
  -0.05039
  -0.00899
   0.03565
   0.06742
   0.07484
   0.05524
   0.01569
  -0.02953
  -0.06408
  -0.07549
  -0.05964
  -0.02225
   0.02317
   0.06023
   0.07554
   0.06357
   0.02864
  -0.01663
  -0.05589
  -0.07497
  -0.06698
  -0.03479
   0.00995
   0.05111
   0.07380
   0.06985
   0.04067
  -0.00320
  -0.04591
  -0.07204
  -0.07216
  -0.04622
  -0.00359
   0.04034
   0.06970
   0.07389
   0.05139
   0.01034
  -0.03445
  -0.06679
  -0.07502
  -0.05616
  -0.01701
   0.02828
   0.06335
   0.07555
   0.06047
   0.02355
  -0.02188
  -0.05940
  -0.07547
  -0.06429
  -0.02989
   0.01530
   0.05497
   0.07479
   0.06759
   0.03599
  -0.00861
  -0.05010
  -0.07350
  -0.07036
  -0.04181
   0.00184
   0.04482
   0.07162
   0.07255
   0.04728
   0.00494
  -0.03919
  -0.06916
  -0.07416
  -0.05238
  -0.01168
   0.03323
   0.06615
   0.07518
   0.05706
   0.01833
  -0.02701
  -0.06260
  -0.07558
  -0.06127
  -0.02483
   0.02058
   0.05855
   0.07538
   0.06499
   0.03113
  -0.01397
  -0.05403
  -0.07458
  -0.06819
  -0.03718
   0.00726
   0.04907
   0.07317
   0.07084
   0.04293
  -0.00048
