   0.04282
  -0.02714
  -0.07353
  -0.05607
   0.01009
   0.06748
   0.06627
   0.00751
  -0.05777
  -0.07288
  -0.02470
   0.04493
   0.07555
   0.04056
  -0.02965
  -0.07411
  -0.05421
   0.01277
   0.06866
   0.06492
   0.00481
  -0.05948
  -0.07212
  -0.02212
   0.04708
   0.07540
   0.03824
  -0.03213
  -0.07460
  -0.05228
   0.01544
   0.06975
   0.06349
   0.00210
  -0.06112
  -0.07126
  -0.01951
   0.04918
   0.07516
   0.03587
  -0.03457
  -0.07499
  -0.05029
   0.01808
   0.07075
   0.06198
  -0.00062
  -0.06268
  -0.07031
  -0.01688
   0.05121
   0.07482
   0.03346
  -0.03696
  -0.07528
  -0.04823
   0.02071
   0.07166
   0.06038
  -0.00333
  -0.06415
  -0.06926
  -0.01422
   0.05317
   0.07439
   0.03101
  -0.03930
  -0.07548
  -0.04611
   0.02330
   0.07248
   0.05871
  -0.00604
  -0.06555
  -0.06813
  -0.01155
   0.05506
   0.07386
   0.02851
  -0.04159
  -0.07558
  -0.04393
   0.02587
   0.07320
   0.05697
  -0.00874
  -0.06686
  -0.06691
  -0.00886
   0.05689
   0.07323
   0.02598
  -0.04383
  -0.07558
  -0.04169
   0.02840
   0.07383
   0.05515
  -0.01143
  -0.06808
  -0.06561
  -0.00616
   0.05864
   0.07251
   0.02342
  -0.04602
  -0.07549
  -0.03940
   0.03090
   0.07437
   0.05325
  -0.01411
  -0.06922
  -0.06422
  -0.00345
   0.06031
   0.07170
   0.02082
  -0.04814
  -0.07529
  -0.03706
   0.03335
   0.07481
   0.05129
  -0.01676
  -0.07026
  -0.06275
  -0.00074
   0.06191
   0.07079
   0.01820
  -0.05020
  -0.07500
  -0.03467
   0.03577
   0.07515
   0.04927
  -0.01940
  -0.07122
  -0.06119
   0.00198
   0.06343
   0.06980
   0.01555
  -0.05220
  -0.07462
  -0.03224
   0.03814
   0.07539
   0.04718
  -0.02201
  -0.07208
  -0.05956
   0.00469
   0.06486
   0.06871
   0.01289
  -0.05413
  -0.07414
  -0.02977
   0.04045
   0.07554
   0.04503
  -0.02459
  -0.07285
  -0.05785
   0.00739
   0.06621
   0.06753
   0.01021
  -0.05598
  -0.07356
  -0.02725
   0.04272
   0.07559
   0.04282
  -0.02714
  -0.07353
  -0.05607
   0.01009
   0.06748
   0.06627
   0.00751
  -0.05777
  -0.07288
  -0.02470
   0.04493
   0.07555
   0.04056
  -0.02965
  -0.07411
  -0.05421
   0.01277
   0.06866
   0.06492
   0.00481
  -0.05948
  -0.07212
  -0.02212
   0.04708
   0.07540
   0.03824
  -0.03213
  -0.07460
  -0.05228
   0.01544
   0.06975
   0.06349
   0.00210
  -0.06112
  -0.07126
  -0.01951
   0.04918
   0.07516
   0.03587
  -0.03457
  -0.07499
  -0.05029
   0.01808
   0.07075
   0.06198
  -0.00062
  -0.06268
  -0.07031
  -0.01688
   0.05121
   0.07482
   0.03346
  -0.03696
  -0.07528
  -0.04823
   0.02071
   0.07166
   0.06038
  -0.00333
  -0.06415
  -0.06926
  -0.01422
   0.05317
   0.07439
   0.03101
  -0.03930
  -0.07548
  -0.04611
   0.02330
   0.07248
   0.05871
  -0.00604
  -0.06555
  -0.06813
  -0.01155
   0.05506
   0.07386
   0.02851
  -0.04159
  -0.07558
  -0.04393
   0.02587
   0.07320
   0.05697
  -0.00874
  -0.06686
  -0.06691
  -0.00886
   0.05689
   0.07323
   0.02598
  -0.04383
  -0.07558
  -0.04169
   0.02840
   0.07383
   0.05515
  -0.01143
  -0.06808
  -0.06561
  -0.00616
   0.05864
   0.07251
   0.02342
  -0.04602
  -0.07549
  -0.03940
   0.03090
   0.07437
   0.05325
  -0.01411
  -0.06922
  -0.06422
  -0.00345
   0.06031
   0.07170
   0.02082
  -0.04814
  -0.07529
  -0.03706
   0.03335
   0.07481
   0.05129
  -0.01676
  -0.07026
  -0.06275
  -0.00074
   0.06191
   0.07079
   0.01820
  -0.05020
  -0.07500
  -0.03467
   0.03577
   0.07515
   0.04927
  -0.01940
  -0.07122
  -0.06119
   0.00198
   0.06343
   0.06980
   0.01555
  -0.05220
  -0.07462
  -0.03224
   0.03814
   0.07539
   0.04718
  -0.02201
  -0.07208
  -0.05956
   0.00469
   0.06486
   0.06871
   0.01289
  -0.05413
  -0.07414
  -0.02977
   0.04045
   0.07554
   0.04503
  -0.02459
  -0.07285
  -0.05785
   0.00739
   0.06621
   0.06753
   0.01021
  -0.05598
  -0.07356
  -0.02725
   0.04272
   0.07559
