  -0.04166
   0.02969
   0.07437
   0.05226
  -0.01680
  -0.07076
  -0.06117
   0.00337
   0.06488
   0.06812
   0.01017
  -0.05691
  -0.07287
  -0.02338
   0.04711
   0.07529
   0.03584
  -0.03580
  -0.07529
  -0.04715
   0.02334
   0.07286
   0.05694
  -0.01012
  -0.06810
  -0.06490
  -0.00341
   0.06114
   0.07078
   0.01684
  -0.05222
  -0.07438
  -0.02973
   0.04163
   0.07559
   0.04166
  -0.02969
  -0.07437
  -0.05226
   0.01680
   0.07076
   0.06117
  -0.00337
  -0.06488
  -0.06812
  -0.01017
   0.05691
   0.07287
   0.02338
  -0.04711
  -0.07529
  -0.03584
   0.03580
   0.07529
   0.04715
  -0.02334
  -0.07286
  -0.05694
   0.01012
   0.06810
   0.06490
   0.00341
  -0.06114
  -0.07078
  -0.01684
   0.05222
   0.07438
   0.02973
  -0.04163
  -0.07559
  -0.04166
   0.02969
   0.07437
   0.05226
  -0.01680
  -0.07076
  -0.06117
   0.00337
   0.06488
   0.06812
   0.01017
  -0.05691
  -0.07287
  -0.02338
   0.04711
   0.07529
   0.03584
  -0.03580
  -0.07529
  -0.04715
   0.02334
   0.07286
   0.05694
  -0.01012
  -0.06810
  -0.06490
  -0.00341
   0.06114
   0.07078
   0.01684
  -0.05222
  -0.07438
  -0.02973
   0.04163
   0.07559
   0.04166
  -0.02969
  -0.07437
  -0.05226
   0.01680
   0.07076
   0.06117
  -0.00337
  -0.06488
  -0.06812
  -0.01017
   0.05691
   0.07287
   0.02338
  -0.04711
  -0.07529
  -0.03584
   0.03580
   0.07529
   0.04715
  -0.02334
  -0.07286
  -0.05694
   0.01012
   0.06810
   0.06490
   0.00341
  -0.06114
  -0.07078
  -0.01684
   0.05222
   0.07438
   0.02973
  -0.04163
  -0.07559
  -0.04166
   0.02969
   0.07437
   0.05226
  -0.01680
  -0.07076
  -0.06117
   0.00337
   0.06488
   0.06812
   0.01017
  -0.05691
  -0.07287
  -0.02338
   0.04711
   0.07529
   0.03584
  -0.03580
  -0.07529
  -0.04715
   0.02334
   0.07286
   0.05694
  -0.01012
  -0.06810
  -0.06490
  -0.00341
   0.06114
   0.07078
   0.01684
  -0.05222
  -0.07438
  -0.02973
   0.04163
   0.07559
   0.04166
  -0.02969
  -0.07437
  -0.05226
   0.01680
   0.07076
   0.06117
  -0.00337
  -0.06488
  -0.06812
  -0.01017
   0.05691
   0.07287
   0.02338
  -0.04711
  -0.07529
  -0.03584
   0.03580
   0.07529
   0.04715
  -0.02334
  -0.07286
  -0.05694
   0.01012
   0.06810
   0.06490
   0.00341
  -0.06114
  -0.07078
  -0.01684
   0.05222
   0.07438
   0.02973
  -0.04163
  -0.07559
  -0.04166
   0.02969
   0.07437
   0.05226
  -0.01680
  -0.07076
  -0.06117
   0.00337
   0.06488
   0.06812
   0.01017
  -0.05691
  -0.07287
  -0.02338
   0.04711
   0.07529
   0.03584
  -0.03580
  -0.07529
  -0.04715
   0.02334
   0.07286
   0.05694
  -0.01012
  -0.06810
  -0.06490
  -0.00341
   0.06114
   0.07078
   0.01684
  -0.05222
  -0.07438
  -0.02973
   0.04163
   0.07559
   0.04166
  -0.02969
  -0.07437
  -0.05226
   0.01680
   0.07076
   0.06117
  -0.00337
  -0.06488
  -0.06812
  -0.01017
   0.05691
   0.07287
   0.02338
  -0.04711
  -0.07529
  -0.03584
   0.03580
   0.07529
   0.04715
  -0.02334
  -0.07286
  -0.05694
   0.01012
   0.06810
   0.06490
   0.00341
  -0.06114
  -0.07078
  -0.01684
   0.05222
   0.07438
   0.02973
  -0.04163
  -0.07559
  -0.04166
   0.02969
   0.07437
   0.05226
  -0.01680
  -0.07076
  -0.06117
   0.00337
   0.06488
   0.06812
   0.01017
  -0.05691
  -0.07287
  -0.02338
   0.04711
   0.07529
   0.03584
  -0.03580
  -0.07529
  -0.04715
   0.02334
   0.07286
   0.05694
  -0.01012
  -0.06810
  -0.06490
  -0.00341
   0.06114
   0.07078
   0.01684
  -0.05222
  -0.07438
  -0.02973
   0.04163
   0.07559
   0.04166
  -0.02969
  -0.07437
  -0.05226
   0.01680
   0.07076
   0.06117
  -0.00337
  -0.06488
  -0.06812
  -0.01017
   0.05691
   0.07287
   0.02338
  -0.04711
  -0.07529
  -0.03584
   0.03580
   0.07529
   0.04715
  -0.02334
  -0.07286
  -0.05694
   0.01012
   0.06810
   0.06490
   0.00341
  -0.06114
  -0.07078
  -0.01684
   0.05222
   0.07438
   0.02973
  -0.04163
  -0.07559
