  -0.07015
  -0.05486
  -0.03187
  -0.00440
   0.02369
   0.04845
   0.06641
   0.07504
   0.07313
   0.06095
   0.04021
   0.01382
  -0.01451
  -0.04080
  -0.06136
  -0.07330
  -0.07495
  -0.06607
  -0.04791
  -0.02303
   0.00510
   0.03250
   0.05534
   0.07041
   0.07559
   0.07015
   0.05486
   0.03187
   0.00440
  -0.02369
  -0.04845
  -0.06641
  -0.07504
  -0.07313
  -0.06095
  -0.04021
  -0.01382
   0.01451
   0.04080
   0.06136
   0.07330
   0.07495
   0.06607
   0.04791
   0.02303
  -0.00510
  -0.03250
  -0.05534
  -0.07041
  -0.07559
  -0.07015
  -0.05486
  -0.03187
  -0.00440
   0.02369
   0.04845
   0.06641
   0.07504
   0.07313
   0.06095
   0.04021
   0.01382
  -0.01451
  -0.04080
  -0.06136
  -0.07330
  -0.07495
  -0.06607
  -0.04791
  -0.02303
   0.00510
   0.03250
   0.05534
   0.07041
   0.07559
   0.07015
   0.05486
   0.03187
   0.00440
  -0.02369
  -0.04845
  -0.06641
  -0.07504
  -0.07313
  -0.06095
  -0.04021
  -0.01382
   0.01451
   0.04080
   0.06136
   0.07330
   0.07495
   0.06607
   0.04791
   0.02303
  -0.00510
  -0.03250
  -0.05534
  -0.07041
  -0.07559
  -0.07015
  -0.05486
  -0.03187
  -0.00440
   0.02369
   0.04845
   0.06641
   0.07504
   0.07313
   0.06095
   0.04021
   0.01382
  -0.01451
  -0.04080
  -0.06136
  -0.07330
  -0.07495
  -0.06607
  -0.04791
  -0.02303
   0.00510
   0.03250
   0.05534
   0.07041
   0.07559
   0.07015
   0.05486
   0.03187
   0.00440
  -0.02369
  -0.04845
  -0.06641
  -0.07504
  -0.07313
  -0.06095
  -0.04021
  -0.01382
   0.01451
   0.04080
   0.06136
   0.07330
   0.07495
   0.06607
   0.04791
   0.02303
  -0.00510
  -0.03250
  -0.05534
  -0.07041
  -0.07559
  -0.07015
  -0.05486
  -0.03187
  -0.00440
   0.02369
   0.04845
   0.06641
   0.07504
   0.07313
   0.06095
   0.04021
   0.01382
  -0.01451
  -0.04080
  -0.06136
  -0.07330
  -0.07495
  -0.06607
  -0.04791
  -0.02303
   0.00510
   0.03250
   0.05534
   0.07041
   0.07559
   0.07015
   0.05486
   0.03187
   0.00440
  -0.02369
  -0.04845
  -0.06641
  -0.07504
  -0.07313
  -0.06095
  -0.04021
  -0.01382
   0.01451
   0.04080
   0.06136
   0.07330
   0.07495
   0.06607
   0.04791
   0.02303
  -0.00510
  -0.03250
  -0.05534
  -0.07041
  -0.07559
  -0.07015
  -0.05486
  -0.03187
  -0.00440
   0.02369
   0.04845
   0.06641
   0.07504
   0.07313
   0.06095
   0.04021
   0.01382
  -0.01451
  -0.04080
  -0.06136
  -0.07330
  -0.07495
  -0.06607
  -0.04791
  -0.02303
   0.00510
   0.03250
   0.05534
   0.07041
   0.07559
   0.07015
   0.05486
   0.03187
   0.00440
  -0.02369
  -0.04845
  -0.06641
  -0.07504
  -0.07313
  -0.06095
  -0.04021
  -0.01382
   0.01451
   0.04080
   0.06136
   0.07330
   0.07495
   0.06607
   0.04791
   0.02303
  -0.00510
  -0.03250
  -0.05534
  -0.07041
  -0.07559
  -0.07015
  -0.05486
  -0.03187
  -0.00440
   0.02369
   0.04845
   0.06641
   0.07504
   0.07313
   0.06095
   0.04021
   0.01382
  -0.01451
  -0.04080
  -0.06136
  -0.07330
  -0.07495
  -0.06607
  -0.04791
  -0.02303
   0.00510
   0.03250
   0.05534
   0.07041
   0.07559
   0.07015
   0.05486
   0.03187
   0.00440
  -0.02369
  -0.04845
  -0.06641
  -0.07504
  -0.07313
  -0.06095
  -0.04021
  -0.01382
   0.01451
   0.04080
   0.06136
   0.07330
   0.07495
   0.06607
   0.04791
   0.02303
  -0.00510
  -0.03250
  -0.05534
  -0.07041
  -0.07559
  -0.07015
  -0.05486
  -0.03187
  -0.00440
   0.02369
   0.04845
   0.06641
   0.07504
   0.07313
   0.06095
   0.04021
   0.01382
  -0.01451
  -0.04080
  -0.06136
  -0.07330
  -0.07495
  -0.06607
  -0.04791
  -0.02303
   0.00510
   0.03250
   0.05534
   0.07041
   0.07559
   0.07015
   0.05486
   0.03187
   0.00440
  -0.02369
  -0.04845
  -0.06641
  -0.07504
  -0.07313
  -0.06095
  -0.04021
  -0.01382
   0.01451
   0.04080
   0.06136
   0.07330
   0.07495
   0.06607
   0.04791
   0.02303
  -0.00510
  -0.03250
  -0.05534
  -0.07041
  -0.07559
