   0.03359
   0.06103
  -0.05431
  -0.04260
   0.06877
   0.01926
  -0.07531
   0.00631
   0.07317
  -0.03114
  -0.06260
   0.05239
   0.04481
  -0.06760
  -0.02187
   0.07502
  -0.00360
  -0.07380
   0.02865
   0.06408
  -0.05040
  -0.04697
   0.06634
   0.02445
  -0.07464
   0.00089
   0.07434
  -0.02612
  -0.06547
   0.04834
   0.04906
  -0.06500
  -0.02700
   0.07416
   0.00183
  -0.07478
   0.02356
   0.06679
  -0.04623
  -0.05110
   0.06357
   0.02952
  -0.07359
  -0.00454
   0.07513
  -0.02096
  -0.06802
   0.04405
   0.05306
  -0.06206
  -0.03200
   0.07292
   0.00725
  -0.07538
   0.01834
   0.06916
  -0.04182
  -0.05496
   0.06047
   0.03444
  -0.07216
  -0.00994
   0.07554
  -0.01570
  -0.07021
   0.03953
   0.05679
  -0.05881
  -0.03683
   0.07131
   0.01263
  -0.07559
   0.01303
   0.07117
  -0.03719
  -0.05854
   0.05706
   0.03918
  -0.07036
  -0.01529
   0.07555
  -0.01035
  -0.07204
   0.03480
   0.06022
  -0.05525
  -0.04147
   0.06932
   0.01794
  -0.07541
   0.00766
   0.07281
  -0.03237
  -0.06182
   0.05336
   0.04371
  -0.06820
  -0.02056
   0.07518
  -0.00495
  -0.07350
   0.02990
   0.06335
  -0.05140
  -0.04590
   0.06698
   0.02316
  -0.07484
   0.00224
   0.07408
  -0.02739
  -0.06479
   0.04938
   0.04802
  -0.06568
  -0.02573
   0.07441
   0.00047
  -0.07457
   0.02484
   0.06614
  -0.04729
  -0.05009
   0.06430
   0.02827
  -0.07389
  -0.00318
   0.07497
  -0.02226
  -0.06741
   0.04515
   0.05209
  -0.06283
  -0.03076
   0.07327
   0.00589
  -0.07527
   0.01966
   0.06860
  -0.04294
  -0.05402
   0.06128
   0.03322
  -0.07255
  -0.00859
   0.07547
  -0.01702
  -0.06969
   0.04068
   0.05589
  -0.05965
  -0.03564
   0.07175
   0.01129
  -0.07558
   0.01437
   0.07070
  -0.03837
  -0.05768
   0.05794
   0.03801
  -0.07085
  -0.01396
   0.07558
  -0.01170
  -0.07161
   0.03600
   0.05939
  -0.05616
  -0.04033
   0.06985
   0.01662
  -0.07549
   0.00901
   0.07244
  -0.03359
  -0.06103
   0.05431
   0.04260
  -0.06877
  -0.01926
   0.07531
  -0.00631
  -0.07317
   0.03114
   0.06260
  -0.05239
  -0.04481
   0.06760
   0.02187
  -0.07502
   0.00360
   0.07380
  -0.02865
  -0.06408
   0.05040
   0.04697
  -0.06634
  -0.02445
   0.07464
  -0.00089
  -0.07434
   0.02612
   0.06547
  -0.04834
  -0.04906
   0.06500
   0.02700
  -0.07416
  -0.00183
   0.07478
  -0.02356
  -0.06679
   0.04623
   0.05110
  -0.06357
  -0.02952
   0.07359
   0.00454
  -0.07513
   0.02096
   0.06802
  -0.04405
  -0.05306
   0.06206
   0.03200
  -0.07292
  -0.00725
   0.07538
  -0.01834
  -0.06916
   0.04182
   0.05496
  -0.06047
  -0.03444
   0.07216
   0.00994
  -0.07554
   0.01570
   0.07021
  -0.03953
  -0.05679
   0.05881
   0.03683
  -0.07131
  -0.01263
   0.07559
  -0.01303
  -0.07117
   0.03719
   0.05854
  -0.05706
  -0.03918
   0.07036
   0.01529
  -0.07555
   0.01035
   0.07204
  -0.03480
  -0.06022
   0.05525
   0.04147
  -0.06932
  -0.01794
   0.07541
  -0.00766
  -0.07281
   0.03237
   0.06182
  -0.05336
  -0.04371
   0.06820
   0.02056
  -0.07518
   0.00495
   0.07350
  -0.02990
  -0.06335
   0.05140
   0.04590
  -0.06698
  -0.02316
   0.07484
  -0.00224
  -0.07408
   0.02739
   0.06479
  -0.04938
  -0.04802
   0.06568
   0.02573
  -0.07441
  -0.00047
   0.07457
  -0.02484
  -0.06614
   0.04729
   0.05009
  -0.06430
  -0.02827
   0.07389
   0.00318
  -0.07497
   0.02226
   0.06741
  -0.04515
  -0.05209
   0.06283
   0.03076
  -0.07327
  -0.00589
   0.07527
  -0.01966
  -0.06860
   0.04294
   0.05402
  -0.06128
  -0.03322
   0.07255
   0.00859
  -0.07547
   0.01702
   0.06969
  -0.04068
  -0.05589
   0.05965
   0.03564
  -0.07175
  -0.01129
   0.07558
  -0.01437
  -0.07070
   0.03837
   0.05768
  -0.05794
  -0.03801
   0.07085
   0.01396
  -0.07558
   0.01170
   0.07161
  -0.03600
  -0.05939
   0.05616
   0.04033
  -0.06985
  -0.01662
   0.07549
  -0.00901
  -0.07244
