   0.06845
  -0.04670
   0.01495
   0.01999
  -0.05066
   0.07049
  -0.07524
   0.06389
  -0.03888
   0.00555
   0.02897
  -0.05729
   0.07335
  -0.07373
   0.05832
  -0.03045
  -0.00394
   0.03749
  -0.06302
   0.07506
  -0.07105
   0.05184
  -0.02153
  -0.01338
   0.04542
  -0.06775
   0.07559
  -0.06726
   0.04453
  -0.01228
  -0.02259
   0.05264
  -0.07142
   0.07493
  -0.06240
   0.03653
  -0.00284
  -0.03146
   0.05902
  -0.07396
   0.07308
  -0.05656
   0.02794
   0.00665
  -0.03982
   0.06448
  -0.07534
   0.07008
  -0.04983
   0.01892
   0.01604
  -0.04756
   0.06891
  -0.07552
   0.06597
  -0.04231
   0.00960
   0.02517
  -0.05455
   0.07226
  -0.07452
   0.06083
  -0.03413
   0.00012
   0.03390
  -0.06068
   0.07448
  -0.07234
   0.05472
  -0.02540
  -0.00935
   0.04211
  -0.06585
   0.07551
  -0.06902
   0.04776
  -0.01628
  -0.01868
   0.04964
  -0.06998
   0.07536
  -0.06461
   0.04004
  -0.00690
  -0.02771
   0.05640
  -0.07301
   0.07401
  -0.05918
   0.03168
   0.00259
  -0.03631
   0.06226
  -0.07489
   0.07150
  -0.05282
   0.02283
   0.01204
  -0.04433
   0.06714
  -0.07559
   0.06786
  -0.04562
   0.01362
   0.02130
  -0.05166
   0.07097
  -0.07509
   0.06316
  -0.03771
   0.00419
   0.03022
  -0.05817
   0.07367
  -0.07341
   0.05745
  -0.02920
  -0.00530
   0.03866
  -0.06376
   0.07521
  -0.07058
   0.05084
  -0.02023
  -0.01471
   0.04650
  -0.06835
   0.07557
  -0.06663
   0.04343
  -0.01094
  -0.02389
   0.05360
  -0.07185
   0.07473
  -0.06162
   0.03533
  -0.00148
  -0.03269
   0.05986
  -0.07423
   0.07272
  -0.05565
   0.02668
   0.00800
  -0.04097
   0.06518
  -0.07544
   0.06956
  -0.04880
   0.01760
   0.01736
  -0.04861
   0.06946
  -0.07545
   0.06530
  -0.04118
   0.00825
   0.02644
  -0.05548
   0.07265
  -0.07428
   0.06001
  -0.03291
  -0.00123
   0.03511
  -0.06148
   0.07470
  -0.07193
   0.05378
  -0.02412
  -0.01070
   0.04323
  -0.06651
   0.07556
  -0.06845
   0.04670
  -0.01495
  -0.01999
   0.05066
  -0.07049
   0.07524
  -0.06389
   0.03888
  -0.00555
  -0.02897
   0.05729
  -0.07335
   0.07373
  -0.05832
   0.03045
   0.00394
  -0.03749
   0.06302
  -0.07506
   0.07105
  -0.05184
   0.02153
   0.01338
  -0.04542
   0.06775
  -0.07559
   0.06726
  -0.04453
   0.01228
   0.02259
  -0.05264
   0.07142
  -0.07493
   0.06240
  -0.03653
   0.00284
   0.03146
  -0.05902
   0.07396
  -0.07308
   0.05656
  -0.02794
  -0.00665
   0.03982
  -0.06448
   0.07534
  -0.07008
   0.04983
  -0.01892
  -0.01604
   0.04756
  -0.06891
   0.07552
  -0.06597
   0.04231
  -0.00960
  -0.02517
   0.05455
  -0.07226
   0.07452
  -0.06083
   0.03413
  -0.00012
  -0.03390
   0.06068
  -0.07448
   0.07234
  -0.05472
   0.02540
   0.00935
  -0.04211
   0.06585
  -0.07551
   0.06902
  -0.04776
   0.01628
   0.01868
  -0.04964
   0.06998
  -0.07536
   0.06461
  -0.04004
   0.00690
   0.02771
  -0.05640
   0.07301
  -0.07401
   0.05918
  -0.03168
  -0.00259
   0.03631
  -0.06226
   0.07489
  -0.07150
   0.05282
  -0.02283
  -0.01204
   0.04433
  -0.06714
   0.07559
  -0.06786
   0.04562
  -0.01362
  -0.02130
   0.05166
  -0.07097
   0.07509
  -0.06316
   0.03771
  -0.00419
  -0.03022
   0.05817
  -0.07367
   0.07341
  -0.05745
   0.02920
   0.00530
  -0.03866
   0.06376
  -0.07521
   0.07058
  -0.05084
   0.02023
   0.01471
  -0.04650
   0.06835
  -0.07557
   0.06663
  -0.04343
   0.01094
   0.02389
  -0.05360
   0.07185
  -0.07473
   0.06162
  -0.03533
   0.00148
   0.03269
  -0.05986
   0.07423
  -0.07272
   0.05565
  -0.02668
  -0.00800
   0.04097
  -0.06518
   0.07544
  -0.06956
   0.04880
  -0.01760
  -0.01736
   0.04861
  -0.06946
   0.07545
  -0.06530
   0.04118
  -0.00825
  -0.02644
   0.05548
  -0.07265
   0.07428
  -0.06001
   0.03291
   0.00123
  -0.03511
   0.06148
  -0.07470
   0.07193
  -0.05378
   0.02412
   0.01070
  -0.04323
   0.06651
  -0.07556
