   0.06282
   0.06916
   0.01129
  -0.05706
  -0.07244
  -0.02057
   0.05040
   0.07458
   0.02952
  -0.04294
  -0.07554
  -0.03801
   0.03480
   0.07531
   0.04590
  -0.02611
  -0.07389
  -0.05307
   0.01702
   0.07131
   0.05940
  -0.00765
  -0.06760
  -0.06479
  -0.00183
   0.06282
   0.06916
   0.01129
  -0.05706
  -0.07244
  -0.02057
   0.05040
   0.07458
   0.02952
  -0.04294
  -0.07554
  -0.03801
   0.03480
   0.07531
   0.04590
  -0.02611
  -0.07389
  -0.05307
   0.01702
   0.07131
   0.05940
  -0.00765
  -0.06760
  -0.06479
  -0.00183
   0.06282
   0.06916
   0.01129
  -0.05706
  -0.07244
  -0.02057
   0.05040
   0.07458
   0.02952
  -0.04294
  -0.07554
  -0.03801
   0.03480
   0.07531
   0.04590
  -0.02611
  -0.07389
  -0.05307
   0.01702
   0.07131
   0.05940
  -0.00765
  -0.06760
  -0.06479
  -0.00183
   0.06282
   0.06916
   0.01129
  -0.05706
  -0.07244
  -0.02057
   0.05040
   0.07458
   0.02952
  -0.04294
  -0.07554
  -0.03801
   0.03480
   0.07531
   0.04590
  -0.02611
  -0.07389
  -0.05307
   0.01702
   0.07131
   0.05940
  -0.00765
  -0.06760
  -0.06479
  -0.00183
   0.06282
   0.06916
   0.01129
  -0.05706
  -0.07244
  -0.02057
   0.05040
   0.07458
   0.02952
  -0.04294
  -0.07554
  -0.03801
   0.03480
   0.07531
   0.04590
  -0.02611
  -0.07389
  -0.05307
   0.01702
   0.07131
   0.05940
  -0.00765
  -0.06760
  -0.06479
  -0.00183
   0.06282
   0.06916
   0.01129
  -0.05706
  -0.07244
  -0.02057
   0.05040
   0.07458
   0.02952
  -0.04294
  -0.07554
  -0.03801
   0.03480
   0.07531
   0.04590
  -0.02611
  -0.07389
  -0.05307
   0.01702
   0.07131
   0.05940
  -0.00765
  -0.06760
  -0.06479
  -0.00183
   0.06282
   0.06916
   0.01129
  -0.05706
  -0.07244
  -0.02057
   0.05040
   0.07458
   0.02952
  -0.04294
  -0.07554
  -0.03801
   0.03480
   0.07531
   0.04590
  -0.02611
  -0.07389
  -0.05307
   0.01702
   0.07131
   0.05940
  -0.00765
  -0.06760
  -0.06479
  -0.00183
   0.06282
   0.06916
   0.01129
  -0.05706
  -0.07244
  -0.02057
   0.05040
   0.07458
   0.02952
  -0.04294
  -0.07554
  -0.03801
   0.03480
   0.07531
   0.04590
  -0.02611
  -0.07389
  -0.05307
   0.01702
   0.07131
   0.05940
  -0.00765
  -0.06760
  -0.06479
  -0.00183
   0.06282
   0.06916
   0.01129
  -0.05706
  -0.07244
  -0.02057
   0.05040
   0.07458
   0.02952
  -0.04294
  -0.07554
  -0.03801
   0.03480
   0.07531
   0.04590
  -0.02611
  -0.07389
  -0.05307
   0.01702
   0.07131
   0.05940
  -0.00765
  -0.06760
  -0.06479
  -0.00183
   0.06282
   0.06916
   0.01129
  -0.05706
  -0.07244
  -0.02057
   0.05040
   0.07458
   0.02952
  -0.04294
  -0.07554
  -0.03801
   0.03480
   0.07531
   0.04590
  -0.02611
  -0.07389
  -0.05307
   0.01702
   0.07131
   0.05940
  -0.00765
  -0.06760
  -0.06479
  -0.00183
   0.06282
   0.06916
   0.01129
  -0.05706
  -0.07244
  -0.02057
   0.05040
   0.07458
   0.02952
  -0.04294
  -0.07554
  -0.03801
   0.03480
   0.07531
   0.04590
  -0.02611
  -0.07389
  -0.05307
   0.01702
   0.07131
   0.05940
  -0.00765
  -0.06760
  -0.06479
  -0.00183
   0.06282
   0.06916
   0.01129
  -0.05706
  -0.07244
  -0.02057
   0.05040
   0.07458
   0.02952
  -0.04294
  -0.07554
  -0.03801
   0.03480
   0.07531
   0.04590
  -0.02611
  -0.07389
  -0.05307
   0.01702
   0.07131
   0.05940
  -0.00765
  -0.06760
  -0.06479
  -0.00183
   0.06282
   0.06916
   0.01129
  -0.05706
  -0.07244
  -0.02057
   0.05040
   0.07458
   0.02952
  -0.04294
  -0.07554
  -0.03801
   0.03480
   0.07531
   0.04590
  -0.02611
  -0.07389
  -0.05307
   0.01702
   0.07131
   0.05940
  -0.00765
  -0.06760
  -0.06479
  -0.00183
   0.06282
   0.06916
   0.01129
  -0.05706
  -0.07244
  -0.02057
   0.05040
   0.07458
   0.02952
  -0.04294
  -0.07554
  -0.03801
   0.03480
   0.07531
   0.04590
  -0.02611
  -0.07389
  -0.05307
   0.01702
   0.07131
   0.05940
  -0.00765
  -0.06760
  -0.06479
  -0.00183
