  -0.02564
   0.04842
   0.07456
   0.02691
  -0.04737
  -0.07477
  -0.02818
   0.04630
   0.07496
   0.02943
  -0.04522
  -0.07512
  -0.03068
   0.04413
   0.07526
   0.03191
  -0.04302
  -0.07538
  -0.03314
   0.04189
   0.07547
   0.03435
  -0.04076
  -0.07553
  -0.03556
   0.03961
   0.07557
   0.03675
  -0.03845
  -0.07559
  -0.03793
   0.03727
   0.07559
   0.03910
  -0.03609
  -0.07555
  -0.04025
   0.03489
   0.07550
   0.04139
  -0.03368
  -0.07542
  -0.04252
   0.03246
   0.07531
   0.04364
  -0.03123
  -0.07519
  -0.04474
   0.02999
   0.07503
   0.04582
  -0.02874
  -0.07486
  -0.04690
   0.02748
   0.07466
   0.04795
  -0.02621
  -0.07443
  -0.04899
   0.02493
   0.07418
   0.05002
  -0.02365
  -0.07391
  -0.05103
   0.02235
   0.07361
   0.05202
  -0.02105
  -0.07329
  -0.05300
   0.01975
   0.07295
   0.05396
  -0.01843
  -0.07258
  -0.05490
   0.01711
   0.07219
   0.05582
  -0.01579
  -0.07178
  -0.05673
   0.01446
   0.07134
   0.05762
  -0.01313
  -0.07088
  -0.05849
   0.01179
   0.07039
   0.05934
  -0.01045
  -0.06989
  -0.06017
   0.00910
   0.06936
   0.06098
  -0.00775
  -0.06881
  -0.06177
   0.00640
   0.06824
   0.06254
  -0.00505
  -0.06764
  -0.06330
   0.00369
   0.06703
   0.06403
  -0.00234
  -0.06639
  -0.06474
   0.00098
   0.06573
   0.06543
   0.00038
  -0.06505
  -0.06610
  -0.00173
   0.06434
   0.06674
   0.00309
  -0.06362
  -0.06737
  -0.00445
   0.06288
   0.06798
   0.00580
  -0.06212
  -0.06856
  -0.00715
   0.06133
   0.06912
   0.00850
  -0.06053
  -0.06966
  -0.00985
   0.05971
   0.07017
   0.01119
  -0.05886
  -0.07067
  -0.01253
   0.05800
   0.07114
   0.01387
  -0.05712
  -0.07158
  -0.01520
   0.05623
   0.07201
   0.01653
  -0.05531
  -0.07241
  -0.01785
   0.05438
   0.07279
   0.01916
  -0.05343
  -0.07314
  -0.02047
   0.05246
   0.07347
   0.02178
  -0.05147
  -0.07378
  -0.02307
   0.05047
   0.07406
   0.02436
  -0.04945
  -0.07432
  -0.02564
   0.04842
   0.07456
   0.02691
  -0.04737
  -0.07477
  -0.02818
   0.04630
   0.07496
   0.02943
  -0.04522
  -0.07512
  -0.03068
   0.04413
   0.07526
   0.03191
  -0.04302
  -0.07538
  -0.03314
   0.04189
   0.07547
   0.03435
  -0.04076
  -0.07553
  -0.03556
   0.03961
   0.07557
   0.03675
  -0.03845
  -0.07559
  -0.03793
   0.03727
   0.07559
   0.03910
  -0.03609
  -0.07555
  -0.04025
   0.03489
   0.07550
   0.04139
  -0.03368
  -0.07542
  -0.04252
   0.03246
   0.07531
   0.04364
  -0.03123
  -0.07519
  -0.04474
   0.02999
   0.07503
   0.04582
  -0.02874
  -0.07486
  -0.04690
   0.02748
   0.07466
   0.04795
  -0.02621
  -0.07443
  -0.04899
   0.02493
   0.07418
   0.05002
  -0.02365
  -0.07391
  -0.05103
   0.02235
   0.07361
   0.05202
  -0.02105
  -0.07329
  -0.05300
   0.01975
   0.07295
   0.05396
  -0.01843
  -0.07258
  -0.05490
   0.01711
   0.07219
   0.05582
  -0.01579
  -0.07178
  -0.05673
   0.01446
   0.07134
   0.05762
  -0.01313
  -0.07088
  -0.05849
   0.01179
   0.07039
   0.05934
  -0.01045
  -0.06989
  -0.06017
   0.00910
   0.06936
   0.06098
  -0.00775
  -0.06881
  -0.06177
   0.00640
   0.06824
   0.06254
  -0.00505
  -0.06764
  -0.06330
   0.00369
   0.06703
   0.06403
  -0.00234
  -0.06639
  -0.06474
   0.00098
   0.06573
   0.06543
   0.00038
  -0.06505
  -0.06610
  -0.00173
   0.06434
   0.06674
   0.00309
  -0.06362
  -0.06737
  -0.00445
   0.06288
   0.06798
   0.00580
  -0.06212
  -0.06856
  -0.00715
   0.06133
   0.06912
   0.00850
  -0.06053
  -0.06966
  -0.00985
   0.05971
   0.07017
   0.01119
  -0.05886
  -0.07067
  -0.01253
   0.05800
   0.07114
   0.01387
  -0.05712
  -0.07158
  -0.01520
   0.05623
   0.07201
   0.01653
  -0.05531
  -0.07241
  -0.01785
   0.05438
   0.07279
   0.01916
  -0.05343
  -0.07314
  -0.02047
   0.05246
   0.07347
   0.02178
  -0.05147
  -0.07378
  -0.02307
   0.05047
   0.07406
   0.02436
  -0.04945
  -0.07432
