   0.00136
   0.00271
   0.00407
   0.00542
   0.00678
   0.00813
   0.00947
   0.01082
   0.01216
   0.01350
   0.01483
   0.01616
   0.01748
   0.01880
   0.02011
   0.02142
   0.02271
   0.02400
   0.02529
   0.02656
   0.02783
   0.02908
   0.03033
   0.03157
   0.03280
   0.03402
   0.03522
   0.03642
   0.03760
   0.03877
   0.03993
   0.04108
   0.04221
   0.04333
   0.04443
   0.04552
   0.04660
   0.04766
   0.04871
   0.04974
   0.05075
   0.05175
   0.05273
   0.05369
   0.05464
   0.05557
   0.05648
   0.05737
   0.05825
   0.05910
   0.05994
   0.06075
   0.06155
   0.06233
   0.06309
   0.06383
   0.06454
   0.06524
   0.06591
   0.06657
   0.06720
   0.06781
   0.06840
   0.06897
   0.06951
   0.07003
   0.07053
   0.07101
   0.07146
   0.07189
   0.07230
   0.07269
   0.07305
   0.07338
   0.07370
   0.07399
   0.07425
   0.07450
   0.07471
   0.07491
   0.07508
   0.07522
   0.07535
   0.07544
   0.07552
   0.07557
   0.07559
   0.07559
   0.07557
   0.07552
   0.07544
   0.07535
   0.07522
   0.07508
   0.07491
   0.07471
   0.07450
   0.07425
   0.07399
   0.07370
   0.07338
   0.07305
   0.07269
   0.07230
   0.07189
   0.07146
   0.07101
   0.07053
   0.07003
   0.06951
   0.06897
   0.06840
   0.06781
   0.06720
   0.06657
   0.06591
   0.06524
   0.06454
   0.06383
   0.06309
   0.06233
   0.06155
   0.06075
   0.05994
   0.05910
   0.05825
   0.05737
   0.05648
   0.05557
   0.05464
   0.05369
   0.05273
   0.05175
   0.05075
   0.04974
   0.04871
   0.04766
   0.04660
   0.04552
   0.04443
   0.04333
   0.04221
   0.04108
   0.03993
   0.03877
   0.03760
   0.03642
   0.03522
   0.03402
   0.03280
   0.03157
   0.03033
   0.02908
   0.02783
   0.02656
   0.02529
   0.02400
   0.02271
   0.02142
   0.02011
   0.01880
   0.01748
   0.01616
   0.01483
   0.01350
   0.01216
   0.01082
   0.00947
   0.00813
   0.00678
   0.00542
   0.00407
   0.00271
   0.00136
  -0.00000
  -0.00136
  -0.00271
  -0.00407
  -0.00542
  -0.00678
  -0.00813
  -0.00947
  -0.01082
  -0.01216
  -0.01350
  -0.01483
  -0.01616
  -0.01748
  -0.01880
  -0.02011
  -0.02142
  -0.02271
  -0.02400
  -0.02529
  -0.02656
  -0.02783
  -0.02908
  -0.03033
  -0.03157
  -0.03280
  -0.03402
  -0.03522
  -0.03642
  -0.03760
  -0.03877
  -0.03993
  -0.04108
  -0.04221
  -0.04333
  -0.04443
  -0.04552
  -0.04660
  -0.04766
  -0.04871
  -0.04974
  -0.05075
  -0.05175
  -0.05273
  -0.05369
  -0.05464
  -0.05557
  -0.05648
  -0.05737
  -0.05825
  -0.05910
  -0.05994
  -0.06075
  -0.06155
  -0.06233
  -0.06309
  -0.06383
  -0.06454
  -0.06524
  -0.06591
  -0.06657
  -0.06720
  -0.06781
  -0.06840
  -0.06897
  -0.06951
  -0.07003
  -0.07053
  -0.07101
  -0.07146
  -0.07189
  -0.07230
  -0.07269
  -0.07305
  -0.07338
  -0.07370
  -0.07399
  -0.07425
  -0.07450
  -0.07471
  -0.07491
  -0.07508
  -0.07522
  -0.07535
  -0.07544
  -0.07552
  -0.07557
  -0.07559
  -0.07559
  -0.07557
  -0.07552
  -0.07544
  -0.07535
  -0.07522
  -0.07508
  -0.07491
  -0.07471
  -0.07450
  -0.07425
  -0.07399
  -0.07370
  -0.07338
  -0.07305
  -0.07269
  -0.07230
  -0.07189
  -0.07146
  -0.07101
  -0.07053
  -0.07003
  -0.06951
  -0.06897
  -0.06840
  -0.06781
  -0.06720
  -0.06657
  -0.06591
  -0.06524
  -0.06454
  -0.06383
  -0.06309
  -0.06233
  -0.06155
  -0.06075
  -0.05994
  -0.05910
  -0.05825
  -0.05737
  -0.05648
  -0.05557
  -0.05464
  -0.05369
  -0.05273
  -0.05175
  -0.05075
  -0.04974
  -0.04871
  -0.04766
  -0.04660
  -0.04552
  -0.04443
  -0.04333
  -0.04221
  -0.04108
  -0.03993
  -0.03877
  -0.03760
  -0.03642
  -0.03522
  -0.03402
  -0.03280
  -0.03157
  -0.03033
  -0.02908
  -0.02783
  -0.02656
  -0.02529
  -0.02400
  -0.02271
  -0.02142
  -0.02011
  -0.01880
  -0.01748
  -0.01616
  -0.01483
  -0.01350
  -0.01216
  -0.01082
  -0.00947
  -0.00813
  -0.00678
  -0.00542
  -0.00407
  -0.00271
  -0.00136
  -0.00000
