   0.05141
  -0.00182
  -0.05401
  -0.07559
  -0.05432
  -0.00225
   0.05109
   0.07547
   0.05707
   0.00632
  -0.04802
  -0.07513
  -0.05966
  -0.01036
   0.04480
   0.07457
   0.06207
   0.01438
  -0.04146
  -0.07380
  -0.06430
  -0.01835
   0.03800
   0.07281
   0.06635
   0.02227
  -0.03443
  -0.07161
  -0.06820
  -0.02613
   0.03075
   0.07020
   0.06986
   0.02991
  -0.02699
  -0.06859
  -0.07131
  -0.03360
   0.02315
   0.06678
   0.07256
   0.03720
  -0.01924
  -0.06478
  -0.07359
  -0.04069
   0.01528
   0.06259
   0.07442
   0.04406
  -0.01127
  -0.06022
  -0.07502
  -0.04730
   0.00723
   0.05767
   0.07541
   0.05041
  -0.00317
  -0.05495
  -0.07558
  -0.05337
  -0.00090
   0.05208
   0.07554
   0.05617
   0.00497
  -0.04906
  -0.07527
  -0.05881
  -0.00902
   0.04589
   0.07478
   0.06128
   0.01305
  -0.04259
  -0.07408
  -0.06358
  -0.01703
   0.03917
   0.07316
   0.06569
   0.02097
  -0.03563
  -0.07203
  -0.06761
  -0.02485
   0.03199
   0.07070
   0.06933
   0.02866
  -0.02825
  -0.06915
  -0.07085
  -0.03238
   0.02444
   0.06741
   0.07217
   0.03601
  -0.02055
  -0.06547
  -0.07327
  -0.03954
   0.01661
   0.06334
   0.07417
   0.04295
  -0.01261
  -0.06103
  -0.07485
  -0.04624
   0.00858
   0.05854
   0.07531
   0.04939
  -0.00453
  -0.05588
  -0.07555
  -0.05240
   0.00046
   0.05306
   0.07558
   0.05525
   0.00361
  -0.05008
  -0.07538
  -0.05795
  -0.00767
   0.04696
   0.07497
   0.06048
   0.01171
  -0.04370
  -0.07434
  -0.06283
  -0.01571
   0.04032
   0.07349
   0.06500
   0.01967
  -0.03682
  -0.07243
  -0.06699
  -0.02357
   0.03321
   0.07116
   0.06878
   0.02740
  -0.02951
  -0.06969
  -0.07036
  -0.03115
   0.02572
   0.06801
   0.07175
   0.03481
  -0.02186
  -0.06614
  -0.07293
  -0.03838
   0.01793
   0.06407
   0.07389
   0.04183
  -0.01395
  -0.06182
  -0.07464
  -0.04516
   0.00993
   0.05939
   0.07518
   0.04835
  -0.00588
  -0.05678
  -0.07549
  -0.05141
   0.00182
   0.05401
   0.07559
   0.05432
   0.00225
  -0.05109
  -0.07547
  -0.05707
  -0.00632
   0.04802
   0.07513
   0.05966
   0.01036
  -0.04480
  -0.07457
  -0.06207
  -0.01438
   0.04146
   0.07380
   0.06430
   0.01835
  -0.03800
  -0.07281
  -0.06635
  -0.02227
   0.03443
   0.07161
   0.06820
   0.02613
  -0.03075
  -0.07020
  -0.06986
  -0.02991
   0.02699
   0.06859
   0.07131
   0.03360
  -0.02315
  -0.06678
  -0.07256
  -0.03720
   0.01924
   0.06478
   0.07359
   0.04069
  -0.01528
  -0.06259
  -0.07442
  -0.04406
   0.01127
   0.06022
   0.07502
   0.04730
  -0.00723
  -0.05767
  -0.07541
  -0.05041
   0.00317
   0.05495
   0.07558
   0.05337
   0.00090
  -0.05208
  -0.07554
  -0.05617
  -0.00497
   0.04906
   0.07527
   0.05881
   0.00902
  -0.04589
  -0.07478
  -0.06128
  -0.01305
   0.04259
   0.07408
   0.06358
   0.01703
  -0.03917
  -0.07316
  -0.06569
  -0.02097
   0.03563
   0.07203
   0.06761
   0.02485
  -0.03199
  -0.07070
  -0.06933
  -0.02866
   0.02825
   0.06915
   0.07085
   0.03238
  -0.02444
  -0.06741
  -0.07217
  -0.03601
   0.02055
   0.06547
   0.07327
   0.03954
  -0.01661
  -0.06334
  -0.07417
  -0.04295
   0.01261
   0.06103
   0.07485
   0.04624
  -0.00858
  -0.05854
  -0.07531
  -0.04939
   0.00453
   0.05588
   0.07555
   0.05240
  -0.00046
  -0.05306
  -0.07558
  -0.05525
  -0.00361
   0.05008
   0.07538
   0.05795
   0.00767
  -0.04696
  -0.07497
  -0.06048
  -0.01171
   0.04370
   0.07434
   0.06283
   0.01571
  -0.04032
  -0.07349
  -0.06500
  -0.01967
   0.03682
   0.07243
   0.06699
   0.02357
  -0.03321
  -0.07116
  -0.06878
  -0.02740
   0.02951
   0.06969
   0.07036
   0.03115
  -0.02572
  -0.06801
  -0.07175
  -0.03481
   0.02186
   0.06614
   0.07293
   0.03838
  -0.01793
  -0.06407
  -0.07389
  -0.04183
   0.01395
   0.06182
   0.07464
   0.04516
  -0.00993
  -0.05939
  -0.07518
  -0.04835
   0.00588
   0.05678
   0.07549
