  -0.07440
  -0.07081
  -0.06495
  -0.05700
  -0.04722
  -0.03592
  -0.02347
  -0.01026
   0.00328
   0.01671
   0.02960
   0.04155
   0.05216
   0.06109
   0.06806
   0.07284
   0.07528
   0.07530
   0.07290
   0.06816
   0.06122
   0.05232
   0.04174
   0.02982
   0.01693
   0.00351
  -0.01003
  -0.02325
  -0.03572
  -0.04704
  -0.05685
  -0.06483
  -0.07073
  -0.07436
  -0.07559
  -0.07440
  -0.07081
  -0.06495
  -0.05700
  -0.04722
  -0.03592
  -0.02347
  -0.01026
   0.00328
   0.01671
   0.02960
   0.04155
   0.05216
   0.06109
   0.06806
   0.07284
   0.07528
   0.07530
   0.07290
   0.06816
   0.06122
   0.05232
   0.04174
   0.02982
   0.01693
   0.00351
  -0.01003
  -0.02325
  -0.03572
  -0.04704
  -0.05685
  -0.06483
  -0.07073
  -0.07436
  -0.07559
  -0.07440
  -0.07081
  -0.06495
  -0.05700
  -0.04722
  -0.03592
  -0.02347
  -0.01026
   0.00328
   0.01671
   0.02960
   0.04155
   0.05216
   0.06109
   0.06806
   0.07284
   0.07528
   0.07530
   0.07290
   0.06816
   0.06122
   0.05232
   0.04174
   0.02982
   0.01693
   0.00351
  -0.01003
  -0.02325
  -0.03572
  -0.04704
  -0.05685
  -0.06483
  -0.07073
  -0.07436
  -0.07559
  -0.07440
  -0.07081
  -0.06495
  -0.05700
  -0.04722
  -0.03592
  -0.02347
  -0.01026
   0.00328
   0.01671
   0.02960
   0.04155
   0.05216
   0.06109
   0.06806
   0.07284
   0.07528
   0.07530
   0.07290
   0.06816
   0.06122
   0.05232
   0.04174
   0.02982
   0.01693
   0.00351
  -0.01003
  -0.02325
  -0.03572
  -0.04704
  -0.05685
  -0.06483
  -0.07073
  -0.07436
  -0.07559
  -0.07440
  -0.07081
  -0.06495
  -0.05700
  -0.04722
  -0.03592
  -0.02347
  -0.01026
   0.00328
   0.01671
   0.02960
   0.04155
   0.05216
   0.06109
   0.06806
   0.07284
   0.07528
   0.07530
   0.07290
   0.06816
   0.06122
   0.05232
   0.04174
   0.02982
   0.01693
   0.00351
  -0.01003
  -0.02325
  -0.03572
  -0.04704
  -0.05685
  -0.06483
  -0.07073
  -0.07436
  -0.07559
  -0.07440
  -0.07081
  -0.06495
  -0.05700
  -0.04722
  -0.03592
  -0.02347
  -0.01026
   0.00328
   0.01671
   0.02960
   0.04155
   0.05216
   0.06109
   0.06806
   0.07284
   0.07528
   0.07530
   0.07290
   0.06816
   0.06122
   0.05232
   0.04174
   0.02982
   0.01693
   0.00351
  -0.01003
  -0.02325
  -0.03572
  -0.04704
  -0.05685
  -0.06483
  -0.07073
  -0.07436
  -0.07559
  -0.07440
  -0.07081
  -0.06495
  -0.05700
  -0.04722
  -0.03592
  -0.02347
  -0.01026
   0.00328
   0.01671
   0.02960
   0.04155
   0.05216
   0.06109
   0.06806
   0.07284
   0.07528
   0.07530
   0.07290
   0.06816
   0.06122
   0.05232
   0.04174
   0.02982
   0.01693
   0.00351
  -0.01003
  -0.02325
  -0.03572
  -0.04704
  -0.05685
  -0.06483
  -0.07073
  -0.07436
  -0.07559
  -0.07440
  -0.07081
  -0.06495
  -0.05700
  -0.04722
  -0.03592
  -0.02347
  -0.01026
   0.00328
   0.01671
   0.02960
   0.04155
   0.05216
   0.06109
   0.06806
   0.07284
   0.07528
   0.07530
   0.07290
   0.06816
   0.06122
   0.05232
   0.04174
   0.02982
   0.01693
   0.00351
  -0.01003
  -0.02325
  -0.03572
  -0.04704
  -0.05685
  -0.06483
  -0.07073
  -0.07436
  -0.07559
  -0.07440
  -0.07081
  -0.06495
  -0.05700
  -0.04722
  -0.03592
  -0.02347
  -0.01026
   0.00328
   0.01671
   0.02960
   0.04155
   0.05216
   0.06109
   0.06806
   0.07284
   0.07528
   0.07530
   0.07290
   0.06816
   0.06122
   0.05232
   0.04174
   0.02982
   0.01693
   0.00351
  -0.01003
  -0.02325
  -0.03572
  -0.04704
  -0.05685
  -0.06483
  -0.07073
  -0.07436
  -0.07559
  -0.07440
  -0.07081
  -0.06495
  -0.05700
  -0.04722
  -0.03592
  -0.02347
  -0.01026
   0.00328
   0.01671
   0.02960
   0.04155
   0.05216
   0.06109
   0.06806
   0.07284
   0.07528
   0.07530
   0.07290
   0.06816
   0.06122
   0.05232
   0.04174
   0.02982
   0.01693
   0.00351
  -0.01003
  -0.02325
  -0.03572
  -0.04704
  -0.05685
  -0.06483
  -0.07073
  -0.07436
  -0.07559
