  -0.07316
   0.06858
  -0.06181
   0.05304
  -0.04257
   0.03073
  -0.01791
   0.00451
   0.00904
  -0.02229
   0.03483
  -0.04625
   0.05619
  -0.06431
   0.07037
  -0.07417
   0.07558
  -0.07457
   0.07116
  -0.06546
   0.05766
  -0.04800
   0.03680
  -0.02442
   0.01125
   0.00227
  -0.01573
   0.02868
  -0.04071
   0.05143
  -0.06049
   0.06761
  -0.07256
   0.07518
  -0.07538
   0.07316
  -0.06858
   0.06181
  -0.05304
   0.04257
  -0.03073
   0.01791
  -0.00451
  -0.00904
   0.02229
  -0.03483
   0.04625
  -0.05619
   0.06431
  -0.07037
   0.07417
  -0.07558
   0.07457
  -0.07116
   0.06546
  -0.05766
   0.04800
  -0.03680
   0.02442
  -0.01125
  -0.00227
   0.01573
  -0.02868
   0.04071
  -0.05143
   0.06049
  -0.06761
   0.07256
  -0.07518
   0.07538
  -0.07316
   0.06858
  -0.06181
   0.05304
  -0.04257
   0.03073
  -0.01791
   0.00451
   0.00904
  -0.02229
   0.03483
  -0.04625
   0.05619
  -0.06431
   0.07037
  -0.07417
   0.07558
  -0.07457
   0.07116
  -0.06546
   0.05766
  -0.04800
   0.03680
  -0.02442
   0.01125
   0.00227
  -0.01573
   0.02868
  -0.04071
   0.05143
  -0.06049
   0.06761
  -0.07256
   0.07518
  -0.07538
   0.07316
  -0.06858
   0.06181
  -0.05304
   0.04257
  -0.03073
   0.01791
  -0.00451
  -0.00904
   0.02229
  -0.03483
   0.04625
  -0.05619
   0.06431
  -0.07037
   0.07417
  -0.07558
   0.07457
  -0.07116
   0.06546
  -0.05766
   0.04800
  -0.03680
   0.02442
  -0.01125
  -0.00227
   0.01573
  -0.02868
   0.04071
  -0.05143
   0.06049
  -0.06761
   0.07256
  -0.07518
   0.07538
  -0.07316
   0.06858
  -0.06181
   0.05304
  -0.04257
   0.03073
  -0.01791
   0.00451
   0.00904
  -0.02229
   0.03483
  -0.04625
   0.05619
  -0.06431
   0.07037
  -0.07417
   0.07558
  -0.07457
   0.07116
  -0.06546
   0.05766
  -0.04800
   0.03680
  -0.02442
   0.01125
   0.00227
  -0.01573
   0.02868
  -0.04071
   0.05143
  -0.06049
   0.06761
  -0.07256
   0.07518
  -0.07538
   0.07316
  -0.06858
   0.06181
  -0.05304
   0.04257
  -0.03073
   0.01791
  -0.00451
  -0.00904
   0.02229
  -0.03483
   0.04625
  -0.05619
   0.06431
  -0.07037
   0.07417
  -0.07558
   0.07457
  -0.07116
   0.06546
  -0.05766
   0.04800
  -0.03680
   0.02442
  -0.01125
  -0.00227
   0.01573
  -0.02868
   0.04071
  -0.05143
   0.06049
  -0.06761
   0.07256
  -0.07518
   0.07538
  -0.07316
   0.06858
  -0.06181
   0.05304
  -0.04257
   0.03073
  -0.01791
   0.00451
   0.00904
  -0.02229
   0.03483
  -0.04625
   0.05619
  -0.06431
   0.07037
  -0.07417
   0.07558
  -0.07457
   0.07116
  -0.06546
   0.05766
  -0.04800
   0.03680
  -0.02442
   0.01125
   0.00227
  -0.01573
   0.02868
  -0.04071
   0.05143
  -0.06049
   0.06761
  -0.07256
   0.07518
  -0.07538
   0.07316
  -0.06858
   0.06181
  -0.05304
   0.04257
  -0.03073
   0.01791
  -0.00451
  -0.00904
   0.02229
  -0.03483
   0.04625
  -0.05619
   0.06431
  -0.07037
   0.07417
  -0.07558
   0.07457
  -0.07116
   0.06546
  -0.05766
   0.04800
  -0.03680
   0.02442
  -0.01125
  -0.00227
   0.01573
  -0.02868
   0.04071
  -0.05143
   0.06049
  -0.06761
   0.07256
  -0.07518
   0.07538
  -0.07316
   0.06858
  -0.06181
   0.05304
  -0.04257
   0.03073
  -0.01791
   0.00451
   0.00904
  -0.02229
   0.03483
  -0.04625
   0.05619
  -0.06431
   0.07037
  -0.07417
   0.07558
  -0.07457
   0.07116
  -0.06546
   0.05766
  -0.04800
   0.03680
  -0.02442
   0.01125
   0.00227
  -0.01573
   0.02868
  -0.04071
   0.05143
  -0.06049
   0.06761
  -0.07256
   0.07518
  -0.07538
   0.07316
  -0.06858
   0.06181
  -0.05304
   0.04257
  -0.03073
   0.01791
  -0.00451
  -0.00904
   0.02229
  -0.03483
   0.04625
  -0.05619
   0.06431
  -0.07037
   0.07417
  -0.07558
   0.07457
  -0.07116
   0.06546
  -0.05766
   0.04800
  -0.03680
   0.02442
  -0.01125
  -0.00227
   0.01573
  -0.02868
   0.04071
  -0.05143
   0.06049
  -0.06761
   0.07256
  -0.07518
   0.07538
