   0.01774
  -0.03546
   0.05095
  -0.06324
   0.07155
  -0.07537
   0.07445
  -0.06885
   0.05893
  -0.04531
   0.02884
  -0.01055
  -0.00839
   0.02681
  -0.04355
   0.05755
  -0.06793
   0.07404
  -0.07550
   0.07222
  -0.06440
   0.05253
  -0.03737
   0.01985
  -0.00109
  -0.01774
   0.03546
  -0.05095
   0.06324
  -0.07155
   0.07537
  -0.07445
   0.06885
  -0.05893
   0.04531
  -0.02884
   0.01055
   0.00839
  -0.02681
   0.04355
  -0.05755
   0.06793
  -0.07404
   0.07550
  -0.07222
   0.06440
  -0.05253
   0.03737
  -0.01985
   0.00109
   0.01774
  -0.03546
   0.05095
  -0.06324
   0.07155
  -0.07537
   0.07445
  -0.06885
   0.05893
  -0.04531
   0.02884
  -0.01055
  -0.00839
   0.02681
  -0.04355
   0.05755
  -0.06793
   0.07404
  -0.07550
   0.07222
  -0.06440
   0.05253
  -0.03737
   0.01985
  -0.00109
  -0.01774
   0.03546
  -0.05095
   0.06324
  -0.07155
   0.07537
  -0.07445
   0.06885
  -0.05893
   0.04531
  -0.02884
   0.01055
   0.00839
  -0.02681
   0.04355
  -0.05755
   0.06793
  -0.07404
   0.07550
  -0.07222
   0.06440
  -0.05253
   0.03737
  -0.01985
   0.00109
   0.01774
  -0.03546
   0.05095
  -0.06324
   0.07155
  -0.07537
   0.07445
  -0.06885
   0.05893
  -0.04531
   0.02884
  -0.01055
  -0.00839
   0.02681
  -0.04355
   0.05755
  -0.06793
   0.07404
  -0.07550
   0.07222
  -0.06440
   0.05253
  -0.03737
   0.01985
  -0.00109
  -0.01774
   0.03546
  -0.05095
   0.06324
  -0.07155
   0.07537
  -0.07445
   0.06885
  -0.05893
   0.04531
  -0.02884
   0.01055
   0.00839
  -0.02681
   0.04355
  -0.05755
   0.06793
  -0.07404
   0.07550
  -0.07222
   0.06440
  -0.05253
   0.03737
  -0.01985
   0.00109
   0.01774
  -0.03546
   0.05095
  -0.06324
   0.07155
  -0.07537
   0.07445
  -0.06885
   0.05893
  -0.04531
   0.02884
  -0.01055
  -0.00839
   0.02681
  -0.04355
   0.05755
  -0.06793
   0.07404
  -0.07550
   0.07222
  -0.06440
   0.05253
  -0.03737
   0.01985
  -0.00109
  -0.01774
   0.03546
  -0.05095
   0.06324
  -0.07155
   0.07537
  -0.07445
   0.06885
  -0.05893
   0.04531
  -0.02884
   0.01055
   0.00839
  -0.02681
   0.04355
  -0.05755
   0.06793
  -0.07404
   0.07550
  -0.07222
   0.06440
  -0.05253
   0.03737
  -0.01985
   0.00109
   0.01774
  -0.03546
   0.05095
  -0.06324
   0.07155
  -0.07537
   0.07445
  -0.06885
   0.05893
  -0.04531
   0.02884
  -0.01055
  -0.00839
   0.02681
  -0.04355
   0.05755
  -0.06793
   0.07404
  -0.07550
   0.07222
  -0.06440
   0.05253
  -0.03737
   0.01985
  -0.00109
  -0.01774
   0.03546
  -0.05095
   0.06324
  -0.07155
   0.07537
  -0.07445
   0.06885
  -0.05893
   0.04531
  -0.02884
   0.01055
   0.00839
  -0.02681
   0.04355
  -0.05755
   0.06793
  -0.07404
   0.07550
  -0.07222
   0.06440
  -0.05253
   0.03737
  -0.01985
   0.00109
   0.01774
  -0.03546
   0.05095
  -0.06324
   0.07155
  -0.07537
   0.07445
  -0.06885
   0.05893
  -0.04531
   0.02884
  -0.01055
  -0.00839
   0.02681
  -0.04355
   0.05755
  -0.06793
   0.07404
  -0.07550
   0.07222
  -0.06440
   0.05253
  -0.03737
   0.01985
  -0.00109
  -0.01774
   0.03546
  -0.05095
   0.06324
  -0.07155
   0.07537
  -0.07445
   0.06885
  -0.05893
   0.04531
  -0.02884
   0.01055
   0.00839
  -0.02681
   0.04355
  -0.05755
   0.06793
  -0.07404
   0.07550
  -0.07222
   0.06440
  -0.05253
   0.03737
  -0.01985
   0.00109
   0.01774
  -0.03546
   0.05095
  -0.06324
   0.07155
  -0.07537
   0.07445
  -0.06885
   0.05893
  -0.04531
   0.02884
  -0.01055
  -0.00839
   0.02681
  -0.04355
   0.05755
  -0.06793
   0.07404
  -0.07550
   0.07222
  -0.06440
   0.05253
  -0.03737
   0.01985
  -0.00109
  -0.01774
   0.03546
  -0.05095
   0.06324
  -0.07155
   0.07537
  -0.07445
   0.06885
  -0.05893
   0.04531
  -0.02884
   0.01055
   0.00839
  -0.02681
   0.04355
  -0.05755
   0.06793
  -0.07404
   0.07550
  -0.07222
   0.06440
  -0.05253
   0.03737
  -0.01985
   0.00109
