   0.01022
   0.01953
   0.02853
   0.03708
   0.04504
   0.05229
   0.05872
   0.06423
   0.06872
   0.07212
   0.07439
   0.07549
   0.07539
   0.07411
   0.07166
   0.06807
   0.06342
   0.05776
   0.05119
   0.04382
   0.03575
   0.02712
   0.01807
   0.00872
  -0.00075
  -0.01022
  -0.01953
  -0.02853
  -0.03708
  -0.04504
  -0.05229
  -0.05872
  -0.06423
  -0.06872
  -0.07212
  -0.07439
  -0.07549
  -0.07539
  -0.07411
  -0.07166
  -0.06807
  -0.06342
  -0.05776
  -0.05119
  -0.04382
  -0.03575
  -0.02712
  -0.01807
  -0.00872
   0.00075
   0.01022
   0.01953
   0.02853
   0.03708
   0.04504
   0.05229
   0.05872
   0.06423
   0.06872
   0.07212
   0.07439
   0.07549
   0.07539
   0.07411
   0.07166
   0.06807
   0.06342
   0.05776
   0.05119
   0.04382
   0.03575
   0.02712
   0.01807
   0.00872
  -0.00075
  -0.01022
  -0.01953
  -0.02853
  -0.03708
  -0.04504
  -0.05229
  -0.05872
  -0.06423
  -0.06872
  -0.07212
  -0.07439
  -0.07549
  -0.07539
  -0.07411
  -0.07166
  -0.06807
  -0.06342
  -0.05776
  -0.05119
  -0.04382
  -0.03575
  -0.02712
  -0.01807
  -0.00872
   0.00075
   0.01022
   0.01953
   0.02853
   0.03708
   0.04504
   0.05229
   0.05872
   0.06423
   0.06872
   0.07212
   0.07439
   0.07549
   0.07539
   0.07411
   0.07166
   0.06807
   0.06342
   0.05776
   0.05119
   0.04382
   0.03575
   0.02712
   0.01807
   0.00872
  -0.00075
  -0.01022
  -0.01953
  -0.02853
  -0.03708
  -0.04504
  -0.05229
  -0.05872
  -0.06423
  -0.06872
  -0.07212
  -0.07439
  -0.07549
  -0.07539
  -0.07411
  -0.07166
  -0.06807
  -0.06342
  -0.05776
  -0.05119
  -0.04382
  -0.03575
  -0.02712
  -0.01807
  -0.00872
   0.00075
   0.01022
   0.01953
   0.02853
   0.03708
   0.04504
   0.05229
   0.05872
   0.06423
   0.06872
   0.07212
   0.07439
   0.07549
   0.07539
   0.07411
   0.07166
   0.06807
   0.06342
   0.05776
   0.05119
   0.04382
   0.03575
   0.02712
   0.01807
   0.00872
  -0.00075
  -0.01022
  -0.01953
  -0.02853
  -0.03708
  -0.04504
  -0.05229
  -0.05872
  -0.06423
  -0.06872
  -0.07212
  -0.07439
  -0.07549
  -0.07539
  -0.07411
  -0.07166
  -0.06807
  -0.06342
  -0.05776
  -0.05119
  -0.04382
  -0.03575
  -0.02712
  -0.01807
  -0.00872
   0.00075
   0.01022
   0.01953
   0.02853
   0.03708
   0.04504
   0.05229
   0.05872
   0.06423
   0.06872
   0.07212
   0.07439
   0.07549
   0.07539
   0.07411
   0.07166
   0.06807
   0.06342
   0.05776
   0.05119
   0.04382
   0.03575
   0.02712
   0.01807
   0.00872
  -0.00075
  -0.01022
  -0.01953
  -0.02853
  -0.03708
  -0.04504
  -0.05229
  -0.05872
  -0.06423
  -0.06872
  -0.07212
  -0.07439
  -0.07549
  -0.07539
  -0.07411
  -0.07166
  -0.06807
  -0.06342
  -0.05776
  -0.05119
  -0.04382
  -0.03575
  -0.02712
  -0.01807
  -0.00872
   0.00075
   0.01022
   0.01953
   0.02853
   0.03708
   0.04504
   0.05229
   0.05872
   0.06423
   0.06872
   0.07212
   0.07439
   0.07549
   0.07539
   0.07411
   0.07166
   0.06807
   0.06342
   0.05776
   0.05119
   0.04382
   0.03575
   0.02712
   0.01807
   0.00872
  -0.00075
  -0.01022
  -0.01953
  -0.02853
  -0.03708
  -0.04504
  -0.05229
  -0.05872
  -0.06423
  -0.06872
  -0.07212
  -0.07439
  -0.07549
  -0.07539
  -0.07411
  -0.07166
  -0.06807
  -0.06342
  -0.05776
  -0.05119
  -0.04382
  -0.03575
  -0.02712
  -0.01807
  -0.00872
   0.00075
   0.01022
   0.01953
   0.02853
   0.03708
   0.04504
   0.05229
   0.05872
   0.06423
   0.06872
   0.07212
   0.07439
   0.07549
   0.07539
   0.07411
   0.07166
   0.06807
   0.06342
   0.05776
   0.05119
   0.04382
   0.03575
   0.02712
   0.01807
   0.00872
  -0.00075
  -0.01022
  -0.01953
  -0.02853
  -0.03708
  -0.04504
  -0.05229
  -0.05872
  -0.06423
  -0.06872
  -0.07212
  -0.07439
  -0.07549
  -0.07539
  -0.07411
  -0.07166
  -0.06807
  -0.06342
  -0.05776
  -0.05119
  -0.04382
  -0.03575
  -0.02712
  -0.01807
  -0.00872
   0.00075
