   0.06804
   0.06204
  -0.00729
  -0.06918
  -0.06044
   0.00999
   0.07023
   0.05878
  -0.01267
  -0.07118
  -0.05703
   0.01534
   0.07205
   0.05521
  -0.01799
  -0.07283
  -0.05333
   0.02061
   0.07351
   0.05137
  -0.02321
  -0.07409
  -0.04934
   0.02577
   0.07458
   0.04726
  -0.02831
  -0.07498
  -0.04511
   0.03081
   0.07527
   0.04290
  -0.03326
  -0.07547
  -0.04064
   0.03568
   0.07558
   0.03833
  -0.03805
  -0.07558
  -0.03596
   0.04037
   0.07549
   0.03355
  -0.04264
  -0.07530
  -0.03110
   0.04485
   0.07502
   0.02861
  -0.04701
  -0.07463
  -0.02608
   0.04910
   0.07416
   0.02351
  -0.05113
  -0.07358
  -0.02092
   0.05310
   0.07291
   0.01830
  -0.05500
  -0.07215
  -0.01565
   0.05682
   0.07129
   0.01299
  -0.05857
  -0.07034
  -0.01031
   0.06025
   0.06930
   0.00761
  -0.06185
  -0.06818
  -0.00491
   0.06337
   0.06696
   0.00220
  -0.06481
  -0.06566
   0.00052
   0.06617
   0.06427
  -0.00323
  -0.06743
  -0.06280
   0.00594
   0.06862
   0.06125
  -0.00864
  -0.06971
  -0.05962
   0.01133
   0.07072
   0.05791
  -0.01401
  -0.07163
  -0.05613
   0.01666
   0.07245
   0.05428
  -0.01930
  -0.07318
  -0.05235
   0.02191
   0.07381
   0.05036
  -0.02449
  -0.07435
  -0.04831
   0.02705
   0.07479
   0.04619
  -0.02956
  -0.07514
  -0.04401
   0.03204
   0.07539
   0.04178
  -0.03448
  -0.07554
  -0.03949
   0.03687
   0.07559
   0.03715
  -0.03922
  -0.07555
  -0.03476
   0.04151
   0.07541
   0.03233
  -0.04375
  -0.07517
  -0.02986
   0.04594
   0.07484
   0.02734
  -0.04806
  -0.07441
  -0.02480
   0.05012
   0.07388
   0.02222
  -0.05212
  -0.07326
  -0.01961
   0.05406
   0.07254
   0.01698
  -0.05592
  -0.07173
  -0.01432
   0.05771
   0.07083
   0.01165
  -0.05942
  -0.06984
  -0.00896
   0.06106
   0.06875
   0.00626
  -0.06262
  -0.06758
  -0.00355
   0.06410
   0.06632
   0.00084
  -0.06550
  -0.06497
   0.00188
   0.06681
   0.06355
  -0.00459
  -0.06804
  -0.06204
   0.00729
   0.06918
   0.06044
  -0.00999
  -0.07023
  -0.05878
   0.01267
   0.07118
   0.05703
  -0.01534
  -0.07205
  -0.05521
   0.01799
   0.07283
   0.05333
  -0.02061
  -0.07351
  -0.05137
   0.02321
   0.07409
   0.04934
  -0.02577
  -0.07458
  -0.04726
   0.02831
   0.07498
   0.04511
  -0.03081
  -0.07527
  -0.04290
   0.03326
   0.07547
   0.04064
  -0.03568
  -0.07558
  -0.03833
   0.03805
   0.07558
   0.03596
  -0.04037
  -0.07549
  -0.03355
   0.04264
   0.07530
   0.03110
  -0.04485
  -0.07502
  -0.02861
   0.04701
   0.07463
   0.02608
  -0.04910
  -0.07416
  -0.02351
   0.05113
   0.07358
   0.02092
  -0.05310
  -0.07291
  -0.01830
   0.05500
   0.07215
   0.01565
  -0.05682
  -0.07129
  -0.01299
   0.05857
   0.07034
   0.01031
  -0.06025
  -0.06930
  -0.00761
   0.06185
   0.06818
   0.00491
  -0.06337
  -0.06696
  -0.00220
   0.06481
   0.06566
  -0.00052
  -0.06617
  -0.06427
   0.00323
   0.06743
   0.06280
  -0.00594
  -0.06862
  -0.06125
   0.00864
   0.06971
   0.05962
  -0.01133
  -0.07072
  -0.05791
   0.01401
   0.07163
   0.05613
  -0.01666
  -0.07245
  -0.05428
   0.01930
   0.07318
   0.05235
  -0.02191
  -0.07381
  -0.05036
   0.02449
   0.07435
   0.04831
  -0.02705
  -0.07479
  -0.04619
   0.02956
   0.07514
   0.04401
  -0.03204
  -0.07539
  -0.04178
   0.03448
   0.07554
   0.03949
  -0.03687
  -0.07559
  -0.03715
   0.03922
   0.07555
   0.03476
  -0.04151
  -0.07541
  -0.03233
   0.04375
   0.07517
   0.02986
  -0.04594
  -0.07484
  -0.02734
   0.04806
   0.07441
   0.02480
  -0.05012
  -0.07388
  -0.02222
   0.05212
   0.07326
   0.01961
  -0.05406
  -0.07254
  -0.01698
   0.05592
   0.07173
   0.01432
  -0.05771
  -0.07083
  -0.01165
   0.05942
   0.06984
   0.00896
  -0.06106
  -0.06875
  -0.00626
   0.06262
   0.06758
   0.00355
  -0.06410
  -0.06632
  -0.00084
   0.06550
   0.06497
  -0.00188
  -0.06681
  -0.06355
   0.00459
