   0.06121
  -0.01824
  -0.03332
   0.06920
  -0.07252
   0.04173
   0.00870
  -0.05504
   0.07548
  -0.06041
   0.01692
   0.03453
  -0.06974
   0.07213
  -0.04059
  -0.01005
   0.05596
  -0.07554
   0.05958
  -0.01559
  -0.03573
   0.07025
  -0.07171
   0.03944
   0.01139
  -0.05686
   0.07558
  -0.05874
   0.01426
   0.03692
  -0.07074
   0.07127
  -0.03827
  -0.01273
   0.05775
  -0.07559
   0.05787
  -0.01293
  -0.03810
   0.07120
  -0.07081
   0.03710
   0.01407
  -0.05861
   0.07558
  -0.05699
   0.01159
   0.03927
  -0.07165
   0.07032
  -0.03591
  -0.01540
   0.05946
  -0.07555
   0.05609
  -0.01025
  -0.04042
   0.07207
  -0.06981
   0.03471
   0.01672
  -0.06029
   0.07549
  -0.05517
   0.00890
   0.04156
  -0.07247
   0.06928
  -0.03350
  -0.01804
   0.06110
  -0.07541
   0.05424
  -0.00755
  -0.04269
   0.07284
  -0.06873
   0.03228
   0.01936
  -0.06189
   0.07530
  -0.05328
   0.00620
   0.04380
  -0.07319
   0.06815
  -0.03104
  -0.02067
   0.06266
  -0.07517
   0.05231
  -0.00485
  -0.04490
   0.07352
  -0.06755
   0.02980
   0.02197
  -0.06340
   0.07501
  -0.05132
   0.00349
   0.04598
  -0.07382
   0.06693
  -0.02855
  -0.02326
   0.06413
  -0.07483
   0.05032
  -0.00214
  -0.04705
   0.07410
  -0.06629
   0.02729
   0.02455
  -0.06484
   0.07462
  -0.04930
   0.00078
   0.04811
  -0.07436
   0.06563
  -0.02602
  -0.02583
   0.06553
  -0.07440
   0.04826
   0.00058
  -0.04915
   0.07459
  -0.06494
   0.02474
   0.02710
  -0.06619
   0.07414
  -0.04721
  -0.00194
   0.05017
  -0.07480
   0.06424
  -0.02345
  -0.02836
   0.06684
  -0.07387
   0.04614
   0.00329
  -0.05118
   0.07498
  -0.06351
   0.02216
   0.02962
  -0.06746
   0.07357
  -0.04506
  -0.00465
   0.05217
  -0.07514
   0.06277
  -0.02086
  -0.03086
   0.06806
  -0.07324
   0.04396
   0.00600
  -0.05314
   0.07528
  -0.06200
   0.01955
   0.03210
  -0.06864
   0.07290
  -0.04285
  -0.00735
   0.05410
  -0.07539
   0.06121
  -0.01824
  -0.03332
   0.06920
  -0.07252
   0.04173
   0.00870
  -0.05504
   0.07548
  -0.06041
   0.01692
   0.03453
  -0.06974
   0.07213
  -0.04059
  -0.01005
   0.05596
  -0.07554
   0.05958
  -0.01559
  -0.03573
   0.07025
  -0.07171
   0.03944
   0.01139
  -0.05686
   0.07558
  -0.05874
   0.01426
   0.03692
  -0.07074
   0.07127
  -0.03827
  -0.01273
   0.05775
  -0.07559
   0.05787
  -0.01293
  -0.03810
   0.07120
  -0.07081
   0.03710
   0.01407
  -0.05861
   0.07558
  -0.05699
   0.01159
   0.03927
  -0.07165
   0.07032
  -0.03591
  -0.01540
   0.05946
  -0.07555
   0.05609
  -0.01025
  -0.04042
   0.07207
  -0.06981
   0.03471
   0.01672
  -0.06029
   0.07549
  -0.05517
   0.00890
   0.04156
  -0.07247
   0.06928
  -0.03350
  -0.01804
   0.06110
  -0.07541
   0.05424
  -0.00755
  -0.04269
   0.07284
  -0.06873
   0.03228
   0.01936
  -0.06189
   0.07530
  -0.05328
   0.00620
   0.04380
  -0.07319
   0.06815
  -0.03104
  -0.02067
   0.06266
  -0.07517
   0.05231
  -0.00485
  -0.04490
   0.07352
  -0.06755
   0.02980
   0.02197
  -0.06340
   0.07501
  -0.05132
   0.00349
   0.04598
  -0.07382
   0.06693
  -0.02855
  -0.02326
   0.06413
  -0.07483
   0.05032
  -0.00214
  -0.04705
   0.07410
  -0.06629
   0.02729
   0.02455
  -0.06484
   0.07462
  -0.04930
   0.00078
   0.04811
  -0.07436
   0.06563
  -0.02602
  -0.02583
   0.06553
  -0.07440
   0.04826
   0.00058
  -0.04915
   0.07459
  -0.06494
   0.02474
   0.02710
  -0.06619
   0.07414
  -0.04721
  -0.00194
   0.05017
  -0.07480
   0.06424
  -0.02345
  -0.02836
   0.06684
  -0.07387
   0.04614
   0.00329
  -0.05118
   0.07498
  -0.06351
   0.02216
   0.02962
  -0.06746
   0.07357
  -0.04506
  -0.00465
   0.05217
  -0.07514
   0.06277
  -0.02086
  -0.03086
   0.06806
  -0.07324
   0.04396
   0.00600
  -0.05314
   0.07528
  -0.06200
   0.01955
   0.03210
  -0.06864
   0.07290
  -0.04285
  -0.00735
   0.05410
  -0.07539
