   0.07417
   0.03195
  -0.05884
  -0.06019
   0.02995
   0.07457
   0.00584
  -0.07176
  -0.04029
   0.05243
   0.06545
  -0.02101
  -0.07553
  -0.01524
   0.06822
   0.04798
  -0.04519
  -0.06967
   0.01175
   0.07531
   0.02440
  -0.06360
  -0.05493
   0.03724
   0.07280
  -0.00229
  -0.07390
  -0.03318
   0.05798
   0.06100
  -0.02870
  -0.07478
  -0.00719
   0.07132
   0.04143
  -0.05144
  -0.06612
   0.01971
   0.07558
   0.01657
  -0.06762
  -0.04903
   0.04409
   0.07019
  -0.01040
  -0.07518
  -0.02568
   0.06286
   0.05585
  -0.03605
  -0.07315
   0.00094
   0.07360
   0.03439
  -0.05710
  -0.06179
   0.02744
   0.07496
   0.00854
  -0.07086
  -0.04256
   0.05044
   0.06676
  -0.01839
  -0.07559
  -0.01789
   0.06701
   0.05005
  -0.04298
  -0.07068
   0.00906
   0.07503
   0.02695
  -0.06209
  -0.05676
   0.03485
   0.07348
   0.00042
  -0.07328
  -0.03559
   0.05620
   0.06257
  -0.02617
  -0.07513
  -0.00989
   0.07038
   0.04367
  -0.04942
  -0.06739
   0.01707
   0.07558
   0.01920
  -0.06637
  -0.05106
   0.04186
   0.07115
  -0.00771
  -0.07485
  -0.02822
   0.06131
   0.05764
  -0.03364
  -0.07379
  -0.00178
   0.07294
   0.03678
  -0.05528
  -0.06332
   0.02489
   0.07526
   0.01123
  -0.06987
  -0.04477
   0.04838
   0.06799
  -0.01575
  -0.07555
  -0.02051
   0.06571
   0.05205
  -0.04072
  -0.07160
   0.00636
   0.07465
   0.02947
  -0.06050
  -0.05851
   0.03242
   0.07407
   0.00313
  -0.07257
  -0.03796
   0.05435
   0.06405
  -0.02361
  -0.07538
  -0.01257
   0.06934
   0.04586
  -0.04733
  -0.06858
   0.01442
   0.07550
   0.02182
  -0.06503
  -0.05303
   0.03957
   0.07202
  -0.00501
  -0.07442
  -0.03072
   0.05968
   0.05936
  -0.03119
  -0.07433
  -0.00449
   0.07218
   0.03913
  -0.05340
  -0.06476
   0.02231
   0.07547
   0.01391
  -0.06879
  -0.04693
   0.04627
   0.06914
  -0.01308
  -0.07542
  -0.02311
   0.06432
   0.05399
  -0.03841
  -0.07242
   0.00365
   0.07417
   0.03195
  -0.05884
  -0.06019
   0.02995
   0.07457
   0.00584
  -0.07176
  -0.04029
   0.05243
   0.06545
  -0.02101
  -0.07553
  -0.01524
   0.06822
   0.04798
  -0.04519
  -0.06967
   0.01175
   0.07531
   0.02440
  -0.06360
  -0.05493
   0.03724
   0.07280
  -0.00229
  -0.07390
  -0.03318
   0.05798
   0.06100
  -0.02870
  -0.07478
  -0.00719
   0.07132
   0.04143
  -0.05144
  -0.06612
   0.01971
   0.07558
   0.01657
  -0.06762
  -0.04903
   0.04409
   0.07019
  -0.01040
  -0.07518
  -0.02568
   0.06286
   0.05585
  -0.03605
  -0.07315
   0.00094
   0.07360
   0.03439
  -0.05710
  -0.06179
   0.02744
   0.07496
   0.00854
  -0.07086
  -0.04256
   0.05044
   0.06676
  -0.01839
  -0.07559
  -0.01789
   0.06701
   0.05005
  -0.04298
  -0.07068
   0.00906
   0.07503
   0.02695
  -0.06209
  -0.05676
   0.03485
   0.07348
   0.00042
  -0.07328
  -0.03559
   0.05620
   0.06257
  -0.02617
  -0.07513
  -0.00989
   0.07038
   0.04367
  -0.04942
  -0.06739
   0.01707
   0.07558
   0.01920
  -0.06637
  -0.05106
   0.04186
   0.07115
  -0.00771
  -0.07485
  -0.02822
   0.06131
   0.05764
  -0.03364
  -0.07379
  -0.00178
   0.07294
   0.03678
  -0.05528
  -0.06332
   0.02489
   0.07526
   0.01123
  -0.06987
  -0.04477
   0.04838
   0.06799
  -0.01575
  -0.07555
  -0.02051
   0.06571
   0.05205
  -0.04072
  -0.07160
   0.00636
   0.07465
   0.02947
  -0.06050
  -0.05851
   0.03242
   0.07407
   0.00313
  -0.07257
  -0.03796
   0.05435
   0.06405
  -0.02361
  -0.07538
  -0.01257
   0.06934
   0.04586
  -0.04733
  -0.06858
   0.01442
   0.07550
   0.02182
  -0.06503
  -0.05303
   0.03957
   0.07202
  -0.00501
  -0.07442
  -0.03072
   0.05968
   0.05936
  -0.03119
  -0.07433
  -0.00449
   0.07218
   0.03913
  -0.05340
  -0.06476
   0.02231
   0.07547
   0.01391
  -0.06879
  -0.04693
   0.04627
   0.06914
  -0.01308
  -0.07542
  -0.02311
   0.06432
   0.05399
  -0.03841
  -0.07242
   0.00365
