  -0.05792
   0.07409
  -0.03447
  -0.03110
   0.07326
  -0.06025
   0.00187
   0.05792
  -0.07409
   0.03447
   0.03110
  -0.07326
   0.06025
  -0.00187
  -0.05792
   0.07409
  -0.03447
  -0.03110
   0.07326
  -0.06025
   0.00187
   0.05792
  -0.07409
   0.03447
   0.03110
  -0.07326
   0.06025
  -0.00187
  -0.05792
   0.07409
  -0.03447
  -0.03110
   0.07326
  -0.06025
   0.00187
   0.05792
  -0.07409
   0.03447
   0.03110
  -0.07326
   0.06025
  -0.00187
  -0.05792
   0.07409
  -0.03447
  -0.03110
   0.07326
  -0.06025
   0.00187
   0.05792
  -0.07409
   0.03447
   0.03110
  -0.07326
   0.06025
  -0.00187
  -0.05792
   0.07409
  -0.03447
  -0.03110
   0.07326
  -0.06025
   0.00187
   0.05792
  -0.07409
   0.03447
   0.03110
  -0.07326
   0.06025
  -0.00187
  -0.05792
   0.07409
  -0.03447
  -0.03110
   0.07326
  -0.06025
   0.00187
   0.05792
  -0.07409
   0.03447
   0.03110
  -0.07326
   0.06025
  -0.00187
  -0.05792
   0.07409
  -0.03447
  -0.03110
   0.07326
  -0.06025
   0.00187
   0.05792
  -0.07409
   0.03447
   0.03110
  -0.07326
   0.06025
  -0.00187
  -0.05792
   0.07409
  -0.03447
  -0.03110
   0.07326
  -0.06025
   0.00187
   0.05792
  -0.07409
   0.03447
   0.03110
  -0.07326
   0.06025
  -0.00187
  -0.05792
   0.07409
  -0.03447
  -0.03110
   0.07326
  -0.06025
   0.00187
   0.05792
  -0.07409
   0.03447
   0.03110
  -0.07326
   0.06025
  -0.00187
  -0.05792
   0.07409
  -0.03447
  -0.03110
   0.07326
  -0.06025
   0.00187
   0.05792
  -0.07409
   0.03447
   0.03110
  -0.07326
   0.06025
  -0.00187
  -0.05792
   0.07409
  -0.03447
  -0.03110
   0.07326
  -0.06025
   0.00187
   0.05792
  -0.07409
   0.03447
   0.03110
  -0.07326
   0.06025
  -0.00187
  -0.05792
   0.07409
  -0.03447
  -0.03110
   0.07326
  -0.06025
   0.00187
   0.05792
  -0.07409
   0.03447
   0.03110
  -0.07326
   0.06025
  -0.00187
  -0.05792
   0.07409
  -0.03447
  -0.03110
   0.07326
  -0.06025
   0.00187
   0.05792
  -0.07409
   0.03447
   0.03110
  -0.07326
   0.06025
  -0.00187
  -0.05792
   0.07409
  -0.03447
  -0.03110
   0.07326
  -0.06025
   0.00187
   0.05792
  -0.07409
   0.03447
   0.03110
  -0.07326
   0.06025
  -0.00187
  -0.05792
   0.07409
  -0.03447
  -0.03110
   0.07326
  -0.06025
   0.00187
   0.05792
  -0.07409
   0.03447
   0.03110
  -0.07326
   0.06025
  -0.00187
  -0.05792
   0.07409
  -0.03447
  -0.03110
   0.07326
  -0.06025
   0.00187
   0.05792
  -0.07409
   0.03447
   0.03110
  -0.07326
   0.06025
  -0.00187
  -0.05792
   0.07409
  -0.03447
  -0.03110
   0.07326
  -0.06025
   0.00187
   0.05792
  -0.07409
   0.03447
   0.03110
  -0.07326
   0.06025
  -0.00187
  -0.05792
   0.07409
  -0.03447
  -0.03110
   0.07326
  -0.06025
   0.00187
   0.05792
  -0.07409
   0.03447
   0.03110
  -0.07326
   0.06025
  -0.00187
  -0.05792
   0.07409
  -0.03447
  -0.03110
   0.07326
  -0.06025
   0.00187
   0.05792
  -0.07409
   0.03447
   0.03110
  -0.07326
   0.06025
  -0.00187
  -0.05792
   0.07409
  -0.03447
  -0.03110
   0.07326
  -0.06025
   0.00187
   0.05792
  -0.07409
   0.03447
   0.03110
  -0.07326
   0.06025
  -0.00187
  -0.05792
   0.07409
  -0.03447
  -0.03110
   0.07326
  -0.06025
   0.00187
   0.05792
  -0.07409
   0.03447
   0.03110
  -0.07326
   0.06025
  -0.00187
  -0.05792
   0.07409
  -0.03447
  -0.03110
   0.07326
  -0.06025
   0.00187
   0.05792
  -0.07409
   0.03447
   0.03110
  -0.07326
   0.06025
  -0.00187
  -0.05792
   0.07409
  -0.03447
  -0.03110
   0.07326
  -0.06025
   0.00187
   0.05792
  -0.07409
   0.03447
   0.03110
  -0.07326
   0.06025
  -0.00187
  -0.05792
   0.07409
  -0.03447
  -0.03110
   0.07326
  -0.06025
   0.00187
   0.05792
  -0.07409
   0.03447
   0.03110
  -0.07326
   0.06025
  -0.00187
  -0.05792
   0.07409
  -0.03447
  -0.03110
   0.07326
  -0.06025
   0.00187
   0.05792
  -0.07409
   0.03447
   0.03110
  -0.07326
   0.06025
  -0.00187
