  -0.05897
   0.07196
  -0.02031
  -0.04958
   0.07494
  -0.03299
  -0.03859
   0.07551
  -0.04460
  -0.02637
   0.07365
  -0.05478
  -0.01329
   0.06943
  -0.06320
   0.00021
   0.06297
  -0.06959
   0.01370
   0.05449
  -0.07374
   0.02676
   0.04426
  -0.07553
   0.03895
   0.03261
  -0.07488
   0.04989
   0.01991
  -0.07183
   0.05923
   0.00657
  -0.06647
   0.06667
  -0.00698
  -0.05897
   0.07196
  -0.02031
  -0.04958
   0.07494
  -0.03299
  -0.03859
   0.07551
  -0.04460
  -0.02637
   0.07365
  -0.05478
  -0.01329
   0.06943
  -0.06320
   0.00021
   0.06297
  -0.06959
   0.01370
   0.05449
  -0.07374
   0.02676
   0.04426
  -0.07553
   0.03895
   0.03261
  -0.07488
   0.04989
   0.01991
  -0.07183
   0.05923
   0.00657
  -0.06647
   0.06667
  -0.00698
  -0.05897
   0.07196
  -0.02031
  -0.04958
   0.07494
  -0.03299
  -0.03859
   0.07551
  -0.04460
  -0.02637
   0.07365
  -0.05478
  -0.01329
   0.06943
  -0.06320
   0.00021
   0.06297
  -0.06959
   0.01370
   0.05449
  -0.07374
   0.02676
   0.04426
  -0.07553
   0.03895
   0.03261
  -0.07488
   0.04989
   0.01991
  -0.07183
   0.05923
   0.00657
  -0.06647
   0.06667
  -0.00698
  -0.05897
   0.07196
  -0.02031
  -0.04958
   0.07494
  -0.03299
  -0.03859
   0.07551
  -0.04460
  -0.02637
   0.07365
  -0.05478
  -0.01329
   0.06943
  -0.06320
   0.00021
   0.06297
  -0.06959
   0.01370
   0.05449
  -0.07374
   0.02676
   0.04426
  -0.07553
   0.03895
   0.03261
  -0.07488
   0.04989
   0.01991
  -0.07183
   0.05923
   0.00657
  -0.06647
   0.06667
  -0.00698
  -0.05897
   0.07196
  -0.02031
  -0.04958
   0.07494
  -0.03299
  -0.03859
   0.07551
  -0.04460
  -0.02637
   0.07365
  -0.05478
  -0.01329
   0.06943
  -0.06320
   0.00021
   0.06297
  -0.06959
   0.01370
   0.05449
  -0.07374
   0.02676
   0.04426
  -0.07553
   0.03895
   0.03261
  -0.07488
   0.04989
   0.01991
  -0.07183
   0.05923
   0.00657
  -0.06647
   0.06667
  -0.00698
  -0.05897
   0.07196
  -0.02031
  -0.04958
   0.07494
  -0.03299
  -0.03859
   0.07551
  -0.04460
  -0.02637
   0.07365
  -0.05478
  -0.01329
   0.06943
  -0.06320
   0.00021
   0.06297
  -0.06959
   0.01370
   0.05449
  -0.07374
   0.02676
   0.04426
  -0.07553
   0.03895
   0.03261
  -0.07488
   0.04989
   0.01991
  -0.07183
   0.05923
   0.00657
  -0.06647
   0.06667
  -0.00698
  -0.05897
   0.07196
  -0.02031
  -0.04958
   0.07494
  -0.03299
  -0.03859
   0.07551
  -0.04460
  -0.02637
   0.07365
  -0.05478
  -0.01329
   0.06943
  -0.06320
   0.00021
   0.06297
  -0.06959
   0.01370
   0.05449
  -0.07374
   0.02676
   0.04426
  -0.07553
   0.03895
   0.03261
  -0.07488
   0.04989
   0.01991
  -0.07183
   0.05923
   0.00657
  -0.06647
   0.06667
  -0.00698
  -0.05897
   0.07196
  -0.02031
  -0.04958
   0.07494
  -0.03299
  -0.03859
   0.07551
  -0.04460
  -0.02637
   0.07365
  -0.05478
  -0.01329
   0.06943
  -0.06320
   0.00021
   0.06297
  -0.06959
   0.01370
   0.05449
  -0.07374
   0.02676
   0.04426
  -0.07553
   0.03895
   0.03261
  -0.07488
   0.04989
   0.01991
  -0.07183
   0.05923
   0.00657
  -0.06647
   0.06667
  -0.00698
  -0.05897
   0.07196
  -0.02031
  -0.04958
   0.07494
  -0.03299
  -0.03859
   0.07551
  -0.04460
  -0.02637
   0.07365
  -0.05478
  -0.01329
   0.06943
  -0.06320
   0.00021
   0.06297
  -0.06959
   0.01370
   0.05449
  -0.07374
   0.02676
   0.04426
  -0.07553
   0.03895
   0.03261
  -0.07488
   0.04989
   0.01991
  -0.07183
   0.05923
   0.00657
  -0.06647
   0.06667
  -0.00698
  -0.05897
   0.07196
  -0.02031
  -0.04958
   0.07494
  -0.03299
  -0.03859
   0.07551
  -0.04460
  -0.02637
   0.07365
  -0.05478
  -0.01329
   0.06943
  -0.06320
   0.00021
   0.06297
  -0.06959
   0.01370
   0.05449
  -0.07374
   0.02676
   0.04426
  -0.07553
   0.03895
   0.03261
  -0.07488
   0.04989
   0.01991
  -0.07183
   0.05923
   0.00657
  -0.06647
   0.06667
  -0.00698
