  -0.01669
   0.06929
   0.04266
  -0.05331
  -0.06264
   0.02983
   0.07382
  -0.00217
  -0.07463
  -0.02580
   0.06496
   0.05014
  -0.04617
  -0.06745
   0.02089
   0.07528
   0.00732
  -0.07253
  -0.03450
   0.05961
   0.05684
  -0.03830
  -0.07119
   0.01162
   0.07555
   0.01669
  -0.06929
  -0.04266
   0.05331
   0.06264
  -0.02983
  -0.07382
   0.00217
   0.07463
   0.02580
  -0.06496
  -0.05014
   0.04617
   0.06745
  -0.02089
  -0.07528
  -0.00732
   0.07253
   0.03450
  -0.05961
  -0.05684
   0.03830
   0.07119
  -0.01162
  -0.07555
  -0.01669
   0.06929
   0.04266
  -0.05331
  -0.06264
   0.02983
   0.07382
  -0.00217
  -0.07463
  -0.02580
   0.06496
   0.05014
  -0.04617
  -0.06745
   0.02089
   0.07528
   0.00732
  -0.07253
  -0.03450
   0.05961
   0.05684
  -0.03830
  -0.07119
   0.01162
   0.07555
   0.01669
  -0.06929
  -0.04266
   0.05331
   0.06264
  -0.02983
  -0.07382
   0.00217
   0.07463
   0.02580
  -0.06496
  -0.05014
   0.04617
   0.06745
  -0.02089
  -0.07528
  -0.00732
   0.07253
   0.03450
  -0.05961
  -0.05684
   0.03830
   0.07119
  -0.01162
  -0.07555
  -0.01669
   0.06929
   0.04266
  -0.05331
  -0.06264
   0.02983
   0.07382
  -0.00217
  -0.07463
  -0.02580
   0.06496
   0.05014
  -0.04617
  -0.06745
   0.02089
   0.07528
   0.00732
  -0.07253
  -0.03450
   0.05961
   0.05684
  -0.03830
  -0.07119
   0.01162
   0.07555
   0.01669
  -0.06929
  -0.04266
   0.05331
   0.06264
  -0.02983
  -0.07382
   0.00217
   0.07463
   0.02580
  -0.06496
  -0.05014
   0.04617
   0.06745
  -0.02089
  -0.07528
  -0.00732
   0.07253
   0.03450
  -0.05961
  -0.05684
   0.03830
   0.07119
  -0.01162
  -0.07555
  -0.01669
   0.06929
   0.04266
  -0.05331
  -0.06264
   0.02983
   0.07382
  -0.00217
  -0.07463
  -0.02580
   0.06496
   0.05014
  -0.04617
  -0.06745
   0.02089
   0.07528
   0.00732
  -0.07253
  -0.03450
   0.05961
   0.05684
  -0.03830
  -0.07119
   0.01162
   0.07555
   0.01669
  -0.06929
  -0.04266
   0.05331
   0.06264
  -0.02983
  -0.07382
   0.00217
   0.07463
   0.02580
  -0.06496
  -0.05014
   0.04617
   0.06745
  -0.02089
  -0.07528
  -0.00732
   0.07253
   0.03450
  -0.05961
  -0.05684
   0.03830
   0.07119
  -0.01162
  -0.07555
  -0.01669
   0.06929
   0.04266
  -0.05331
  -0.06264
   0.02983
   0.07382
  -0.00217
  -0.07463
  -0.02580
   0.06496
   0.05014
  -0.04617
  -0.06745
   0.02089
   0.07528
   0.00732
  -0.07253
  -0.03450
   0.05961
   0.05684
  -0.03830
  -0.07119
   0.01162
   0.07555
   0.01669
  -0.06929
  -0.04266
   0.05331
   0.06264
  -0.02983
  -0.07382
   0.00217
   0.07463
   0.02580
  -0.06496
  -0.05014
   0.04617
   0.06745
  -0.02089
  -0.07528
  -0.00732
   0.07253
   0.03450
  -0.05961
  -0.05684
   0.03830
   0.07119
  -0.01162
  -0.07555
  -0.01669
   0.06929
   0.04266
  -0.05331
  -0.06264
   0.02983
   0.07382
  -0.00217
  -0.07463
  -0.02580
   0.06496
   0.05014
  -0.04617
  -0.06745
   0.02089
   0.07528
   0.00732
  -0.07253
  -0.03450
   0.05961
   0.05684
  -0.03830
  -0.07119
   0.01162
   0.07555
   0.01669
  -0.06929
  -0.04266
   0.05331
   0.06264
  -0.02983
  -0.07382
   0.00217
   0.07463
   0.02580
  -0.06496
  -0.05014
   0.04617
   0.06745
  -0.02089
  -0.07528
  -0.00732
   0.07253
   0.03450
  -0.05961
  -0.05684
   0.03830
   0.07119
  -0.01162
  -0.07555
  -0.01669
   0.06929
   0.04266
  -0.05331
  -0.06264
   0.02983
   0.07382
  -0.00217
  -0.07463
  -0.02580
   0.06496
   0.05014
  -0.04617
  -0.06745
   0.02089
   0.07528
   0.00732
  -0.07253
  -0.03450
   0.05961
   0.05684
  -0.03830
  -0.07119
   0.01162
   0.07555
   0.01669
  -0.06929
  -0.04266
   0.05331
   0.06264
  -0.02983
  -0.07382
   0.00217
   0.07463
   0.02580
  -0.06496
  -0.05014
   0.04617
   0.06745
  -0.02089
  -0.07528
  -0.00732
   0.07253
   0.03450
  -0.05961
  -0.05684
   0.03830
   0.07119
  -0.01162
  -0.07555
