   0.02290
   0.04349
   0.06006
   0.07107
   0.07553
   0.07300
   0.06372
   0.04856
   0.02891
   0.00658
  -0.01635
  -0.03777
  -0.05570
  -0.06848
  -0.07493
  -0.07446
  -0.06711
  -0.05355
  -0.03505
  -0.01331
   0.00967
   0.03175
   0.05089
   0.06534
   0.07374
   0.07533
   0.06996
   0.05812
   0.04091
   0.01992
  -0.00291
  -0.02547
  -0.04568
  -0.06166
  -0.07195
  -0.07559
  -0.07224
  -0.06222
  -0.04645
  -0.02638
  -0.00388
   0.01899
   0.04009
   0.05750
   0.06959
   0.07524
   0.07395
   0.06582
   0.05161
   0.03262
   0.01063
  -0.01235
  -0.03419
  -0.05287
  -0.06666
  -0.07429
  -0.07506
  -0.06889
  -0.05635
  -0.03860
  -0.01729
   0.00562
   0.02801
   0.04781
   0.06319
   0.07274
   0.07556
   0.07140
   0.06064
   0.04428
   0.02382
   0.00116
  -0.02160
  -0.04237
  -0.05922
  -0.07060
  -0.07546
  -0.07334
  -0.06444
  -0.04959
  -0.03015
  -0.00793
   0.01502
   0.03659
   0.05477
   0.06790
   0.07474
   0.07468
   0.06772
   0.05450
   0.03625
   0.01464
  -0.00832
  -0.03051
  -0.04988
  -0.06464
  -0.07343
  -0.07543
  -0.07046
  -0.05898
  -0.04205
  -0.02123
   0.00155
   0.02419
   0.04459
   0.06087
   0.07153
   0.07557
   0.07263
   0.06298
   0.04751
   0.02765
   0.00523
  -0.01767
  -0.03894
  -0.05661
  -0.06904
  -0.07510
  -0.07422
  -0.06647
  -0.05259
  -0.03384
  -0.01197
   0.01101
   0.03297
   0.05189
   0.06601
   0.07403
   0.07521
   0.06943
   0.05724
   0.03977
   0.01861
  -0.00426
  -0.02674
  -0.04675
  -0.06244
  -0.07236
  -0.07559
  -0.07183
  -0.06144
  -0.04537
  -0.02510
  -0.00252
   0.02030
   0.04124
   0.05837
   0.07010
   0.07536
   0.07365
   0.06514
   0.05061
   0.03139
   0.00928
  -0.01369
  -0.03539
  -0.05383
  -0.06729
  -0.07453
  -0.07488
  -0.06832
  -0.05544
  -0.03743
  -0.01597
   0.00697
   0.02926
   0.04885
   0.06393
   0.07310
   0.07551
   0.07094
   0.05982
   0.04317
   0.02253
  -0.00019
  -0.02290
  -0.04349
  -0.06006
  -0.07107
  -0.07553
  -0.07300
  -0.06372
  -0.04856
  -0.02891
  -0.00658
   0.01635
   0.03777
   0.05570
   0.06848
   0.07493
   0.07446
   0.06711
   0.05355
   0.03505
   0.01331
  -0.00967
  -0.03175
  -0.05089
  -0.06534
  -0.07374
  -0.07533
  -0.06996
  -0.05812
  -0.04091
  -0.01992
   0.00291
   0.02547
   0.04568
   0.06166
   0.07195
   0.07559
   0.07224
   0.06222
   0.04645
   0.02638
   0.00388
  -0.01899
  -0.04009
  -0.05750
  -0.06959
  -0.07524
  -0.07395
  -0.06582
  -0.05161
  -0.03262
  -0.01063
   0.01235
   0.03419
   0.05287
   0.06666
   0.07429
   0.07506
   0.06889
   0.05635
   0.03860
   0.01729
  -0.00562
  -0.02801
  -0.04781
  -0.06319
  -0.07274
  -0.07556
  -0.07140
  -0.06064
  -0.04428
  -0.02382
  -0.00116
   0.02160
   0.04237
   0.05922
   0.07060
   0.07546
   0.07334
   0.06444
   0.04959
   0.03015
   0.00793
  -0.01502
  -0.03659
  -0.05477
  -0.06790
  -0.07474
  -0.07468
  -0.06772
  -0.05450
  -0.03625
  -0.01464
   0.00832
   0.03051
   0.04988
   0.06464
   0.07343
   0.07543
   0.07046
   0.05898
   0.04205
   0.02123
  -0.00155
  -0.02419
  -0.04459
  -0.06087
  -0.07153
  -0.07557
  -0.07263
  -0.06298
  -0.04751
  -0.02765
  -0.00523
   0.01767
   0.03894
   0.05661
   0.06904
   0.07510
   0.07422
   0.06647
   0.05259
   0.03384
   0.01197
  -0.01101
  -0.03297
  -0.05189
  -0.06601
  -0.07403
  -0.07521
  -0.06943
  -0.05724
  -0.03977
  -0.01861
   0.00426
   0.02674
   0.04675
   0.06244
   0.07236
   0.07559
   0.07183
   0.06144
   0.04537
   0.02510
   0.00252
  -0.02030
  -0.04124
  -0.05837
  -0.07010
  -0.07536
  -0.07365
  -0.06514
  -0.05061
  -0.03139
  -0.00928
   0.01369
   0.03539
   0.05383
   0.06729
   0.07453
   0.07488
   0.06832
   0.05544
   0.03743
   0.01597
  -0.00697
  -0.02926
  -0.04885
  -0.06393
  -0.07310
  -0.07551
  -0.07094
  -0.05982
  -0.04317
  -0.02253
   0.00019
