   0.06295
   0.02886
  -0.01507
  -0.05386
  -0.07430
  -0.06941
  -0.04087
   0.00160
   0.04353
   0.07062
   0.07364
   0.05157
   0.01192
  -0.03179
  -0.06467
  -0.07551
  -0.06061
  -0.02506
   0.01903
   0.05664
   0.07494
   0.06770
   0.03739
  -0.00566
  -0.04679
  -0.07197
  -0.07262
  -0.04852
  -0.00789
   0.03544
   0.06668
   0.07520
   0.05809
   0.02118
  -0.02294
  -0.05925
  -0.07537
  -0.06579
  -0.03380
   0.00971
   0.04992
   0.07311
   0.07138
   0.04533
   0.00383
  -0.03898
  -0.06850
  -0.07468
  -0.05540
  -0.01725
   0.02679
   0.06169
   0.07557
   0.06370
   0.03011
  -0.01374
  -0.05290
  -0.07404
  -0.06994
  -0.04201
   0.00024
   0.04241
   0.07012
   0.07394
   0.05255
   0.01326
  -0.03055
  -0.06395
  -0.07556
  -0.06141
  -0.02634
   0.01772
   0.05573
   0.07475
   0.06830
   0.03856
  -0.00431
  -0.04572
  -0.07154
  -0.07298
  -0.04955
  -0.00923
   0.03423
   0.06603
   0.07533
   0.05895
   0.02248
  -0.02165
  -0.05840
  -0.07525
  -0.06645
  -0.03501
   0.00837
   0.04889
   0.07275
   0.07182
   0.04641
   0.00518
  -0.03781
  -0.06792
  -0.07488
  -0.05632
  -0.01857
   0.02551
   0.06090
   0.07553
   0.06442
   0.03135
  -0.01240
  -0.05192
  -0.07375
  -0.07044
  -0.04313
  -0.00112
   0.04128
   0.06960
   0.07421
   0.05352
   0.01459
  -0.02931
  -0.06322
  -0.07559
  -0.06219
  -0.02760
   0.01639
   0.05480
   0.07454
   0.06887
   0.03972
  -0.00295
  -0.04463
  -0.07109
  -0.07333
  -0.05057
  -0.01058
   0.03302
   0.06536
   0.07543
   0.05979
   0.02377
  -0.02034
  -0.05753
  -0.07511
  -0.06709
  -0.03621
   0.00702
   0.04785
   0.07237
   0.07223
   0.04747
   0.00654
  -0.03663
  -0.06731
  -0.07505
  -0.05721
  -0.01988
   0.02423
   0.06008
   0.07546
   0.06512
   0.03258
  -0.01106
  -0.05093
  -0.07344
  -0.07093
  -0.04424
  -0.00247
   0.04014
   0.06906
   0.07445
   0.05447
   0.01592
  -0.02805
  -0.06247
  -0.07559
  -0.06295
  -0.02886
   0.01507
   0.05386
   0.07430
   0.06941
   0.04087
  -0.00160
  -0.04353
  -0.07062
  -0.07364
  -0.05157
  -0.01192
   0.03179
   0.06467
   0.07551
   0.06061
   0.02506
  -0.01903
  -0.05664
  -0.07494
  -0.06770
  -0.03739
   0.00566
   0.04679
   0.07197
   0.07262
   0.04852
   0.00789
  -0.03544
  -0.06668
  -0.07520
  -0.05809
  -0.02118
   0.02294
   0.05925
   0.07537
   0.06579
   0.03380
  -0.00971
  -0.04992
  -0.07311
  -0.07138
  -0.04533
  -0.00383
   0.03898
   0.06850
   0.07468
   0.05540
   0.01725
  -0.02679
  -0.06169
  -0.07557
  -0.06370
  -0.03011
   0.01374
   0.05290
   0.07404
   0.06994
   0.04201
  -0.00024
  -0.04241
  -0.07012
  -0.07394
  -0.05255
  -0.01326
   0.03055
   0.06395
   0.07556
   0.06141
   0.02634
  -0.01772
  -0.05573
  -0.07475
  -0.06830
  -0.03856
   0.00431
   0.04572
   0.07154
   0.07298
   0.04955
   0.00923
  -0.03423
  -0.06603
  -0.07533
  -0.05895
  -0.02248
   0.02165
   0.05840
   0.07525
   0.06645
   0.03501
  -0.00837
  -0.04889
  -0.07275
  -0.07182
  -0.04641
  -0.00518
   0.03781
   0.06792
   0.07488
   0.05632
   0.01857
  -0.02551
  -0.06090
  -0.07553
  -0.06442
  -0.03135
   0.01240
   0.05192
   0.07375
   0.07044
   0.04313
   0.00112
  -0.04128
  -0.06960
  -0.07421
  -0.05352
  -0.01459
   0.02931
   0.06322
   0.07559
   0.06219
   0.02760
  -0.01639
  -0.05480
  -0.07454
  -0.06887
  -0.03972
   0.00295
   0.04463
   0.07109
   0.07333
   0.05057
   0.01058
  -0.03302
  -0.06536
  -0.07543
  -0.05979
  -0.02377
   0.02034
   0.05753
   0.07511
   0.06709
   0.03621
  -0.00702
  -0.04785
  -0.07237
  -0.07223
  -0.04747
  -0.00654
   0.03663
   0.06731
   0.07505
   0.05721
   0.01988
  -0.02423
  -0.06008
  -0.07546
  -0.06512
  -0.03258
   0.01106
   0.05093
   0.07344
   0.07093
   0.04424
   0.00247
  -0.04014
  -0.06906
  -0.07445
  -0.05447
  -0.01592
   0.02805
   0.06247
   0.07559
