  -0.03429
  -0.04742
   0.07312
  -0.01246
  -0.06292
   0.06399
   0.01052
  -0.07260
   0.04894
   0.03252
  -0.07557
   0.02937
   0.05152
  -0.07156
   0.00708
   0.06576
  -0.06094
  -0.01586
   0.07392
  -0.04468
  -0.03733
   0.07525
  -0.02429
  -0.05536
   0.06963
  -0.00166
  -0.06827
   0.05757
   0.02112
  -0.07487
   0.04019
   0.04195
  -0.07455
   0.01910
   0.05891
  -0.06734
  -0.00376
   0.07042
  -0.05391
  -0.02627
   0.07542
  -0.03549
  -0.04636
   0.07346
  -0.01380
  -0.06216
   0.06470
   0.00917
  -0.07221
   0.04997
   0.03129
  -0.07559
   0.03061
   0.05052
  -0.07199
   0.00843
   0.06508
  -0.06173
  -0.01453
   0.07363
  -0.04577
  -0.03615
   0.07537
  -0.02558
  -0.05443
   0.07015
  -0.00302
  -0.06767
   0.05844
   0.01981
  -0.07467
   0.04133
   0.04082
  -0.07476
   0.02041
   0.05805
  -0.06794
  -0.00241
   0.06992
  -0.05485
  -0.02500
   0.07532
  -0.03669
  -0.04528
   0.07377
  -0.01513
  -0.06137
   0.06539
   0.00782
  -0.07180
   0.05098
   0.03005
  -0.07559
   0.03185
   0.04950
  -0.07239
   0.00978
   0.06438
  -0.06250
  -0.01320
   0.07331
  -0.04684
  -0.03495
   0.07546
  -0.02685
  -0.05348
   0.07064
  -0.00438
  -0.06706
   0.05929
   0.01850
  -0.07444
   0.04246
   0.03967
  -0.07495
   0.02171
   0.05717
  -0.06853
  -0.00105
   0.06939
  -0.05577
  -0.02371
   0.07519
  -0.03787
  -0.04418
   0.07405
  -0.01646
  -0.06057
   0.06606
   0.00647
  -0.07136
   0.05197
   0.02880
  -0.07556
   0.03307
   0.04847
  -0.07277
   0.01112
   0.06366
  -0.06326
  -0.01186
   0.07297
  -0.04790
  -0.03374
   0.07553
  -0.02811
  -0.05251
   0.07111
  -0.00573
  -0.06642
   0.06012
   0.01718
  -0.07420
   0.04358
   0.03851
  -0.07511
   0.02301
   0.05627
  -0.06909
   0.00031
   0.06884
  -0.05668
  -0.02242
   0.07504
  -0.03903
  -0.04308
   0.07431
  -0.01778
  -0.05975
   0.06671
   0.00512
  -0.07090
   0.05295
   0.02754
  -0.07550
   0.03429
   0.04742
  -0.07312
   0.01246
   0.06292
  -0.06399
  -0.01052
   0.07260
  -0.04894
  -0.03252
   0.07557
  -0.02937
  -0.05152
   0.07156
  -0.00708
  -0.06576
   0.06094
   0.01586
  -0.07392
   0.04468
   0.03733
  -0.07525
   0.02429
   0.05536
  -0.06963
   0.00166
   0.06827
  -0.05757
  -0.02112
   0.07487
  -0.04019
  -0.04195
   0.07455
  -0.01910
  -0.05891
   0.06734
   0.00376
  -0.07042
   0.05391
   0.02627
  -0.07542
   0.03549
   0.04636
  -0.07346
   0.01380
   0.06216
  -0.06470
  -0.00917
   0.07221
  -0.04997
  -0.03129
   0.07559
  -0.03061
  -0.05052
   0.07199
  -0.00843
  -0.06508
   0.06173
   0.01453
  -0.07363
   0.04577
   0.03615
  -0.07537
   0.02558
   0.05443
  -0.07015
   0.00302
   0.06767
  -0.05844
  -0.01981
   0.07467
  -0.04133
  -0.04082
   0.07476
  -0.02041
  -0.05805
   0.06794
   0.00241
  -0.06992
   0.05485
   0.02500
  -0.07532
   0.03669
   0.04528
  -0.07377
   0.01513
   0.06137
  -0.06539
  -0.00782
   0.07180
  -0.05098
  -0.03005
   0.07559
  -0.03185
  -0.04950
   0.07239
  -0.00978
  -0.06438
   0.06250
   0.01320
  -0.07331
   0.04684
   0.03495
  -0.07546
   0.02685
   0.05348
  -0.07064
   0.00438
   0.06706
  -0.05929
  -0.01850
   0.07444
  -0.04246
  -0.03967
   0.07495
  -0.02171
  -0.05717
   0.06853
   0.00105
  -0.06939
   0.05577
   0.02371
  -0.07519
   0.03787
   0.04418
  -0.07405
   0.01646
   0.06057
  -0.06606
  -0.00647
   0.07136
  -0.05197
  -0.02880
   0.07556
  -0.03307
  -0.04847
   0.07277
  -0.01112
  -0.06366
   0.06326
   0.01186
  -0.07297
   0.04790
   0.03374
  -0.07553
   0.02811
   0.05251
  -0.07111
   0.00573
   0.06642
  -0.06012
  -0.01718
   0.07420
  -0.04358
  -0.03851
   0.07511
  -0.02301
  -0.05627
   0.06909
  -0.00031
  -0.06884
   0.05668
   0.02242
  -0.07504
   0.03903
   0.04308
  -0.07431
   0.01778
   0.05975
  -0.06671
  -0.00512
   0.07090
  -0.05295
  -0.02754
   0.07550
