   0.06787
  -0.05473
   0.03653
  -0.01496
  -0.00799
   0.03021
  -0.04964
   0.06447
  -0.07335
   0.07545
  -0.07058
   0.05918
  -0.04232
   0.02154
   0.00122
  -0.02388
   0.04433
  -0.06068
   0.07142
  -0.07556
   0.07272
  -0.06316
   0.04776
  -0.02795
   0.00556
   0.01735
  -0.03866
   0.05639
  -0.06891
   0.07506
  -0.07428
   0.06663
  -0.05282
   0.03413
  -0.01229
  -0.01069
   0.03268
  -0.05165
   0.06585
  -0.07396
   0.07524
  -0.06956
   0.05746
  -0.04004
   0.01893
   0.00394
  -0.02644
   0.04649
  -0.06226
   0.07226
  -0.07559
   0.07193
  -0.06163
   0.04563
  -0.02541
   0.00285
   0.01998
  -0.04096
   0.05816
  -0.06998
   0.07534
  -0.07373
   0.06530
  -0.05085
   0.03169
  -0.00961
  -0.01337
   0.03511
  -0.05360
   0.06714
  -0.07447
   0.07493
  -0.06845
   0.05566
  -0.03772
   0.01629
   0.00664
  -0.02896
   0.04860
  -0.06375
   0.07301
  -0.07552
   0.07105
  -0.06002
   0.04344
  -0.02284
   0.00013
   0.02259
  -0.04322
   0.05986
  -0.07096
   0.07551
  -0.07308
   0.06390
  -0.04881
   0.02921
  -0.00691
  -0.01603
   0.03749
  -0.05548
   0.06834
  -0.07489
   0.07452
  -0.06726
   0.05378
  -0.03534
   0.01363
   0.00934
  -0.03145
   0.05065
  -0.06517
   0.07367
  -0.07536
   0.07008
  -0.05833
   0.04119
  -0.02024
  -0.00258
   0.02516
  -0.04542
   0.06148
  -0.07185
   0.07559
  -0.07234
   0.06240
  -0.04670
   0.02669
  -0.00420
  -0.01867
   0.03982
  -0.05728
   0.06946
  -0.07521
   0.07401
  -0.06598
   0.05184
  -0.03292
   0.01095
   0.01203
  -0.03390
   0.05263
  -0.06650
   0.07423
  -0.07509
   0.06902
  -0.05657
   0.03889
  -0.01761
  -0.00529
   0.02770
  -0.04756
   0.06301
  -0.07265
   0.07557
  -0.07151
   0.06083
  -0.04454
   0.02413
  -0.00149
  -0.02129
   0.04210
  -0.05902
   0.07048
  -0.07544
   0.07342
  -0.06461
   0.04984
  -0.03045
   0.00826
   0.01470
  -0.03630
   0.05455
  -0.06775
   0.07469
  -0.07473
   0.06787
  -0.05473
   0.03653
  -0.01496
  -0.00799
   0.03021
  -0.04964
   0.06447
  -0.07335
   0.07545
  -0.07058
   0.05918
  -0.04232
   0.02154
   0.00122
  -0.02388
   0.04433
  -0.06068
   0.07142
  -0.07556
   0.07272
  -0.06316
   0.04776
  -0.02795
   0.00556
   0.01735
  -0.03866
   0.05639
  -0.06891
   0.07506
  -0.07428
   0.06663
  -0.05282
   0.03413
  -0.01229
  -0.01069
   0.03268
  -0.05165
   0.06585
  -0.07396
   0.07524
  -0.06956
   0.05746
  -0.04004
   0.01893
   0.00394
  -0.02644
   0.04649
  -0.06226
   0.07226
  -0.07559
   0.07193
  -0.06163
   0.04563
  -0.02541
   0.00285
   0.01998
  -0.04096
   0.05816
  -0.06998
   0.07534
  -0.07373
   0.06530
  -0.05085
   0.03169
  -0.00961
  -0.01337
   0.03511
  -0.05360
   0.06714
  -0.07447
   0.07493
  -0.06845
   0.05566
  -0.03772
   0.01629
   0.00664
  -0.02896
   0.04860
  -0.06375
   0.07301
  -0.07552
   0.07105
  -0.06002
   0.04344
  -0.02284
   0.00013
   0.02259
  -0.04322
   0.05986
  -0.07096
   0.07551
  -0.07308
   0.06390
  -0.04881
   0.02921
  -0.00691
  -0.01603
   0.03749
  -0.05548
   0.06834
  -0.07489
   0.07452
  -0.06726
   0.05378
  -0.03534
   0.01363
   0.00934
  -0.03145
   0.05065
  -0.06517
   0.07367
  -0.07536
   0.07008
  -0.05833
   0.04119
  -0.02024
  -0.00258
   0.02516
  -0.04542
   0.06148
  -0.07185
   0.07559
  -0.07234
   0.06240
  -0.04670
   0.02669
  -0.00420
  -0.01867
   0.03982
  -0.05728
   0.06946
  -0.07521
   0.07401
  -0.06598
   0.05184
  -0.03292
   0.01095
   0.01203
  -0.03390
   0.05263
  -0.06650
   0.07423
  -0.07509
   0.06902
  -0.05657
   0.03889
  -0.01761
  -0.00529
   0.02770
  -0.04756
   0.06301
  -0.07265
   0.07557
  -0.07151
   0.06083
  -0.04454
   0.02413
  -0.00149
  -0.02129
   0.04210
  -0.05902
   0.07048
  -0.07544
   0.07342
  -0.06461
   0.04984
  -0.03045
   0.00826
   0.01470
  -0.03630
   0.05455
  -0.06775
   0.07469
  -0.07473
