   0.07064
  -0.06094
   0.04684
  -0.02937
   0.00978
   0.01052
  -0.03005
   0.04742
  -0.06137
   0.07090
  -0.07532
   0.07431
  -0.06794
   0.05668
  -0.04133
   0.02300
  -0.00302
  -0.01719
   0.03615
  -0.05251
   0.06508
  -0.07297
   0.07559
  -0.07277
   0.06470
  -0.05197
   0.03549
  -0.01646
  -0.00376
   0.02371
  -0.04196
   0.05717
  -0.06827
   0.07444
  -0.07525
   0.07064
  -0.06094
   0.04684
  -0.02937
   0.00978
   0.01052
  -0.03005
   0.04742
  -0.06137
   0.07090
  -0.07532
   0.07431
  -0.06794
   0.05668
  -0.04133
   0.02300
  -0.00302
  -0.01719
   0.03615
  -0.05251
   0.06508
  -0.07297
   0.07559
  -0.07277
   0.06470
  -0.05197
   0.03549
  -0.01646
  -0.00376
   0.02371
  -0.04196
   0.05717
  -0.06827
   0.07444
  -0.07525
   0.07064
  -0.06094
   0.04684
  -0.02937
   0.00978
   0.01052
  -0.03005
   0.04742
  -0.06137
   0.07090
  -0.07532
   0.07431
  -0.06794
   0.05668
  -0.04133
   0.02300
  -0.00302
  -0.01719
   0.03615
  -0.05251
   0.06508
  -0.07297
   0.07559
  -0.07277
   0.06470
  -0.05197
   0.03549
  -0.01646
  -0.00376
   0.02371
  -0.04196
   0.05717
  -0.06827
   0.07444
  -0.07525
   0.07064
  -0.06094
   0.04684
  -0.02937
   0.00978
   0.01052
  -0.03005
   0.04742
  -0.06137
   0.07090
  -0.07532
   0.07431
  -0.06794
   0.05668
  -0.04133
   0.02300
  -0.00302
  -0.01719
   0.03615
  -0.05251
   0.06508
  -0.07297
   0.07559
  -0.07277
   0.06470
  -0.05197
   0.03549
  -0.01646
  -0.00376
   0.02371
  -0.04196
   0.05717
  -0.06827
   0.07444
  -0.07525
   0.07064
  -0.06094
   0.04684
  -0.02937
   0.00978
   0.01052
  -0.03005
   0.04742
  -0.06137
   0.07090
  -0.07532
   0.07431
  -0.06794
   0.05668
  -0.04133
   0.02300
  -0.00302
  -0.01719
   0.03615
  -0.05251
   0.06508
  -0.07297
   0.07559
  -0.07277
   0.06470
  -0.05197
   0.03549
  -0.01646
  -0.00376
   0.02371
  -0.04196
   0.05717
  -0.06827
   0.07444
  -0.07525
   0.07064
  -0.06094
   0.04684
  -0.02937
   0.00978
   0.01052
  -0.03005
   0.04742
  -0.06137
   0.07090
  -0.07532
   0.07431
  -0.06794
   0.05668
  -0.04133
   0.02300
  -0.00302
  -0.01719
   0.03615
  -0.05251
   0.06508
  -0.07297
   0.07559
  -0.07277
   0.06470
  -0.05197
   0.03549
  -0.01646
  -0.00376
   0.02371
  -0.04196
   0.05717
  -0.06827
   0.07444
  -0.07525
   0.07064
  -0.06094
   0.04684
  -0.02937
   0.00978
   0.01052
  -0.03005
   0.04742
  -0.06137
   0.07090
  -0.07532
   0.07431
  -0.06794
   0.05668
  -0.04133
   0.02300
  -0.00302
  -0.01719
   0.03615
  -0.05251
   0.06508
  -0.07297
   0.07559
  -0.07277
   0.06470
  -0.05197
   0.03549
  -0.01646
  -0.00376
   0.02371
  -0.04196
   0.05717
  -0.06827
   0.07444
  -0.07525
   0.07064
  -0.06094
   0.04684
  -0.02937
   0.00978
   0.01052
  -0.03005
   0.04742
  -0.06137
   0.07090
  -0.07532
   0.07431
  -0.06794
   0.05668
  -0.04133
   0.02300
  -0.00302
  -0.01719
   0.03615
  -0.05251
   0.06508
  -0.07297
   0.07559
  -0.07277
   0.06470
  -0.05197
   0.03549
  -0.01646
  -0.00376
   0.02371
  -0.04196
   0.05717
  -0.06827
   0.07444
  -0.07525
   0.07064
  -0.06094
   0.04684
  -0.02937
   0.00978
   0.01052
  -0.03005
   0.04742
  -0.06137
   0.07090
  -0.07532
   0.07431
  -0.06794
   0.05668
  -0.04133
   0.02300
  -0.00302
  -0.01719
   0.03615
  -0.05251
   0.06508
  -0.07297
   0.07559
  -0.07277
   0.06470
  -0.05197
   0.03549
  -0.01646
  -0.00376
   0.02371
  -0.04196
   0.05717
  -0.06827
   0.07444
  -0.07525
   0.07064
  -0.06094
   0.04684
  -0.02937
   0.00978
   0.01052
  -0.03005
   0.04742
  -0.06137
   0.07090
  -0.07532
   0.07431
  -0.06794
   0.05668
  -0.04133
   0.02300
  -0.00302
  -0.01719
   0.03615
  -0.05251
   0.06508
  -0.07297
   0.07559
  -0.07277
   0.06470
  -0.05197
   0.03549
  -0.01646
  -0.00376
   0.02371
  -0.04196
   0.05717
  -0.06827
   0.07444
  -0.07525
