  -0.01997
  -0.03865
  -0.05454
  -0.06650
  -0.07367
  -0.07552
  -0.07194
  -0.06317
  -0.04984
  -0.03293
  -0.01364
   0.00663
   0.02643
   0.04432
   0.05901
   0.06945
   0.07489
   0.07493
   0.06957
   0.05919
   0.04455
   0.02670
   0.00692
  -0.01336
  -0.03267
  -0.04963
  -0.06301
  -0.07185
  -0.07551
  -0.07373
  -0.06663
  -0.05474
  -0.03889
  -0.02025
  -0.00014
   0.01997
   0.03865
   0.05454
   0.06650
   0.07367
   0.07552
   0.07194
   0.06317
   0.04984
   0.03293
   0.01364
  -0.00663
  -0.02643
  -0.04432
  -0.05901
  -0.06945
  -0.07489
  -0.07493
  -0.06957
  -0.05919
  -0.04455
  -0.02670
  -0.00692
   0.01336
   0.03267
   0.04963
   0.06301
   0.07185
   0.07551
   0.07373
   0.06663
   0.05474
   0.03889
   0.02025
   0.00014
  -0.01997
  -0.03865
  -0.05454
  -0.06650
  -0.07367
  -0.07552
  -0.07194
  -0.06317
  -0.04984
  -0.03293
  -0.01364
   0.00663
   0.02643
   0.04432
   0.05901
   0.06945
   0.07489
   0.07493
   0.06957
   0.05919
   0.04455
   0.02670
   0.00692
  -0.01336
  -0.03267
  -0.04963
  -0.06301
  -0.07185
  -0.07551
  -0.07373
  -0.06663
  -0.05474
  -0.03889
  -0.02025
  -0.00014
   0.01997
   0.03865
   0.05454
   0.06650
   0.07367
   0.07552
   0.07194
   0.06317
   0.04984
   0.03293
   0.01364
  -0.00663
  -0.02643
  -0.04432
  -0.05901
  -0.06945
  -0.07489
  -0.07493
  -0.06957
  -0.05919
  -0.04455
  -0.02670
  -0.00692
   0.01336
   0.03267
   0.04963
   0.06301
   0.07185
   0.07551
   0.07373
   0.06663
   0.05474
   0.03889
   0.02025
   0.00014
  -0.01997
  -0.03865
  -0.05454
  -0.06650
  -0.07367
  -0.07552
  -0.07194
  -0.06317
  -0.04984
  -0.03293
  -0.01364
   0.00663
   0.02643
   0.04432
   0.05901
   0.06945
   0.07489
   0.07493
   0.06957
   0.05919
   0.04455
   0.02670
   0.00692
  -0.01336
  -0.03267
  -0.04963
  -0.06301
  -0.07185
  -0.07551
  -0.07373
  -0.06663
  -0.05474
  -0.03889
  -0.02025
  -0.00014
   0.01997
   0.03865
   0.05454
   0.06650
   0.07367
   0.07552
   0.07194
   0.06317
   0.04984
   0.03293
   0.01364
  -0.00663
  -0.02643
  -0.04432
  -0.05901
  -0.06945
  -0.07489
  -0.07493
  -0.06957
  -0.05919
  -0.04455
  -0.02670
  -0.00692
   0.01336
   0.03267
   0.04963
   0.06301
   0.07185
   0.07551
   0.07373
   0.06663
   0.05474
   0.03889
   0.02025
   0.00014
  -0.01997
  -0.03865
  -0.05454
  -0.06650
  -0.07367
  -0.07552
  -0.07194
  -0.06317
  -0.04984
  -0.03293
  -0.01364
   0.00663
   0.02643
   0.04432
   0.05901
   0.06945
   0.07489
   0.07493
   0.06957
   0.05919
   0.04455
   0.02670
   0.00692
  -0.01336
  -0.03267
  -0.04963
  -0.06301
  -0.07185
  -0.07551
  -0.07373
  -0.06663
  -0.05474
  -0.03889
  -0.02025
  -0.00014
   0.01997
   0.03865
   0.05454
   0.06650
   0.07367
   0.07552
   0.07194
   0.06317
   0.04984
   0.03293
   0.01364
  -0.00663
  -0.02643
  -0.04432
  -0.05901
  -0.06945
  -0.07489
  -0.07493
  -0.06957
  -0.05919
  -0.04455
  -0.02670
  -0.00692
   0.01336
   0.03267
   0.04963
   0.06301
   0.07185
   0.07551
   0.07373
   0.06663
   0.05474
   0.03889
   0.02025
   0.00014
  -0.01997
  -0.03865
  -0.05454
  -0.06650
  -0.07367
  -0.07552
  -0.07194
  -0.06317
  -0.04984
  -0.03293
  -0.01364
   0.00663
   0.02643
   0.04432
   0.05901
   0.06945
   0.07489
   0.07493
   0.06957
   0.05919
   0.04455
   0.02670
   0.00692
  -0.01336
  -0.03267
  -0.04963
  -0.06301
  -0.07185
  -0.07551
  -0.07373
  -0.06663
  -0.05474
  -0.03889
  -0.02025
  -0.00014
   0.01997
   0.03865
   0.05454
   0.06650
   0.07367
   0.07552
   0.07194
   0.06317
   0.04984
   0.03293
   0.01364
  -0.00663
  -0.02643
  -0.04432
  -0.05901
  -0.06945
  -0.07489
  -0.07493
  -0.06957
  -0.05919
  -0.04455
  -0.02670
  -0.00692
   0.01336
   0.03267
   0.04963
   0.06301
   0.07185
   0.07551
   0.07373
   0.06663
   0.05474
   0.03889
   0.02025
   0.00014
