   0.02486
  -0.05587
  -0.06878
   0.00181
   0.07020
   0.05337
  -0.02825
  -0.07558
  -0.03116
   0.05108
   0.07131
   0.00497
  -0.06741
  -0.05795
   0.02185
   0.07513
   0.03721
  -0.04588
  -0.07327
  -0.01171
   0.06407
   0.06207
  -0.01528
  -0.07408
  -0.04295
   0.04031
   0.07464
   0.01836
  -0.06021
  -0.06569
   0.00858
   0.07243
   0.04836
  -0.03442
  -0.07541
  -0.02486
   0.05587
   0.06878
  -0.00181
  -0.07020
  -0.05337
   0.02825
   0.07558
   0.03116
  -0.05108
  -0.07131
  -0.00497
   0.06741
   0.05795
  -0.02185
  -0.07513
  -0.03721
   0.04588
   0.07327
   0.01171
  -0.06407
  -0.06207
   0.01528
   0.07408
   0.04295
  -0.04031
  -0.07464
  -0.01836
   0.06021
   0.06569
  -0.00858
  -0.07243
  -0.04836
   0.03442
   0.07541
   0.02486
  -0.05587
  -0.06878
   0.00181
   0.07020
   0.05337
  -0.02825
  -0.07558
  -0.03116
   0.05108
   0.07131
   0.00497
  -0.06741
  -0.05795
   0.02185
   0.07513
   0.03721
  -0.04588
  -0.07327
  -0.01171
   0.06407
   0.06207
  -0.01528
  -0.07408
  -0.04295
   0.04031
   0.07464
   0.01836
  -0.06021
  -0.06569
   0.00858
   0.07243
   0.04836
  -0.03442
  -0.07541
  -0.02486
   0.05587
   0.06878
  -0.00181
  -0.07020
  -0.05337
   0.02825
   0.07558
   0.03116
  -0.05108
  -0.07131
  -0.00497
   0.06741
   0.05795
  -0.02185
  -0.07513
  -0.03721
   0.04588
   0.07327
   0.01171
  -0.06407
  -0.06207
   0.01528
   0.07408
   0.04295
  -0.04031
  -0.07464
  -0.01836
   0.06021
   0.06569
  -0.00858
  -0.07243
  -0.04836
   0.03442
   0.07541
   0.02486
  -0.05587
  -0.06878
   0.00181
   0.07020
   0.05337
  -0.02825
  -0.07558
  -0.03116
   0.05108
   0.07131
   0.00497
  -0.06741
  -0.05795
   0.02185
   0.07513
   0.03721
  -0.04588
  -0.07327
  -0.01171
   0.06407
   0.06207
  -0.01528
  -0.07408
  -0.04295
   0.04031
   0.07464
   0.01836
  -0.06021
  -0.06569
   0.00858
   0.07243
   0.04836
  -0.03442
  -0.07541
  -0.02486
   0.05587
   0.06878
  -0.00181
  -0.07020
  -0.05337
   0.02825
   0.07558
   0.03116
  -0.05108
  -0.07131
  -0.00497
   0.06741
   0.05795
  -0.02185
  -0.07513
  -0.03721
   0.04588
   0.07327
   0.01171
  -0.06407
  -0.06207
   0.01528
   0.07408
   0.04295
  -0.04031
  -0.07464
  -0.01836
   0.06021
   0.06569
  -0.00858
  -0.07243
  -0.04836
   0.03442
   0.07541
   0.02486
  -0.05587
  -0.06878
   0.00181
   0.07020
   0.05337
  -0.02825
  -0.07558
  -0.03116
   0.05108
   0.07131
   0.00497
  -0.06741
  -0.05795
   0.02185
   0.07513
   0.03721
  -0.04588
  -0.07327
  -0.01171
   0.06407
   0.06207
  -0.01528
  -0.07408
  -0.04295
   0.04031
   0.07464
   0.01836
  -0.06021
  -0.06569
   0.00858
   0.07243
   0.04836
  -0.03442
  -0.07541
  -0.02486
   0.05587
   0.06878
  -0.00181
  -0.07020
  -0.05337
   0.02825
   0.07558
   0.03116
  -0.05108
  -0.07131
  -0.00497
   0.06741
   0.05795
  -0.02185
  -0.07513
  -0.03721
   0.04588
   0.07327
   0.01171
  -0.06407
  -0.06207
   0.01528
   0.07408
   0.04295
  -0.04031
  -0.07464
  -0.01836
   0.06021
   0.06569
  -0.00858
  -0.07243
  -0.04836
   0.03442
   0.07541
   0.02486
  -0.05587
  -0.06878
   0.00181
   0.07020
   0.05337
  -0.02825
  -0.07558
  -0.03116
   0.05108
   0.07131
   0.00497
  -0.06741
  -0.05795
   0.02185
   0.07513
   0.03721
  -0.04588
  -0.07327
  -0.01171
   0.06407
   0.06207
  -0.01528
  -0.07408
  -0.04295
   0.04031
   0.07464
   0.01836
  -0.06021
  -0.06569
   0.00858
   0.07243
   0.04836
  -0.03442
  -0.07541
  -0.02486
   0.05587
   0.06878
  -0.00181
  -0.07020
  -0.05337
   0.02825
   0.07558
   0.03116
  -0.05108
  -0.07131
  -0.00497
   0.06741
   0.05795
  -0.02185
  -0.07513
  -0.03721
   0.04588
   0.07327
   0.01171
  -0.06407
  -0.06207
   0.01528
   0.07408
   0.04295
  -0.04031
  -0.07464
  -0.01836
   0.06021
   0.06569
  -0.00858
  -0.07243
  -0.04836
   0.03442
   0.07541
