   0.07510
  -0.07343
   0.07061
  -0.06667
   0.06168
  -0.05571
   0.04887
  -0.04125
   0.03299
  -0.02421
   0.01504
  -0.00564
  -0.00386
   0.01329
  -0.02251
   0.03138
  -0.03975
   0.04750
  -0.05449
   0.06063
  -0.06581
   0.06995
  -0.07299
   0.07488
  -0.07559
   0.07510
  -0.07343
   0.07061
  -0.06667
   0.06168
  -0.05571
   0.04887
  -0.04125
   0.03299
  -0.02421
   0.01504
  -0.00564
  -0.00386
   0.01329
  -0.02251
   0.03138
  -0.03975
   0.04750
  -0.05449
   0.06063
  -0.06581
   0.06995
  -0.07299
   0.07488
  -0.07559
   0.07510
  -0.07343
   0.07061
  -0.06667
   0.06168
  -0.05571
   0.04887
  -0.04125
   0.03299
  -0.02421
   0.01504
  -0.00564
  -0.00386
   0.01329
  -0.02251
   0.03138
  -0.03975
   0.04750
  -0.05449
   0.06063
  -0.06581
   0.06995
  -0.07299
   0.07488
  -0.07559
   0.07510
  -0.07343
   0.07061
  -0.06667
   0.06168
  -0.05571
   0.04887
  -0.04125
   0.03299
  -0.02421
   0.01504
  -0.00564
  -0.00386
   0.01329
  -0.02251
   0.03138
  -0.03975
   0.04750
  -0.05449
   0.06063
  -0.06581
   0.06995
  -0.07299
   0.07488
  -0.07559
   0.07510
  -0.07343
   0.07061
  -0.06667
   0.06168
  -0.05571
   0.04887
  -0.04125
   0.03299
  -0.02421
   0.01504
  -0.00564
  -0.00386
   0.01329
  -0.02251
   0.03138
  -0.03975
   0.04750
  -0.05449
   0.06063
  -0.06581
   0.06995
  -0.07299
   0.07488
  -0.07559
   0.07510
  -0.07343
   0.07061
  -0.06667
   0.06168
  -0.05571
   0.04887
  -0.04125
   0.03299
  -0.02421
   0.01504
  -0.00564
  -0.00386
   0.01329
  -0.02251
   0.03138
  -0.03975
   0.04750
  -0.05449
   0.06063
  -0.06581
   0.06995
  -0.07299
   0.07488
  -0.07559
   0.07510
  -0.07343
   0.07061
  -0.06667
   0.06168
  -0.05571
   0.04887
  -0.04125
   0.03299
  -0.02421
   0.01504
  -0.00564
  -0.00386
   0.01329
  -0.02251
   0.03138
  -0.03975
   0.04750
  -0.05449
   0.06063
  -0.06581
   0.06995
  -0.07299
   0.07488
  -0.07559
   0.07510
  -0.07343
   0.07061
  -0.06667
   0.06168
  -0.05571
   0.04887
  -0.04125
   0.03299
  -0.02421
   0.01504
  -0.00564
  -0.00386
   0.01329
  -0.02251
   0.03138
  -0.03975
   0.04750
  -0.05449
   0.06063
  -0.06581
   0.06995
  -0.07299
   0.07488
  -0.07559
   0.07510
  -0.07343
   0.07061
  -0.06667
   0.06168
  -0.05571
   0.04887
  -0.04125
   0.03299
  -0.02421
   0.01504
  -0.00564
  -0.00386
   0.01329
  -0.02251
   0.03138
  -0.03975
   0.04750
  -0.05449
   0.06063
  -0.06581
   0.06995
  -0.07299
   0.07488
  -0.07559
   0.07510
  -0.07343
   0.07061
  -0.06667
   0.06168
  -0.05571
   0.04887
  -0.04125
   0.03299
  -0.02421
   0.01504
  -0.00564
  -0.00386
   0.01329
  -0.02251
   0.03138
  -0.03975
   0.04750
  -0.05449
   0.06063
  -0.06581
   0.06995
  -0.07299
   0.07488
  -0.07559
   0.07510
  -0.07343
   0.07061
  -0.06667
   0.06168
  -0.05571
   0.04887
  -0.04125
   0.03299
  -0.02421
   0.01504
  -0.00564
  -0.00386
   0.01329
  -0.02251
   0.03138
  -0.03975
   0.04750
  -0.05449
   0.06063
  -0.06581
   0.06995
  -0.07299
   0.07488
  -0.07559
   0.07510
  -0.07343
   0.07061
  -0.06667
   0.06168
  -0.05571
   0.04887
  -0.04125
   0.03299
  -0.02421
   0.01504
  -0.00564
  -0.00386
   0.01329
  -0.02251
   0.03138
  -0.03975
   0.04750
  -0.05449
   0.06063
  -0.06581
   0.06995
  -0.07299
   0.07488
  -0.07559
   0.07510
  -0.07343
   0.07061
  -0.06667
   0.06168
  -0.05571
   0.04887
  -0.04125
   0.03299
  -0.02421
   0.01504
  -0.00564
  -0.00386
   0.01329
  -0.02251
   0.03138
  -0.03975
   0.04750
  -0.05449
   0.06063
  -0.06581
   0.06995
  -0.07299
   0.07488
  -0.07559
   0.07510
  -0.07343
   0.07061
  -0.06667
   0.06168
  -0.05571
   0.04887
  -0.04125
   0.03299
  -0.02421
   0.01504
  -0.00564
  -0.00386
   0.01329
  -0.02251
   0.03138
  -0.03975
   0.04750
  -0.05449
   0.06063
  -0.06581
   0.06995
  -0.07299
   0.07488
  -0.07559
