   0.06105
  -0.03203
  -0.00492
   0.04065
  -0.06633
   0.07559
  -0.06616
   0.04036
  -0.00457
  -0.03235
   0.06126
  -0.07502
   0.07022
  -0.04805
   0.01399
   0.02353
  -0.05523
   0.07326
  -0.07317
   0.05498
  -0.02319
  -0.01434
   0.04832
  -0.07035
   0.07497
  -0.06105
   0.03203
   0.00492
  -0.04065
   0.06633
  -0.07559
   0.06616
  -0.04036
   0.00457
   0.03235
  -0.06126
   0.07502
  -0.07022
   0.04805
  -0.01399
  -0.02353
   0.05523
  -0.07326
   0.07317
  -0.05498
   0.02319
   0.01434
  -0.04832
   0.07035
  -0.07497
   0.06105
  -0.03203
  -0.00492
   0.04065
  -0.06633
   0.07559
  -0.06616
   0.04036
  -0.00457
  -0.03235
   0.06126
  -0.07502
   0.07022
  -0.04805
   0.01399
   0.02353
  -0.05523
   0.07326
  -0.07317
   0.05498
  -0.02319
  -0.01434
   0.04832
  -0.07035
   0.07497
  -0.06105
   0.03203
   0.00492
  -0.04065
   0.06633
  -0.07559
   0.06616
  -0.04036
   0.00457
   0.03235
  -0.06126
   0.07502
  -0.07022
   0.04805
  -0.01399
  -0.02353
   0.05523
  -0.07326
   0.07317
  -0.05498
   0.02319
   0.01434
  -0.04832
   0.07035
  -0.07497
   0.06105
  -0.03203
  -0.00492
   0.04065
  -0.06633
   0.07559
  -0.06616
   0.04036
  -0.00457
  -0.03235
   0.06126
  -0.07502
   0.07022
  -0.04805
   0.01399
   0.02353
  -0.05523
   0.07326
  -0.07317
   0.05498
  -0.02319
  -0.01434
   0.04832
  -0.07035
   0.07497
  -0.06105
   0.03203
   0.00492
  -0.04065
   0.06633
  -0.07559
   0.06616
  -0.04036
   0.00457
   0.03235
  -0.06126
   0.07502
  -0.07022
   0.04805
  -0.01399
  -0.02353
   0.05523
  -0.07326
   0.07317
  -0.05498
   0.02319
   0.01434
  -0.04832
   0.07035
  -0.07497
   0.06105
  -0.03203
  -0.00492
   0.04065
  -0.06633
   0.07559
  -0.06616
   0.04036
  -0.00457
  -0.03235
   0.06126
  -0.07502
   0.07022
  -0.04805
   0.01399
   0.02353
  -0.05523
   0.07326
  -0.07317
   0.05498
  -0.02319
  -0.01434
   0.04832
  -0.07035
   0.07497
  -0.06105
   0.03203
   0.00492
  -0.04065
   0.06633
  -0.07559
   0.06616
  -0.04036
   0.00457
   0.03235
  -0.06126
   0.07502
  -0.07022
   0.04805
  -0.01399
  -0.02353
   0.05523
  -0.07326
   0.07317
  -0.05498
   0.02319
   0.01434
  -0.04832
   0.07035
  -0.07497
   0.06105
  -0.03203
  -0.00492
   0.04065
  -0.06633
   0.07559
  -0.06616
   0.04036
  -0.00457
  -0.03235
   0.06126
  -0.07502
   0.07022
  -0.04805
   0.01399
   0.02353
  -0.05523
   0.07326
  -0.07317
   0.05498
  -0.02319
  -0.01434
   0.04832
  -0.07035
   0.07497
  -0.06105
   0.03203
   0.00492
  -0.04065
   0.06633
  -0.07559
   0.06616
  -0.04036
   0.00457
   0.03235
  -0.06126
   0.07502
  -0.07022
   0.04805
  -0.01399
  -0.02353
   0.05523
  -0.07326
   0.07317
  -0.05498
   0.02319
   0.01434
  -0.04832
   0.07035
  -0.07497
   0.06105
  -0.03203
  -0.00492
   0.04065
  -0.06633
   0.07559
  -0.06616
   0.04036
  -0.00457
  -0.03235
   0.06126
  -0.07502
   0.07022
  -0.04805
   0.01399
   0.02353
  -0.05523
   0.07326
  -0.07317
   0.05498
  -0.02319
  -0.01434
   0.04832
  -0.07035
   0.07497
  -0.06105
   0.03203
   0.00492
  -0.04065
   0.06633
  -0.07559
   0.06616
  -0.04036
   0.00457
   0.03235
  -0.06126
   0.07502
  -0.07022
   0.04805
  -0.01399
  -0.02353
   0.05523
  -0.07326
   0.07317
  -0.05498
   0.02319
   0.01434
  -0.04832
   0.07035
  -0.07497
   0.06105
  -0.03203
  -0.00492
   0.04065
  -0.06633
   0.07559
  -0.06616
   0.04036
  -0.00457
  -0.03235
   0.06126
  -0.07502
   0.07022
  -0.04805
   0.01399
   0.02353
  -0.05523
   0.07326
  -0.07317
   0.05498
  -0.02319
  -0.01434
   0.04832
  -0.07035
   0.07497
  -0.06105
   0.03203
   0.00492
  -0.04065
   0.06633
  -0.07559
   0.06616
  -0.04036
   0.00457
   0.03235
  -0.06126
   0.07502
  -0.07022
   0.04805
  -0.01399
  -0.02353
   0.05523
  -0.07326
   0.07317
  -0.05498
   0.02319
   0.01434
  -0.04832
   0.07035
  -0.07497
