  -0.07139
  -0.05092
   0.03137
   0.07557
   0.02804
  -0.05353
  -0.07012
  -0.00158
   0.06887
   0.05572
  -0.02507
  -0.07543
  -0.03422
   0.04853
   0.07237
   0.00835
  -0.06580
  -0.06007
   0.01858
   0.07468
   0.04012
  -0.04314
  -0.07403
  -0.01505
   0.06220
   0.06395
  -0.01194
  -0.07333
  -0.04570
   0.03741
   0.07510
   0.02163
  -0.05810
  -0.06730
   0.00520
   0.07139
   0.05092
  -0.03137
  -0.07557
  -0.02804
   0.05353
   0.07012
   0.00158
  -0.06887
  -0.05572
   0.02507
   0.07543
   0.03422
  -0.04853
  -0.07237
  -0.00835
   0.06580
   0.06007
  -0.01858
  -0.07468
  -0.04012
   0.04314
   0.07403
   0.01505
  -0.06220
  -0.06395
   0.01194
   0.07333
   0.04570
  -0.03741
  -0.07510
  -0.02163
   0.05810
   0.06730
  -0.00520
  -0.07139
  -0.05092
   0.03137
   0.07557
   0.02804
  -0.05353
  -0.07012
  -0.00158
   0.06887
   0.05572
  -0.02507
  -0.07543
  -0.03422
   0.04853
   0.07237
   0.00835
  -0.06580
  -0.06007
   0.01858
   0.07468
   0.04012
  -0.04314
  -0.07403
  -0.01505
   0.06220
   0.06395
  -0.01194
  -0.07333
  -0.04570
   0.03741
   0.07510
   0.02163
  -0.05810
  -0.06730
   0.00520
   0.07139
   0.05092
  -0.03137
  -0.07557
  -0.02804
   0.05353
   0.07012
   0.00158
  -0.06887
  -0.05572
   0.02507
   0.07543
   0.03422
  -0.04853
  -0.07237
  -0.00835
   0.06580
   0.06007
  -0.01858
  -0.07468
  -0.04012
   0.04314
   0.07403
   0.01505
  -0.06220
  -0.06395
   0.01194
   0.07333
   0.04570
  -0.03741
  -0.07510
  -0.02163
   0.05810
   0.06730
  -0.00520
  -0.07139
  -0.05092
   0.03137
   0.07557
   0.02804
  -0.05353
  -0.07012
  -0.00158
   0.06887
   0.05572
  -0.02507
  -0.07543
  -0.03422
   0.04853
   0.07237
   0.00835
  -0.06580
  -0.06007
   0.01858
   0.07468
   0.04012
  -0.04314
  -0.07403
  -0.01505
   0.06220
   0.06395
  -0.01194
  -0.07333
  -0.04570
   0.03741
   0.07510
   0.02163
  -0.05810
  -0.06730
   0.00520
   0.07139
   0.05092
  -0.03137
  -0.07557
  -0.02804
   0.05353
   0.07012
   0.00158
  -0.06887
  -0.05572
   0.02507
   0.07543
   0.03422
  -0.04853
  -0.07237
  -0.00835
   0.06580
   0.06007
  -0.01858
  -0.07468
  -0.04012
   0.04314
   0.07403
   0.01505
  -0.06220
  -0.06395
   0.01194
   0.07333
   0.04570
  -0.03741
  -0.07510
  -0.02163
   0.05810
   0.06730
  -0.00520
  -0.07139
  -0.05092
   0.03137
   0.07557
   0.02804
  -0.05353
  -0.07012
  -0.00158
   0.06887
   0.05572
  -0.02507
  -0.07543
  -0.03422
   0.04853
   0.07237
   0.00835
  -0.06580
  -0.06007
   0.01858
   0.07468
   0.04012
  -0.04314
  -0.07403
  -0.01505
   0.06220
   0.06395
  -0.01194
  -0.07333
  -0.04570
   0.03741
   0.07510
   0.02163
  -0.05810
  -0.06730
   0.00520
   0.07139
   0.05092
  -0.03137
  -0.07557
  -0.02804
   0.05353
   0.07012
   0.00158
  -0.06887
  -0.05572
   0.02507
   0.07543
   0.03422
  -0.04853
  -0.07237
  -0.00835
   0.06580
   0.06007
  -0.01858
  -0.07468
  -0.04012
   0.04314
   0.07403
   0.01505
  -0.06220
  -0.06395
   0.01194
   0.07333
   0.04570
  -0.03741
  -0.07510
  -0.02163
   0.05810
   0.06730
  -0.00520
  -0.07139
  -0.05092
   0.03137
   0.07557
   0.02804
  -0.05353
  -0.07012
  -0.00158
   0.06887
   0.05572
  -0.02507
  -0.07543
  -0.03422
   0.04853
   0.07237
   0.00835
  -0.06580
  -0.06007
   0.01858
   0.07468
   0.04012
  -0.04314
  -0.07403
  -0.01505
   0.06220
   0.06395
  -0.01194
  -0.07333
  -0.04570
   0.03741
   0.07510
   0.02163
  -0.05810
  -0.06730
   0.00520
   0.07139
   0.05092
  -0.03137
  -0.07557
  -0.02804
   0.05353
   0.07012
   0.00158
  -0.06887
  -0.05572
   0.02507
   0.07543
   0.03422
  -0.04853
  -0.07237
  -0.00835
   0.06580
   0.06007
  -0.01858
  -0.07468
  -0.04012
   0.04314
   0.07403
   0.01505
  -0.06220
  -0.06395
   0.01194
   0.07333
   0.04570
  -0.03741
  -0.07510
  -0.02163
   0.05810
   0.06730
  -0.00520
