   0.07436
  -0.07284
   0.07073
  -0.06806
   0.06484
  -0.06109
   0.05685
  -0.05216
   0.04704
  -0.04155
   0.03572
  -0.02961
   0.02325
  -0.01671
   0.01004
  -0.00328
  -0.00350
   0.01026
  -0.01693
   0.02347
  -0.02981
   0.03592
  -0.04174
   0.04722
  -0.05232
   0.05700
  -0.06122
   0.06495
  -0.06816
   0.07081
  -0.07290
   0.07440
  -0.07530
   0.07559
  -0.07528
   0.07436
  -0.07284
   0.07073
  -0.06806
   0.06484
  -0.06109
   0.05685
  -0.05216
   0.04704
  -0.04155
   0.03572
  -0.02961
   0.02325
  -0.01671
   0.01004
  -0.00328
  -0.00350
   0.01026
  -0.01693
   0.02347
  -0.02981
   0.03592
  -0.04174
   0.04722
  -0.05232
   0.05700
  -0.06122
   0.06495
  -0.06816
   0.07081
  -0.07290
   0.07440
  -0.07530
   0.07559
  -0.07528
   0.07436
  -0.07284
   0.07073
  -0.06806
   0.06484
  -0.06109
   0.05685
  -0.05216
   0.04704
  -0.04155
   0.03572
  -0.02961
   0.02325
  -0.01671
   0.01004
  -0.00328
  -0.00350
   0.01026
  -0.01693
   0.02347
  -0.02981
   0.03592
  -0.04174
   0.04722
  -0.05232
   0.05700
  -0.06122
   0.06495
  -0.06816
   0.07081
  -0.07290
   0.07440
  -0.07530
   0.07559
  -0.07528
   0.07436
  -0.07284
   0.07073
  -0.06806
   0.06484
  -0.06109
   0.05685
  -0.05216
   0.04704
  -0.04155
   0.03572
  -0.02961
   0.02325
  -0.01671
   0.01004
  -0.00328
  -0.00350
   0.01026
  -0.01693
   0.02347
  -0.02981
   0.03592
  -0.04174
   0.04722
  -0.05232
   0.05700
  -0.06122
   0.06495
  -0.06816
   0.07081
  -0.07290
   0.07440
  -0.07530
   0.07559
  -0.07528
   0.07436
  -0.07284
   0.07073
  -0.06806
   0.06484
  -0.06109
   0.05685
  -0.05216
   0.04704
  -0.04155
   0.03572
  -0.02961
   0.02325
  -0.01671
   0.01004
  -0.00328
  -0.00350
   0.01026
  -0.01693
   0.02347
  -0.02981
   0.03592
  -0.04174
   0.04722
  -0.05232
   0.05700
  -0.06122
   0.06495
  -0.06816
   0.07081
  -0.07290
   0.07440
  -0.07530
   0.07559
  -0.07528
   0.07436
  -0.07284
   0.07073
  -0.06806
   0.06484
  -0.06109
   0.05685
  -0.05216
   0.04704
  -0.04155
   0.03572
  -0.02961
   0.02325
  -0.01671
   0.01004
  -0.00328
  -0.00350
   0.01026
  -0.01693
   0.02347
  -0.02981
   0.03592
  -0.04174
   0.04722
  -0.05232
   0.05700
  -0.06122
   0.06495
  -0.06816
   0.07081
  -0.07290
   0.07440
  -0.07530
   0.07559
  -0.07528
   0.07436
  -0.07284
   0.07073
  -0.06806
   0.06484
  -0.06109
   0.05685
  -0.05216
   0.04704
  -0.04155
   0.03572
  -0.02961
   0.02325
  -0.01671
   0.01004
  -0.00328
  -0.00350
   0.01026
  -0.01693
   0.02347
  -0.02981
   0.03592
  -0.04174
   0.04722
  -0.05232
   0.05700
  -0.06122
   0.06495
  -0.06816
   0.07081
  -0.07290
   0.07440
  -0.07530
   0.07559
  -0.07528
   0.07436
  -0.07284
   0.07073
  -0.06806
   0.06484
  -0.06109
   0.05685
  -0.05216
   0.04704
  -0.04155
   0.03572
  -0.02961
   0.02325
  -0.01671
   0.01004
  -0.00328
  -0.00350
   0.01026
  -0.01693
   0.02347
  -0.02981
   0.03592
  -0.04174
   0.04722
  -0.05232
   0.05700
  -0.06122
   0.06495
  -0.06816
   0.07081
  -0.07290
   0.07440
  -0.07530
   0.07559
  -0.07528
   0.07436
  -0.07284
   0.07073
  -0.06806
   0.06484
  -0.06109
   0.05685
  -0.05216
   0.04704
  -0.04155
   0.03572
  -0.02961
   0.02325
  -0.01671
   0.01004
  -0.00328
  -0.00350
   0.01026
  -0.01693
   0.02347
  -0.02981
   0.03592
  -0.04174
   0.04722
  -0.05232
   0.05700
  -0.06122
   0.06495
  -0.06816
   0.07081
  -0.07290
   0.07440
  -0.07530
   0.07559
  -0.07528
   0.07436
  -0.07284
   0.07073
  -0.06806
   0.06484
  -0.06109
   0.05685
  -0.05216
   0.04704
  -0.04155
   0.03572
  -0.02961
   0.02325
  -0.01671
   0.01004
  -0.00328
  -0.00350
   0.01026
  -0.01693
   0.02347
  -0.02981
   0.03592
  -0.04174
   0.04722
  -0.05232
   0.05700
  -0.06122
   0.06495
  -0.06816
   0.07081
  -0.07290
   0.07440
  -0.07530
   0.07559
  -0.07528
