   0.01393
   0.02570
   0.03681
   0.04695
   0.05587
   0.06333
   0.06915
   0.07316
   0.07527
   0.07541
   0.07360
   0.06986
   0.06431
   0.05708
   0.04837
   0.03839
   0.02741
   0.01573
   0.00363
  -0.00857
  -0.02054
  -0.03197
  -0.04258
  -0.05207
  -0.06021
  -0.06678
  -0.07161
  -0.07457
  -0.07559
  -0.07465
  -0.07175
  -0.06699
  -0.06049
  -0.05241
  -0.04296
  -0.03240
  -0.02099
  -0.00903
   0.00316
   0.01527
   0.02698
   0.03798
   0.04800
   0.05677
   0.06406
   0.06968
   0.07349
   0.07538
   0.07531
   0.07328
   0.06933
   0.06359
   0.05618
   0.04732
   0.03722
   0.02615
   0.01440
   0.00227
  -0.00991
  -0.02184
  -0.03320
  -0.04369
  -0.05304
  -0.06102
  -0.06740
  -0.07203
  -0.07478
  -0.07558
  -0.07442
  -0.07132
  -0.06636
  -0.05967
  -0.05142
  -0.04184
  -0.03117
  -0.01968
  -0.00769
   0.00451
   0.01659
   0.02824
   0.03915
   0.04904
   0.05766
   0.06477
   0.07020
   0.07380
   0.07547
   0.07518
   0.07293
   0.06878
   0.06284
   0.05527
   0.04625
   0.03603
   0.02487
   0.01306
   0.00091
  -0.01126
  -0.02314
  -0.03441
  -0.04479
  -0.05400
  -0.06181
  -0.06800
  -0.07243
  -0.07497
  -0.07555
  -0.07417
  -0.07086
  -0.06569
  -0.05882
  -0.05042
  -0.04070
  -0.02993
  -0.01837
  -0.00633
   0.00587
   0.01791
   0.02949
   0.04031
   0.05007
   0.05853
   0.06546
   0.07069
   0.07408
   0.07554
   0.07503
   0.07256
   0.06821
   0.06208
   0.05433
   0.04517
   0.03483
   0.02358
   0.01172
  -0.00044
  -0.01260
  -0.02442
  -0.03561
  -0.04588
  -0.05494
  -0.06258
  -0.06859
  -0.07281
  -0.07513
  -0.07550
  -0.07390
  -0.07037
  -0.06501
  -0.05796
  -0.04940
  -0.03955
  -0.02868
  -0.01705
  -0.00498
   0.00722
   0.01923
   0.03074
   0.04145
   0.05108
   0.05938
   0.06613
   0.07116
   0.07434
   0.07558
   0.07485
   0.07217
   0.06761
   0.06129
   0.05338
   0.04407
   0.03362
   0.02229
   0.01038
  -0.00180
  -0.01393
  -0.02570
  -0.03681
  -0.04695
  -0.05587
  -0.06333
  -0.06915
  -0.07316
  -0.07527
  -0.07541
  -0.07360
  -0.06986
  -0.06431
  -0.05708
  -0.04837
  -0.03839
  -0.02741
  -0.01573
  -0.00363
   0.00857
   0.02054
   0.03197
   0.04258
   0.05207
   0.06021
   0.06678
   0.07161
   0.07457
   0.07559
   0.07465
   0.07175
   0.06699
   0.06049
   0.05241
   0.04296
   0.03240
   0.02099
   0.00903
  -0.00316
  -0.01527
  -0.02698
  -0.03798
  -0.04800
  -0.05677
  -0.06406
  -0.06968
  -0.07349
  -0.07538
  -0.07531
  -0.07328
  -0.06933
  -0.06359
  -0.05618
  -0.04732
  -0.03722
  -0.02615
  -0.01440
  -0.00227
   0.00991
   0.02184
   0.03320
   0.04369
   0.05304
   0.06102
   0.06740
   0.07203
   0.07478
   0.07558
   0.07442
   0.07132
   0.06636
   0.05967
   0.05142
   0.04184
   0.03117
   0.01968
   0.00769
  -0.00451
  -0.01659
  -0.02824
  -0.03915
  -0.04904
  -0.05766
  -0.06477
  -0.07020
  -0.07380
  -0.07547
  -0.07518
  -0.07293
  -0.06878
  -0.06284
  -0.05527
  -0.04625
  -0.03603
  -0.02487
  -0.01306
  -0.00091
   0.01126
   0.02314
   0.03441
   0.04479
   0.05400
   0.06181
   0.06800
   0.07243
   0.07497
   0.07555
   0.07417
   0.07086
   0.06569
   0.05882
   0.05042
   0.04070
   0.02993
   0.01837
   0.00633
  -0.00587
  -0.01791
  -0.02949
  -0.04031
  -0.05007
  -0.05853
  -0.06546
  -0.07069
  -0.07408
  -0.07554
  -0.07503
  -0.07256
  -0.06821
  -0.06208
  -0.05433
  -0.04517
  -0.03483
  -0.02358
  -0.01172
   0.00044
   0.01260
   0.02442
   0.03561
   0.04588
   0.05494
   0.06258
   0.06859
   0.07281
   0.07513
   0.07550
   0.07390
   0.07037
   0.06501
   0.05796
   0.04940
   0.03955
   0.02868
   0.01705
   0.00498
  -0.00722
  -0.01923
  -0.03074
  -0.04145
  -0.05108
  -0.05938
  -0.06613
  -0.07116
  -0.07434
  -0.07558
  -0.07485
  -0.07217
  -0.06761
  -0.06129
  -0.05338
  -0.04407
  -0.03362
  -0.02229
  -0.01038
   0.00180
