  -0.05436
   0.07559
  -0.05584
   0.00582
   0.04735
  -0.07485
   0.06179
  -0.01523
  -0.03959
   0.07294
  -0.06676
   0.02439
   0.03120
  -0.06988
   0.07068
  -0.03316
  -0.02233
   0.06571
  -0.07348
   0.04141
   0.01310
  -0.06051
   0.07512
  -0.04901
  -0.00367
   0.05436
  -0.07559
   0.05584
  -0.00582
  -0.04735
   0.07485
  -0.06179
   0.01523
   0.03959
  -0.07294
   0.06676
  -0.02439
  -0.03120
   0.06988
  -0.07068
   0.03316
   0.02233
  -0.06571
   0.07348
  -0.04141
  -0.01310
   0.06051
  -0.07512
   0.04901
   0.00367
  -0.05436
   0.07559
  -0.05584
   0.00582
   0.04735
  -0.07485
   0.06179
  -0.01523
  -0.03959
   0.07294
  -0.06676
   0.02439
   0.03120
  -0.06988
   0.07068
  -0.03316
  -0.02233
   0.06571
  -0.07348
   0.04141
   0.01310
  -0.06051
   0.07512
  -0.04901
  -0.00367
   0.05436
  -0.07559
   0.05584
  -0.00582
  -0.04735
   0.07485
  -0.06179
   0.01523
   0.03959
  -0.07294
   0.06676
  -0.02439
  -0.03120
   0.06988
  -0.07068
   0.03316
   0.02233
  -0.06571
   0.07348
  -0.04141
  -0.01310
   0.06051
  -0.07512
   0.04901
   0.00367
  -0.05436
   0.07559
  -0.05584
   0.00582
   0.04735
  -0.07485
   0.06179
  -0.01523
  -0.03959
   0.07294
  -0.06676
   0.02439
   0.03120
  -0.06988
   0.07068
  -0.03316
  -0.02233
   0.06571
  -0.07348
   0.04141
   0.01310
  -0.06051
   0.07512
  -0.04901
  -0.00367
   0.05436
  -0.07559
   0.05584
  -0.00582
  -0.04735
   0.07485
  -0.06179
   0.01523
   0.03959
  -0.07294
   0.06676
  -0.02439
  -0.03120
   0.06988
  -0.07068
   0.03316
   0.02233
  -0.06571
   0.07348
  -0.04141
  -0.01310
   0.06051
  -0.07512
   0.04901
   0.00367
  -0.05436
   0.07559
  -0.05584
   0.00582
   0.04735
  -0.07485
   0.06179
  -0.01523
  -0.03959
   0.07294
  -0.06676
   0.02439
   0.03120
  -0.06988
   0.07068
  -0.03316
  -0.02233
   0.06571
  -0.07348
   0.04141
   0.01310
  -0.06051
   0.07512
  -0.04901
  -0.00367
   0.05436
  -0.07559
   0.05584
  -0.00582
  -0.04735
   0.07485
  -0.06179
   0.01523
   0.03959
  -0.07294
   0.06676
  -0.02439
  -0.03120
   0.06988
  -0.07068
   0.03316
   0.02233
  -0.06571
   0.07348
  -0.04141
  -0.01310
   0.06051
  -0.07512
   0.04901
   0.00367
  -0.05436
   0.07559
  -0.05584
   0.00582
   0.04735
  -0.07485
   0.06179
  -0.01523
  -0.03959
   0.07294
  -0.06676
   0.02439
   0.03120
  -0.06988
   0.07068
  -0.03316
  -0.02233
   0.06571
  -0.07348
   0.04141
   0.01310
  -0.06051
   0.07512
  -0.04901
  -0.00367
   0.05436
  -0.07559
   0.05584
  -0.00582
  -0.04735
   0.07485
  -0.06179
   0.01523
   0.03959
  -0.07294
   0.06676
  -0.02439
  -0.03120
   0.06988
  -0.07068
   0.03316
   0.02233
  -0.06571
   0.07348
  -0.04141
  -0.01310
   0.06051
  -0.07512
   0.04901
   0.00367
  -0.05436
   0.07559
  -0.05584
   0.00582
   0.04735
  -0.07485
   0.06179
  -0.01523
  -0.03959
   0.07294
  -0.06676
   0.02439
   0.03120
  -0.06988
   0.07068
  -0.03316
  -0.02233
   0.06571
  -0.07348
   0.04141
   0.01310
  -0.06051
   0.07512
  -0.04901
  -0.00367
   0.05436
  -0.07559
   0.05584
  -0.00582
  -0.04735
   0.07485
  -0.06179
   0.01523
   0.03959
  -0.07294
   0.06676
  -0.02439
  -0.03120
   0.06988
  -0.07068
   0.03316
   0.02233
  -0.06571
   0.07348
  -0.04141
  -0.01310
   0.06051
  -0.07512
   0.04901
   0.00367
  -0.05436
   0.07559
  -0.05584
   0.00582
   0.04735
  -0.07485
   0.06179
  -0.01523
  -0.03959
   0.07294
  -0.06676
   0.02439
   0.03120
  -0.06988
   0.07068
  -0.03316
  -0.02233
   0.06571
  -0.07348
   0.04141
   0.01310
  -0.06051
   0.07512
  -0.04901
  -0.00367
   0.05436
  -0.07559
   0.05584
  -0.00582
  -0.04735
   0.07485
  -0.06179
   0.01523
   0.03959
  -0.07294
   0.06676
  -0.02439
  -0.03120
   0.06988
  -0.07068
   0.03316
   0.02233
  -0.06571
   0.07348
  -0.04141
  -0.01310
   0.06051
  -0.07512
   0.04901
   0.00367
