  -0.05410
   0.00058
   0.05328
  -0.07559
   0.05314
   0.00078
  -0.05424
   0.07558
  -0.05217
  -0.00214
   0.05518
  -0.07554
   0.05117
   0.00349
  -0.05609
   0.07548
  -0.05017
  -0.00485
   0.05699
  -0.07539
   0.04914
   0.00620
  -0.05788
   0.07528
  -0.04811
  -0.00755
   0.05874
  -0.07514
   0.04705
   0.00890
  -0.05958
   0.07498
  -0.04598
  -0.01025
   0.06041
  -0.07480
   0.04490
   0.01159
  -0.06122
   0.07459
  -0.04380
  -0.01293
   0.06200
  -0.07436
   0.04268
   0.01427
  -0.06277
   0.07410
  -0.04156
  -0.01560
   0.06351
  -0.07382
   0.04042
   0.01692
  -0.06424
   0.07352
  -0.03926
  -0.01824
   0.06495
  -0.07319
   0.03810
   0.01955
  -0.06563
   0.07284
  -0.03692
  -0.02086
   0.06629
  -0.07247
   0.03573
   0.02216
  -0.06693
   0.07207
  -0.03453
  -0.02346
   0.06755
  -0.07165
   0.03332
   0.02474
  -0.06815
   0.07120
  -0.03209
  -0.02602
   0.06873
  -0.07074
   0.03086
   0.02729
  -0.06928
   0.07025
  -0.02962
  -0.02855
   0.06981
  -0.06973
   0.02836
   0.02980
  -0.07032
   0.06920
  -0.02710
  -0.03105
   0.07081
  -0.06864
   0.02583
   0.03228
  -0.07127
   0.06806
  -0.02455
  -0.03350
   0.07171
  -0.06746
   0.02326
   0.03471
  -0.07213
   0.06684
  -0.02197
  -0.03591
   0.07253
  -0.06619
   0.02066
   0.03710
  -0.07290
   0.06553
  -0.01936
  -0.03828
   0.07324
  -0.06484
   0.01804
   0.03944
  -0.07357
   0.06413
  -0.01672
  -0.04059
   0.07387
  -0.06340
   0.01539
   0.04173
  -0.07414
   0.06265
  -0.01406
  -0.04285
   0.07440
  -0.06188
   0.01273
   0.04397
  -0.07462
   0.06110
  -0.01139
  -0.04506
   0.07483
  -0.06029
   0.01005
   0.04614
  -0.07501
   0.05946
  -0.00870
  -0.04721
   0.07517
  -0.05861
   0.00735
   0.04826
  -0.07530
   0.05774
  -0.00600
  -0.04930
   0.07541
  -0.05686
   0.00464
   0.05032
  -0.07549
   0.05596
  -0.00329
  -0.05133
   0.07555
  -0.05503
   0.00193
   0.05231
  -0.07558
   0.05410
  -0.00058
  -0.05328
   0.07559
  -0.05314
  -0.00078
   0.05424
  -0.07558
   0.05217
   0.00214
  -0.05518
   0.07554
  -0.05117
  -0.00349
   0.05609
  -0.07548
   0.05017
   0.00485
  -0.05699
   0.07539
  -0.04914
  -0.00620
   0.05788
  -0.07528
   0.04811
   0.00755
  -0.05874
   0.07514
  -0.04705
  -0.00890
   0.05958
  -0.07498
   0.04598
   0.01025
  -0.06041
   0.07480
  -0.04490
  -0.01159
   0.06122
  -0.07459
   0.04380
   0.01293
  -0.06200
   0.07436
  -0.04268
  -0.01427
   0.06277
  -0.07410
   0.04156
   0.01560
  -0.06351
   0.07382
  -0.04042
  -0.01692
   0.06424
  -0.07352
   0.03926
   0.01824
  -0.06495
   0.07319
  -0.03810
  -0.01955
   0.06563
  -0.07284
   0.03692
   0.02086
  -0.06629
   0.07247
  -0.03573
  -0.02216
   0.06693
  -0.07207
   0.03453
   0.02346
  -0.06755
   0.07165
  -0.03332
  -0.02474
   0.06815
  -0.07120
   0.03209
   0.02602
  -0.06873
   0.07074
  -0.03086
  -0.02729
   0.06928
  -0.07025
   0.02962
   0.02855
  -0.06981
   0.06973
  -0.02836
  -0.02980
   0.07032
  -0.06920
   0.02710
   0.03105
  -0.07081
   0.06864
  -0.02583
  -0.03228
   0.07127
  -0.06806
   0.02455
   0.03350
  -0.07171
   0.06746
  -0.02326
  -0.03471
   0.07213
  -0.06684
   0.02197
   0.03591
  -0.07253
   0.06619
  -0.02066
  -0.03710
   0.07290
  -0.06553
   0.01936
   0.03828
  -0.07324
   0.06484
  -0.01804
  -0.03944
   0.07357
  -0.06413
   0.01672
   0.04059
  -0.07387
   0.06340
  -0.01539
  -0.04173
   0.07414
  -0.06265
   0.01406
   0.04285
  -0.07440
   0.06188
  -0.01273
  -0.04397
   0.07462
  -0.06110
   0.01139
   0.04506
  -0.07483
   0.06029
  -0.01005
  -0.04614
   0.07501
  -0.05946
   0.00870
   0.04721
  -0.07517
   0.05861
  -0.00735
  -0.04826
   0.07530
  -0.05774
   0.00600
   0.04930
  -0.07541
   0.05686
  -0.00464
  -0.05032
   0.07549
  -0.05596
   0.00329
   0.05133
  -0.07555
   0.05503
  -0.00193
  -0.05231
   0.07558
