   0.07559
  -0.00308
  -0.07532
   0.00983
   0.07443
  -0.01651
  -0.07295
   0.02306
   0.07088
  -0.02942
  -0.06824
   0.03554
   0.06505
  -0.04138
  -0.06134
   0.04688
   0.05713
  -0.05201
  -0.05247
   0.05672
   0.04738
  -0.06097
  -0.04191
   0.06473
   0.03610
  -0.06797
  -0.03000
   0.07066
   0.02366
  -0.07278
  -0.01713
   0.07432
   0.01046
  -0.07526
  -0.00371
   0.07559
  -0.00308
  -0.07532
   0.00983
   0.07443
  -0.01651
  -0.07295
   0.02306
   0.07088
  -0.02942
  -0.06824
   0.03554
   0.06505
  -0.04138
  -0.06134
   0.04688
   0.05713
  -0.05201
  -0.05247
   0.05672
   0.04738
  -0.06097
  -0.04191
   0.06473
   0.03610
  -0.06797
  -0.03000
   0.07066
   0.02366
  -0.07278
  -0.01713
   0.07432
   0.01046
  -0.07526
  -0.00371
   0.07559
  -0.00308
  -0.07532
   0.00983
   0.07443
  -0.01651
  -0.07295
   0.02306
   0.07088
  -0.02942
  -0.06824
   0.03554
   0.06505
  -0.04138
  -0.06134
   0.04688
   0.05713
  -0.05201
  -0.05247
   0.05672
   0.04738
  -0.06097
  -0.04191
   0.06473
   0.03610
  -0.06797
  -0.03000
   0.07066
   0.02366
  -0.07278
  -0.01713
   0.07432
   0.01046
  -0.07526
  -0.00371
   0.07559
  -0.00308
  -0.07532
   0.00983
   0.07443
  -0.01651
  -0.07295
   0.02306
   0.07088
  -0.02942
  -0.06824
   0.03554
   0.06505
  -0.04138
  -0.06134
   0.04688
   0.05713
  -0.05201
  -0.05247
   0.05672
   0.04738
  -0.06097
  -0.04191
   0.06473
   0.03610
  -0.06797
  -0.03000
   0.07066
   0.02366
  -0.07278
  -0.01713
   0.07432
   0.01046
  -0.07526
  -0.00371
   0.07559
  -0.00308
  -0.07532
   0.00983
   0.07443
  -0.01651
  -0.07295
   0.02306
   0.07088
  -0.02942
  -0.06824
   0.03554
   0.06505
  -0.04138
  -0.06134
   0.04688
   0.05713
  -0.05201
  -0.05247
   0.05672
   0.04738
  -0.06097
  -0.04191
   0.06473
   0.03610
  -0.06797
  -0.03000
   0.07066
   0.02366
  -0.07278
  -0.01713
   0.07432
   0.01046
  -0.07526
  -0.00371
   0.07559
  -0.00308
  -0.07532
   0.00983
   0.07443
  -0.01651
  -0.07295
   0.02306
   0.07088
  -0.02942
  -0.06824
   0.03554
   0.06505
  -0.04138
  -0.06134
   0.04688
   0.05713
  -0.05201
  -0.05247
   0.05672
   0.04738
  -0.06097
  -0.04191
   0.06473
   0.03610
  -0.06797
  -0.03000
   0.07066
   0.02366
  -0.07278
  -0.01713
   0.07432
   0.01046
  -0.07526
  -0.00371
   0.07559
  -0.00308
  -0.07532
   0.00983
   0.07443
  -0.01651
  -0.07295
   0.02306
   0.07088
  -0.02942
  -0.06824
   0.03554
   0.06505
  -0.04138
  -0.06134
   0.04688
   0.05713
  -0.05201
  -0.05247
   0.05672
   0.04738
  -0.06097
  -0.04191
   0.06473
   0.03610
  -0.06797
  -0.03000
   0.07066
   0.02366
  -0.07278
  -0.01713
   0.07432
   0.01046
  -0.07526
  -0.00371
   0.07559
  -0.00308
  -0.07532
   0.00983
   0.07443
  -0.01651
  -0.07295
   0.02306
   0.07088
  -0.02942
  -0.06824
   0.03554
   0.06505
  -0.04138
  -0.06134
   0.04688
   0.05713
  -0.05201
  -0.05247
   0.05672
   0.04738
  -0.06097
  -0.04191
   0.06473
   0.03610
  -0.06797
  -0.03000
   0.07066
   0.02366
  -0.07278
  -0.01713
   0.07432
   0.01046
  -0.07526
  -0.00371
   0.07559
  -0.00308
  -0.07532
   0.00983
   0.07443
  -0.01651
  -0.07295
   0.02306
   0.07088
  -0.02942
  -0.06824
   0.03554
   0.06505
  -0.04138
  -0.06134
   0.04688
   0.05713
  -0.05201
  -0.05247
   0.05672
   0.04738
  -0.06097
  -0.04191
   0.06473
   0.03610
  -0.06797
  -0.03000
   0.07066
   0.02366
  -0.07278
  -0.01713
   0.07432
   0.01046
  -0.07526
  -0.00371
   0.07559
  -0.00308
  -0.07532
   0.00983
   0.07443
  -0.01651
  -0.07295
   0.02306
   0.07088
  -0.02942
  -0.06824
   0.03554
   0.06505
  -0.04138
  -0.06134
   0.04688
   0.05713
  -0.05201
  -0.05247
   0.05672
   0.04738
  -0.06097
  -0.04191
   0.06473
   0.03610
  -0.06797
  -0.03000
   0.07066
   0.02366
  -0.07278
  -0.01713
   0.07432
   0.01046
  -0.07526
  -0.00371
