  -0.05384
   0.00969
   0.03859
  -0.07045
   0.07236
  -0.04350
  -0.00385
   0.04957
  -0.07421
   0.06730
  -0.03177
  -0.01727
   0.05897
  -0.07559
   0.06007
  -0.01901
  -0.03014
   0.06646
  -0.07453
   0.05091
  -0.00564
  -0.04203
   0.07183
  -0.07108
   0.04011
   0.00791
  -0.05257
   0.07488
  -0.06535
   0.02803
   0.02121
  -0.06143
   0.07553
  -0.05751
   0.01504
   0.03382
  -0.06831
   0.07375
  -0.04783
   0.00157
   0.04535
  -0.07299
   0.06959
  -0.03661
  -0.01195
   0.05542
  -0.07533
   0.06321
  -0.02421
  -0.02508
   0.06371
  -0.07525
   0.05479
  -0.01103
  -0.03741
   0.06995
  -0.07274
   0.04461
   0.00250
  -0.04854
   0.07394
  -0.06790
   0.03299
   0.01595
  -0.05811
   0.07556
  -0.06088
   0.02032
   0.02889
  -0.06581
   0.07475
  -0.05190
   0.00699
   0.04089
  -0.07139
   0.07153
  -0.04126
  -0.00656
   0.05159
  -0.07468
   0.06602
  -0.02928
  -0.01990
   0.06063
  -0.07557
   0.05838
  -0.01637
  -0.03260
   0.06771
  -0.07403
   0.04887
  -0.00293
  -0.04426
   0.07263
  -0.07011
   0.03779
   0.01061
  -0.05449
   0.07520
  -0.06394
   0.02549
   0.02380
  -0.06297
   0.07536
  -0.05571
   0.01237
   0.03623
  -0.06942
   0.07310
  -0.04569
  -0.00114
   0.04749
  -0.07365
   0.06849
  -0.03421
  -0.01462
   0.05723
  -0.07551
   0.06168
  -0.02162
  -0.02763
   0.06513
  -0.07494
   0.05288
  -0.00834
  -0.03975
   0.07093
  -0.07196
   0.04239
   0.00521
  -0.05059
   0.07446
  -0.06667
   0.03053
   0.01859
  -0.05981
   0.07559
  -0.05924
   0.01769
   0.03137
  -0.06710
   0.07429
  -0.04990
   0.00428
   0.04315
  -0.07224
   0.07061
  -0.03896
  -0.00926
   0.05354
  -0.07505
   0.06465
  -0.02676
  -0.02251
   0.06221
  -0.07546
   0.05662
  -0.01371
  -0.03503
   0.06888
  -0.07344
   0.04677
  -0.00022
  -0.04643
   0.07333
  -0.06905
   0.03541
   0.01329
  -0.05633
   0.07543
  -0.06245
   0.02292
   0.02636
  -0.06443
   0.07510
  -0.05384
   0.00969
   0.03859
  -0.07045
   0.07236
  -0.04350
  -0.00385
   0.04957
  -0.07421
   0.06730
  -0.03177
  -0.01727
   0.05897
  -0.07559
   0.06007
  -0.01901
  -0.03014
   0.06646
  -0.07453
   0.05091
  -0.00564
  -0.04203
   0.07183
  -0.07108
   0.04011
   0.00791
  -0.05257
   0.07488
  -0.06535
   0.02803
   0.02121
  -0.06143
   0.07553
  -0.05751
   0.01504
   0.03382
  -0.06831
   0.07375
  -0.04783
   0.00157
   0.04535
  -0.07299
   0.06959
  -0.03661
  -0.01195
   0.05542
  -0.07533
   0.06321
  -0.02421
  -0.02508
   0.06371
  -0.07525
   0.05479
  -0.01103
  -0.03741
   0.06995
  -0.07274
   0.04461
   0.00250
  -0.04854
   0.07394
  -0.06790
   0.03299
   0.01595
  -0.05811
   0.07556
  -0.06088
   0.02032
   0.02889
  -0.06581
   0.07475
  -0.05190
   0.00699
   0.04089
  -0.07139
   0.07153
  -0.04126
  -0.00656
   0.05159
  -0.07468
   0.06602
  -0.02928
  -0.01990
   0.06063
  -0.07557
   0.05838
  -0.01637
  -0.03260
   0.06771
  -0.07403
   0.04887
  -0.00293
  -0.04426
   0.07263
  -0.07011
   0.03779
   0.01061
  -0.05449
   0.07520
  -0.06394
   0.02549
   0.02380
  -0.06297
   0.07536
  -0.05571
   0.01237
   0.03623
  -0.06942
   0.07310
  -0.04569
  -0.00114
   0.04749
  -0.07365
   0.06849
  -0.03421
  -0.01462
   0.05723
  -0.07551
   0.06168
  -0.02162
  -0.02763
   0.06513
  -0.07494
   0.05288
  -0.00834
  -0.03975
   0.07093
  -0.07196
   0.04239
   0.00521
  -0.05059
   0.07446
  -0.06667
   0.03053
   0.01859
  -0.05981
   0.07559
  -0.05924
   0.01769
   0.03137
  -0.06710
   0.07429
  -0.04990
   0.00428
   0.04315
  -0.07224
   0.07061
  -0.03896
  -0.00926
   0.05354
  -0.07505
   0.06465
  -0.02676
  -0.02251
   0.06221
  -0.07546
   0.05662
  -0.01371
  -0.03503
   0.06888
  -0.07344
   0.04677
  -0.00022
  -0.04643
   0.07333
  -0.06905
   0.03541
   0.01329
  -0.05633
   0.07543
  -0.06245
   0.02292
   0.02636
  -0.06443
   0.07510
