  -0.06828
   0.05196
   0.03617
  -0.07431
   0.00976
   0.06828
  -0.05196
  -0.03617
   0.07431
  -0.00976
  -0.06828
   0.05196
   0.03617
  -0.07431
   0.00976
   0.06828
  -0.05196
  -0.03617
   0.07431
  -0.00976
  -0.06828
   0.05196
   0.03617
  -0.07431
   0.00976
   0.06828
  -0.05196
  -0.03617
   0.07431
  -0.00976
  -0.06828
   0.05196
   0.03617
  -0.07431
   0.00976
   0.06828
  -0.05196
  -0.03617
   0.07431
  -0.00976
  -0.06828
   0.05196
   0.03617
  -0.07431
   0.00976
   0.06828
  -0.05196
  -0.03617
   0.07431
  -0.00976
  -0.06828
   0.05196
   0.03617
  -0.07431
   0.00976
   0.06828
  -0.05196
  -0.03617
   0.07431
  -0.00976
  -0.06828
   0.05196
   0.03617
  -0.07431
   0.00976
   0.06828
  -0.05196
  -0.03617
   0.07431
  -0.00976
  -0.06828
   0.05196
   0.03617
  -0.07431
   0.00976
   0.06828
  -0.05196
  -0.03617
   0.07431
  -0.00976
  -0.06828
   0.05196
   0.03617
  -0.07431
   0.00976
   0.06828
  -0.05196
  -0.03617
   0.07431
  -0.00976
  -0.06828
   0.05196
   0.03617
  -0.07431
   0.00976
   0.06828
  -0.05196
  -0.03617
   0.07431
  -0.00976
  -0.06828
   0.05196
   0.03617
  -0.07431
   0.00976
   0.06828
  -0.05196
  -0.03617
   0.07431
  -0.00976
  -0.06828
   0.05196
   0.03617
  -0.07431
   0.00976
   0.06828
  -0.05196
  -0.03617
   0.07431
  -0.00976
  -0.06828
   0.05196
   0.03617
  -0.07431
   0.00976
   0.06828
  -0.05196
  -0.03617
   0.07431
  -0.00976
  -0.06828
   0.05196
   0.03617
  -0.07431
   0.00976
   0.06828
  -0.05196
  -0.03617
   0.07431
  -0.00976
  -0.06828
   0.05196
   0.03617
  -0.07431
   0.00976
   0.06828
  -0.05196
  -0.03617
   0.07431
  -0.00976
  -0.06828
   0.05196
   0.03617
  -0.07431
   0.00976
   0.06828
  -0.05196
  -0.03617
   0.07431
  -0.00976
  -0.06828
   0.05196
   0.03617
  -0.07431
   0.00976
   0.06828
  -0.05196
  -0.03617
   0.07431
  -0.00976
  -0.06828
   0.05196
   0.03617
  -0.07431
   0.00976
   0.06828
  -0.05196
  -0.03617
   0.07431
  -0.00976
  -0.06828
   0.05196
   0.03617
  -0.07431
   0.00976
   0.06828
  -0.05196
  -0.03617
   0.07431
  -0.00976
  -0.06828
   0.05196
   0.03617
  -0.07431
   0.00976
   0.06828
  -0.05196
  -0.03617
   0.07431
  -0.00976
  -0.06828
   0.05196
   0.03617
  -0.07431
   0.00976
   0.06828
  -0.05196
  -0.03617
   0.07431
  -0.00976
  -0.06828
   0.05196
   0.03617
  -0.07431
   0.00976
   0.06828
  -0.05196
  -0.03617
   0.07431
  -0.00976
  -0.06828
   0.05196
   0.03617
  -0.07431
   0.00976
   0.06828
  -0.05196
  -0.03617
   0.07431
  -0.00976
  -0.06828
   0.05196
   0.03617
  -0.07431
   0.00976
   0.06828
  -0.05196
  -0.03617
   0.07431
  -0.00976
  -0.06828
   0.05196
   0.03617
  -0.07431
   0.00976
   0.06828
  -0.05196
  -0.03617
   0.07431
  -0.00976
  -0.06828
   0.05196
   0.03617
  -0.07431
   0.00976
   0.06828
  -0.05196
  -0.03617
   0.07431
  -0.00976
  -0.06828
   0.05196
   0.03617
  -0.07431
   0.00976
   0.06828
  -0.05196
  -0.03617
   0.07431
  -0.00976
  -0.06828
   0.05196
   0.03617
  -0.07431
   0.00976
   0.06828
  -0.05196
  -0.03617
   0.07431
  -0.00976
  -0.06828
   0.05196
   0.03617
  -0.07431
   0.00976
   0.06828
  -0.05196
  -0.03617
   0.07431
  -0.00976
  -0.06828
   0.05196
   0.03617
  -0.07431
   0.00976
   0.06828
  -0.05196
  -0.03617
   0.07431
  -0.00976
  -0.06828
   0.05196
   0.03617
  -0.07431
   0.00976
   0.06828
  -0.05196
  -0.03617
   0.07431
  -0.00976
  -0.06828
   0.05196
   0.03617
  -0.07431
   0.00976
   0.06828
  -0.05196
  -0.03617
   0.07431
  -0.00976
  -0.06828
   0.05196
   0.03617
  -0.07431
   0.00976
   0.06828
  -0.05196
  -0.03617
   0.07431
  -0.00976
  -0.06828
   0.05196
   0.03617
  -0.07431
   0.00976
   0.06828
  -0.05196
  -0.03617
   0.07431
  -0.00976
  -0.06828
   0.05196
   0.03617
  -0.07431
   0.00976
   0.06828
  -0.05196
  -0.03617
   0.07431
  -0.00976
