  -0.07026
  -0.05598
  -0.03456
  -0.00874
   0.01820
   0.04282
   0.06198
   0.07323
   0.07515
   0.06748
   0.05120
   0.02840
   0.00197
  -0.02471
  -0.04823
  -0.06561
  -0.07462
  -0.07411
  -0.06415
  -0.04601
  -0.02200
   0.00481
   0.03101
   0.05326
   0.06871
   0.07540
   0.07248
   0.06031
   0.04045
   0.01543
  -0.01155
  -0.03707
  -0.05785
  -0.07126
  -0.07558
  -0.07026
  -0.05598
  -0.03456
  -0.00874
   0.01820
   0.04282
   0.06198
   0.07323
   0.07515
   0.06748
   0.05120
   0.02840
   0.00197
  -0.02471
  -0.04823
  -0.06561
  -0.07462
  -0.07411
  -0.06415
  -0.04601
  -0.02200
   0.00481
   0.03101
   0.05326
   0.06871
   0.07540
   0.07248
   0.06031
   0.04045
   0.01543
  -0.01155
  -0.03707
  -0.05785
  -0.07126
  -0.07558
  -0.07026
  -0.05598
  -0.03456
  -0.00874
   0.01820
   0.04282
   0.06198
   0.07323
   0.07515
   0.06748
   0.05120
   0.02840
   0.00197
  -0.02471
  -0.04823
  -0.06561
  -0.07462
  -0.07411
  -0.06415
  -0.04601
  -0.02200
   0.00481
   0.03101
   0.05326
   0.06871
   0.07540
   0.07248
   0.06031
   0.04045
   0.01543
  -0.01155
  -0.03707
  -0.05785
  -0.07126
  -0.07558
  -0.07026
  -0.05598
  -0.03456
  -0.00874
   0.01820
   0.04282
   0.06198
   0.07323
   0.07515
   0.06748
   0.05120
   0.02840
   0.00197
  -0.02471
  -0.04823
  -0.06561
  -0.07462
  -0.07411
  -0.06415
  -0.04601
  -0.02200
   0.00481
   0.03101
   0.05326
   0.06871
   0.07540
   0.07248
   0.06031
   0.04045
   0.01543
  -0.01155
  -0.03707
  -0.05785
  -0.07126
  -0.07558
  -0.07026
  -0.05598
  -0.03456
  -0.00874
   0.01820
   0.04282
   0.06198
   0.07323
   0.07515
   0.06748
   0.05120
   0.02840
   0.00197
  -0.02471
  -0.04823
  -0.06561
  -0.07462
  -0.07411
  -0.06415
  -0.04601
  -0.02200
   0.00481
   0.03101
   0.05326
   0.06871
   0.07540
   0.07248
   0.06031
   0.04045
   0.01543
  -0.01155
  -0.03707
  -0.05785
  -0.07126
  -0.07558
  -0.07026
  -0.05598
  -0.03456
  -0.00874
   0.01820
   0.04282
   0.06198
   0.07323
   0.07515
   0.06748
   0.05120
   0.02840
   0.00197
  -0.02471
  -0.04823
  -0.06561
  -0.07462
  -0.07411
  -0.06415
  -0.04601
  -0.02200
   0.00481
   0.03101
   0.05326
   0.06871
   0.07540
   0.07248
   0.06031
   0.04045
   0.01543
  -0.01155
  -0.03707
  -0.05785
  -0.07126
  -0.07558
  -0.07026
  -0.05598
  -0.03456
  -0.00874
   0.01820
   0.04282
   0.06198
   0.07323
   0.07515
   0.06748
   0.05120
   0.02840
   0.00197
  -0.02471
  -0.04823
  -0.06561
  -0.07462
  -0.07411
  -0.06415
  -0.04601
  -0.02200
   0.00481
   0.03101
   0.05326
   0.06871
   0.07540
   0.07248
   0.06031
   0.04045
   0.01543
  -0.01155
  -0.03707
  -0.05785
  -0.07126
  -0.07558
  -0.07026
  -0.05598
  -0.03456
  -0.00874
   0.01820
   0.04282
   0.06198
   0.07323
   0.07515
   0.06748
   0.05120
   0.02840
   0.00197
  -0.02471
  -0.04823
  -0.06561
  -0.07462
  -0.07411
  -0.06415
  -0.04601
  -0.02200
   0.00481
   0.03101
   0.05326
   0.06871
   0.07540
   0.07248
   0.06031
   0.04045
   0.01543
  -0.01155
  -0.03707
  -0.05785
  -0.07126
  -0.07558
  -0.07026
  -0.05598
  -0.03456
  -0.00874
   0.01820
   0.04282
   0.06198
   0.07323
   0.07515
   0.06748
   0.05120
   0.02840
   0.00197
  -0.02471
  -0.04823
  -0.06561
  -0.07462
  -0.07411
  -0.06415
  -0.04601
  -0.02200
   0.00481
   0.03101
   0.05326
   0.06871
   0.07540
   0.07248
   0.06031
   0.04045
   0.01543
  -0.01155
  -0.03707
  -0.05785
  -0.07126
  -0.07558
  -0.07026
  -0.05598
  -0.03456
  -0.00874
   0.01820
   0.04282
   0.06198
   0.07323
   0.07515
   0.06748
   0.05120
   0.02840
   0.00197
  -0.02471
  -0.04823
  -0.06561
  -0.07462
  -0.07411
  -0.06415
  -0.04601
  -0.02200
   0.00481
   0.03101
   0.05326
   0.06871
   0.07540
   0.07248
   0.06031
   0.04045
   0.01543
  -0.01155
  -0.03707
  -0.05785
  -0.07126
  -0.07558
