   0.05290
  -0.07559
   0.05157
   0.00432
  -0.05753
   0.07520
  -0.04640
  -0.01106
   0.06170
  -0.07421
   0.04087
   0.01772
  -0.06536
   0.07262
  -0.03500
  -0.02424
   0.06850
  -0.07044
   0.02886
   0.03056
  -0.07109
   0.06770
  -0.02248
  -0.03663
   0.07311
  -0.06441
   0.01592
   0.04241
  -0.07454
   0.06061
  -0.00923
  -0.04785
   0.07537
  -0.05631
   0.00247
   0.05290
  -0.07559
   0.05157
   0.00432
  -0.05753
   0.07520
  -0.04640
  -0.01106
   0.06170
  -0.07421
   0.04087
   0.01772
  -0.06536
   0.07262
  -0.03500
  -0.02424
   0.06850
  -0.07044
   0.02886
   0.03056
  -0.07109
   0.06770
  -0.02248
  -0.03663
   0.07311
  -0.06441
   0.01592
   0.04241
  -0.07454
   0.06061
  -0.00923
  -0.04785
   0.07537
  -0.05631
   0.00247
   0.05290
  -0.07559
   0.05157
   0.00432
  -0.05753
   0.07520
  -0.04640
  -0.01106
   0.06170
  -0.07421
   0.04087
   0.01772
  -0.06536
   0.07262
  -0.03500
  -0.02424
   0.06850
  -0.07044
   0.02886
   0.03056
  -0.07109
   0.06770
  -0.02248
  -0.03663
   0.07311
  -0.06441
   0.01592
   0.04241
  -0.07454
   0.06061
  -0.00923
  -0.04785
   0.07537
  -0.05631
   0.00247
   0.05290
  -0.07559
   0.05157
   0.00432
  -0.05753
   0.07520
  -0.04640
  -0.01106
   0.06170
  -0.07421
   0.04087
   0.01772
  -0.06536
   0.07262
  -0.03500
  -0.02424
   0.06850
  -0.07044
   0.02886
   0.03056
  -0.07109
   0.06770
  -0.02248
  -0.03663
   0.07311
  -0.06441
   0.01592
   0.04241
  -0.07454
   0.06061
  -0.00923
  -0.04785
   0.07537
  -0.05631
   0.00247
   0.05290
  -0.07559
   0.05157
   0.00432
  -0.05753
   0.07520
  -0.04640
  -0.01106
   0.06170
  -0.07421
   0.04087
   0.01772
  -0.06536
   0.07262
  -0.03500
  -0.02424
   0.06850
  -0.07044
   0.02886
   0.03056
  -0.07109
   0.06770
  -0.02248
  -0.03663
   0.07311
  -0.06441
   0.01592
   0.04241
  -0.07454
   0.06061
  -0.00923
  -0.04785
   0.07537
  -0.05631
   0.00247
   0.05290
  -0.07559
   0.05157
   0.00432
  -0.05753
   0.07520
  -0.04640
  -0.01106
   0.06170
  -0.07421
   0.04087
   0.01772
  -0.06536
   0.07262
  -0.03500
  -0.02424
   0.06850
  -0.07044
   0.02886
   0.03056
  -0.07109
   0.06770
  -0.02248
  -0.03663
   0.07311
  -0.06441
   0.01592
   0.04241
  -0.07454
   0.06061
  -0.00923
  -0.04785
   0.07537
  -0.05631
   0.00247
   0.05290
  -0.07559
   0.05157
   0.00432
  -0.05753
   0.07520
  -0.04640
  -0.01106
   0.06170
  -0.07421
   0.04087
   0.01772
  -0.06536
   0.07262
  -0.03500
  -0.02424
   0.06850
  -0.07044
   0.02886
   0.03056
  -0.07109
   0.06770
  -0.02248
  -0.03663
   0.07311
  -0.06441
   0.01592
   0.04241
  -0.07454
   0.06061
  -0.00923
  -0.04785
   0.07537
  -0.05631
   0.00247
   0.05290
  -0.07559
   0.05157
   0.00432
  -0.05753
   0.07520
  -0.04640
  -0.01106
   0.06170
  -0.07421
   0.04087
   0.01772
  -0.06536
   0.07262
  -0.03500
  -0.02424
   0.06850
  -0.07044
   0.02886
   0.03056
  -0.07109
   0.06770
  -0.02248
  -0.03663
   0.07311
  -0.06441
   0.01592
   0.04241
  -0.07454
   0.06061
  -0.00923
  -0.04785
   0.07537
  -0.05631
   0.00247
   0.05290
  -0.07559
   0.05157
   0.00432
  -0.05753
   0.07520
  -0.04640
  -0.01106
   0.06170
  -0.07421
   0.04087
   0.01772
  -0.06536
   0.07262
  -0.03500
  -0.02424
   0.06850
  -0.07044
   0.02886
   0.03056
  -0.07109
   0.06770
  -0.02248
  -0.03663
   0.07311
  -0.06441
   0.01592
   0.04241
  -0.07454
   0.06061
  -0.00923
  -0.04785
   0.07537
  -0.05631
   0.00247
   0.05290
  -0.07559
   0.05157
   0.00432
  -0.05753
   0.07520
  -0.04640
  -0.01106
   0.06170
  -0.07421
   0.04087
   0.01772
  -0.06536
   0.07262
  -0.03500
  -0.02424
   0.06850
  -0.07044
   0.02886
   0.03056
  -0.07109
   0.06770
  -0.02248
  -0.03663
   0.07311
  -0.06441
   0.01592
   0.04241
  -0.07454
   0.06061
  -0.00923
  -0.04785
   0.07537
  -0.05631
   0.00247
