  -0.07539
  -0.07480
  -0.07382
  -0.07247
  -0.07074
  -0.06864
  -0.06619
  -0.06340
  -0.06029
  -0.05686
  -0.05314
  -0.04914
  -0.04490
  -0.04042
  -0.03573
  -0.03086
  -0.02583
  -0.02066
  -0.01539
  -0.01004
  -0.00464
   0.00078
   0.00620
   0.01159
   0.01692
   0.02217
   0.02729
   0.03228
   0.03710
   0.04173
   0.04615
   0.05032
   0.05424
   0.05788
   0.06122
   0.06424
   0.06693
   0.06928
   0.07127
   0.07290
   0.07414
   0.07501
   0.07549
   0.07558
   0.07528
   0.07459
   0.07352
   0.07207
   0.07025
   0.06806
   0.06553
   0.06265
   0.05946
   0.05595
   0.05216
   0.04810
   0.04380
   0.03926
   0.03453
   0.02961
   0.02455
   0.01935
   0.01406
   0.00870
   0.00329
  -0.00214
  -0.00756
  -0.01293
  -0.01824
  -0.02346
  -0.02855
  -0.03350
  -0.03828
  -0.04286
  -0.04721
  -0.05133
  -0.05518
  -0.05874
  -0.06200
  -0.06495
  -0.06755
  -0.06981
  -0.07171
  -0.07324
  -0.07440
  -0.07517
  -0.07555
  -0.07554
  -0.07514
  -0.07436
  -0.07319
  -0.07165
  -0.06973
  -0.06746
  -0.06484
  -0.06188
  -0.05861
  -0.05503
  -0.05117
  -0.04705
  -0.04268
  -0.03810
  -0.03331
  -0.02836
  -0.02326
  -0.01804
  -0.01273
  -0.00735
  -0.00193
   0.00350
   0.00890
   0.01427
   0.01956
   0.02475
   0.02981
   0.03471
   0.03944
   0.04397
   0.04827
   0.05232
   0.05610
   0.05959
   0.06277
   0.06563
   0.06815
   0.07032
   0.07213
   0.07357
   0.07463
   0.07530
   0.07558
   0.07548
   0.07498
   0.07410
   0.07284
   0.07120
   0.06920
   0.06684
   0.06413
   0.06109
   0.05774
   0.05409
   0.05017
   0.04598
   0.04156
   0.03692
   0.03209
   0.02710
   0.02197
   0.01672
   0.01139
   0.00600
   0.00057
  -0.00485
  -0.01025
  -0.01560
  -0.02086
  -0.02602
  -0.03105
  -0.03591
  -0.04059
  -0.04506
  -0.04930
  -0.05329
  -0.05700
  -0.06041
  -0.06352
  -0.06629
  -0.06873
  -0.07081
  -0.07253
  -0.07387
  -0.07483
  -0.07541
  -0.07559
  -0.07539
  -0.07480
  -0.07382
  -0.07247
  -0.07074
  -0.06864
  -0.06619
  -0.06340
  -0.06029
  -0.05686
  -0.05314
  -0.04914
  -0.04490
  -0.04042
  -0.03573
  -0.03086
  -0.02583
  -0.02066
  -0.01539
  -0.01004
  -0.00464
   0.00078
   0.00620
   0.01159
   0.01692
   0.02217
   0.02729
   0.03228
   0.03710
   0.04173
   0.04615
   0.05032
   0.05424
   0.05788
   0.06122
   0.06424
   0.06693
   0.06928
   0.07127
   0.07290
   0.07414
   0.07501
   0.07549
   0.07558
   0.07528
   0.07459
   0.07352
   0.07207
   0.07025
   0.06806
   0.06553
   0.06265
   0.05946
   0.05595
   0.05216
   0.04810
   0.04380
   0.03926
   0.03453
   0.02961
   0.02455
   0.01935
   0.01406
   0.00870
   0.00329
  -0.00214
  -0.00756
  -0.01293
  -0.01824
  -0.02346
  -0.02855
  -0.03350
  -0.03828
  -0.04286
  -0.04721
  -0.05133
  -0.05518
  -0.05874
  -0.06200
  -0.06495
  -0.06755
  -0.06981
  -0.07171
  -0.07324
  -0.07440
  -0.07517
  -0.07555
  -0.07554
  -0.07514
  -0.07436
  -0.07319
  -0.07165
  -0.06973
  -0.06746
  -0.06484
  -0.06188
  -0.05861
  -0.05503
  -0.05117
  -0.04705
  -0.04268
  -0.03810
  -0.03331
  -0.02836
  -0.02326
  -0.01804
  -0.01273
  -0.00735
  -0.00193
   0.00350
   0.00890
   0.01427
   0.01956
   0.02475
   0.02981
   0.03471
   0.03944
   0.04397
   0.04827
   0.05232
   0.05610
   0.05959
   0.06277
   0.06563
   0.06815
   0.07032
   0.07213
   0.07357
   0.07463
   0.07530
   0.07558
   0.07548
   0.07498
   0.07410
   0.07284
   0.07120
   0.06920
   0.06684
   0.06413
   0.06109
   0.05774
   0.05409
   0.05017
   0.04598
   0.04156
   0.03692
   0.03209
   0.02710
   0.02197
   0.01672
   0.01139
   0.00600
   0.00057
  -0.00485
  -0.01025
  -0.01560
  -0.02086
  -0.02602
  -0.03105
  -0.03591
  -0.04059
  -0.04506
  -0.04930
  -0.05329
  -0.05700
  -0.06041
  -0.06352
  -0.06629
  -0.06873
  -0.07081
  -0.07253
  -0.07387
  -0.07483
  -0.07541
  -0.07559
