   0.04204
  -0.03052
  -0.07474
  -0.04958
   0.02161
   0.07274
   0.05634
  -0.01236
  -0.06959
  -0.06222
   0.00292
   0.06534
   0.06711
   0.00657
  -0.06006
  -0.07094
  -0.01596
   0.05383
   0.07365
   0.02510
  -0.04676
  -0.07520
  -0.03384
   0.03894
   0.07557
   0.04204
  -0.03052
  -0.07474
  -0.04958
   0.02161
   0.07274
   0.05634
  -0.01236
  -0.06959
  -0.06222
   0.00292
   0.06534
   0.06711
   0.00657
  -0.06006
  -0.07094
  -0.01596
   0.05383
   0.07365
   0.02510
  -0.04676
  -0.07520
  -0.03384
   0.03894
   0.07557
   0.04204
  -0.03052
  -0.07474
  -0.04958
   0.02161
   0.07274
   0.05634
  -0.01236
  -0.06959
  -0.06222
   0.00292
   0.06534
   0.06711
   0.00657
  -0.06006
  -0.07094
  -0.01596
   0.05383
   0.07365
   0.02510
  -0.04676
  -0.07520
  -0.03384
   0.03894
   0.07557
   0.04204
  -0.03052
  -0.07474
  -0.04958
   0.02161
   0.07274
   0.05634
  -0.01236
  -0.06959
  -0.06222
   0.00292
   0.06534
   0.06711
   0.00657
  -0.06006
  -0.07094
  -0.01596
   0.05383
   0.07365
   0.02510
  -0.04676
  -0.07520
  -0.03384
   0.03894
   0.07557
   0.04204
  -0.03052
  -0.07474
  -0.04958
   0.02161
   0.07274
   0.05634
  -0.01236
  -0.06959
  -0.06222
   0.00292
   0.06534
   0.06711
   0.00657
  -0.06006
  -0.07094
  -0.01596
   0.05383
   0.07365
   0.02510
  -0.04676
  -0.07520
  -0.03384
   0.03894
   0.07557
   0.04204
  -0.03052
  -0.07474
  -0.04958
   0.02161
   0.07274
   0.05634
  -0.01236
  -0.06959
  -0.06222
   0.00292
   0.06534
   0.06711
   0.00657
  -0.06006
  -0.07094
  -0.01596
   0.05383
   0.07365
   0.02510
  -0.04676
  -0.07520
  -0.03384
   0.03894
   0.07557
   0.04204
  -0.03052
  -0.07474
  -0.04958
   0.02161
   0.07274
   0.05634
  -0.01236
  -0.06959
  -0.06222
   0.00292
   0.06534
   0.06711
   0.00657
  -0.06006
  -0.07094
  -0.01596
   0.05383
   0.07365
   0.02510
  -0.04676
  -0.07520
  -0.03384
   0.03894
   0.07557
   0.04204
  -0.03052
  -0.07474
  -0.04958
   0.02161
   0.07274
   0.05634
  -0.01236
  -0.06959
  -0.06222
   0.00292
   0.06534
   0.06711
   0.00657
  -0.06006
  -0.07094
  -0.01596
   0.05383
   0.07365
   0.02510
  -0.04676
  -0.07520
  -0.03384
   0.03894
   0.07557
   0.04204
  -0.03052
  -0.07474
  -0.04958
   0.02161
   0.07274
   0.05634
  -0.01236
  -0.06959
  -0.06222
   0.00292
   0.06534
   0.06711
   0.00657
  -0.06006
  -0.07094
  -0.01596
   0.05383
   0.07365
   0.02510
  -0.04676
  -0.07520
  -0.03384
   0.03894
   0.07557
   0.04204
  -0.03052
  -0.07474
  -0.04958
   0.02161
   0.07274
   0.05634
  -0.01236
  -0.06959
  -0.06222
   0.00292
   0.06534
   0.06711
   0.00657
  -0.06006
  -0.07094
  -0.01596
   0.05383
   0.07365
   0.02510
  -0.04676
  -0.07520
  -0.03384
   0.03894
   0.07557
   0.04204
  -0.03052
  -0.07474
  -0.04958
   0.02161
   0.07274
   0.05634
  -0.01236
  -0.06959
  -0.06222
   0.00292
   0.06534
   0.06711
   0.00657
  -0.06006
  -0.07094
  -0.01596
   0.05383
   0.07365
   0.02510
  -0.04676
  -0.07520
  -0.03384
   0.03894
   0.07557
   0.04204
  -0.03052
  -0.07474
  -0.04958
   0.02161
   0.07274
   0.05634
  -0.01236
  -0.06959
  -0.06222
   0.00292
   0.06534
   0.06711
   0.00657
  -0.06006
  -0.07094
  -0.01596
   0.05383
   0.07365
   0.02510
  -0.04676
  -0.07520
  -0.03384
   0.03894
   0.07557
   0.04204
  -0.03052
  -0.07474
  -0.04958
   0.02161
   0.07274
   0.05634
  -0.01236
  -0.06959
  -0.06222
   0.00292
   0.06534
   0.06711
   0.00657
  -0.06006
  -0.07094
  -0.01596
   0.05383
   0.07365
   0.02510
  -0.04676
  -0.07520
  -0.03384
   0.03894
   0.07557
   0.04204
  -0.03052
  -0.07474
  -0.04958
   0.02161
   0.07274
   0.05634
  -0.01236
  -0.06959
  -0.06222
   0.00292
   0.06534
   0.06711
   0.00657
  -0.06006
  -0.07094
  -0.01596
   0.05383
   0.07365
   0.02510
  -0.04676
  -0.07520
  -0.03384
   0.03894
   0.07557
