   0.03729
   0.06436
   0.07550
   0.06797
   0.04362
   0.00848
  -0.02876
  -0.05888
  -0.07444
  -0.07158
  -0.05101
  -0.01783
   0.01977
   0.05247
   0.07220
   0.07406
   0.05760
   0.02689
  -0.01047
  -0.04524
  -0.06882
  -0.07537
  -0.06328
  -0.03554
   0.00100
   0.03729
   0.06436
   0.07550
   0.06797
   0.04362
   0.00848
  -0.02876
  -0.05888
  -0.07444
  -0.07158
  -0.05101
  -0.01783
   0.01977
   0.05247
   0.07220
   0.07406
   0.05760
   0.02689
  -0.01047
  -0.04524
  -0.06882
  -0.07537
  -0.06328
  -0.03554
   0.00100
   0.03729
   0.06436
   0.07550
   0.06797
   0.04362
   0.00848
  -0.02876
  -0.05888
  -0.07444
  -0.07158
  -0.05101
  -0.01783
   0.01977
   0.05247
   0.07220
   0.07406
   0.05760
   0.02689
  -0.01047
  -0.04524
  -0.06882
  -0.07537
  -0.06328
  -0.03554
   0.00100
   0.03729
   0.06436
   0.07550
   0.06797
   0.04362
   0.00848
  -0.02876
  -0.05888
  -0.07444
  -0.07158
  -0.05101
  -0.01783
   0.01977
   0.05247
   0.07220
   0.07406
   0.05760
   0.02689
  -0.01047
  -0.04524
  -0.06882
  -0.07537
  -0.06328
  -0.03554
   0.00100
   0.03729
   0.06436
   0.07550
   0.06797
   0.04362
   0.00848
  -0.02876
  -0.05888
  -0.07444
  -0.07158
  -0.05101
  -0.01783
   0.01977
   0.05247
   0.07220
   0.07406
   0.05760
   0.02689
  -0.01047
  -0.04524
  -0.06882
  -0.07537
  -0.06328
  -0.03554
   0.00100
   0.03729
   0.06436
   0.07550
   0.06797
   0.04362
   0.00848
  -0.02876
  -0.05888
  -0.07444
  -0.07158
  -0.05101
  -0.01783
   0.01977
   0.05247
   0.07220
   0.07406
   0.05760
   0.02689
  -0.01047
  -0.04524
  -0.06882
  -0.07537
  -0.06328
  -0.03554
   0.00100
   0.03729
   0.06436
   0.07550
   0.06797
   0.04362
   0.00848
  -0.02876
  -0.05888
  -0.07444
  -0.07158
  -0.05101
  -0.01783
   0.01977
   0.05247
   0.07220
   0.07406
   0.05760
   0.02689
  -0.01047
  -0.04524
  -0.06882
  -0.07537
  -0.06328
  -0.03554
   0.00100
   0.03729
   0.06436
   0.07550
   0.06797
   0.04362
   0.00848
  -0.02876
  -0.05888
  -0.07444
  -0.07158
  -0.05101
  -0.01783
   0.01977
   0.05247
   0.07220
   0.07406
   0.05760
   0.02689
  -0.01047
  -0.04524
  -0.06882
  -0.07537
  -0.06328
  -0.03554
   0.00100
   0.03729
   0.06436
   0.07550
   0.06797
   0.04362
   0.00848
  -0.02876
  -0.05888
  -0.07444
  -0.07158
  -0.05101
  -0.01783
   0.01977
   0.05247
   0.07220
   0.07406
   0.05760
   0.02689
  -0.01047
  -0.04524
  -0.06882
  -0.07537
  -0.06328
  -0.03554
   0.00100
   0.03729
   0.06436
   0.07550
   0.06797
   0.04362
   0.00848
  -0.02876
  -0.05888
  -0.07444
  -0.07158
  -0.05101
  -0.01783
   0.01977
   0.05247
   0.07220
   0.07406
   0.05760
   0.02689
  -0.01047
  -0.04524
  -0.06882
  -0.07537
  -0.06328
  -0.03554
   0.00100
   0.03729
   0.06436
   0.07550
   0.06797
   0.04362
   0.00848
  -0.02876
  -0.05888
  -0.07444
  -0.07158
  -0.05101
  -0.01783
   0.01977
   0.05247
   0.07220
   0.07406
   0.05760
   0.02689
  -0.01047
  -0.04524
  -0.06882
  -0.07537
  -0.06328
  -0.03554
   0.00100
   0.03729
   0.06436
   0.07550
   0.06797
   0.04362
   0.00848
  -0.02876
  -0.05888
  -0.07444
  -0.07158
  -0.05101
  -0.01783
   0.01977
   0.05247
   0.07220
   0.07406
   0.05760
   0.02689
  -0.01047
  -0.04524
  -0.06882
  -0.07537
  -0.06328
  -0.03554
   0.00100
   0.03729
   0.06436
   0.07550
   0.06797
   0.04362
   0.00848
  -0.02876
  -0.05888
  -0.07444
  -0.07158
  -0.05101
  -0.01783
   0.01977
   0.05247
   0.07220
   0.07406
   0.05760
   0.02689
  -0.01047
  -0.04524
  -0.06882
  -0.07537
  -0.06328
  -0.03554
   0.00100
   0.03729
   0.06436
   0.07550
   0.06797
   0.04362
   0.00848
  -0.02876
  -0.05888
  -0.07444
  -0.07158
  -0.05101
  -0.01783
   0.01977
   0.05247
   0.07220
   0.07406
   0.05760
   0.02689
  -0.01047
  -0.04524
  -0.06882
  -0.07537
  -0.06328
  -0.03554
   0.00100
