  -0.00492
   0.07435
   0.02223
  -0.06917
  -0.03834
   0.06025
   0.05236
  -0.04805
  -0.06355
   0.03325
   0.07130
  -0.01665
  -0.07517
  -0.00085
   0.07498
   0.01831
  -0.07071
  -0.03477
   0.06262
   0.04935
  -0.05112
  -0.06126
   0.03686
   0.06984
  -0.02060
  -0.07464
   0.00322
   0.07539
   0.01433
  -0.07205
  -0.03111
   0.06480
   0.04620
  -0.05405
  -0.05878
   0.04036
   0.06818
  -0.02448
  -0.07388
   0.00728
   0.07558
   0.01032
  -0.07318
  -0.02736
   0.06681
   0.04291
  -0.05681
  -0.05614
   0.04374
   0.06632
  -0.02830
  -0.07291
   0.01132
   0.07555
   0.00627
  -0.07409
  -0.02352
   0.06861
   0.03950
  -0.05942
  -0.05333
   0.04700
   0.06428
  -0.03203
  -0.07173
   0.01533
   0.07530
   0.00221
  -0.07479
  -0.01962
   0.07022
   0.03597
  -0.06185
  -0.05037
   0.05012
   0.06204
  -0.03567
  -0.07035
   0.01929
   0.07484
  -0.00186
  -0.07527
  -0.01566
   0.07163
   0.03234
  -0.06410
  -0.04727
   0.05309
   0.05963
  -0.03921
  -0.06876
   0.02320
   0.07416
  -0.00593
  -0.07554
  -0.01166
   0.07282
   0.02862
  -0.06616
  -0.04402
   0.05591
   0.05704
  -0.04263
  -0.06697
   0.02704
   0.07326
  -0.00998
  -0.07558
  -0.00762
   0.07381
   0.02481
  -0.06803
  -0.04065
   0.05857
   0.05429
  -0.04593
  -0.06498
   0.03080
   0.07215
  -0.01400
  -0.07541
  -0.00356
   0.07458
   0.02093
  -0.06971
  -0.03716
   0.06106
   0.05138
  -0.04909
  -0.06281
   0.03447
   0.07083
  -0.01798
  -0.07502
   0.00051
   0.07514
   0.01699
  -0.07118
  -0.03356
   0.06337
   0.04832
  -0.05212
  -0.06045
   0.03804
   0.06931
  -0.02190
  -0.07441
   0.00458
   0.07547
   0.01300
  -0.07245
  -0.02987
   0.06549
   0.04512
  -0.05499
  -0.05792
   0.04150
   0.06758
  -0.02576
  -0.07358
   0.00863
   0.07559
   0.00897
  -0.07350
  -0.02609
   0.06743
   0.04179
  -0.05770
  -0.05522
   0.04484
   0.06566
  -0.02955
  -0.07254
   0.01266
   0.07549
   0.00492
  -0.07435
  -0.02223
   0.06917
   0.03834
  -0.06025
  -0.05236
   0.04805
   0.06355
  -0.03325
  -0.07130
   0.01665
   0.07517
   0.00085
  -0.07498
  -0.01831
   0.07071
   0.03477
  -0.06262
  -0.04935
   0.05112
   0.06126
  -0.03686
  -0.06984
   0.02060
   0.07464
  -0.00322
  -0.07539
  -0.01433
   0.07205
   0.03111
  -0.06480
  -0.04620
   0.05405
   0.05878
  -0.04036
  -0.06818
   0.02448
   0.07388
  -0.00728
  -0.07558
  -0.01032
   0.07318
   0.02736
  -0.06681
  -0.04291
   0.05681
   0.05614
  -0.04374
  -0.06632
   0.02830
   0.07291
  -0.01132
  -0.07555
  -0.00627
   0.07409
   0.02352
  -0.06861
  -0.03950
   0.05942
   0.05333
  -0.04700
  -0.06428
   0.03203
   0.07173
  -0.01533
  -0.07530
  -0.00221
   0.07479
   0.01962
  -0.07022
  -0.03597
   0.06185
   0.05037
  -0.05012
  -0.06204
   0.03567
   0.07035
  -0.01929
  -0.07484
   0.00186
   0.07527
   0.01566
  -0.07163
  -0.03234
   0.06410
   0.04727
  -0.05309
  -0.05963
   0.03921
   0.06876
  -0.02320
  -0.07416
   0.00593
   0.07554
   0.01166
  -0.07282
  -0.02862
   0.06616
   0.04402
  -0.05591
  -0.05704
   0.04263
   0.06697
  -0.02704
  -0.07326
   0.00998
   0.07558
   0.00762
  -0.07381
  -0.02481
   0.06803
   0.04065
  -0.05857
  -0.05429
   0.04593
   0.06498
  -0.03080
  -0.07215
   0.01400
   0.07541
   0.00356
  -0.07458
  -0.02093
   0.06971
   0.03716
  -0.06106
  -0.05138
   0.04909
   0.06281
  -0.03447
  -0.07083
   0.01798
   0.07502
  -0.00051
  -0.07514
  -0.01699
   0.07118
   0.03356
  -0.06337
  -0.04832
   0.05212
   0.06045
  -0.03804
  -0.06931
   0.02190
   0.07441
  -0.00458
  -0.07547
  -0.01300
   0.07245
   0.02987
  -0.06549
  -0.04512
   0.05499
   0.05792
  -0.04150
  -0.06758
   0.02576
   0.07358
  -0.00863
  -0.07559
  -0.00897
   0.07350
   0.02609
  -0.06743
  -0.04179
   0.05770
   0.05522
  -0.04484
  -0.06566
   0.02955
   0.07254
  -0.01266
  -0.07549
