  -0.04103
   0.07099
  -0.07232
   0.04448
   0.00130
  -0.04655
   0.07303
  -0.07005
   0.03882
   0.00807
  -0.05170
   0.07449
  -0.06723
   0.03285
   0.01477
  -0.05644
   0.07534
  -0.06386
   0.02662
   0.02136
  -0.06072
   0.07559
  -0.05997
   0.02017
   0.02777
  -0.06451
   0.07523
  -0.05561
   0.01356
   0.03396
  -0.06778
   0.07427
  -0.05079
   0.00684
   0.03988
  -0.07051
   0.07270
  -0.04557
   0.00006
   0.04547
  -0.07267
   0.07055
  -0.03998
  -0.00672
   0.05070
  -0.07424
   0.06784
  -0.03407
  -0.01344
   0.05553
  -0.07522
   0.06457
  -0.02788
  -0.02005
   0.05990
  -0.07559
   0.06079
  -0.02147
  -0.02650
   0.06379
  -0.07535
   0.05652
  -0.01489
  -0.03274
   0.06717
  -0.07451
   0.05179
  -0.00819
  -0.03872
   0.07001
  -0.07306
   0.04665
  -0.00142
  -0.04438
   0.07228
  -0.07103
   0.04113
   0.00536
  -0.04969
   0.07398
  -0.06842
   0.03528
   0.01210
  -0.05460
   0.07507
  -0.06527
   0.02914
   0.01874
  -0.05906
   0.07556
  -0.06159
   0.02277
   0.02523
  -0.06305
   0.07545
  -0.05741
   0.01622
   0.03152
  -0.06654
   0.07472
  -0.05277
   0.00953
   0.03755
  -0.06949
   0.07340
  -0.04771
   0.00277
   0.04328
  -0.07187
   0.07148
  -0.04226
  -0.00401
   0.04866
  -0.07368
   0.06899
  -0.03647
  -0.01076
   0.05365
  -0.07490
   0.06594
  -0.03039
  -0.01742
   0.05821
  -0.07551
   0.06236
  -0.02406
  -0.02395
   0.06230
  -0.07552
   0.05828
  -0.01754
  -0.03028
   0.06588
  -0.07492
   0.05373
  -0.01088
  -0.03636
   0.06894
  -0.07371
   0.04875
  -0.00413
  -0.04216
   0.07144
  -0.07191
   0.04338
   0.00265
  -0.04761
   0.07337
  -0.06953
   0.03765
   0.00941
  -0.05268
   0.07471
  -0.06660
   0.03163
   0.01610
  -0.05733
   0.07544
  -0.06312
   0.02534
   0.02266
  -0.06152
   0.07557
  -0.05914
   0.01886
   0.02903
  -0.06521
   0.07509
  -0.05468
   0.01222
   0.03517
  -0.06837
   0.07400
  -0.04978
   0.00548
   0.04103
  -0.07099
   0.07232
  -0.04448
  -0.00130
   0.04655
  -0.07303
   0.07005
  -0.03882
  -0.00807
   0.05170
  -0.07449
   0.06723
  -0.03285
  -0.01477
   0.05644
  -0.07534
   0.06386
  -0.02662
  -0.02136
   0.06072
  -0.07559
   0.05997
  -0.02017
  -0.02777
   0.06451
  -0.07523
   0.05561
  -0.01356
  -0.03396
   0.06778
  -0.07427
   0.05079
  -0.00684
  -0.03988
   0.07051
  -0.07270
   0.04557
  -0.00006
  -0.04547
   0.07267
  -0.07055
   0.03998
   0.00672
  -0.05070
   0.07424
  -0.06784
   0.03407
   0.01344
  -0.05553
   0.07522
  -0.06457
   0.02788
   0.02005
  -0.05990
   0.07559
  -0.06079
   0.02147
   0.02650
  -0.06379
   0.07535
  -0.05652
   0.01489
   0.03274
  -0.06717
   0.07451
  -0.05179
   0.00819
   0.03872
  -0.07001
   0.07306
  -0.04665
   0.00142
   0.04438
  -0.07228
   0.07103
  -0.04113
  -0.00536
   0.04969
  -0.07398
   0.06842
  -0.03528
  -0.01210
   0.05460
  -0.07507
   0.06527
  -0.02914
  -0.01874
   0.05906
  -0.07556
   0.06159
  -0.02277
  -0.02523
   0.06305
  -0.07545
   0.05741
  -0.01622
  -0.03152
   0.06654
  -0.07472
   0.05277
  -0.00953
  -0.03755
   0.06949
  -0.07340
   0.04771
  -0.00277
  -0.04328
   0.07187
  -0.07148
   0.04226
   0.00401
  -0.04866
   0.07368
  -0.06899
   0.03647
   0.01076
  -0.05365
   0.07490
  -0.06594
   0.03039
   0.01742
  -0.05821
   0.07551
  -0.06236
   0.02406
   0.02395
  -0.06230
   0.07552
  -0.05828
   0.01754
   0.03028
  -0.06588
   0.07492
  -0.05373
   0.01088
   0.03636
  -0.06894
   0.07371
  -0.04875
   0.00413
   0.04216
  -0.07144
   0.07191
  -0.04338
  -0.00265
   0.04761
  -0.07337
   0.06953
  -0.03765
  -0.00941
   0.05268
  -0.07471
   0.06660
  -0.03163
  -0.01610
   0.05733
  -0.07544
   0.06312
  -0.02534
  -0.02266
   0.06152
  -0.07557
   0.05914
  -0.01886
  -0.02903
   0.06521
  -0.07509
   0.05468
  -0.01222
  -0.03517
   0.06837
  -0.07400
   0.04978
  -0.00548
