  -0.04678
   0.07453
  -0.06370
   0.01989
   0.03422
  -0.07061
   0.07045
  -0.03382
  -0.02033
   0.06394
  -0.07446
   0.04642
   0.00565
  -0.05479
   0.07557
  -0.05723
   0.00925
   0.04351
  -0.07375
   0.06580
  -0.02379
  -0.03054
   0.06906
  -0.07182
   0.03741
   0.01638
  -0.06168
   0.07505
  -0.04957
  -0.00158
   0.05191
  -0.07536
   0.05980
  -0.01328
  -0.04012
   0.07275
  -0.06771
   0.02762
   0.02677
  -0.06730
   0.07299
  -0.04089
  -0.01238
   0.05924
  -0.07543
   0.05257
  -0.00249
  -0.04888
   0.07494
  -0.06220
   0.01726
   0.03661
  -0.07153
   0.06942
  -0.03137
  -0.02293
   0.06535
  -0.07394
   0.04425
   0.00835
  -0.05663
   0.07559
  -0.05542
   0.00655
   0.04570
  -0.07430
   0.06443
  -0.02120
  -0.03300
   0.07012
  -0.07093
   0.03502
   0.01902
  -0.06321
   0.07468
  -0.04749
  -0.00429
   0.05385
  -0.07553
   0.05810
  -0.01060
  -0.04239
   0.07344
  -0.06646
   0.02508
   0.02929
  -0.06849
   0.07224
  -0.03858
  -0.01505
   0.06089
  -0.07520
   0.05058
   0.00022
  -0.05092
   0.07525
  -0.06062
   0.01461
   0.03896
  -0.07237
   0.06830
  -0.02888
  -0.02550
   0.06667
  -0.07333
   0.04202
   0.01104
  -0.05839
   0.07551
  -0.05353
   0.00385
   0.04783
  -0.07475
   0.06296
  -0.01858
  -0.03542
   0.07108
  -0.06995
   0.03260
   0.02163
  -0.06466
   0.07421
  -0.04534
  -0.00700
   0.05572
  -0.07559
   0.05633
  -0.00790
  -0.04461
   0.07403
  -0.06512
   0.02250
   0.03177
  -0.06960
   0.07139
  -0.03622
  -0.01770
   0.06246
  -0.07488
   0.04853
   0.00294
  -0.05289
   0.07546
  -0.05896
   0.01194
   0.04126
  -0.07310
   0.06710
  -0.02635
  -0.02804
   0.06791
  -0.07262
   0.03974
   0.01372
  -0.06007
   0.07533
  -0.05158
   0.00113
   0.04990
  -0.07510
   0.06142
  -0.01594
  -0.03779
   0.07196
  -0.06887
   0.03013
   0.02422
  -0.06602
   0.07365
  -0.04314
  -0.00970
   0.05752
  -0.07556
   0.05448
  -0.00520
  -0.04678
   0.07453
  -0.06370
   0.01989
   0.03422
  -0.07061
   0.07045
  -0.03382
  -0.02033
   0.06394
  -0.07446
   0.04642
   0.00565
  -0.05479
   0.07557
  -0.05723
   0.00925
   0.04351
  -0.07375
   0.06580
  -0.02379
  -0.03054
   0.06906
  -0.07182
   0.03741
   0.01638
  -0.06168
   0.07505
  -0.04957
  -0.00158
   0.05191
  -0.07536
   0.05980
  -0.01328
  -0.04012
   0.07275
  -0.06771
   0.02762
   0.02677
  -0.06730
   0.07299
  -0.04089
  -0.01238
   0.05924
  -0.07543
   0.05257
  -0.00249
  -0.04888
   0.07494
  -0.06220
   0.01726
   0.03661
  -0.07153
   0.06942
  -0.03137
  -0.02293
   0.06535
  -0.07394
   0.04425
   0.00835
  -0.05663
   0.07559
  -0.05542
   0.00655
   0.04570
  -0.07430
   0.06443
  -0.02120
  -0.03300
   0.07012
  -0.07093
   0.03502
   0.01902
  -0.06321
   0.07468
  -0.04749
  -0.00429
   0.05385
  -0.07553
   0.05810
  -0.01060
  -0.04239
   0.07344
  -0.06646
   0.02508
   0.02929
  -0.06849
   0.07224
  -0.03858
  -0.01505
   0.06089
  -0.07520
   0.05058
   0.00022
  -0.05092
   0.07525
  -0.06062
   0.01461
   0.03896
  -0.07237
   0.06830
  -0.02888
  -0.02550
   0.06667
  -0.07333
   0.04202
   0.01104
  -0.05839
   0.07551
  -0.05353
   0.00385
   0.04783
  -0.07475
   0.06296
  -0.01858
  -0.03542
   0.07108
  -0.06995
   0.03260
   0.02163
  -0.06466
   0.07421
  -0.04534
  -0.00700
   0.05572
  -0.07559
   0.05633
  -0.00790
  -0.04461
   0.07403
  -0.06512
   0.02250
   0.03177
  -0.06960
   0.07139
  -0.03622
  -0.01770
   0.06246
  -0.07488
   0.04853
   0.00294
  -0.05289
   0.07546
  -0.05896
   0.01194
   0.04126
  -0.07310
   0.06710
  -0.02635
  -0.02804
   0.06791
  -0.07262
   0.03974
   0.01372
  -0.06007
   0.07533
  -0.05158
   0.00113
   0.04990
  -0.07510
   0.06142
  -0.01594
  -0.03779
   0.07196
  -0.06887
   0.03013
   0.02422
  -0.06602
   0.07365
  -0.04314
  -0.00970
   0.05752
  -0.07556
   0.05448
  -0.00520
