   0.00316
   0.07550
  -0.00451
  -0.07541
   0.00587
   0.07531
  -0.00722
  -0.07518
   0.00857
   0.07503
  -0.00992
  -0.07485
   0.01126
   0.07465
  -0.01260
  -0.07442
   0.01394
   0.07417
  -0.01527
  -0.07389
   0.01659
   0.07360
  -0.01792
  -0.07328
   0.01923
   0.07293
  -0.02054
  -0.07256
   0.02184
   0.07217
  -0.02314
  -0.07175
   0.02443
   0.07132
  -0.02571
  -0.07085
   0.02698
   0.07037
  -0.02824
  -0.06986
   0.02950
   0.06933
  -0.03074
  -0.06878
   0.03198
   0.06821
  -0.03320
  -0.06761
   0.03441
   0.06699
  -0.03562
  -0.06635
   0.03681
   0.06569
  -0.03799
  -0.06501
   0.03915
   0.06431
  -0.04031
  -0.06359
   0.04145
   0.06284
  -0.04258
  -0.06208
   0.04369
   0.06129
  -0.04479
  -0.06049
   0.04588
   0.05966
  -0.04695
  -0.05882
   0.04801
   0.05796
  -0.04905
  -0.05708
   0.05007
   0.05618
  -0.05108
  -0.05526
   0.05207
   0.05433
  -0.05305
  -0.05338
   0.05400
   0.05241
  -0.05495
  -0.05142
   0.05587
   0.05042
  -0.05677
  -0.04940
   0.05766
   0.04836
  -0.05853
  -0.04731
   0.05938
   0.04625
  -0.06021
  -0.04517
   0.06102
   0.04407
  -0.06181
  -0.04296
   0.06258
   0.04184
  -0.06333
  -0.04070
   0.06406
   0.03955
  -0.06477
  -0.03839
   0.06546
   0.03721
  -0.06613
  -0.03603
   0.06678
   0.03483
  -0.06740
  -0.03362
   0.06801
   0.03240
  -0.06859
  -0.03116
   0.06915
   0.02992
  -0.06968
  -0.02867
   0.07020
   0.02741
  -0.07069
  -0.02614
   0.07116
   0.02487
  -0.07161
  -0.02358
   0.07203
   0.02229
  -0.07243
  -0.02099
   0.07281
   0.01968
  -0.07316
  -0.01837
   0.07349
   0.01705
  -0.07380
  -0.01572
   0.07408
   0.01439
  -0.07434
  -0.01306
   0.07457
   0.01172
  -0.07478
  -0.01038
   0.07497
   0.00903
  -0.07513
  -0.00768
   0.07527
   0.00633
  -0.07538
  -0.00498
   0.07547
   0.00362
  -0.07554
  -0.00227
   0.07558
   0.00091
  -0.07559
   0.00045
   0.07558
  -0.00180
  -0.07555
   0.00316
   0.07550
  -0.00451
  -0.07541
   0.00587
   0.07531
  -0.00722
  -0.07518
   0.00857
   0.07503
  -0.00992
  -0.07485
   0.01126
   0.07465
  -0.01260
  -0.07442
   0.01394
   0.07417
  -0.01527
  -0.07389
   0.01659
   0.07360
  -0.01792
  -0.07328
   0.01923
   0.07293
  -0.02054
  -0.07256
   0.02184
   0.07217
  -0.02314
  -0.07175
   0.02443
   0.07132
  -0.02571
  -0.07085
   0.02698
   0.07037
  -0.02824
  -0.06986
   0.02950
   0.06933
  -0.03074
  -0.06878
   0.03198
   0.06821
  -0.03320
  -0.06761
   0.03441
   0.06699
  -0.03562
  -0.06635
   0.03681
   0.06569
  -0.03799
  -0.06501
   0.03915
   0.06431
  -0.04031
  -0.06359
   0.04145
   0.06284
  -0.04258
  -0.06208
   0.04369
   0.06129
  -0.04479
  -0.06049
   0.04588
   0.05966
  -0.04695
  -0.05882
   0.04801
   0.05796
  -0.04905
  -0.05708
   0.05007
   0.05618
  -0.05108
  -0.05526
   0.05207
   0.05433
  -0.05305
  -0.05338
   0.05400
   0.05241
  -0.05495
  -0.05142
   0.05587
   0.05042
  -0.05677
  -0.04940
   0.05766
   0.04836
  -0.05853
  -0.04731
   0.05938
   0.04625
  -0.06021
  -0.04517
   0.06102
   0.04407
  -0.06181
  -0.04296
   0.06258
   0.04184
  -0.06333
  -0.04070
   0.06406
   0.03955
  -0.06477
  -0.03839
   0.06546
   0.03721
  -0.06613
  -0.03603
   0.06678
   0.03483
  -0.06740
  -0.03362
   0.06801
   0.03240
  -0.06859
  -0.03116
   0.06915
   0.02992
  -0.06968
  -0.02867
   0.07020
   0.02741
  -0.07069
  -0.02614
   0.07116
   0.02487
  -0.07161
  -0.02358
   0.07203
   0.02229
  -0.07243
  -0.02099
   0.07281
   0.01968
  -0.07316
  -0.01837
   0.07349
   0.01705
  -0.07380
  -0.01572
   0.07408
   0.01439
  -0.07434
  -0.01306
   0.07457
   0.01172
  -0.07478
  -0.01038
   0.07497
   0.00903
  -0.07513
  -0.00768
   0.07527
   0.00633
  -0.07538
  -0.00498
   0.07547
   0.00362
  -0.07554
  -0.00227
   0.07558
   0.00091
  -0.07559
   0.00045
   0.07558
  -0.00180
  -0.07555
