   0.03245
   0.05491
  -0.06638
  -0.01388
   0.07496
  -0.03245
  -0.05491
   0.06638
   0.01388
  -0.07496
   0.03245
   0.05491
  -0.06638
  -0.01388
   0.07496
  -0.03245
  -0.05491
   0.06638
   0.01388
  -0.07496
   0.03245
   0.05491
  -0.06638
  -0.01388
   0.07496
  -0.03245
  -0.05491
   0.06638
   0.01388
  -0.07496
   0.03245
   0.05491
  -0.06638
  -0.01388
   0.07496
  -0.03245
  -0.05491
   0.06638
   0.01388
  -0.07496
   0.03245
   0.05491
  -0.06638
  -0.01388
   0.07496
  -0.03245
  -0.05491
   0.06638
   0.01388
  -0.07496
   0.03245
   0.05491
  -0.06638
  -0.01388
   0.07496
  -0.03245
  -0.05491
   0.06638
   0.01388
  -0.07496
   0.03245
   0.05491
  -0.06638
  -0.01388
   0.07496
  -0.03245
  -0.05491
   0.06638
   0.01388
  -0.07496
   0.03245
   0.05491
  -0.06638
  -0.01388
   0.07496
  -0.03245
  -0.05491
   0.06638
   0.01388
  -0.07496
   0.03245
   0.05491
  -0.06638
  -0.01388
   0.07496
  -0.03245
  -0.05491
   0.06638
   0.01388
  -0.07496
   0.03245
   0.05491
  -0.06638
  -0.01388
   0.07496
  -0.03245
  -0.05491
   0.06638
   0.01388
  -0.07496
   0.03245
   0.05491
  -0.06638
  -0.01388
   0.07496
  -0.03245
  -0.05491
   0.06638
   0.01388
  -0.07496
   0.03245
   0.05491
  -0.06638
  -0.01388
   0.07496
  -0.03245
  -0.05491
   0.06638
   0.01388
  -0.07496
   0.03245
   0.05491
  -0.06638
  -0.01388
   0.07496
  -0.03245
  -0.05491
   0.06638
   0.01388
  -0.07496
   0.03245
   0.05491
  -0.06638
  -0.01388
   0.07496
  -0.03245
  -0.05491
   0.06638
   0.01388
  -0.07496
   0.03245
   0.05491
  -0.06638
  -0.01388
   0.07496
  -0.03245
  -0.05491
   0.06638
   0.01388
  -0.07496
   0.03245
   0.05491
  -0.06638
  -0.01388
   0.07496
  -0.03245
  -0.05491
   0.06638
   0.01388
  -0.07496
   0.03245
   0.05491
  -0.06638
  -0.01388
   0.07496
  -0.03245
  -0.05491
   0.06638
   0.01388
  -0.07496
   0.03245
   0.05491
  -0.06638
  -0.01388
   0.07496
  -0.03245
  -0.05491
   0.06638
   0.01388
  -0.07496
   0.03245
   0.05491
  -0.06638
  -0.01388
   0.07496
  -0.03245
  -0.05491
   0.06638
   0.01388
  -0.07496
   0.03245
   0.05491
  -0.06638
  -0.01388
   0.07496
  -0.03245
  -0.05491
   0.06638
   0.01388
  -0.07496
   0.03245
   0.05491
  -0.06638
  -0.01388
   0.07496
  -0.03245
  -0.05491
   0.06638
   0.01388
  -0.07496
   0.03245
   0.05491
  -0.06638
  -0.01388
   0.07496
  -0.03245
  -0.05491
   0.06638
   0.01388
  -0.07496
   0.03245
   0.05491
  -0.06638
  -0.01388
   0.07496
  -0.03245
  -0.05491
   0.06638
   0.01388
  -0.07496
   0.03245
   0.05491
  -0.06638
  -0.01388
   0.07496
  -0.03245
  -0.05491
   0.06638
   0.01388
  -0.07496
   0.03245
   0.05491
  -0.06638
  -0.01388
   0.07496
  -0.03245
  -0.05491
   0.06638
   0.01388
  -0.07496
   0.03245
   0.05491
  -0.06638
  -0.01388
   0.07496
  -0.03245
  -0.05491
   0.06638
   0.01388
  -0.07496
   0.03245
   0.05491
  -0.06638
  -0.01388
   0.07496
  -0.03245
  -0.05491
   0.06638
   0.01388
  -0.07496
   0.03245
   0.05491
  -0.06638
  -0.01388
   0.07496
  -0.03245
  -0.05491
   0.06638
   0.01388
  -0.07496
   0.03245
   0.05491
  -0.06638
  -0.01388
   0.07496
  -0.03245
  -0.05491
   0.06638
   0.01388
  -0.07496
   0.03245
   0.05491
  -0.06638
  -0.01388
   0.07496
  -0.03245
  -0.05491
   0.06638
   0.01388
  -0.07496
   0.03245
   0.05491
  -0.06638
  -0.01388
   0.07496
  -0.03245
  -0.05491
   0.06638
   0.01388
  -0.07496
   0.03245
   0.05491
  -0.06638
  -0.01388
   0.07496
  -0.03245
  -0.05491
   0.06638
   0.01388
  -0.07496
   0.03245
   0.05491
  -0.06638
  -0.01388
   0.07496
  -0.03245
  -0.05491
   0.06638
   0.01388
  -0.07496
   0.03245
   0.05491
  -0.06638
  -0.01388
   0.07496
  -0.03245
  -0.05491
   0.06638
   0.01388
  -0.07496
   0.03245
   0.05491
  -0.06638
  -0.01388
   0.07496
  -0.03245
  -0.05491
   0.06638
   0.01388
  -0.07496
