   0.03540
  -0.06087
   0.07429
  -0.07300
   0.05724
  -0.03015
  -0.00291
   0.03540
  -0.06087
   0.07429
  -0.07300
   0.05724
  -0.03015
  -0.00291
   0.03540
  -0.06087
   0.07429
  -0.07300
   0.05724
  -0.03015
  -0.00291
   0.03540
  -0.06087
   0.07429
  -0.07300
   0.05724
  -0.03015
  -0.00291
   0.03540
  -0.06087
   0.07429
  -0.07300
   0.05724
  -0.03015
  -0.00291
   0.03540
  -0.06087
   0.07429
  -0.07300
   0.05724
  -0.03015
  -0.00291
   0.03540
  -0.06087
   0.07429
  -0.07300
   0.05724
  -0.03015
  -0.00291
   0.03540
  -0.06087
   0.07429
  -0.07300
   0.05724
  -0.03015
  -0.00291
   0.03540
  -0.06087
   0.07429
  -0.07300
   0.05724
  -0.03015
  -0.00291
   0.03540
  -0.06087
   0.07429
  -0.07300
   0.05724
  -0.03015
  -0.00291
   0.03540
  -0.06087
   0.07429
  -0.07300
   0.05724
  -0.03015
  -0.00291
   0.03540
  -0.06087
   0.07429
  -0.07300
   0.05724
  -0.03015
  -0.00291
   0.03540
  -0.06087
   0.07429
  -0.07300
   0.05724
  -0.03015
  -0.00291
   0.03540
  -0.06087
   0.07429
  -0.07300
   0.05724
  -0.03015
  -0.00291
   0.03540
  -0.06087
   0.07429
  -0.07300
   0.05724
  -0.03015
  -0.00291
   0.03540
  -0.06087
   0.07429
  -0.07300
   0.05724
  -0.03015
  -0.00291
   0.03540
  -0.06087
   0.07429
  -0.07300
   0.05724
  -0.03015
  -0.00291
   0.03540
  -0.06087
   0.07429
  -0.07300
   0.05724
  -0.03015
  -0.00291
   0.03540
  -0.06087
   0.07429
  -0.07300
   0.05724
  -0.03015
  -0.00291
   0.03540
  -0.06087
   0.07429
  -0.07300
   0.05724
  -0.03015
  -0.00291
   0.03540
  -0.06087
   0.07429
  -0.07300
   0.05724
  -0.03015
  -0.00291
   0.03540
  -0.06087
   0.07429
  -0.07300
   0.05724
  -0.03015
  -0.00291
   0.03540
  -0.06087
   0.07429
  -0.07300
   0.05724
  -0.03015
  -0.00291
   0.03540
  -0.06087
   0.07429
  -0.07300
   0.05724
  -0.03015
  -0.00291
   0.03540
  -0.06087
   0.07429
  -0.07300
   0.05724
  -0.03015
  -0.00291
   0.03540
  -0.06087
   0.07429
  -0.07300
   0.05724
  -0.03015
  -0.00291
   0.03540
  -0.06087
   0.07429
  -0.07300
   0.05724
  -0.03015
  -0.00291
   0.03540
  -0.06087
   0.07429
  -0.07300
   0.05724
  -0.03015
  -0.00291
   0.03540
  -0.06087
   0.07429
  -0.07300
   0.05724
  -0.03015
  -0.00291
   0.03540
  -0.06087
   0.07429
  -0.07300
   0.05724
  -0.03015
  -0.00291
   0.03540
  -0.06087
   0.07429
  -0.07300
   0.05724
  -0.03015
  -0.00291
   0.03540
  -0.06087
   0.07429
  -0.07300
   0.05724
  -0.03015
  -0.00291
   0.03540
  -0.06087
   0.07429
  -0.07300
   0.05724
  -0.03015
  -0.00291
   0.03540
  -0.06087
   0.07429
  -0.07300
   0.05724
  -0.03015
  -0.00291
   0.03540
  -0.06087
   0.07429
  -0.07300
   0.05724
  -0.03015
  -0.00291
   0.03540
  -0.06087
   0.07429
  -0.07300
   0.05724
  -0.03015
  -0.00291
   0.03540
  -0.06087
   0.07429
  -0.07300
   0.05724
  -0.03015
  -0.00291
   0.03540
  -0.06087
   0.07429
  -0.07300
   0.05724
  -0.03015
  -0.00291
   0.03540
  -0.06087
   0.07429
  -0.07300
   0.05724
  -0.03015
  -0.00291
   0.03540
  -0.06087
   0.07429
  -0.07300
   0.05724
  -0.03015
  -0.00291
   0.03540
  -0.06087
   0.07429
  -0.07300
   0.05724
  -0.03015
  -0.00291
   0.03540
  -0.06087
   0.07429
  -0.07300
   0.05724
  -0.03015
  -0.00291
   0.03540
  -0.06087
   0.07429
  -0.07300
   0.05724
  -0.03015
  -0.00291
   0.03540
  -0.06087
   0.07429
  -0.07300
   0.05724
  -0.03015
  -0.00291
   0.03540
  -0.06087
   0.07429
  -0.07300
   0.05724
  -0.03015
  -0.00291
   0.03540
  -0.06087
   0.07429
  -0.07300
   0.05724
  -0.03015
  -0.00291
   0.03540
  -0.06087
   0.07429
  -0.07300
   0.05724
  -0.03015
  -0.00291
   0.03540
  -0.06087
   0.07429
  -0.07300
   0.05724
  -0.03015
  -0.00291
   0.03540
  -0.06087
   0.07429
  -0.07300
   0.05724
  -0.03015
  -0.00291
   0.03540
  -0.06087
   0.07429
  -0.07300
   0.05724
  -0.03015
  -0.00291
