   0.01108
   0.02166
   0.03181
   0.04129
   0.04993
   0.05754
   0.06396
   0.06907
   0.07276
   0.07494
   0.07559
   0.07467
   0.07222
   0.06829
   0.06294
   0.05630
   0.04851
   0.03971
   0.03009
   0.01986
   0.00922
  -0.00162
  -0.01242
  -0.02296
  -0.03303
  -0.04242
  -0.05094
  -0.05841
  -0.06468
  -0.06961
  -0.07311
  -0.07511
  -0.07556
  -0.07445
  -0.07181
  -0.06769
  -0.06218
  -0.05539
  -0.04746
  -0.03855
  -0.02884
  -0.01855
  -0.00787
   0.00297
   0.01375
   0.02425
   0.03425
   0.04354
   0.05194
   0.05926
   0.06537
   0.07013
   0.07345
   0.07525
   0.07550
   0.07420
   0.07138
   0.06708
   0.06140
   0.05446
   0.04639
   0.03737
   0.02759
   0.01723
   0.00652
  -0.00433
  -0.01509
  -0.02553
  -0.03545
  -0.04464
  -0.05291
  -0.06010
  -0.06604
  -0.07062
  -0.07376
  -0.07537
  -0.07543
  -0.07393
  -0.07092
  -0.06644
  -0.06060
  -0.05351
  -0.04531
  -0.03619
  -0.02632
  -0.01590
  -0.00516
   0.00568
   0.01641
   0.02681
   0.03665
   0.04573
   0.05387
   0.06091
   0.06669
   0.07110
   0.07404
   0.07546
   0.07532
   0.07364
   0.07044
   0.06579
   0.05978
   0.05254
   0.04422
   0.03499
   0.02504
   0.01458
   0.00381
  -0.00704
  -0.01773
  -0.02807
  -0.03783
  -0.04680
  -0.05482
  -0.06170
  -0.06732
  -0.07155
  -0.07430
  -0.07553
  -0.07520
  -0.07332
  -0.06993
  -0.06511
  -0.05894
  -0.05156
  -0.04311
  -0.03378
  -0.02376
  -0.01324
  -0.00245
   0.00839
   0.01905
   0.02932
   0.03899
   0.04786
   0.05574
   0.06248
   0.06792
   0.07197
   0.07454
   0.07557
   0.07505
   0.07298
   0.06941
   0.06441
   0.05808
   0.05056
   0.04199
   0.03256
   0.02246
   0.01190
   0.00110
  -0.00973
  -0.02036
  -0.03057
  -0.04015
  -0.04890
  -0.05665
  -0.06323
  -0.06851
  -0.07238
  -0.07475
  -0.07559
  -0.07487
  -0.07261
  -0.06886
  -0.06369
  -0.05720
  -0.04954
  -0.04086
  -0.03133
  -0.02117
  -0.01056
   0.00026
   0.01108
   0.02166
   0.03181
   0.04129
   0.04993
   0.05754
   0.06396
   0.06907
   0.07276
   0.07494
   0.07559
   0.07467
   0.07222
   0.06829
   0.06294
   0.05630
   0.04851
   0.03971
   0.03009
   0.01986
   0.00922
  -0.00162
  -0.01242
  -0.02296
  -0.03303
  -0.04242
  -0.05094
  -0.05841
  -0.06468
  -0.06961
  -0.07311
  -0.07511
  -0.07556
  -0.07445
  -0.07181
  -0.06769
  -0.06218
  -0.05539
  -0.04746
  -0.03855
  -0.02884
  -0.01855
  -0.00787
   0.00297
   0.01375
   0.02425
   0.03425
   0.04354
   0.05194
   0.05926
   0.06537
   0.07013
   0.07345
   0.07525
   0.07550
   0.07420
   0.07138
   0.06708
   0.06140
   0.05446
   0.04639
   0.03737
   0.02759
   0.01723
   0.00652
  -0.00433
  -0.01509
  -0.02553
  -0.03545
  -0.04464
  -0.05291
  -0.06010
  -0.06604
  -0.07062
  -0.07376
  -0.07537
  -0.07543
  -0.07393
  -0.07092
  -0.06644
  -0.06060
  -0.05351
  -0.04531
  -0.03619
  -0.02632
  -0.01590
  -0.00516
   0.00568
   0.01641
   0.02681
   0.03665
   0.04573
   0.05387
   0.06091
   0.06669
   0.07110
   0.07404
   0.07546
   0.07532
   0.07364
   0.07044
   0.06579
   0.05978
   0.05254
   0.04422
   0.03499
   0.02504
   0.01458
   0.00381
  -0.00704
  -0.01773
  -0.02807
  -0.03783
  -0.04680
  -0.05482
  -0.06170
  -0.06732
  -0.07155
  -0.07430
  -0.07553
  -0.07520
  -0.07332
  -0.06993
  -0.06511
  -0.05894
  -0.05156
  -0.04311
  -0.03378
  -0.02376
  -0.01324
  -0.00245
   0.00839
   0.01905
   0.02932
   0.03899
   0.04786
   0.05574
   0.06248
   0.06792
   0.07197
   0.07454
   0.07557
   0.07505
   0.07298
   0.06941
   0.06441
   0.05808
   0.05056
   0.04199
   0.03256
   0.02246
   0.01190
   0.00110
  -0.00973
  -0.02036
  -0.03057
  -0.04015
  -0.04890
  -0.05665
  -0.06323
  -0.06851
  -0.07238
  -0.07475
  -0.07559
  -0.07487
  -0.07261
  -0.06886
  -0.06369
  -0.05720
  -0.04954
  -0.04086
  -0.03133
  -0.02117
  -0.01056
   0.00026
