   0.05303
  -0.07513
   0.06360
  -0.02360
  -0.02696
   0.06545
  -0.07465
   0.05044
  -0.00365
  -0.04477
   0.07315
  -0.06879
   0.03364
   0.01657
  -0.05936
   0.07558
  -0.05798
   0.01442
   0.03559
  -0.06967
   0.07257
  -0.04298
  -0.00584
   0.05205
  -0.07496
   0.06432
  -0.02489
  -0.02568
   0.06476
  -0.07485
   0.05144
  -0.00500
  -0.04367
   0.07280
  -0.06934
   0.03485
   0.01524
  -0.05851
   0.07559
  -0.05884
   0.01575
   0.03439
  -0.06914
   0.07294
  -0.04409
  -0.00449
   0.05106
  -0.07478
   0.06502
  -0.02617
  -0.02440
   0.06405
  -0.07503
   0.05242
  -0.00636
  -0.04256
   0.07242
  -0.06987
   0.03605
   0.01391
  -0.05764
   0.07558
  -0.05968
   0.01707
   0.03318
  -0.06858
   0.07328
  -0.04519
  -0.00313
   0.05005
  -0.07457
   0.06571
  -0.02744
  -0.02311
   0.06332
  -0.07518
   0.05339
  -0.00771
  -0.04143
   0.07202
  -0.07038
   0.03723
   0.01258
  -0.05676
   0.07553
  -0.06050
   0.01839
   0.03195
  -0.06799
   0.07360
  -0.04627
  -0.00178
   0.04903
  -0.07433
   0.06637
  -0.02870
  -0.02182
   0.06257
  -0.07531
   0.05435
  -0.00906
  -0.04029
   0.07160
  -0.07086
   0.03841
   0.01124
  -0.05585
   0.07547
  -0.06131
   0.01970
   0.03072
  -0.06739
   0.07390
  -0.04733
  -0.00042
   0.04799
  -0.07407
   0.06700
  -0.02995
  -0.02052
   0.06180
  -0.07542
   0.05528
  -0.01040
  -0.03913
   0.07115
  -0.07132
   0.03957
   0.00989
  -0.05493
   0.07538
  -0.06209
   0.02101
   0.02947
  -0.06677
   0.07417
  -0.04838
   0.00094
   0.04693
  -0.07379
   0.06762
  -0.03119
  -0.01921
   0.06100
  -0.07550
   0.05620
  -0.01174
  -0.03797
   0.07068
  -0.07176
   0.04072
   0.00855
  -0.05399
   0.07527
  -0.06285
   0.02231
   0.02822
  -0.06612
   0.07442
  -0.04942
   0.00229
   0.04586
  -0.07348
   0.06822
  -0.03242
  -0.01789
   0.06019
  -0.07555
   0.05710
  -0.01308
  -0.03679
   0.07019
  -0.07218
   0.04186
   0.00720
  -0.05303
   0.07513
  -0.06360
   0.02360
   0.02696
  -0.06545
   0.07465
  -0.05044
   0.00365
   0.04477
  -0.07315
   0.06879
  -0.03364
  -0.01657
   0.05936
  -0.07558
   0.05798
  -0.01442
  -0.03559
   0.06967
  -0.07257
   0.04298
   0.00584
  -0.05205
   0.07496
  -0.06432
   0.02489
   0.02568
  -0.06476
   0.07485
  -0.05144
   0.00500
   0.04367
  -0.07280
   0.06934
  -0.03485
  -0.01524
   0.05851
  -0.07559
   0.05884
  -0.01575
  -0.03439
   0.06914
  -0.07294
   0.04409
   0.00449
  -0.05106
   0.07478
  -0.06502
   0.02617
   0.02440
  -0.06405
   0.07503
  -0.05242
   0.00636
   0.04256
  -0.07242
   0.06987
  -0.03605
  -0.01391
   0.05764
  -0.07558
   0.05968
  -0.01707
  -0.03318
   0.06858
  -0.07328
   0.04519
   0.00313
  -0.05005
   0.07457
  -0.06571
   0.02744
   0.02311
  -0.06332
   0.07518
  -0.05339
   0.00771
   0.04143
  -0.07202
   0.07038
  -0.03723
  -0.01258
   0.05676
  -0.07553
   0.06050
  -0.01839
  -0.03195
   0.06799
  -0.07360
   0.04627
   0.00178
  -0.04903
   0.07433
  -0.06637
   0.02870
   0.02182
  -0.06257
   0.07531
  -0.05435
   0.00906
   0.04029
  -0.07160
   0.07086
  -0.03841
  -0.01124
   0.05585
  -0.07547
   0.06131
  -0.01970
  -0.03072
   0.06739
  -0.07390
   0.04733
   0.00042
  -0.04799
   0.07407
  -0.06700
   0.02995
   0.02052
  -0.06180
   0.07542
  -0.05528
   0.01040
   0.03913
  -0.07115
   0.07132
  -0.03957
  -0.00989
   0.05493
  -0.07538
   0.06209
  -0.02101
  -0.02947
   0.06677
  -0.07417
   0.04838
  -0.00094
  -0.04693
   0.07379
  -0.06762
   0.03119
   0.01921
  -0.06100
   0.07550
  -0.05620
   0.01174
   0.03797
  -0.07068
   0.07176
  -0.04072
  -0.00855
   0.05399
  -0.07527
   0.06285
  -0.02231
  -0.02822
   0.06612
  -0.07442
   0.04942
  -0.00229
  -0.04586
   0.07348
  -0.06822
   0.03242
   0.01789
  -0.06019
   0.07555
  -0.05710
   0.01308
   0.03679
  -0.07019
   0.07218
  -0.04186
  -0.00720
