   0.06670
  -0.03902
   0.00029
   0.03852
  -0.06643
   0.07553
  -0.06325
   0.03306
   0.00649
  -0.04420
   0.06940
  -0.07495
   0.05928
  -0.02683
  -0.01321
   0.04952
  -0.07180
   0.07376
  -0.05484
   0.02039
   0.01983
  -0.05444
   0.07363
  -0.07198
   0.04995
  -0.01378
  -0.02629
   0.05892
  -0.07487
   0.06962
  -0.04467
   0.00706
   0.03254
  -0.06293
   0.07550
  -0.06670
   0.03902
  -0.00029
  -0.03852
   0.06643
  -0.07553
   0.06325
  -0.03306
  -0.00649
   0.04420
  -0.06940
   0.07495
  -0.05928
   0.02683
   0.01321
  -0.04952
   0.07180
  -0.07376
   0.05484
  -0.02039
  -0.01983
   0.05444
  -0.07363
   0.07198
  -0.04995
   0.01378
   0.02629
  -0.05892
   0.07487
  -0.06962
   0.04467
  -0.00706
  -0.03254
   0.06293
  -0.07550
   0.06670
  -0.03902
   0.00029
   0.03852
  -0.06643
   0.07553
  -0.06325
   0.03306
   0.00649
  -0.04420
   0.06940
  -0.07495
   0.05928
  -0.02683
  -0.01321
   0.04952
  -0.07180
   0.07376
  -0.05484
   0.02039
   0.01983
  -0.05444
   0.07363
  -0.07198
   0.04995
  -0.01378
  -0.02629
   0.05892
  -0.07487
   0.06962
  -0.04467
   0.00706
   0.03254
  -0.06293
   0.07550
  -0.06670
   0.03902
  -0.00029
  -0.03852
   0.06643
  -0.07553
   0.06325
  -0.03306
  -0.00649
   0.04420
  -0.06940
   0.07495
  -0.05928
   0.02683
   0.01321
  -0.04952
   0.07180
  -0.07376
   0.05484
  -0.02039
  -0.01983
   0.05444
  -0.07363
   0.07198
  -0.04995
   0.01378
   0.02629
  -0.05892
   0.07487
  -0.06962
   0.04467
  -0.00706
  -0.03254
   0.06293
  -0.07550
   0.06670
  -0.03902
   0.00029
   0.03852
  -0.06643
   0.07553
  -0.06325
   0.03306
   0.00649
  -0.04420
   0.06940
  -0.07495
   0.05928
  -0.02683
  -0.01321
   0.04952
  -0.07180
   0.07376
  -0.05484
   0.02039
   0.01983
  -0.05444
   0.07363
  -0.07198
   0.04995
  -0.01378
  -0.02629
   0.05892
  -0.07487
   0.06962
  -0.04467
   0.00706
   0.03254
  -0.06293
   0.07550
  -0.06670
   0.03902
  -0.00029
  -0.03852
   0.06643
  -0.07553
   0.06325
  -0.03306
  -0.00649
   0.04420
  -0.06940
   0.07495
  -0.05928
   0.02683
   0.01321
  -0.04952
   0.07180
  -0.07376
   0.05484
  -0.02039
  -0.01983
   0.05444
  -0.07363
   0.07198
  -0.04995
   0.01378
   0.02629
  -0.05892
   0.07487
  -0.06962
   0.04467
  -0.00706
  -0.03254
   0.06293
  -0.07550
   0.06670
  -0.03902
   0.00029
   0.03852
  -0.06643
   0.07553
  -0.06325
   0.03306
   0.00649
  -0.04420
   0.06940
  -0.07495
   0.05928
  -0.02683
  -0.01321
   0.04952
  -0.07180
   0.07376
  -0.05484
   0.02039
   0.01983
  -0.05444
   0.07363
  -0.07198
   0.04995
  -0.01378
  -0.02629
   0.05892
  -0.07487
   0.06962
  -0.04467
   0.00706
   0.03254
  -0.06293
   0.07550
  -0.06670
   0.03902
  -0.00029
  -0.03852
   0.06643
  -0.07553
   0.06325
  -0.03306
  -0.00649
   0.04420
  -0.06940
   0.07495
  -0.05928
   0.02683
   0.01321
  -0.04952
   0.07180
  -0.07376
   0.05484
  -0.02039
  -0.01983
   0.05444
  -0.07363
   0.07198
  -0.04995
   0.01378
   0.02629
  -0.05892
   0.07487
  -0.06962
   0.04467
  -0.00706
  -0.03254
   0.06293
  -0.07550
   0.06670
  -0.03902
   0.00029
   0.03852
  -0.06643
   0.07553
  -0.06325
   0.03306
   0.00649
  -0.04420
   0.06940
  -0.07495
   0.05928
  -0.02683
  -0.01321
   0.04952
  -0.07180
   0.07376
  -0.05484
   0.02039
   0.01983
  -0.05444
   0.07363
  -0.07198
   0.04995
  -0.01378
  -0.02629
   0.05892
  -0.07487
   0.06962
  -0.04467
   0.00706
   0.03254
  -0.06293
   0.07550
  -0.06670
   0.03902
  -0.00029
  -0.03852
   0.06643
  -0.07553
   0.06325
  -0.03306
  -0.00649
   0.04420
  -0.06940
   0.07495
  -0.05928
   0.02683
   0.01321
  -0.04952
   0.07180
  -0.07376
   0.05484
  -0.02039
  -0.01983
   0.05444
  -0.07363
   0.07198
  -0.04995
   0.01378
   0.02629
  -0.05892
   0.07487
  -0.06962
   0.04467
  -0.00706
  -0.03254
   0.06293
  -0.07550
