   0.06735
   0.06215
  -0.00845
  -0.07015
  -0.05804
   0.01515
   0.07239
   0.05346
  -0.02173
  -0.07405
  -0.04846
   0.02813
   0.07512
   0.04306
  -0.03430
  -0.07557
  -0.03732
   0.04020
   0.07542
   0.03128
  -0.04578
  -0.07466
  -0.02498
   0.05099
   0.07331
   0.01849
  -0.05579
  -0.07136
  -0.01184
   0.06013
   0.06883
   0.00510
  -0.06400
  -0.06575
   0.00168
   0.06735
   0.06215
  -0.00845
  -0.07015
  -0.05804
   0.01515
   0.07239
   0.05346
  -0.02173
  -0.07405
  -0.04846
   0.02813
   0.07512
   0.04306
  -0.03430
  -0.07557
  -0.03732
   0.04020
   0.07542
   0.03128
  -0.04578
  -0.07466
  -0.02498
   0.05099
   0.07331
   0.01849
  -0.05579
  -0.07136
  -0.01184
   0.06013
   0.06883
   0.00510
  -0.06400
  -0.06575
   0.00168
   0.06735
   0.06215
  -0.00845
  -0.07015
  -0.05804
   0.01515
   0.07239
   0.05346
  -0.02173
  -0.07405
  -0.04846
   0.02813
   0.07512
   0.04306
  -0.03430
  -0.07557
  -0.03732
   0.04020
   0.07542
   0.03128
  -0.04578
  -0.07466
  -0.02498
   0.05099
   0.07331
   0.01849
  -0.05579
  -0.07136
  -0.01184
   0.06013
   0.06883
   0.00510
  -0.06400
  -0.06575
   0.00168
   0.06735
   0.06215
  -0.00845
  -0.07015
  -0.05804
   0.01515
   0.07239
   0.05346
  -0.02173
  -0.07405
  -0.04846
   0.02813
   0.07512
   0.04306
  -0.03430
  -0.07557
  -0.03732
   0.04020
   0.07542
   0.03128
  -0.04578
  -0.07466
  -0.02498
   0.05099
   0.07331
   0.01849
  -0.05579
  -0.07136
  -0.01184
   0.06013
   0.06883
   0.00510
  -0.06400
  -0.06575
   0.00168
   0.06735
   0.06215
  -0.00845
  -0.07015
  -0.05804
   0.01515
   0.07239
   0.05346
  -0.02173
  -0.07405
  -0.04846
   0.02813
   0.07512
   0.04306
  -0.03430
  -0.07557
  -0.03732
   0.04020
   0.07542
   0.03128
  -0.04578
  -0.07466
  -0.02498
   0.05099
   0.07331
   0.01849
  -0.05579
  -0.07136
  -0.01184
   0.06013
   0.06883
   0.00510
  -0.06400
  -0.06575
   0.00168
   0.06735
   0.06215
  -0.00845
  -0.07015
  -0.05804
   0.01515
   0.07239
   0.05346
  -0.02173
  -0.07405
  -0.04846
   0.02813
   0.07512
   0.04306
  -0.03430
  -0.07557
  -0.03732
   0.04020
   0.07542
   0.03128
  -0.04578
  -0.07466
  -0.02498
   0.05099
   0.07331
   0.01849
  -0.05579
  -0.07136
  -0.01184
   0.06013
   0.06883
   0.00510
  -0.06400
  -0.06575
   0.00168
   0.06735
   0.06215
  -0.00845
  -0.07015
  -0.05804
   0.01515
   0.07239
   0.05346
  -0.02173
  -0.07405
  -0.04846
   0.02813
   0.07512
   0.04306
  -0.03430
  -0.07557
  -0.03732
   0.04020
   0.07542
   0.03128
  -0.04578
  -0.07466
  -0.02498
   0.05099
   0.07331
   0.01849
  -0.05579
  -0.07136
  -0.01184
   0.06013
   0.06883
   0.00510
  -0.06400
  -0.06575
   0.00168
   0.06735
   0.06215
  -0.00845
  -0.07015
  -0.05804
   0.01515
   0.07239
   0.05346
  -0.02173
  -0.07405
  -0.04846
   0.02813
   0.07512
   0.04306
  -0.03430
  -0.07557
  -0.03732
   0.04020
   0.07542
   0.03128
  -0.04578
  -0.07466
  -0.02498
   0.05099
   0.07331
   0.01849
  -0.05579
  -0.07136
  -0.01184
   0.06013
   0.06883
   0.00510
  -0.06400
  -0.06575
   0.00168
   0.06735
   0.06215
  -0.00845
  -0.07015
  -0.05804
   0.01515
   0.07239
   0.05346
  -0.02173
  -0.07405
  -0.04846
   0.02813
   0.07512
   0.04306
  -0.03430
  -0.07557
  -0.03732
   0.04020
   0.07542
   0.03128
  -0.04578
  -0.07466
  -0.02498
   0.05099
   0.07331
   0.01849
  -0.05579
  -0.07136
  -0.01184
   0.06013
   0.06883
   0.00510
  -0.06400
  -0.06575
   0.00168
   0.06735
   0.06215
  -0.00845
  -0.07015
  -0.05804
   0.01515
   0.07239
   0.05346
  -0.02173
  -0.07405
  -0.04846
   0.02813
   0.07512
   0.04306
  -0.03430
  -0.07557
  -0.03732
   0.04020
   0.07542
   0.03128
  -0.04578
  -0.07466
  -0.02498
   0.05099
   0.07331
   0.01849
  -0.05579
  -0.07136
  -0.01184
   0.06013
   0.06883
   0.00510
  -0.06400
  -0.06575
   0.00168
