   0.06237
  -0.06894
   0.00940
   0.05915
  -0.07098
   0.01476
   0.05562
  -0.07267
   0.02004
   0.05180
  -0.07397
   0.02522
   0.04772
  -0.07490
   0.03027
   0.04339
  -0.07544
   0.03516
   0.03883
  -0.07559
   0.03987
   0.03408
  -0.07535
   0.04437
   0.02915
  -0.07473
   0.04865
   0.02407
  -0.07371
   0.05268
   0.01887
  -0.07232
   0.05643
   0.01357
  -0.07056
   0.05989
   0.00820
  -0.06843
   0.06305
   0.00279
  -0.06595
   0.06588
  -0.00264
  -0.06313
   0.06837
  -0.00805
  -0.05998
   0.07051
  -0.01343
  -0.05653
   0.07228
  -0.01873
  -0.05278
   0.07368
  -0.02393
  -0.04876
   0.07470
  -0.02902
  -0.04449
   0.07534
  -0.03395
  -0.03999
   0.07559
  -0.03871
  -0.03529
   0.07545
  -0.04327
  -0.03040
   0.07492
  -0.04760
  -0.02536
   0.07400
  -0.05169
  -0.02018
   0.07271
  -0.05552
  -0.01490
   0.07103
  -0.05906
  -0.00955
   0.06899
  -0.06229
  -0.00414
   0.06660
  -0.06520
   0.00128
   0.06386
  -0.06778
   0.00670
   0.06080
  -0.07000
   0.01209
   0.05742
  -0.07187
   0.01741
   0.05374
  -0.07337
   0.02264
   0.04979
  -0.07448
   0.02776
   0.04558
  -0.07522
   0.03273
   0.04114
  -0.07556
   0.03754
   0.03648
  -0.07552
   0.04215
   0.03164
  -0.07509
   0.04654
   0.02663
  -0.07427
   0.05070
   0.02149
  -0.07306
   0.05459
   0.01623
  -0.07149
   0.05820
   0.01089
  -0.06954
   0.06151
   0.00550
  -0.06723
   0.06450
   0.00007
  -0.06458
   0.06717
  -0.00535
  -0.06159
   0.06948
  -0.01075
  -0.05829
   0.07144
  -0.01609
  -0.05469
   0.07303
  -0.02135
  -0.05080
   0.07424
  -0.02649
  -0.04666
   0.07507
  -0.03150
  -0.04227
   0.07551
  -0.03635
  -0.03766
   0.07557
  -0.04101
  -0.03286
   0.07523
  -0.04546
  -0.02790
   0.07451
  -0.04968
  -0.02278
   0.07340
  -0.05364
  -0.01755
   0.07192
  -0.05732
  -0.01223
   0.07006
  -0.06071
  -0.00685
   0.06784
  -0.06379
  -0.00143
   0.06527
  -0.06653
   0.00400
   0.06237
  -0.06894
   0.00940
   0.05915
  -0.07098
   0.01476
   0.05562
  -0.07267
   0.02004
   0.05180
  -0.07397
   0.02522
   0.04772
  -0.07490
   0.03027
   0.04339
  -0.07544
   0.03516
   0.03883
  -0.07559
   0.03987
   0.03408
  -0.07535
   0.04437
   0.02915
  -0.07473
   0.04865
   0.02407
  -0.07371
   0.05268
   0.01887
  -0.07232
   0.05643
   0.01357
  -0.07056
   0.05989
   0.00820
  -0.06843
   0.06305
   0.00279
  -0.06595
   0.06588
  -0.00264
  -0.06313
   0.06837
  -0.00805
  -0.05998
   0.07051
  -0.01343
  -0.05653
   0.07228
  -0.01873
  -0.05278
   0.07368
  -0.02393
  -0.04876
   0.07470
  -0.02902
  -0.04449
   0.07534
  -0.03395
  -0.03999
   0.07559
  -0.03871
  -0.03529
   0.07545
  -0.04327
  -0.03040
   0.07492
  -0.04760
  -0.02536
   0.07400
  -0.05169
  -0.02018
   0.07271
  -0.05552
  -0.01490
   0.07103
  -0.05906
  -0.00955
   0.06899
  -0.06229
  -0.00414
   0.06660
  -0.06520
   0.00128
   0.06386
  -0.06778
   0.00670
   0.06080
  -0.07000
   0.01209
   0.05742
  -0.07187
   0.01741
   0.05374
  -0.07337
   0.02264
   0.04979
  -0.07448
   0.02776
   0.04558
  -0.07522
   0.03273
   0.04114
  -0.07556
   0.03754
   0.03648
  -0.07552
   0.04215
   0.03164
  -0.07509
   0.04654
   0.02663
  -0.07427
   0.05070
   0.02149
  -0.07306
   0.05459
   0.01623
  -0.07149
   0.05820
   0.01089
  -0.06954
   0.06151
   0.00550
  -0.06723
   0.06450
   0.00007
  -0.06458
   0.06717
  -0.00535
  -0.06159
   0.06948
  -0.01075
  -0.05829
   0.07144
  -0.01609
  -0.05469
   0.07303
  -0.02135
  -0.05080
   0.07424
  -0.02649
  -0.04666
   0.07507
  -0.03150
  -0.04227
   0.07551
  -0.03635
  -0.03766
   0.07557
  -0.04101
  -0.03286
   0.07523
  -0.04546
  -0.02790
   0.07451
  -0.04968
  -0.02278
   0.07340
  -0.05364
  -0.01755
   0.07192
  -0.05732
  -0.01223
   0.07006
  -0.06071
  -0.00685
   0.06784
  -0.06379
  -0.00143
   0.06527
  -0.06653
   0.00400
