   0.07511
   0.01052
  -0.07455
  -0.01453
   0.07376
   0.01850
  -0.07277
  -0.02242
   0.07156
   0.02628
  -0.07015
  -0.03005
   0.06853
   0.03374
  -0.06671
  -0.03734
   0.06470
   0.04082
  -0.06250
  -0.04419
   0.06012
   0.04742
  -0.05757
  -0.05052
   0.05485
   0.05348
  -0.05197
  -0.05628
   0.04894
   0.05891
  -0.04577
  -0.06137
   0.04246
   0.06366
  -0.03903
  -0.06576
   0.03549
   0.06767
  -0.03185
  -0.06939
   0.02811
   0.07090
  -0.02429
  -0.07221
   0.02040
   0.07331
  -0.01646
  -0.07420
   0.01246
   0.07487
  -0.00843
  -0.07532
   0.00437
   0.07556
  -0.00030
  -0.07557
  -0.00376
   0.07537
   0.00782
  -0.07495
  -0.01186
   0.07431
   0.01586
  -0.07346
  -0.01982
   0.07239
   0.02371
  -0.07111
  -0.02754
   0.06963
   0.03129
  -0.06794
  -0.03495
   0.06606
   0.03851
  -0.06399
  -0.04196
   0.06173
   0.04528
  -0.05929
  -0.04847
   0.05668
   0.05152
  -0.05391
  -0.05443
   0.05097
   0.05717
  -0.04790
  -0.05975
   0.04468
   0.06216
  -0.04133
  -0.06438
   0.03786
   0.06642
  -0.03429
  -0.06827
   0.03061
   0.06992
  -0.02685
  -0.07136
   0.02300
   0.07260
  -0.01909
  -0.07363
   0.01513
   0.07444
  -0.01112
  -0.07504
   0.00708
   0.07542
  -0.00302
  -0.07559
  -0.00105
   0.07553
   0.00512
  -0.07525
  -0.00917
   0.07476
   0.01320
  -0.07405
  -0.01719
   0.07312
   0.02112
  -0.07199
  -0.02500
   0.07064
   0.02880
  -0.06909
  -0.03252
   0.06734
   0.03615
  -0.06539
  -0.03967
   0.06326
   0.04308
  -0.06094
  -0.04636
   0.05844
   0.04951
  -0.05577
  -0.05251
   0.05295
   0.05536
  -0.04996
  -0.05805
   0.04684
   0.06057
  -0.04358
  -0.06292
   0.04019
   0.06508
  -0.03668
  -0.06706
   0.03307
   0.06884
  -0.02937
  -0.07042
   0.02557
   0.07180
  -0.02171
  -0.07297
   0.01778
   0.07392
  -0.01380
  -0.07467
   0.00978
   0.07519
  -0.00573
  -0.07550
   0.00166
   0.07559
   0.00241
  -0.07546
  -0.00647
   0.07511
   0.01052
  -0.07455
  -0.01453
   0.07376
   0.01850
  -0.07277
  -0.02242
   0.07156
   0.02628
  -0.07015
  -0.03005
   0.06853
   0.03374
  -0.06671
  -0.03734
   0.06470
   0.04082
  -0.06250
  -0.04419
   0.06012
   0.04742
  -0.05757
  -0.05052
   0.05485
   0.05348
  -0.05197
  -0.05628
   0.04894
   0.05891
  -0.04577
  -0.06137
   0.04246
   0.06366
  -0.03903
  -0.06576
   0.03549
   0.06767
  -0.03185
  -0.06939
   0.02811
   0.07090
  -0.02429
  -0.07221
   0.02040
   0.07331
  -0.01646
  -0.07420
   0.01246
   0.07487
  -0.00843
  -0.07532
   0.00437
   0.07556
  -0.00030
  -0.07557
  -0.00376
   0.07537
   0.00782
  -0.07495
  -0.01186
   0.07431
   0.01586
  -0.07346
  -0.01982
   0.07239
   0.02371
  -0.07111
  -0.02754
   0.06963
   0.03129
  -0.06794
  -0.03495
   0.06606
   0.03851
  -0.06399
  -0.04196
   0.06173
   0.04528
  -0.05929
  -0.04847
   0.05668
   0.05152
  -0.05391
  -0.05443
   0.05097
   0.05717
  -0.04790
  -0.05975
   0.04468
   0.06216
  -0.04133
  -0.06438
   0.03786
   0.06642
  -0.03429
  -0.06827
   0.03061
   0.06992
  -0.02685
  -0.07136
   0.02300
   0.07260
  -0.01909
  -0.07363
   0.01513
   0.07444
  -0.01112
  -0.07504
   0.00708
   0.07542
  -0.00302
  -0.07559
  -0.00105
   0.07553
   0.00512
  -0.07525
  -0.00917
   0.07476
   0.01320
  -0.07405
  -0.01719
   0.07312
   0.02112
  -0.07199
  -0.02500
   0.07064
   0.02880
  -0.06909
  -0.03252
   0.06734
   0.03615
  -0.06539
  -0.03967
   0.06326
   0.04308
  -0.06094
  -0.04636
   0.05844
   0.04951
  -0.05577
  -0.05251
   0.05295
   0.05536
  -0.04996
  -0.05805
   0.04684
   0.06057
  -0.04358
  -0.06292
   0.04019
   0.06508
  -0.03668
  -0.06706
   0.03307
   0.06884
  -0.02937
  -0.07042
   0.02557
   0.07180
  -0.02171
  -0.07297
   0.01778
   0.07392
  -0.01380
  -0.07467
   0.00978
   0.07519
  -0.00573
  -0.07550
   0.00166
   0.07559
   0.00241
  -0.07546
  -0.00647
