   0.06158
  -0.07002
   0.01346
   0.05559
  -0.07304
   0.02268
   0.04874
  -0.07490
   0.03153
   0.04111
  -0.07559
   0.03990
   0.03283
  -0.07508
   0.04763
   0.02404
  -0.07339
   0.05461
   0.01487
  -0.07055
   0.06073
   0.00546
  -0.06659
   0.06589
  -0.00403
  -0.06158
   0.07002
  -0.01346
  -0.05559
   0.07304
  -0.02268
  -0.04874
   0.07490
  -0.03153
  -0.04111
   0.07559
  -0.03990
  -0.03283
   0.07508
  -0.04763
  -0.02404
   0.07339
  -0.05461
  -0.01487
   0.07055
  -0.06073
  -0.00546
   0.06659
  -0.06589
   0.00403
   0.06158
  -0.07002
   0.01346
   0.05559
  -0.07304
   0.02268
   0.04874
  -0.07490
   0.03153
   0.04111
  -0.07559
   0.03990
   0.03283
  -0.07508
   0.04763
   0.02404
  -0.07339
   0.05461
   0.01487
  -0.07055
   0.06073
   0.00546
  -0.06659
   0.06589
  -0.00403
  -0.06158
   0.07002
  -0.01346
  -0.05559
   0.07304
  -0.02268
  -0.04874
   0.07490
  -0.03153
  -0.04111
   0.07559
  -0.03990
  -0.03283
   0.07508
  -0.04763
  -0.02404
   0.07339
  -0.05461
  -0.01487
   0.07055
  -0.06073
  -0.00546
   0.06659
  -0.06589
   0.00403
   0.06158
  -0.07002
   0.01346
   0.05559
  -0.07304
   0.02268
   0.04874
  -0.07490
   0.03153
   0.04111
  -0.07559
   0.03990
   0.03283
  -0.07508
   0.04763
   0.02404
  -0.07339
   0.05461
   0.01487
  -0.07055
   0.06073
   0.00546
  -0.06659
   0.06589
  -0.00403
  -0.06158
   0.07002
  -0.01346
  -0.05559
   0.07304
  -0.02268
  -0.04874
   0.07490
  -0.03153
  -0.04111
   0.07559
  -0.03990
  -0.03283
   0.07508
  -0.04763
  -0.02404
   0.07339
  -0.05461
  -0.01487
   0.07055
  -0.06073
  -0.00546
   0.06659
  -0.06589
   0.00403
   0.06158
  -0.07002
   0.01346
   0.05559
  -0.07304
   0.02268
   0.04874
  -0.07490
   0.03153
   0.04111
  -0.07559
   0.03990
   0.03283
  -0.07508
   0.04763
   0.02404
  -0.07339
   0.05461
   0.01487
  -0.07055
   0.06073
   0.00546
  -0.06659
   0.06589
  -0.00403
  -0.06158
   0.07002
  -0.01346
  -0.05559
   0.07304
  -0.02268
  -0.04874
   0.07490
  -0.03153
  -0.04111
   0.07559
  -0.03990
  -0.03283
   0.07508
  -0.04763
  -0.02404
   0.07339
  -0.05461
  -0.01487
   0.07055
  -0.06073
  -0.00546
   0.06659
  -0.06589
   0.00403
   0.06158
  -0.07002
   0.01346
   0.05559
  -0.07304
   0.02268
   0.04874
  -0.07490
   0.03153
   0.04111
  -0.07559
   0.03990
   0.03283
  -0.07508
   0.04763
   0.02404
  -0.07339
   0.05461
   0.01487
  -0.07055
   0.06073
   0.00546
  -0.06659
   0.06589
  -0.00403
  -0.06158
   0.07002
  -0.01346
  -0.05559
   0.07304
  -0.02268
  -0.04874
   0.07490
  -0.03153
  -0.04111
   0.07559
  -0.03990
  -0.03283
   0.07508
  -0.04763
  -0.02404
   0.07339
  -0.05461
  -0.01487
   0.07055
  -0.06073
  -0.00546
   0.06659
  -0.06589
   0.00403
   0.06158
  -0.07002
   0.01346
   0.05559
  -0.07304
   0.02268
   0.04874
  -0.07490
   0.03153
   0.04111
  -0.07559
   0.03990
   0.03283
  -0.07508
   0.04763
   0.02404
  -0.07339
   0.05461
   0.01487
  -0.07055
   0.06073
   0.00546
  -0.06659
   0.06589
  -0.00403
  -0.06158
   0.07002
  -0.01346
  -0.05559
   0.07304
  -0.02268
  -0.04874
   0.07490
  -0.03153
  -0.04111
   0.07559
  -0.03990
  -0.03283
   0.07508
  -0.04763
  -0.02404
   0.07339
  -0.05461
  -0.01487
   0.07055
  -0.06073
  -0.00546
   0.06659
  -0.06589
   0.00403
   0.06158
  -0.07002
   0.01346
   0.05559
  -0.07304
   0.02268
   0.04874
  -0.07490
   0.03153
   0.04111
  -0.07559
   0.03990
   0.03283
  -0.07508
   0.04763
   0.02404
  -0.07339
   0.05461
   0.01487
  -0.07055
   0.06073
   0.00546
  -0.06659
   0.06589
  -0.00403
  -0.06158
   0.07002
  -0.01346
  -0.05559
   0.07304
  -0.02268
  -0.04874
   0.07490
  -0.03153
  -0.04111
   0.07559
  -0.03990
  -0.03283
   0.07508
  -0.04763
  -0.02404
   0.07339
  -0.05461
  -0.01487
   0.07055
  -0.06073
  -0.00546
   0.06659
  -0.06589
   0.00403
