  -0.04735
   0.07443
  -0.06475
   0.02309
   0.02997
  -0.06823
   0.07279
  -0.04141
  -0.01043
   0.05711
  -0.07559
   0.05674
  -0.00987
  -0.04188
   0.07294
  -0.06798
   0.02945
   0.02363
  -0.06504
   0.07433
  -0.04691
  -0.00367
   0.05244
  -0.07531
   0.06099
  -0.01655
  -0.03607
   0.07087
  -0.07067
   0.03557
   0.01710
  -0.06132
   0.07526
  -0.05204
   0.00311
   0.04735
  -0.07443
   0.06475
  -0.02309
  -0.02997
   0.06823
  -0.07279
   0.04141
   0.01043
  -0.05711
   0.07559
  -0.05674
   0.00987
   0.04188
  -0.07294
   0.06798
  -0.02945
  -0.02363
   0.06504
  -0.07433
   0.04691
   0.00367
  -0.05244
   0.07531
  -0.06099
   0.01655
   0.03607
  -0.07087
   0.07067
  -0.03557
  -0.01710
   0.06132
  -0.07526
   0.05204
  -0.00311
  -0.04735
   0.07443
  -0.06475
   0.02309
   0.02997
  -0.06823
   0.07279
  -0.04141
  -0.01043
   0.05711
  -0.07559
   0.05674
  -0.00987
  -0.04188
   0.07294
  -0.06798
   0.02945
   0.02363
  -0.06504
   0.07433
  -0.04691
  -0.00367
   0.05244
  -0.07531
   0.06099
  -0.01655
  -0.03607
   0.07087
  -0.07067
   0.03557
   0.01710
  -0.06132
   0.07526
  -0.05204
   0.00311
   0.04735
  -0.07443
   0.06475
  -0.02309
  -0.02997
   0.06823
  -0.07279
   0.04141
   0.01043
  -0.05711
   0.07559
  -0.05674
   0.00987
   0.04188
  -0.07294
   0.06798
  -0.02945
  -0.02363
   0.06504
  -0.07433
   0.04691
   0.00367
  -0.05244
   0.07531
  -0.06099
   0.01655
   0.03607
  -0.07087
   0.07067
  -0.03557
  -0.01710
   0.06132
  -0.07526
   0.05204
  -0.00311
  -0.04735
   0.07443
  -0.06475
   0.02309
   0.02997
  -0.06823
   0.07279
  -0.04141
  -0.01043
   0.05711
  -0.07559
   0.05674
  -0.00987
  -0.04188
   0.07294
  -0.06798
   0.02945
   0.02363
  -0.06504
   0.07433
  -0.04691
  -0.00367
   0.05244
  -0.07531
   0.06099
  -0.01655
  -0.03607
   0.07087
  -0.07067
   0.03557
   0.01710
  -0.06132
   0.07526
  -0.05204
   0.00311
   0.04735
  -0.07443
   0.06475
  -0.02309
  -0.02997
   0.06823
  -0.07279
   0.04141
   0.01043
  -0.05711
   0.07559
  -0.05674
   0.00987
   0.04188
  -0.07294
   0.06798
  -0.02945
  -0.02363
   0.06504
  -0.07433
   0.04691
   0.00367
  -0.05244
   0.07531
  -0.06099
   0.01655
   0.03607
  -0.07087
   0.07067
  -0.03557
  -0.01710
   0.06132
  -0.07526
   0.05204
  -0.00311
  -0.04735
   0.07443
  -0.06475
   0.02309
   0.02997
  -0.06823
   0.07279
  -0.04141
  -0.01043
   0.05711
  -0.07559
   0.05674
  -0.00987
  -0.04188
   0.07294
  -0.06798
   0.02945
   0.02363
  -0.06504
   0.07433
  -0.04691
  -0.00367
   0.05244
  -0.07531
   0.06099
  -0.01655
  -0.03607
   0.07087
  -0.07067
   0.03557
   0.01710
  -0.06132
   0.07526
  -0.05204
   0.00311
   0.04735
  -0.07443
   0.06475
  -0.02309
  -0.02997
   0.06823
  -0.07279
   0.04141
   0.01043
  -0.05711
   0.07559
  -0.05674
   0.00987
   0.04188
  -0.07294
   0.06798
  -0.02945
  -0.02363
   0.06504
  -0.07433
   0.04691
   0.00367
  -0.05244
   0.07531
  -0.06099
   0.01655
   0.03607
  -0.07087
   0.07067
  -0.03557
  -0.01710
   0.06132
  -0.07526
   0.05204
  -0.00311
  -0.04735
   0.07443
  -0.06475
   0.02309
   0.02997
  -0.06823
   0.07279
  -0.04141
  -0.01043
   0.05711
  -0.07559
   0.05674
  -0.00987
  -0.04188
   0.07294
  -0.06798
   0.02945
   0.02363
  -0.06504
   0.07433
  -0.04691
  -0.00367
   0.05244
  -0.07531
   0.06099
  -0.01655
  -0.03607
   0.07087
  -0.07067
   0.03557
   0.01710
  -0.06132
   0.07526
  -0.05204
   0.00311
   0.04735
  -0.07443
   0.06475
  -0.02309
  -0.02997
   0.06823
  -0.07279
   0.04141
   0.01043
  -0.05711
   0.07559
  -0.05674
   0.00987
   0.04188
  -0.07294
   0.06798
  -0.02945
  -0.02363
   0.06504
  -0.07433
   0.04691
   0.00367
  -0.05244
   0.07531
  -0.06099
   0.01655
   0.03607
  -0.07087
   0.07067
  -0.03557
  -0.01710
   0.06132
  -0.07526
   0.05204
  -0.00311
