  -0.05103
  -0.07538
  -0.05886
  -0.01044
   0.04364
   0.07406
   0.06434
   0.01974
  -0.03556
  -0.07159
  -0.06881
  -0.02873
   0.02692
   0.06798
   0.07219
   0.03727
  -0.01785
  -0.06330
  -0.07443
  -0.04522
   0.00851
   0.05762
   0.07550
   0.05245
   0.00098
  -0.05103
  -0.07538
  -0.05886
  -0.01044
   0.04364
   0.07406
   0.06434
   0.01974
  -0.03556
  -0.07159
  -0.06881
  -0.02873
   0.02692
   0.06798
   0.07219
   0.03727
  -0.01785
  -0.06330
  -0.07443
  -0.04522
   0.00851
   0.05762
   0.07550
   0.05245
   0.00098
  -0.05103
  -0.07538
  -0.05886
  -0.01044
   0.04364
   0.07406
   0.06434
   0.01974
  -0.03556
  -0.07159
  -0.06881
  -0.02873
   0.02692
   0.06798
   0.07219
   0.03727
  -0.01785
  -0.06330
  -0.07443
  -0.04522
   0.00851
   0.05762
   0.07550
   0.05245
   0.00098
  -0.05103
  -0.07538
  -0.05886
  -0.01044
   0.04364
   0.07406
   0.06434
   0.01974
  -0.03556
  -0.07159
  -0.06881
  -0.02873
   0.02692
   0.06798
   0.07219
   0.03727
  -0.01785
  -0.06330
  -0.07443
  -0.04522
   0.00851
   0.05762
   0.07550
   0.05245
   0.00098
  -0.05103
  -0.07538
  -0.05886
  -0.01044
   0.04364
   0.07406
   0.06434
   0.01974
  -0.03556
  -0.07159
  -0.06881
  -0.02873
   0.02692
   0.06798
   0.07219
   0.03727
  -0.01785
  -0.06330
  -0.07443
  -0.04522
   0.00851
   0.05762
   0.07550
   0.05245
   0.00098
  -0.05103
  -0.07538
  -0.05886
  -0.01044
   0.04364
   0.07406
   0.06434
   0.01974
  -0.03556
  -0.07159
  -0.06881
  -0.02873
   0.02692
   0.06798
   0.07219
   0.03727
  -0.01785
  -0.06330
  -0.07443
  -0.04522
   0.00851
   0.05762
   0.07550
   0.05245
   0.00098
  -0.05103
  -0.07538
  -0.05886
  -0.01044
   0.04364
   0.07406
   0.06434
   0.01974
  -0.03556
  -0.07159
  -0.06881
  -0.02873
   0.02692
   0.06798
   0.07219
   0.03727
  -0.01785
  -0.06330
  -0.07443
  -0.04522
   0.00851
   0.05762
   0.07550
   0.05245
   0.00098
  -0.05103
  -0.07538
  -0.05886
  -0.01044
   0.04364
   0.07406
   0.06434
   0.01974
  -0.03556
  -0.07159
  -0.06881
  -0.02873
   0.02692
   0.06798
   0.07219
   0.03727
  -0.01785
  -0.06330
  -0.07443
  -0.04522
   0.00851
   0.05762
   0.07550
   0.05245
   0.00098
  -0.05103
  -0.07538
  -0.05886
  -0.01044
   0.04364
   0.07406
   0.06434
   0.01974
  -0.03556
  -0.07159
  -0.06881
  -0.02873
   0.02692
   0.06798
   0.07219
   0.03727
  -0.01785
  -0.06330
  -0.07443
  -0.04522
   0.00851
   0.05762
   0.07550
   0.05245
   0.00098
  -0.05103
  -0.07538
  -0.05886
  -0.01044
   0.04364
   0.07406
   0.06434
   0.01974
  -0.03556
  -0.07159
  -0.06881
  -0.02873
   0.02692
   0.06798
   0.07219
   0.03727
  -0.01785
  -0.06330
  -0.07443
  -0.04522
   0.00851
   0.05762
   0.07550
   0.05245
   0.00098
  -0.05103
  -0.07538
  -0.05886
  -0.01044
   0.04364
   0.07406
   0.06434
   0.01974
  -0.03556
  -0.07159
  -0.06881
  -0.02873
   0.02692
   0.06798
   0.07219
   0.03727
  -0.01785
  -0.06330
  -0.07443
  -0.04522
   0.00851
   0.05762
   0.07550
   0.05245
   0.00098
  -0.05103
  -0.07538
  -0.05886
  -0.01044
   0.04364
   0.07406
   0.06434
   0.01974
  -0.03556
  -0.07159
  -0.06881
  -0.02873
   0.02692
   0.06798
   0.07219
   0.03727
  -0.01785
  -0.06330
  -0.07443
  -0.04522
   0.00851
   0.05762
   0.07550
   0.05245
   0.00098
  -0.05103
  -0.07538
  -0.05886
  -0.01044
   0.04364
   0.07406
   0.06434
   0.01974
  -0.03556
  -0.07159
  -0.06881
  -0.02873
   0.02692
   0.06798
   0.07219
   0.03727
  -0.01785
  -0.06330
  -0.07443
  -0.04522
   0.00851
   0.05762
   0.07550
   0.05245
   0.00098
  -0.05103
  -0.07538
  -0.05886
  -0.01044
   0.04364
   0.07406
   0.06434
   0.01974
  -0.03556
  -0.07159
  -0.06881
  -0.02873
   0.02692
   0.06798
   0.07219
   0.03727
  -0.01785
  -0.06330
  -0.07443
  -0.04522
   0.00851
   0.05762
   0.07550
   0.05245
   0.00098
