  -0.00850
   0.07486
   0.01253
  -0.07418
  -0.01652
   0.07329
   0.02047
  -0.07219
  -0.02436
   0.07088
   0.02817
  -0.06936
  -0.03191
   0.06764
   0.03555
  -0.06573
  -0.03909
   0.06362
   0.04252
  -0.06133
  -0.04582
   0.05887
   0.04899
  -0.05623
  -0.05202
   0.05343
   0.05490
  -0.05047
  -0.05761
   0.04737
   0.06016
  -0.04413
  -0.06254
   0.04076
   0.06474
  -0.03728
  -0.06674
   0.03368
   0.06856
  -0.02999
  -0.07017
   0.02621
   0.07158
  -0.02236
  -0.07279
   0.01844
   0.07378
  -0.01446
  -0.07456
   0.01045
   0.07512
  -0.00640
  -0.07547
   0.00234
   0.07559
   0.00173
  -0.07550
  -0.00580
   0.07519
   0.00984
  -0.07466
  -0.01387
   0.07391
   0.01785
  -0.07295
  -0.02177
   0.07178
   0.02564
  -0.07040
  -0.02943
   0.06881
   0.03313
  -0.06703
  -0.03674
   0.06505
   0.04025
  -0.06288
  -0.04363
   0.06053
   0.04689
  -0.05801
  -0.05002
   0.05531
   0.05299
  -0.05246
  -0.05582
   0.04945
   0.05848
  -0.04630
  -0.06098
   0.04302
   0.06329
  -0.03961
  -0.06543
   0.03609
   0.06737
  -0.03246
  -0.06912
   0.02874
   0.07067
  -0.02493
  -0.07201
   0.02106
   0.07314
  -0.01712
  -0.07406
   0.01313
   0.07477
  -0.00910
  -0.07526
   0.00505
   0.07553
  -0.00098
  -0.07559
  -0.00309
   0.07542
   0.00715
  -0.07503
  -0.01119
   0.07443
   0.01520
  -0.07361
  -0.01916
   0.07258
   0.02307
  -0.07134
  -0.02691
   0.06989
   0.03067
  -0.06824
  -0.03435
   0.06639
   0.03792
  -0.06435
  -0.04139
   0.06212
   0.04473
  -0.05971
  -0.04795
   0.05713
   0.05103
  -0.05438
  -0.05395
   0.05147
   0.05673
  -0.04842
  -0.05933
   0.04522
   0.06177
  -0.04190
  -0.06402
   0.03845
   0.06610
  -0.03489
  -0.06797
   0.03123
   0.06966
  -0.02748
  -0.07114
   0.02365
   0.07241
  -0.01975
  -0.07347
   0.01579
   0.07432
  -0.01179
  -0.07496
   0.00775
   0.07538
  -0.00370
  -0.07557
  -0.00037
   0.07555
   0.00444
  -0.07532
  -0.00850
   0.07486
   0.01253
  -0.07418
  -0.01652
   0.07329
   0.02047
  -0.07219
  -0.02436
   0.07088
   0.02817
  -0.06936
  -0.03191
   0.06764
   0.03555
  -0.06573
  -0.03909
   0.06362
   0.04252
  -0.06133
  -0.04582
   0.05887
   0.04899
  -0.05623
  -0.05202
   0.05343
   0.05490
  -0.05047
  -0.05761
   0.04737
   0.06016
  -0.04413
  -0.06254
   0.04076
   0.06474
  -0.03728
  -0.06674
   0.03368
   0.06856
  -0.02999
  -0.07017
   0.02621
   0.07158
  -0.02236
  -0.07279
   0.01844
   0.07378
  -0.01446
  -0.07456
   0.01045
   0.07512
  -0.00640
  -0.07547
   0.00234
   0.07559
   0.00173
  -0.07550
  -0.00580
   0.07519
   0.00984
  -0.07466
  -0.01387
   0.07391
   0.01785
  -0.07295
  -0.02177
   0.07178
   0.02564
  -0.07040
  -0.02943
   0.06881
   0.03313
  -0.06703
  -0.03674
   0.06505
   0.04025
  -0.06288
  -0.04363
   0.06053
   0.04689
  -0.05801
  -0.05002
   0.05531
   0.05299
  -0.05246
  -0.05582
   0.04945
   0.05848
  -0.04630
  -0.06098
   0.04302
   0.06329
  -0.03961
  -0.06543
   0.03609
   0.06737
  -0.03246
  -0.06912
   0.02874
   0.07067
  -0.02493
  -0.07201
   0.02106
   0.07314
  -0.01712
  -0.07406
   0.01313
   0.07477
  -0.00910
  -0.07526
   0.00505
   0.07553
  -0.00098
  -0.07559
  -0.00309
   0.07542
   0.00715
  -0.07503
  -0.01119
   0.07443
   0.01520
  -0.07361
  -0.01916
   0.07258
   0.02307
  -0.07134
  -0.02691
   0.06989
   0.03067
  -0.06824
  -0.03435
   0.06639
   0.03792
  -0.06435
  -0.04139
   0.06212
   0.04473
  -0.05971
  -0.04795
   0.05713
   0.05103
  -0.05438
  -0.05395
   0.05147
   0.05673
  -0.04842
  -0.05933
   0.04522
   0.06177
  -0.04190
  -0.06402
   0.03845
   0.06610
  -0.03489
  -0.06797
   0.03123
   0.06966
  -0.02748
  -0.07114
   0.02365
   0.07241
  -0.01975
  -0.07347
   0.01579
   0.07432
  -0.01179
  -0.07496
   0.00775
   0.07538
  -0.00370
  -0.07557
  -0.00037
   0.07555
   0.00444
  -0.07532
