   0.07548
   0.02467
  -0.06193
  -0.05869
   0.02969
   0.07500
   0.01152
  -0.06867
  -0.04924
   0.04162
   0.07211
  -0.00201
  -0.07321
  -0.03821
   0.05222
   0.06690
  -0.01547
  -0.07540
  -0.02595
   0.06114
   0.05954
  -0.02843
  -0.07516
  -0.01286
   0.06810
   0.05026
  -0.04048
  -0.07250
   0.00065
   0.07286
   0.03938
  -0.05123
  -0.06752
   0.01414
   0.07529
   0.02722
  -0.06033
  -0.06036
   0.02717
   0.07529
   0.01419
  -0.06749
  -0.05127
   0.03933
   0.07288
   0.00071
  -0.07249
  -0.04053
   0.05022
   0.06812
  -0.01280
  -0.07515
  -0.02848
   0.05950
   0.06117
  -0.02590
  -0.07540
  -0.01552
   0.06687
   0.05226
  -0.03816
  -0.07322
  -0.00206
   0.07209
   0.04167
  -0.04920
  -0.06870
   0.01146
   0.07499
   0.02973
  -0.05866
  -0.06196
   0.02462
   0.07548
   0.01685
  -0.06623
  -0.05323
   0.03699
   0.07355
   0.00342
  -0.07167
  -0.04279
   0.04816
   0.06925
  -0.01012
  -0.07481
  -0.03098
   0.05779
   0.06273
  -0.02333
  -0.07555
  -0.01817
   0.06556
   0.05419
  -0.03580
  -0.07385
  -0.00477
   0.07123
   0.04390
  -0.04711
  -0.06978
   0.00877
   0.07460
   0.03221
  -0.05691
  -0.06347
   0.02204
   0.07558
   0.01948
  -0.06488
  -0.05512
   0.03460
   0.07413
   0.00613
  -0.07076
  -0.04500
   0.04604
   0.07029
  -0.00742
  -0.07437
  -0.03343
   0.05601
   0.06420
  -0.02074
  -0.07559
  -0.02079
   0.06417
   0.05604
  -0.03338
  -0.07438
  -0.00748
   0.07027
   0.04608
  -0.04496
  -0.07078
   0.00607
   0.07412
   0.03464
  -0.05509
  -0.06491
   0.01943
   0.07558
   0.02209
  -0.06344
  -0.05694
   0.03216
   0.07461
   0.00883
  -0.06976
  -0.04715
   0.04386
   0.07125
  -0.00472
  -0.07384
  -0.03584
   0.05415
   0.06559
  -0.01812
  -0.07554
  -0.02339
   0.06270
   0.05783
  -0.03093
  -0.07482
  -0.01017
   0.06923
   0.04821
  -0.04275
  -0.07169
   0.00336
   0.07354
   0.03703
  -0.05319
  -0.06626
   0.01679
   0.07548
   0.02467
  -0.06193
  -0.05869
   0.02969
   0.07500
   0.01152
  -0.06867
  -0.04924
   0.04162
   0.07211
  -0.00201
  -0.07321
  -0.03821
   0.05222
   0.06690
  -0.01547
  -0.07540
  -0.02595
   0.06114
   0.05954
  -0.02843
  -0.07516
  -0.01286
   0.06810
   0.05026
  -0.04048
  -0.07250
   0.00065
   0.07286
   0.03938
  -0.05123
  -0.06752
   0.01414
   0.07529
   0.02722
  -0.06033
  -0.06036
   0.02717
   0.07529
   0.01419
  -0.06749
  -0.05127
   0.03933
   0.07288
   0.00071
  -0.07249
  -0.04053
   0.05022
   0.06812
  -0.01280
  -0.07515
  -0.02848
   0.05950
   0.06117
  -0.02590
  -0.07540
  -0.01552
   0.06687
   0.05226
  -0.03816
  -0.07322
  -0.00206
   0.07209
   0.04167
  -0.04920
  -0.06870
   0.01146
   0.07499
   0.02973
  -0.05866
  -0.06196
   0.02462
   0.07548
   0.01685
  -0.06623
  -0.05323
   0.03699
   0.07355
   0.00342
  -0.07167
  -0.04279
   0.04816
   0.06925
  -0.01012
  -0.07481
  -0.03098
   0.05779
   0.06273
  -0.02333
  -0.07555
  -0.01817
   0.06556
   0.05419
  -0.03580
  -0.07385
  -0.00477
   0.07123
   0.04390
  -0.04711
  -0.06978
   0.00877
   0.07460
   0.03221
  -0.05691
  -0.06347
   0.02204
   0.07558
   0.01948
  -0.06488
  -0.05512
   0.03460
   0.07413
   0.00613
  -0.07076
  -0.04500
   0.04604
   0.07029
  -0.00742
  -0.07437
  -0.03343
   0.05601
   0.06420
  -0.02074
  -0.07559
  -0.02079
   0.06417
   0.05604
  -0.03338
  -0.07438
  -0.00748
   0.07027
   0.04608
  -0.04496
  -0.07078
   0.00607
   0.07412
   0.03464
  -0.05509
  -0.06491
   0.01943
   0.07558
   0.02209
  -0.06344
  -0.05694
   0.03216
   0.07461
   0.00883
  -0.06976
  -0.04715
   0.04386
   0.07125
  -0.00472
  -0.07384
  -0.03584
   0.05415
   0.06559
  -0.01812
  -0.07554
  -0.02339
   0.06270
   0.05783
  -0.03093
  -0.07482
  -0.01017
   0.06923
   0.04821
  -0.04275
  -0.07169
   0.00336
   0.07354
   0.03703
  -0.05319
  -0.06626
   0.01679
