   0.07348
  -0.06676
   0.05584
  -0.04142
   0.02439
  -0.00583
  -0.01310
   0.03120
  -0.04734
   0.06051
  -0.06988
   0.07485
  -0.07513
   0.07068
  -0.06179
   0.04902
  -0.03317
   0.01523
   0.00366
  -0.02232
   0.03958
  -0.05435
   0.06571
  -0.07294
   0.07559
  -0.07348
   0.06676
  -0.05584
   0.04142
  -0.02439
   0.00583
   0.01310
  -0.03120
   0.04734
  -0.06051
   0.06988
  -0.07485
   0.07513
  -0.07068
   0.06179
  -0.04902
   0.03317
  -0.01523
  -0.00366
   0.02232
  -0.03958
   0.05435
  -0.06571
   0.07294
  -0.07559
   0.07348
  -0.06676
   0.05584
  -0.04142
   0.02439
  -0.00583
  -0.01310
   0.03120
  -0.04734
   0.06051
  -0.06988
   0.07485
  -0.07513
   0.07068
  -0.06179
   0.04902
  -0.03317
   0.01523
   0.00366
  -0.02232
   0.03958
  -0.05435
   0.06571
  -0.07294
   0.07559
  -0.07348
   0.06676
  -0.05584
   0.04142
  -0.02439
   0.00583
   0.01310
  -0.03120
   0.04734
  -0.06051
   0.06988
  -0.07485
   0.07513
  -0.07068
   0.06179
  -0.04902
   0.03317
  -0.01523
  -0.00366
   0.02232
  -0.03958
   0.05435
  -0.06571
   0.07294
  -0.07559
   0.07348
  -0.06676
   0.05584
  -0.04142
   0.02439
  -0.00583
  -0.01310
   0.03120
  -0.04734
   0.06051
  -0.06988
   0.07485
  -0.07513
   0.07068
  -0.06179
   0.04902
  -0.03317
   0.01523
   0.00366
  -0.02232
   0.03958
  -0.05435
   0.06571
  -0.07294
   0.07559
  -0.07348
   0.06676
  -0.05584
   0.04142
  -0.02439
   0.00583
   0.01310
  -0.03120
   0.04734
  -0.06051
   0.06988
  -0.07485
   0.07513
  -0.07068
   0.06179
  -0.04902
   0.03317
  -0.01523
  -0.00366
   0.02232
  -0.03958
   0.05435
  -0.06571
   0.07294
  -0.07559
   0.07348
  -0.06676
   0.05584
  -0.04142
   0.02439
  -0.00583
  -0.01310
   0.03120
  -0.04734
   0.06051
  -0.06988
   0.07485
  -0.07513
   0.07068
  -0.06179
   0.04902
  -0.03317
   0.01523
   0.00366
  -0.02232
   0.03958
  -0.05435
   0.06571
  -0.07294
   0.07559
  -0.07348
   0.06676
  -0.05584
   0.04142
  -0.02439
   0.00583
   0.01310
  -0.03120
   0.04734
  -0.06051
   0.06988
  -0.07485
   0.07513
  -0.07068
   0.06179
  -0.04902
   0.03317
  -0.01523
  -0.00366
   0.02232
  -0.03958
   0.05435
  -0.06571
   0.07294
  -0.07559
   0.07348
  -0.06676
   0.05584
  -0.04142
   0.02439
  -0.00583
  -0.01310
   0.03120
  -0.04734
   0.06051
  -0.06988
   0.07485
  -0.07513
   0.07068
  -0.06179
   0.04902
  -0.03317
   0.01523
   0.00366
  -0.02232
   0.03958
  -0.05435
   0.06571
  -0.07294
   0.07559
  -0.07348
   0.06676
  -0.05584
   0.04142
  -0.02439
   0.00583
   0.01310
  -0.03120
   0.04734
  -0.06051
   0.06988
  -0.07485
   0.07513
  -0.07068
   0.06179
  -0.04902
   0.03317
  -0.01523
  -0.00366
   0.02232
  -0.03958
   0.05435
  -0.06571
   0.07294
  -0.07559
   0.07348
  -0.06676
   0.05584
  -0.04142
   0.02439
  -0.00583
  -0.01310
   0.03120
  -0.04734
   0.06051
  -0.06988
   0.07485
  -0.07513
   0.07068
  -0.06179
   0.04902
  -0.03317
   0.01523
   0.00366
  -0.02232
   0.03958
  -0.05435
   0.06571
  -0.07294
   0.07559
  -0.07348
   0.06676
  -0.05584
   0.04142
  -0.02439
   0.00583
   0.01310
  -0.03120
   0.04734
  -0.06051
   0.06988
  -0.07485
   0.07513
  -0.07068
   0.06179
  -0.04902
   0.03317
  -0.01523
  -0.00366
   0.02232
  -0.03958
   0.05435
  -0.06571
   0.07294
  -0.07559
   0.07348
  -0.06676
   0.05584
  -0.04142
   0.02439
  -0.00583
  -0.01310
   0.03120
  -0.04734
   0.06051
  -0.06988
   0.07485
  -0.07513
   0.07068
  -0.06179
   0.04902
  -0.03317
   0.01523
   0.00366
  -0.02232
   0.03958
  -0.05435
   0.06571
  -0.07294
   0.07559
  -0.07348
   0.06676
  -0.05584
   0.04142
  -0.02439
   0.00583
   0.01310
  -0.03120
   0.04734
  -0.06051
   0.06988
  -0.07485
   0.07513
  -0.07068
   0.06179
  -0.04902
   0.03317
  -0.01523
  -0.00366
   0.02232
  -0.03958
   0.05435
  -0.06571
   0.07294
  -0.07559
