   0.05901
  -0.02127
  -0.02415
   0.06084
  -0.07557
   0.06301
  -0.02769
  -0.01763
   0.05658
  -0.07510
   0.06650
  -0.03388
  -0.01097
   0.05186
  -0.07402
   0.06945
  -0.03980
  -0.00422
   0.04672
  -0.07234
   0.07185
  -0.04540
   0.00256
   0.04120
  -0.07009
   0.07366
  -0.05064
   0.00933
   0.03535
  -0.06727
   0.07489
  -0.05547
   0.01601
   0.02922
  -0.06391
   0.07551
  -0.05985
   0.02257
   0.02286
  -0.06003
   0.07552
  -0.06375
   0.02895
   0.01630
  -0.05567
   0.07493
  -0.06713
   0.03509
   0.00962
  -0.05086
   0.07373
  -0.06998
   0.04095
   0.00286
  -0.04564
   0.07194
  -0.07226
   0.04648
  -0.00392
  -0.04006
   0.06957
  -0.07396
   0.05164
  -0.01067
  -0.03415
   0.06664
  -0.07506
   0.05638
  -0.01734
  -0.02797
   0.06317
  -0.07556
   0.06067
  -0.02386
  -0.02156
   0.05919
  -0.07545
   0.06446
  -0.03020
  -0.01498
   0.05474
  -0.07474
   0.06774
  -0.03629
  -0.00828
   0.04985
  -0.07342
   0.07048
  -0.04208
  -0.00151
   0.04455
  -0.07151
   0.07264
  -0.04754
   0.00527
   0.03890
  -0.06903
   0.07423
  -0.05262
   0.01201
   0.03293
  -0.06599
   0.07521
  -0.05727
   0.01865
   0.02670
  -0.06241
   0.07559
  -0.06147
   0.02515
   0.02025
  -0.05834
   0.07536
  -0.06516
   0.03143
   0.01364
  -0.05380
   0.07452
  -0.06833
   0.03747
   0.00692
  -0.04882
   0.07308
  -0.07096
   0.04320
   0.00015
  -0.04345
   0.07106
  -0.07301
   0.04859
  -0.00663
  -0.03773
   0.06846
  -0.07447
   0.05359
  -0.01335
  -0.03171
   0.06531
  -0.07533
   0.05815
  -0.01997
  -0.02543
   0.06164
  -0.07559
   0.06225
  -0.02642
  -0.01894
   0.05747
  -0.07524
   0.06584
  -0.03266
  -0.01231
   0.05283
  -0.07428
   0.06890
  -0.03864
  -0.00557
   0.04778
  -0.07273
   0.07141
  -0.04431
   0.00121
   0.04233
  -0.07059
   0.07335
  -0.04962
   0.00798
   0.03655
  -0.06788
   0.07469
  -0.05453
   0.01468
   0.03047
  -0.06462
   0.07543
  -0.05901
   0.02127
   0.02415
  -0.06084
   0.07557
  -0.06301
   0.02769
   0.01763
  -0.05658
   0.07510
  -0.06650
   0.03388
   0.01097
  -0.05186
   0.07402
  -0.06945
   0.03980
   0.00422
  -0.04672
   0.07234
  -0.07185
   0.04540
  -0.00256
  -0.04120
   0.07009
  -0.07366
   0.05064
  -0.00933
  -0.03535
   0.06727
  -0.07489
   0.05547
  -0.01601
  -0.02922
   0.06391
  -0.07551
   0.05985
  -0.02257
  -0.02286
   0.06003
  -0.07552
   0.06375
  -0.02895
  -0.01630
   0.05567
  -0.07493
   0.06713
  -0.03509
  -0.00962
   0.05086
  -0.07373
   0.06998
  -0.04095
  -0.00286
   0.04564
  -0.07194
   0.07226
  -0.04648
   0.00392
   0.04006
  -0.06957
   0.07396
  -0.05164
   0.01067
   0.03415
  -0.06664
   0.07506
  -0.05638
   0.01734
   0.02797
  -0.06317
   0.07556
  -0.06067
   0.02386
   0.02156
  -0.05919
   0.07545
  -0.06446
   0.03020
   0.01498
  -0.05474
   0.07474
  -0.06774
   0.03629
   0.00828
  -0.04985
   0.07342
  -0.07048
   0.04208
   0.00151
  -0.04455
   0.07151
  -0.07264
   0.04754
  -0.00527
  -0.03890
   0.06903
  -0.07423
   0.05262
  -0.01201
  -0.03293
   0.06599
  -0.07521
   0.05727
  -0.01865
  -0.02670
   0.06241
  -0.07559
   0.06147
  -0.02515
  -0.02025
   0.05834
  -0.07536
   0.06516
  -0.03143
  -0.01364
   0.05380
  -0.07452
   0.06833
  -0.03747
  -0.00692
   0.04882
  -0.07308
   0.07096
  -0.04320
  -0.00015
   0.04345
  -0.07106
   0.07301
  -0.04859
   0.00663
   0.03773
  -0.06846
   0.07447
  -0.05359
   0.01335
   0.03171
  -0.06531
   0.07533
  -0.05815
   0.01997
   0.02543
  -0.06164
   0.07559
  -0.06225
   0.02642
   0.01894
  -0.05747
   0.07524
  -0.06584
   0.03266
   0.01231
  -0.05283
   0.07428
  -0.06890
   0.03864
   0.00557
  -0.04778
   0.07273
  -0.07141
   0.04431
  -0.00121
  -0.04233
   0.07059
  -0.07335
   0.04962
  -0.00798
  -0.03655
   0.06788
  -0.07469
   0.05453
  -0.01468
  -0.03047
   0.06462
  -0.07543
