  -0.06737
   0.05887
   0.01916
  -0.07456
   0.04190
   0.04025
  -0.07486
   0.02106
   0.05761
  -0.06824
  -0.00173
   0.06966
  -0.05531
  -0.02436
   0.07526
  -0.03728
  -0.04473
   0.07391
  -0.01580
  -0.06098
   0.06573
   0.00715
  -0.07158
   0.05148
   0.02943
  -0.07557
   0.03246
   0.04899
  -0.07258
   0.01045
   0.06402
  -0.06288
  -0.01253
   0.07314
  -0.04737
  -0.03435
   0.07550
  -0.02748
  -0.05299
   0.07088
  -0.00505
  -0.06674
   0.05971
   0.01784
  -0.07432
   0.04302
   0.03909
  -0.07503
   0.02236
   0.05672
  -0.06881
  -0.00037
   0.06912
  -0.05623
  -0.02307
   0.07512
  -0.03845
  -0.04363
   0.07418
  -0.01712
  -0.06016
   0.06639
   0.00579
  -0.07113
   0.05246
   0.02817
  -0.07553
   0.03368
   0.04795
  -0.07295
   0.01179
   0.06329
  -0.06363
  -0.01119
   0.07279
  -0.04842
  -0.03313
   0.07555
  -0.02874
  -0.05202
   0.07134
  -0.00641
  -0.06609
   0.06053
   0.01652
  -0.07406
   0.04413
   0.03792
  -0.07519
   0.02365
   0.05582
  -0.06936
   0.00099
   0.06856
  -0.05713
  -0.02177
   0.07496
  -0.03961
  -0.04252
   0.07443
  -0.01844
  -0.05933
   0.06703
   0.00444
  -0.07066
   0.05343
   0.02691
  -0.07547
   0.03489
   0.04689
  -0.07329
   0.01313
   0.06254
  -0.06435
  -0.00984
   0.07241
  -0.04945
  -0.03191
   0.07559
  -0.02999
  -0.05102
   0.07178
  -0.00776
  -0.06543
   0.06134
   0.01519
  -0.07378
   0.04523
   0.03674
  -0.07532
   0.02494
   0.05489
  -0.06989
   0.00234
   0.06797
  -0.05801
  -0.02047
   0.07477
  -0.04076
  -0.04139
   0.07466
  -0.01975
  -0.05848
   0.06764
   0.00308
  -0.07017
   0.05438
   0.02564
  -0.07538
   0.03609
   0.04582
  -0.07361
   0.01447
   0.06177
  -0.06505
  -0.00850
   0.07201
  -0.05047
  -0.03067
   0.07559
  -0.03123
  -0.05001
   0.07219
  -0.00911
  -0.06473
   0.06212
   0.01386
  -0.07347
   0.04631
   0.03555
  -0.07542
   0.02621
   0.05395
  -0.07040
   0.00370
   0.06737
  -0.05887
  -0.01916
   0.07456
  -0.04190
  -0.04025
   0.07486
  -0.02106
  -0.05761
   0.06824
   0.00173
  -0.06966
   0.05531
   0.02436
  -0.07526
   0.03728
   0.04473
  -0.07391
   0.01580
   0.06098
  -0.06573
  -0.00715
   0.07158
  -0.05148
  -0.02943
   0.07557
  -0.03246
  -0.04899
   0.07258
  -0.01045
  -0.06402
   0.06288
   0.01253
  -0.07314
   0.04737
   0.03435
  -0.07550
   0.02748
   0.05299
  -0.07088
   0.00505
   0.06674
  -0.05971
  -0.01784
   0.07432
  -0.04302
  -0.03909
   0.07503
  -0.02236
  -0.05672
   0.06881
   0.00037
  -0.06912
   0.05623
   0.02307
  -0.07512
   0.03845
   0.04363
  -0.07418
   0.01712
   0.06016
  -0.06639
  -0.00579
   0.07113
  -0.05246
  -0.02817
   0.07553
  -0.03368
  -0.04795
   0.07295
  -0.01179
  -0.06329
   0.06363
   0.01119
  -0.07279
   0.04842
   0.03313
  -0.07555
   0.02874
   0.05202
  -0.07134
   0.00641
   0.06609
  -0.06053
  -0.01652
   0.07406
  -0.04413
  -0.03792
   0.07519
  -0.02365
  -0.05582
   0.06936
  -0.00099
  -0.06856
   0.05713
   0.02177
  -0.07496
   0.03961
   0.04252
  -0.07443
   0.01844
   0.05933
  -0.06703
  -0.00444
   0.07066
  -0.05343
  -0.02691
   0.07547
  -0.03489
  -0.04689
   0.07329
  -0.01313
  -0.06254
   0.06435
   0.00984
  -0.07241
   0.04945
   0.03191
  -0.07559
   0.02999
   0.05102
  -0.07178
   0.00776
   0.06543
  -0.06134
  -0.01519
   0.07378
  -0.04523
  -0.03674
   0.07532
  -0.02494
  -0.05489
   0.06989
  -0.00234
  -0.06797
   0.05801
   0.02047
  -0.07477
   0.04076
   0.04139
  -0.07466
   0.01975
   0.05848
  -0.06764
  -0.00308
   0.07017
  -0.05438
  -0.02564
   0.07538
  -0.03609
  -0.04582
   0.07361
  -0.01447
  -0.06177
   0.06505
   0.00850
  -0.07201
   0.05047
   0.03067
  -0.07559
   0.03123
   0.05001
  -0.07219
   0.00911
   0.06473
  -0.06212
  -0.01386
   0.07347
  -0.04631
  -0.03555
   0.07542
  -0.02621
  -0.05395
   0.07040
  -0.00370
