  -0.04362
   0.04414
   0.07241
   0.00307
  -0.07040
  -0.04898
   0.03846
   0.07406
   0.00983
  -0.06765
  -0.05395
   0.03247
   0.07512
   0.01651
  -0.06435
  -0.05848
   0.02622
   0.07557
   0.02306
  -0.06054
  -0.06253
   0.01976
   0.07542
   0.02942
  -0.05624
  -0.06609
   0.01314
   0.07466
   0.03554
  -0.05148
  -0.06911
   0.00642
   0.07330
   0.04138
  -0.04631
  -0.07158
  -0.00036
   0.07134
   0.04688
  -0.04077
  -0.07347
  -0.00714
   0.06882
   0.05201
  -0.03490
  -0.07477
  -0.01385
   0.06574
   0.05672
  -0.02875
  -0.07547
  -0.02046
   0.06212
   0.06097
  -0.02237
  -0.07555
  -0.02690
   0.05801
   0.06473
  -0.01581
  -0.07504
  -0.03312
   0.05344
   0.06797
  -0.00912
  -0.07391
  -0.03908
   0.04843
   0.07066
  -0.00235
  -0.07219
  -0.04472
   0.04303
   0.07278
   0.00443
  -0.06989
  -0.05001
   0.03729
   0.07432
   0.01118
  -0.06703
  -0.05489
   0.03124
   0.07526
   0.01783
  -0.06363
  -0.05933
   0.02495
   0.07559
   0.02435
  -0.05972
  -0.06329
   0.01845
   0.07532
   0.03066
  -0.05532
  -0.06674
   0.01180
   0.07443
   0.03673
  -0.05048
  -0.06965
   0.00506
   0.07295
   0.04251
  -0.04523
  -0.07200
  -0.00172
   0.07088
   0.04794
  -0.03962
  -0.07378
  -0.00849
   0.06824
   0.05299
  -0.03369
  -0.07496
  -0.01519
   0.06505
   0.05761
  -0.02749
  -0.07553
  -0.02176
   0.06134
   0.06176
  -0.02107
  -0.07550
  -0.02816
   0.05713
   0.06542
  -0.01448
  -0.07486
  -0.03434
   0.05247
   0.06855
  -0.00777
  -0.07362
  -0.04024
   0.04738
   0.07113
  -0.00100
  -0.07178
  -0.04581
   0.04191
   0.07314
   0.00578
  -0.06937
  -0.05102
   0.03610
   0.07456
   0.01252
  -0.06639
  -0.05581
   0.03000
   0.07537
   0.01915
  -0.06289
  -0.06016
   0.02366
   0.07559
   0.02563
  -0.05887
  -0.06402
   0.01713
   0.07519
   0.03190
  -0.05439
  -0.06736
   0.01046
   0.07419
   0.03791
  -0.04946
  -0.07017
   0.00371
   0.07259
   0.04362
  -0.04414
  -0.07241
  -0.00307
   0.07040
   0.04898
  -0.03846
  -0.07406
  -0.00983
   0.06765
   0.05395
  -0.03247
  -0.07512
  -0.01651
   0.06435
   0.05848
  -0.02622
  -0.07557
  -0.02306
   0.06054
   0.06253
  -0.01976
  -0.07542
  -0.02942
   0.05624
   0.06609
  -0.01314
  -0.07466
  -0.03554
   0.05148
   0.06911
  -0.00642
  -0.07330
  -0.04138
   0.04631
   0.07158
   0.00036
  -0.07134
  -0.04688
   0.04077
   0.07347
   0.00714
  -0.06882
  -0.05201
   0.03490
   0.07477
   0.01385
  -0.06574
  -0.05672
   0.02875
   0.07547
   0.02046
  -0.06212
  -0.06097
   0.02237
   0.07555
   0.02690
  -0.05801
  -0.06473
   0.01581
   0.07504
   0.03312
  -0.05344
  -0.06797
   0.00912
   0.07391
   0.03908
  -0.04843
  -0.07066
   0.00235
   0.07219
   0.04472
  -0.04303
  -0.07278
  -0.00443
   0.06989
   0.05001
  -0.03729
  -0.07432
  -0.01118
   0.06703
   0.05489
  -0.03124
  -0.07526
  -0.01783
   0.06363
   0.05933
  -0.02495
  -0.07559
  -0.02435
   0.05972
   0.06329
  -0.01845
  -0.07532
  -0.03066
   0.05532
   0.06674
  -0.01180
  -0.07443
  -0.03673
   0.05048
   0.06965
  -0.00506
  -0.07295
  -0.04251
   0.04523
   0.07200
   0.00172
  -0.07088
  -0.04794
   0.03962
   0.07378
   0.00849
  -0.06824
  -0.05299
   0.03369
   0.07496
   0.01519
  -0.06505
  -0.05761
   0.02749
   0.07553
   0.02176
  -0.06134
  -0.06176
   0.02107
   0.07550
   0.02816
  -0.05713
  -0.06542
   0.01448
   0.07486
   0.03434
  -0.05247
  -0.06855
   0.00777
   0.07362
   0.04024
  -0.04738
  -0.07113
   0.00100
   0.07178
   0.04581
  -0.04191
  -0.07314
  -0.00578
   0.06937
   0.05102
  -0.03610
  -0.07456
  -0.01252
   0.06639
   0.05581
  -0.03000
  -0.07537
  -0.01915
   0.06289
   0.06016
  -0.02366
  -0.07559
  -0.02563
   0.05887
   0.06402
  -0.01713
  -0.07519
  -0.03190
   0.05439
   0.06736
  -0.01046
  -0.07419
  -0.03791
   0.04946
   0.07017
  -0.00371
  -0.07259
