   0.05622
   0.00774
  -0.04475
  -0.07407
  -0.06504
  -0.02234
   0.03192
   0.06966
   0.07133
   0.03608
  -0.01786
  -0.06255
  -0.07486
  -0.04841
   0.00310
   0.05300
   0.07547
   0.05886
   0.01178
  -0.04140
  -0.07315
  -0.06702
  -0.02620
   0.02819
   0.06798
   0.07258
   0.03960
  -0.01388
  -0.06017
  -0.07531
  -0.05146
  -0.00097
   0.05003
   0.07512
   0.06133
   0.01578
  -0.03794
  -0.07201
  -0.06881
  -0.02998
   0.02437
   0.06610
   0.07361
   0.04301
  -0.00986
  -0.05762
  -0.07555
  -0.05437
  -0.00504
   0.04690
   0.07456
   0.06362
   0.01974
  -0.03436
  -0.07067
  -0.07039
  -0.03367
   0.02048
   0.06403
   0.07443
   0.04629
  -0.00581
  -0.05491
  -0.07557
  -0.05712
  -0.00909
   0.04364
   0.07378
   0.06572
   0.02364
  -0.03069
  -0.06912
  -0.07177
  -0.03726
   0.01654
   0.06178
   0.07503
   0.04944
  -0.00174
  -0.05203
  -0.07538
  -0.05970
  -0.01312
   0.04026
   0.07279
   0.06764
   0.02747
  -0.02692
  -0.06738
  -0.07295
  -0.04075
   0.01254
   0.05934
   0.07542
   0.05245
   0.00233
  -0.04900
  -0.07496
  -0.06211
  -0.01710
   0.03676
   0.07159
   0.06936
   0.03122
  -0.02308
  -0.06543
  -0.07391
  -0.04412
   0.00851
   0.05673
   0.07559
   0.05530
   0.00639
  -0.04583
  -0.07433
  -0.06434
  -0.02104
   0.03315
   0.07018
   0.07087
   0.03488
  -0.01917
  -0.06330
  -0.07465
  -0.04736
   0.00446
   0.05396
   0.07553
   0.05800
   0.01044
  -0.04253
  -0.07348
  -0.06638
  -0.02492
   0.02944
   0.06856
   0.07219
   0.03844
  -0.01521
  -0.06098
  -0.07519
  -0.05046
   0.00039
   0.05104
   0.07526
   0.06052
   0.01445
  -0.03910
  -0.07241
  -0.06823
  -0.02873
   0.02565
   0.06675
   0.07329
   0.04189
  -0.01120
  -0.05849
  -0.07550
  -0.05342
  -0.00368
   0.04796
   0.07477
   0.06287
   0.01842
  -0.03556
  -0.07114
  -0.06989
  -0.03245
   0.02179
   0.06474
   0.07418
   0.04521
  -0.00716
  -0.05583
  -0.07559
  -0.05622
  -0.00774
   0.04475
   0.07407
   0.06504
   0.02234
  -0.03192
  -0.06966
  -0.07133
  -0.03608
   0.01786
   0.06255
   0.07486
   0.04841
  -0.00310
  -0.05300
  -0.07547
  -0.05886
  -0.01178
   0.04140
   0.07315
   0.06702
   0.02620
  -0.02819
  -0.06798
  -0.07258
  -0.03960
   0.01388
   0.06017
   0.07531
   0.05146
   0.00097
  -0.05003
  -0.07512
  -0.06133
  -0.01578
   0.03794
   0.07201
   0.06881
   0.02998
  -0.02437
  -0.06610
  -0.07361
  -0.04301
   0.00986
   0.05762
   0.07555
   0.05437
   0.00504
  -0.04690
  -0.07456
  -0.06362
  -0.01974
   0.03436
   0.07067
   0.07039
   0.03367
  -0.02048
  -0.06403
  -0.07443
  -0.04629
   0.00581
   0.05491
   0.07557
   0.05712
   0.00909
  -0.04364
  -0.07378
  -0.06572
  -0.02364
   0.03069
   0.06912
   0.07177
   0.03726
  -0.01654
  -0.06178
  -0.07503
  -0.04944
   0.00174
   0.05203
   0.07538
   0.05970
   0.01312
  -0.04026
  -0.07279
  -0.06764
  -0.02747
   0.02692
   0.06738
   0.07295
   0.04075
  -0.01254
  -0.05934
  -0.07542
  -0.05245
  -0.00233
   0.04900
   0.07496
   0.06211
   0.01710
  -0.03676
  -0.07159
  -0.06936
  -0.03122
   0.02308
   0.06543
   0.07391
   0.04412
  -0.00851
  -0.05673
  -0.07559
  -0.05530
  -0.00639
   0.04583
   0.07433
   0.06434
   0.02104
  -0.03315
  -0.07018
  -0.07087
  -0.03488
   0.01917
   0.06330
   0.07465
   0.04736
  -0.00446
  -0.05396
  -0.07553
  -0.05800
  -0.01044
   0.04253
   0.07348
   0.06638
   0.02492
  -0.02944
  -0.06856
  -0.07219
  -0.03844
   0.01521
   0.06098
   0.07519
   0.05046
  -0.00039
  -0.05104
  -0.07526
  -0.06052
  -0.01445
   0.03910
   0.07241
   0.06823
   0.02873
  -0.02565
  -0.06675
  -0.07329
  -0.04189
   0.01120
   0.05849
   0.07550
   0.05342
   0.00368
  -0.04796
  -0.07477
  -0.06287
  -0.01842
   0.03556
   0.07114
   0.06989
   0.03245
  -0.02179
  -0.06474
  -0.07418
  -0.04521
   0.00716
   0.05583
   0.07559
