   0.01086
  -0.02275
   0.03405
  -0.04446
   0.05372
  -0.06157
   0.06783
  -0.07231
   0.07491
  -0.07556
   0.07425
  -0.07100
   0.06589
  -0.05908
   0.05072
  -0.04104
   0.03030
  -0.01876
   0.00674
   0.00546
  -0.01752
   0.02912
  -0.03996
   0.04976
  -0.05827
   0.06526
  -0.07055
   0.07400
  -0.07552
   0.07507
  -0.07267
   0.06838
  -0.06231
   0.05461
  -0.04549
   0.03519
  -0.02397
   0.01212
   0.00004
  -0.01220
   0.02404
  -0.03526
   0.04555
  -0.05466
   0.06235
  -0.06841
   0.07270
  -0.07508
   0.07552
  -0.07398
   0.07052
  -0.06522
   0.05822
  -0.04971
   0.03990
  -0.02905
   0.01744
  -0.00539
  -0.00681
   0.01884
  -0.03037
   0.04111
  -0.05078
   0.05912
  -0.06593
   0.07102
  -0.07426
   0.07557
  -0.07490
   0.07229
  -0.06779
   0.06153
  -0.05366
   0.04440
  -0.03398
   0.02268
  -0.01078
  -0.00140
   0.01354
  -0.02532
   0.03645
  -0.04663
   0.05559
  -0.06311
   0.06898
  -0.07306
   0.07523
  -0.07544
   0.07369
  -0.07002
   0.06452
  -0.05735
   0.04868
  -0.03874
   0.02779
  -0.01612
   0.00403
   0.00816
  -0.02015
   0.03161
  -0.04224
   0.05177
  -0.05996
   0.06658
  -0.07147
   0.07450
  -0.07559
   0.07471
  -0.07188
   0.06718
  -0.06073
   0.05270
  -0.04330
   0.03276
  -0.02138
   0.00944
   0.00275
  -0.01487
   0.02660
  -0.03763
   0.04769
  -0.05650
   0.06385
  -0.06952
   0.07339
  -0.07535
   0.07534
  -0.07337
   0.06949
  -0.06380
   0.05645
  -0.04763
   0.03757
  -0.02653
   0.01479
  -0.00268
  -0.00951
   0.02145
  -0.03283
   0.04336
  -0.05276
   0.06078
  -0.06722
   0.07190
  -0.07472
   0.07559
  -0.07449
   0.07145
  -0.06655
   0.05991
  -0.05172
   0.04218
  -0.03154
   0.02007
  -0.00809
  -0.00411
   0.01620
  -0.02786
   0.03880
  -0.04873
   0.05740
  -0.06456
   0.07005
  -0.07371
   0.07545
  -0.07522
   0.07304
  -0.06895
   0.06307
  -0.05554
   0.04657
  -0.03638
   0.02525
  -0.01346
   0.00132
   0.01086
  -0.02275
   0.03405
  -0.04446
   0.05372
  -0.06157
   0.06783
  -0.07231
   0.07491
  -0.07556
   0.07425
  -0.07100
   0.06589
  -0.05908
   0.05072
  -0.04104
   0.03030
  -0.01876
   0.00674
   0.00546
  -0.01752
   0.02912
  -0.03996
   0.04976
  -0.05827
   0.06526
  -0.07055
   0.07400
  -0.07552
   0.07507
  -0.07267
   0.06838
  -0.06231
   0.05461
  -0.04549
   0.03519
  -0.02397
   0.01212
   0.00004
  -0.01220
   0.02404
  -0.03526
   0.04555
  -0.05466
   0.06235
  -0.06841
   0.07270
  -0.07508
   0.07552
  -0.07398
   0.07052
  -0.06522
   0.05822
  -0.04971
   0.03990
  -0.02905
   0.01744
  -0.00539
  -0.00681
   0.01884
  -0.03037
   0.04111
  -0.05078
   0.05912
  -0.06593
   0.07102
  -0.07426
   0.07557
  -0.07490
   0.07229
  -0.06779
   0.06153
  -0.05366
   0.04440
  -0.03398
   0.02268
  -0.01078
  -0.00140
   0.01354
  -0.02532
   0.03645
  -0.04663
   0.05559
  -0.06311
   0.06898
  -0.07306
   0.07523
  -0.07544
   0.07369
  -0.07002
   0.06452
  -0.05735
   0.04868
  -0.03874
   0.02779
  -0.01612
   0.00403
   0.00816
  -0.02015
   0.03161
  -0.04224
   0.05177
  -0.05996
   0.06658
  -0.07147
   0.07450
  -0.07559
   0.07471
  -0.07188
   0.06718
  -0.06073
   0.05270
  -0.04330
   0.03276
  -0.02138
   0.00944
   0.00275
  -0.01487
   0.02660
  -0.03763
   0.04769
  -0.05650
   0.06385
  -0.06952
   0.07339
  -0.07535
   0.07534
  -0.07337
   0.06949
  -0.06380
   0.05645
  -0.04763
   0.03757
  -0.02653
   0.01479
  -0.00268
  -0.00951
   0.02145
  -0.03283
   0.04336
  -0.05276
   0.06078
  -0.06722
   0.07190
  -0.07472
   0.07559
  -0.07449
   0.07145
  -0.06655
   0.05991
  -0.05172
   0.04218
  -0.03154
   0.02007
  -0.00809
  -0.00411
   0.01620
  -0.02786
   0.03880
  -0.04873
   0.05740
  -0.06456
   0.07005
  -0.07371
   0.07545
  -0.07522
   0.07304
  -0.06895
   0.06307
  -0.05554
   0.04657
  -0.03638
   0.02525
  -0.01346
   0.00132
