  -0.03243
  -0.05884
  -0.07360
  -0.07379
  -0.05936
  -0.03317
  -0.00041
   0.03243
   0.05884
   0.07360
   0.07379
   0.05936
   0.03317
   0.00041
  -0.03243
  -0.05884
  -0.07360
  -0.07379
  -0.05936
  -0.03317
  -0.00041
   0.03243
   0.05884
   0.07360
   0.07379
   0.05936
   0.03317
   0.00041
  -0.03243
  -0.05884
  -0.07360
  -0.07379
  -0.05936
  -0.03317
  -0.00041
   0.03243
   0.05884
   0.07360
   0.07379
   0.05936
   0.03317
   0.00041
  -0.03243
  -0.05884
  -0.07360
  -0.07379
  -0.05936
  -0.03317
  -0.00041
   0.03243
   0.05884
   0.07360
   0.07379
   0.05936
   0.03317
   0.00041
  -0.03243
  -0.05884
  -0.07360
  -0.07379
  -0.05936
  -0.03317
  -0.00041
   0.03243
   0.05884
   0.07360
   0.07379
   0.05936
   0.03317
   0.00041
  -0.03243
  -0.05884
  -0.07360
  -0.07379
  -0.05936
  -0.03317
  -0.00041
   0.03243
   0.05884
   0.07360
   0.07379
   0.05936
   0.03317
   0.00041
  -0.03243
  -0.05884
  -0.07360
  -0.07379
  -0.05936
  -0.03317
  -0.00041
   0.03243
   0.05884
   0.07360
   0.07379
   0.05936
   0.03317
   0.00041
  -0.03243
  -0.05884
  -0.07360
  -0.07379
  -0.05936
  -0.03317
  -0.00041
   0.03243
   0.05884
   0.07360
   0.07379
   0.05936
   0.03317
   0.00041
  -0.03243
  -0.05884
  -0.07360
  -0.07379
  -0.05936
  -0.03317
  -0.00041
   0.03243
   0.05884
   0.07360
   0.07379
   0.05936
   0.03317
   0.00041
  -0.03243
  -0.05884
  -0.07360
  -0.07379
  -0.05936
  -0.03317
  -0.00041
   0.03243
   0.05884
   0.07360
   0.07379
   0.05936
   0.03317
   0.00041
  -0.03243
  -0.05884
  -0.07360
  -0.07379
  -0.05936
  -0.03317
  -0.00041
   0.03243
   0.05884
   0.07360
   0.07379
   0.05936
   0.03317
   0.00041
  -0.03243
  -0.05884
  -0.07360
  -0.07379
  -0.05936
  -0.03317
  -0.00041
   0.03243
   0.05884
   0.07360
   0.07379
   0.05936
   0.03317
   0.00041
  -0.03243
  -0.05884
  -0.07360
  -0.07379
  -0.05936
  -0.03317
  -0.00041
   0.03243
   0.05884
   0.07360
   0.07379
   0.05936
   0.03317
   0.00041
  -0.03243
  -0.05884
  -0.07360
  -0.07379
  -0.05936
  -0.03317
  -0.00041
   0.03243
   0.05884
   0.07360
   0.07379
   0.05936
   0.03317
   0.00041
  -0.03243
  -0.05884
  -0.07360
  -0.07379
  -0.05936
  -0.03317
  -0.00041
   0.03243
   0.05884
   0.07360
   0.07379
   0.05936
   0.03317
   0.00041
  -0.03243
  -0.05884
  -0.07360
  -0.07379
  -0.05936
  -0.03317
  -0.00041
   0.03243
   0.05884
   0.07360
   0.07379
   0.05936
   0.03317
   0.00041
  -0.03243
  -0.05884
  -0.07360
  -0.07379
  -0.05936
  -0.03317
  -0.00041
   0.03243
   0.05884
   0.07360
   0.07379
   0.05936
   0.03317
   0.00041
  -0.03243
  -0.05884
  -0.07360
  -0.07379
  -0.05936
  -0.03317
  -0.00041
   0.03243
   0.05884
   0.07360
   0.07379
   0.05936
   0.03317
   0.00041
  -0.03243
  -0.05884
  -0.07360
  -0.07379
  -0.05936
  -0.03317
  -0.00041
   0.03243
   0.05884
   0.07360
   0.07379
   0.05936
   0.03317
   0.00041
  -0.03243
  -0.05884
  -0.07360
  -0.07379
  -0.05936
  -0.03317
  -0.00041
   0.03243
   0.05884
   0.07360
   0.07379
   0.05936
   0.03317
   0.00041
  -0.03243
  -0.05884
  -0.07360
  -0.07379
  -0.05936
  -0.03317
  -0.00041
   0.03243
   0.05884
   0.07360
   0.07379
   0.05936
   0.03317
   0.00041
  -0.03243
  -0.05884
  -0.07360
  -0.07379
  -0.05936
  -0.03317
  -0.00041
   0.03243
   0.05884
   0.07360
   0.07379
   0.05936
   0.03317
   0.00041
  -0.03243
  -0.05884
  -0.07360
  -0.07379
  -0.05936
  -0.03317
  -0.00041
   0.03243
   0.05884
   0.07360
   0.07379
   0.05936
   0.03317
   0.00041
  -0.03243
  -0.05884
  -0.07360
  -0.07379
  -0.05936
  -0.03317
  -0.00041
   0.03243
   0.05884
   0.07360
   0.07379
   0.05936
   0.03317
   0.00041
  -0.03243
  -0.05884
  -0.07360
  -0.07379
  -0.05936
  -0.03317
  -0.00041
   0.03243
   0.05884
   0.07360
   0.07379
   0.05936
   0.03317
   0.00041
