  -0.06822
  -0.05937
   0.01574
   0.07328
   0.04903
  -0.02994
  -0.07550
  -0.03679
   0.04298
   0.07478
   0.02312
  -0.05434
  -0.07115
  -0.00855
   0.06360
   0.06476
  -0.00635
  -0.07038
  -0.05586
   0.02101
   0.07442
   0.04478
  -0.03484
  -0.07558
  -0.03196
   0.04733
   0.07379
   0.01790
  -0.05797
  -0.06914
  -0.00314
   0.06636
   0.06180
  -0.01174
  -0.07218
  -0.05206
   0.02616
   0.07518
   0.04029
  -0.03957
  -0.07527
  -0.02696
   0.05143
   0.07242
   0.01258
  -0.06130
  -0.06677
   0.00229
   0.06879
   0.05852
  -0.01707
  -0.07360
  -0.04799
   0.03118
   0.07555
   0.03560
  -0.04409
  -0.07457
  -0.02182
   0.05528
   0.07068
   0.00720
  -0.06432
  -0.06405
   0.00770
   0.07086
   0.05493
  -0.02231
  -0.07465
  -0.04368
   0.03604
   0.07553
   0.03072
  -0.04838
  -0.07349
  -0.01658
   0.05883
   0.06858
   0.00178
  -0.06700
  -0.06101
   0.01308
   0.07257
   0.05106
  -0.02743
  -0.07531
  -0.03914
   0.04072
   0.07513
   0.02569
  -0.05242
  -0.07202
  -0.01124
   0.06209
   0.06612
  -0.00364
  -0.06934
  -0.05765
   0.01839
   0.07390
   0.04693
  -0.03241
  -0.07558
  -0.03440
   0.04518
   0.07433
   0.02052
  -0.05619
  -0.07019
  -0.00585
   0.06502
   0.06332
  -0.00905
  -0.07132
  -0.05399
   0.02360
   0.07485
   0.04256
  -0.03723
  -0.07547
  -0.02948
   0.04941
   0.07315
   0.01525
  -0.05968
  -0.06800
  -0.00043
   0.06762
   0.06020
  -0.01441
  -0.07294
  -0.05006
   0.02869
   0.07542
   0.03797
  -0.04185
  -0.07496
  -0.02441
   0.05339
   0.07160
   0.00990
  -0.06285
  -0.06545
   0.00500
   0.06987
   0.05676
  -0.01970
  -0.07417
  -0.04586
   0.03363
   0.07559
   0.03318
  -0.04626
  -0.07407
  -0.01921
   0.05709
   0.06968
   0.00450
  -0.06570
  -0.06257
   0.01040
   0.07176
   0.05303
  -0.02488
  -0.07503
  -0.04143
   0.03840
   0.07538
   0.02822
  -0.05043
  -0.07280
  -0.01392
   0.06050
   0.06739
  -0.00093
  -0.06822
  -0.05937
   0.01574
   0.07328
   0.04903
  -0.02994
  -0.07550
  -0.03679
   0.04298
   0.07478
   0.02312
  -0.05434
  -0.07115
  -0.00855
   0.06360
   0.06476
  -0.00635
  -0.07038
  -0.05586
   0.02101
   0.07442
   0.04478
  -0.03484
  -0.07558
  -0.03196
   0.04733
   0.07379
   0.01790
  -0.05797
  -0.06914
  -0.00314
   0.06636
   0.06180
  -0.01174
  -0.07218
  -0.05206
   0.02616
   0.07518
   0.04029
  -0.03957
  -0.07527
  -0.02696
   0.05143
   0.07242
   0.01258
  -0.06130
  -0.06677
   0.00229
   0.06879
   0.05852
  -0.01707
  -0.07360
  -0.04799
   0.03118
   0.07555
   0.03560
  -0.04409
  -0.07457
  -0.02182
   0.05528
   0.07068
   0.00720
  -0.06432
  -0.06405
   0.00770
   0.07086
   0.05493
  -0.02231
  -0.07465
  -0.04368
   0.03604
   0.07553
   0.03072
  -0.04838
  -0.07349
  -0.01658
   0.05883
   0.06858
   0.00178
  -0.06700
  -0.06101
   0.01308
   0.07257
   0.05106
  -0.02743
  -0.07531
  -0.03914
   0.04072
   0.07513
   0.02569
  -0.05242
  -0.07202
  -0.01124
   0.06209
   0.06612
  -0.00364
  -0.06934
  -0.05765
   0.01839
   0.07390
   0.04693
  -0.03241
  -0.07558
  -0.03440
   0.04518
   0.07433
   0.02052
  -0.05619
  -0.07019
  -0.00585
   0.06502
   0.06332
  -0.00905
  -0.07132
  -0.05399
   0.02360
   0.07485
   0.04256
  -0.03723
  -0.07547
  -0.02948
   0.04941
   0.07315
   0.01525
  -0.05968
  -0.06800
  -0.00043
   0.06762
   0.06020
  -0.01441
  -0.07294
  -0.05006
   0.02869
   0.07542
   0.03797
  -0.04185
  -0.07496
  -0.02441
   0.05339
   0.07160
   0.00990
  -0.06285
  -0.06545
   0.00500
   0.06987
   0.05676
  -0.01970
  -0.07417
  -0.04586
   0.03363
   0.07559
   0.03318
  -0.04626
  -0.07407
  -0.01921
   0.05709
   0.06968
   0.00450
  -0.06570
  -0.06257
   0.01040
   0.07176
   0.05303
  -0.02488
  -0.07503
  -0.04143
   0.03840
   0.07538
   0.02822
  -0.05043
  -0.07280
  -0.01392
   0.06050
   0.06739
  -0.00093
