   0.00544
  -0.07449
  -0.02013
   0.07053
   0.03403
  -0.06382
  -0.04661
   0.05463
   0.05738
  -0.04331
  -0.06592
   0.03032
   0.07190
  -0.01614
  -0.07508
   0.00134
   0.07535
   0.01351
  -0.07268
  -0.02784
   0.06719
   0.04109
  -0.05909
  -0.05274
   0.04869
   0.06234
  -0.03640
  -0.06952
   0.02270
   0.07399
  -0.00811
  -0.07559
  -0.00679
   0.07425
   0.02143
  -0.07003
  -0.03524
   0.06308
   0.04767
  -0.05368
  -0.05826
   0.04220
   0.06657
  -0.02907
  -0.07231
   0.01482
   0.07523
   0.00002
  -0.07522
  -0.01485
   0.07230
   0.02910
  -0.06656
  -0.04222
   0.05824
   0.05370
  -0.04765
  -0.06310
   0.03521
   0.07004
  -0.02140
  -0.07426
   0.00676
   0.07559
   0.00814
  -0.07398
  -0.02273
   0.06950
   0.03643
  -0.06232
  -0.04872
   0.05272
   0.05911
  -0.04106
  -0.06721
   0.02781
   0.07269
  -0.01348
  -0.07535
  -0.00137
   0.07508
   0.01617
  -0.07189
  -0.03035
   0.06591
   0.04334
  -0.05736
  -0.05465
   0.04659
   0.06383
  -0.03400
  -0.07054
   0.02010
   0.07450
  -0.00541
  -0.07557
  -0.00949
   0.07369
   0.02402
  -0.06896
  -0.03761
   0.06154
   0.04975
  -0.05174
  -0.05995
   0.03992
   0.06782
  -0.02655
  -0.07305
   0.01214
   0.07544
   0.00273
  -0.07491
  -0.01750
   0.07146
   0.03159
  -0.06523
  -0.04445
   0.05647
   0.05558
  -0.04551
  -0.06455
   0.03278
   0.07101
  -0.01878
  -0.07472
   0.00405
   0.07552
   0.01083
  -0.07338
  -0.02530
   0.06839
   0.03879
  -0.06075
  -0.05076
   0.05074
   0.06076
  -0.03876
  -0.06841
   0.02527
   0.07339
  -0.01080
  -0.07552
  -0.00408
   0.07471
   0.01881
  -0.07100
  -0.03281
   0.06453
   0.04554
  -0.05556
  -0.05649
   0.04442
   0.06525
  -0.03156
  -0.07147
   0.01747
   0.07491
  -0.00270
  -0.07544
  -0.01218
   0.07304
   0.02658
  -0.06780
  -0.03994
   0.05993
   0.05176
  -0.04972
  -0.06156
   0.03759
   0.06897
  -0.02399
  -0.07370
   0.00946
   0.07557
   0.00544
  -0.07449
  -0.02013
   0.07053
   0.03403
  -0.06382
  -0.04661
   0.05463
   0.05738
  -0.04331
  -0.06592
   0.03032
   0.07190
  -0.01614
  -0.07508
   0.00134
   0.07535
   0.01351
  -0.07268
  -0.02784
   0.06719
   0.04109
  -0.05909
  -0.05274
   0.04869
   0.06234
  -0.03640
  -0.06952
   0.02270
   0.07399
  -0.00811
  -0.07559
  -0.00679
   0.07425
   0.02143
  -0.07003
  -0.03524
   0.06308
   0.04767
  -0.05368
  -0.05826
   0.04220
   0.06657
  -0.02907
  -0.07231
   0.01482
   0.07523
   0.00002
  -0.07522
  -0.01485
   0.07230
   0.02910
  -0.06656
  -0.04222
   0.05824
   0.05370
  -0.04765
  -0.06310
   0.03521
   0.07004
  -0.02140
  -0.07426
   0.00676
   0.07559
   0.00814
  -0.07398
  -0.02273
   0.06950
   0.03643
  -0.06232
  -0.04872
   0.05272
   0.05911
  -0.04106
  -0.06721
   0.02781
   0.07269
  -0.01348
  -0.07535
  -0.00137
   0.07508
   0.01617
  -0.07189
  -0.03035
   0.06591
   0.04334
  -0.05736
  -0.05465
   0.04659
   0.06383
  -0.03400
  -0.07054
   0.02010
   0.07450
  -0.00541
  -0.07557
  -0.00949
   0.07369
   0.02402
  -0.06896
  -0.03761
   0.06154
   0.04975
  -0.05174
  -0.05995
   0.03992
   0.06782
  -0.02655
  -0.07305
   0.01214
   0.07544
   0.00273
  -0.07491
  -0.01750
   0.07146
   0.03159
  -0.06523
  -0.04445
   0.05647
   0.05558
  -0.04551
  -0.06455
   0.03278
   0.07101
  -0.01878
  -0.07472
   0.00405
   0.07552
   0.01083
  -0.07338
  -0.02530
   0.06839
   0.03879
  -0.06075
  -0.05076
   0.05074
   0.06076
  -0.03876
  -0.06841
   0.02527
   0.07339
  -0.01080
  -0.07552
  -0.00408
   0.07471
   0.01881
  -0.07100
  -0.03281
   0.06453
   0.04554
  -0.05556
  -0.05649
   0.04442
   0.06525
  -0.03156
  -0.07147
   0.01747
   0.07491
  -0.00270
  -0.07544
  -0.01218
   0.07304
   0.02658
  -0.06780
  -0.03994
   0.05993
   0.05176
  -0.04972
  -0.06156
   0.03759
   0.06897
  -0.02399
  -0.07370
   0.00946
   0.07557
