   0.04652
  -0.08510
   0.10915
  -0.11458
   0.10046
  -0.06919
   0.02611
   0.02142
  -0.06530
   0.09803
  -0.11404
   0.11058
  -0.08825
   0.05086
  -0.00479
  -0.04210
   0.08180
  -0.10754
   0.11493
  -0.10271
   0.07295
  -0.03075
  -0.01670
   0.06130
  -0.09544
   0.11329
  -0.11181
   0.09124
  -0.05511
   0.00957
   0.03761
  -0.07836
   0.10574
  -0.11508
   0.10478
  -0.07659
   0.03534
   0.01195
  -0.05720
   0.09268
  -0.11235
   0.11285
  -0.09408
   0.05926
  -0.01433
  -0.03305
   0.07479
  -0.10376
   0.11503
  -0.10667
   0.08010
  -0.03986
  -0.00718
   0.05299
  -0.08977
   0.11122
  -0.11369
   0.09676
  -0.06332
   0.01907
   0.02844
  -0.07109
   0.10160
  -0.11478
   0.10837
  -0.08347
   0.04432
   0.00239
  -0.04870
   0.08669
  -0.10989
   0.11433
  -0.09927
   0.06726
  -0.02377
  -0.02377
   0.06726
  -0.09927
   0.11433
  -0.10989
   0.08669
  -0.04870
   0.00239
   0.04432
  -0.08347
   0.10837
  -0.11478
   0.10160
  -0.07109
   0.02844
   0.01907
  -0.06332
   0.09676
  -0.11369
   0.11122
  -0.08977
   0.05299
  -0.00718
  -0.03986
   0.08010
  -0.10667
   0.11503
  -0.10376
   0.07479
  -0.03305
  -0.01433
   0.05926
  -0.09408
   0.11285
  -0.11235
   0.09268
  -0.05720
   0.01195
   0.03534
  -0.07659
   0.10478
  -0.11508
   0.10574
  -0.07836
   0.03761
   0.00957
  -0.05511
   0.09124
  -0.11181
   0.11329
  -0.09544
   0.06130
  -0.01670
  -0.03075
   0.07295
  -0.10271
   0.11493
  -0.10754
   0.08180
  -0.04210
  -0.00479
   0.05086
  -0.08825
   0.11058
  -0.11404
   0.09803
  -0.06530
   0.02142
   0.02611
  -0.06919
   0.10046
  -0.11458
   0.10915
  -0.08510
   0.04652
