   0.00239
   0.00479
   0.00718
   0.00957
   0.01195
   0.01433
   0.01670
   0.01907
   0.02142
   0.02377
   0.02611
   0.02844
   0.03075
   0.03305
   0.03534
   0.03761
   0.03986
   0.04210
   0.04432
   0.04652
   0.04870
   0.05086
   0.05299
   0.05511
   0.05720
   0.05926
   0.06130
   0.06332
   0.06530
   0.06726
   0.06919
   0.07109
   0.07295
   0.07479
   0.07659
   0.07836
   0.08010
   0.08180
   0.08347
   0.08510
   0.08669
   0.08825
   0.08977
   0.09124
   0.09268
   0.09408
   0.09544
   0.09676
   0.09803
   0.09927
   0.10046
   0.10160
   0.10271
   0.10376
   0.10478
   0.10574
   0.10667
   0.10754
   0.10837
   0.10915
   0.10989
   0.11058
   0.11122
   0.11181
   0.11235
   0.11285
   0.11329
   0.11369
   0.11404
   0.11433
   0.11458
   0.11478
   0.11493
   0.11503
   0.11508
   0.11508
   0.11503
   0.11493
   0.11478
   0.11458
   0.11433
   0.11404
   0.11369
   0.11329
   0.11285
   0.11235
   0.11181
   0.11122
   0.11058
   0.10989
   0.10915
   0.10837
   0.10754
   0.10667
   0.10574
   0.10478
   0.10376
   0.10271
   0.10160
   0.10046
   0.09927
   0.09803
   0.09676
   0.09544
   0.09408
   0.09268
   0.09124
   0.08977
   0.08825
   0.08669
   0.08510
   0.08347
   0.08180
   0.08010
   0.07836
   0.07659
   0.07479
   0.07295
   0.07109
   0.06919
   0.06726
   0.06530
   0.06332
   0.06130
   0.05926
   0.05720
   0.05511
   0.05299
   0.05086
   0.04870
   0.04652
   0.04432
   0.04210
   0.03986
   0.03761
   0.03534
   0.03305
   0.03075
   0.02844
   0.02611
   0.02377
   0.02142
   0.01907
   0.01670
   0.01433
   0.01195
   0.00957
   0.00718
   0.00479
   0.00239
