   0.02741
   0.04325
   0.04126
   0.02228
  -0.00588
  -0.03162
  -0.04433
  -0.03878
  -0.01724
   0.01139
   0.03534
   0.04472
   0.03568
   0.01194
  -0.01672
  -0.03849
  -0.04440
  -0.03202
  -0.00644
   0.02179
   0.04104
   0.04339
   0.02785
   0.00084
  -0.02651
  -0.04295
  -0.04168
  -0.02325
   0.00477
   0.03082
   0.04417
   0.03932
   0.01828
  -0.01030
  -0.03464
  -0.04470
  -0.03635
  -0.01302
   0.01568
   0.03791
   0.04452
   0.03279
   0.00755
  -0.02080
  -0.04058
  -0.04364
  -0.02872
  -0.00197
   0.02560
   0.04262
   0.04208
   0.02420
  -0.00365
  -0.02999
  -0.04398
  -0.03985
  -0.01930
   0.00921
   0.03391
   0.04465
   0.03699
   0.01409
  -0.01462
  -0.03730
  -0.04461
  -0.03355
  -0.00866
   0.01980
   0.04010
   0.04388
   0.02958
   0.00309
  -0.02467
  -0.04226
  -0.04245
  -0.02514
   0.00253
   0.02915
   0.04376
   0.04035
   0.02030
  -0.00810
  -0.03317
  -0.04457
  -0.03761
  -0.01515
   0.01355
   0.03667
   0.04468
   0.03428
   0.00976
  -0.01879
  -0.03959
  -0.04408
  -0.03041
  -0.00421
   0.02372
   0.04188
   0.04279
   0.02606
  -0.00140
  -0.02829
  -0.04352
  -0.04082
  -0.02130
   0.00699
   0.03241
   0.04447
   0.03821
   0.01620
  -0.01248
  -0.03601
  -0.04471
  -0.03499
  -0.01085
   0.01776
   0.03905
   0.04426
   0.03122
   0.00533
  -0.02276
  -0.04148
  -0.04310
  -0.02696
   0.00028
   0.02741
   0.04325
   0.04126
   0.02228
  -0.00588
  -0.03162
  -0.04433
  -0.03878
  -0.01724
   0.01139
   0.03534
   0.04472
   0.03568
   0.01194
  -0.01672
  -0.03849
  -0.04440
  -0.03202
  -0.00644
   0.02179
   0.04104
   0.04339
   0.02785
   0.00084
  -0.02651
  -0.04295
  -0.04168
  -0.02325
   0.00477
   0.03082
   0.04417
   0.03932
   0.01828
  -0.01030
  -0.03464
  -0.04470
  -0.03635
  -0.01302
   0.01568
   0.03791
   0.04452
   0.03279
   0.00755
  -0.02080
  -0.04058
  -0.04364
  -0.02872
  -0.00197
   0.02560
   0.04262
   0.04208
   0.02420
  -0.00365
  -0.02999
  -0.04398
  -0.03985
  -0.01930
   0.00921
   0.03391
   0.04465
   0.03699
   0.01409
  -0.01462
  -0.03730
  -0.04461
  -0.03355
  -0.00866
   0.01980
   0.04010
   0.04388
   0.02958
   0.00309
  -0.02467
  -0.04226
  -0.04245
  -0.02514
   0.00253
   0.02915
   0.04376
   0.04035
   0.02030
  -0.00810
  -0.03317
  -0.04457
  -0.03761
  -0.01515
   0.01355
   0.03667
   0.04468
   0.03428
   0.00976
  -0.01879
  -0.03959
  -0.04408
  -0.03041
  -0.00421
   0.02372
   0.04188
   0.04279
   0.02606
  -0.00140
  -0.02829
  -0.04352
  -0.04082
  -0.02130
   0.00699
   0.03241
   0.04447
   0.03821
   0.01620
  -0.01248
  -0.03601
  -0.04471
  -0.03499
  -0.01085
   0.01776
   0.03905
   0.04426
   0.03122
   0.00533
  -0.02276
  -0.04148
  -0.04310
  -0.02696
   0.00028
   0.02741
   0.04325
   0.04126
   0.02228
  -0.00588
  -0.03162
  -0.04433
  -0.03878
  -0.01724
   0.01139
   0.03534
   0.04472
   0.03568
   0.01194
  -0.01672
  -0.03849
  -0.04440
  -0.03202
  -0.00644
   0.02179
   0.04104
   0.04339
   0.02785
   0.00084
  -0.02651
  -0.04295
  -0.04168
  -0.02325
   0.00477
   0.03082
   0.04417
   0.03932
   0.01828
  -0.01030
  -0.03464
  -0.04470
  -0.03635
  -0.01302
   0.01568
   0.03791
   0.04452
   0.03279
   0.00755
  -0.02080
  -0.04058
  -0.04364
  -0.02872
  -0.00197
   0.02560
   0.04262
   0.04208
   0.02420
  -0.00365
  -0.02999
  -0.04398
  -0.03985
  -0.01930
   0.00921
   0.03391
   0.04465
   0.03699
   0.01409
  -0.01462
  -0.03730
  -0.04461
  -0.03355
  -0.00866
   0.01980
   0.04010
   0.04388
   0.02958
   0.00309
  -0.02467
  -0.04226
  -0.04245
  -0.02514
   0.00253
   0.02915
   0.04376
   0.04035
   0.02030
  -0.00810
  -0.03317
  -0.04457
  -0.03761
  -0.01515
   0.01355
   0.03667
   0.04468
   0.03428
   0.00976
  -0.01879
  -0.03959
  -0.04408
  -0.03041
  -0.00421
   0.02372
   0.04188
   0.04279
   0.02606
  -0.00140
  -0.02829
  -0.04352
  -0.04082
  -0.02130
   0.00699
   0.03241
   0.04447
   0.03821
   0.01620
  -0.01248
  -0.03601
  -0.04471
  -0.03499
  -0.01085
   0.01776
   0.03905
   0.04426
   0.03122
   0.00533
  -0.02276
  -0.04148
  -0.04310
  -0.02696
   0.00028
   0.02741
   0.04325
   0.04126
   0.02228
  -0.00588
  -0.03162
  -0.04433
  -0.03878
  -0.01724
   0.01139
   0.03534
   0.04472
   0.03568
   0.01194
  -0.01672
  -0.03849
  -0.04440
  -0.03202
  -0.00644
   0.02179
   0.04104
   0.04339
   0.02785
   0.00084
  -0.02651
  -0.04295
  -0.04168
  -0.02325
   0.00477
   0.03082
   0.04417
   0.03932
   0.01828
  -0.01030
  -0.03464
  -0.04470
  -0.03635
  -0.01302
   0.01568
   0.03791
   0.04452
   0.03279
   0.00755
  -0.02080
  -0.04058
  -0.04364
  -0.02872
  -0.00197
   0.02560
   0.04262
   0.04208
   0.02420
  -0.00365
  -0.02999
  -0.04398
  -0.03985
  -0.01930
   0.00921
   0.03391
   0.04465
   0.03699
   0.01409
  -0.01462
  -0.03730
  -0.04461
  -0.03355
  -0.00866
   0.01980
   0.04010
   0.04388
   0.02958
   0.00309
  -0.02467
  -0.04226
  -0.04245
  -0.02514
   0.00253
   0.02915
   0.04376
   0.04035
   0.02030
  -0.00810
  -0.03317
  -0.04457
  -0.03761
  -0.01515
   0.01355
   0.03667
   0.04468
   0.03428
   0.00976
  -0.01879
  -0.03959
  -0.04408
  -0.03041
  -0.00421
   0.02372
   0.04188
   0.04279
   0.02606
  -0.00140
  -0.02829
  -0.04352
  -0.04082
  -0.02130
   0.00699
   0.03241
   0.04447
   0.03821
   0.01620
  -0.01248
  -0.03601
  -0.04471
  -0.03499
  -0.01085
   0.01776
   0.03905
   0.04426
   0.03122
   0.00533
  -0.02276
  -0.04148
  -0.04310
  -0.02696
   0.00028
   0.02741
   0.04325
   0.04126
   0.02228
  -0.00588
  -0.03162
  -0.04433
  -0.03878
  -0.01724
   0.01139
   0.03534
   0.04472
   0.03568
   0.01194
  -0.01672
  -0.03849
  -0.04440
  -0.03202
  -0.00644
   0.02179
   0.04104
   0.04339
   0.02785
   0.00084
  -0.02651
  -0.04295
  -0.04168
  -0.02325
   0.00477
   0.03082
   0.04417
   0.03932
   0.01828
  -0.01030
  -0.03464
  -0.04470
  -0.03635
  -0.01302
   0.01568
   0.03791
   0.04452
   0.03279
   0.00755
  -0.02080
  -0.04058
  -0.04364
  -0.02872
  -0.00197
   0.02560
   0.04262
   0.04208
   0.02420
  -0.00365
  -0.02999
  -0.04398
  -0.03985
  -0.01930
   0.00921
   0.03391
   0.04465
   0.03699
   0.01409
  -0.01462
  -0.03730
  -0.04461
  -0.03355
  -0.00866
   0.01980
   0.04010
   0.04388
   0.02958
   0.00309
  -0.02467
  -0.04226
  -0.04245
  -0.02514
   0.00253
   0.02915
   0.04376
   0.04035
   0.02030
  -0.00810
  -0.03317
  -0.04457
  -0.03761
  -0.01515
   0.01355
   0.03667
   0.04468
   0.03428
   0.00976
  -0.01879
  -0.03959
  -0.04408
  -0.03041
  -0.00421
   0.02372
   0.04188
   0.04279
   0.02606
  -0.00140
  -0.02829
  -0.04352
  -0.04082
  -0.02130
   0.00699
   0.03241
   0.04447
   0.03821
   0.01620
  -0.01248
  -0.03601
  -0.04471
  -0.03499
  -0.01085
   0.01776
   0.03905
   0.04426
   0.03122
   0.00533
  -0.02276
  -0.04148
  -0.04310
  -0.02696
   0.00028
   0.02741
   0.04325
   0.04126
   0.02228
  -0.00588
  -0.03162
  -0.04433
  -0.03878
  -0.01724
   0.01139
   0.03534
   0.04472
   0.03568
   0.01194
  -0.01672
  -0.03849
  -0.04440
  -0.03202
  -0.00644
   0.02179
   0.04104
   0.04339
   0.02785
   0.00084
  -0.02651
  -0.04295
  -0.04168
  -0.02325
   0.00477
   0.03082
   0.04417
   0.03932
   0.01828
  -0.01030
  -0.03464
  -0.04470
  -0.03635
  -0.01302
   0.01568
   0.03791
   0.04452
   0.03279
   0.00755
  -0.02080
  -0.04058
  -0.04364
  -0.02872
  -0.00197
   0.02560
   0.04262
   0.04208
   0.02420
  -0.00365
  -0.02999
  -0.04398
  -0.03985
  -0.01930
   0.00921
   0.03391
   0.04465
   0.03699
   0.01409
  -0.01462
  -0.03730
  -0.04461
  -0.03355
  -0.00866
   0.01980
   0.04010
   0.04388
   0.02958
   0.00309
  -0.02467
  -0.04226
  -0.04245
  -0.02514
   0.00253
   0.02915
   0.04376
   0.04035
   0.02030
  -0.00810
  -0.03317
  -0.04457
  -0.03761
  -0.01515
   0.01355
   0.03667
   0.04468
   0.03428
   0.00976
  -0.01879
  -0.03959
  -0.04408
  -0.03041
  -0.00421
   0.02372
   0.04188
   0.04279
   0.02606
  -0.00140
  -0.02829
  -0.04352
  -0.04082
  -0.02130
   0.00699
   0.03241
   0.04447
   0.03821
   0.01620
  -0.01248
  -0.03601
  -0.04471
  -0.03499
  -0.01085
   0.01776
   0.03905
   0.04426
   0.03122
   0.00533
  -0.02276
  -0.04148
  -0.04310
  -0.02696
   0.00028
   0.02741
   0.04325
   0.04126
   0.02228
  -0.00588
  -0.03162
  -0.04433
  -0.03878
  -0.01724
   0.01139
   0.03534
   0.04472
   0.03568
   0.01194
  -0.01672
  -0.03849
  -0.04440
  -0.03202
  -0.00644
   0.02179
   0.04104
   0.04339
   0.02785
   0.00084
  -0.02651
  -0.04295
  -0.04168
  -0.02325
   0.00477
   0.03082
   0.04417
   0.03932
   0.01828
  -0.01030
  -0.03464
  -0.04470
  -0.03635
  -0.01302
   0.01568
   0.03791
   0.04452
   0.03279
   0.00755
  -0.02080
  -0.04058
  -0.04364
  -0.02872
  -0.00197
   0.02560
   0.04262
   0.04208
   0.02420
  -0.00365
  -0.02999
  -0.04398
  -0.03985
  -0.01930
   0.00921
   0.03391
   0.04465
   0.03699
   0.01409
  -0.01462
  -0.03730
  -0.04461
  -0.03355
  -0.00866
   0.01980
   0.04010
   0.04388
   0.02958
   0.00309
  -0.02467
  -0.04226
  -0.04245
  -0.02514
   0.00253
   0.02915
   0.04376
   0.04035
   0.02030
  -0.00810
  -0.03317
  -0.04457
  -0.03761
  -0.01515
   0.01355
   0.03667
   0.04468
   0.03428
   0.00976
  -0.01879
  -0.03959
  -0.04408
  -0.03041
  -0.00421
   0.02372
   0.04188
   0.04279
   0.02606
  -0.00140
  -0.02829
  -0.04352
  -0.04082
  -0.02130
   0.00699
   0.03241
   0.04447
   0.03821
   0.01620
  -0.01248
  -0.03601
  -0.04471
  -0.03499
  -0.01085
   0.01776
   0.03905
   0.04426
   0.03122
   0.00533
  -0.02276
  -0.04148
  -0.04310
  -0.02696
   0.00028
   0.02741
   0.04325
   0.04126
   0.02228
  -0.00588
  -0.03162
  -0.04433
  -0.03878
  -0.01724
   0.01139
   0.03534
   0.04472
   0.03568
   0.01194
  -0.01672
  -0.03849
  -0.04440
  -0.03202
  -0.00644
   0.02179
   0.04104
   0.04339
   0.02785
   0.00084
  -0.02651
  -0.04295
  -0.04168
  -0.02325
   0.00477
   0.03082
   0.04417
   0.03932
   0.01828
  -0.01030
  -0.03464
  -0.04470
  -0.03635
  -0.01302
   0.01568
   0.03791
   0.04452
   0.03279
   0.00755
  -0.02080
  -0.04058
  -0.04364
  -0.02872
  -0.00197
   0.02560
   0.04262
   0.04208
   0.02420
  -0.00365
  -0.02999
  -0.04398
  -0.03985
  -0.01930
   0.00921
   0.03391
   0.04465
   0.03699
   0.01409
  -0.01462
  -0.03730
  -0.04461
  -0.03355
  -0.00866
   0.01980
   0.04010
   0.04388
   0.02958
   0.00309
  -0.02467
  -0.04226
  -0.04245
  -0.02514
   0.00253
   0.02915
   0.04376
   0.04035
   0.02030
  -0.00810
  -0.03317
  -0.04457
  -0.03761
  -0.01515
   0.01355
   0.03667
   0.04468
   0.03428
   0.00976
  -0.01879
  -0.03959
  -0.04408
  -0.03041
  -0.00421
   0.02372
   0.04188
   0.04279
   0.02606
  -0.00140
  -0.02829
  -0.04352
  -0.04082
  -0.02130
   0.00699
   0.03241
   0.04447
   0.03821
   0.01620
  -0.01248
  -0.03601
  -0.04471
  -0.03499
  -0.01085
   0.01776
   0.03905
   0.04426
   0.03122
   0.00533
  -0.02276
  -0.04148
  -0.04310
  -0.02696
   0.00028
