  -0.00647
   0.01385
  -0.02083
   0.02721
  -0.03281
   0.03747
  -0.04105
   0.04346
  -0.04462
   0.04449
  -0.04309
   0.04045
  -0.03665
   0.03180
  -0.02604
   0.01952
  -0.01245
   0.00502
   0.00256
  -0.01006
   0.01727
  -0.02399
   0.03001
  -0.03518
   0.03934
  -0.04236
   0.04418
  -0.04472
   0.04398
  -0.04197
   0.03876
  -0.03444
   0.02913
  -0.02298
   0.01618
  -0.00890
   0.00138
   0.00619
  -0.01358
   0.02058
  -0.02699
   0.03262
  -0.03732
   0.04094
  -0.04339
   0.04460
  -0.04452
   0.04317
  -0.04057
   0.03681
  -0.03200
   0.02626
  -0.01978
   0.01272
  -0.00530
  -0.00227
   0.00978
  -0.01701
   0.02375
  -0.02981
   0.03501
  -0.03920
   0.04227
  -0.04413
   0.04472
  -0.04403
   0.04207
  -0.03890
   0.03462
  -0.02934
   0.02322
  -0.01644
   0.00918
  -0.00166
  -0.00591
   0.01331
  -0.02033
   0.02676
  -0.03243
   0.03716
  -0.04083
   0.04332
  -0.04457
   0.04455
  -0.04324
   0.04069
  -0.03697
   0.03219
  -0.02649
   0.02003
  -0.01299
   0.00558
   0.00199
  -0.00951
   0.01675
  -0.02351
   0.02960
  -0.03483
   0.03907
  -0.04218
   0.04408
  -0.04472
   0.04407
  -0.04216
   0.03904
  -0.03480
   0.02955
  -0.02346
   0.01670
  -0.00945
   0.00194
   0.00563
  -0.01304
   0.02008
  -0.02654
   0.03223
  -0.03700
   0.04071
  -0.04325
   0.04455
  -0.04457
   0.04331
  -0.04081
   0.03713
  -0.03239
   0.02672
  -0.02028
   0.01326
  -0.00586
  -0.00171
   0.00923
  -0.01649
   0.02327
  -0.02938
   0.03465
  -0.03893
   0.04209
  -0.04404
   0.04472
  -0.04412
   0.04226
  -0.03918
   0.03497
  -0.02976
   0.02370
  -0.01696
   0.00973
  -0.00222
  -0.00535
   0.01277
  -0.01983
   0.02631
  -0.03204
   0.03685
  -0.04060
   0.04318
  -0.04453
   0.04459
  -0.04338
   0.04092
  -0.03729
   0.03258
  -0.02694
   0.02053
  -0.01353
   0.00613
   0.00143
  -0.00896
   0.01623
  -0.02303
   0.02917
  -0.03448
   0.03879
  -0.04199
   0.04399
  -0.04472
   0.04417
  -0.04235
   0.03931
  -0.03515
   0.02997
  -0.02394
   0.01722
  -0.01000
   0.00250
   0.00507
  -0.01250
   0.01957
  -0.02608
   0.03184
  -0.03669
   0.04048
  -0.04311
   0.04450
  -0.04461
   0.04345
  -0.04103
   0.03744
  -0.03277
   0.02717
  -0.02078
   0.01379
  -0.00641
  -0.00115
   0.00868
  -0.01597
   0.02279
  -0.02896
   0.03430
  -0.03865
   0.04189
  -0.04393
   0.04471
  -0.04421
   0.04244
  -0.03944
   0.03532
  -0.03018
   0.02418
  -0.01748
   0.01028
  -0.00278
  -0.00480
   0.01223
  -0.01932
   0.02585
  -0.03164
   0.03652
  -0.04036
   0.04303
  -0.04447
   0.04463
  -0.04351
   0.04114
  -0.03759
   0.03296
  -0.02739
   0.02103
  -0.01406
   0.00669
   0.00087
  -0.00841
   0.01570
  -0.02255
   0.02874
  -0.03412
   0.03851
  -0.04179
   0.04388
  -0.04471
   0.04425
  -0.04252
   0.03958
  -0.03549
   0.03039
  -0.02441
   0.01774
  -0.01055
   0.00306
   0.00452
  -0.01196
   0.01907
  -0.02562
   0.03144
  -0.03636
   0.04023
  -0.04295
   0.04444
  -0.04465
   0.04358
  -0.04125
   0.03774
  -0.03315
   0.02761
  -0.02127
   0.01433
  -0.00697
  -0.00059
   0.00813
  -0.01544
   0.02230
  -0.02853
   0.03393
  -0.03836
   0.04169
  -0.04383
   0.04470
  -0.04429
   0.04261
  -0.03971
   0.03566
  -0.03059
   0.02465
  -0.01799
   0.01082
  -0.00334
  -0.00424
   0.01169
  -0.01881
   0.02539
  -0.03124
   0.03620
  -0.04011
   0.04287
  -0.04441
   0.04466
  -0.04364
   0.04136
  -0.03789
   0.03334
  -0.02783
   0.02152
  -0.01459
   0.00725
   0.00031
  -0.00785
   0.01517
  -0.02206
   0.02831
  -0.03375
   0.03822
  -0.04159
   0.04377
  -0.04469
   0.04433
  -0.04269
   0.03983
  -0.03583
   0.03080
  -0.02488
   0.01825
  -0.01109
   0.00362
   0.00396
  -0.01142
   0.01856
  -0.02516
   0.03104
  -0.03603
   0.03999
  -0.04279
   0.04437
  -0.04468
   0.04370
  -0.04147
   0.03804
  -0.03353
   0.02805
  -0.02177
   0.01486
  -0.00752
  -0.00003
   0.00758
  -0.01491
   0.02181
  -0.02809
   0.03356
  -0.03807
   0.04149
  -0.04371
   0.04468
  -0.04437
   0.04278
  -0.03996
   0.03600
  -0.03100
   0.02511
  -0.01851
   0.01137
  -0.00390
  -0.00368
   0.01115
  -0.01830
   0.02493
  -0.03084
   0.03586
  -0.03986
   0.04271
  -0.04434
   0.04469
  -0.04376
   0.04157
  -0.03819
   0.03371
  -0.02827
   0.02201
  -0.01512
   0.00780
  -0.00025
  -0.00730
   0.01465
  -0.02157
   0.02787
  -0.03338
   0.03792
  -0.04138
   0.04365
  -0.04467
   0.04440
  -0.04286
   0.04009
  -0.03616
   0.03120
  -0.02535
   0.01876
  -0.01164
   0.00418
   0.00340
  -0.01088
   0.01804
  -0.02469
   0.03063
  -0.03570
   0.03973
  -0.04263
   0.04430
  -0.04470
   0.04381
  -0.04167
   0.03834
  -0.03390
   0.02849
  -0.02226
   0.01539
  -0.00808
   0.00053
   0.00702
  -0.01438
   0.02132
  -0.02765
   0.03319
  -0.03777
   0.04127
  -0.04359
   0.04465
  -0.04443
   0.04294
  -0.04021
   0.03633
  -0.03140
   0.02558
  -0.01902
   0.01191
  -0.00446
  -0.00312
   0.01060
  -0.01779
   0.02446
  -0.03043
   0.03553
  -0.03960
   0.04254
  -0.04426
   0.04471
  -0.04387
   0.04177
  -0.03848
   0.03408
  -0.02870
   0.02250
  -0.01565
   0.00835
  -0.00082
  -0.00675
   0.01411
  -0.02107
   0.02743
  -0.03300
   0.03762
  -0.04116
   0.04352
  -0.04463
   0.04446
  -0.04302
   0.04033
  -0.03649
   0.03160
  -0.02581
   0.01927
  -0.01218
   0.00474
   0.00284
  -0.01033
   0.01753
  -0.02422
   0.03022
  -0.03535
   0.03947
  -0.04245
   0.04422
  -0.04471
   0.04392
  -0.04187
   0.03862
  -0.03426
   0.02892
  -0.02274
   0.01591
  -0.00863
   0.00110
   0.00647
  -0.01385
   0.02083
  -0.02721
   0.03281
  -0.03747
   0.04105
  -0.04346
   0.04462
  -0.04449
   0.04309
  -0.04045
   0.03665
  -0.03180
   0.02604
  -0.01952
   0.01245
  -0.00502
  -0.00256
   0.01006
  -0.01727
   0.02399
  -0.03001
   0.03518
  -0.03934
   0.04236
  -0.04418
   0.04472
  -0.04398
   0.04197
  -0.03876
   0.03444
  -0.02913
   0.02298
  -0.01618
   0.00890
  -0.00138
  -0.00619
   0.01358
  -0.02058
   0.02699
  -0.03262
   0.03732
  -0.04094
   0.04339
  -0.04460
   0.04452
  -0.04317
   0.04057
  -0.03681
   0.03200
  -0.02626
   0.01978
  -0.01272
   0.00530
   0.00227
  -0.00978
   0.01701
  -0.02375
   0.02981
  -0.03501
   0.03920
  -0.04227
   0.04413
  -0.04472
   0.04403
  -0.04207
   0.03890
  -0.03462
   0.02934
  -0.02322
   0.01644
  -0.00918
   0.00166
   0.00591
  -0.01331
   0.02033
  -0.02676
   0.03243
  -0.03716
   0.04083
  -0.04332
   0.04457
  -0.04455
   0.04324
  -0.04069
   0.03697
  -0.03219
   0.02649
  -0.02003
   0.01299
  -0.00558
  -0.00199
   0.00951
  -0.01675
   0.02351
  -0.02960
   0.03483
  -0.03907
   0.04218
  -0.04408
   0.04472
  -0.04407
   0.04216
  -0.03904
   0.03480
  -0.02955
   0.02346
  -0.01670
   0.00945
  -0.00194
  -0.00563
   0.01304
  -0.02008
   0.02654
  -0.03223
   0.03700
  -0.04071
   0.04325
  -0.04455
   0.04457
  -0.04331
   0.04081
  -0.03713
   0.03239
  -0.02672
   0.02028
  -0.01326
   0.00586
   0.00171
  -0.00923
   0.01649
  -0.02327
   0.02938
  -0.03465
   0.03893
  -0.04209
   0.04404
  -0.04472
   0.04412
  -0.04226
   0.03918
  -0.03497
   0.02976
  -0.02370
   0.01696
  -0.00973
   0.00222
   0.00535
  -0.01277
   0.01983
  -0.02631
   0.03204
  -0.03685
   0.04060
  -0.04318
   0.04453
  -0.04459
   0.04338
  -0.04092
   0.03729
  -0.03258
   0.02694
  -0.02053
   0.01353
  -0.00613
  -0.00143
   0.00896
  -0.01623
   0.02303
  -0.02917
   0.03448
  -0.03879
   0.04199
  -0.04399
   0.04472
  -0.04417
   0.04235
  -0.03931
   0.03515
  -0.02997
   0.02394
  -0.01722
   0.01000
  -0.00250
  -0.00507
   0.01250
  -0.01957
   0.02608
  -0.03184
   0.03669
  -0.04048
   0.04311
  -0.04450
   0.04461
  -0.04345
   0.04103
  -0.03744
   0.03277
  -0.02717
   0.02078
  -0.01379
   0.00641
   0.00115
  -0.00868
   0.01597
  -0.02279
   0.02896
  -0.03430
   0.03865
  -0.04189
   0.04393
  -0.04471
   0.04421
  -0.04244
   0.03944
  -0.03532
   0.03018
  -0.02418
   0.01748
  -0.01028
   0.00278
   0.00480
  -0.01223
   0.01932
  -0.02585
   0.03164
  -0.03652
   0.04036
  -0.04303
   0.04447
  -0.04463
   0.04351
  -0.04114
   0.03759
  -0.03296
   0.02739
  -0.02103
   0.01406
  -0.00669
  -0.00087
   0.00841
  -0.01570
   0.02255
  -0.02874
   0.03412
  -0.03851
   0.04179
  -0.04388
   0.04471
  -0.04425
   0.04252
  -0.03958
   0.03549
  -0.03039
   0.02441
  -0.01774
   0.01055
  -0.00306
  -0.00452
   0.01196
  -0.01907
   0.02562
  -0.03144
   0.03636
  -0.04023
   0.04295
  -0.04444
   0.04465
  -0.04358
   0.04125
  -0.03774
   0.03315
  -0.02761
   0.02127
  -0.01433
   0.00697
   0.00059
  -0.00813
   0.01544
  -0.02230
   0.02853
  -0.03393
   0.03836
  -0.04169
   0.04383
  -0.04470
   0.04429
  -0.04261
   0.03971
  -0.03566
   0.03059
  -0.02465
   0.01799
  -0.01082
   0.00334
   0.00424
  -0.01169
   0.01881
  -0.02539
   0.03124
  -0.03620
   0.04011
  -0.04287
   0.04441
  -0.04466
   0.04364
  -0.04136
   0.03789
  -0.03334
   0.02783
  -0.02152
   0.01459
  -0.00725
  -0.00031
   0.00785
  -0.01517
   0.02206
  -0.02831
   0.03375
  -0.03822
   0.04159
  -0.04377
   0.04469
  -0.04433
   0.04269
  -0.03983
   0.03583
  -0.03080
   0.02488
  -0.01825
   0.01109
  -0.00362
  -0.00396
   0.01142
  -0.01856
   0.02516
  -0.03104
   0.03603
  -0.03999
   0.04279
  -0.04437
   0.04468
  -0.04370
   0.04147
  -0.03804
   0.03353
  -0.02805
   0.02177
  -0.01486
   0.00752
   0.00003
  -0.00758
   0.01491
  -0.02181
   0.02809
  -0.03356
   0.03807
  -0.04149
   0.04371
  -0.04468
   0.04437
  -0.04278
   0.03996
  -0.03600
   0.03100
  -0.02511
   0.01851
  -0.01137
   0.00390
   0.00368
  -0.01115
   0.01830
  -0.02493
   0.03084
  -0.03586
   0.03986
  -0.04271
   0.04434
  -0.04469
   0.04376
  -0.04157
   0.03819
  -0.03371
   0.02827
  -0.02201
   0.01512
  -0.00780
   0.00025
   0.00730
  -0.01465
   0.02157
  -0.02787
   0.03338
  -0.03792
   0.04138
  -0.04365
   0.04467
  -0.04440
   0.04286
  -0.04009
   0.03616
  -0.03120
   0.02535
  -0.01876
   0.01164
  -0.00418
  -0.00340
   0.01088
  -0.01804
   0.02469
  -0.03063
   0.03570
  -0.03973
   0.04263
  -0.04430
   0.04470
  -0.04381
   0.04167
  -0.03834
   0.03390
  -0.02849
   0.02226
  -0.01539
   0.00808
  -0.00053
  -0.00702
   0.01438
  -0.02132
   0.02765
  -0.03319
   0.03777
  -0.04127
   0.04359
  -0.04465
   0.04443
  -0.04294
   0.04021
  -0.03633
   0.03140
  -0.02558
   0.01902
  -0.01191
   0.00446
   0.00312
  -0.01060
   0.01779
  -0.02446
   0.03043
  -0.03553
   0.03960
  -0.04254
   0.04426
  -0.04471
   0.04387
  -0.04177
   0.03848
  -0.03408
   0.02870
  -0.02250
   0.01565
  -0.00835
   0.00082
   0.00675
  -0.01411
   0.02107
  -0.02743
   0.03300
  -0.03762
   0.04116
  -0.04352
   0.04463
  -0.04446
   0.04302
  -0.04033
   0.03649
  -0.03160
   0.02581
  -0.01927
   0.01218
  -0.00474
  -0.00284
   0.01033
  -0.01753
   0.02422
  -0.03022
   0.03535
  -0.03947
   0.04245
  -0.04422
   0.04471
  -0.04392
   0.04187
  -0.03862
   0.03426
  -0.02892
   0.02274
  -0.01591
   0.00863
  -0.00110
