   0.00179
   0.00347
   0.00515
   0.00682
   0.00848
   0.01013
   0.01176
   0.01338
   0.01498
   0.01656
   0.01811
   0.01964
   0.02114
   0.02261
   0.02405
   0.02545
   0.02682
   0.02815
   0.02944
   0.03069
   0.03189
   0.03305
   0.03416
   0.03523
   0.03624
   0.03720
   0.03811
   0.03896
   0.03976
   0.04051
   0.04119
   0.04182
   0.04239
   0.04289
   0.04334
   0.04373
   0.04405
   0.04431
   0.04451
   0.04464
   0.04471
   0.04472
   0.04466
   0.04454
   0.04436
   0.04411
   0.04380
   0.04343
   0.04300
   0.04250
   0.04195
   0.04133
   0.04066
   0.03993
   0.03914
   0.03830
   0.03740
   0.03645
   0.03545
   0.03439
   0.03329
   0.03214
   0.03095
   0.02971
   0.02843
   0.02711
   0.02575
   0.02435
   0.02292
   0.02146
   0.01996
   0.01844
   0.01689
   0.01532
   0.01372
   0.01211
   0.01048
   0.00883
   0.00718
   0.00551
   0.00383
   0.00215
   0.00046
  -0.00122
  -0.00291
  -0.00459
  -0.00626
  -0.00793
  -0.00958
  -0.01122
  -0.01284
  -0.01445
  -0.01603
  -0.01759
  -0.01913
  -0.02064
  -0.02212
  -0.02357
  -0.02499
  -0.02637
  -0.02771
  -0.02901
  -0.03028
  -0.03149
  -0.03267
  -0.03380
  -0.03488
  -0.03591
  -0.03689
  -0.03781
  -0.03869
  -0.03950
  -0.04027
  -0.04097
  -0.04162
  -0.04220
  -0.04273
  -0.04320
  -0.04360
  -0.04395
  -0.04423
  -0.04445
  -0.04460
  -0.04469
  -0.04472
  -0.04469
  -0.04459
  -0.04442
  -0.04420
  -0.04391
  -0.04356
  -0.04315
  -0.04267
  -0.04214
  -0.04154
  -0.04089
  -0.04018
  -0.03941
  -0.03859
  -0.03771
  -0.03677
  -0.03579
  -0.03475
  -0.03367
  -0.03253
  -0.03135
  -0.03013
  -0.02886
  -0.02755
  -0.02621
  -0.02482
  -0.02340
  -0.02195
  -0.02046
  -0.01895
  -0.01741
  -0.01585
  -0.01426
  -0.01265
  -0.01103
  -0.00938
  -0.00773
  -0.00606
  -0.00439
  -0.00271
  -0.00102
   0.00066
   0.00235
   0.00403
   0.00570
   0.00737
   0.00903
   0.01067
   0.01230
   0.01391
   0.01551
   0.01708
   0.01862
   0.02014
   0.02163
   0.02309
   0.02452
   0.02591
   0.02727
   0.02858
   0.02986
   0.03109
   0.03228
   0.03343
   0.03452
   0.03557
   0.03657
   0.03751
   0.03840
   0.03924
   0.04002
   0.04074
   0.04141
   0.04202
   0.04256
   0.04305
   0.04348
   0.04384
   0.04414
   0.04438
   0.04456
   0.04467
   0.04472
   0.04470
   0.04463
   0.04449
   0.04428
   0.04401
   0.04368
   0.04329
   0.04284
   0.04232
   0.04175
   0.04111
   0.04042
   0.03967
   0.03887
   0.03801
   0.03709
   0.03612
   0.03510
   0.03403
   0.03292
   0.03175
   0.03054
   0.02929
   0.02799
   0.02666
   0.02529
   0.02388
   0.02244
   0.02096
   0.01946
   0.01793
   0.01637
   0.01479
   0.01319
   0.01157
   0.00993
   0.00828
   0.00662
   0.00495
   0.00327
   0.00159
  -0.00010
  -0.00179
  -0.00347
  -0.00515
  -0.00682
  -0.00848
  -0.01013
  -0.01176
  -0.01338
  -0.01498
  -0.01656
  -0.01811
  -0.01964
  -0.02114
  -0.02261
  -0.02405
  -0.02545
  -0.02682
  -0.02815
  -0.02944
  -0.03069
  -0.03189
  -0.03305
  -0.03416
  -0.03523
  -0.03624
  -0.03720
  -0.03811
  -0.03896
  -0.03976
  -0.04051
  -0.04119
  -0.04182
  -0.04239
  -0.04289
  -0.04334
  -0.04373
  -0.04405
  -0.04431
  -0.04451
  -0.04464
  -0.04471
  -0.04472
  -0.04466
  -0.04454
  -0.04436
  -0.04411
  -0.04380
  -0.04343
  -0.04300
  -0.04250
  -0.04195
  -0.04133
  -0.04066
  -0.03993
  -0.03914
  -0.03830
  -0.03740
  -0.03645
  -0.03545
  -0.03439
  -0.03329
  -0.03214
  -0.03095
  -0.02971
  -0.02843
  -0.02711
  -0.02575
  -0.02435
  -0.02292
  -0.02146
  -0.01996
  -0.01844
  -0.01689
  -0.01532
  -0.01372
  -0.01211
  -0.01048
  -0.00883
  -0.00718
  -0.00551
  -0.00383
  -0.00215
  -0.00046
   0.00122
   0.00291
   0.00459
   0.00626
   0.00793
   0.00958
   0.01122
   0.01284
   0.01445
   0.01603
   0.01759
   0.01913
   0.02064
   0.02212
   0.02357
   0.02499
   0.02637
   0.02771
   0.02901
   0.03028
   0.03149
   0.03267
   0.03380
   0.03488
   0.03591
   0.03689
   0.03781
   0.03869
   0.03950
   0.04027
   0.04097
   0.04162
   0.04220
   0.04273
   0.04320
   0.04360
   0.04395
   0.04423
   0.04445
   0.04460
   0.04469
   0.04472
   0.04469
   0.04459
   0.04442
   0.04420
   0.04391
   0.04356
   0.04315
   0.04267
   0.04214
   0.04154
   0.04089
   0.04018
   0.03941
   0.03859
   0.03771
   0.03677
   0.03579
   0.03475
   0.03367
   0.03253
   0.03135
   0.03013
   0.02886
   0.02755
   0.02621
   0.02482
   0.02340
   0.02195
   0.02046
   0.01895
   0.01741
   0.01585
   0.01426
   0.01265
   0.01103
   0.00938
   0.00773
   0.00606
   0.00439
   0.00271
   0.00102
  -0.00066
  -0.00235
  -0.00403
  -0.00570
  -0.00737
  -0.00903
  -0.01067
  -0.01230
  -0.01391
  -0.01551
  -0.01708
  -0.01862
  -0.02014
  -0.02163
  -0.02309
  -0.02452
  -0.02591
  -0.02727
  -0.02858
  -0.02986
  -0.03109
  -0.03228
  -0.03343
  -0.03452
  -0.03557
  -0.03657
  -0.03751
  -0.03840
  -0.03924
  -0.04002
  -0.04074
  -0.04141
  -0.04202
  -0.04256
  -0.04305
  -0.04348
  -0.04384
  -0.04414
  -0.04438
  -0.04456
  -0.04467
  -0.04472
  -0.04470
  -0.04463
  -0.04449
  -0.04428
  -0.04401
  -0.04368
  -0.04329
  -0.04284
  -0.04232
  -0.04175
  -0.04111
  -0.04042
  -0.03967
  -0.03887
  -0.03801
  -0.03709
  -0.03612
  -0.03510
  -0.03403
  -0.03292
  -0.03175
  -0.03054
  -0.02929
  -0.02799
  -0.02666
  -0.02529
  -0.02388
  -0.02244
  -0.02096
  -0.01946
  -0.01793
  -0.01637
  -0.01479
  -0.01319
  -0.01157
  -0.00993
  -0.00828
  -0.00662
  -0.00495
  -0.00327
  -0.00159
   0.00010
   0.00179
   0.00347
   0.00515
   0.00682
   0.00848
   0.01013
   0.01176
   0.01338
   0.01498
   0.01656
   0.01811
   0.01964
   0.02114
   0.02261
   0.02405
   0.02545
   0.02682
   0.02815
   0.02944
   0.03069
   0.03189
   0.03305
   0.03416
   0.03523
   0.03624
   0.03720
   0.03811
   0.03896
   0.03976
   0.04051
   0.04119
   0.04182
   0.04239
   0.04289
   0.04334
   0.04373
   0.04405
   0.04431
   0.04451
   0.04464
   0.04471
   0.04472
   0.04466
   0.04454
   0.04436
   0.04411
   0.04380
   0.04343
   0.04300
   0.04250
   0.04195
   0.04133
   0.04066
   0.03993
   0.03914
   0.03830
   0.03740
   0.03645
   0.03545
   0.03439
   0.03329
   0.03214
   0.03095
   0.02971
   0.02843
   0.02711
   0.02575
   0.02435
   0.02292
   0.02146
   0.01996
   0.01844
   0.01689
   0.01532
   0.01372
   0.01211
   0.01048
   0.00883
   0.00718
   0.00551
   0.00383
   0.00215
   0.00046
  -0.00122
  -0.00291
  -0.00459
  -0.00626
  -0.00793
  -0.00958
  -0.01122
  -0.01284
  -0.01445
  -0.01603
  -0.01759
  -0.01913
  -0.02064
  -0.02212
  -0.02357
  -0.02499
  -0.02637
  -0.02771
  -0.02901
  -0.03028
  -0.03149
  -0.03267
  -0.03380
  -0.03488
  -0.03591
  -0.03689
  -0.03781
  -0.03869
  -0.03950
  -0.04027
  -0.04097
  -0.04162
  -0.04220
  -0.04273
  -0.04320
  -0.04360
  -0.04395
  -0.04423
  -0.04445
  -0.04460
  -0.04469
  -0.04472
  -0.04469
  -0.04459
  -0.04442
  -0.04420
  -0.04391
  -0.04356
  -0.04315
  -0.04267
  -0.04214
  -0.04154
  -0.04089
  -0.04018
  -0.03941
  -0.03859
  -0.03771
  -0.03677
  -0.03579
  -0.03475
  -0.03367
  -0.03253
  -0.03135
  -0.03013
  -0.02886
  -0.02755
  -0.02621
  -0.02482
  -0.02340
  -0.02195
  -0.02046
  -0.01895
  -0.01741
  -0.01585
  -0.01426
  -0.01265
  -0.01103
  -0.00938
  -0.00773
  -0.00606
  -0.00439
  -0.00271
  -0.00102
   0.00066
   0.00235
   0.00403
   0.00570
   0.00737
   0.00903
   0.01067
   0.01230
   0.01391
   0.01551
   0.01708
   0.01862
   0.02014
   0.02163
   0.02309
   0.02452
   0.02591
   0.02727
   0.02858
   0.02986
   0.03109
   0.03228
   0.03343
   0.03452
   0.03557
   0.03657
   0.03751
   0.03840
   0.03924
   0.04002
   0.04074
   0.04141
   0.04202
   0.04256
   0.04305
   0.04348
   0.04384
   0.04414
   0.04438
   0.04456
   0.04467
   0.04472
   0.04470
   0.04463
   0.04449
   0.04428
   0.04401
   0.04368
   0.04329
   0.04284
   0.04232
   0.04175
   0.04111
   0.04042
   0.03967
   0.03887
   0.03801
   0.03709
   0.03612
   0.03510
   0.03403
   0.03292
   0.03175
   0.03054
   0.02929
   0.02799
   0.02666
   0.02529
   0.02388
   0.02244
   0.02096
   0.01946
   0.01793
   0.01637
   0.01479
   0.01319
   0.01157
   0.00993
   0.00828
   0.00662
   0.00495
   0.00327
   0.00159
  -0.00010
  -0.00179
  -0.00347
  -0.00515
  -0.00682
  -0.00848
  -0.01013
  -0.01176
  -0.01338
  -0.01498
  -0.01656
  -0.01811
  -0.01964
  -0.02114
  -0.02261
  -0.02405
  -0.02545
  -0.02682
  -0.02815
  -0.02944
  -0.03069
  -0.03189
  -0.03305
  -0.03416
  -0.03523
  -0.03624
  -0.03720
  -0.03811
  -0.03896
  -0.03976
  -0.04051
  -0.04119
  -0.04182
  -0.04239
  -0.04289
  -0.04334
  -0.04373
  -0.04405
  -0.04431
  -0.04451
  -0.04464
  -0.04471
  -0.04472
  -0.04466
  -0.04454
  -0.04436
  -0.04411
  -0.04380
  -0.04343
  -0.04300
  -0.04250
  -0.04195
  -0.04133
  -0.04066
  -0.03993
  -0.03914
  -0.03830
  -0.03740
  -0.03645
  -0.03545
  -0.03439
  -0.03329
  -0.03214
  -0.03095
  -0.02971
  -0.02843
  -0.02711
  -0.02575
  -0.02435
  -0.02292
  -0.02146
  -0.01996
  -0.01844
  -0.01689
  -0.01532
  -0.01372
  -0.01211
  -0.01048
  -0.00883
  -0.00718
  -0.00551
  -0.00383
  -0.00215
  -0.00046
   0.00122
   0.00291
   0.00459
   0.00626
   0.00793
   0.00958
   0.01122
   0.01284
   0.01445
   0.01603
   0.01759
   0.01913
   0.02064
   0.02212
   0.02357
   0.02499
   0.02637
   0.02771
   0.02901
   0.03028
   0.03149
   0.03267
   0.03380
   0.03488
   0.03591
   0.03689
   0.03781
   0.03869
   0.03950
   0.04027
   0.04097
   0.04162
   0.04220
   0.04273
   0.04320
   0.04360
   0.04395
   0.04423
   0.04445
   0.04460
   0.04469
   0.04472
   0.04469
   0.04459
   0.04442
   0.04420
   0.04391
   0.04356
   0.04315
   0.04267
   0.04214
   0.04154
   0.04089
   0.04018
   0.03941
   0.03859
   0.03771
   0.03677
   0.03579
   0.03475
   0.03367
   0.03253
   0.03135
   0.03013
   0.02886
   0.02755
   0.02621
   0.02482
   0.02340
   0.02195
   0.02046
   0.01895
   0.01741
   0.01585
   0.01426
   0.01265
   0.01103
   0.00938
   0.00773
   0.00606
   0.00439
   0.00271
   0.00102
  -0.00066
  -0.00235
  -0.00403
  -0.00570
  -0.00737
  -0.00903
  -0.01067
  -0.01230
  -0.01391
  -0.01551
  -0.01708
  -0.01862
  -0.02014
  -0.02163
  -0.02309
  -0.02452
  -0.02591
  -0.02727
  -0.02858
  -0.02986
  -0.03109
  -0.03228
  -0.03343
  -0.03452
  -0.03557
  -0.03657
  -0.03751
  -0.03840
  -0.03924
  -0.04002
  -0.04074
  -0.04141
  -0.04202
  -0.04256
  -0.04305
  -0.04348
  -0.04384
  -0.04414
  -0.04438
  -0.04456
  -0.04467
  -0.04472
  -0.04470
  -0.04463
  -0.04449
  -0.04428
  -0.04401
  -0.04368
  -0.04329
  -0.04284
  -0.04232
  -0.04175
  -0.04111
  -0.04042
  -0.03967
  -0.03887
  -0.03801
  -0.03709
  -0.03612
  -0.03510
  -0.03403
  -0.03292
  -0.03175
  -0.03054
  -0.02929
  -0.02799
  -0.02666
  -0.02529
  -0.02388
  -0.02244
  -0.02096
  -0.01946
  -0.01793
  -0.01637
  -0.01479
  -0.01319
  -0.01157
  -0.00993
  -0.00828
  -0.00662
  -0.00495
  -0.00327
  -0.00159
   0.00010
