  -0.04362
   0.02776
   0.00040
  -0.02838
   0.04379
  -0.03979
   0.01817
   0.01151
  -0.03609
   0.04467
  -0.03347
   0.00743
   0.02189
  -0.04152
   0.04275
  -0.02504
  -0.00377
   0.03090
  -0.04435
   0.03814
  -0.01504
  -0.01473
   0.03797
  -0.04439
   0.03114
  -0.00409
  -0.02477
   0.04265
  -0.04164
   0.02218
   0.00711
  -0.03325
   0.04466
  -0.03627
   0.01182
   0.01787
  -0.03964
   0.04385
  -0.02863
   0.00072
   0.02750
  -0.04355
   0.04029
  -0.01919
  -0.01042
   0.03541
  -0.04471
   0.03420
  -0.00854
  -0.02091
   0.04109
  -0.04307
   0.02596
   0.00265
  -0.03008
   0.04419
  -0.03872
   0.01609
   0.01367
  -0.03737
   0.04451
  -0.03193
   0.00521
   0.02383
  -0.04230
   0.04204
  -0.02314
  -0.00600
   0.03249
  -0.04458
   0.03692
  -0.01290
  -0.01683
   0.03911
  -0.04406
   0.02948
  -0.00185
  -0.02661
   0.04328
  -0.04077
   0.02020
   0.00932
  -0.03471
   0.04472
  -0.03491
   0.00964
   0.01991
  -0.04063
   0.04336
  -0.02687
  -0.00152
   0.02924
  -0.04400
   0.03927
  -0.01713
  -0.01259
   0.03674
  -0.04461
   0.03271
  -0.00632
  -0.02287
   0.04193
  -0.04241
   0.02410
   0.00489
  -0.03171
   0.04448
  -0.03754
   0.01397
   0.01579
  -0.03855
   0.04424
  -0.03032
   0.00297
   0.02570
  -0.04298
   0.04122
  -0.02119
  -0.00822
   0.03399
  -0.04470
   0.03561
  -0.01073
  -0.01890
   0.04015
  -0.04362
   0.02776
   0.00040
  -0.02838
   0.04379
  -0.03979
   0.01817
   0.01151
  -0.03609
   0.04467
  -0.03347
   0.00743
   0.02189
  -0.04152
   0.04275
  -0.02504
  -0.00377
   0.03090
  -0.04435
   0.03814
  -0.01504
  -0.01473
   0.03797
  -0.04439
   0.03114
  -0.00409
  -0.02477
   0.04265
  -0.04164
   0.02218
   0.00711
  -0.03325
   0.04466
  -0.03627
   0.01182
   0.01787
  -0.03964
   0.04385
  -0.02863
   0.00072
   0.02750
  -0.04355
   0.04029
  -0.01919
  -0.01042
   0.03541
  -0.04471
   0.03420
  -0.00854
  -0.02091
   0.04109
  -0.04307
   0.02596
   0.00265
  -0.03008
   0.04419
  -0.03872
   0.01609
   0.01367
  -0.03737
   0.04451
  -0.03193
   0.00521
   0.02383
  -0.04230
   0.04204
  -0.02314
  -0.00600
   0.03249
  -0.04458
   0.03692
  -0.01290
  -0.01683
   0.03911
  -0.04406
   0.02948
  -0.00185
  -0.02661
   0.04328
  -0.04077
   0.02020
   0.00932
  -0.03471
   0.04472
  -0.03491
   0.00964
   0.01991
  -0.04063
   0.04336
  -0.02687
  -0.00152
   0.02924
  -0.04400
   0.03927
  -0.01713
  -0.01259
   0.03674
  -0.04461
   0.03271
  -0.00632
  -0.02287
   0.04193
  -0.04241
   0.02410
   0.00489
  -0.03171
   0.04448
  -0.03754
   0.01397
   0.01579
  -0.03855
   0.04424
  -0.03032
   0.00297
   0.02570
  -0.04298
   0.04122
  -0.02119
  -0.00822
   0.03399
  -0.04470
   0.03561
  -0.01073
  -0.01890
   0.04015
  -0.04362
   0.02776
   0.00040
  -0.02838
   0.04379
  -0.03979
   0.01817
   0.01151
  -0.03609
   0.04467
  -0.03347
   0.00743
   0.02189
  -0.04152
   0.04275
  -0.02504
  -0.00377
   0.03090
  -0.04435
   0.03814
  -0.01504
  -0.01473
   0.03797
  -0.04439
   0.03114
  -0.00409
  -0.02477
   0.04265
  -0.04164
   0.02218
   0.00711
  -0.03325
   0.04466
  -0.03627
   0.01182
   0.01787
  -0.03964
   0.04385
  -0.02863
   0.00072
   0.02750
  -0.04355
   0.04029
  -0.01919
  -0.01042
   0.03541
  -0.04471
   0.03420
  -0.00854
  -0.02091
   0.04109
  -0.04307
   0.02596
   0.00265
  -0.03008
   0.04419
  -0.03872
   0.01609
   0.01367
  -0.03737
   0.04451
  -0.03193
   0.00521
   0.02383
  -0.04230
   0.04204
  -0.02314
  -0.00600
   0.03249
  -0.04458
   0.03692
  -0.01290
  -0.01683
   0.03911
  -0.04406
   0.02948
  -0.00185
  -0.02661
   0.04328
  -0.04077
   0.02020
   0.00932
  -0.03471
   0.04472
  -0.03491
   0.00964
   0.01991
  -0.04063
   0.04336
  -0.02687
  -0.00152
   0.02924
  -0.04400
   0.03927
  -0.01713
  -0.01259
   0.03674
  -0.04461
   0.03271
  -0.00632
  -0.02287
   0.04193
  -0.04241
   0.02410
   0.00489
  -0.03171
   0.04448
  -0.03754
   0.01397
   0.01579
  -0.03855
   0.04424
  -0.03032
   0.00297
   0.02570
  -0.04298
   0.04122
  -0.02119
  -0.00822
   0.03399
  -0.04470
   0.03561
  -0.01073
  -0.01890
   0.04015
  -0.04362
   0.02776
   0.00040
  -0.02838
   0.04379
  -0.03979
   0.01817
   0.01151
  -0.03609
   0.04467
  -0.03347
   0.00743
   0.02189
  -0.04152
   0.04275
  -0.02504
  -0.00377
   0.03090
  -0.04435
   0.03814
  -0.01504
  -0.01473
   0.03797
  -0.04439
   0.03114
  -0.00409
  -0.02477
   0.04265
  -0.04164
   0.02218
   0.00711
  -0.03325
   0.04466
  -0.03627
   0.01182
   0.01787
  -0.03964
   0.04385
  -0.02863
   0.00072
   0.02750
  -0.04355
   0.04029
  -0.01919
  -0.01042
   0.03541
  -0.04471
   0.03420
  -0.00854
  -0.02091
   0.04109
  -0.04307
   0.02596
   0.00265
  -0.03008
   0.04419
  -0.03872
   0.01609
   0.01367
  -0.03737
   0.04451
  -0.03193
   0.00521
   0.02383
  -0.04230
   0.04204
  -0.02314
  -0.00600
   0.03249
  -0.04458
   0.03692
  -0.01290
  -0.01683
   0.03911
  -0.04406
   0.02948
  -0.00185
  -0.02661
   0.04328
  -0.04077
   0.02020
   0.00932
  -0.03471
   0.04472
  -0.03491
   0.00964
   0.01991
  -0.04063
   0.04336
  -0.02687
  -0.00152
   0.02924
  -0.04400
   0.03927
  -0.01713
  -0.01259
   0.03674
  -0.04461
   0.03271
  -0.00632
  -0.02287
   0.04193
  -0.04241
   0.02410
   0.00489
  -0.03171
   0.04448
  -0.03754
   0.01397
   0.01579
  -0.03855
   0.04424
  -0.03032
   0.00297
   0.02570
  -0.04298
   0.04122
  -0.02119
  -0.00822
   0.03399
  -0.04470
   0.03561
  -0.01073
  -0.01890
   0.04015
  -0.04362
   0.02776
   0.00040
  -0.02838
   0.04379
  -0.03979
   0.01817
   0.01151
  -0.03609
   0.04467
  -0.03347
   0.00743
   0.02189
  -0.04152
   0.04275
  -0.02504
  -0.00377
   0.03090
  -0.04435
   0.03814
  -0.01504
  -0.01473
   0.03797
  -0.04439
   0.03114
  -0.00409
  -0.02477
   0.04265
  -0.04164
   0.02218
   0.00711
  -0.03325
   0.04466
  -0.03627
   0.01182
   0.01787
  -0.03964
   0.04385
  -0.02863
   0.00072
   0.02750
  -0.04355
   0.04029
  -0.01919
  -0.01042
   0.03541
  -0.04471
   0.03420
  -0.00854
  -0.02091
   0.04109
  -0.04307
   0.02596
   0.00265
  -0.03008
   0.04419
  -0.03872
   0.01609
   0.01367
  -0.03737
   0.04451
  -0.03193
   0.00521
   0.02383
  -0.04230
   0.04204
  -0.02314
  -0.00600
   0.03249
  -0.04458
   0.03692
  -0.01290
  -0.01683
   0.03911
  -0.04406
   0.02948
  -0.00185
  -0.02661
   0.04328
  -0.04077
   0.02020
   0.00932
  -0.03471
   0.04472
  -0.03491
   0.00964
   0.01991
  -0.04063
   0.04336
  -0.02687
  -0.00152
   0.02924
  -0.04400
   0.03927
  -0.01713
  -0.01259
   0.03674
  -0.04461
   0.03271
  -0.00632
  -0.02287
   0.04193
  -0.04241
   0.02410
   0.00489
  -0.03171
   0.04448
  -0.03754
   0.01397
   0.01579
  -0.03855
   0.04424
  -0.03032
   0.00297
   0.02570
  -0.04298
   0.04122
  -0.02119
  -0.00822
   0.03399
  -0.04470
   0.03561
  -0.01073
  -0.01890
   0.04015
  -0.04362
   0.02776
   0.00040
  -0.02838
   0.04379
  -0.03979
   0.01817
   0.01151
  -0.03609
   0.04467
  -0.03347
   0.00743
   0.02189
  -0.04152
   0.04275
  -0.02504
  -0.00377
   0.03090
  -0.04435
   0.03814
  -0.01504
  -0.01473
   0.03797
  -0.04439
   0.03114
  -0.00409
  -0.02477
   0.04265
  -0.04164
   0.02218
   0.00711
  -0.03325
   0.04466
  -0.03627
   0.01182
   0.01787
  -0.03964
   0.04385
  -0.02863
   0.00072
   0.02750
  -0.04355
   0.04029
  -0.01919
  -0.01042
   0.03541
  -0.04471
   0.03420
  -0.00854
  -0.02091
   0.04109
  -0.04307
   0.02596
   0.00265
  -0.03008
   0.04419
  -0.03872
   0.01609
   0.01367
  -0.03737
   0.04451
  -0.03193
   0.00521
   0.02383
  -0.04230
   0.04204
  -0.02314
  -0.00600
   0.03249
  -0.04458
   0.03692
  -0.01290
  -0.01683
   0.03911
  -0.04406
   0.02948
  -0.00185
  -0.02661
   0.04328
  -0.04077
   0.02020
   0.00932
  -0.03471
   0.04472
  -0.03491
   0.00964
   0.01991
  -0.04063
   0.04336
  -0.02687
  -0.00152
   0.02924
  -0.04400
   0.03927
  -0.01713
  -0.01259
   0.03674
  -0.04461
   0.03271
  -0.00632
  -0.02287
   0.04193
  -0.04241
   0.02410
   0.00489
  -0.03171
   0.04448
  -0.03754
   0.01397
   0.01579
  -0.03855
   0.04424
  -0.03032
   0.00297
   0.02570
  -0.04298
   0.04122
  -0.02119
  -0.00822
   0.03399
  -0.04470
   0.03561
  -0.01073
  -0.01890
   0.04015
  -0.04362
   0.02776
   0.00040
  -0.02838
   0.04379
  -0.03979
   0.01817
   0.01151
  -0.03609
   0.04467
  -0.03347
   0.00743
   0.02189
  -0.04152
   0.04275
  -0.02504
  -0.00377
   0.03090
  -0.04435
   0.03814
  -0.01504
  -0.01473
   0.03797
  -0.04439
   0.03114
  -0.00409
  -0.02477
   0.04265
  -0.04164
   0.02218
   0.00711
  -0.03325
   0.04466
  -0.03627
   0.01182
   0.01787
  -0.03964
   0.04385
  -0.02863
   0.00072
   0.02750
  -0.04355
   0.04029
  -0.01919
  -0.01042
   0.03541
  -0.04471
   0.03420
  -0.00854
  -0.02091
   0.04109
  -0.04307
   0.02596
   0.00265
  -0.03008
   0.04419
  -0.03872
   0.01609
   0.01367
  -0.03737
   0.04451
  -0.03193
   0.00521
   0.02383
  -0.04230
   0.04204
  -0.02314
  -0.00600
   0.03249
  -0.04458
   0.03692
  -0.01290
  -0.01683
   0.03911
  -0.04406
   0.02948
  -0.00185
  -0.02661
   0.04328
  -0.04077
   0.02020
   0.00932
  -0.03471
   0.04472
  -0.03491
   0.00964
   0.01991
  -0.04063
   0.04336
  -0.02687
  -0.00152
   0.02924
  -0.04400
   0.03927
  -0.01713
  -0.01259
   0.03674
  -0.04461
   0.03271
  -0.00632
  -0.02287
   0.04193
  -0.04241
   0.02410
   0.00489
  -0.03171
   0.04448
  -0.03754
   0.01397
   0.01579
  -0.03855
   0.04424
  -0.03032
   0.00297
   0.02570
  -0.04298
   0.04122
  -0.02119
  -0.00822
   0.03399
  -0.04470
   0.03561
  -0.01073
  -0.01890
   0.04015
  -0.04362
   0.02776
   0.00040
  -0.02838
   0.04379
  -0.03979
   0.01817
   0.01151
  -0.03609
   0.04467
  -0.03347
   0.00743
   0.02189
  -0.04152
   0.04275
  -0.02504
  -0.00377
   0.03090
  -0.04435
   0.03814
  -0.01504
  -0.01473
   0.03797
  -0.04439
   0.03114
  -0.00409
  -0.02477
   0.04265
  -0.04164
   0.02218
   0.00711
  -0.03325
   0.04466
  -0.03627
   0.01182
   0.01787
  -0.03964
   0.04385
  -0.02863
   0.00072
   0.02750
  -0.04355
   0.04029
  -0.01919
  -0.01042
   0.03541
  -0.04471
   0.03420
  -0.00854
  -0.02091
   0.04109
  -0.04307
   0.02596
   0.00265
  -0.03008
   0.04419
  -0.03872
   0.01609
   0.01367
  -0.03737
   0.04451
  -0.03193
   0.00521
   0.02383
  -0.04230
   0.04204
  -0.02314
  -0.00600
   0.03249
  -0.04458
   0.03692
  -0.01290
  -0.01683
   0.03911
  -0.04406
   0.02948
  -0.00185
  -0.02661
   0.04328
  -0.04077
   0.02020
   0.00932
  -0.03471
   0.04472
  -0.03491
   0.00964
   0.01991
  -0.04063
   0.04336
  -0.02687
  -0.00152
   0.02924
  -0.04400
   0.03927
  -0.01713
  -0.01259
   0.03674
  -0.04461
   0.03271
  -0.00632
  -0.02287
   0.04193
  -0.04241
   0.02410
   0.00489
  -0.03171
   0.04448
  -0.03754
   0.01397
   0.01579
  -0.03855
   0.04424
  -0.03032
   0.00297
   0.02570
  -0.04298
   0.04122
  -0.02119
  -0.00822
   0.03399
  -0.04470
   0.03561
  -0.01073
  -0.01890
   0.04015
