   0.04443
   0.04358
   0.04217
   0.04022
   0.03775
   0.03481
   0.03141
   0.02762
   0.02348
   0.01903
   0.01434
   0.00947
   0.00448
  -0.00057
  -0.00562
  -0.01059
  -0.01542
  -0.02006
  -0.02445
  -0.02852
  -0.03222
  -0.03552
  -0.03836
  -0.04071
  -0.04254
  -0.04382
  -0.04455
  -0.04471
  -0.04429
  -0.04331
  -0.04178
  -0.03971
  -0.03714
  -0.03409
  -0.03060
  -0.02673
  -0.02251
  -0.01801
  -0.01327
  -0.00837
  -0.00336
   0.00170
   0.00673
   0.01168
   0.01647
   0.02106
   0.02538
   0.02937
   0.03299
   0.03619
   0.03892
   0.04116
   0.04287
   0.04403
   0.04463
   0.04466
   0.04412
   0.04302
   0.04137
   0.03918
   0.03650
   0.03335
   0.02978
   0.02582
   0.02153
   0.01697
   0.01219
   0.00726
   0.00223
  -0.00282
  -0.00784
  -0.01276
  -0.01751
  -0.02205
  -0.02630
  -0.03021
  -0.03374
  -0.03684
  -0.03946
  -0.04159
  -0.04318
  -0.04422
  -0.04469
  -0.04459
  -0.04393
  -0.04270
  -0.04093
  -0.03863
  -0.03584
  -0.03259
  -0.02893
  -0.02489
  -0.02054
  -0.01593
  -0.01111
  -0.00615
  -0.00111
   0.00394
   0.00894
   0.01383
   0.01854
   0.02302
   0.02720
   0.03103
   0.03447
   0.03746
   0.03998
   0.04199
   0.04346
   0.04437
   0.04472
   0.04449
   0.04370
   0.04235
   0.04046
   0.03805
   0.03516
   0.03181
   0.02806
   0.02395
   0.01954
   0.01487
   0.01002
   0.00503
  -0.00001
  -0.00506
  -0.01004
  -0.01490
  -0.01956
  -0.02397
  -0.02808
  -0.03183
  -0.03517
  -0.03806
  -0.04047
  -0.04236
  -0.04371
  -0.04450
  -0.04472
  -0.04437
  -0.04345
  -0.04198
  -0.03997
  -0.03745
  -0.03445
  -0.03101
  -0.02718
  -0.02300
  -0.01852
  -0.01381
  -0.00892
  -0.00392
   0.00114
   0.00617
   0.01113
   0.01595
   0.02056
   0.02491
   0.02895
   0.03261
   0.03585
   0.03864
   0.04094
   0.04271
   0.04393
   0.04460
   0.04469
   0.04421
   0.04317
   0.04158
   0.03945
   0.03682
   0.03372
   0.03019
   0.02628
   0.02202
   0.01749
   0.01273
   0.00781
   0.00280
  -0.00226
  -0.00729
  -0.01222
  -0.01700
  -0.02156
  -0.02584
  -0.02979
  -0.03337
  -0.03652
  -0.03920
  -0.04138
  -0.04303
  -0.04413
  -0.04467
  -0.04463
  -0.04403
  -0.04286
  -0.04115
  -0.03891
  -0.03617
  -0.03297
  -0.02935
  -0.02536
  -0.02104
  -0.01645
  -0.01165
  -0.00671
  -0.00167
   0.00338
   0.00839
   0.01330
   0.01803
   0.02253
   0.02675
   0.03062
   0.03411
   0.03715
   0.03972
   0.04179
   0.04332
   0.04430
   0.04471
   0.04455
   0.04382
   0.04253
   0.04070
   0.03834
   0.03550
   0.03220
   0.02850
   0.02442
   0.02004
   0.01540
   0.01056
   0.00559
   0.00055
  -0.00450
  -0.00949
  -0.01437
  -0.01905
  -0.02350
  -0.02764
  -0.03143
  -0.03482
  -0.03777
  -0.04023
  -0.04218
  -0.04359
  -0.04444
  -0.04472
  -0.04443
  -0.04358
  -0.04217
  -0.04022
  -0.03775
  -0.03481
  -0.03141
  -0.02762
  -0.02348
  -0.01903
  -0.01434
  -0.00947
  -0.00448
   0.00057
   0.00562
   0.01059
   0.01542
   0.02006
   0.02445
   0.02852
   0.03222
   0.03552
   0.03836
   0.04071
   0.04254
   0.04382
   0.04455
   0.04471
   0.04429
   0.04331
   0.04178
   0.03971
   0.03714
   0.03409
   0.03060
   0.02673
   0.02251
   0.01801
   0.01327
   0.00837
   0.00336
  -0.00170
  -0.00673
  -0.01168
  -0.01647
  -0.02106
  -0.02538
  -0.02937
  -0.03299
  -0.03619
  -0.03892
  -0.04116
  -0.04287
  -0.04403
  -0.04463
  -0.04466
  -0.04412
  -0.04302
  -0.04137
  -0.03918
  -0.03650
  -0.03335
  -0.02978
  -0.02582
  -0.02153
  -0.01697
  -0.01219
  -0.00726
  -0.00223
   0.00282
   0.00784
   0.01276
   0.01751
   0.02205
   0.02630
   0.03021
   0.03374
   0.03684
   0.03946
   0.04159
   0.04318
   0.04422
   0.04469
   0.04459
   0.04393
   0.04270
   0.04093
   0.03863
   0.03584
   0.03259
   0.02893
   0.02489
   0.02054
   0.01593
   0.01111
   0.00615
   0.00111
  -0.00394
  -0.00894
  -0.01383
  -0.01854
  -0.02302
  -0.02720
  -0.03103
  -0.03447
  -0.03746
  -0.03998
  -0.04199
  -0.04346
  -0.04437
  -0.04472
  -0.04449
  -0.04370
  -0.04235
  -0.04046
  -0.03805
  -0.03516
  -0.03181
  -0.02806
  -0.02395
  -0.01954
  -0.01487
  -0.01002
  -0.00503
   0.00001
   0.00506
   0.01004
   0.01490
   0.01956
   0.02397
   0.02808
   0.03183
   0.03517
   0.03806
   0.04047
   0.04236
   0.04371
   0.04450
   0.04472
   0.04437
   0.04345
   0.04198
   0.03997
   0.03745
   0.03445
   0.03101
   0.02718
   0.02300
   0.01852
   0.01381
   0.00892
   0.00392
  -0.00114
  -0.00617
  -0.01113
  -0.01595
  -0.02056
  -0.02491
  -0.02895
  -0.03261
  -0.03585
  -0.03864
  -0.04094
  -0.04271
  -0.04393
  -0.04460
  -0.04469
  -0.04421
  -0.04317
  -0.04158
  -0.03945
  -0.03682
  -0.03372
  -0.03019
  -0.02628
  -0.02202
  -0.01749
  -0.01273
  -0.00781
  -0.00280
   0.00226
   0.00729
   0.01222
   0.01700
   0.02156
   0.02584
   0.02979
   0.03337
   0.03652
   0.03920
   0.04138
   0.04303
   0.04413
   0.04467
   0.04463
   0.04403
   0.04286
   0.04115
   0.03891
   0.03617
   0.03297
   0.02935
   0.02536
   0.02104
   0.01645
   0.01165
   0.00671
   0.00167
  -0.00338
  -0.00839
  -0.01330
  -0.01803
  -0.02253
  -0.02675
  -0.03062
  -0.03411
  -0.03715
  -0.03972
  -0.04179
  -0.04332
  -0.04430
  -0.04471
  -0.04455
  -0.04382
  -0.04253
  -0.04070
  -0.03834
  -0.03550
  -0.03220
  -0.02850
  -0.02442
  -0.02004
  -0.01540
  -0.01056
  -0.00559
  -0.00055
   0.00450
   0.00949
   0.01437
   0.01905
   0.02350
   0.02764
   0.03143
   0.03482
   0.03777
   0.04023
   0.04218
   0.04359
   0.04444
   0.04472
   0.04443
   0.04358
   0.04217
   0.04022
   0.03775
   0.03481
   0.03141
   0.02762
   0.02348
   0.01903
   0.01434
   0.00947
   0.00448
  -0.00057
  -0.00562
  -0.01059
  -0.01542
  -0.02006
  -0.02445
  -0.02852
  -0.03222
  -0.03552
  -0.03836
  -0.04071
  -0.04254
  -0.04382
  -0.04455
  -0.04471
  -0.04429
  -0.04331
  -0.04178
  -0.03971
  -0.03714
  -0.03409
  -0.03060
  -0.02673
  -0.02251
  -0.01801
  -0.01327
  -0.00837
  -0.00336
   0.00170
   0.00673
   0.01168
   0.01647
   0.02106
   0.02538
   0.02937
   0.03299
   0.03619
   0.03892
   0.04116
   0.04287
   0.04403
   0.04463
   0.04466
   0.04412
   0.04302
   0.04137
   0.03918
   0.03650
   0.03335
   0.02978
   0.02582
   0.02153
   0.01697
   0.01219
   0.00726
   0.00223
  -0.00282
  -0.00784
  -0.01276
  -0.01751
  -0.02205
  -0.02630
  -0.03021
  -0.03374
  -0.03684
  -0.03946
  -0.04159
  -0.04318
  -0.04422
  -0.04469
  -0.04459
  -0.04393
  -0.04270
  -0.04093
  -0.03863
  -0.03584
  -0.03259
  -0.02893
  -0.02489
  -0.02054
  -0.01593
  -0.01111
  -0.00615
  -0.00111
   0.00394
   0.00894
   0.01383
   0.01854
   0.02302
   0.02720
   0.03103
   0.03447
   0.03746
   0.03998
   0.04199
   0.04346
   0.04437
   0.04472
   0.04449
   0.04370
   0.04235
   0.04046
   0.03805
   0.03516
   0.03181
   0.02806
   0.02395
   0.01954
   0.01487
   0.01002
   0.00503
  -0.00001
  -0.00506
  -0.01004
  -0.01490
  -0.01956
  -0.02397
  -0.02808
  -0.03183
  -0.03517
  -0.03806
  -0.04047
  -0.04236
  -0.04371
  -0.04450
  -0.04472
  -0.04437
  -0.04345
  -0.04198
  -0.03997
  -0.03745
  -0.03445
  -0.03101
  -0.02718
  -0.02300
  -0.01852
  -0.01381
  -0.00892
  -0.00392
   0.00114
   0.00617
   0.01113
   0.01595
   0.02056
   0.02491
   0.02895
   0.03261
   0.03585
   0.03864
   0.04094
   0.04271
   0.04393
   0.04460
   0.04469
   0.04421
   0.04317
   0.04158
   0.03945
   0.03682
   0.03372
   0.03019
   0.02628
   0.02202
   0.01749
   0.01273
   0.00781
   0.00280
  -0.00226
  -0.00729
  -0.01222
  -0.01700
  -0.02156
  -0.02584
  -0.02979
  -0.03337
  -0.03652
  -0.03920
  -0.04138
  -0.04303
  -0.04413
  -0.04467
  -0.04463
  -0.04403
  -0.04286
  -0.04115
  -0.03891
  -0.03617
  -0.03297
  -0.02935
  -0.02536
  -0.02104
  -0.01645
  -0.01165
  -0.00671
  -0.00167
   0.00338
   0.00839
   0.01330
   0.01803
   0.02253
   0.02675
   0.03062
   0.03411
   0.03715
   0.03972
   0.04179
   0.04332
   0.04430
   0.04471
   0.04455
   0.04382
   0.04253
   0.04070
   0.03834
   0.03550
   0.03220
   0.02850
   0.02442
   0.02004
   0.01540
   0.01056
   0.00559
   0.00055
  -0.00450
  -0.00949
  -0.01437
  -0.01905
  -0.02350
  -0.02764
  -0.03143
  -0.03482
  -0.03777
  -0.04023
  -0.04218
  -0.04359
  -0.04444
  -0.04472
  -0.04443
  -0.04358
  -0.04217
  -0.04022
  -0.03775
  -0.03481
  -0.03141
  -0.02762
  -0.02348
  -0.01903
  -0.01434
  -0.00947
  -0.00448
   0.00057
   0.00562
   0.01059
   0.01542
   0.02006
   0.02445
   0.02852
   0.03222
   0.03552
   0.03836
   0.04071
   0.04254
   0.04382
   0.04455
   0.04471
   0.04429
   0.04331
   0.04178
   0.03971
   0.03714
   0.03409
   0.03060
   0.02673
   0.02251
   0.01801
   0.01327
   0.00837
   0.00336
  -0.00170
  -0.00673
  -0.01168
  -0.01647
  -0.02106
  -0.02538
  -0.02937
  -0.03299
  -0.03619
  -0.03892
  -0.04116
  -0.04287
  -0.04403
  -0.04463
  -0.04466
  -0.04412
  -0.04302
  -0.04137
  -0.03918
  -0.03650
  -0.03335
  -0.02978
  -0.02582
  -0.02153
  -0.01697
  -0.01219
  -0.00726
  -0.00223
   0.00282
   0.00784
   0.01276
   0.01751
   0.02205
   0.02630
   0.03021
   0.03374
   0.03684
   0.03946
   0.04159
   0.04318
   0.04422
   0.04469
   0.04459
   0.04393
   0.04270
   0.04093
   0.03863
   0.03584
   0.03259
   0.02893
   0.02489
   0.02054
   0.01593
   0.01111
   0.00615
   0.00111
  -0.00394
  -0.00894
  -0.01383
  -0.01854
  -0.02302
  -0.02720
  -0.03103
  -0.03447
  -0.03746
  -0.03998
  -0.04199
  -0.04346
  -0.04437
  -0.04472
  -0.04449
  -0.04370
  -0.04235
  -0.04046
  -0.03805
  -0.03516
  -0.03181
  -0.02806
  -0.02395
  -0.01954
  -0.01487
  -0.01002
  -0.00503
   0.00001
   0.00506
   0.01004
   0.01490
   0.01956
   0.02397
   0.02808
   0.03183
   0.03517
   0.03806
   0.04047
   0.04236
   0.04371
   0.04450
   0.04472
   0.04437
   0.04345
   0.04198
   0.03997
   0.03745
   0.03445
   0.03101
   0.02718
   0.02300
   0.01852
   0.01381
   0.00892
   0.00392
  -0.00114
  -0.00617
  -0.01113
  -0.01595
  -0.02056
  -0.02491
  -0.02895
  -0.03261
  -0.03585
  -0.03864
  -0.04094
  -0.04271
  -0.04393
  -0.04460
  -0.04469
  -0.04421
  -0.04317
  -0.04158
  -0.03945
  -0.03682
  -0.03372
  -0.03019
  -0.02628
  -0.02202
  -0.01749
  -0.01273
  -0.00781
  -0.00280
   0.00226
   0.00729
   0.01222
   0.01700
   0.02156
   0.02584
   0.02979
   0.03337
   0.03652
   0.03920
   0.04138
   0.04303
   0.04413
   0.04467
   0.04463
   0.04403
   0.04286
   0.04115
   0.03891
   0.03617
   0.03297
   0.02935
   0.02536
   0.02104
   0.01645
   0.01165
   0.00671
   0.00167
  -0.00338
  -0.00839
  -0.01330
  -0.01803
  -0.02253
  -0.02675
  -0.03062
  -0.03411
  -0.03715
  -0.03972
  -0.04179
  -0.04332
  -0.04430
  -0.04471
  -0.04455
  -0.04382
  -0.04253
  -0.04070
  -0.03834
  -0.03550
  -0.03220
  -0.02850
  -0.02442
  -0.02004
  -0.01540
  -0.01056
  -0.00559
  -0.00055
   0.00450
   0.00949
   0.01437
   0.01905
   0.02350
   0.02764
   0.03143
   0.03482
   0.03777
   0.04023
   0.04218
   0.04359
   0.04444
   0.04472
