  -0.01584
  -0.02970
  -0.03967
  -0.04442
  -0.04334
  -0.03657
  -0.02499
  -0.01014
   0.00605
   0.02145
   0.03403
   0.04214
   0.04471
   0.04141
   0.03267
   0.01965
   0.00404
  -0.01210
  -0.02665
  -0.03770
  -0.04380
  -0.04414
  -0.03869
  -0.02816
  -0.01392
   0.00214
   0.01792
   0.03135
   0.04066
   0.04463
   0.04274
   0.03523
   0.02310
   0.00793
  -0.00827
  -0.02339
  -0.03544
  -0.04284
  -0.04460
  -0.04051
  -0.03110
  -0.01760
  -0.00179
   0.01425
   0.02842
   0.03886
   0.04420
   0.04373
   0.03751
   0.02637
   0.01177
  -0.00438
  -0.01995
  -0.03291
  -0.04154
  -0.04472
  -0.04202
  -0.03380
  -0.02115
  -0.00571
   0.01047
   0.02528
   0.03677
   0.04343
   0.04438
   0.03951
   0.02945
   0.01551
  -0.00045
  -0.01636
  -0.03012
  -0.03992
  -0.04448
  -0.04320
  -0.03624
  -0.02453
  -0.00959
   0.00661
   0.02194
   0.03439
   0.04232
   0.04469
   0.04120
   0.03229
   0.01914
   0.00348
  -0.01264
  -0.02710
  -0.03800
  -0.04391
  -0.04405
  -0.03841
  -0.02772
  -0.01339
   0.00270
   0.01843
   0.03174
   0.04089
   0.04466
   0.04257
   0.03488
   0.02262
   0.00738
  -0.00882
  -0.02387
  -0.03578
  -0.04299
  -0.04456
  -0.04027
  -0.03069
  -0.01708
  -0.00123
   0.01478
   0.02885
   0.03914
   0.04428
   0.04361
   0.03721
   0.02592
   0.01123
  -0.00494
  -0.02046
  -0.03329
  -0.04175
  -0.04472
  -0.04182
  -0.03343
  -0.02065
  -0.00516
   0.01102
   0.02574
   0.03708
   0.04356
   0.04431
   0.03924
   0.02902
   0.01499
  -0.00102
  -0.01688
  -0.03053
  -0.04017
  -0.04454
  -0.04305
  -0.03591
  -0.02405
  -0.00904
   0.00717
   0.02243
   0.03475
   0.04250
   0.04467
   0.04097
   0.03190
   0.01863
   0.00292
  -0.01318
  -0.02755
  -0.03829
  -0.04401
  -0.04395
  -0.03811
  -0.02727
  -0.01285
   0.00326
   0.01894
   0.03214
   0.04111
   0.04469
   0.04239
   0.03453
   0.02213
   0.00683
  -0.00937
  -0.02434
  -0.03612
  -0.04314
  -0.04451
  -0.04002
  -0.03028
  -0.01656
  -0.00067
   0.01531
   0.02928
   0.03941
   0.04435
   0.04348
   0.03689
   0.02546
   0.01068
  -0.00550
  -0.02095
  -0.03366
  -0.04194
  -0.04472
  -0.04162
  -0.03306
  -0.02015
  -0.00460
   0.01156
   0.02620
   0.03740
   0.04368
   0.04423
   0.03897
   0.02859
   0.01446
  -0.00158
  -0.01740
  -0.03094
  -0.04042
  -0.04459
  -0.04290
  -0.03557
  -0.02358
  -0.00849
   0.00772
   0.02291
   0.03510
   0.04267
   0.04464
   0.04075
   0.03150
   0.01812
   0.00236
  -0.01372
  -0.02799
  -0.03858
  -0.04411
  -0.04384
  -0.03782
  -0.02683
  -0.01231
   0.00382
   0.01945
   0.03253
   0.04133
   0.04470
   0.04221
   0.03417
   0.02164
   0.00627
  -0.00992
  -0.02481
  -0.03644
  -0.04329
  -0.04445
  -0.03977
  -0.02987
  -0.01604
  -0.00011
   0.01584
   0.02970
   0.03967
   0.04442
   0.04334
   0.03657
   0.02499
   0.01014
  -0.00605
  -0.02145
  -0.03403
  -0.04214
  -0.04471
  -0.04141
  -0.03267
  -0.01965
  -0.00404
   0.01210
   0.02665
   0.03770
   0.04380
   0.04414
   0.03869
   0.02816
   0.01392
  -0.00214
  -0.01792
  -0.03135
  -0.04066
  -0.04463
  -0.04274
  -0.03523
  -0.02310
  -0.00793
   0.00827
   0.02339
   0.03544
   0.04284
   0.04460
   0.04051
   0.03110
   0.01760
   0.00179
  -0.01425
  -0.02842
  -0.03886
  -0.04420
  -0.04373
  -0.03751
  -0.02637
  -0.01177
   0.00438
   0.01995
   0.03291
   0.04154
   0.04472
   0.04202
   0.03380
   0.02115
   0.00571
  -0.01047
  -0.02528
  -0.03677
  -0.04343
  -0.04438
  -0.03951
  -0.02945
  -0.01551
   0.00045
   0.01636
   0.03012
   0.03992
   0.04448
   0.04320
   0.03624
   0.02453
   0.00959
  -0.00661
  -0.02194
  -0.03439
  -0.04232
  -0.04469
  -0.04120
  -0.03229
  -0.01914
  -0.00348
   0.01264
   0.02710
   0.03800
   0.04391
   0.04405
   0.03841
   0.02772
   0.01339
  -0.00270
  -0.01843
  -0.03174
  -0.04089
  -0.04466
  -0.04257
  -0.03488
  -0.02262
  -0.00738
   0.00882
   0.02387
   0.03578
   0.04299
   0.04456
   0.04027
   0.03069
   0.01708
   0.00123
  -0.01478
  -0.02885
  -0.03914
  -0.04428
  -0.04361
  -0.03721
  -0.02592
  -0.01123
   0.00494
   0.02046
   0.03329
   0.04175
   0.04472
   0.04182
   0.03343
   0.02065
   0.00516
  -0.01102
  -0.02574
  -0.03708
  -0.04356
  -0.04431
  -0.03924
  -0.02902
  -0.01499
   0.00102
   0.01688
   0.03053
   0.04017
   0.04454
   0.04305
   0.03591
   0.02405
   0.00904
  -0.00717
  -0.02243
  -0.03475
  -0.04250
  -0.04467
  -0.04097
  -0.03190
  -0.01863
  -0.00292
   0.01318
   0.02755
   0.03829
   0.04401
   0.04395
   0.03811
   0.02727
   0.01285
  -0.00326
  -0.01894
  -0.03214
  -0.04111
  -0.04469
  -0.04239
  -0.03453
  -0.02213
  -0.00683
   0.00937
   0.02434
   0.03612
   0.04314
   0.04451
   0.04002
   0.03028
   0.01656
   0.00067
  -0.01531
  -0.02928
  -0.03941
  -0.04435
  -0.04348
  -0.03689
  -0.02546
  -0.01068
   0.00550
   0.02095
   0.03366
   0.04194
   0.04472
   0.04162
   0.03306
   0.02015
   0.00460
  -0.01156
  -0.02620
  -0.03740
  -0.04368
  -0.04423
  -0.03897
  -0.02859
  -0.01446
   0.00158
   0.01740
   0.03094
   0.04042
   0.04459
   0.04290
   0.03557
   0.02358
   0.00849
  -0.00772
  -0.02291
  -0.03510
  -0.04267
  -0.04464
  -0.04075
  -0.03150
  -0.01812
  -0.00236
   0.01372
   0.02799
   0.03858
   0.04411
   0.04384
   0.03782
   0.02683
   0.01231
  -0.00382
  -0.01945
  -0.03253
  -0.04133
  -0.04470
  -0.04221
  -0.03417
  -0.02164
  -0.00627
   0.00992
   0.02481
   0.03644
   0.04329
   0.04445
   0.03977
   0.02987
   0.01604
   0.00011
  -0.01584
  -0.02970
  -0.03967
  -0.04442
  -0.04334
  -0.03657
  -0.02499
  -0.01014
   0.00605
   0.02145
   0.03403
   0.04214
   0.04471
   0.04141
   0.03267
   0.01965
   0.00404
  -0.01210
  -0.02665
  -0.03770
  -0.04380
  -0.04414
  -0.03869
  -0.02816
  -0.01392
   0.00214
   0.01792
   0.03135
   0.04066
   0.04463
   0.04274
   0.03523
   0.02310
   0.00793
  -0.00827
  -0.02339
  -0.03544
  -0.04284
  -0.04460
  -0.04051
  -0.03110
  -0.01760
  -0.00179
   0.01425
   0.02842
   0.03886
   0.04420
   0.04373
   0.03751
   0.02637
   0.01177
  -0.00438
  -0.01995
  -0.03291
  -0.04154
  -0.04472
  -0.04202
  -0.03380
  -0.02115
  -0.00571
   0.01047
   0.02528
   0.03677
   0.04343
   0.04438
   0.03951
   0.02945
   0.01551
  -0.00045
  -0.01636
  -0.03012
  -0.03992
  -0.04448
  -0.04320
  -0.03624
  -0.02453
  -0.00959
   0.00661
   0.02194
   0.03439
   0.04232
   0.04469
   0.04120
   0.03229
   0.01914
   0.00348
  -0.01264
  -0.02710
  -0.03800
  -0.04391
  -0.04405
  -0.03841
  -0.02772
  -0.01339
   0.00270
   0.01843
   0.03174
   0.04089
   0.04466
   0.04257
   0.03488
   0.02262
   0.00738
  -0.00882
  -0.02387
  -0.03578
  -0.04299
  -0.04456
  -0.04027
  -0.03069
  -0.01708
  -0.00123
   0.01478
   0.02885
   0.03914
   0.04428
   0.04361
   0.03721
   0.02592
   0.01123
  -0.00494
  -0.02046
  -0.03329
  -0.04175
  -0.04472
  -0.04182
  -0.03343
  -0.02065
  -0.00516
   0.01102
   0.02574
   0.03708
   0.04356
   0.04431
   0.03924
   0.02902
   0.01499
  -0.00102
  -0.01688
  -0.03053
  -0.04017
  -0.04454
  -0.04305
  -0.03591
  -0.02405
  -0.00904
   0.00717
   0.02243
   0.03475
   0.04250
   0.04467
   0.04097
   0.03190
   0.01863
   0.00292
  -0.01318
  -0.02755
  -0.03829
  -0.04401
  -0.04395
  -0.03811
  -0.02727
  -0.01285
   0.00326
   0.01894
   0.03214
   0.04111
   0.04469
   0.04239
   0.03453
   0.02213
   0.00683
  -0.00937
  -0.02434
  -0.03612
  -0.04314
  -0.04451
  -0.04002
  -0.03028
  -0.01656
  -0.00067
   0.01531
   0.02928
   0.03941
   0.04435
   0.04348
   0.03689
   0.02546
   0.01068
  -0.00550
  -0.02095
  -0.03366
  -0.04194
  -0.04472
  -0.04162
  -0.03306
  -0.02015
  -0.00460
   0.01156
   0.02620
   0.03740
   0.04368
   0.04423
   0.03897
   0.02859
   0.01446
  -0.00158
  -0.01740
  -0.03094
  -0.04042
  -0.04459
  -0.04290
  -0.03557
  -0.02358
  -0.00849
   0.00772
   0.02291
   0.03510
   0.04267
   0.04464
   0.04075
   0.03150
   0.01812
   0.00236
  -0.01372
  -0.02799
  -0.03858
  -0.04411
  -0.04384
  -0.03782
  -0.02683
  -0.01231
   0.00382
   0.01945
   0.03253
   0.04133
   0.04470
   0.04221
   0.03417
   0.02164
   0.00627
  -0.00992
  -0.02481
  -0.03644
  -0.04329
  -0.04445
  -0.03977
  -0.02987
  -0.01604
  -0.00011
   0.01584
   0.02970
   0.03967
   0.04442
   0.04334
   0.03657
   0.02499
   0.01014
  -0.00605
  -0.02145
  -0.03403
  -0.04214
  -0.04471
  -0.04141
  -0.03267
  -0.01965
  -0.00404
   0.01210
   0.02665
   0.03770
   0.04380
   0.04414
   0.03869
   0.02816
   0.01392
  -0.00214
  -0.01792
  -0.03135
  -0.04066
  -0.04463
  -0.04274
  -0.03523
  -0.02310
  -0.00793
   0.00827
   0.02339
   0.03544
   0.04284
   0.04460
   0.04051
   0.03110
   0.01760
   0.00179
  -0.01425
  -0.02842
  -0.03886
  -0.04420
  -0.04373
  -0.03751
  -0.02637
  -0.01177
   0.00438
   0.01995
   0.03291
   0.04154
   0.04472
   0.04202
   0.03380
   0.02115
   0.00571
  -0.01047
  -0.02528
  -0.03677
  -0.04343
  -0.04438
  -0.03951
  -0.02945
  -0.01551
   0.00045
   0.01636
   0.03012
   0.03992
   0.04448
   0.04320
   0.03624
   0.02453
   0.00959
  -0.00661
  -0.02194
  -0.03439
  -0.04232
  -0.04469
  -0.04120
  -0.03229
  -0.01914
  -0.00348
   0.01264
   0.02710
   0.03800
   0.04391
   0.04405
   0.03841
   0.02772
   0.01339
  -0.00270
  -0.01843
  -0.03174
  -0.04089
  -0.04466
  -0.04257
  -0.03488
  -0.02262
  -0.00738
   0.00882
   0.02387
   0.03578
   0.04299
   0.04456
   0.04027
   0.03069
   0.01708
   0.00123
  -0.01478
  -0.02885
  -0.03914
  -0.04428
  -0.04361
  -0.03721
  -0.02592
  -0.01123
   0.00494
   0.02046
   0.03329
   0.04175
   0.04472
   0.04182
   0.03343
   0.02065
   0.00516
  -0.01102
  -0.02574
  -0.03708
  -0.04356
  -0.04431
  -0.03924
  -0.02902
  -0.01499
   0.00102
   0.01688
   0.03053
   0.04017
   0.04454
   0.04305
   0.03591
   0.02405
   0.00904
  -0.00717
  -0.02243
  -0.03475
  -0.04250
  -0.04467
  -0.04097
  -0.03190
  -0.01863
  -0.00292
   0.01318
   0.02755
   0.03829
   0.04401
   0.04395
   0.03811
   0.02727
   0.01285
  -0.00326
  -0.01894
  -0.03214
  -0.04111
  -0.04469
  -0.04239
  -0.03453
  -0.02213
  -0.00683
   0.00937
   0.02434
   0.03612
   0.04314
   0.04451
   0.04002
   0.03028
   0.01656
   0.00067
  -0.01531
  -0.02928
  -0.03941
  -0.04435
  -0.04348
  -0.03689
  -0.02546
  -0.01068
   0.00550
   0.02095
   0.03366
   0.04194
   0.04472
   0.04162
   0.03306
   0.02015
   0.00460
  -0.01156
  -0.02620
  -0.03740
  -0.04368
  -0.04423
  -0.03897
  -0.02859
  -0.01446
   0.00158
   0.01740
   0.03094
   0.04042
   0.04459
   0.04290
   0.03557
   0.02358
   0.00849
  -0.00772
  -0.02291
  -0.03510
  -0.04267
  -0.04464
  -0.04075
  -0.03150
  -0.01812
  -0.00236
   0.01372
   0.02799
   0.03858
   0.04411
   0.04384
   0.03782
   0.02683
   0.01231
  -0.00382
  -0.01945
  -0.03253
  -0.04133
  -0.04470
  -0.04221
  -0.03417
  -0.02164
  -0.00627
   0.00992
   0.02481
   0.03644
   0.04329
   0.04445
   0.03977
   0.02987
   0.01604
   0.00011
