   0.03120
  -0.04429
   0.03879
  -0.01702
  -0.01190
   0.03583
  -0.04471
   0.03484
  -0.01034
  -0.01850
   0.03957
  -0.04404
   0.03002
  -0.00341
  -0.02464
   0.04234
  -0.04228
   0.02447
   0.00361
  -0.03017
   0.04407
  -0.03947
   0.01831
   0.01054
  -0.03497
   0.04472
  -0.03570
   0.01170
   0.01721
  -0.03890
   0.04426
  -0.03105
   0.00480
   0.02346
  -0.04187
   0.04271
  -0.02563
  -0.00221
   0.02912
  -0.04381
   0.04012
  -0.01958
  -0.00917
   0.03407
  -0.04468
   0.03653
  -0.01305
  -0.01591
   0.03819
  -0.04444
   0.03204
  -0.00620
  -0.02225
   0.04136
  -0.04311
   0.02677
   0.00081
  -0.02804
   0.04351
  -0.04072
   0.02083
   0.00779
  -0.03315
   0.04459
  -0.03732
   0.01439
   0.01458
  -0.03744
   0.04458
  -0.03301
   0.00759
   0.02102
  -0.04080
   0.04346
  -0.02788
   0.00060
   0.02693
  -0.04316
   0.04128
  -0.02207
  -0.00640
   0.03219
  -0.04446
   0.03808
  -0.01571
  -0.01325
   0.03665
  -0.04467
   0.03394
  -0.00897
  -0.01977
   0.04021
  -0.04377
   0.02896
  -0.00200
  -0.02580
   0.04277
  -0.04180
   0.02328
   0.00501
  -0.03120
   0.04429
  -0.03879
   0.01702
   0.01190
  -0.03583
   0.04471
  -0.03484
   0.01034
   0.01850
  -0.03957
   0.04404
  -0.03002
   0.00341
   0.02464
  -0.04234
   0.04228
  -0.02447
  -0.00361
   0.03017
  -0.04407
   0.03947
  -0.01831
  -0.01054
   0.03497
  -0.04472
   0.03570
  -0.01170
  -0.01721
   0.03890
  -0.04426
   0.03105
  -0.00480
  -0.02346
   0.04187
  -0.04271
   0.02563
   0.00221
  -0.02912
   0.04381
  -0.04012
   0.01958
   0.00917
  -0.03407
   0.04468
  -0.03653
   0.01305
   0.01591
  -0.03819
   0.04444
  -0.03204
   0.00620
   0.02225
  -0.04136
   0.04311
  -0.02677
  -0.00081
   0.02804
  -0.04351
   0.04072
  -0.02083
  -0.00779
   0.03315
  -0.04459
   0.03732
  -0.01439
  -0.01458
   0.03744
  -0.04458
   0.03301
  -0.00759
  -0.02102
   0.04080
  -0.04346
   0.02788
  -0.00060
  -0.02693
   0.04316
  -0.04128
   0.02207
   0.00640
  -0.03219
   0.04446
  -0.03808
   0.01571
   0.01325
  -0.03665
   0.04467
  -0.03394
   0.00897
   0.01977
  -0.04021
   0.04377
  -0.02896
   0.00200
   0.02580
  -0.04277
   0.04180
  -0.02328
  -0.00501
   0.03120
  -0.04429
   0.03879
  -0.01702
  -0.01190
   0.03583
  -0.04471
   0.03484
  -0.01034
  -0.01850
   0.03957
  -0.04404
   0.03002
  -0.00341
  -0.02464
   0.04234
  -0.04228
   0.02447
   0.00361
  -0.03017
   0.04407
  -0.03947
   0.01831
   0.01054
  -0.03497
   0.04472
  -0.03570
   0.01170
   0.01721
  -0.03890
   0.04426
  -0.03105
   0.00480
   0.02346
  -0.04187
   0.04271
  -0.02563
  -0.00221
   0.02912
  -0.04381
   0.04012
  -0.01958
  -0.00917
   0.03407
  -0.04468
   0.03653
  -0.01305
  -0.01591
   0.03819
  -0.04444
   0.03204
  -0.00620
  -0.02225
   0.04136
  -0.04311
   0.02677
   0.00081
  -0.02804
   0.04351
  -0.04072
   0.02083
   0.00779
  -0.03315
   0.04459
  -0.03732
   0.01439
   0.01458
  -0.03744
   0.04458
  -0.03301
   0.00759
   0.02102
  -0.04080
   0.04346
  -0.02788
   0.00060
   0.02693
  -0.04316
   0.04128
  -0.02207
  -0.00640
   0.03219
  -0.04446
   0.03808
  -0.01571
  -0.01325
   0.03665
  -0.04467
   0.03394
  -0.00897
  -0.01977
   0.04021
  -0.04377
   0.02896
  -0.00200
  -0.02580
   0.04277
  -0.04180
   0.02328
   0.00501
  -0.03120
   0.04429
  -0.03879
   0.01702
   0.01190
  -0.03583
   0.04471
  -0.03484
   0.01034
   0.01850
  -0.03957
   0.04404
  -0.03002
   0.00341
   0.02464
  -0.04234
   0.04228
  -0.02447
  -0.00361
   0.03017
  -0.04407
   0.03947
  -0.01831
  -0.01054
   0.03497
  -0.04472
   0.03570
  -0.01170
  -0.01721
   0.03890
  -0.04426
   0.03105
  -0.00480
  -0.02346
   0.04187
  -0.04271
   0.02563
   0.00221
  -0.02912
   0.04381
  -0.04012
   0.01958
   0.00917
  -0.03407
   0.04468
  -0.03653
   0.01305
   0.01591
  -0.03819
   0.04444
  -0.03204
   0.00620
   0.02225
  -0.04136
   0.04311
  -0.02677
  -0.00081
   0.02804
  -0.04351
   0.04072
  -0.02083
  -0.00779
   0.03315
  -0.04459
   0.03732
  -0.01439
  -0.01458
   0.03744
  -0.04458
   0.03301
  -0.00759
  -0.02102
   0.04080
  -0.04346
   0.02788
  -0.00060
  -0.02693
   0.04316
  -0.04128
   0.02207
   0.00640
  -0.03219
   0.04446
  -0.03808
   0.01571
   0.01325
  -0.03665
   0.04467
  -0.03394
   0.00897
   0.01977
  -0.04021
   0.04377
  -0.02896
   0.00200
   0.02580
  -0.04277
   0.04180
  -0.02328
  -0.00501
   0.03120
  -0.04429
   0.03879
  -0.01702
  -0.01190
   0.03583
  -0.04471
   0.03484
  -0.01034
  -0.01850
   0.03957
  -0.04404
   0.03002
  -0.00341
  -0.02464
   0.04234
  -0.04228
   0.02447
   0.00361
  -0.03017
   0.04407
  -0.03947
   0.01831
   0.01054
  -0.03497
   0.04472
  -0.03570
   0.01170
   0.01721
  -0.03890
   0.04426
  -0.03105
   0.00480
   0.02346
  -0.04187
   0.04271
  -0.02563
  -0.00221
   0.02912
  -0.04381
   0.04012
  -0.01958
  -0.00917
   0.03407
  -0.04468
   0.03653
  -0.01305
  -0.01591
   0.03819
  -0.04444
   0.03204
  -0.00620
  -0.02225
   0.04136
  -0.04311
   0.02677
   0.00081
  -0.02804
   0.04351
  -0.04072
   0.02083
   0.00779
  -0.03315
   0.04459
  -0.03732
   0.01439
   0.01458
  -0.03744
   0.04458
  -0.03301
   0.00759
   0.02102
  -0.04080
   0.04346
  -0.02788
   0.00060
   0.02693
  -0.04316
   0.04128
  -0.02207
  -0.00640
   0.03219
  -0.04446
   0.03808
  -0.01571
  -0.01325
   0.03665
  -0.04467
   0.03394
  -0.00897
  -0.01977
   0.04021
  -0.04377
   0.02896
  -0.00200
  -0.02580
   0.04277
  -0.04180
   0.02328
   0.00501
  -0.03120
   0.04429
  -0.03879
   0.01702
   0.01190
  -0.03583
   0.04471
  -0.03484
   0.01034
   0.01850
  -0.03957
   0.04404
  -0.03002
   0.00341
   0.02464
  -0.04234
   0.04228
  -0.02447
  -0.00361
   0.03017
  -0.04407
   0.03947
  -0.01831
  -0.01054
   0.03497
  -0.04472
   0.03570
  -0.01170
  -0.01721
   0.03890
  -0.04426
   0.03105
  -0.00480
  -0.02346
   0.04187
  -0.04271
   0.02563
   0.00221
  -0.02912
   0.04381
  -0.04012
   0.01958
   0.00917
  -0.03407
   0.04468
  -0.03653
   0.01305
   0.01591
  -0.03819
   0.04444
  -0.03204
   0.00620
   0.02225
  -0.04136
   0.04311
  -0.02677
  -0.00081
   0.02804
  -0.04351
   0.04072
  -0.02083
  -0.00779
   0.03315
  -0.04459
   0.03732
  -0.01439
  -0.01458
   0.03744
  -0.04458
   0.03301
  -0.00759
  -0.02102
   0.04080
  -0.04346
   0.02788
  -0.00060
  -0.02693
   0.04316
  -0.04128
   0.02207
   0.00640
  -0.03219
   0.04446
  -0.03808
   0.01571
   0.01325
  -0.03665
   0.04467
  -0.03394
   0.00897
   0.01977
  -0.04021
   0.04377
  -0.02896
   0.00200
   0.02580
  -0.04277
   0.04180
  -0.02328
  -0.00501
   0.03120
  -0.04429
   0.03879
  -0.01702
  -0.01190
   0.03583
  -0.04471
   0.03484
  -0.01034
  -0.01850
   0.03957
  -0.04404
   0.03002
  -0.00341
  -0.02464
   0.04234
  -0.04228
   0.02447
   0.00361
  -0.03017
   0.04407
  -0.03947
   0.01831
   0.01054
  -0.03497
   0.04472
  -0.03570
   0.01170
   0.01721
  -0.03890
   0.04426
  -0.03105
   0.00480
   0.02346
  -0.04187
   0.04271
  -0.02563
  -0.00221
   0.02912
  -0.04381
   0.04012
  -0.01958
  -0.00917
   0.03407
  -0.04468
   0.03653
  -0.01305
  -0.01591
   0.03819
  -0.04444
   0.03204
  -0.00620
  -0.02225
   0.04136
  -0.04311
   0.02677
   0.00081
  -0.02804
   0.04351
  -0.04072
   0.02083
   0.00779
  -0.03315
   0.04459
  -0.03732
   0.01439
   0.01458
  -0.03744
   0.04458
  -0.03301
   0.00759
   0.02102
  -0.04080
   0.04346
  -0.02788
   0.00060
   0.02693
  -0.04316
   0.04128
  -0.02207
  -0.00640
   0.03219
  -0.04446
   0.03808
  -0.01571
  -0.01325
   0.03665
  -0.04467
   0.03394
  -0.00897
  -0.01977
   0.04021
  -0.04377
   0.02896
  -0.00200
  -0.02580
   0.04277
  -0.04180
   0.02328
   0.00501
  -0.03120
   0.04429
  -0.03879
   0.01702
   0.01190
  -0.03583
   0.04471
  -0.03484
   0.01034
   0.01850
  -0.03957
   0.04404
  -0.03002
   0.00341
   0.02464
  -0.04234
   0.04228
  -0.02447
  -0.00361
   0.03017
  -0.04407
   0.03947
  -0.01831
  -0.01054
   0.03497
  -0.04472
   0.03570
  -0.01170
  -0.01721
   0.03890
  -0.04426
   0.03105
  -0.00480
  -0.02346
   0.04187
  -0.04271
   0.02563
   0.00221
  -0.02912
   0.04381
  -0.04012
   0.01958
   0.00917
  -0.03407
   0.04468
  -0.03653
   0.01305
   0.01591
  -0.03819
   0.04444
  -0.03204
   0.00620
   0.02225
  -0.04136
   0.04311
  -0.02677
  -0.00081
   0.02804
  -0.04351
   0.04072
  -0.02083
  -0.00779
   0.03315
  -0.04459
   0.03732
  -0.01439
  -0.01458
   0.03744
  -0.04458
   0.03301
  -0.00759
  -0.02102
   0.04080
  -0.04346
   0.02788
  -0.00060
  -0.02693
   0.04316
  -0.04128
   0.02207
   0.00640
  -0.03219
   0.04446
  -0.03808
   0.01571
   0.01325
  -0.03665
   0.04467
  -0.03394
   0.00897
   0.01977
  -0.04021
   0.04377
  -0.02896
   0.00200
   0.02580
  -0.04277
   0.04180
  -0.02328
  -0.00501
   0.03120
  -0.04429
   0.03879
  -0.01702
  -0.01190
   0.03583
  -0.04471
   0.03484
  -0.01034
  -0.01850
   0.03957
  -0.04404
   0.03002
  -0.00341
  -0.02464
   0.04234
  -0.04228
   0.02447
   0.00361
  -0.03017
   0.04407
  -0.03947
   0.01831
   0.01054
  -0.03497
   0.04472
  -0.03570
   0.01170
   0.01721
  -0.03890
   0.04426
  -0.03105
   0.00480
   0.02346
  -0.04187
   0.04271
  -0.02563
  -0.00221
   0.02912
  -0.04381
   0.04012
  -0.01958
  -0.00917
   0.03407
  -0.04468
   0.03653
  -0.01305
  -0.01591
   0.03819
  -0.04444
   0.03204
  -0.00620
  -0.02225
   0.04136
  -0.04311
   0.02677
   0.00081
  -0.02804
   0.04351
  -0.04072
   0.02083
   0.00779
  -0.03315
   0.04459
  -0.03732
   0.01439
   0.01458
  -0.03744
   0.04458
  -0.03301
   0.00759
   0.02102
  -0.04080
   0.04346
  -0.02788
   0.00060
   0.02693
  -0.04316
   0.04128
  -0.02207
  -0.00640
   0.03219
  -0.04446
   0.03808
  -0.01571
  -0.01325
   0.03665
  -0.04467
   0.03394
  -0.00897
  -0.01977
   0.04021
  -0.04377
   0.02896
  -0.00200
  -0.02580
   0.04277
  -0.04180
   0.02328
   0.00501
  -0.03120
   0.04429
  -0.03879
   0.01702
   0.01190
  -0.03583
   0.04471
  -0.03484
   0.01034
   0.01850
  -0.03957
   0.04404
  -0.03002
   0.00341
   0.02464
  -0.04234
   0.04228
  -0.02447
  -0.00361
   0.03017
  -0.04407
   0.03947
  -0.01831
  -0.01054
   0.03497
  -0.04472
   0.03570
  -0.01170
  -0.01721
   0.03890
  -0.04426
   0.03105
  -0.00480
  -0.02346
   0.04187
  -0.04271
   0.02563
   0.00221
  -0.02912
   0.04381
  -0.04012
   0.01958
   0.00917
  -0.03407
   0.04468
  -0.03653
   0.01305
   0.01591
  -0.03819
   0.04444
  -0.03204
   0.00620
   0.02225
  -0.04136
   0.04311
  -0.02677
  -0.00081
   0.02804
  -0.04351
   0.04072
  -0.02083
  -0.00779
   0.03315
  -0.04459
   0.03732
  -0.01439
  -0.01458
   0.03744
  -0.04458
   0.03301
  -0.00759
  -0.02102
   0.04080
  -0.04346
   0.02788
  -0.00060
  -0.02693
   0.04316
  -0.04128
   0.02207
   0.00640
  -0.03219
   0.04446
  -0.03808
   0.01571
   0.01325
  -0.03665
   0.04467
  -0.03394
   0.00897
   0.01977
  -0.04021
   0.04377
  -0.02896
   0.00200
   0.02580
  -0.04277
   0.04180
  -0.02328
  -0.00501
