  -0.04464
  -0.04442
  -0.04406
  -0.04355
  -0.04291
  -0.04212
  -0.04121
  -0.04016
  -0.03898
  -0.03768
  -0.03626
  -0.03472
  -0.03308
  -0.03132
  -0.02947
  -0.02752
  -0.02548
  -0.02337
  -0.02117
  -0.01891
  -0.01659
  -0.01422
  -0.01180
  -0.00934
  -0.00686
  -0.00435
  -0.00182
   0.00070
   0.00323
   0.00575
   0.00824
   0.01071
   0.01315
   0.01555
   0.01789
   0.02018
   0.02240
   0.02455
   0.02663
   0.02862
   0.03051
   0.03231
   0.03401
   0.03559
   0.03707
   0.03842
   0.03965
   0.04076
   0.04173
   0.04258
   0.04328
   0.04385
   0.04428
   0.04456
   0.04470
   0.04470
   0.04456
   0.04428
   0.04385
   0.04328
   0.04258
   0.04173
   0.04076
   0.03965
   0.03842
   0.03707
   0.03559
   0.03401
   0.03231
   0.03051
   0.02861
   0.02663
   0.02455
   0.02240
   0.02018
   0.01789
   0.01554
   0.01315
   0.01071
   0.00824
   0.00574
   0.00323
   0.00070
  -0.00183
  -0.00435
  -0.00686
  -0.00934
  -0.01180
  -0.01422
  -0.01659
  -0.01892
  -0.02118
  -0.02337
  -0.02549
  -0.02752
  -0.02947
  -0.03132
  -0.03308
  -0.03473
  -0.03626
  -0.03768
  -0.03899
  -0.04016
  -0.04121
  -0.04213
  -0.04291
  -0.04355
  -0.04406
  -0.04442
  -0.04464
  -0.04472
  -0.04466
  -0.04445
  -0.04410
  -0.04361
  -0.04298
  -0.04222
  -0.04132
  -0.04028
  -0.03912
  -0.03783
  -0.03643
  -0.03490
  -0.03327
  -0.03152
  -0.02968
  -0.02774
  -0.02571
  -0.02361
  -0.02142
  -0.01917
  -0.01685
  -0.01448
  -0.01207
  -0.00962
  -0.00713
  -0.00463
  -0.00211
   0.00042
   0.00295
   0.00547
   0.00797
   0.01044
   0.01288
   0.01528
   0.01763
   0.01993
   0.02216
   0.02432
   0.02640
   0.02840
   0.03031
   0.03212
   0.03382
   0.03542
   0.03691
   0.03828
   0.03952
   0.04064
   0.04163
   0.04249
   0.04321
   0.04379
   0.04423
   0.04454
   0.04469
   0.04471
   0.04458
   0.04431
   0.04390
   0.04335
   0.04266
   0.04183
   0.04087
   0.03978
   0.03856
   0.03722
   0.03576
   0.03419
   0.03250
   0.03072
   0.02883
   0.02685
   0.02479
   0.02264
   0.02043
   0.01815
   0.01581
   0.01342
   0.01098
   0.00852
   0.00602
   0.00351
   0.00098
  -0.00155
  -0.00407
  -0.00658
  -0.00907
  -0.01153
  -0.01395
  -0.01633
  -0.01866
  -0.02093
  -0.02313
  -0.02525
  -0.02730
  -0.02926
  -0.03112
  -0.03289
  -0.03455
  -0.03610
  -0.03753
  -0.03885
  -0.04004
  -0.04110
  -0.04203
  -0.04283
  -0.04349
  -0.04401
  -0.04439
  -0.04462
  -0.04472
  -0.04467
  -0.04448
  -0.04415
  -0.04367
  -0.04306
  -0.04231
  -0.04142
  -0.04040
  -0.03926
  -0.03798
  -0.03659
  -0.03508
  -0.03345
  -0.03172
  -0.02989
  -0.02796
  -0.02594
  -0.02384
  -0.02167
  -0.01942
  -0.01711
  -0.01475
  -0.01234
  -0.00989
  -0.00741
  -0.00491
  -0.00239
   0.00014
   0.00267
   0.00519
   0.00769
   0.01017
   0.01261
   0.01502
   0.01737
   0.01968
   0.02191
   0.02408
   0.02617
   0.02818
   0.03010
   0.03192
   0.03364
   0.03525
   0.03675
   0.03813
   0.03939
   0.04053
   0.04153
   0.04240
   0.04314
   0.04373
   0.04419
   0.04451
   0.04468
   0.04472
   0.04460
   0.04435
   0.04396
   0.04342
   0.04274
   0.04193
   0.04099
   0.03991
   0.03871
   0.03738
   0.03593
   0.03437
   0.03270
   0.03092
   0.02904
   0.02707
   0.02502
   0.02288
   0.02068
   0.01840
   0.01607
   0.01368
   0.01126
   0.00879
   0.00630
   0.00379
   0.00126
  -0.00127
  -0.00379
  -0.00630
  -0.00879
  -0.01126
  -0.01369
  -0.01607
  -0.01840
  -0.02068
  -0.02289
  -0.02502
  -0.02708
  -0.02905
  -0.03092
  -0.03270
  -0.03437
  -0.03593
  -0.03738
  -0.03871
  -0.03991
  -0.04099
  -0.04193
  -0.04274
  -0.04342
  -0.04396
  -0.04435
  -0.04460
  -0.04472
  -0.04468
  -0.04451
  -0.04419
  -0.04373
  -0.04314
  -0.04240
  -0.04153
  -0.04052
  -0.03939
  -0.03813
  -0.03675
  -0.03525
  -0.03364
  -0.03192
  -0.03010
  -0.02818
  -0.02617
  -0.02408
  -0.02191
  -0.01967
  -0.01737
  -0.01502
  -0.01261
  -0.01017
  -0.00769
  -0.00519
  -0.00267
  -0.00014
   0.00239
   0.00491
   0.00741
   0.00989
   0.01234
   0.01475
   0.01712
   0.01942
   0.02167
   0.02385
   0.02595
   0.02796
   0.02989
   0.03172
   0.03345
   0.03508
   0.03659
   0.03798
   0.03926
   0.04041
   0.04142
   0.04231
   0.04306
   0.04367
   0.04415
   0.04448
   0.04467
   0.04472
   0.04462
   0.04439
   0.04401
   0.04349
   0.04283
   0.04203
   0.04110
   0.04004
   0.03885
   0.03753
   0.03610
   0.03455
   0.03289
   0.03112
   0.02926
   0.02730
   0.02525
   0.02313
   0.02093
   0.01866
   0.01633
   0.01395
   0.01153
   0.00907
   0.00658
   0.00407
   0.00154
  -0.00098
  -0.00351
  -0.00602
  -0.00852
  -0.01099
  -0.01342
  -0.01581
  -0.01815
  -0.02043
  -0.02264
  -0.02479
  -0.02685
  -0.02883
  -0.03072
  -0.03250
  -0.03419
  -0.03576
  -0.03722
  -0.03857
  -0.03978
  -0.04087
  -0.04183
  -0.04266
  -0.04335
  -0.04390
  -0.04431
  -0.04458
  -0.04471
  -0.04469
  -0.04454
  -0.04423
  -0.04379
  -0.04321
  -0.04249
  -0.04163
  -0.04064
  -0.03952
  -0.03828
  -0.03691
  -0.03542
  -0.03382
  -0.03211
  -0.03030
  -0.02840
  -0.02640
  -0.02432
  -0.02216
  -0.01993
  -0.01763
  -0.01528
  -0.01288
  -0.01044
  -0.00796
  -0.00546
  -0.00295
  -0.00042
   0.00211
   0.00463
   0.00714
   0.00962
   0.01207
   0.01449
   0.01686
   0.01917
   0.02142
   0.02361
   0.02572
   0.02774
   0.02968
   0.03152
   0.03327
   0.03490
   0.03643
   0.03784
   0.03912
   0.04028
   0.04132
   0.04222
   0.04298
   0.04361
   0.04410
   0.04445
   0.04466
   0.04472
   0.04464
   0.04442
   0.04406
   0.04355
   0.04291
   0.04212
   0.04121
   0.04016
   0.03898
   0.03768
   0.03626
   0.03472
   0.03308
   0.03132
   0.02947
   0.02752
   0.02548
   0.02337
   0.02117
   0.01891
   0.01659
   0.01422
   0.01180
   0.00934
   0.00686
   0.00435
   0.00182
  -0.00070
  -0.00323
  -0.00575
  -0.00824
  -0.01071
  -0.01315
  -0.01555
  -0.01789
  -0.02018
  -0.02240
  -0.02455
  -0.02663
  -0.02862
  -0.03051
  -0.03231
  -0.03401
  -0.03559
  -0.03707
  -0.03842
  -0.03965
  -0.04076
  -0.04173
  -0.04258
  -0.04328
  -0.04385
  -0.04428
  -0.04456
  -0.04470
  -0.04470
  -0.04456
  -0.04428
  -0.04385
  -0.04328
  -0.04258
  -0.04173
  -0.04076
  -0.03965
  -0.03842
  -0.03707
  -0.03559
  -0.03401
  -0.03231
  -0.03051
  -0.02861
  -0.02663
  -0.02455
  -0.02240
  -0.02018
  -0.01789
  -0.01554
  -0.01315
  -0.01071
  -0.00824
  -0.00574
  -0.00323
  -0.00070
   0.00183
   0.00435
   0.00686
   0.00934
   0.01180
   0.01422
   0.01659
   0.01892
   0.02118
   0.02337
   0.02549
   0.02752
   0.02947
   0.03132
   0.03308
   0.03473
   0.03626
   0.03768
   0.03899
   0.04016
   0.04121
   0.04213
   0.04291
   0.04355
   0.04406
   0.04442
   0.04464
   0.04472
   0.04466
   0.04445
   0.04410
   0.04361
   0.04298
   0.04222
   0.04132
   0.04028
   0.03912
   0.03783
   0.03643
   0.03490
   0.03327
   0.03152
   0.02968
   0.02774
   0.02571
   0.02361
   0.02142
   0.01917
   0.01685
   0.01448
   0.01207
   0.00962
   0.00713
   0.00463
   0.00211
  -0.00042
  -0.00295
  -0.00547
  -0.00797
  -0.01044
  -0.01288
  -0.01528
  -0.01763
  -0.01993
  -0.02216
  -0.02432
  -0.02640
  -0.02840
  -0.03031
  -0.03212
  -0.03382
  -0.03542
  -0.03691
  -0.03828
  -0.03952
  -0.04064
  -0.04163
  -0.04249
  -0.04321
  -0.04379
  -0.04423
  -0.04454
  -0.04469
  -0.04471
  -0.04458
  -0.04431
  -0.04390
  -0.04335
  -0.04266
  -0.04183
  -0.04087
  -0.03978
  -0.03856
  -0.03722
  -0.03576
  -0.03419
  -0.03250
  -0.03072
  -0.02883
  -0.02685
  -0.02479
  -0.02264
  -0.02043
  -0.01815
  -0.01581
  -0.01342
  -0.01098
  -0.00852
  -0.00602
  -0.00351
  -0.00098
   0.00155
   0.00407
   0.00658
   0.00907
   0.01153
   0.01395
   0.01633
   0.01866
   0.02093
   0.02313
   0.02525
   0.02730
   0.02926
   0.03112
   0.03289
   0.03455
   0.03610
   0.03753
   0.03885
   0.04004
   0.04110
   0.04203
   0.04283
   0.04349
   0.04401
   0.04439
   0.04462
   0.04472
   0.04467
   0.04448
   0.04415
   0.04367
   0.04306
   0.04231
   0.04142
   0.04040
   0.03926
   0.03798
   0.03659
   0.03508
   0.03345
   0.03172
   0.02989
   0.02796
   0.02594
   0.02384
   0.02167
   0.01942
   0.01711
   0.01475
   0.01234
   0.00989
   0.00741
   0.00491
   0.00239
  -0.00014
  -0.00267
  -0.00519
  -0.00769
  -0.01017
  -0.01261
  -0.01502
  -0.01737
  -0.01968
  -0.02191
  -0.02408
  -0.02617
  -0.02818
  -0.03010
  -0.03192
  -0.03364
  -0.03525
  -0.03675
  -0.03813
  -0.03939
  -0.04053
  -0.04153
  -0.04240
  -0.04314
  -0.04373
  -0.04419
  -0.04451
  -0.04468
  -0.04472
  -0.04460
  -0.04435
  -0.04396
  -0.04342
  -0.04274
  -0.04193
  -0.04099
  -0.03991
  -0.03871
  -0.03738
  -0.03593
  -0.03437
  -0.03270
  -0.03092
  -0.02904
  -0.02707
  -0.02502
  -0.02288
  -0.02068
  -0.01840
  -0.01607
  -0.01368
  -0.01126
  -0.00879
  -0.00630
  -0.00379
  -0.00126
   0.00127
   0.00379
   0.00630
   0.00879
   0.01126
   0.01369
   0.01607
   0.01840
   0.02068
   0.02289
   0.02502
   0.02708
   0.02905
   0.03092
   0.03270
   0.03437
   0.03593
   0.03738
   0.03871
   0.03991
   0.04099
   0.04193
   0.04274
   0.04342
   0.04396
   0.04435
   0.04460
   0.04472
   0.04468
   0.04451
   0.04419
   0.04373
   0.04314
   0.04240
   0.04153
   0.04052
   0.03939
   0.03813
   0.03675
   0.03525
   0.03364
   0.03192
   0.03010
   0.02818
   0.02617
   0.02408
   0.02191
   0.01967
   0.01737
   0.01502
   0.01261
   0.01017
   0.00769
   0.00519
   0.00267
   0.00014
  -0.00239
  -0.00491
  -0.00741
  -0.00989
  -0.01234
  -0.01475
  -0.01712
  -0.01942
  -0.02167
  -0.02385
  -0.02595
  -0.02796
  -0.02989
  -0.03172
  -0.03345
  -0.03508
  -0.03659
  -0.03798
  -0.03926
  -0.04041
  -0.04142
  -0.04231
  -0.04306
  -0.04367
  -0.04415
  -0.04448
  -0.04467
  -0.04472
  -0.04462
  -0.04439
  -0.04401
  -0.04349
  -0.04283
  -0.04203
  -0.04110
  -0.04004
  -0.03885
  -0.03753
  -0.03610
  -0.03455
  -0.03289
  -0.03112
  -0.02926
  -0.02730
  -0.02525
  -0.02313
  -0.02093
  -0.01866
  -0.01633
  -0.01395
  -0.01153
  -0.00907
  -0.00658
  -0.00407
  -0.00154
   0.00098
   0.00351
   0.00602
   0.00852
   0.01099
   0.01342
   0.01581
   0.01815
   0.02043
   0.02264
   0.02479
   0.02685
   0.02883
   0.03072
   0.03250
   0.03419
   0.03576
   0.03722
   0.03857
   0.03978
   0.04087
   0.04183
   0.04266
   0.04335
   0.04390
   0.04431
   0.04458
   0.04471
   0.04469
   0.04454
   0.04423
   0.04379
   0.04321
   0.04249
   0.04163
   0.04064
   0.03952
   0.03828
   0.03691
   0.03542
   0.03382
   0.03211
   0.03030
   0.02840
   0.02640
   0.02432
   0.02216
   0.01993
   0.01763
   0.01528
   0.01288
   0.01044
   0.00796
   0.00546
   0.00295
   0.00042
  -0.00211
  -0.00463
  -0.00714
  -0.00962
  -0.01207
  -0.01449
  -0.01686
  -0.01917
  -0.02142
  -0.02361
  -0.02572
  -0.02774
  -0.02968
  -0.03152
  -0.03327
  -0.03490
  -0.03643
  -0.03784
  -0.03912
  -0.04028
  -0.04132
  -0.04222
  -0.04298
  -0.04361
  -0.04410
  -0.04445
  -0.04466
  -0.04472
