  -0.02011
   0.03015
   0.04161
  -0.00049
  -0.04196
  -0.02941
   0.02099
   0.04438
   0.01064
  -0.03679
  -0.03687
   0.01051
   0.04436
   0.02111
  -0.02931
  -0.04200
  -0.00063
   0.04156
   0.03025
  -0.01999
  -0.04450
  -0.01173
   0.03614
   0.03749
  -0.00941
  -0.04420
  -0.02209
   0.02845
   0.04238
   0.00175
  -0.04113
  -0.03107
   0.01898
   0.04460
   0.01281
  -0.03547
  -0.03809
   0.00831
   0.04402
   0.02306
  -0.02758
  -0.04272
  -0.00288
   0.04067
   0.03187
  -0.01796
  -0.04467
  -0.01388
   0.03477
   0.03867
  -0.00721
  -0.04381
  -0.02402
   0.02668
   0.04304
   0.00400
  -0.04019
  -0.03265
   0.01692
   0.04471
   0.01495
  -0.03405
  -0.03922
   0.00609
   0.04357
   0.02496
  -0.02577
  -0.04333
  -0.00511
   0.03969
   0.03340
  -0.01588
  -0.04472
  -0.01600
   0.03331
   0.03975
  -0.00498
  -0.04330
  -0.02589
   0.02485
   0.04360
   0.00623
  -0.03916
  -0.03414
   0.01482
   0.04471
   0.01705
  -0.03255
  -0.04025
   0.00386
   0.04300
   0.02679
  -0.02391
  -0.04383
  -0.00734
   0.03860
   0.03486
  -0.01375
  -0.04466
  -0.01808
   0.03177
   0.04073
  -0.00274
  -0.04268
  -0.02769
   0.02295
   0.04404
   0.00845
  -0.03802
  -0.03555
   0.01268
   0.04459
   0.01910
  -0.03097
  -0.04118
   0.00162
   0.04233
   0.02856
  -0.02198
  -0.04422
  -0.00955
   0.03742
   0.03622
  -0.01160
  -0.04449
  -0.02011
   0.03015
   0.04161
  -0.00049
  -0.04196
  -0.02941
   0.02099
   0.04438
   0.01064
  -0.03679
  -0.03687
   0.01051
   0.04436
   0.02111
  -0.02931
  -0.04200
  -0.00063
   0.04156
   0.03025
  -0.01999
  -0.04450
  -0.01173
   0.03614
   0.03749
  -0.00941
  -0.04420
  -0.02209
   0.02845
   0.04238
   0.00175
  -0.04113
  -0.03107
   0.01898
   0.04460
   0.01281
  -0.03547
  -0.03809
   0.00831
   0.04402
   0.02306
  -0.02758
  -0.04272
  -0.00288
   0.04067
   0.03187
  -0.01796
  -0.04467
  -0.01388
   0.03477
   0.03867
  -0.00721
  -0.04381
  -0.02402
   0.02668
   0.04304
   0.00400
  -0.04019
  -0.03265
   0.01692
   0.04471
   0.01495
  -0.03405
  -0.03922
   0.00609
   0.04357
   0.02496
  -0.02577
  -0.04333
  -0.00511
   0.03969
   0.03340
  -0.01588
  -0.04472
  -0.01600
   0.03331
   0.03975
  -0.00498
  -0.04330
  -0.02589
   0.02485
   0.04360
   0.00623
  -0.03916
  -0.03414
   0.01482
   0.04471
   0.01705
  -0.03255
  -0.04025
   0.00386
   0.04300
   0.02679
  -0.02391
  -0.04383
  -0.00734
   0.03860
   0.03486
  -0.01375
  -0.04466
  -0.01808
   0.03177
   0.04073
  -0.00274
  -0.04268
  -0.02769
   0.02295
   0.04404
   0.00845
  -0.03802
  -0.03555
   0.01268
   0.04459
   0.01910
  -0.03097
  -0.04118
   0.00162
   0.04233
   0.02856
  -0.02198
  -0.04422
  -0.00955
   0.03742
   0.03622
  -0.01160
  -0.04449
  -0.02011
   0.03015
   0.04161
  -0.00049
  -0.04196
  -0.02941
   0.02099
   0.04438
   0.01064
  -0.03679
  -0.03687
   0.01051
   0.04436
   0.02111
  -0.02931
  -0.04200
  -0.00063
   0.04156
   0.03025
  -0.01999
  -0.04450
  -0.01173
   0.03614
   0.03749
  -0.00941
  -0.04420
  -0.02209
   0.02845
   0.04238
   0.00175
  -0.04113
  -0.03107
   0.01898
   0.04460
   0.01281
  -0.03547
  -0.03809
   0.00831
   0.04402
   0.02306
  -0.02758
  -0.04272
  -0.00288
   0.04067
   0.03187
  -0.01796
  -0.04467
  -0.01388
   0.03477
   0.03867
  -0.00721
  -0.04381
  -0.02402
   0.02668
   0.04304
   0.00400
  -0.04019
  -0.03265
   0.01692
   0.04471
   0.01495
  -0.03405
  -0.03922
   0.00609
   0.04357
   0.02496
  -0.02577
  -0.04333
  -0.00511
   0.03969
   0.03340
  -0.01588
  -0.04472
  -0.01600
   0.03331
   0.03975
  -0.00498
  -0.04330
  -0.02589
   0.02485
   0.04360
   0.00623
  -0.03916
  -0.03414
   0.01482
   0.04471
   0.01705
  -0.03255
  -0.04025
   0.00386
   0.04300
   0.02679
  -0.02391
  -0.04383
  -0.00734
   0.03860
   0.03486
  -0.01375
  -0.04466
  -0.01808
   0.03177
   0.04073
  -0.00274
  -0.04268
  -0.02769
   0.02295
   0.04404
   0.00845
  -0.03802
  -0.03555
   0.01268
   0.04459
   0.01910
  -0.03097
  -0.04118
   0.00162
   0.04233
   0.02856
  -0.02198
  -0.04422
  -0.00955
   0.03742
   0.03622
  -0.01160
  -0.04449
  -0.02011
   0.03015
   0.04161
  -0.00049
  -0.04196
  -0.02941
   0.02099
   0.04438
   0.01064
  -0.03679
  -0.03687
   0.01051
   0.04436
   0.02111
  -0.02931
  -0.04200
  -0.00063
   0.04156
   0.03025
  -0.01999
  -0.04450
  -0.01173
   0.03614
   0.03749
  -0.00941
  -0.04420
  -0.02209
   0.02845
   0.04238
   0.00175
  -0.04113
  -0.03107
   0.01898
   0.04460
   0.01281
  -0.03547
  -0.03809
   0.00831
   0.04402
   0.02306
  -0.02758
  -0.04272
  -0.00288
   0.04067
   0.03187
  -0.01796
  -0.04467
  -0.01388
   0.03477
   0.03867
  -0.00721
  -0.04381
  -0.02402
   0.02668
   0.04304
   0.00400
  -0.04019
  -0.03265
   0.01692
   0.04471
   0.01495
  -0.03405
  -0.03922
   0.00609
   0.04357
   0.02496
  -0.02577
  -0.04333
  -0.00511
   0.03969
   0.03340
  -0.01588
  -0.04472
  -0.01600
   0.03331
   0.03975
  -0.00498
  -0.04330
  -0.02589
   0.02485
   0.04360
   0.00623
  -0.03916
  -0.03414
   0.01482
   0.04471
   0.01705
  -0.03255
  -0.04025
   0.00386
   0.04300
   0.02679
  -0.02391
  -0.04383
  -0.00734
   0.03860
   0.03486
  -0.01375
  -0.04466
  -0.01808
   0.03177
   0.04073
  -0.00274
  -0.04268
  -0.02769
   0.02295
   0.04404
   0.00845
  -0.03802
  -0.03555
   0.01268
   0.04459
   0.01910
  -0.03097
  -0.04118
   0.00162
   0.04233
   0.02856
  -0.02198
  -0.04422
  -0.00955
   0.03742
   0.03622
  -0.01160
  -0.04449
  -0.02011
   0.03015
   0.04161
  -0.00049
  -0.04196
  -0.02941
   0.02099
   0.04438
   0.01064
  -0.03679
  -0.03687
   0.01051
   0.04436
   0.02111
  -0.02931
  -0.04200
  -0.00063
   0.04156
   0.03025
  -0.01999
  -0.04450
  -0.01173
   0.03614
   0.03749
  -0.00941
  -0.04420
  -0.02209
   0.02845
   0.04238
   0.00175
  -0.04113
  -0.03107
   0.01898
   0.04460
   0.01281
  -0.03547
  -0.03809
   0.00831
   0.04402
   0.02306
  -0.02758
  -0.04272
  -0.00288
   0.04067
   0.03187
  -0.01796
  -0.04467
  -0.01388
   0.03477
   0.03867
  -0.00721
  -0.04381
  -0.02402
   0.02668
   0.04304
   0.00400
  -0.04019
  -0.03265
   0.01692
   0.04471
   0.01495
  -0.03405
  -0.03922
   0.00609
   0.04357
   0.02496
  -0.02577
  -0.04333
  -0.00511
   0.03969
   0.03340
  -0.01588
  -0.04472
  -0.01600
   0.03331
   0.03975
  -0.00498
  -0.04330
  -0.02589
   0.02485
   0.04360
   0.00623
  -0.03916
  -0.03414
   0.01482
   0.04471
   0.01705
  -0.03255
  -0.04025
   0.00386
   0.04300
   0.02679
  -0.02391
  -0.04383
  -0.00734
   0.03860
   0.03486
  -0.01375
  -0.04466
  -0.01808
   0.03177
   0.04073
  -0.00274
  -0.04268
  -0.02769
   0.02295
   0.04404
   0.00845
  -0.03802
  -0.03555
   0.01268
   0.04459
   0.01910
  -0.03097
  -0.04118
   0.00162
   0.04233
   0.02856
  -0.02198
  -0.04422
  -0.00955
   0.03742
   0.03622
  -0.01160
  -0.04449
  -0.02011
   0.03015
   0.04161
  -0.00049
  -0.04196
  -0.02941
   0.02099
   0.04438
   0.01064
  -0.03679
  -0.03687
   0.01051
   0.04436
   0.02111
  -0.02931
  -0.04200
  -0.00063
   0.04156
   0.03025
  -0.01999
  -0.04450
  -0.01173
   0.03614
   0.03749
  -0.00941
  -0.04420
  -0.02209
   0.02845
   0.04238
   0.00175
  -0.04113
  -0.03107
   0.01898
   0.04460
   0.01281
  -0.03547
  -0.03809
   0.00831
   0.04402
   0.02306
  -0.02758
  -0.04272
  -0.00288
   0.04067
   0.03187
  -0.01796
  -0.04467
  -0.01388
   0.03477
   0.03867
  -0.00721
  -0.04381
  -0.02402
   0.02668
   0.04304
   0.00400
  -0.04019
  -0.03265
   0.01692
   0.04471
   0.01495
  -0.03405
  -0.03922
   0.00609
   0.04357
   0.02496
  -0.02577
  -0.04333
  -0.00511
   0.03969
   0.03340
  -0.01588
  -0.04472
  -0.01600
   0.03331
   0.03975
  -0.00498
  -0.04330
  -0.02589
   0.02485
   0.04360
   0.00623
  -0.03916
  -0.03414
   0.01482
   0.04471
   0.01705
  -0.03255
  -0.04025
   0.00386
   0.04300
   0.02679
  -0.02391
  -0.04383
  -0.00734
   0.03860
   0.03486
  -0.01375
  -0.04466
  -0.01808
   0.03177
   0.04073
  -0.00274
  -0.04268
  -0.02769
   0.02295
   0.04404
   0.00845
  -0.03802
  -0.03555
   0.01268
   0.04459
   0.01910
  -0.03097
  -0.04118
   0.00162
   0.04233
   0.02856
  -0.02198
  -0.04422
  -0.00955
   0.03742
   0.03622
  -0.01160
  -0.04449
  -0.02011
   0.03015
   0.04161
  -0.00049
  -0.04196
  -0.02941
   0.02099
   0.04438
   0.01064
  -0.03679
  -0.03687
   0.01051
   0.04436
   0.02111
  -0.02931
  -0.04200
  -0.00063
   0.04156
   0.03025
  -0.01999
  -0.04450
  -0.01173
   0.03614
   0.03749
  -0.00941
  -0.04420
  -0.02209
   0.02845
   0.04238
   0.00175
  -0.04113
  -0.03107
   0.01898
   0.04460
   0.01281
  -0.03547
  -0.03809
   0.00831
   0.04402
   0.02306
  -0.02758
  -0.04272
  -0.00288
   0.04067
   0.03187
  -0.01796
  -0.04467
  -0.01388
   0.03477
   0.03867
  -0.00721
  -0.04381
  -0.02402
   0.02668
   0.04304
   0.00400
  -0.04019
  -0.03265
   0.01692
   0.04471
   0.01495
  -0.03405
  -0.03922
   0.00609
   0.04357
   0.02496
  -0.02577
  -0.04333
  -0.00511
   0.03969
   0.03340
  -0.01588
  -0.04472
  -0.01600
   0.03331
   0.03975
  -0.00498
  -0.04330
  -0.02589
   0.02485
   0.04360
   0.00623
  -0.03916
  -0.03414
   0.01482
   0.04471
   0.01705
  -0.03255
  -0.04025
   0.00386
   0.04300
   0.02679
  -0.02391
  -0.04383
  -0.00734
   0.03860
   0.03486
  -0.01375
  -0.04466
  -0.01808
   0.03177
   0.04073
  -0.00274
  -0.04268
  -0.02769
   0.02295
   0.04404
   0.00845
  -0.03802
  -0.03555
   0.01268
   0.04459
   0.01910
  -0.03097
  -0.04118
   0.00162
   0.04233
   0.02856
  -0.02198
  -0.04422
  -0.00955
   0.03742
   0.03622
  -0.01160
  -0.04449
  -0.02011
   0.03015
   0.04161
  -0.00049
  -0.04196
  -0.02941
   0.02099
   0.04438
   0.01064
  -0.03679
  -0.03687
   0.01051
   0.04436
   0.02111
  -0.02931
  -0.04200
  -0.00063
   0.04156
   0.03025
  -0.01999
  -0.04450
  -0.01173
   0.03614
   0.03749
  -0.00941
  -0.04420
  -0.02209
   0.02845
   0.04238
   0.00175
  -0.04113
  -0.03107
   0.01898
   0.04460
   0.01281
  -0.03547
  -0.03809
   0.00831
   0.04402
   0.02306
  -0.02758
  -0.04272
  -0.00288
   0.04067
   0.03187
  -0.01796
  -0.04467
  -0.01388
   0.03477
   0.03867
  -0.00721
  -0.04381
  -0.02402
   0.02668
   0.04304
   0.00400
  -0.04019
  -0.03265
   0.01692
   0.04471
   0.01495
  -0.03405
  -0.03922
   0.00609
   0.04357
   0.02496
  -0.02577
  -0.04333
  -0.00511
   0.03969
   0.03340
  -0.01588
  -0.04472
  -0.01600
   0.03331
   0.03975
  -0.00498
  -0.04330
  -0.02589
   0.02485
   0.04360
   0.00623
  -0.03916
  -0.03414
   0.01482
   0.04471
   0.01705
  -0.03255
  -0.04025
   0.00386
   0.04300
   0.02679
  -0.02391
  -0.04383
  -0.00734
   0.03860
   0.03486
  -0.01375
  -0.04466
  -0.01808
   0.03177
   0.04073
  -0.00274
  -0.04268
  -0.02769
   0.02295
   0.04404
   0.00845
  -0.03802
  -0.03555
   0.01268
   0.04459
   0.01910
  -0.03097
  -0.04118
   0.00162
   0.04233
   0.02856
  -0.02198
  -0.04422
  -0.00955
   0.03742
   0.03622
  -0.01160
  -0.04449
