  -0.03921
   0.02305
  -0.00061
  -0.02200
   0.03861
  -0.04472
   0.03866
  -0.02207
  -0.00052
   0.02297
  -0.03917
   0.04471
  -0.03808
   0.02109
   0.00164
  -0.02392
   0.03970
  -0.04467
   0.03748
  -0.02009
  -0.00276
   0.02487
  -0.04020
   0.04460
  -0.03686
   0.01908
   0.00388
  -0.02579
   0.04068
  -0.04450
   0.03621
  -0.01806
  -0.00500
   0.02670
  -0.04114
   0.04437
  -0.03554
   0.01703
   0.00612
  -0.02760
   0.04156
  -0.04422
   0.03484
  -0.01598
  -0.00723
   0.02847
  -0.04197
   0.04404
  -0.03413
   0.01493
   0.00834
  -0.02933
   0.04234
  -0.04383
   0.03339
  -0.01386
  -0.00944
   0.03017
  -0.04269
   0.04359
  -0.03263
   0.01279
   0.01053
  -0.03099
   0.04301
  -0.04333
   0.03185
  -0.01171
  -0.01162
   0.03179
  -0.04331
   0.04304
  -0.03105
   0.01062
   0.01270
  -0.03257
   0.04357
  -0.04272
   0.03024
  -0.00953
  -0.01378
   0.03333
  -0.04381
   0.04237
  -0.02940
   0.00842
   0.01484
  -0.03407
   0.04402
  -0.04200
   0.02854
  -0.00732
  -0.01590
   0.03479
  -0.04421
   0.04160
  -0.02767
   0.00621
   0.01694
  -0.03548
   0.04436
  -0.04117
   0.02678
  -0.00509
  -0.01798
   0.03615
  -0.04449
   0.04072
  -0.02587
   0.00397
   0.01900
  -0.03680
   0.04459
  -0.04024
   0.02494
  -0.00285
  -0.02001
   0.03743
  -0.04466
   0.03974
  -0.02400
   0.00173
   0.02101
  -0.03803
   0.04471
  -0.03921
   0.02305
  -0.00061
  -0.02200
   0.03861
  -0.04472
   0.03866
  -0.02207
  -0.00052
   0.02297
  -0.03917
   0.04471
  -0.03808
   0.02109
   0.00164
  -0.02392
   0.03970
  -0.04467
   0.03748
  -0.02009
  -0.00276
   0.02487
  -0.04020
   0.04460
  -0.03686
   0.01908
   0.00388
  -0.02579
   0.04068
  -0.04450
   0.03621
  -0.01806
  -0.00500
   0.02670
  -0.04114
   0.04437
  -0.03554
   0.01703
   0.00612
  -0.02760
   0.04156
  -0.04422
   0.03484
  -0.01598
  -0.00723
   0.02847
  -0.04197
   0.04404
  -0.03413
   0.01493
   0.00834
  -0.02933
   0.04234
  -0.04383
   0.03339
  -0.01386
  -0.00944
   0.03017
  -0.04269
   0.04359
  -0.03263
   0.01279
   0.01053
  -0.03099
   0.04301
  -0.04333
   0.03185
  -0.01171
  -0.01162
   0.03179
  -0.04331
   0.04304
  -0.03105
   0.01062
   0.01270
  -0.03257
   0.04357
  -0.04272
   0.03024
  -0.00953
  -0.01378
   0.03333
  -0.04381
   0.04237
  -0.02940
   0.00842
   0.01484
  -0.03407
   0.04402
  -0.04200
   0.02854
  -0.00732
  -0.01590
   0.03479
  -0.04421
   0.04160
  -0.02767
   0.00621
   0.01694
  -0.03548
   0.04436
  -0.04117
   0.02678
  -0.00509
  -0.01798
   0.03615
  -0.04449
   0.04072
  -0.02587
   0.00397
   0.01900
  -0.03680
   0.04459
  -0.04024
   0.02494
  -0.00285
  -0.02001
   0.03743
  -0.04466
   0.03974
  -0.02400
   0.00173
   0.02101
  -0.03803
   0.04471
  -0.03921
   0.02305
  -0.00061
  -0.02200
   0.03861
  -0.04472
   0.03866
  -0.02207
  -0.00052
   0.02297
  -0.03917
   0.04471
  -0.03808
   0.02109
   0.00164
  -0.02392
   0.03970
  -0.04467
   0.03748
  -0.02009
  -0.00276
   0.02487
  -0.04020
   0.04460
  -0.03686
   0.01908
   0.00388
  -0.02579
   0.04068
  -0.04450
   0.03621
  -0.01806
  -0.00500
   0.02670
  -0.04114
   0.04437
  -0.03554
   0.01703
   0.00612
  -0.02760
   0.04156
  -0.04422
   0.03484
  -0.01598
  -0.00723
   0.02847
  -0.04197
   0.04404
  -0.03413
   0.01493
   0.00834
  -0.02933
   0.04234
  -0.04383
   0.03339
  -0.01386
  -0.00944
   0.03017
  -0.04269
   0.04359
  -0.03263
   0.01279
   0.01053
  -0.03099
   0.04301
  -0.04333
   0.03185
  -0.01171
  -0.01162
   0.03179
  -0.04331
   0.04304
  -0.03105
   0.01062
   0.01270
  -0.03257
   0.04357
  -0.04272
   0.03024
  -0.00953
  -0.01378
   0.03333
  -0.04381
   0.04237
  -0.02940
   0.00842
   0.01484
  -0.03407
   0.04402
  -0.04200
   0.02854
  -0.00732
  -0.01590
   0.03479
  -0.04421
   0.04160
  -0.02767
   0.00621
   0.01694
  -0.03548
   0.04436
  -0.04117
   0.02678
  -0.00509
  -0.01798
   0.03615
  -0.04449
   0.04072
  -0.02587
   0.00397
   0.01900
  -0.03680
   0.04459
  -0.04024
   0.02494
  -0.00285
  -0.02001
   0.03743
  -0.04466
   0.03974
  -0.02400
   0.00173
   0.02101
  -0.03803
   0.04471
  -0.03921
   0.02305
  -0.00061
  -0.02200
   0.03861
  -0.04472
   0.03866
  -0.02207
  -0.00052
   0.02297
  -0.03917
   0.04471
  -0.03808
   0.02109
   0.00164
  -0.02392
   0.03970
  -0.04467
   0.03748
  -0.02009
  -0.00276
   0.02487
  -0.04020
   0.04460
  -0.03686
   0.01908
   0.00388
  -0.02579
   0.04068
  -0.04450
   0.03621
  -0.01806
  -0.00500
   0.02670
  -0.04114
   0.04437
  -0.03554
   0.01703
   0.00612
  -0.02760
   0.04156
  -0.04422
   0.03484
  -0.01598
  -0.00723
   0.02847
  -0.04197
   0.04404
  -0.03413
   0.01493
   0.00834
  -0.02933
   0.04234
  -0.04383
   0.03339
  -0.01386
  -0.00944
   0.03017
  -0.04269
   0.04359
  -0.03263
   0.01279
   0.01053
  -0.03099
   0.04301
  -0.04333
   0.03185
  -0.01171
  -0.01162
   0.03179
  -0.04331
   0.04304
  -0.03105
   0.01062
   0.01270
  -0.03257
   0.04357
  -0.04272
   0.03024
  -0.00953
  -0.01378
   0.03333
  -0.04381
   0.04237
  -0.02940
   0.00842
   0.01484
  -0.03407
   0.04402
  -0.04200
   0.02854
  -0.00732
  -0.01590
   0.03479
  -0.04421
   0.04160
  -0.02767
   0.00621
   0.01694
  -0.03548
   0.04436
  -0.04117
   0.02678
  -0.00509
  -0.01798
   0.03615
  -0.04449
   0.04072
  -0.02587
   0.00397
   0.01900
  -0.03680
   0.04459
  -0.04024
   0.02494
  -0.00285
  -0.02001
   0.03743
  -0.04466
   0.03974
  -0.02400
   0.00173
   0.02101
  -0.03803
   0.04471
  -0.03921
   0.02305
  -0.00061
  -0.02200
   0.03861
  -0.04472
   0.03866
  -0.02207
  -0.00052
   0.02297
  -0.03917
   0.04471
  -0.03808
   0.02109
   0.00164
  -0.02392
   0.03970
  -0.04467
   0.03748
  -0.02009
  -0.00276
   0.02487
  -0.04020
   0.04460
  -0.03686
   0.01908
   0.00388
  -0.02579
   0.04068
  -0.04450
   0.03621
  -0.01806
  -0.00500
   0.02670
  -0.04114
   0.04437
  -0.03554
   0.01703
   0.00612
  -0.02760
   0.04156
  -0.04422
   0.03484
  -0.01598
  -0.00723
   0.02847
  -0.04197
   0.04404
  -0.03413
   0.01493
   0.00834
  -0.02933
   0.04234
  -0.04383
   0.03339
  -0.01386
  -0.00944
   0.03017
  -0.04269
   0.04359
  -0.03263
   0.01279
   0.01053
  -0.03099
   0.04301
  -0.04333
   0.03185
  -0.01171
  -0.01162
   0.03179
  -0.04331
   0.04304
  -0.03105
   0.01062
   0.01270
  -0.03257
   0.04357
  -0.04272
   0.03024
  -0.00953
  -0.01378
   0.03333
  -0.04381
   0.04237
  -0.02940
   0.00842
   0.01484
  -0.03407
   0.04402
  -0.04200
   0.02854
  -0.00732
  -0.01590
   0.03479
  -0.04421
   0.04160
  -0.02767
   0.00621
   0.01694
  -0.03548
   0.04436
  -0.04117
   0.02678
  -0.00509
  -0.01798
   0.03615
  -0.04449
   0.04072
  -0.02587
   0.00397
   0.01900
  -0.03680
   0.04459
  -0.04024
   0.02494
  -0.00285
  -0.02001
   0.03743
  -0.04466
   0.03974
  -0.02400
   0.00173
   0.02101
  -0.03803
   0.04471
  -0.03921
   0.02305
  -0.00061
  -0.02200
   0.03861
  -0.04472
   0.03866
  -0.02207
  -0.00052
   0.02297
  -0.03917
   0.04471
  -0.03808
   0.02109
   0.00164
  -0.02392
   0.03970
  -0.04467
   0.03748
  -0.02009
  -0.00276
   0.02487
  -0.04020
   0.04460
  -0.03686
   0.01908
   0.00388
  -0.02579
   0.04068
  -0.04450
   0.03621
  -0.01806
  -0.00500
   0.02670
  -0.04114
   0.04437
  -0.03554
   0.01703
   0.00612
  -0.02760
   0.04156
  -0.04422
   0.03484
  -0.01598
  -0.00723
   0.02847
  -0.04197
   0.04404
  -0.03413
   0.01493
   0.00834
  -0.02933
   0.04234
  -0.04383
   0.03339
  -0.01386
  -0.00944
   0.03017
  -0.04269
   0.04359
  -0.03263
   0.01279
   0.01053
  -0.03099
   0.04301
  -0.04333
   0.03185
  -0.01171
  -0.01162
   0.03179
  -0.04331
   0.04304
  -0.03105
   0.01062
   0.01270
  -0.03257
   0.04357
  -0.04272
   0.03024
  -0.00953
  -0.01378
   0.03333
  -0.04381
   0.04237
  -0.02940
   0.00842
   0.01484
  -0.03407
   0.04402
  -0.04200
   0.02854
  -0.00732
  -0.01590
   0.03479
  -0.04421
   0.04160
  -0.02767
   0.00621
   0.01694
  -0.03548
   0.04436
  -0.04117
   0.02678
  -0.00509
  -0.01798
   0.03615
  -0.04449
   0.04072
  -0.02587
   0.00397
   0.01900
  -0.03680
   0.04459
  -0.04024
   0.02494
  -0.00285
  -0.02001
   0.03743
  -0.04466
   0.03974
  -0.02400
   0.00173
   0.02101
  -0.03803
   0.04471
  -0.03921
   0.02305
  -0.00061
  -0.02200
   0.03861
  -0.04472
   0.03866
  -0.02207
  -0.00052
   0.02297
  -0.03917
   0.04471
  -0.03808
   0.02109
   0.00164
  -0.02392
   0.03970
  -0.04467
   0.03748
  -0.02009
  -0.00276
   0.02487
  -0.04020
   0.04460
  -0.03686
   0.01908
   0.00388
  -0.02579
   0.04068
  -0.04450
   0.03621
  -0.01806
  -0.00500
   0.02670
  -0.04114
   0.04437
  -0.03554
   0.01703
   0.00612
  -0.02760
   0.04156
  -0.04422
   0.03484
  -0.01598
  -0.00723
   0.02847
  -0.04197
   0.04404
  -0.03413
   0.01493
   0.00834
  -0.02933
   0.04234
  -0.04383
   0.03339
  -0.01386
  -0.00944
   0.03017
  -0.04269
   0.04359
  -0.03263
   0.01279
   0.01053
  -0.03099
   0.04301
  -0.04333
   0.03185
  -0.01171
  -0.01162
   0.03179
  -0.04331
   0.04304
  -0.03105
   0.01062
   0.01270
  -0.03257
   0.04357
  -0.04272
   0.03024
  -0.00953
  -0.01378
   0.03333
  -0.04381
   0.04237
  -0.02940
   0.00842
   0.01484
  -0.03407
   0.04402
  -0.04200
   0.02854
  -0.00732
  -0.01590
   0.03479
  -0.04421
   0.04160
  -0.02767
   0.00621
   0.01694
  -0.03548
   0.04436
  -0.04117
   0.02678
  -0.00509
  -0.01798
   0.03615
  -0.04449
   0.04072
  -0.02587
   0.00397
   0.01900
  -0.03680
   0.04459
  -0.04024
   0.02494
  -0.00285
  -0.02001
   0.03743
  -0.04466
   0.03974
  -0.02400
   0.00173
   0.02101
  -0.03803
   0.04471
  -0.03921
   0.02305
  -0.00061
  -0.02200
   0.03861
  -0.04472
   0.03866
  -0.02207
  -0.00052
   0.02297
  -0.03917
   0.04471
  -0.03808
   0.02109
   0.00164
  -0.02392
   0.03970
  -0.04467
   0.03748
  -0.02009
  -0.00276
   0.02487
  -0.04020
   0.04460
  -0.03686
   0.01908
   0.00388
  -0.02579
   0.04068
  -0.04450
   0.03621
  -0.01806
  -0.00500
   0.02670
  -0.04114
   0.04437
  -0.03554
   0.01703
   0.00612
  -0.02760
   0.04156
  -0.04422
   0.03484
  -0.01598
  -0.00723
   0.02847
  -0.04197
   0.04404
  -0.03413
   0.01493
   0.00834
  -0.02933
   0.04234
  -0.04383
   0.03339
  -0.01386
  -0.00944
   0.03017
  -0.04269
   0.04359
  -0.03263
   0.01279
   0.01053
  -0.03099
   0.04301
  -0.04333
   0.03185
  -0.01171
  -0.01162
   0.03179
  -0.04331
   0.04304
  -0.03105
   0.01062
   0.01270
  -0.03257
   0.04357
  -0.04272
   0.03024
  -0.00953
  -0.01378
   0.03333
  -0.04381
   0.04237
  -0.02940
   0.00842
   0.01484
  -0.03407
   0.04402
  -0.04200
   0.02854
  -0.00732
  -0.01590
   0.03479
  -0.04421
   0.04160
  -0.02767
   0.00621
   0.01694
  -0.03548
   0.04436
  -0.04117
   0.02678
  -0.00509
  -0.01798
   0.03615
  -0.04449
   0.04072
  -0.02587
   0.00397
   0.01900
  -0.03680
   0.04459
  -0.04024
   0.02494
  -0.00285
  -0.02001
   0.03743
  -0.04466
   0.03974
  -0.02400
   0.00173
   0.02101
  -0.03803
   0.04471
