   0.04187
  -0.03159
   0.01563
   0.00313
  -0.02134
   0.03571
  -0.04365
   0.04375
  -0.03599
   0.02175
  -0.00360
  -0.01519
   0.03126
  -0.04170
   0.04465
  -0.03957
   0.02737
  -0.01026
  -0.00870
   0.02610
  -0.03880
   0.04453
  -0.04225
   0.03238
  -0.01668
  -0.00201
   0.02034
  -0.03502
   0.04340
  -0.04397
   0.03664
  -0.02273
   0.00472
   0.01413
  -0.03044
   0.04128
  -0.04470
   0.04008
  -0.02825
   0.01135
   0.00760
  -0.02518
   0.03823
  -0.04441
   0.04260
  -0.03314
   0.01772
   0.00089
  -0.01934
   0.03431
  -0.04311
   0.04416
  -0.03728
   0.02369
  -0.00584
  -0.01306
   0.02961
  -0.04084
   0.04472
  -0.04056
   0.02912
  -0.01243
  -0.00649
   0.02424
  -0.03763
   0.04426
  -0.04293
   0.03388
  -0.01874
   0.00023
   0.01832
  -0.03358
   0.04280
  -0.04433
   0.03788
  -0.02463
   0.00695
   0.01198
  -0.02876
   0.04036
  -0.04471
   0.04102
  -0.02996
   0.01351
   0.00537
  -0.02329
   0.03701
  -0.04409
   0.04323
  -0.03461
   0.01976
  -0.00136
  -0.01729
   0.03282
  -0.04246
   0.04446
  -0.03847
   0.02556
  -0.00806
  -0.01089
   0.02789
  -0.03987
   0.04468
  -0.04146
   0.03078
  -0.01458
  -0.00425
   0.02232
  -0.03637
   0.04388
  -0.04351
   0.03531
  -0.02076
   0.00248
   0.01624
  -0.03205
   0.04209
  -0.04457
   0.03903
  -0.02648
   0.00916
   0.00980
  -0.02700
   0.03935
  -0.04462
   0.04187
  -0.03159
   0.01563
   0.00313
  -0.02134
   0.03571
  -0.04365
   0.04375
  -0.03599
   0.02175
  -0.00360
  -0.01519
   0.03126
  -0.04170
   0.04465
  -0.03957
   0.02737
  -0.01026
  -0.00870
   0.02610
  -0.03880
   0.04453
  -0.04225
   0.03238
  -0.01668
  -0.00201
   0.02034
  -0.03502
   0.04340
  -0.04397
   0.03664
  -0.02273
   0.00472
   0.01413
  -0.03044
   0.04128
  -0.04470
   0.04008
  -0.02825
   0.01135
   0.00760
  -0.02518
   0.03823
  -0.04441
   0.04260
  -0.03314
   0.01772
   0.00089
  -0.01934
   0.03431
  -0.04311
   0.04416
  -0.03728
   0.02369
  -0.00584
  -0.01306
   0.02961
  -0.04084
   0.04472
  -0.04056
   0.02912
  -0.01243
  -0.00649
   0.02424
  -0.03763
   0.04426
  -0.04293
   0.03388
  -0.01874
   0.00023
   0.01832
  -0.03358
   0.04280
  -0.04433
   0.03788
  -0.02463
   0.00695
   0.01198
  -0.02876
   0.04036
  -0.04471
   0.04102
  -0.02996
   0.01351
   0.00537
  -0.02329
   0.03701
  -0.04409
   0.04323
  -0.03461
   0.01976
  -0.00136
  -0.01729
   0.03282
  -0.04246
   0.04446
  -0.03847
   0.02556
  -0.00806
  -0.01089
   0.02789
  -0.03987
   0.04468
  -0.04146
   0.03078
  -0.01458
  -0.00425
   0.02232
  -0.03637
   0.04388
  -0.04351
   0.03531
  -0.02076
   0.00248
   0.01624
  -0.03205
   0.04209
  -0.04457
   0.03903
  -0.02648
   0.00916
   0.00980
  -0.02700
   0.03935
  -0.04462
   0.04187
  -0.03159
   0.01563
   0.00313
  -0.02134
   0.03571
  -0.04365
   0.04375
  -0.03599
   0.02175
  -0.00360
  -0.01519
   0.03126
  -0.04170
   0.04465
  -0.03957
   0.02737
  -0.01026
  -0.00870
   0.02610
  -0.03880
   0.04453
  -0.04225
   0.03238
  -0.01668
  -0.00201
   0.02034
  -0.03502
   0.04340
  -0.04397
   0.03664
  -0.02273
   0.00472
   0.01413
  -0.03044
   0.04128
  -0.04470
   0.04008
  -0.02825
   0.01135
   0.00760
  -0.02518
   0.03823
  -0.04441
   0.04260
  -0.03314
   0.01772
   0.00089
  -0.01934
   0.03431
  -0.04311
   0.04416
  -0.03728
   0.02369
  -0.00584
  -0.01306
   0.02961
  -0.04084
   0.04472
  -0.04056
   0.02912
  -0.01243
  -0.00649
   0.02424
  -0.03763
   0.04426
  -0.04293
   0.03388
  -0.01874
   0.00023
   0.01832
  -0.03358
   0.04280
  -0.04433
   0.03788
  -0.02463
   0.00695
   0.01198
  -0.02876
   0.04036
  -0.04471
   0.04102
  -0.02996
   0.01351
   0.00537
  -0.02329
   0.03701
  -0.04409
   0.04323
  -0.03461
   0.01976
  -0.00136
  -0.01729
   0.03282
  -0.04246
   0.04446
  -0.03847
   0.02556
  -0.00806
  -0.01089
   0.02789
  -0.03987
   0.04468
  -0.04146
   0.03078
  -0.01458
  -0.00425
   0.02232
  -0.03637
   0.04388
  -0.04351
   0.03531
  -0.02076
   0.00248
   0.01624
  -0.03205
   0.04209
  -0.04457
   0.03903
  -0.02648
   0.00916
   0.00980
  -0.02700
   0.03935
  -0.04462
   0.04187
  -0.03159
   0.01563
   0.00313
  -0.02134
   0.03571
  -0.04365
   0.04375
  -0.03599
   0.02175
  -0.00360
  -0.01519
   0.03126
  -0.04170
   0.04465
  -0.03957
   0.02737
  -0.01026
  -0.00870
   0.02610
  -0.03880
   0.04453
  -0.04225
   0.03238
  -0.01668
  -0.00201
   0.02034
  -0.03502
   0.04340
  -0.04397
   0.03664
  -0.02273
   0.00472
   0.01413
  -0.03044
   0.04128
  -0.04470
   0.04008
  -0.02825
   0.01135
   0.00760
  -0.02518
   0.03823
  -0.04441
   0.04260
  -0.03314
   0.01772
   0.00089
  -0.01934
   0.03431
  -0.04311
   0.04416
  -0.03728
   0.02369
  -0.00584
  -0.01306
   0.02961
  -0.04084
   0.04472
  -0.04056
   0.02912
  -0.01243
  -0.00649
   0.02424
  -0.03763
   0.04426
  -0.04293
   0.03388
  -0.01874
   0.00023
   0.01832
  -0.03358
   0.04280
  -0.04433
   0.03788
  -0.02463
   0.00695
   0.01198
  -0.02876
   0.04036
  -0.04471
   0.04102
  -0.02996
   0.01351
   0.00537
  -0.02329
   0.03701
  -0.04409
   0.04323
  -0.03461
   0.01976
  -0.00136
  -0.01729
   0.03282
  -0.04246
   0.04446
  -0.03847
   0.02556
  -0.00806
  -0.01089
   0.02789
  -0.03987
   0.04468
  -0.04146
   0.03078
  -0.01458
  -0.00425
   0.02232
  -0.03637
   0.04388
  -0.04351
   0.03531
  -0.02076
   0.00248
   0.01624
  -0.03205
   0.04209
  -0.04457
   0.03903
  -0.02648
   0.00916
   0.00980
  -0.02700
   0.03935
  -0.04462
   0.04187
  -0.03159
   0.01563
   0.00313
  -0.02134
   0.03571
  -0.04365
   0.04375
  -0.03599
   0.02175
  -0.00360
  -0.01519
   0.03126
  -0.04170
   0.04465
  -0.03957
   0.02737
  -0.01026
  -0.00870
   0.02610
  -0.03880
   0.04453
  -0.04225
   0.03238
  -0.01668
  -0.00201
   0.02034
  -0.03502
   0.04340
  -0.04397
   0.03664
  -0.02273
   0.00472
   0.01413
  -0.03044
   0.04128
  -0.04470
   0.04008
  -0.02825
   0.01135
   0.00760
  -0.02518
   0.03823
  -0.04441
   0.04260
  -0.03314
   0.01772
   0.00089
  -0.01934
   0.03431
  -0.04311
   0.04416
  -0.03728
   0.02369
  -0.00584
  -0.01306
   0.02961
  -0.04084
   0.04472
  -0.04056
   0.02912
  -0.01243
  -0.00649
   0.02424
  -0.03763
   0.04426
  -0.04293
   0.03388
  -0.01874
   0.00023
   0.01832
  -0.03358
   0.04280
  -0.04433
   0.03788
  -0.02463
   0.00695
   0.01198
  -0.02876
   0.04036
  -0.04471
   0.04102
  -0.02996
   0.01351
   0.00537
  -0.02329
   0.03701
  -0.04409
   0.04323
  -0.03461
   0.01976
  -0.00136
  -0.01729
   0.03282
  -0.04246
   0.04446
  -0.03847
   0.02556
  -0.00806
  -0.01089
   0.02789
  -0.03987
   0.04468
  -0.04146
   0.03078
  -0.01458
  -0.00425
   0.02232
  -0.03637
   0.04388
  -0.04351
   0.03531
  -0.02076
   0.00248
   0.01624
  -0.03205
   0.04209
  -0.04457
   0.03903
  -0.02648
   0.00916
   0.00980
  -0.02700
   0.03935
  -0.04462
   0.04187
  -0.03159
   0.01563
   0.00313
  -0.02134
   0.03571
  -0.04365
   0.04375
  -0.03599
   0.02175
  -0.00360
  -0.01519
   0.03126
  -0.04170
   0.04465
  -0.03957
   0.02737
  -0.01026
  -0.00870
   0.02610
  -0.03880
   0.04453
  -0.04225
   0.03238
  -0.01668
  -0.00201
   0.02034
  -0.03502
   0.04340
  -0.04397
   0.03664
  -0.02273
   0.00472
   0.01413
  -0.03044
   0.04128
  -0.04470
   0.04008
  -0.02825
   0.01135
   0.00760
  -0.02518
   0.03823
  -0.04441
   0.04260
  -0.03314
   0.01772
   0.00089
  -0.01934
   0.03431
  -0.04311
   0.04416
  -0.03728
   0.02369
  -0.00584
  -0.01306
   0.02961
  -0.04084
   0.04472
  -0.04056
   0.02912
  -0.01243
  -0.00649
   0.02424
  -0.03763
   0.04426
  -0.04293
   0.03388
  -0.01874
   0.00023
   0.01832
  -0.03358
   0.04280
  -0.04433
   0.03788
  -0.02463
   0.00695
   0.01198
  -0.02876
   0.04036
  -0.04471
   0.04102
  -0.02996
   0.01351
   0.00537
  -0.02329
   0.03701
  -0.04409
   0.04323
  -0.03461
   0.01976
  -0.00136
  -0.01729
   0.03282
  -0.04246
   0.04446
  -0.03847
   0.02556
  -0.00806
  -0.01089
   0.02789
  -0.03987
   0.04468
  -0.04146
   0.03078
  -0.01458
  -0.00425
   0.02232
  -0.03637
   0.04388
  -0.04351
   0.03531
  -0.02076
   0.00248
   0.01624
  -0.03205
   0.04209
  -0.04457
   0.03903
  -0.02648
   0.00916
   0.00980
  -0.02700
   0.03935
  -0.04462
   0.04187
  -0.03159
   0.01563
   0.00313
  -0.02134
   0.03571
  -0.04365
   0.04375
  -0.03599
   0.02175
  -0.00360
  -0.01519
   0.03126
  -0.04170
   0.04465
  -0.03957
   0.02737
  -0.01026
  -0.00870
   0.02610
  -0.03880
   0.04453
  -0.04225
   0.03238
  -0.01668
  -0.00201
   0.02034
  -0.03502
   0.04340
  -0.04397
   0.03664
  -0.02273
   0.00472
   0.01413
  -0.03044
   0.04128
  -0.04470
   0.04008
  -0.02825
   0.01135
   0.00760
  -0.02518
   0.03823
  -0.04441
   0.04260
  -0.03314
   0.01772
   0.00089
  -0.01934
   0.03431
  -0.04311
   0.04416
  -0.03728
   0.02369
  -0.00584
  -0.01306
   0.02961
  -0.04084
   0.04472
  -0.04056
   0.02912
  -0.01243
  -0.00649
   0.02424
  -0.03763
   0.04426
  -0.04293
   0.03388
  -0.01874
   0.00023
   0.01832
  -0.03358
   0.04280
  -0.04433
   0.03788
  -0.02463
   0.00695
   0.01198
  -0.02876
   0.04036
  -0.04471
   0.04102
  -0.02996
   0.01351
   0.00537
  -0.02329
   0.03701
  -0.04409
   0.04323
  -0.03461
   0.01976
  -0.00136
  -0.01729
   0.03282
  -0.04246
   0.04446
  -0.03847
   0.02556
  -0.00806
  -0.01089
   0.02789
  -0.03987
   0.04468
  -0.04146
   0.03078
  -0.01458
  -0.00425
   0.02232
  -0.03637
   0.04388
  -0.04351
   0.03531
  -0.02076
   0.00248
   0.01624
  -0.03205
   0.04209
  -0.04457
   0.03903
  -0.02648
   0.00916
   0.00980
  -0.02700
   0.03935
  -0.04462
   0.04187
  -0.03159
   0.01563
   0.00313
  -0.02134
   0.03571
  -0.04365
   0.04375
  -0.03599
   0.02175
  -0.00360
  -0.01519
   0.03126
  -0.04170
   0.04465
  -0.03957
   0.02737
  -0.01026
  -0.00870
   0.02610
  -0.03880
   0.04453
  -0.04225
   0.03238
  -0.01668
  -0.00201
   0.02034
  -0.03502
   0.04340
  -0.04397
   0.03664
  -0.02273
   0.00472
   0.01413
  -0.03044
   0.04128
  -0.04470
   0.04008
  -0.02825
   0.01135
   0.00760
  -0.02518
   0.03823
  -0.04441
   0.04260
  -0.03314
   0.01772
   0.00089
  -0.01934
   0.03431
  -0.04311
   0.04416
  -0.03728
   0.02369
  -0.00584
  -0.01306
   0.02961
  -0.04084
   0.04472
  -0.04056
   0.02912
  -0.01243
  -0.00649
   0.02424
  -0.03763
   0.04426
  -0.04293
   0.03388
  -0.01874
   0.00023
   0.01832
  -0.03358
   0.04280
  -0.04433
   0.03788
  -0.02463
   0.00695
   0.01198
  -0.02876
   0.04036
  -0.04471
   0.04102
  -0.02996
   0.01351
   0.00537
  -0.02329
   0.03701
  -0.04409
   0.04323
  -0.03461
   0.01976
  -0.00136
  -0.01729
   0.03282
  -0.04246
   0.04446
  -0.03847
   0.02556
  -0.00806
  -0.01089
   0.02789
  -0.03987
   0.04468
  -0.04146
   0.03078
  -0.01458
  -0.00425
   0.02232
  -0.03637
   0.04388
  -0.04351
   0.03531
  -0.02076
   0.00248
   0.01624
  -0.03205
   0.04209
  -0.04457
   0.03903
  -0.02648
   0.00916
   0.00980
  -0.02700
   0.03935
  -0.04462
