  -0.03430
  -0.00759
   0.02273
   0.04225
   0.04170
   0.02133
  -0.00917
  -0.03531
  -0.04468
  -0.03282
  -0.00536
   0.02464
   0.04294
   0.04083
   0.01933
  -0.01136
  -0.03665
  -0.04453
  -0.03125
  -0.00313
   0.02648
   0.04351
   0.03986
   0.01728
  -0.01352
  -0.03789
  -0.04426
  -0.02960
  -0.00088
   0.02826
   0.04397
   0.03880
   0.01518
  -0.01564
  -0.03904
  -0.04388
  -0.02788
   0.00137
   0.02997
   0.04433
   0.03763
   0.01305
  -0.01773
  -0.04008
  -0.04339
  -0.02609
   0.00361
   0.03160
   0.04457
   0.03637
   0.01089
  -0.01977
  -0.04103
  -0.04280
  -0.02423
   0.00585
   0.03315
   0.04470
   0.03501
   0.00869
  -0.02176
  -0.04187
  -0.04209
  -0.02231
   0.00807
   0.03461
   0.04471
   0.03357
   0.00648
  -0.02369
  -0.04261
  -0.04128
  -0.02034
   0.01027
   0.03599
   0.04462
   0.03204
   0.00425
  -0.02557
  -0.04324
  -0.04036
  -0.01831
   0.01244
   0.03728
   0.04441
   0.03044
   0.00200
  -0.02738
  -0.04376
  -0.03934
  -0.01624
   0.01458
   0.03847
   0.04409
   0.02875
  -0.00024
  -0.02912
  -0.04416
  -0.03822
  -0.01412
   0.01669
   0.03957
   0.04365
   0.02699
  -0.00249
  -0.03079
  -0.04446
  -0.03701
  -0.01197
   0.01875
   0.04057
   0.04311
   0.02517
  -0.00473
  -0.03238
  -0.04465
  -0.03570
  -0.00979
   0.02077
   0.04146
   0.04246
   0.02328
  -0.00696
  -0.03389
  -0.04472
  -0.03430
  -0.00759
   0.02273
   0.04225
   0.04170
   0.02133
  -0.00917
  -0.03531
  -0.04468
  -0.03282
  -0.00536
   0.02464
   0.04294
   0.04083
   0.01933
  -0.01136
  -0.03665
  -0.04453
  -0.03125
  -0.00313
   0.02648
   0.04351
   0.03986
   0.01728
  -0.01352
  -0.03789
  -0.04426
  -0.02960
  -0.00088
   0.02826
   0.04397
   0.03880
   0.01518
  -0.01564
  -0.03904
  -0.04388
  -0.02788
   0.00137
   0.02997
   0.04433
   0.03763
   0.01305
  -0.01773
  -0.04008
  -0.04339
  -0.02609
   0.00361
   0.03160
   0.04457
   0.03637
   0.01089
  -0.01977
  -0.04103
  -0.04280
  -0.02423
   0.00585
   0.03315
   0.04470
   0.03501
   0.00869
  -0.02176
  -0.04187
  -0.04209
  -0.02231
   0.00807
   0.03461
   0.04471
   0.03357
   0.00648
  -0.02369
  -0.04261
  -0.04128
  -0.02034
   0.01027
   0.03599
   0.04462
   0.03204
   0.00425
  -0.02557
  -0.04324
  -0.04036
  -0.01831
   0.01244
   0.03728
   0.04441
   0.03044
   0.00200
  -0.02738
  -0.04376
  -0.03934
  -0.01624
   0.01458
   0.03847
   0.04409
   0.02875
  -0.00024
  -0.02912
  -0.04416
  -0.03822
  -0.01412
   0.01669
   0.03957
   0.04365
   0.02699
  -0.00249
  -0.03079
  -0.04446
  -0.03701
  -0.01197
   0.01875
   0.04057
   0.04311
   0.02517
  -0.00473
  -0.03238
  -0.04465
  -0.03570
  -0.00979
   0.02077
   0.04146
   0.04246
   0.02328
  -0.00696
  -0.03389
  -0.04472
  -0.03430
  -0.00759
   0.02273
   0.04225
   0.04170
   0.02133
  -0.00917
  -0.03531
  -0.04468
  -0.03282
  -0.00536
   0.02464
   0.04294
   0.04083
   0.01933
  -0.01136
  -0.03665
  -0.04453
  -0.03125
  -0.00313
   0.02648
   0.04351
   0.03986
   0.01728
  -0.01352
  -0.03789
  -0.04426
  -0.02960
  -0.00088
   0.02826
   0.04397
   0.03880
   0.01518
  -0.01564
  -0.03904
  -0.04388
  -0.02788
   0.00137
   0.02997
   0.04433
   0.03763
   0.01305
  -0.01773
  -0.04008
  -0.04339
  -0.02609
   0.00361
   0.03160
   0.04457
   0.03637
   0.01089
  -0.01977
  -0.04103
  -0.04280
  -0.02423
   0.00585
   0.03315
   0.04470
   0.03501
   0.00869
  -0.02176
  -0.04187
  -0.04209
  -0.02231
   0.00807
   0.03461
   0.04471
   0.03357
   0.00648
  -0.02369
  -0.04261
  -0.04128
  -0.02034
   0.01027
   0.03599
   0.04462
   0.03204
   0.00425
  -0.02557
  -0.04324
  -0.04036
  -0.01831
   0.01244
   0.03728
   0.04441
   0.03044
   0.00200
  -0.02738
  -0.04376
  -0.03934
  -0.01624
   0.01458
   0.03847
   0.04409
   0.02875
  -0.00024
  -0.02912
  -0.04416
  -0.03822
  -0.01412
   0.01669
   0.03957
   0.04365
   0.02699
  -0.00249
  -0.03079
  -0.04446
  -0.03701
  -0.01197
   0.01875
   0.04057
   0.04311
   0.02517
  -0.00473
  -0.03238
  -0.04465
  -0.03570
  -0.00979
   0.02077
   0.04146
   0.04246
   0.02328
  -0.00696
  -0.03389
  -0.04472
  -0.03430
  -0.00759
   0.02273
   0.04225
   0.04170
   0.02133
  -0.00917
  -0.03531
  -0.04468
  -0.03282
  -0.00536
   0.02464
   0.04294
   0.04083
   0.01933
  -0.01136
  -0.03665
  -0.04453
  -0.03125
  -0.00313
   0.02648
   0.04351
   0.03986
   0.01728
  -0.01352
  -0.03789
  -0.04426
  -0.02960
  -0.00088
   0.02826
   0.04397
   0.03880
   0.01518
  -0.01564
  -0.03904
  -0.04388
  -0.02788
   0.00137
   0.02997
   0.04433
   0.03763
   0.01305
  -0.01773
  -0.04008
  -0.04339
  -0.02609
   0.00361
   0.03160
   0.04457
   0.03637
   0.01089
  -0.01977
  -0.04103
  -0.04280
  -0.02423
   0.00585
   0.03315
   0.04470
   0.03501
   0.00869
  -0.02176
  -0.04187
  -0.04209
  -0.02231
   0.00807
   0.03461
   0.04471
   0.03357
   0.00648
  -0.02369
  -0.04261
  -0.04128
  -0.02034
   0.01027
   0.03599
   0.04462
   0.03204
   0.00425
  -0.02557
  -0.04324
  -0.04036
  -0.01831
   0.01244
   0.03728
   0.04441
   0.03044
   0.00200
  -0.02738
  -0.04376
  -0.03934
  -0.01624
   0.01458
   0.03847
   0.04409
   0.02875
  -0.00024
  -0.02912
  -0.04416
  -0.03822
  -0.01412
   0.01669
   0.03957
   0.04365
   0.02699
  -0.00249
  -0.03079
  -0.04446
  -0.03701
  -0.01197
   0.01875
   0.04057
   0.04311
   0.02517
  -0.00473
  -0.03238
  -0.04465
  -0.03570
  -0.00979
   0.02077
   0.04146
   0.04246
   0.02328
  -0.00696
  -0.03389
  -0.04472
  -0.03430
  -0.00759
   0.02273
   0.04225
   0.04170
   0.02133
  -0.00917
  -0.03531
  -0.04468
  -0.03282
  -0.00536
   0.02464
   0.04294
   0.04083
   0.01933
  -0.01136
  -0.03665
  -0.04453
  -0.03125
  -0.00313
   0.02648
   0.04351
   0.03986
   0.01728
  -0.01352
  -0.03789
  -0.04426
  -0.02960
  -0.00088
   0.02826
   0.04397
   0.03880
   0.01518
  -0.01564
  -0.03904
  -0.04388
  -0.02788
   0.00137
   0.02997
   0.04433
   0.03763
   0.01305
  -0.01773
  -0.04008
  -0.04339
  -0.02609
   0.00361
   0.03160
   0.04457
   0.03637
   0.01089
  -0.01977
  -0.04103
  -0.04280
  -0.02423
   0.00585
   0.03315
   0.04470
   0.03501
   0.00869
  -0.02176
  -0.04187
  -0.04209
  -0.02231
   0.00807
   0.03461
   0.04471
   0.03357
   0.00648
  -0.02369
  -0.04261
  -0.04128
  -0.02034
   0.01027
   0.03599
   0.04462
   0.03204
   0.00425
  -0.02557
  -0.04324
  -0.04036
  -0.01831
   0.01244
   0.03728
   0.04441
   0.03044
   0.00200
  -0.02738
  -0.04376
  -0.03934
  -0.01624
   0.01458
   0.03847
   0.04409
   0.02875
  -0.00024
  -0.02912
  -0.04416
  -0.03822
  -0.01412
   0.01669
   0.03957
   0.04365
   0.02699
  -0.00249
  -0.03079
  -0.04446
  -0.03701
  -0.01197
   0.01875
   0.04057
   0.04311
   0.02517
  -0.00473
  -0.03238
  -0.04465
  -0.03570
  -0.00979
   0.02077
   0.04146
   0.04246
   0.02328
  -0.00696
  -0.03389
  -0.04472
  -0.03430
  -0.00759
   0.02273
   0.04225
   0.04170
   0.02133
  -0.00917
  -0.03531
  -0.04468
  -0.03282
  -0.00536
   0.02464
   0.04294
   0.04083
   0.01933
  -0.01136
  -0.03665
  -0.04453
  -0.03125
  -0.00313
   0.02648
   0.04351
   0.03986
   0.01728
  -0.01352
  -0.03789
  -0.04426
  -0.02960
  -0.00088
   0.02826
   0.04397
   0.03880
   0.01518
  -0.01564
  -0.03904
  -0.04388
  -0.02788
   0.00137
   0.02997
   0.04433
   0.03763
   0.01305
  -0.01773
  -0.04008
  -0.04339
  -0.02609
   0.00361
   0.03160
   0.04457
   0.03637
   0.01089
  -0.01977
  -0.04103
  -0.04280
  -0.02423
   0.00585
   0.03315
   0.04470
   0.03501
   0.00869
  -0.02176
  -0.04187
  -0.04209
  -0.02231
   0.00807
   0.03461
   0.04471
   0.03357
   0.00648
  -0.02369
  -0.04261
  -0.04128
  -0.02034
   0.01027
   0.03599
   0.04462
   0.03204
   0.00425
  -0.02557
  -0.04324
  -0.04036
  -0.01831
   0.01244
   0.03728
   0.04441
   0.03044
   0.00200
  -0.02738
  -0.04376
  -0.03934
  -0.01624
   0.01458
   0.03847
   0.04409
   0.02875
  -0.00024
  -0.02912
  -0.04416
  -0.03822
  -0.01412
   0.01669
   0.03957
   0.04365
   0.02699
  -0.00249
  -0.03079
  -0.04446
  -0.03701
  -0.01197
   0.01875
   0.04057
   0.04311
   0.02517
  -0.00473
  -0.03238
  -0.04465
  -0.03570
  -0.00979
   0.02077
   0.04146
   0.04246
   0.02328
  -0.00696
  -0.03389
  -0.04472
  -0.03430
  -0.00759
   0.02273
   0.04225
   0.04170
   0.02133
  -0.00917
  -0.03531
  -0.04468
  -0.03282
  -0.00536
   0.02464
   0.04294
   0.04083
   0.01933
  -0.01136
  -0.03665
  -0.04453
  -0.03125
  -0.00313
   0.02648
   0.04351
   0.03986
   0.01728
  -0.01352
  -0.03789
  -0.04426
  -0.02960
  -0.00088
   0.02826
   0.04397
   0.03880
   0.01518
  -0.01564
  -0.03904
  -0.04388
  -0.02788
   0.00137
   0.02997
   0.04433
   0.03763
   0.01305
  -0.01773
  -0.04008
  -0.04339
  -0.02609
   0.00361
   0.03160
   0.04457
   0.03637
   0.01089
  -0.01977
  -0.04103
  -0.04280
  -0.02423
   0.00585
   0.03315
   0.04470
   0.03501
   0.00869
  -0.02176
  -0.04187
  -0.04209
  -0.02231
   0.00807
   0.03461
   0.04471
   0.03357
   0.00648
  -0.02369
  -0.04261
  -0.04128
  -0.02034
   0.01027
   0.03599
   0.04462
   0.03204
   0.00425
  -0.02557
  -0.04324
  -0.04036
  -0.01831
   0.01244
   0.03728
   0.04441
   0.03044
   0.00200
  -0.02738
  -0.04376
  -0.03934
  -0.01624
   0.01458
   0.03847
   0.04409
   0.02875
  -0.00024
  -0.02912
  -0.04416
  -0.03822
  -0.01412
   0.01669
   0.03957
   0.04365
   0.02699
  -0.00249
  -0.03079
  -0.04446
  -0.03701
  -0.01197
   0.01875
   0.04057
   0.04311
   0.02517
  -0.00473
  -0.03238
  -0.04465
  -0.03570
  -0.00979
   0.02077
   0.04146
   0.04246
   0.02328
  -0.00696
  -0.03389
  -0.04472
  -0.03430
  -0.00759
   0.02273
   0.04225
   0.04170
   0.02133
  -0.00917
  -0.03531
  -0.04468
  -0.03282
  -0.00536
   0.02464
   0.04294
   0.04083
   0.01933
  -0.01136
  -0.03665
  -0.04453
  -0.03125
  -0.00313
   0.02648
   0.04351
   0.03986
   0.01728
  -0.01352
  -0.03789
  -0.04426
  -0.02960
  -0.00088
   0.02826
   0.04397
   0.03880
   0.01518
  -0.01564
  -0.03904
  -0.04388
  -0.02788
   0.00137
   0.02997
   0.04433
   0.03763
   0.01305
  -0.01773
  -0.04008
  -0.04339
  -0.02609
   0.00361
   0.03160
   0.04457
   0.03637
   0.01089
  -0.01977
  -0.04103
  -0.04280
  -0.02423
   0.00585
   0.03315
   0.04470
   0.03501
   0.00869
  -0.02176
  -0.04187
  -0.04209
  -0.02231
   0.00807
   0.03461
   0.04471
   0.03357
   0.00648
  -0.02369
  -0.04261
  -0.04128
  -0.02034
   0.01027
   0.03599
   0.04462
   0.03204
   0.00425
  -0.02557
  -0.04324
  -0.04036
  -0.01831
   0.01244
   0.03728
   0.04441
   0.03044
   0.00200
  -0.02738
  -0.04376
  -0.03934
  -0.01624
   0.01458
   0.03847
   0.04409
   0.02875
  -0.00024
  -0.02912
  -0.04416
  -0.03822
  -0.01412
   0.01669
   0.03957
   0.04365
   0.02699
  -0.00249
  -0.03079
  -0.04446
  -0.03701
  -0.01197
   0.01875
   0.04057
   0.04311
   0.02517
  -0.00473
  -0.03238
  -0.04465
  -0.03570
  -0.00979
   0.02077
   0.04146
   0.04246
   0.02328
  -0.00696
  -0.03389
  -0.04472
