   0.04362
  -0.02090
  -0.03272
   0.03797
   0.01291
  -0.04470
   0.01041
   0.03927
  -0.03090
  -0.02315
   0.04298
   0.00073
  -0.04336
   0.02189
   0.03194
  -0.03855
  -0.01183
   0.04472
  -0.01150
  -0.03872
   0.03170
   0.02218
  -0.04327
   0.00039
   0.04307
  -0.02286
  -0.03114
   0.03911
   0.01074
  -0.04471
   0.01258
   0.03815
  -0.03248
  -0.02120
   0.04354
  -0.00151
  -0.04275
   0.02382
   0.03033
  -0.03964
  -0.00965
   0.04467
  -0.01366
  -0.03755
   0.03325
   0.02020
  -0.04379
   0.00264
   0.04241
  -0.02476
  -0.02949
   0.04015
   0.00855
  -0.04461
   0.01472
   0.03693
  -0.03399
  -0.01920
   0.04400
  -0.00376
  -0.04204
   0.02569
   0.02864
  -0.04063
  -0.00744
   0.04451
  -0.01578
  -0.03628
   0.03471
   0.01817
  -0.04419
   0.00488
   0.04164
  -0.02660
  -0.02777
   0.04109
   0.00633
  -0.04439
   0.01683
   0.03561
  -0.03540
  -0.01714
   0.04435
  -0.00599
  -0.04122
   0.02750
   0.02688
  -0.04152
  -0.00522
   0.04424
  -0.01786
  -0.03492
   0.03608
   0.01610
  -0.04448
   0.00710
   0.04077
  -0.02837
  -0.02597
   0.04192
   0.00410
  -0.04406
   0.01889
   0.03421
  -0.03673
  -0.01504
   0.04458
  -0.00821
  -0.04030
   0.02923
   0.02505
  -0.04230
  -0.00298
   0.04385
  -0.01990
  -0.03347
   0.03736
   0.01398
  -0.04466
   0.00931
   0.03980
  -0.03008
  -0.02411
   0.04265
   0.00186
  -0.04362
   0.02090
   0.03272
  -0.03797
  -0.01291
   0.04470
  -0.01041
  -0.03927
   0.03090
   0.02315
  -0.04298
  -0.00073
   0.04336
  -0.02189
  -0.03194
   0.03855
   0.01183
  -0.04472
   0.01150
   0.03872
  -0.03170
  -0.02218
   0.04327
  -0.00039
  -0.04307
   0.02286
   0.03114
  -0.03911
  -0.01074
   0.04471
  -0.01258
  -0.03815
   0.03248
   0.02120
  -0.04354
   0.00151
   0.04275
  -0.02382
  -0.03033
   0.03964
   0.00965
  -0.04467
   0.01366
   0.03755
  -0.03325
  -0.02020
   0.04379
  -0.00264
  -0.04241
   0.02476
   0.02949
  -0.04015
  -0.00855
   0.04461
  -0.01472
  -0.03693
   0.03399
   0.01920
  -0.04400
   0.00376
   0.04204
  -0.02569
  -0.02864
   0.04063
   0.00744
  -0.04451
   0.01578
   0.03628
  -0.03471
  -0.01817
   0.04419
  -0.00488
  -0.04164
   0.02660
   0.02777
  -0.04109
  -0.00633
   0.04439
  -0.01683
  -0.03561
   0.03540
   0.01714
  -0.04435
   0.00599
   0.04122
  -0.02750
  -0.02688
   0.04152
   0.00522
  -0.04424
   0.01786
   0.03492
  -0.03608
  -0.01610
   0.04448
  -0.00710
  -0.04077
   0.02837
   0.02597
  -0.04192
  -0.00410
   0.04406
  -0.01889
  -0.03421
   0.03673
   0.01504
  -0.04458
   0.00821
   0.04030
  -0.02923
  -0.02505
   0.04230
   0.00298
  -0.04385
   0.01990
   0.03347
  -0.03736
  -0.01398
   0.04466
  -0.00931
  -0.03980
   0.03008
   0.02411
  -0.04265
  -0.00186
   0.04362
  -0.02090
  -0.03272
   0.03797
   0.01291
  -0.04470
   0.01041
   0.03927
  -0.03090
  -0.02315
   0.04298
   0.00073
  -0.04336
   0.02189
   0.03194
  -0.03855
  -0.01183
   0.04472
  -0.01150
  -0.03872
   0.03170
   0.02218
  -0.04327
   0.00039
   0.04307
  -0.02286
  -0.03114
   0.03911
   0.01074
  -0.04471
   0.01258
   0.03815
  -0.03248
  -0.02120
   0.04354
  -0.00151
  -0.04275
   0.02382
   0.03033
  -0.03964
  -0.00965
   0.04467
  -0.01366
  -0.03755
   0.03325
   0.02020
  -0.04379
   0.00264
   0.04241
  -0.02476
  -0.02949
   0.04015
   0.00855
  -0.04461
   0.01472
   0.03693
  -0.03399
  -0.01920
   0.04400
  -0.00376
  -0.04204
   0.02569
   0.02864
  -0.04063
  -0.00744
   0.04451
  -0.01578
  -0.03628
   0.03471
   0.01817
  -0.04419
   0.00488
   0.04164
  -0.02660
  -0.02777
   0.04109
   0.00633
  -0.04439
   0.01683
   0.03561
  -0.03540
  -0.01714
   0.04435
  -0.00599
  -0.04122
   0.02750
   0.02688
  -0.04152
  -0.00522
   0.04424
  -0.01786
  -0.03492
   0.03608
   0.01610
  -0.04448
   0.00710
   0.04077
  -0.02837
  -0.02597
   0.04192
   0.00410
  -0.04406
   0.01889
   0.03421
  -0.03673
  -0.01504
   0.04458
  -0.00821
  -0.04030
   0.02923
   0.02505
  -0.04230
  -0.00298
   0.04385
  -0.01990
  -0.03347
   0.03736
   0.01398
  -0.04466
   0.00931
   0.03980
  -0.03008
  -0.02411
   0.04265
   0.00186
  -0.04362
   0.02090
   0.03272
  -0.03797
  -0.01291
   0.04470
  -0.01041
  -0.03927
   0.03090
   0.02315
  -0.04298
  -0.00073
   0.04336
  -0.02189
  -0.03194
   0.03855
   0.01183
  -0.04472
   0.01150
   0.03872
  -0.03170
  -0.02218
   0.04327
  -0.00039
  -0.04307
   0.02286
   0.03114
  -0.03911
  -0.01074
   0.04471
  -0.01258
  -0.03815
   0.03248
   0.02120
  -0.04354
   0.00151
   0.04275
  -0.02382
  -0.03033
   0.03964
   0.00965
  -0.04467
   0.01366
   0.03755
  -0.03325
  -0.02020
   0.04379
  -0.00264
  -0.04241
   0.02476
   0.02949
  -0.04015
  -0.00855
   0.04461
  -0.01472
  -0.03693
   0.03399
   0.01920
  -0.04400
   0.00376
   0.04204
  -0.02569
  -0.02864
   0.04063
   0.00744
  -0.04451
   0.01578
   0.03628
  -0.03471
  -0.01817
   0.04419
  -0.00488
  -0.04164
   0.02660
   0.02777
  -0.04109
  -0.00633
   0.04439
  -0.01683
  -0.03561
   0.03540
   0.01714
  -0.04435
   0.00599
   0.04122
  -0.02750
  -0.02688
   0.04152
   0.00522
  -0.04424
   0.01786
   0.03492
  -0.03608
  -0.01610
   0.04448
  -0.00710
  -0.04077
   0.02837
   0.02597
  -0.04192
  -0.00410
   0.04406
  -0.01889
  -0.03421
   0.03673
   0.01504
  -0.04458
   0.00821
   0.04030
  -0.02923
  -0.02505
   0.04230
   0.00298
  -0.04385
   0.01990
   0.03347
  -0.03736
  -0.01398
   0.04466
  -0.00931
  -0.03980
   0.03008
   0.02411
  -0.04265
  -0.00186
   0.04362
  -0.02090
  -0.03272
   0.03797
   0.01291
  -0.04470
   0.01041
   0.03927
  -0.03090
  -0.02315
   0.04298
   0.00073
  -0.04336
   0.02189
   0.03194
  -0.03855
  -0.01183
   0.04472
  -0.01150
  -0.03872
   0.03170
   0.02218
  -0.04327
   0.00039
   0.04307
  -0.02286
  -0.03114
   0.03911
   0.01074
  -0.04471
   0.01258
   0.03815
  -0.03248
  -0.02120
   0.04354
  -0.00151
  -0.04275
   0.02382
   0.03033
  -0.03964
  -0.00965
   0.04467
  -0.01366
  -0.03755
   0.03325
   0.02020
  -0.04379
   0.00264
   0.04241
  -0.02476
  -0.02949
   0.04015
   0.00855
  -0.04461
   0.01472
   0.03693
  -0.03399
  -0.01920
   0.04400
  -0.00376
  -0.04204
   0.02569
   0.02864
  -0.04063
  -0.00744
   0.04451
  -0.01578
  -0.03628
   0.03471
   0.01817
  -0.04419
   0.00488
   0.04164
  -0.02660
  -0.02777
   0.04109
   0.00633
  -0.04439
   0.01683
   0.03561
  -0.03540
  -0.01714
   0.04435
  -0.00599
  -0.04122
   0.02750
   0.02688
  -0.04152
  -0.00522
   0.04424
  -0.01786
  -0.03492
   0.03608
   0.01610
  -0.04448
   0.00710
   0.04077
  -0.02837
  -0.02597
   0.04192
   0.00410
  -0.04406
   0.01889
   0.03421
  -0.03673
  -0.01504
   0.04458
  -0.00821
  -0.04030
   0.02923
   0.02505
  -0.04230
  -0.00298
   0.04385
  -0.01990
  -0.03347
   0.03736
   0.01398
  -0.04466
   0.00931
   0.03980
  -0.03008
  -0.02411
   0.04265
   0.00186
  -0.04362
   0.02090
   0.03272
  -0.03797
  -0.01291
   0.04470
  -0.01041
  -0.03927
   0.03090
   0.02315
  -0.04298
  -0.00073
   0.04336
  -0.02189
  -0.03194
   0.03855
   0.01183
  -0.04472
   0.01150
   0.03872
  -0.03170
  -0.02218
   0.04327
  -0.00039
  -0.04307
   0.02286
   0.03114
  -0.03911
  -0.01074
   0.04471
  -0.01258
  -0.03815
   0.03248
   0.02120
  -0.04354
   0.00151
   0.04275
  -0.02382
  -0.03033
   0.03964
   0.00965
  -0.04467
   0.01366
   0.03755
  -0.03325
  -0.02020
   0.04379
  -0.00264
  -0.04241
   0.02476
   0.02949
  -0.04015
  -0.00855
   0.04461
  -0.01472
  -0.03693
   0.03399
   0.01920
  -0.04400
   0.00376
   0.04204
  -0.02569
  -0.02864
   0.04063
   0.00744
  -0.04451
   0.01578
   0.03628
  -0.03471
  -0.01817
   0.04419
  -0.00488
  -0.04164
   0.02660
   0.02777
  -0.04109
  -0.00633
   0.04439
  -0.01683
  -0.03561
   0.03540
   0.01714
  -0.04435
   0.00599
   0.04122
  -0.02750
  -0.02688
   0.04152
   0.00522
  -0.04424
   0.01786
   0.03492
  -0.03608
  -0.01610
   0.04448
  -0.00710
  -0.04077
   0.02837
   0.02597
  -0.04192
  -0.00410
   0.04406
  -0.01889
  -0.03421
   0.03673
   0.01504
  -0.04458
   0.00821
   0.04030
  -0.02923
  -0.02505
   0.04230
   0.00298
  -0.04385
   0.01990
   0.03347
  -0.03736
  -0.01398
   0.04466
  -0.00931
  -0.03980
   0.03008
   0.02411
  -0.04265
  -0.00186
   0.04362
  -0.02090
  -0.03272
   0.03797
   0.01291
  -0.04470
   0.01041
   0.03927
  -0.03090
  -0.02315
   0.04298
   0.00073
  -0.04336
   0.02189
   0.03194
  -0.03855
  -0.01183
   0.04472
  -0.01150
  -0.03872
   0.03170
   0.02218
  -0.04327
   0.00039
   0.04307
  -0.02286
  -0.03114
   0.03911
   0.01074
  -0.04471
   0.01258
   0.03815
  -0.03248
  -0.02120
   0.04354
  -0.00151
  -0.04275
   0.02382
   0.03033
  -0.03964
  -0.00965
   0.04467
  -0.01366
  -0.03755
   0.03325
   0.02020
  -0.04379
   0.00264
   0.04241
  -0.02476
  -0.02949
   0.04015
   0.00855
  -0.04461
   0.01472
   0.03693
  -0.03399
  -0.01920
   0.04400
  -0.00376
  -0.04204
   0.02569
   0.02864
  -0.04063
  -0.00744
   0.04451
  -0.01578
  -0.03628
   0.03471
   0.01817
  -0.04419
   0.00488
   0.04164
  -0.02660
  -0.02777
   0.04109
   0.00633
  -0.04439
   0.01683
   0.03561
  -0.03540
  -0.01714
   0.04435
  -0.00599
  -0.04122
   0.02750
   0.02688
  -0.04152
  -0.00522
   0.04424
  -0.01786
  -0.03492
   0.03608
   0.01610
  -0.04448
   0.00710
   0.04077
  -0.02837
  -0.02597
   0.04192
   0.00410
  -0.04406
   0.01889
   0.03421
  -0.03673
  -0.01504
   0.04458
  -0.00821
  -0.04030
   0.02923
   0.02505
  -0.04230
  -0.00298
   0.04385
  -0.01990
  -0.03347
   0.03736
   0.01398
  -0.04466
   0.00931
   0.03980
  -0.03008
  -0.02411
   0.04265
   0.00186
  -0.04362
   0.02090
   0.03272
  -0.03797
  -0.01291
   0.04470
  -0.01041
  -0.03927
   0.03090
   0.02315
  -0.04298
  -0.00073
   0.04336
  -0.02189
  -0.03194
   0.03855
   0.01183
  -0.04472
   0.01150
   0.03872
  -0.03170
  -0.02218
   0.04327
  -0.00039
  -0.04307
   0.02286
   0.03114
  -0.03911
  -0.01074
   0.04471
  -0.01258
  -0.03815
   0.03248
   0.02120
  -0.04354
   0.00151
   0.04275
  -0.02382
  -0.03033
   0.03964
   0.00965
  -0.04467
   0.01366
   0.03755
  -0.03325
  -0.02020
   0.04379
  -0.00264
  -0.04241
   0.02476
   0.02949
  -0.04015
  -0.00855
   0.04461
  -0.01472
  -0.03693
   0.03399
   0.01920
  -0.04400
   0.00376
   0.04204
  -0.02569
  -0.02864
   0.04063
   0.00744
  -0.04451
   0.01578
   0.03628
  -0.03471
  -0.01817
   0.04419
  -0.00488
  -0.04164
   0.02660
   0.02777
  -0.04109
  -0.00633
   0.04439
  -0.01683
  -0.03561
   0.03540
   0.01714
  -0.04435
   0.00599
   0.04122
  -0.02750
  -0.02688
   0.04152
   0.00522
  -0.04424
   0.01786
   0.03492
  -0.03608
  -0.01610
   0.04448
  -0.00710
  -0.04077
   0.02837
   0.02597
  -0.04192
  -0.00410
   0.04406
  -0.01889
  -0.03421
   0.03673
   0.01504
  -0.04458
   0.00821
   0.04030
  -0.02923
  -0.02505
   0.04230
   0.00298
  -0.04385
   0.01990
   0.03347
  -0.03736
  -0.01398
   0.04466
  -0.00931
  -0.03980
   0.03008
   0.02411
  -0.04265
  -0.00186
