   0.01565
  -0.02997
   0.04009
  -0.04457
   0.04279
  -0.03501
   0.02230
  -0.00647
  -0.01028
   0.02558
  -0.03729
   0.04376
  -0.04408
   0.03822
  -0.02699
   0.01196
   0.00474
  -0.02078
   0.03390
  -0.04226
   0.04468
  -0.04083
   0.03124
  -0.01727
   0.00087
   0.01565
  -0.02997
   0.04009
  -0.04457
   0.04279
  -0.03501
   0.02230
  -0.00647
  -0.01028
   0.02558
  -0.03729
   0.04376
  -0.04408
   0.03822
  -0.02699
   0.01196
   0.00474
  -0.02078
   0.03390
  -0.04226
   0.04468
  -0.04083
   0.03124
  -0.01727
   0.00087
   0.01565
  -0.02997
   0.04009
  -0.04457
   0.04279
  -0.03501
   0.02230
  -0.00647
  -0.01028
   0.02558
  -0.03729
   0.04376
  -0.04408
   0.03822
  -0.02699
   0.01196
   0.00474
  -0.02078
   0.03390
  -0.04226
   0.04468
  -0.04083
   0.03124
  -0.01727
   0.00087
   0.01565
  -0.02997
   0.04009
  -0.04457
   0.04279
  -0.03501
   0.02230
  -0.00647
  -0.01028
   0.02558
  -0.03729
   0.04376
  -0.04408
   0.03822
  -0.02699
   0.01196
   0.00474
  -0.02078
   0.03390
  -0.04226
   0.04468
  -0.04083
   0.03124
  -0.01727
   0.00087
   0.01565
  -0.02997
   0.04009
  -0.04457
   0.04279
  -0.03501
   0.02230
  -0.00647
  -0.01028
   0.02558
  -0.03729
   0.04376
  -0.04408
   0.03822
  -0.02699
   0.01196
   0.00474
  -0.02078
   0.03390
  -0.04226
   0.04468
  -0.04083
   0.03124
  -0.01727
   0.00087
   0.01565
  -0.02997
   0.04009
  -0.04457
   0.04279
  -0.03501
   0.02230
  -0.00647
  -0.01028
   0.02558
  -0.03729
   0.04376
  -0.04408
   0.03822
  -0.02699
   0.01196
   0.00474
  -0.02078
   0.03390
  -0.04226
   0.04468
  -0.04083
   0.03124
  -0.01727
   0.00087
   0.01565
  -0.02997
   0.04009
  -0.04457
   0.04279
  -0.03501
   0.02230
  -0.00647
  -0.01028
   0.02558
  -0.03729
   0.04376
  -0.04408
   0.03822
  -0.02699
   0.01196
   0.00474
  -0.02078
   0.03390
  -0.04226
   0.04468
  -0.04083
   0.03124
  -0.01727
   0.00087
   0.01565
  -0.02997
   0.04009
  -0.04457
   0.04279
  -0.03501
   0.02230
  -0.00647
  -0.01028
   0.02558
  -0.03729
   0.04376
  -0.04408
   0.03822
  -0.02699
   0.01196
   0.00474
  -0.02078
   0.03390
  -0.04226
   0.04468
  -0.04083
   0.03124
  -0.01727
   0.00087
   0.01565
  -0.02997
   0.04009
  -0.04457
   0.04279
  -0.03501
   0.02230
  -0.00647
  -0.01028
   0.02558
  -0.03729
   0.04376
  -0.04408
   0.03822
  -0.02699
   0.01196
   0.00474
  -0.02078
   0.03390
  -0.04226
   0.04468
  -0.04083
   0.03124
  -0.01727
   0.00087
   0.01565
  -0.02997
   0.04009
  -0.04457
   0.04279
  -0.03501
   0.02230
  -0.00647
  -0.01028
   0.02558
  -0.03729
   0.04376
  -0.04408
   0.03822
  -0.02699
   0.01196
   0.00474
  -0.02078
   0.03390
  -0.04226
   0.04468
  -0.04083
   0.03124
  -0.01727
   0.00087
   0.01565
  -0.02997
   0.04009
  -0.04457
   0.04279
  -0.03501
   0.02230
  -0.00647
  -0.01028
   0.02558
  -0.03729
   0.04376
  -0.04408
   0.03822
  -0.02699
   0.01196
   0.00474
  -0.02078
   0.03390
  -0.04226
   0.04468
  -0.04083
   0.03124
  -0.01727
   0.00087
   0.01565
  -0.02997
   0.04009
  -0.04457
   0.04279
  -0.03501
   0.02230
  -0.00647
  -0.01028
   0.02558
  -0.03729
   0.04376
  -0.04408
   0.03822
  -0.02699
   0.01196
   0.00474
  -0.02078
   0.03390
  -0.04226
   0.04468
  -0.04083
   0.03124
  -0.01727
   0.00087
   0.01565
  -0.02997
   0.04009
  -0.04457
   0.04279
  -0.03501
   0.02230
  -0.00647
  -0.01028
   0.02558
  -0.03729
   0.04376
  -0.04408
   0.03822
  -0.02699
   0.01196
   0.00474
  -0.02078
   0.03390
  -0.04226
   0.04468
  -0.04083
   0.03124
  -0.01727
   0.00087
   0.01565
  -0.02997
   0.04009
  -0.04457
   0.04279
  -0.03501
   0.02230
  -0.00647
  -0.01028
   0.02558
  -0.03729
   0.04376
  -0.04408
   0.03822
  -0.02699
   0.01196
   0.00474
  -0.02078
   0.03390
  -0.04226
   0.04468
  -0.04083
   0.03124
  -0.01727
   0.00087
   0.01565
  -0.02997
   0.04009
  -0.04457
   0.04279
  -0.03501
   0.02230
  -0.00647
  -0.01028
   0.02558
  -0.03729
   0.04376
  -0.04408
   0.03822
  -0.02699
   0.01196
   0.00474
  -0.02078
   0.03390
  -0.04226
   0.04468
  -0.04083
   0.03124
  -0.01727
   0.00087
   0.01565
  -0.02997
   0.04009
  -0.04457
   0.04279
  -0.03501
   0.02230
  -0.00647
  -0.01028
   0.02558
  -0.03729
   0.04376
  -0.04408
   0.03822
  -0.02699
   0.01196
   0.00474
  -0.02078
   0.03390
  -0.04226
   0.04468
  -0.04083
   0.03124
  -0.01727
   0.00087
   0.01565
  -0.02997
   0.04009
  -0.04457
   0.04279
  -0.03501
   0.02230
  -0.00647
  -0.01028
   0.02558
  -0.03729
   0.04376
  -0.04408
   0.03822
  -0.02699
   0.01196
   0.00474
  -0.02078
   0.03390
  -0.04226
   0.04468
  -0.04083
   0.03124
  -0.01727
   0.00087
   0.01565
  -0.02997
   0.04009
  -0.04457
   0.04279
  -0.03501
   0.02230
  -0.00647
  -0.01028
   0.02558
  -0.03729
   0.04376
  -0.04408
   0.03822
  -0.02699
   0.01196
   0.00474
  -0.02078
   0.03390
  -0.04226
   0.04468
  -0.04083
   0.03124
  -0.01727
   0.00087
   0.01565
  -0.02997
   0.04009
  -0.04457
   0.04279
  -0.03501
   0.02230
  -0.00647
  -0.01028
   0.02558
  -0.03729
   0.04376
  -0.04408
   0.03822
  -0.02699
   0.01196
   0.00474
  -0.02078
   0.03390
  -0.04226
   0.04468
  -0.04083
   0.03124
  -0.01727
   0.00087
   0.01565
  -0.02997
   0.04009
  -0.04457
   0.04279
  -0.03501
   0.02230
  -0.00647
  -0.01028
   0.02558
  -0.03729
   0.04376
  -0.04408
   0.03822
  -0.02699
   0.01196
   0.00474
  -0.02078
   0.03390
  -0.04226
   0.04468
  -0.04083
   0.03124
  -0.01727
   0.00087
   0.01565
  -0.02997
   0.04009
  -0.04457
   0.04279
  -0.03501
   0.02230
  -0.00647
  -0.01028
   0.02558
  -0.03729
   0.04376
  -0.04408
   0.03822
  -0.02699
   0.01196
   0.00474
  -0.02078
   0.03390
  -0.04226
   0.04468
  -0.04083
   0.03124
  -0.01727
   0.00087
   0.01565
  -0.02997
   0.04009
  -0.04457
   0.04279
  -0.03501
   0.02230
  -0.00647
  -0.01028
   0.02558
  -0.03729
   0.04376
  -0.04408
   0.03822
  -0.02699
   0.01196
   0.00474
  -0.02078
   0.03390
  -0.04226
   0.04468
  -0.04083
   0.03124
  -0.01727
   0.00087
   0.01565
  -0.02997
   0.04009
  -0.04457
   0.04279
  -0.03501
   0.02230
  -0.00647
  -0.01028
   0.02558
  -0.03729
   0.04376
  -0.04408
   0.03822
  -0.02699
   0.01196
   0.00474
  -0.02078
   0.03390
  -0.04226
   0.04468
  -0.04083
   0.03124
  -0.01727
   0.00087
   0.01565
  -0.02997
   0.04009
  -0.04457
   0.04279
  -0.03501
   0.02230
  -0.00647
  -0.01028
   0.02558
  -0.03729
   0.04376
  -0.04408
   0.03822
  -0.02699
   0.01196
   0.00474
  -0.02078
   0.03390
  -0.04226
   0.04468
  -0.04083
   0.03124
  -0.01727
   0.00087
   0.01565
  -0.02997
   0.04009
  -0.04457
   0.04279
  -0.03501
   0.02230
  -0.00647
  -0.01028
   0.02558
  -0.03729
   0.04376
  -0.04408
   0.03822
  -0.02699
   0.01196
   0.00474
  -0.02078
   0.03390
  -0.04226
   0.04468
  -0.04083
   0.03124
  -0.01727
   0.00087
   0.01565
  -0.02997
   0.04009
  -0.04457
   0.04279
  -0.03501
   0.02230
  -0.00647
  -0.01028
   0.02558
  -0.03729
   0.04376
  -0.04408
   0.03822
  -0.02699
   0.01196
   0.00474
  -0.02078
   0.03390
  -0.04226
   0.04468
  -0.04083
   0.03124
  -0.01727
   0.00087
   0.01565
  -0.02997
   0.04009
  -0.04457
   0.04279
  -0.03501
   0.02230
  -0.00647
  -0.01028
   0.02558
  -0.03729
   0.04376
  -0.04408
   0.03822
  -0.02699
   0.01196
   0.00474
  -0.02078
   0.03390
  -0.04226
   0.04468
  -0.04083
   0.03124
  -0.01727
   0.00087
   0.01565
  -0.02997
   0.04009
  -0.04457
   0.04279
  -0.03501
   0.02230
  -0.00647
  -0.01028
   0.02558
  -0.03729
   0.04376
  -0.04408
   0.03822
  -0.02699
   0.01196
   0.00474
  -0.02078
   0.03390
  -0.04226
   0.04468
  -0.04083
   0.03124
  -0.01727
   0.00087
   0.01565
  -0.02997
   0.04009
  -0.04457
   0.04279
  -0.03501
   0.02230
  -0.00647
  -0.01028
   0.02558
  -0.03729
   0.04376
  -0.04408
   0.03822
  -0.02699
   0.01196
   0.00474
  -0.02078
   0.03390
  -0.04226
   0.04468
  -0.04083
   0.03124
  -0.01727
   0.00087
   0.01565
  -0.02997
   0.04009
  -0.04457
   0.04279
  -0.03501
   0.02230
  -0.00647
  -0.01028
   0.02558
  -0.03729
   0.04376
  -0.04408
   0.03822
  -0.02699
   0.01196
   0.00474
  -0.02078
   0.03390
  -0.04226
   0.04468
  -0.04083
   0.03124
  -0.01727
   0.00087
   0.01565
  -0.02997
   0.04009
  -0.04457
   0.04279
  -0.03501
   0.02230
  -0.00647
  -0.01028
   0.02558
  -0.03729
   0.04376
  -0.04408
   0.03822
  -0.02699
   0.01196
   0.00474
  -0.02078
   0.03390
  -0.04226
   0.04468
  -0.04083
   0.03124
  -0.01727
   0.00087
   0.01565
  -0.02997
   0.04009
  -0.04457
   0.04279
  -0.03501
   0.02230
  -0.00647
  -0.01028
   0.02558
  -0.03729
   0.04376
  -0.04408
   0.03822
  -0.02699
   0.01196
   0.00474
  -0.02078
   0.03390
  -0.04226
   0.04468
  -0.04083
   0.03124
  -0.01727
   0.00087
   0.01565
  -0.02997
   0.04009
  -0.04457
   0.04279
  -0.03501
   0.02230
  -0.00647
  -0.01028
   0.02558
  -0.03729
   0.04376
  -0.04408
   0.03822
  -0.02699
   0.01196
   0.00474
  -0.02078
   0.03390
  -0.04226
   0.04468
  -0.04083
   0.03124
  -0.01727
   0.00087
   0.01565
  -0.02997
   0.04009
  -0.04457
   0.04279
  -0.03501
   0.02230
  -0.00647
  -0.01028
   0.02558
  -0.03729
   0.04376
  -0.04408
   0.03822
  -0.02699
   0.01196
   0.00474
  -0.02078
   0.03390
  -0.04226
   0.04468
  -0.04083
   0.03124
  -0.01727
   0.00087
   0.01565
  -0.02997
   0.04009
  -0.04457
   0.04279
  -0.03501
   0.02230
  -0.00647
  -0.01028
   0.02558
  -0.03729
   0.04376
  -0.04408
   0.03822
  -0.02699
   0.01196
   0.00474
  -0.02078
   0.03390
  -0.04226
   0.04468
  -0.04083
   0.03124
  -0.01727
   0.00087
   0.01565
  -0.02997
   0.04009
  -0.04457
   0.04279
  -0.03501
   0.02230
  -0.00647
  -0.01028
   0.02558
  -0.03729
   0.04376
  -0.04408
   0.03822
  -0.02699
   0.01196
   0.00474
  -0.02078
   0.03390
  -0.04226
   0.04468
  -0.04083
   0.03124
  -0.01727
   0.00087
   0.01565
  -0.02997
   0.04009
  -0.04457
   0.04279
  -0.03501
   0.02230
  -0.00647
  -0.01028
   0.02558
  -0.03729
   0.04376
  -0.04408
   0.03822
  -0.02699
   0.01196
   0.00474
  -0.02078
   0.03390
  -0.04226
   0.04468
  -0.04083
   0.03124
  -0.01727
   0.00087
   0.01565
  -0.02997
   0.04009
  -0.04457
   0.04279
  -0.03501
   0.02230
  -0.00647
  -0.01028
   0.02558
  -0.03729
   0.04376
  -0.04408
   0.03822
  -0.02699
   0.01196
   0.00474
  -0.02078
   0.03390
  -0.04226
   0.04468
  -0.04083
   0.03124
  -0.01727
   0.00087
   0.01565
  -0.02997
   0.04009
  -0.04457
   0.04279
  -0.03501
   0.02230
  -0.00647
  -0.01028
   0.02558
  -0.03729
   0.04376
  -0.04408
   0.03822
  -0.02699
   0.01196
   0.00474
  -0.02078
   0.03390
  -0.04226
   0.04468
  -0.04083
   0.03124
  -0.01727
   0.00087
   0.01565
  -0.02997
   0.04009
  -0.04457
   0.04279
  -0.03501
   0.02230
  -0.00647
  -0.01028
   0.02558
  -0.03729
   0.04376
  -0.04408
   0.03822
  -0.02699
   0.01196
   0.00474
  -0.02078
   0.03390
  -0.04226
   0.04468
  -0.04083
   0.03124
  -0.01727
   0.00087
