   0.04143
  -0.03383
   0.02265
  -0.00907
  -0.00546
   0.01942
  -0.03132
   0.03991
  -0.04427
   0.04396
  -0.03899
   0.02989
  -0.01764
   0.00351
   0.01098
  -0.02431
   0.03507
  -0.04212
   0.04472
  -0.04258
   0.03593
  -0.02549
   0.01235
   0.00210
  -0.01633
   0.02883
  -0.03827
   0.04367
  -0.04445
   0.04053
  -0.03231
   0.02068
  -0.00686
  -0.00768
   0.02142
  -0.03288
   0.04087
  -0.04454
   0.04349
  -0.03784
   0.02819
  -0.01555
   0.00127
   0.01314
  -0.02617
   0.03642
  -0.04282
   0.04469
  -0.04184
   0.03455
  -0.02361
   0.01017
   0.00434
  -0.01840
   0.03051
  -0.03939
   0.04410
  -0.04415
   0.03953
  -0.03072
   0.01866
  -0.00463
  -0.00989
   0.02336
  -0.03436
   0.04173
  -0.04468
   0.04291
  -0.03659
   0.02641
  -0.01342
  -0.00098
   0.01528
  -0.02796
   0.03768
  -0.04342
   0.04456
  -0.04099
   0.03308
  -0.02167
   0.00797
   0.00657
  -0.02042
   0.03211
  -0.04040
   0.04442
  -0.04374
   0.03843
  -0.02905
   0.01660
  -0.00239
  -0.01207
   0.02525
  -0.03576
   0.04249
  -0.04472
   0.04222
  -0.03525
   0.02456
  -0.01126
  -0.00322
   0.01737
  -0.02968
   0.03884
  -0.04390
   0.04431
  -0.04004
   0.03153
  -0.01968
   0.00575
   0.00879
  -0.02240
   0.03363
  -0.04131
   0.04462
  -0.04321
   0.03723
  -0.02730
   0.01449
  -0.00015
  -0.01421
   0.02707
  -0.03706
   0.04313
  -0.04464
   0.04143
  -0.03383
   0.02265
  -0.00907
  -0.00546
   0.01942
  -0.03132
   0.03991
  -0.04427
   0.04396
  -0.03899
   0.02989
  -0.01764
   0.00351
   0.01098
  -0.02431
   0.03507
  -0.04212
   0.04472
  -0.04258
   0.03593
  -0.02549
   0.01235
   0.00210
  -0.01633
   0.02883
  -0.03827
   0.04367
  -0.04445
   0.04053
  -0.03231
   0.02068
  -0.00686
  -0.00768
   0.02142
  -0.03288
   0.04087
  -0.04454
   0.04349
  -0.03784
   0.02819
  -0.01555
   0.00127
   0.01314
  -0.02617
   0.03642
  -0.04282
   0.04469
  -0.04184
   0.03455
  -0.02361
   0.01017
   0.00434
  -0.01840
   0.03051
  -0.03939
   0.04410
  -0.04415
   0.03953
  -0.03072
   0.01866
  -0.00463
  -0.00989
   0.02336
  -0.03436
   0.04173
  -0.04468
   0.04291
  -0.03659
   0.02641
  -0.01342
  -0.00098
   0.01528
  -0.02796
   0.03768
  -0.04342
   0.04456
  -0.04099
   0.03308
  -0.02167
   0.00797
   0.00657
  -0.02042
   0.03211
  -0.04040
   0.04442
  -0.04374
   0.03843
  -0.02905
   0.01660
  -0.00239
  -0.01207
   0.02525
  -0.03576
   0.04249
  -0.04472
   0.04222
  -0.03525
   0.02456
  -0.01126
  -0.00322
   0.01737
  -0.02968
   0.03884
  -0.04390
   0.04431
  -0.04004
   0.03153
  -0.01968
   0.00575
   0.00879
  -0.02240
   0.03363
  -0.04131
   0.04462
  -0.04321
   0.03723
  -0.02730
   0.01449
  -0.00015
  -0.01421
   0.02707
  -0.03706
   0.04313
  -0.04464
   0.04143
  -0.03383
   0.02265
  -0.00907
  -0.00546
   0.01942
  -0.03132
   0.03991
  -0.04427
   0.04396
  -0.03899
   0.02989
  -0.01764
   0.00351
   0.01098
  -0.02431
   0.03507
  -0.04212
   0.04472
  -0.04258
   0.03593
  -0.02549
   0.01235
   0.00210
  -0.01633
   0.02883
  -0.03827
   0.04367
  -0.04445
   0.04053
  -0.03231
   0.02068
  -0.00686
  -0.00768
   0.02142
  -0.03288
   0.04087
  -0.04454
   0.04349
  -0.03784
   0.02819
  -0.01555
   0.00127
   0.01314
  -0.02617
   0.03642
  -0.04282
   0.04469
  -0.04184
   0.03455
  -0.02361
   0.01017
   0.00434
  -0.01840
   0.03051
  -0.03939
   0.04410
  -0.04415
   0.03953
  -0.03072
   0.01866
  -0.00463
  -0.00989
   0.02336
  -0.03436
   0.04173
  -0.04468
   0.04291
  -0.03659
   0.02641
  -0.01342
  -0.00098
   0.01528
  -0.02796
   0.03768
  -0.04342
   0.04456
  -0.04099
   0.03308
  -0.02167
   0.00797
   0.00657
  -0.02042
   0.03211
  -0.04040
   0.04442
  -0.04374
   0.03843
  -0.02905
   0.01660
  -0.00239
  -0.01207
   0.02525
  -0.03576
   0.04249
  -0.04472
   0.04222
  -0.03525
   0.02456
  -0.01126
  -0.00322
   0.01737
  -0.02968
   0.03884
  -0.04390
   0.04431
  -0.04004
   0.03153
  -0.01968
   0.00575
   0.00879
  -0.02240
   0.03363
  -0.04131
   0.04462
  -0.04321
   0.03723
  -0.02730
   0.01449
  -0.00015
  -0.01421
   0.02707
  -0.03706
   0.04313
  -0.04464
   0.04143
  -0.03383
   0.02265
  -0.00907
  -0.00546
   0.01942
  -0.03132
   0.03991
  -0.04427
   0.04396
  -0.03899
   0.02989
  -0.01764
   0.00351
   0.01098
  -0.02431
   0.03507
  -0.04212
   0.04472
  -0.04258
   0.03593
  -0.02549
   0.01235
   0.00210
  -0.01633
   0.02883
  -0.03827
   0.04367
  -0.04445
   0.04053
  -0.03231
   0.02068
  -0.00686
  -0.00768
   0.02142
  -0.03288
   0.04087
  -0.04454
   0.04349
  -0.03784
   0.02819
  -0.01555
   0.00127
   0.01314
  -0.02617
   0.03642
  -0.04282
   0.04469
  -0.04184
   0.03455
  -0.02361
   0.01017
   0.00434
  -0.01840
   0.03051
  -0.03939
   0.04410
  -0.04415
   0.03953
  -0.03072
   0.01866
  -0.00463
  -0.00989
   0.02336
  -0.03436
   0.04173
  -0.04468
   0.04291
  -0.03659
   0.02641
  -0.01342
  -0.00098
   0.01528
  -0.02796
   0.03768
  -0.04342
   0.04456
  -0.04099
   0.03308
  -0.02167
   0.00797
   0.00657
  -0.02042
   0.03211
  -0.04040
   0.04442
  -0.04374
   0.03843
  -0.02905
   0.01660
  -0.00239
  -0.01207
   0.02525
  -0.03576
   0.04249
  -0.04472
   0.04222
  -0.03525
   0.02456
  -0.01126
  -0.00322
   0.01737
  -0.02968
   0.03884
  -0.04390
   0.04431
  -0.04004
   0.03153
  -0.01968
   0.00575
   0.00879
  -0.02240
   0.03363
  -0.04131
   0.04462
  -0.04321
   0.03723
  -0.02730
   0.01449
  -0.00015
  -0.01421
   0.02707
  -0.03706
   0.04313
  -0.04464
   0.04143
  -0.03383
   0.02265
  -0.00907
  -0.00546
   0.01942
  -0.03132
   0.03991
  -0.04427
   0.04396
  -0.03899
   0.02989
  -0.01764
   0.00351
   0.01098
  -0.02431
   0.03507
  -0.04212
   0.04472
  -0.04258
   0.03593
  -0.02549
   0.01235
   0.00210
  -0.01633
   0.02883
  -0.03827
   0.04367
  -0.04445
   0.04053
  -0.03231
   0.02068
  -0.00686
  -0.00768
   0.02142
  -0.03288
   0.04087
  -0.04454
   0.04349
  -0.03784
   0.02819
  -0.01555
   0.00127
   0.01314
  -0.02617
   0.03642
  -0.04282
   0.04469
  -0.04184
   0.03455
  -0.02361
   0.01017
   0.00434
  -0.01840
   0.03051
  -0.03939
   0.04410
  -0.04415
   0.03953
  -0.03072
   0.01866
  -0.00463
  -0.00989
   0.02336
  -0.03436
   0.04173
  -0.04468
   0.04291
  -0.03659
   0.02641
  -0.01342
  -0.00098
   0.01528
  -0.02796
   0.03768
  -0.04342
   0.04456
  -0.04099
   0.03308
  -0.02167
   0.00797
   0.00657
  -0.02042
   0.03211
  -0.04040
   0.04442
  -0.04374
   0.03843
  -0.02905
   0.01660
  -0.00239
  -0.01207
   0.02525
  -0.03576
   0.04249
  -0.04472
   0.04222
  -0.03525
   0.02456
  -0.01126
  -0.00322
   0.01737
  -0.02968
   0.03884
  -0.04390
   0.04431
  -0.04004
   0.03153
  -0.01968
   0.00575
   0.00879
  -0.02240
   0.03363
  -0.04131
   0.04462
  -0.04321
   0.03723
  -0.02730
   0.01449
  -0.00015
  -0.01421
   0.02707
  -0.03706
   0.04313
  -0.04464
   0.04143
  -0.03383
   0.02265
  -0.00907
  -0.00546
   0.01942
  -0.03132
   0.03991
  -0.04427
   0.04396
  -0.03899
   0.02989
  -0.01764
   0.00351
   0.01098
  -0.02431
   0.03507
  -0.04212
   0.04472
  -0.04258
   0.03593
  -0.02549
   0.01235
   0.00210
  -0.01633
   0.02883
  -0.03827
   0.04367
  -0.04445
   0.04053
  -0.03231
   0.02068
  -0.00686
  -0.00768
   0.02142
  -0.03288
   0.04087
  -0.04454
   0.04349
  -0.03784
   0.02819
  -0.01555
   0.00127
   0.01314
  -0.02617
   0.03642
  -0.04282
   0.04469
  -0.04184
   0.03455
  -0.02361
   0.01017
   0.00434
  -0.01840
   0.03051
  -0.03939
   0.04410
  -0.04415
   0.03953
  -0.03072
   0.01866
  -0.00463
  -0.00989
   0.02336
  -0.03436
   0.04173
  -0.04468
   0.04291
  -0.03659
   0.02641
  -0.01342
  -0.00098
   0.01528
  -0.02796
   0.03768
  -0.04342
   0.04456
  -0.04099
   0.03308
  -0.02167
   0.00797
   0.00657
  -0.02042
   0.03211
  -0.04040
   0.04442
  -0.04374
   0.03843
  -0.02905
   0.01660
  -0.00239
  -0.01207
   0.02525
  -0.03576
   0.04249
  -0.04472
   0.04222
  -0.03525
   0.02456
  -0.01126
  -0.00322
   0.01737
  -0.02968
   0.03884
  -0.04390
   0.04431
  -0.04004
   0.03153
  -0.01968
   0.00575
   0.00879
  -0.02240
   0.03363
  -0.04131
   0.04462
  -0.04321
   0.03723
  -0.02730
   0.01449
  -0.00015
  -0.01421
   0.02707
  -0.03706
   0.04313
  -0.04464
   0.04143
  -0.03383
   0.02265
  -0.00907
  -0.00546
   0.01942
  -0.03132
   0.03991
  -0.04427
   0.04396
  -0.03899
   0.02989
  -0.01764
   0.00351
   0.01098
  -0.02431
   0.03507
  -0.04212
   0.04472
  -0.04258
   0.03593
  -0.02549
   0.01235
   0.00210
  -0.01633
   0.02883
  -0.03827
   0.04367
  -0.04445
   0.04053
  -0.03231
   0.02068
  -0.00686
  -0.00768
   0.02142
  -0.03288
   0.04087
  -0.04454
   0.04349
  -0.03784
   0.02819
  -0.01555
   0.00127
   0.01314
  -0.02617
   0.03642
  -0.04282
   0.04469
  -0.04184
   0.03455
  -0.02361
   0.01017
   0.00434
  -0.01840
   0.03051
  -0.03939
   0.04410
  -0.04415
   0.03953
  -0.03072
   0.01866
  -0.00463
  -0.00989
   0.02336
  -0.03436
   0.04173
  -0.04468
   0.04291
  -0.03659
   0.02641
  -0.01342
  -0.00098
   0.01528
  -0.02796
   0.03768
  -0.04342
   0.04456
  -0.04099
   0.03308
  -0.02167
   0.00797
   0.00657
  -0.02042
   0.03211
  -0.04040
   0.04442
  -0.04374
   0.03843
  -0.02905
   0.01660
  -0.00239
  -0.01207
   0.02525
  -0.03576
   0.04249
  -0.04472
   0.04222
  -0.03525
   0.02456
  -0.01126
  -0.00322
   0.01737
  -0.02968
   0.03884
  -0.04390
   0.04431
  -0.04004
   0.03153
  -0.01968
   0.00575
   0.00879
  -0.02240
   0.03363
  -0.04131
   0.04462
  -0.04321
   0.03723
  -0.02730
   0.01449
  -0.00015
  -0.01421
   0.02707
  -0.03706
   0.04313
  -0.04464
   0.04143
  -0.03383
   0.02265
  -0.00907
  -0.00546
   0.01942
  -0.03132
   0.03991
  -0.04427
   0.04396
  -0.03899
   0.02989
  -0.01764
   0.00351
   0.01098
  -0.02431
   0.03507
  -0.04212
   0.04472
  -0.04258
   0.03593
  -0.02549
   0.01235
   0.00210
  -0.01633
   0.02883
  -0.03827
   0.04367
  -0.04445
   0.04053
  -0.03231
   0.02068
  -0.00686
  -0.00768
   0.02142
  -0.03288
   0.04087
  -0.04454
   0.04349
  -0.03784
   0.02819
  -0.01555
   0.00127
   0.01314
  -0.02617
   0.03642
  -0.04282
   0.04469
  -0.04184
   0.03455
  -0.02361
   0.01017
   0.00434
  -0.01840
   0.03051
  -0.03939
   0.04410
  -0.04415
   0.03953
  -0.03072
   0.01866
  -0.00463
  -0.00989
   0.02336
  -0.03436
   0.04173
  -0.04468
   0.04291
  -0.03659
   0.02641
  -0.01342
  -0.00098
   0.01528
  -0.02796
   0.03768
  -0.04342
   0.04456
  -0.04099
   0.03308
  -0.02167
   0.00797
   0.00657
  -0.02042
   0.03211
  -0.04040
   0.04442
  -0.04374
   0.03843
  -0.02905
   0.01660
  -0.00239
  -0.01207
   0.02525
  -0.03576
   0.04249
  -0.04472
   0.04222
  -0.03525
   0.02456
  -0.01126
  -0.00322
   0.01737
  -0.02968
   0.03884
  -0.04390
   0.04431
  -0.04004
   0.03153
  -0.01968
   0.00575
   0.00879
  -0.02240
   0.03363
  -0.04131
   0.04462
  -0.04321
   0.03723
  -0.02730
   0.01449
  -0.00015
  -0.01421
   0.02707
  -0.03706
   0.04313
  -0.04464
