  -0.04458
   0.00304
   0.04465
  -0.00192
  -0.04470
   0.00079
   0.04472
   0.00033
  -0.04471
  -0.00145
   0.04468
   0.00258
  -0.04461
  -0.00370
   0.04452
   0.00482
  -0.04440
  -0.00593
   0.04425
   0.00704
  -0.04407
  -0.00815
   0.04387
   0.00925
  -0.04363
  -0.01035
   0.04337
   0.01144
  -0.04309
  -0.01252
   0.04277
   0.01360
  -0.04243
  -0.01466
   0.04206
   0.01572
  -0.04167
  -0.01677
   0.04124
   0.01781
  -0.04080
  -0.01883
   0.04032
   0.01984
  -0.03983
  -0.02084
   0.03930
   0.02183
  -0.03875
  -0.02281
   0.03818
   0.02377
  -0.03758
  -0.02471
   0.03696
   0.02564
  -0.03632
  -0.02655
   0.03565
   0.02745
  -0.03496
  -0.02833
   0.03425
   0.02919
  -0.03351
  -0.03003
   0.03276
   0.03085
  -0.03198
  -0.03166
   0.03119
   0.03244
  -0.03037
  -0.03320
   0.02954
   0.03395
  -0.02869
  -0.03467
   0.02781
   0.03537
  -0.02693
  -0.03604
   0.02602
   0.03670
  -0.02510
  -0.03733
   0.02416
   0.03793
  -0.02321
  -0.03852
   0.02224
   0.03908
  -0.02126
  -0.03961
   0.02026
   0.04012
  -0.01925
  -0.04060
   0.01823
   0.04106
  -0.01720
  -0.04149
   0.01616
   0.04190
  -0.01510
  -0.04228
   0.01404
   0.04263
  -0.01297
  -0.04296
   0.01189
   0.04326
  -0.01080
  -0.04353
   0.00971
   0.04377
  -0.00861
  -0.04399
   0.00750
   0.04418
  -0.00639
  -0.04434
   0.00528
   0.04447
  -0.00416
  -0.04458
   0.00304
   0.04465
  -0.00192
  -0.04470
   0.00079
   0.04472
   0.00033
  -0.04471
  -0.00145
   0.04468
   0.00258
  -0.04461
  -0.00370
   0.04452
   0.00482
  -0.04440
  -0.00593
   0.04425
   0.00704
  -0.04407
  -0.00815
   0.04387
   0.00925
  -0.04363
  -0.01035
   0.04337
   0.01144
  -0.04309
  -0.01252
   0.04277
   0.01360
  -0.04243
  -0.01466
   0.04206
   0.01572
  -0.04167
  -0.01677
   0.04124
   0.01781
  -0.04080
  -0.01883
   0.04032
   0.01984
  -0.03983
  -0.02084
   0.03930
   0.02183
  -0.03875
  -0.02281
   0.03818
   0.02377
  -0.03758
  -0.02471
   0.03696
   0.02564
  -0.03632
  -0.02655
   0.03565
   0.02745
  -0.03496
  -0.02833
   0.03425
   0.02919
  -0.03351
  -0.03003
   0.03276
   0.03085
  -0.03198
  -0.03166
   0.03119
   0.03244
  -0.03037
  -0.03320
   0.02954
   0.03395
  -0.02869
  -0.03467
   0.02781
   0.03537
  -0.02693
  -0.03604
   0.02602
   0.03670
  -0.02510
  -0.03733
   0.02416
   0.03793
  -0.02321
  -0.03852
   0.02224
   0.03908
  -0.02126
  -0.03961
   0.02026
   0.04012
  -0.01925
  -0.04060
   0.01823
   0.04106
  -0.01720
  -0.04149
   0.01616
   0.04190
  -0.01510
  -0.04228
   0.01404
   0.04263
  -0.01297
  -0.04296
   0.01189
   0.04326
  -0.01080
  -0.04353
   0.00971
   0.04377
  -0.00861
  -0.04399
   0.00750
   0.04418
  -0.00639
  -0.04434
   0.00528
   0.04447
  -0.00416
  -0.04458
   0.00304
   0.04465
  -0.00192
  -0.04470
   0.00079
   0.04472
   0.00033
  -0.04471
  -0.00145
   0.04468
   0.00258
  -0.04461
  -0.00370
   0.04452
   0.00482
  -0.04440
  -0.00593
   0.04425
   0.00704
  -0.04407
  -0.00815
   0.04387
   0.00925
  -0.04363
  -0.01035
   0.04337
   0.01144
  -0.04309
  -0.01252
   0.04277
   0.01360
  -0.04243
  -0.01466
   0.04206
   0.01572
  -0.04167
  -0.01677
   0.04124
   0.01781
  -0.04080
  -0.01883
   0.04032
   0.01984
  -0.03983
  -0.02084
   0.03930
   0.02183
  -0.03875
  -0.02281
   0.03818
   0.02377
  -0.03758
  -0.02471
   0.03696
   0.02564
  -0.03632
  -0.02655
   0.03565
   0.02745
  -0.03496
  -0.02833
   0.03425
   0.02919
  -0.03351
  -0.03003
   0.03276
   0.03085
  -0.03198
  -0.03166
   0.03119
   0.03244
  -0.03037
  -0.03320
   0.02954
   0.03395
  -0.02869
  -0.03467
   0.02781
   0.03537
  -0.02693
  -0.03604
   0.02602
   0.03670
  -0.02510
  -0.03733
   0.02416
   0.03793
  -0.02321
  -0.03852
   0.02224
   0.03908
  -0.02126
  -0.03961
   0.02026
   0.04012
  -0.01925
  -0.04060
   0.01823
   0.04106
  -0.01720
  -0.04149
   0.01616
   0.04190
  -0.01510
  -0.04228
   0.01404
   0.04263
  -0.01297
  -0.04296
   0.01189
   0.04326
  -0.01080
  -0.04353
   0.00971
   0.04377
  -0.00861
  -0.04399
   0.00750
   0.04418
  -0.00639
  -0.04434
   0.00528
   0.04447
  -0.00416
  -0.04458
   0.00304
   0.04465
  -0.00192
  -0.04470
   0.00079
   0.04472
   0.00033
  -0.04471
  -0.00145
   0.04468
   0.00258
  -0.04461
  -0.00370
   0.04452
   0.00482
  -0.04440
  -0.00593
   0.04425
   0.00704
  -0.04407
  -0.00815
   0.04387
   0.00925
  -0.04363
  -0.01035
   0.04337
   0.01144
  -0.04309
  -0.01252
   0.04277
   0.01360
  -0.04243
  -0.01466
   0.04206
   0.01572
  -0.04167
  -0.01677
   0.04124
   0.01781
  -0.04080
  -0.01883
   0.04032
   0.01984
  -0.03983
  -0.02084
   0.03930
   0.02183
  -0.03875
  -0.02281
   0.03818
   0.02377
  -0.03758
  -0.02471
   0.03696
   0.02564
  -0.03632
  -0.02655
   0.03565
   0.02745
  -0.03496
  -0.02833
   0.03425
   0.02919
  -0.03351
  -0.03003
   0.03276
   0.03085
  -0.03198
  -0.03166
   0.03119
   0.03244
  -0.03037
  -0.03320
   0.02954
   0.03395
  -0.02869
  -0.03467
   0.02781
   0.03537
  -0.02693
  -0.03604
   0.02602
   0.03670
  -0.02510
  -0.03733
   0.02416
   0.03793
  -0.02321
  -0.03852
   0.02224
   0.03908
  -0.02126
  -0.03961
   0.02026
   0.04012
  -0.01925
  -0.04060
   0.01823
   0.04106
  -0.01720
  -0.04149
   0.01616
   0.04190
  -0.01510
  -0.04228
   0.01404
   0.04263
  -0.01297
  -0.04296
   0.01189
   0.04326
  -0.01080
  -0.04353
   0.00971
   0.04377
  -0.00861
  -0.04399
   0.00750
   0.04418
  -0.00639
  -0.04434
   0.00528
   0.04447
  -0.00416
  -0.04458
   0.00304
   0.04465
  -0.00192
  -0.04470
   0.00079
   0.04472
   0.00033
  -0.04471
  -0.00145
   0.04468
   0.00258
  -0.04461
  -0.00370
   0.04452
   0.00482
  -0.04440
  -0.00593
   0.04425
   0.00704
  -0.04407
  -0.00815
   0.04387
   0.00925
  -0.04363
  -0.01035
   0.04337
   0.01144
  -0.04309
  -0.01252
   0.04277
   0.01360
  -0.04243
  -0.01466
   0.04206
   0.01572
  -0.04167
  -0.01677
   0.04124
   0.01781
  -0.04080
  -0.01883
   0.04032
   0.01984
  -0.03983
  -0.02084
   0.03930
   0.02183
  -0.03875
  -0.02281
   0.03818
   0.02377
  -0.03758
  -0.02471
   0.03696
   0.02564
  -0.03632
  -0.02655
   0.03565
   0.02745
  -0.03496
  -0.02833
   0.03425
   0.02919
  -0.03351
  -0.03003
   0.03276
   0.03085
  -0.03198
  -0.03166
   0.03119
   0.03244
  -0.03037
  -0.03320
   0.02954
   0.03395
  -0.02869
  -0.03467
   0.02781
   0.03537
  -0.02693
  -0.03604
   0.02602
   0.03670
  -0.02510
  -0.03733
   0.02416
   0.03793
  -0.02321
  -0.03852
   0.02224
   0.03908
  -0.02126
  -0.03961
   0.02026
   0.04012
  -0.01925
  -0.04060
   0.01823
   0.04106
  -0.01720
  -0.04149
   0.01616
   0.04190
  -0.01510
  -0.04228
   0.01404
   0.04263
  -0.01297
  -0.04296
   0.01189
   0.04326
  -0.01080
  -0.04353
   0.00971
   0.04377
  -0.00861
  -0.04399
   0.00750
   0.04418
  -0.00639
  -0.04434
   0.00528
   0.04447
  -0.00416
  -0.04458
   0.00304
   0.04465
  -0.00192
  -0.04470
   0.00079
   0.04472
   0.00033
  -0.04471
  -0.00145
   0.04468
   0.00258
  -0.04461
  -0.00370
   0.04452
   0.00482
  -0.04440
  -0.00593
   0.04425
   0.00704
  -0.04407
  -0.00815
   0.04387
   0.00925
  -0.04363
  -0.01035
   0.04337
   0.01144
  -0.04309
  -0.01252
   0.04277
   0.01360
  -0.04243
  -0.01466
   0.04206
   0.01572
  -0.04167
  -0.01677
   0.04124
   0.01781
  -0.04080
  -0.01883
   0.04032
   0.01984
  -0.03983
  -0.02084
   0.03930
   0.02183
  -0.03875
  -0.02281
   0.03818
   0.02377
  -0.03758
  -0.02471
   0.03696
   0.02564
  -0.03632
  -0.02655
   0.03565
   0.02745
  -0.03496
  -0.02833
   0.03425
   0.02919
  -0.03351
  -0.03003
   0.03276
   0.03085
  -0.03198
  -0.03166
   0.03119
   0.03244
  -0.03037
  -0.03320
   0.02954
   0.03395
  -0.02869
  -0.03467
   0.02781
   0.03537
  -0.02693
  -0.03604
   0.02602
   0.03670
  -0.02510
  -0.03733
   0.02416
   0.03793
  -0.02321
  -0.03852
   0.02224
   0.03908
  -0.02126
  -0.03961
   0.02026
   0.04012
  -0.01925
  -0.04060
   0.01823
   0.04106
  -0.01720
  -0.04149
   0.01616
   0.04190
  -0.01510
  -0.04228
   0.01404
   0.04263
  -0.01297
  -0.04296
   0.01189
   0.04326
  -0.01080
  -0.04353
   0.00971
   0.04377
  -0.00861
  -0.04399
   0.00750
   0.04418
  -0.00639
  -0.04434
   0.00528
   0.04447
  -0.00416
  -0.04458
   0.00304
   0.04465
  -0.00192
  -0.04470
   0.00079
   0.04472
   0.00033
  -0.04471
  -0.00145
   0.04468
   0.00258
  -0.04461
  -0.00370
   0.04452
   0.00482
  -0.04440
  -0.00593
   0.04425
   0.00704
  -0.04407
  -0.00815
   0.04387
   0.00925
  -0.04363
  -0.01035
   0.04337
   0.01144
  -0.04309
  -0.01252
   0.04277
   0.01360
  -0.04243
  -0.01466
   0.04206
   0.01572
  -0.04167
  -0.01677
   0.04124
   0.01781
  -0.04080
  -0.01883
   0.04032
   0.01984
  -0.03983
  -0.02084
   0.03930
   0.02183
  -0.03875
  -0.02281
   0.03818
   0.02377
  -0.03758
  -0.02471
   0.03696
   0.02564
  -0.03632
  -0.02655
   0.03565
   0.02745
  -0.03496
  -0.02833
   0.03425
   0.02919
  -0.03351
  -0.03003
   0.03276
   0.03085
  -0.03198
  -0.03166
   0.03119
   0.03244
  -0.03037
  -0.03320
   0.02954
   0.03395
  -0.02869
  -0.03467
   0.02781
   0.03537
  -0.02693
  -0.03604
   0.02602
   0.03670
  -0.02510
  -0.03733
   0.02416
   0.03793
  -0.02321
  -0.03852
   0.02224
   0.03908
  -0.02126
  -0.03961
   0.02026
   0.04012
  -0.01925
  -0.04060
   0.01823
   0.04106
  -0.01720
  -0.04149
   0.01616
   0.04190
  -0.01510
  -0.04228
   0.01404
   0.04263
  -0.01297
  -0.04296
   0.01189
   0.04326
  -0.01080
  -0.04353
   0.00971
   0.04377
  -0.00861
  -0.04399
   0.00750
   0.04418
  -0.00639
  -0.04434
   0.00528
   0.04447
  -0.00416
  -0.04458
   0.00304
   0.04465
  -0.00192
  -0.04470
   0.00079
   0.04472
   0.00033
  -0.04471
  -0.00145
   0.04468
   0.00258
  -0.04461
  -0.00370
   0.04452
   0.00482
  -0.04440
  -0.00593
   0.04425
   0.00704
  -0.04407
  -0.00815
   0.04387
   0.00925
  -0.04363
  -0.01035
   0.04337
   0.01144
  -0.04309
  -0.01252
   0.04277
   0.01360
  -0.04243
  -0.01466
   0.04206
   0.01572
  -0.04167
  -0.01677
   0.04124
   0.01781
  -0.04080
  -0.01883
   0.04032
   0.01984
  -0.03983
  -0.02084
   0.03930
   0.02183
  -0.03875
  -0.02281
   0.03818
   0.02377
  -0.03758
  -0.02471
   0.03696
   0.02564
  -0.03632
  -0.02655
   0.03565
   0.02745
  -0.03496
  -0.02833
   0.03425
   0.02919
  -0.03351
  -0.03003
   0.03276
   0.03085
  -0.03198
  -0.03166
   0.03119
   0.03244
  -0.03037
  -0.03320
   0.02954
   0.03395
  -0.02869
  -0.03467
   0.02781
   0.03537
  -0.02693
  -0.03604
   0.02602
   0.03670
  -0.02510
  -0.03733
   0.02416
   0.03793
  -0.02321
  -0.03852
   0.02224
   0.03908
  -0.02126
  -0.03961
   0.02026
   0.04012
  -0.01925
  -0.04060
   0.01823
   0.04106
  -0.01720
  -0.04149
   0.01616
   0.04190
  -0.01510
  -0.04228
   0.01404
   0.04263
  -0.01297
  -0.04296
   0.01189
   0.04326
  -0.01080
  -0.04353
   0.00971
   0.04377
  -0.00861
  -0.04399
   0.00750
   0.04418
  -0.00639
  -0.04434
   0.00528
   0.04447
  -0.00416
