   0.04457
  -0.04424
   0.04375
  -0.04308
   0.04224
  -0.04123
   0.04007
  -0.03874
   0.03726
  -0.03563
   0.03387
  -0.03196
   0.02994
  -0.02779
   0.02554
  -0.02318
   0.02073
  -0.01821
   0.01560
  -0.01294
   0.01023
  -0.00748
   0.00469
  -0.00189
  -0.00092
   0.00373
  -0.00652
   0.00928
  -0.01201
   0.01469
  -0.01731
   0.01987
  -0.02235
   0.02473
  -0.02702
   0.02921
  -0.03128
   0.03322
  -0.03504
   0.03671
  -0.03824
   0.03962
  -0.04085
   0.04191
  -0.04281
   0.04354
  -0.04409
   0.04447
  -0.04468
   0.04471
  -0.04457
   0.04424
  -0.04375
   0.04308
  -0.04224
   0.04123
  -0.04007
   0.03874
  -0.03726
   0.03563
  -0.03387
   0.03196
  -0.02994
   0.02779
  -0.02554
   0.02318
  -0.02073
   0.01821
  -0.01560
   0.01294
  -0.01023
   0.00748
  -0.00469
   0.00189
   0.00092
  -0.00373
   0.00652
  -0.00928
   0.01201
  -0.01469
   0.01731
  -0.01987
   0.02235
  -0.02473
   0.02702
  -0.02921
   0.03128
  -0.03322
   0.03504
  -0.03671
   0.03824
  -0.03962
   0.04085
  -0.04191
   0.04281
  -0.04354
   0.04409
  -0.04447
   0.04468
  -0.04471
   0.04457
  -0.04424
   0.04375
  -0.04308
   0.04224
  -0.04123
   0.04007
  -0.03874
   0.03726
  -0.03563
   0.03387
  -0.03196
   0.02994
  -0.02779
   0.02554
  -0.02318
   0.02073
  -0.01821
   0.01560
  -0.01294
   0.01023
  -0.00748
   0.00469
  -0.00189
  -0.00092
   0.00373
  -0.00652
   0.00928
  -0.01201
   0.01469
  -0.01731
   0.01987
  -0.02235
   0.02473
  -0.02702
   0.02921
  -0.03128
   0.03322
  -0.03504
   0.03671
  -0.03824
   0.03962
  -0.04085
   0.04191
  -0.04281
   0.04354
  -0.04409
   0.04447
  -0.04468
   0.04471
  -0.04457
   0.04424
  -0.04375
   0.04308
  -0.04224
   0.04123
  -0.04007
   0.03874
  -0.03726
   0.03563
  -0.03387
   0.03196
  -0.02994
   0.02779
  -0.02554
   0.02318
  -0.02073
   0.01821
  -0.01560
   0.01294
  -0.01023
   0.00748
  -0.00469
   0.00189
   0.00092
  -0.00373
   0.00652
  -0.00928
   0.01201
  -0.01469
   0.01731
  -0.01987
   0.02235
  -0.02473
   0.02702
  -0.02921
   0.03128
  -0.03322
   0.03504
  -0.03671
   0.03824
  -0.03962
   0.04085
  -0.04191
   0.04281
  -0.04354
   0.04409
  -0.04447
   0.04468
  -0.04471
   0.04457
  -0.04424
   0.04375
  -0.04308
   0.04224
  -0.04123
   0.04007
  -0.03874
   0.03726
  -0.03563
   0.03387
  -0.03196
   0.02994
  -0.02779
   0.02554
  -0.02318
   0.02073
  -0.01821
   0.01560
  -0.01294
   0.01023
  -0.00748
   0.00469
  -0.00189
  -0.00092
   0.00373
  -0.00652
   0.00928
  -0.01201
   0.01469
  -0.01731
   0.01987
  -0.02235
   0.02473
  -0.02702
   0.02921
  -0.03128
   0.03322
  -0.03504
   0.03671
  -0.03824
   0.03962
  -0.04085
   0.04191
  -0.04281
   0.04354
  -0.04409
   0.04447
  -0.04468
   0.04471
  -0.04457
   0.04424
  -0.04375
   0.04308
  -0.04224
   0.04123
  -0.04007
   0.03874
  -0.03726
   0.03563
  -0.03387
   0.03196
  -0.02994
   0.02779
  -0.02554
   0.02318
  -0.02073
   0.01821
  -0.01560
   0.01294
  -0.01023
   0.00748
  -0.00469
   0.00189
   0.00092
  -0.00373
   0.00652
  -0.00928
   0.01201
  -0.01469
   0.01731
  -0.01987
   0.02235
  -0.02473
   0.02702
  -0.02921
   0.03128
  -0.03322
   0.03504
  -0.03671
   0.03824
  -0.03962
   0.04085
  -0.04191
   0.04281
  -0.04354
   0.04409
  -0.04447
   0.04468
  -0.04471
   0.04457
  -0.04424
   0.04375
  -0.04308
   0.04224
  -0.04123
   0.04007
  -0.03874
   0.03726
  -0.03563
   0.03387
  -0.03196
   0.02994
  -0.02779
   0.02554
  -0.02318
   0.02073
  -0.01821
   0.01560
  -0.01294
   0.01023
  -0.00748
   0.00469
  -0.00189
  -0.00092
   0.00373
  -0.00652
   0.00928
  -0.01201
   0.01469
  -0.01731
   0.01987
  -0.02235
   0.02473
  -0.02702
   0.02921
  -0.03128
   0.03322
  -0.03504
   0.03671
  -0.03824
   0.03962
  -0.04085
   0.04191
  -0.04281
   0.04354
  -0.04409
   0.04447
  -0.04468
   0.04471
  -0.04457
   0.04424
  -0.04375
   0.04308
  -0.04224
   0.04123
  -0.04007
   0.03874
  -0.03726
   0.03563
  -0.03387
   0.03196
  -0.02994
   0.02779
  -0.02554
   0.02318
  -0.02073
   0.01821
  -0.01560
   0.01294
  -0.01023
   0.00748
  -0.00469
   0.00189
   0.00092
  -0.00373
   0.00652
  -0.00928
   0.01201
  -0.01469
   0.01731
  -0.01987
   0.02235
  -0.02473
   0.02702
  -0.02921
   0.03128
  -0.03322
   0.03504
  -0.03671
   0.03824
  -0.03962
   0.04085
  -0.04191
   0.04281
  -0.04354
   0.04409
  -0.04447
   0.04468
  -0.04471
   0.04457
  -0.04424
   0.04375
  -0.04308
   0.04224
  -0.04123
   0.04007
  -0.03874
   0.03726
  -0.03563
   0.03387
  -0.03196
   0.02994
  -0.02779
   0.02554
  -0.02318
   0.02073
  -0.01821
   0.01560
  -0.01294
   0.01023
  -0.00748
   0.00469
  -0.00189
  -0.00092
   0.00373
  -0.00652
   0.00928
  -0.01201
   0.01469
  -0.01731
   0.01987
  -0.02235
   0.02473
  -0.02702
   0.02921
  -0.03128
   0.03322
  -0.03504
   0.03671
  -0.03824
   0.03962
  -0.04085
   0.04191
  -0.04281
   0.04354
  -0.04409
   0.04447
  -0.04468
   0.04471
  -0.04457
   0.04424
  -0.04375
   0.04308
  -0.04224
   0.04123
  -0.04007
   0.03874
  -0.03726
   0.03563
  -0.03387
   0.03196
  -0.02994
   0.02779
  -0.02554
   0.02318
  -0.02073
   0.01821
  -0.01560
   0.01294
  -0.01023
   0.00748
  -0.00469
   0.00189
   0.00092
  -0.00373
   0.00652
  -0.00928
   0.01201
  -0.01469
   0.01731
  -0.01987
   0.02235
  -0.02473
   0.02702
  -0.02921
   0.03128
  -0.03322
   0.03504
  -0.03671
   0.03824
  -0.03962
   0.04085
  -0.04191
   0.04281
  -0.04354
   0.04409
  -0.04447
   0.04468
  -0.04471
   0.04457
  -0.04424
   0.04375
  -0.04308
   0.04224
  -0.04123
   0.04007
  -0.03874
   0.03726
  -0.03563
   0.03387
  -0.03196
   0.02994
  -0.02779
   0.02554
  -0.02318
   0.02073
  -0.01821
   0.01560
  -0.01294
   0.01023
  -0.00748
   0.00469
  -0.00189
  -0.00092
   0.00373
  -0.00652
   0.00928
  -0.01201
   0.01469
  -0.01731
   0.01987
  -0.02235
   0.02473
  -0.02702
   0.02921
  -0.03128
   0.03322
  -0.03504
   0.03671
  -0.03824
   0.03962
  -0.04085
   0.04191
  -0.04281
   0.04354
  -0.04409
   0.04447
  -0.04468
   0.04471
  -0.04457
   0.04424
  -0.04375
   0.04308
  -0.04224
   0.04123
  -0.04007
   0.03874
  -0.03726
   0.03563
  -0.03387
   0.03196
  -0.02994
   0.02779
  -0.02554
   0.02318
  -0.02073
   0.01821
  -0.01560
   0.01294
  -0.01023
   0.00748
  -0.00469
   0.00189
   0.00092
  -0.00373
   0.00652
  -0.00928
   0.01201
  -0.01469
   0.01731
  -0.01987
   0.02235
  -0.02473
   0.02702
  -0.02921
   0.03128
  -0.03322
   0.03504
  -0.03671
   0.03824
  -0.03962
   0.04085
  -0.04191
   0.04281
  -0.04354
   0.04409
  -0.04447
   0.04468
  -0.04471
   0.04457
  -0.04424
   0.04375
  -0.04308
   0.04224
  -0.04123
   0.04007
  -0.03874
   0.03726
  -0.03563
   0.03387
  -0.03196
   0.02994
  -0.02779
   0.02554
  -0.02318
   0.02073
  -0.01821
   0.01560
  -0.01294
   0.01023
  -0.00748
   0.00469
  -0.00189
  -0.00092
   0.00373
  -0.00652
   0.00928
  -0.01201
   0.01469
  -0.01731
   0.01987
  -0.02235
   0.02473
  -0.02702
   0.02921
  -0.03128
   0.03322
  -0.03504
   0.03671
  -0.03824
   0.03962
  -0.04085
   0.04191
  -0.04281
   0.04354
  -0.04409
   0.04447
  -0.04468
   0.04471
  -0.04457
   0.04424
  -0.04375
   0.04308
  -0.04224
   0.04123
  -0.04007
   0.03874
  -0.03726
   0.03563
  -0.03387
   0.03196
  -0.02994
   0.02779
  -0.02554
   0.02318
  -0.02073
   0.01821
  -0.01560
   0.01294
  -0.01023
   0.00748
  -0.00469
   0.00189
   0.00092
  -0.00373
   0.00652
  -0.00928
   0.01201
  -0.01469
   0.01731
  -0.01987
   0.02235
  -0.02473
   0.02702
  -0.02921
   0.03128
  -0.03322
   0.03504
  -0.03671
   0.03824
  -0.03962
   0.04085
  -0.04191
   0.04281
  -0.04354
   0.04409
  -0.04447
   0.04468
  -0.04471
   0.04457
  -0.04424
   0.04375
  -0.04308
   0.04224
  -0.04123
   0.04007
  -0.03874
   0.03726
  -0.03563
   0.03387
  -0.03196
   0.02994
  -0.02779
   0.02554
  -0.02318
   0.02073
  -0.01821
   0.01560
  -0.01294
   0.01023
  -0.00748
   0.00469
  -0.00189
  -0.00092
   0.00373
  -0.00652
   0.00928
  -0.01201
   0.01469
  -0.01731
   0.01987
  -0.02235
   0.02473
  -0.02702
   0.02921
  -0.03128
   0.03322
  -0.03504
   0.03671
  -0.03824
   0.03962
  -0.04085
   0.04191
  -0.04281
   0.04354
  -0.04409
   0.04447
  -0.04468
   0.04471
  -0.04457
   0.04424
  -0.04375
   0.04308
  -0.04224
   0.04123
  -0.04007
   0.03874
  -0.03726
   0.03563
  -0.03387
   0.03196
  -0.02994
   0.02779
  -0.02554
   0.02318
  -0.02073
   0.01821
  -0.01560
   0.01294
  -0.01023
   0.00748
  -0.00469
   0.00189
   0.00092
  -0.00373
   0.00652
  -0.00928
   0.01201
  -0.01469
   0.01731
  -0.01987
   0.02235
  -0.02473
   0.02702
  -0.02921
   0.03128
  -0.03322
   0.03504
  -0.03671
   0.03824
  -0.03962
   0.04085
  -0.04191
   0.04281
  -0.04354
   0.04409
  -0.04447
   0.04468
  -0.04471
   0.04457
  -0.04424
   0.04375
  -0.04308
   0.04224
  -0.04123
   0.04007
  -0.03874
   0.03726
  -0.03563
   0.03387
  -0.03196
   0.02994
  -0.02779
   0.02554
  -0.02318
   0.02073
  -0.01821
   0.01560
  -0.01294
   0.01023
  -0.00748
   0.00469
  -0.00189
  -0.00092
   0.00373
  -0.00652
   0.00928
  -0.01201
   0.01469
  -0.01731
   0.01987
  -0.02235
   0.02473
  -0.02702
   0.02921
  -0.03128
   0.03322
  -0.03504
   0.03671
  -0.03824
   0.03962
  -0.04085
   0.04191
  -0.04281
   0.04354
  -0.04409
   0.04447
  -0.04468
   0.04471
  -0.04457
   0.04424
  -0.04375
   0.04308
  -0.04224
   0.04123
  -0.04007
   0.03874
  -0.03726
   0.03563
  -0.03387
   0.03196
  -0.02994
   0.02779
  -0.02554
   0.02318
  -0.02073
   0.01821
  -0.01560
   0.01294
  -0.01023
   0.00748
  -0.00469
   0.00189
   0.00092
  -0.00373
   0.00652
  -0.00928
   0.01201
  -0.01469
   0.01731
  -0.01987
   0.02235
  -0.02473
   0.02702
  -0.02921
   0.03128
  -0.03322
   0.03504
  -0.03671
   0.03824
  -0.03962
   0.04085
  -0.04191
   0.04281
  -0.04354
   0.04409
  -0.04447
   0.04468
  -0.04471
   0.04457
  -0.04424
   0.04375
  -0.04308
   0.04224
  -0.04123
   0.04007
  -0.03874
   0.03726
  -0.03563
   0.03387
  -0.03196
   0.02994
  -0.02779
   0.02554
  -0.02318
   0.02073
  -0.01821
   0.01560
  -0.01294
   0.01023
  -0.00748
   0.00469
  -0.00189
  -0.00092
   0.00373
  -0.00652
   0.00928
  -0.01201
   0.01469
  -0.01731
   0.01987
  -0.02235
   0.02473
  -0.02702
   0.02921
  -0.03128
   0.03322
  -0.03504
   0.03671
  -0.03824
   0.03962
  -0.04085
   0.04191
  -0.04281
   0.04354
  -0.04409
   0.04447
  -0.04468
   0.04471
  -0.04457
   0.04424
  -0.04375
   0.04308
  -0.04224
   0.04123
  -0.04007
   0.03874
  -0.03726
   0.03563
  -0.03387
   0.03196
  -0.02994
   0.02779
  -0.02554
   0.02318
  -0.02073
   0.01821
  -0.01560
   0.01294
  -0.01023
   0.00748
  -0.00469
   0.00189
   0.00092
  -0.00373
   0.00652
  -0.00928
   0.01201
  -0.01469
   0.01731
  -0.01987
   0.02235
  -0.02473
   0.02702
  -0.02921
   0.03128
  -0.03322
   0.03504
  -0.03671
   0.03824
  -0.03962
   0.04085
  -0.04191
   0.04281
  -0.04354
   0.04409
  -0.04447
   0.04468
  -0.04471
