  -0.02912
   0.00648
   0.03763
   0.04293
   0.01875
  -0.01832
  -0.04280
  -0.03789
  -0.00695
   0.02876
   0.04471
   0.02996
  -0.00537
  -0.03701
  -0.04323
  -0.01976
   0.01728
   0.04246
   0.03847
   0.00806
  -0.02789
  -0.04468
  -0.03079
   0.00425
   0.03637
   0.04351
   0.02076
  -0.01624
  -0.04209
  -0.03903
  -0.00916
   0.02700
   0.04462
   0.03159
  -0.00313
  -0.03570
  -0.04375
  -0.02175
   0.01519
   0.04170
   0.03957
   0.01026
  -0.02609
  -0.04453
  -0.03238
   0.00201
   0.03502
   0.04397
   0.02273
  -0.01413
  -0.04128
  -0.04008
  -0.01135
   0.02517
   0.04441
   0.03314
  -0.00089
  -0.03431
  -0.04416
  -0.02369
   0.01306
   0.04083
   0.04057
   0.01243
  -0.02424
  -0.04426
  -0.03389
  -0.00024
   0.03357
   0.04433
   0.02463
  -0.01198
  -0.04036
  -0.04103
  -0.01351
   0.02328
   0.04409
   0.03461
   0.00136
  -0.03282
  -0.04446
  -0.02556
   0.01089
   0.03987
   0.04146
   0.01458
  -0.02232
  -0.04388
  -0.03531
  -0.00248
   0.03205
   0.04457
   0.02648
  -0.00980
  -0.03934
  -0.04187
  -0.01564
   0.02134
   0.04365
   0.03599
   0.00361
  -0.03125
  -0.04465
  -0.02738
   0.00870
   0.03880
   0.04225
   0.01668
  -0.02034
  -0.04340
  -0.03664
  -0.00472
   0.03044
   0.04470
   0.02826
  -0.00759
  -0.03823
  -0.04261
  -0.01772
   0.01933
   0.04311
   0.03728
   0.00584
  -0.02961
  -0.04472
  -0.02912
   0.00648
   0.03763
   0.04293
   0.01875
  -0.01832
  -0.04280
  -0.03789
  -0.00695
   0.02876
   0.04471
   0.02996
  -0.00537
  -0.03701
  -0.04323
  -0.01976
   0.01728
   0.04246
   0.03847
   0.00806
  -0.02789
  -0.04468
  -0.03079
   0.00425
   0.03637
   0.04351
   0.02076
  -0.01624
  -0.04209
  -0.03903
  -0.00916
   0.02700
   0.04462
   0.03159
  -0.00313
  -0.03570
  -0.04375
  -0.02175
   0.01519
   0.04170
   0.03957
   0.01026
  -0.02609
  -0.04453
  -0.03238
   0.00201
   0.03502
   0.04397
   0.02273
  -0.01413
  -0.04128
  -0.04008
  -0.01135
   0.02517
   0.04441
   0.03314
  -0.00089
  -0.03431
  -0.04416
  -0.02369
   0.01306
   0.04083
   0.04057
   0.01243
  -0.02424
  -0.04426
  -0.03389
  -0.00024
   0.03357
   0.04433
   0.02463
  -0.01198
  -0.04036
  -0.04103
  -0.01351
   0.02328
   0.04409
   0.03461
   0.00136
  -0.03282
  -0.04446
  -0.02556
   0.01089
   0.03987
   0.04146
   0.01458
  -0.02232
  -0.04388
  -0.03531
  -0.00248
   0.03205
   0.04457
   0.02648
  -0.00980
  -0.03934
  -0.04187
  -0.01564
   0.02134
   0.04365
   0.03599
   0.00361
  -0.03125
  -0.04465
  -0.02738
   0.00870
   0.03880
   0.04225
   0.01668
  -0.02034
  -0.04340
  -0.03664
  -0.00472
   0.03044
   0.04470
   0.02826
  -0.00759
  -0.03823
  -0.04261
  -0.01772
   0.01933
   0.04311
   0.03728
   0.00584
  -0.02961
  -0.04472
  -0.02912
   0.00648
   0.03763
   0.04293
   0.01875
  -0.01832
  -0.04280
  -0.03789
  -0.00695
   0.02876
   0.04471
   0.02996
  -0.00537
  -0.03701
  -0.04323
  -0.01976
   0.01728
   0.04246
   0.03847
   0.00806
  -0.02789
  -0.04468
  -0.03079
   0.00425
   0.03637
   0.04351
   0.02076
  -0.01624
  -0.04209
  -0.03903
  -0.00916
   0.02700
   0.04462
   0.03159
  -0.00313
  -0.03570
  -0.04375
  -0.02175
   0.01519
   0.04170
   0.03957
   0.01026
  -0.02609
  -0.04453
  -0.03238
   0.00201
   0.03502
   0.04397
   0.02273
  -0.01413
  -0.04128
  -0.04008
  -0.01135
   0.02517
   0.04441
   0.03314
  -0.00089
  -0.03431
  -0.04416
  -0.02369
   0.01306
   0.04083
   0.04057
   0.01243
  -0.02424
  -0.04426
  -0.03389
  -0.00024
   0.03357
   0.04433
   0.02463
  -0.01198
  -0.04036
  -0.04103
  -0.01351
   0.02328
   0.04409
   0.03461
   0.00136
  -0.03282
  -0.04446
  -0.02556
   0.01089
   0.03987
   0.04146
   0.01458
  -0.02232
  -0.04388
  -0.03531
  -0.00248
   0.03205
   0.04457
   0.02648
  -0.00980
  -0.03934
  -0.04187
  -0.01564
   0.02134
   0.04365
   0.03599
   0.00361
  -0.03125
  -0.04465
  -0.02738
   0.00870
   0.03880
   0.04225
   0.01668
  -0.02034
  -0.04340
  -0.03664
  -0.00472
   0.03044
   0.04470
   0.02826
  -0.00759
  -0.03823
  -0.04261
  -0.01772
   0.01933
   0.04311
   0.03728
   0.00584
  -0.02961
  -0.04472
  -0.02912
   0.00648
   0.03763
   0.04293
   0.01875
  -0.01832
  -0.04280
  -0.03789
  -0.00695
   0.02876
   0.04471
   0.02996
  -0.00537
  -0.03701
  -0.04323
  -0.01976
   0.01728
   0.04246
   0.03847
   0.00806
  -0.02789
  -0.04468
  -0.03079
   0.00425
   0.03637
   0.04351
   0.02076
  -0.01624
  -0.04209
  -0.03903
  -0.00916
   0.02700
   0.04462
   0.03159
  -0.00313
  -0.03570
  -0.04375
  -0.02175
   0.01519
   0.04170
   0.03957
   0.01026
  -0.02609
  -0.04453
  -0.03238
   0.00201
   0.03502
   0.04397
   0.02273
  -0.01413
  -0.04128
  -0.04008
  -0.01135
   0.02517
   0.04441
   0.03314
  -0.00089
  -0.03431
  -0.04416
  -0.02369
   0.01306
   0.04083
   0.04057
   0.01243
  -0.02424
  -0.04426
  -0.03389
  -0.00024
   0.03357
   0.04433
   0.02463
  -0.01198
  -0.04036
  -0.04103
  -0.01351
   0.02328
   0.04409
   0.03461
   0.00136
  -0.03282
  -0.04446
  -0.02556
   0.01089
   0.03987
   0.04146
   0.01458
  -0.02232
  -0.04388
  -0.03531
  -0.00248
   0.03205
   0.04457
   0.02648
  -0.00980
  -0.03934
  -0.04187
  -0.01564
   0.02134
   0.04365
   0.03599
   0.00361
  -0.03125
  -0.04465
  -0.02738
   0.00870
   0.03880
   0.04225
   0.01668
  -0.02034
  -0.04340
  -0.03664
  -0.00472
   0.03044
   0.04470
   0.02826
  -0.00759
  -0.03823
  -0.04261
  -0.01772
   0.01933
   0.04311
   0.03728
   0.00584
  -0.02961
  -0.04472
  -0.02912
   0.00648
   0.03763
   0.04293
   0.01875
  -0.01832
  -0.04280
  -0.03789
  -0.00695
   0.02876
   0.04471
   0.02996
  -0.00537
  -0.03701
  -0.04323
  -0.01976
   0.01728
   0.04246
   0.03847
   0.00806
  -0.02789
  -0.04468
  -0.03079
   0.00425
   0.03637
   0.04351
   0.02076
  -0.01624
  -0.04209
  -0.03903
  -0.00916
   0.02700
   0.04462
   0.03159
  -0.00313
  -0.03570
  -0.04375
  -0.02175
   0.01519
   0.04170
   0.03957
   0.01026
  -0.02609
  -0.04453
  -0.03238
   0.00201
   0.03502
   0.04397
   0.02273
  -0.01413
  -0.04128
  -0.04008
  -0.01135
   0.02517
   0.04441
   0.03314
  -0.00089
  -0.03431
  -0.04416
  -0.02369
   0.01306
   0.04083
   0.04057
   0.01243
  -0.02424
  -0.04426
  -0.03389
  -0.00024
   0.03357
   0.04433
   0.02463
  -0.01198
  -0.04036
  -0.04103
  -0.01351
   0.02328
   0.04409
   0.03461
   0.00136
  -0.03282
  -0.04446
  -0.02556
   0.01089
   0.03987
   0.04146
   0.01458
  -0.02232
  -0.04388
  -0.03531
  -0.00248
   0.03205
   0.04457
   0.02648
  -0.00980
  -0.03934
  -0.04187
  -0.01564
   0.02134
   0.04365
   0.03599
   0.00361
  -0.03125
  -0.04465
  -0.02738
   0.00870
   0.03880
   0.04225
   0.01668
  -0.02034
  -0.04340
  -0.03664
  -0.00472
   0.03044
   0.04470
   0.02826
  -0.00759
  -0.03823
  -0.04261
  -0.01772
   0.01933
   0.04311
   0.03728
   0.00584
  -0.02961
  -0.04472
  -0.02912
   0.00648
   0.03763
   0.04293
   0.01875
  -0.01832
  -0.04280
  -0.03789
  -0.00695
   0.02876
   0.04471
   0.02996
  -0.00537
  -0.03701
  -0.04323
  -0.01976
   0.01728
   0.04246
   0.03847
   0.00806
  -0.02789
  -0.04468
  -0.03079
   0.00425
   0.03637
   0.04351
   0.02076
  -0.01624
  -0.04209
  -0.03903
  -0.00916
   0.02700
   0.04462
   0.03159
  -0.00313
  -0.03570
  -0.04375
  -0.02175
   0.01519
   0.04170
   0.03957
   0.01026
  -0.02609
  -0.04453
  -0.03238
   0.00201
   0.03502
   0.04397
   0.02273
  -0.01413
  -0.04128
  -0.04008
  -0.01135
   0.02517
   0.04441
   0.03314
  -0.00089
  -0.03431
  -0.04416
  -0.02369
   0.01306
   0.04083
   0.04057
   0.01243
  -0.02424
  -0.04426
  -0.03389
  -0.00024
   0.03357
   0.04433
   0.02463
  -0.01198
  -0.04036
  -0.04103
  -0.01351
   0.02328
   0.04409
   0.03461
   0.00136
  -0.03282
  -0.04446
  -0.02556
   0.01089
   0.03987
   0.04146
   0.01458
  -0.02232
  -0.04388
  -0.03531
  -0.00248
   0.03205
   0.04457
   0.02648
  -0.00980
  -0.03934
  -0.04187
  -0.01564
   0.02134
   0.04365
   0.03599
   0.00361
  -0.03125
  -0.04465
  -0.02738
   0.00870
   0.03880
   0.04225
   0.01668
  -0.02034
  -0.04340
  -0.03664
  -0.00472
   0.03044
   0.04470
   0.02826
  -0.00759
  -0.03823
  -0.04261
  -0.01772
   0.01933
   0.04311
   0.03728
   0.00584
  -0.02961
  -0.04472
  -0.02912
   0.00648
   0.03763
   0.04293
   0.01875
  -0.01832
  -0.04280
  -0.03789
  -0.00695
   0.02876
   0.04471
   0.02996
  -0.00537
  -0.03701
  -0.04323
  -0.01976
   0.01728
   0.04246
   0.03847
   0.00806
  -0.02789
  -0.04468
  -0.03079
   0.00425
   0.03637
   0.04351
   0.02076
  -0.01624
  -0.04209
  -0.03903
  -0.00916
   0.02700
   0.04462
   0.03159
  -0.00313
  -0.03570
  -0.04375
  -0.02175
   0.01519
   0.04170
   0.03957
   0.01026
  -0.02609
  -0.04453
  -0.03238
   0.00201
   0.03502
   0.04397
   0.02273
  -0.01413
  -0.04128
  -0.04008
  -0.01135
   0.02517
   0.04441
   0.03314
  -0.00089
  -0.03431
  -0.04416
  -0.02369
   0.01306
   0.04083
   0.04057
   0.01243
  -0.02424
  -0.04426
  -0.03389
  -0.00024
   0.03357
   0.04433
   0.02463
  -0.01198
  -0.04036
  -0.04103
  -0.01351
   0.02328
   0.04409
   0.03461
   0.00136
  -0.03282
  -0.04446
  -0.02556
   0.01089
   0.03987
   0.04146
   0.01458
  -0.02232
  -0.04388
  -0.03531
  -0.00248
   0.03205
   0.04457
   0.02648
  -0.00980
  -0.03934
  -0.04187
  -0.01564
   0.02134
   0.04365
   0.03599
   0.00361
  -0.03125
  -0.04465
  -0.02738
   0.00870
   0.03880
   0.04225
   0.01668
  -0.02034
  -0.04340
  -0.03664
  -0.00472
   0.03044
   0.04470
   0.02826
  -0.00759
  -0.03823
  -0.04261
  -0.01772
   0.01933
   0.04311
   0.03728
   0.00584
  -0.02961
  -0.04472
  -0.02912
   0.00648
   0.03763
   0.04293
   0.01875
  -0.01832
  -0.04280
  -0.03789
  -0.00695
   0.02876
   0.04471
   0.02996
  -0.00537
  -0.03701
  -0.04323
  -0.01976
   0.01728
   0.04246
   0.03847
   0.00806
  -0.02789
  -0.04468
  -0.03079
   0.00425
   0.03637
   0.04351
   0.02076
  -0.01624
  -0.04209
  -0.03903
  -0.00916
   0.02700
   0.04462
   0.03159
  -0.00313
  -0.03570
  -0.04375
  -0.02175
   0.01519
   0.04170
   0.03957
   0.01026
  -0.02609
  -0.04453
  -0.03238
   0.00201
   0.03502
   0.04397
   0.02273
  -0.01413
  -0.04128
  -0.04008
  -0.01135
   0.02517
   0.04441
   0.03314
  -0.00089
  -0.03431
  -0.04416
  -0.02369
   0.01306
   0.04083
   0.04057
   0.01243
  -0.02424
  -0.04426
  -0.03389
  -0.00024
   0.03357
   0.04433
   0.02463
  -0.01198
  -0.04036
  -0.04103
  -0.01351
   0.02328
   0.04409
   0.03461
   0.00136
  -0.03282
  -0.04446
  -0.02556
   0.01089
   0.03987
   0.04146
   0.01458
  -0.02232
  -0.04388
  -0.03531
  -0.00248
   0.03205
   0.04457
   0.02648
  -0.00980
  -0.03934
  -0.04187
  -0.01564
   0.02134
   0.04365
   0.03599
   0.00361
  -0.03125
  -0.04465
  -0.02738
   0.00870
   0.03880
   0.04225
   0.01668
  -0.02034
  -0.04340
  -0.03664
  -0.00472
   0.03044
   0.04470
   0.02826
  -0.00759
  -0.03823
  -0.04261
  -0.01772
   0.01933
   0.04311
   0.03728
   0.00584
  -0.02961
  -0.04472
