   0.02855
  -0.04438
   0.03615
  -0.00832
  -0.02401
   0.04333
  -0.03916
   0.01377
   0.01909
  -0.04160
   0.04156
  -0.01899
  -0.01387
   0.03922
  -0.04330
   0.02391
   0.00844
  -0.03621
   0.04436
  -0.02846
  -0.00287
   0.03264
  -0.04472
   0.03256
  -0.00275
  -0.02855
   0.04438
  -0.03615
   0.00832
   0.02401
  -0.04333
   0.03916
  -0.01377
  -0.01909
   0.04160
  -0.04156
   0.01899
   0.01387
  -0.03922
   0.04330
  -0.02391
  -0.00844
   0.03621
  -0.04436
   0.02846
   0.00287
  -0.03264
   0.04472
  -0.03256
   0.00275
   0.02855
  -0.04438
   0.03615
  -0.00832
  -0.02401
   0.04333
  -0.03916
   0.01377
   0.01909
  -0.04160
   0.04156
  -0.01899
  -0.01387
   0.03922
  -0.04330
   0.02391
   0.00844
  -0.03621
   0.04436
  -0.02846
  -0.00287
   0.03264
  -0.04472
   0.03256
  -0.00275
  -0.02855
   0.04438
  -0.03615
   0.00832
   0.02401
  -0.04333
   0.03916
  -0.01377
  -0.01909
   0.04160
  -0.04156
   0.01899
   0.01387
  -0.03922
   0.04330
  -0.02391
  -0.00844
   0.03621
  -0.04436
   0.02846
   0.00287
  -0.03264
   0.04472
  -0.03256
   0.00275
   0.02855
  -0.04438
   0.03615
  -0.00832
  -0.02401
   0.04333
  -0.03916
   0.01377
   0.01909
  -0.04160
   0.04156
  -0.01899
  -0.01387
   0.03922
  -0.04330
   0.02391
   0.00844
  -0.03621
   0.04436
  -0.02846
  -0.00287
   0.03264
  -0.04472
   0.03256
  -0.00275
  -0.02855
   0.04438
  -0.03615
   0.00832
   0.02401
  -0.04333
   0.03916
  -0.01377
  -0.01909
   0.04160
  -0.04156
   0.01899
   0.01387
  -0.03922
   0.04330
  -0.02391
  -0.00844
   0.03621
  -0.04436
   0.02846
   0.00287
  -0.03264
   0.04472
  -0.03256
   0.00275
   0.02855
  -0.04438
   0.03615
  -0.00832
  -0.02401
   0.04333
  -0.03916
   0.01377
   0.01909
  -0.04160
   0.04156
  -0.01899
  -0.01387
   0.03922
  -0.04330
   0.02391
   0.00844
  -0.03621
   0.04436
  -0.02846
  -0.00287
   0.03264
  -0.04472
   0.03256
  -0.00275
  -0.02855
   0.04438
  -0.03615
   0.00832
   0.02401
  -0.04333
   0.03916
  -0.01377
  -0.01909
   0.04160
  -0.04156
   0.01899
   0.01387
  -0.03922
   0.04330
  -0.02391
  -0.00844
   0.03621
  -0.04436
   0.02846
   0.00287
  -0.03264
   0.04472
  -0.03256
   0.00275
   0.02855
  -0.04438
   0.03615
  -0.00832
  -0.02401
   0.04333
  -0.03916
   0.01377
   0.01909
  -0.04160
   0.04156
  -0.01899
  -0.01387
   0.03922
  -0.04330
   0.02391
   0.00844
  -0.03621
   0.04436
  -0.02846
  -0.00287
   0.03264
  -0.04472
   0.03256
  -0.00275
  -0.02855
   0.04438
  -0.03615
   0.00832
   0.02401
  -0.04333
   0.03916
  -0.01377
  -0.01909
   0.04160
  -0.04156
   0.01899
   0.01387
  -0.03922
   0.04330
  -0.02391
  -0.00844
   0.03621
  -0.04436
   0.02846
   0.00287
  -0.03264
   0.04472
  -0.03256
   0.00275
   0.02855
  -0.04438
   0.03615
  -0.00832
  -0.02401
   0.04333
  -0.03916
   0.01377
   0.01909
  -0.04160
   0.04156
  -0.01899
  -0.01387
   0.03922
  -0.04330
   0.02391
   0.00844
  -0.03621
   0.04436
  -0.02846
  -0.00287
   0.03264
  -0.04472
   0.03256
  -0.00275
  -0.02855
   0.04438
  -0.03615
   0.00832
   0.02401
  -0.04333
   0.03916
  -0.01377
  -0.01909
   0.04160
  -0.04156
   0.01899
   0.01387
  -0.03922
   0.04330
  -0.02391
  -0.00844
   0.03621
  -0.04436
   0.02846
   0.00287
  -0.03264
   0.04472
  -0.03256
   0.00275
   0.02855
  -0.04438
   0.03615
  -0.00832
  -0.02401
   0.04333
  -0.03916
   0.01377
   0.01909
  -0.04160
   0.04156
  -0.01899
  -0.01387
   0.03922
  -0.04330
   0.02391
   0.00844
  -0.03621
   0.04436
  -0.02846
  -0.00287
   0.03264
  -0.04472
   0.03256
  -0.00275
  -0.02855
   0.04438
  -0.03615
   0.00832
   0.02401
  -0.04333
   0.03916
  -0.01377
  -0.01909
   0.04160
  -0.04156
   0.01899
   0.01387
  -0.03922
   0.04330
  -0.02391
  -0.00844
   0.03621
  -0.04436
   0.02846
   0.00287
  -0.03264
   0.04472
  -0.03256
   0.00275
   0.02855
  -0.04438
   0.03615
  -0.00832
  -0.02401
   0.04333
  -0.03916
   0.01377
   0.01909
  -0.04160
   0.04156
  -0.01899
  -0.01387
   0.03922
  -0.04330
   0.02391
   0.00844
  -0.03621
   0.04436
  -0.02846
  -0.00287
   0.03264
  -0.04472
   0.03256
  -0.00275
  -0.02855
   0.04438
  -0.03615
   0.00832
   0.02401
  -0.04333
   0.03916
  -0.01377
  -0.01909
   0.04160
  -0.04156
   0.01899
   0.01387
  -0.03922
   0.04330
  -0.02391
  -0.00844
   0.03621
  -0.04436
   0.02846
   0.00287
  -0.03264
   0.04472
  -0.03256
   0.00275
   0.02855
  -0.04438
   0.03615
  -0.00832
  -0.02401
   0.04333
  -0.03916
   0.01377
   0.01909
  -0.04160
   0.04156
  -0.01899
  -0.01387
   0.03922
  -0.04330
   0.02391
   0.00844
  -0.03621
   0.04436
  -0.02846
  -0.00287
   0.03264
  -0.04472
   0.03256
  -0.00275
  -0.02855
   0.04438
  -0.03615
   0.00832
   0.02401
  -0.04333
   0.03916
  -0.01377
  -0.01909
   0.04160
  -0.04156
   0.01899
   0.01387
  -0.03922
   0.04330
  -0.02391
  -0.00844
   0.03621
  -0.04436
   0.02846
   0.00287
  -0.03264
   0.04472
  -0.03256
   0.00275
   0.02855
  -0.04438
   0.03615
  -0.00832
  -0.02401
   0.04333
  -0.03916
   0.01377
   0.01909
  -0.04160
   0.04156
  -0.01899
  -0.01387
   0.03922
  -0.04330
   0.02391
   0.00844
  -0.03621
   0.04436
  -0.02846
  -0.00287
   0.03264
  -0.04472
   0.03256
  -0.00275
  -0.02855
   0.04438
  -0.03615
   0.00832
   0.02401
  -0.04333
   0.03916
  -0.01377
  -0.01909
   0.04160
  -0.04156
   0.01899
   0.01387
  -0.03922
   0.04330
  -0.02391
  -0.00844
   0.03621
  -0.04436
   0.02846
   0.00287
  -0.03264
   0.04472
  -0.03256
   0.00275
   0.02855
  -0.04438
   0.03615
  -0.00832
  -0.02401
   0.04333
  -0.03916
   0.01377
   0.01909
  -0.04160
   0.04156
  -0.01899
  -0.01387
   0.03922
  -0.04330
   0.02391
   0.00844
  -0.03621
   0.04436
  -0.02846
  -0.00287
   0.03264
  -0.04472
   0.03256
  -0.00275
  -0.02855
   0.04438
  -0.03615
   0.00832
   0.02401
  -0.04333
   0.03916
  -0.01377
  -0.01909
   0.04160
  -0.04156
   0.01899
   0.01387
  -0.03922
   0.04330
  -0.02391
  -0.00844
   0.03621
  -0.04436
   0.02846
   0.00287
  -0.03264
   0.04472
  -0.03256
   0.00275
   0.02855
  -0.04438
   0.03615
  -0.00832
  -0.02401
   0.04333
  -0.03916
   0.01377
   0.01909
  -0.04160
   0.04156
  -0.01899
  -0.01387
   0.03922
  -0.04330
   0.02391
   0.00844
  -0.03621
   0.04436
  -0.02846
  -0.00287
   0.03264
  -0.04472
   0.03256
  -0.00275
  -0.02855
   0.04438
  -0.03615
   0.00832
   0.02401
  -0.04333
   0.03916
  -0.01377
  -0.01909
   0.04160
  -0.04156
   0.01899
   0.01387
  -0.03922
   0.04330
  -0.02391
  -0.00844
   0.03621
  -0.04436
   0.02846
   0.00287
  -0.03264
   0.04472
  -0.03256
   0.00275
   0.02855
  -0.04438
   0.03615
  -0.00832
  -0.02401
   0.04333
  -0.03916
   0.01377
   0.01909
  -0.04160
   0.04156
  -0.01899
  -0.01387
   0.03922
  -0.04330
   0.02391
   0.00844
  -0.03621
   0.04436
  -0.02846
  -0.00287
   0.03264
  -0.04472
   0.03256
  -0.00275
  -0.02855
   0.04438
  -0.03615
   0.00832
   0.02401
  -0.04333
   0.03916
  -0.01377
  -0.01909
   0.04160
  -0.04156
   0.01899
   0.01387
  -0.03922
   0.04330
  -0.02391
  -0.00844
   0.03621
  -0.04436
   0.02846
   0.00287
  -0.03264
   0.04472
  -0.03256
   0.00275
   0.02855
  -0.04438
   0.03615
  -0.00832
  -0.02401
   0.04333
  -0.03916
   0.01377
   0.01909
  -0.04160
   0.04156
  -0.01899
  -0.01387
   0.03922
  -0.04330
   0.02391
   0.00844
  -0.03621
   0.04436
  -0.02846
  -0.00287
   0.03264
  -0.04472
   0.03256
  -0.00275
  -0.02855
   0.04438
  -0.03615
   0.00832
   0.02401
  -0.04333
   0.03916
  -0.01377
  -0.01909
   0.04160
  -0.04156
   0.01899
   0.01387
  -0.03922
   0.04330
  -0.02391
  -0.00844
   0.03621
  -0.04436
   0.02846
   0.00287
  -0.03264
   0.04472
  -0.03256
   0.00275
   0.02855
  -0.04438
   0.03615
  -0.00832
  -0.02401
   0.04333
  -0.03916
   0.01377
   0.01909
  -0.04160
   0.04156
  -0.01899
  -0.01387
   0.03922
  -0.04330
   0.02391
   0.00844
  -0.03621
   0.04436
  -0.02846
  -0.00287
   0.03264
  -0.04472
   0.03256
  -0.00275
  -0.02855
   0.04438
  -0.03615
   0.00832
   0.02401
  -0.04333
   0.03916
  -0.01377
  -0.01909
   0.04160
  -0.04156
   0.01899
   0.01387
  -0.03922
   0.04330
  -0.02391
  -0.00844
   0.03621
  -0.04436
   0.02846
   0.00287
  -0.03264
   0.04472
  -0.03256
   0.00275
   0.02855
  -0.04438
   0.03615
  -0.00832
  -0.02401
   0.04333
  -0.03916
   0.01377
   0.01909
  -0.04160
   0.04156
  -0.01899
  -0.01387
   0.03922
  -0.04330
   0.02391
   0.00844
  -0.03621
   0.04436
  -0.02846
  -0.00287
   0.03264
  -0.04472
   0.03256
  -0.00275
  -0.02855
   0.04438
  -0.03615
   0.00832
   0.02401
  -0.04333
   0.03916
  -0.01377
  -0.01909
   0.04160
  -0.04156
   0.01899
   0.01387
  -0.03922
   0.04330
  -0.02391
  -0.00844
   0.03621
  -0.04436
   0.02846
   0.00287
  -0.03264
   0.04472
  -0.03256
   0.00275
   0.02855
  -0.04438
   0.03615
  -0.00832
  -0.02401
   0.04333
  -0.03916
   0.01377
   0.01909
  -0.04160
   0.04156
  -0.01899
  -0.01387
   0.03922
  -0.04330
   0.02391
   0.00844
  -0.03621
   0.04436
  -0.02846
  -0.00287
   0.03264
  -0.04472
   0.03256
  -0.00275
  -0.02855
   0.04438
  -0.03615
   0.00832
   0.02401
  -0.04333
   0.03916
  -0.01377
  -0.01909
   0.04160
  -0.04156
   0.01899
   0.01387
  -0.03922
   0.04330
  -0.02391
  -0.00844
   0.03621
  -0.04436
   0.02846
   0.00287
  -0.03264
   0.04472
  -0.03256
   0.00275
   0.02855
  -0.04438
   0.03615
  -0.00832
  -0.02401
   0.04333
  -0.03916
   0.01377
   0.01909
  -0.04160
   0.04156
  -0.01899
  -0.01387
   0.03922
  -0.04330
   0.02391
   0.00844
  -0.03621
   0.04436
  -0.02846
  -0.00287
   0.03264
  -0.04472
   0.03256
  -0.00275
  -0.02855
   0.04438
  -0.03615
   0.00832
   0.02401
  -0.04333
   0.03916
  -0.01377
  -0.01909
   0.04160
  -0.04156
   0.01899
   0.01387
  -0.03922
   0.04330
  -0.02391
  -0.00844
   0.03621
  -0.04436
   0.02846
   0.00287
  -0.03264
   0.04472
  -0.03256
   0.00275
   0.02855
  -0.04438
   0.03615
  -0.00832
  -0.02401
   0.04333
  -0.03916
   0.01377
   0.01909
  -0.04160
   0.04156
  -0.01899
  -0.01387
   0.03922
  -0.04330
   0.02391
   0.00844
  -0.03621
   0.04436
  -0.02846
  -0.00287
   0.03264
  -0.04472
   0.03256
  -0.00275
  -0.02855
   0.04438
  -0.03615
   0.00832
   0.02401
  -0.04333
   0.03916
  -0.01377
  -0.01909
   0.04160
  -0.04156
   0.01899
   0.01387
  -0.03922
   0.04330
  -0.02391
  -0.00844
   0.03621
  -0.04436
   0.02846
   0.00287
  -0.03264
   0.04472
  -0.03256
   0.00275
   0.02855
  -0.04438
   0.03615
  -0.00832
  -0.02401
   0.04333
  -0.03916
   0.01377
   0.01909
  -0.04160
   0.04156
  -0.01899
  -0.01387
   0.03922
  -0.04330
   0.02391
   0.00844
  -0.03621
   0.04436
  -0.02846
  -0.00287
   0.03264
  -0.04472
   0.03256
  -0.00275
  -0.02855
   0.04438
  -0.03615
   0.00832
   0.02401
  -0.04333
   0.03916
  -0.01377
  -0.01909
   0.04160
  -0.04156
   0.01899
   0.01387
  -0.03922
   0.04330
  -0.02391
  -0.00844
   0.03621
  -0.04436
   0.02846
   0.00287
  -0.03264
   0.04472
  -0.03256
   0.00275
