  -0.04386
  -0.01361
   0.04079
   0.02282
  -0.03564
  -0.03086
   0.02867
   0.03734
  -0.02025
  -0.04191
   0.01079
   0.04434
  -0.00078
  -0.04452
  -0.00927
   0.04243
   0.01884
  -0.03817
  -0.02746
   0.03197
   0.03468
  -0.02415
  -0.04013
   0.01509
   0.04353
  -0.00526
  -0.04472
  -0.00483
   0.04363
   0.01468
  -0.04032
  -0.02378
   0.03495
   0.03167
  -0.02780
  -0.03794
   0.01924
   0.04228
  -0.00969
  -0.04447
  -0.00034
   0.04440
   0.01036
  -0.04206
  -0.01986
   0.03757
   0.02834
  -0.03118
  -0.03538
   0.02319
   0.04061
  -0.01403
  -0.04378
   0.00415
   0.04471
   0.00595
  -0.04337
  -0.01574
   0.03982
   0.02472
  -0.03424
  -0.03245
   0.02691
   0.03853
  -0.01822
  -0.04264
   0.00859
   0.04458
   0.00147
  -0.04425
  -0.01145
   0.04166
   0.02086
  -0.03695
  -0.02920
   0.03036
   0.03605
  -0.02223
  -0.04107
   0.01296
   0.04399
  -0.00303
  -0.04468
  -0.00706
   0.04308
   0.01678
  -0.03929
  -0.02565
   0.03350
   0.03321
  -0.02601
  -0.03908
   0.01719
   0.04296
  -0.00749
  -0.04465
  -0.00259
   0.04407
   0.01254
  -0.04124
  -0.02185
   0.03631
   0.03004
  -0.02953
  -0.03671
   0.02124
   0.04150
  -0.01188
  -0.04418
   0.00190
   0.04461
   0.00817
  -0.04277
  -0.01782
   0.03875
   0.02656
  -0.03275
  -0.03396
   0.02509
   0.03962
  -0.01614
  -0.04326
   0.00638
   0.04470
   0.00371
  -0.04386
  -0.01361
   0.04079
   0.02282
  -0.03564
  -0.03086
   0.02867
   0.03734
  -0.02025
  -0.04191
   0.01079
   0.04434
  -0.00078
  -0.04452
  -0.00927
   0.04243
   0.01884
  -0.03817
  -0.02746
   0.03197
   0.03468
  -0.02415
  -0.04013
   0.01509
   0.04353
  -0.00526
  -0.04472
  -0.00483
   0.04363
   0.01468
  -0.04032
  -0.02378
   0.03495
   0.03167
  -0.02780
  -0.03794
   0.01924
   0.04228
  -0.00969
  -0.04447
  -0.00034
   0.04440
   0.01036
  -0.04206
  -0.01986
   0.03757
   0.02834
  -0.03118
  -0.03538
   0.02319
   0.04061
  -0.01403
  -0.04378
   0.00415
   0.04471
   0.00595
  -0.04337
  -0.01574
   0.03982
   0.02472
  -0.03424
  -0.03245
   0.02691
   0.03853
  -0.01822
  -0.04264
   0.00859
   0.04458
   0.00147
  -0.04425
  -0.01145
   0.04166
   0.02086
  -0.03695
  -0.02920
   0.03036
   0.03605
  -0.02223
  -0.04107
   0.01296
   0.04399
  -0.00303
  -0.04468
  -0.00706
   0.04308
   0.01678
  -0.03929
  -0.02565
   0.03350
   0.03321
  -0.02601
  -0.03908
   0.01719
   0.04296
  -0.00749
  -0.04465
  -0.00259
   0.04407
   0.01254
  -0.04124
  -0.02185
   0.03631
   0.03004
  -0.02953
  -0.03671
   0.02124
   0.04150
  -0.01188
  -0.04418
   0.00190
   0.04461
   0.00817
  -0.04277
  -0.01782
   0.03875
   0.02656
  -0.03275
  -0.03396
   0.02509
   0.03962
  -0.01614
  -0.04326
   0.00638
   0.04470
   0.00371
  -0.04386
  -0.01361
   0.04079
   0.02282
  -0.03564
  -0.03086
   0.02867
   0.03734
  -0.02025
  -0.04191
   0.01079
   0.04434
  -0.00078
  -0.04452
  -0.00927
   0.04243
   0.01884
  -0.03817
  -0.02746
   0.03197
   0.03468
  -0.02415
  -0.04013
   0.01509
   0.04353
  -0.00526
  -0.04472
  -0.00483
   0.04363
   0.01468
  -0.04032
  -0.02378
   0.03495
   0.03167
  -0.02780
  -0.03794
   0.01924
   0.04228
  -0.00969
  -0.04447
  -0.00034
   0.04440
   0.01036
  -0.04206
  -0.01986
   0.03757
   0.02834
  -0.03118
  -0.03538
   0.02319
   0.04061
  -0.01403
  -0.04378
   0.00415
   0.04471
   0.00595
  -0.04337
  -0.01574
   0.03982
   0.02472
  -0.03424
  -0.03245
   0.02691
   0.03853
  -0.01822
  -0.04264
   0.00859
   0.04458
   0.00147
  -0.04425
  -0.01145
   0.04166
   0.02086
  -0.03695
  -0.02920
   0.03036
   0.03605
  -0.02223
  -0.04107
   0.01296
   0.04399
  -0.00303
  -0.04468
  -0.00706
   0.04308
   0.01678
  -0.03929
  -0.02565
   0.03350
   0.03321
  -0.02601
  -0.03908
   0.01719
   0.04296
  -0.00749
  -0.04465
  -0.00259
   0.04407
   0.01254
  -0.04124
  -0.02185
   0.03631
   0.03004
  -0.02953
  -0.03671
   0.02124
   0.04150
  -0.01188
  -0.04418
   0.00190
   0.04461
   0.00817
  -0.04277
  -0.01782
   0.03875
   0.02656
  -0.03275
  -0.03396
   0.02509
   0.03962
  -0.01614
  -0.04326
   0.00638
   0.04470
   0.00371
  -0.04386
  -0.01361
   0.04079
   0.02282
  -0.03564
  -0.03086
   0.02867
   0.03734
  -0.02025
  -0.04191
   0.01079
   0.04434
  -0.00078
  -0.04452
  -0.00927
   0.04243
   0.01884
  -0.03817
  -0.02746
   0.03197
   0.03468
  -0.02415
  -0.04013
   0.01509
   0.04353
  -0.00526
  -0.04472
  -0.00483
   0.04363
   0.01468
  -0.04032
  -0.02378
   0.03495
   0.03167
  -0.02780
  -0.03794
   0.01924
   0.04228
  -0.00969
  -0.04447
  -0.00034
   0.04440
   0.01036
  -0.04206
  -0.01986
   0.03757
   0.02834
  -0.03118
  -0.03538
   0.02319
   0.04061
  -0.01403
  -0.04378
   0.00415
   0.04471
   0.00595
  -0.04337
  -0.01574
   0.03982
   0.02472
  -0.03424
  -0.03245
   0.02691
   0.03853
  -0.01822
  -0.04264
   0.00859
   0.04458
   0.00147
  -0.04425
  -0.01145
   0.04166
   0.02086
  -0.03695
  -0.02920
   0.03036
   0.03605
  -0.02223
  -0.04107
   0.01296
   0.04399
  -0.00303
  -0.04468
  -0.00706
   0.04308
   0.01678
  -0.03929
  -0.02565
   0.03350
   0.03321
  -0.02601
  -0.03908
   0.01719
   0.04296
  -0.00749
  -0.04465
  -0.00259
   0.04407
   0.01254
  -0.04124
  -0.02185
   0.03631
   0.03004
  -0.02953
  -0.03671
   0.02124
   0.04150
  -0.01188
  -0.04418
   0.00190
   0.04461
   0.00817
  -0.04277
  -0.01782
   0.03875
   0.02656
  -0.03275
  -0.03396
   0.02509
   0.03962
  -0.01614
  -0.04326
   0.00638
   0.04470
   0.00371
  -0.04386
  -0.01361
   0.04079
   0.02282
  -0.03564
  -0.03086
   0.02867
   0.03734
  -0.02025
  -0.04191
   0.01079
   0.04434
  -0.00078
  -0.04452
  -0.00927
   0.04243
   0.01884
  -0.03817
  -0.02746
   0.03197
   0.03468
  -0.02415
  -0.04013
   0.01509
   0.04353
  -0.00526
  -0.04472
  -0.00483
   0.04363
   0.01468
  -0.04032
  -0.02378
   0.03495
   0.03167
  -0.02780
  -0.03794
   0.01924
   0.04228
  -0.00969
  -0.04447
  -0.00034
   0.04440
   0.01036
  -0.04206
  -0.01986
   0.03757
   0.02834
  -0.03118
  -0.03538
   0.02319
   0.04061
  -0.01403
  -0.04378
   0.00415
   0.04471
   0.00595
  -0.04337
  -0.01574
   0.03982
   0.02472
  -0.03424
  -0.03245
   0.02691
   0.03853
  -0.01822
  -0.04264
   0.00859
   0.04458
   0.00147
  -0.04425
  -0.01145
   0.04166
   0.02086
  -0.03695
  -0.02920
   0.03036
   0.03605
  -0.02223
  -0.04107
   0.01296
   0.04399
  -0.00303
  -0.04468
  -0.00706
   0.04308
   0.01678
  -0.03929
  -0.02565
   0.03350
   0.03321
  -0.02601
  -0.03908
   0.01719
   0.04296
  -0.00749
  -0.04465
  -0.00259
   0.04407
   0.01254
  -0.04124
  -0.02185
   0.03631
   0.03004
  -0.02953
  -0.03671
   0.02124
   0.04150
  -0.01188
  -0.04418
   0.00190
   0.04461
   0.00817
  -0.04277
  -0.01782
   0.03875
   0.02656
  -0.03275
  -0.03396
   0.02509
   0.03962
  -0.01614
  -0.04326
   0.00638
   0.04470
   0.00371
  -0.04386
  -0.01361
   0.04079
   0.02282
  -0.03564
  -0.03086
   0.02867
   0.03734
  -0.02025
  -0.04191
   0.01079
   0.04434
  -0.00078
  -0.04452
  -0.00927
   0.04243
   0.01884
  -0.03817
  -0.02746
   0.03197
   0.03468
  -0.02415
  -0.04013
   0.01509
   0.04353
  -0.00526
  -0.04472
  -0.00483
   0.04363
   0.01468
  -0.04032
  -0.02378
   0.03495
   0.03167
  -0.02780
  -0.03794
   0.01924
   0.04228
  -0.00969
  -0.04447
  -0.00034
   0.04440
   0.01036
  -0.04206
  -0.01986
   0.03757
   0.02834
  -0.03118
  -0.03538
   0.02319
   0.04061
  -0.01403
  -0.04378
   0.00415
   0.04471
   0.00595
  -0.04337
  -0.01574
   0.03982
   0.02472
  -0.03424
  -0.03245
   0.02691
   0.03853
  -0.01822
  -0.04264
   0.00859
   0.04458
   0.00147
  -0.04425
  -0.01145
   0.04166
   0.02086
  -0.03695
  -0.02920
   0.03036
   0.03605
  -0.02223
  -0.04107
   0.01296
   0.04399
  -0.00303
  -0.04468
  -0.00706
   0.04308
   0.01678
  -0.03929
  -0.02565
   0.03350
   0.03321
  -0.02601
  -0.03908
   0.01719
   0.04296
  -0.00749
  -0.04465
  -0.00259
   0.04407
   0.01254
  -0.04124
  -0.02185
   0.03631
   0.03004
  -0.02953
  -0.03671
   0.02124
   0.04150
  -0.01188
  -0.04418
   0.00190
   0.04461
   0.00817
  -0.04277
  -0.01782
   0.03875
   0.02656
  -0.03275
  -0.03396
   0.02509
   0.03962
  -0.01614
  -0.04326
   0.00638
   0.04470
   0.00371
  -0.04386
  -0.01361
   0.04079
   0.02282
  -0.03564
  -0.03086
   0.02867
   0.03734
  -0.02025
  -0.04191
   0.01079
   0.04434
  -0.00078
  -0.04452
  -0.00927
   0.04243
   0.01884
  -0.03817
  -0.02746
   0.03197
   0.03468
  -0.02415
  -0.04013
   0.01509
   0.04353
  -0.00526
  -0.04472
  -0.00483
   0.04363
   0.01468
  -0.04032
  -0.02378
   0.03495
   0.03167
  -0.02780
  -0.03794
   0.01924
   0.04228
  -0.00969
  -0.04447
  -0.00034
   0.04440
   0.01036
  -0.04206
  -0.01986
   0.03757
   0.02834
  -0.03118
  -0.03538
   0.02319
   0.04061
  -0.01403
  -0.04378
   0.00415
   0.04471
   0.00595
  -0.04337
  -0.01574
   0.03982
   0.02472
  -0.03424
  -0.03245
   0.02691
   0.03853
  -0.01822
  -0.04264
   0.00859
   0.04458
   0.00147
  -0.04425
  -0.01145
   0.04166
   0.02086
  -0.03695
  -0.02920
   0.03036
   0.03605
  -0.02223
  -0.04107
   0.01296
   0.04399
  -0.00303
  -0.04468
  -0.00706
   0.04308
   0.01678
  -0.03929
  -0.02565
   0.03350
   0.03321
  -0.02601
  -0.03908
   0.01719
   0.04296
  -0.00749
  -0.04465
  -0.00259
   0.04407
   0.01254
  -0.04124
  -0.02185
   0.03631
   0.03004
  -0.02953
  -0.03671
   0.02124
   0.04150
  -0.01188
  -0.04418
   0.00190
   0.04461
   0.00817
  -0.04277
  -0.01782
   0.03875
   0.02656
  -0.03275
  -0.03396
   0.02509
   0.03962
  -0.01614
  -0.04326
   0.00638
   0.04470
   0.00371
  -0.04386
  -0.01361
   0.04079
   0.02282
  -0.03564
  -0.03086
   0.02867
   0.03734
  -0.02025
  -0.04191
   0.01079
   0.04434
  -0.00078
  -0.04452
  -0.00927
   0.04243
   0.01884
  -0.03817
  -0.02746
   0.03197
   0.03468
  -0.02415
  -0.04013
   0.01509
   0.04353
  -0.00526
  -0.04472
  -0.00483
   0.04363
   0.01468
  -0.04032
  -0.02378
   0.03495
   0.03167
  -0.02780
  -0.03794
   0.01924
   0.04228
  -0.00969
  -0.04447
  -0.00034
   0.04440
   0.01036
  -0.04206
  -0.01986
   0.03757
   0.02834
  -0.03118
  -0.03538
   0.02319
   0.04061
  -0.01403
  -0.04378
   0.00415
   0.04471
   0.00595
  -0.04337
  -0.01574
   0.03982
   0.02472
  -0.03424
  -0.03245
   0.02691
   0.03853
  -0.01822
  -0.04264
   0.00859
   0.04458
   0.00147
  -0.04425
  -0.01145
   0.04166
   0.02086
  -0.03695
  -0.02920
   0.03036
   0.03605
  -0.02223
  -0.04107
   0.01296
   0.04399
  -0.00303
  -0.04468
  -0.00706
   0.04308
   0.01678
  -0.03929
  -0.02565
   0.03350
   0.03321
  -0.02601
  -0.03908
   0.01719
   0.04296
  -0.00749
  -0.04465
  -0.00259
   0.04407
   0.01254
  -0.04124
  -0.02185
   0.03631
   0.03004
  -0.02953
  -0.03671
   0.02124
   0.04150
  -0.01188
  -0.04418
   0.00190
   0.04461
   0.00817
  -0.04277
  -0.01782
   0.03875
   0.02656
  -0.03275
  -0.03396
   0.02509
   0.03962
  -0.01614
  -0.04326
   0.00638
   0.04470
   0.00371
