  -0.00050
  -0.04430
   0.01161
   0.04139
  -0.02198
  -0.03588
   0.03098
   0.02812
  -0.03803
  -0.01859
   0.04268
   0.00789
  -0.04466
   0.00331
   0.04383
  -0.01429
  -0.04025
   0.02438
   0.03414
  -0.03294
  -0.02588
   0.03943
   0.01600
  -0.04344
  -0.00511
   0.04472
  -0.00610
  -0.04319
   0.01693
   0.03895
  -0.02669
  -0.03226
   0.03477
   0.02354
  -0.04068
  -0.01334
   0.04402
   0.00231
  -0.04460
   0.00887
   0.04238
  -0.01949
  -0.03749
   0.02889
   0.03025
  -0.03647
  -0.02111
   0.04176
   0.01064
  -0.04443
   0.00050
   0.04430
  -0.01161
  -0.04139
   0.02198
   0.03588
  -0.03098
  -0.02812
   0.03803
   0.01859
  -0.04268
  -0.00789
   0.04466
  -0.00331
  -0.04383
   0.01429
   0.04025
  -0.02438
  -0.03414
   0.03294
   0.02588
  -0.03943
  -0.01600
   0.04344
   0.00511
  -0.04472
   0.00610
   0.04319
  -0.01693
  -0.03895
   0.02669
   0.03226
  -0.03477
  -0.02354
   0.04068
   0.01334
  -0.04402
  -0.00231
   0.04460
  -0.00887
  -0.04238
   0.01949
   0.03749
  -0.02889
  -0.03025
   0.03647
   0.02111
  -0.04176
  -0.01064
   0.04443
  -0.00050
  -0.04430
   0.01161
   0.04139
  -0.02198
  -0.03588
   0.03098
   0.02812
  -0.03803
  -0.01859
   0.04268
   0.00789
  -0.04466
   0.00331
   0.04383
  -0.01429
  -0.04025
   0.02438
   0.03414
  -0.03294
  -0.02588
   0.03943
   0.01600
  -0.04344
  -0.00511
   0.04472
  -0.00610
  -0.04319
   0.01693
   0.03895
  -0.02669
  -0.03226
   0.03477
   0.02354
  -0.04068
  -0.01334
   0.04402
   0.00231
  -0.04460
   0.00887
   0.04238
  -0.01949
  -0.03749
   0.02889
   0.03025
  -0.03647
  -0.02111
   0.04176
   0.01064
  -0.04443
   0.00050
   0.04430
  -0.01161
  -0.04139
   0.02198
   0.03588
  -0.03098
  -0.02812
   0.03803
   0.01859
  -0.04268
  -0.00789
   0.04466
  -0.00331
  -0.04383
   0.01429
   0.04025
  -0.02438
  -0.03414
   0.03294
   0.02588
  -0.03943
  -0.01600
   0.04344
   0.00511
  -0.04472
   0.00610
   0.04319
  -0.01693
  -0.03895
   0.02669
   0.03226
  -0.03477
  -0.02354
   0.04068
   0.01334
  -0.04402
  -0.00231
   0.04460
  -0.00887
  -0.04238
   0.01949
   0.03749
  -0.02889
  -0.03025
   0.03647
   0.02111
  -0.04176
  -0.01064
   0.04443
  -0.00050
  -0.04430
   0.01161
   0.04139
  -0.02198
  -0.03588
   0.03098
   0.02812
  -0.03803
  -0.01859
   0.04268
   0.00789
  -0.04466
   0.00331
   0.04383
  -0.01429
  -0.04025
   0.02438
   0.03414
  -0.03294
  -0.02588
   0.03943
   0.01600
  -0.04344
  -0.00511
   0.04472
  -0.00610
  -0.04319
   0.01693
   0.03895
  -0.02669
  -0.03226
   0.03477
   0.02354
  -0.04068
  -0.01334
   0.04402
   0.00231
  -0.04460
   0.00887
   0.04238
  -0.01949
  -0.03749
   0.02889
   0.03025
  -0.03647
  -0.02111
   0.04176
   0.01064
  -0.04443
   0.00050
   0.04430
  -0.01161
  -0.04139
   0.02198
   0.03588
  -0.03098
  -0.02812
   0.03803
   0.01859
  -0.04268
  -0.00789
   0.04466
  -0.00331
  -0.04383
   0.01429
   0.04025
  -0.02438
  -0.03414
   0.03294
   0.02588
  -0.03943
  -0.01600
   0.04344
   0.00511
  -0.04472
   0.00610
   0.04319
  -0.01693
  -0.03895
   0.02669
   0.03226
  -0.03477
  -0.02354
   0.04068
   0.01334
  -0.04402
  -0.00231
   0.04460
  -0.00887
  -0.04238
   0.01949
   0.03749
  -0.02889
  -0.03025
   0.03647
   0.02111
  -0.04176
  -0.01064
   0.04443
  -0.00050
  -0.04430
   0.01161
   0.04139
  -0.02198
  -0.03588
   0.03098
   0.02812
  -0.03803
  -0.01859
   0.04268
   0.00789
  -0.04466
   0.00331
   0.04383
  -0.01429
  -0.04025
   0.02438
   0.03414
  -0.03294
  -0.02588
   0.03943
   0.01600
  -0.04344
  -0.00511
   0.04472
  -0.00610
  -0.04319
   0.01693
   0.03895
  -0.02669
  -0.03226
   0.03477
   0.02354
  -0.04068
  -0.01334
   0.04402
   0.00231
  -0.04460
   0.00887
   0.04238
  -0.01949
  -0.03749
   0.02889
   0.03025
  -0.03647
  -0.02111
   0.04176
   0.01064
  -0.04443
   0.00050
   0.04430
  -0.01161
  -0.04139
   0.02198
   0.03588
  -0.03098
  -0.02812
   0.03803
   0.01859
  -0.04268
  -0.00789
   0.04466
  -0.00331
  -0.04383
   0.01429
   0.04025
  -0.02438
  -0.03414
   0.03294
   0.02588
  -0.03943
  -0.01600
   0.04344
   0.00511
  -0.04472
   0.00610
   0.04319
  -0.01693
  -0.03895
   0.02669
   0.03226
  -0.03477
  -0.02354
   0.04068
   0.01334
  -0.04402
  -0.00231
   0.04460
  -0.00887
  -0.04238
   0.01949
   0.03749
  -0.02889
  -0.03025
   0.03647
   0.02111
  -0.04176
  -0.01064
   0.04443
  -0.00050
  -0.04430
   0.01161
   0.04139
  -0.02198
  -0.03588
   0.03098
   0.02812
  -0.03803
  -0.01859
   0.04268
   0.00789
  -0.04466
   0.00331
   0.04383
  -0.01429
  -0.04025
   0.02438
   0.03414
  -0.03294
  -0.02588
   0.03943
   0.01600
  -0.04344
  -0.00511
   0.04472
  -0.00610
  -0.04319
   0.01693
   0.03895
  -0.02669
  -0.03226
   0.03477
   0.02354
  -0.04068
  -0.01334
   0.04402
   0.00231
  -0.04460
   0.00887
   0.04238
  -0.01949
  -0.03749
   0.02889
   0.03025
  -0.03647
  -0.02111
   0.04176
   0.01064
  -0.04443
   0.00050
   0.04430
  -0.01161
  -0.04139
   0.02198
   0.03588
  -0.03098
  -0.02812
   0.03803
   0.01859
  -0.04268
  -0.00789
   0.04466
  -0.00331
  -0.04383
   0.01429
   0.04025
  -0.02438
  -0.03414
   0.03294
   0.02588
  -0.03943
  -0.01600
   0.04344
   0.00511
  -0.04472
   0.00610
   0.04319
  -0.01693
  -0.03895
   0.02669
   0.03226
  -0.03477
  -0.02354
   0.04068
   0.01334
  -0.04402
  -0.00231
   0.04460
  -0.00887
  -0.04238
   0.01949
   0.03749
  -0.02889
  -0.03025
   0.03647
   0.02111
  -0.04176
  -0.01064
   0.04443
  -0.00050
  -0.04430
   0.01161
   0.04139
  -0.02198
  -0.03588
   0.03098
   0.02812
  -0.03803
  -0.01859
   0.04268
   0.00789
  -0.04466
   0.00331
   0.04383
  -0.01429
  -0.04025
   0.02438
   0.03414
  -0.03294
  -0.02588
   0.03943
   0.01600
  -0.04344
  -0.00511
   0.04472
  -0.00610
  -0.04319
   0.01693
   0.03895
  -0.02669
  -0.03226
   0.03477
   0.02354
  -0.04068
  -0.01334
   0.04402
   0.00231
  -0.04460
   0.00887
   0.04238
  -0.01949
  -0.03749
   0.02889
   0.03025
  -0.03647
  -0.02111
   0.04176
   0.01064
  -0.04443
   0.00050
   0.04430
  -0.01161
  -0.04139
   0.02198
   0.03588
  -0.03098
  -0.02812
   0.03803
   0.01859
  -0.04268
  -0.00789
   0.04466
  -0.00331
  -0.04383
   0.01429
   0.04025
  -0.02438
  -0.03414
   0.03294
   0.02588
  -0.03943
  -0.01600
   0.04344
   0.00511
  -0.04472
   0.00610
   0.04319
  -0.01693
  -0.03895
   0.02669
   0.03226
  -0.03477
  -0.02354
   0.04068
   0.01334
  -0.04402
  -0.00231
   0.04460
  -0.00887
  -0.04238
   0.01949
   0.03749
  -0.02889
  -0.03025
   0.03647
   0.02111
  -0.04176
  -0.01064
   0.04443
  -0.00050
  -0.04430
   0.01161
   0.04139
  -0.02198
  -0.03588
   0.03098
   0.02812
  -0.03803
  -0.01859
   0.04268
   0.00789
  -0.04466
   0.00331
   0.04383
  -0.01429
  -0.04025
   0.02438
   0.03414
  -0.03294
  -0.02588
   0.03943
   0.01600
  -0.04344
  -0.00511
   0.04472
  -0.00610
  -0.04319
   0.01693
   0.03895
  -0.02669
  -0.03226
   0.03477
   0.02354
  -0.04068
  -0.01334
   0.04402
   0.00231
  -0.04460
   0.00887
   0.04238
  -0.01949
  -0.03749
   0.02889
   0.03025
  -0.03647
  -0.02111
   0.04176
   0.01064
  -0.04443
   0.00050
   0.04430
  -0.01161
  -0.04139
   0.02198
   0.03588
  -0.03098
  -0.02812
   0.03803
   0.01859
  -0.04268
  -0.00789
   0.04466
  -0.00331
  -0.04383
   0.01429
   0.04025
  -0.02438
  -0.03414
   0.03294
   0.02588
  -0.03943
  -0.01600
   0.04344
   0.00511
  -0.04472
   0.00610
   0.04319
  -0.01693
  -0.03895
   0.02669
   0.03226
  -0.03477
  -0.02354
   0.04068
   0.01334
  -0.04402
  -0.00231
   0.04460
  -0.00887
  -0.04238
   0.01949
   0.03749
  -0.02889
  -0.03025
   0.03647
   0.02111
  -0.04176
  -0.01064
   0.04443
  -0.00050
  -0.04430
   0.01161
   0.04139
  -0.02198
  -0.03588
   0.03098
   0.02812
  -0.03803
  -0.01859
   0.04268
   0.00789
  -0.04466
   0.00331
   0.04383
  -0.01429
  -0.04025
   0.02438
   0.03414
  -0.03294
  -0.02588
   0.03943
   0.01600
  -0.04344
  -0.00511
   0.04472
  -0.00610
  -0.04319
   0.01693
   0.03895
  -0.02669
  -0.03226
   0.03477
   0.02354
  -0.04068
  -0.01334
   0.04402
   0.00231
  -0.04460
   0.00887
   0.04238
  -0.01949
  -0.03749
   0.02889
   0.03025
  -0.03647
  -0.02111
   0.04176
   0.01064
  -0.04443
   0.00050
   0.04430
  -0.01161
  -0.04139
   0.02198
   0.03588
  -0.03098
  -0.02812
   0.03803
   0.01859
  -0.04268
  -0.00789
   0.04466
  -0.00331
  -0.04383
   0.01429
   0.04025
  -0.02438
  -0.03414
   0.03294
   0.02588
  -0.03943
  -0.01600
   0.04344
   0.00511
  -0.04472
   0.00610
   0.04319
  -0.01693
  -0.03895
   0.02669
   0.03226
  -0.03477
  -0.02354
   0.04068
   0.01334
  -0.04402
  -0.00231
   0.04460
  -0.00887
  -0.04238
   0.01949
   0.03749
  -0.02889
  -0.03025
   0.03647
   0.02111
  -0.04176
  -0.01064
   0.04443
  -0.00050
  -0.04430
   0.01161
   0.04139
  -0.02198
  -0.03588
   0.03098
   0.02812
  -0.03803
  -0.01859
   0.04268
   0.00789
  -0.04466
   0.00331
   0.04383
  -0.01429
  -0.04025
   0.02438
   0.03414
  -0.03294
  -0.02588
   0.03943
   0.01600
  -0.04344
  -0.00511
   0.04472
  -0.00610
  -0.04319
   0.01693
   0.03895
  -0.02669
  -0.03226
   0.03477
   0.02354
  -0.04068
  -0.01334
   0.04402
   0.00231
  -0.04460
   0.00887
   0.04238
  -0.01949
  -0.03749
   0.02889
   0.03025
  -0.03647
  -0.02111
   0.04176
   0.01064
  -0.04443
   0.00050
   0.04430
  -0.01161
  -0.04139
   0.02198
   0.03588
  -0.03098
  -0.02812
   0.03803
   0.01859
  -0.04268
  -0.00789
   0.04466
  -0.00331
  -0.04383
   0.01429
   0.04025
  -0.02438
  -0.03414
   0.03294
   0.02588
  -0.03943
  -0.01600
   0.04344
   0.00511
  -0.04472
   0.00610
   0.04319
  -0.01693
  -0.03895
   0.02669
   0.03226
  -0.03477
  -0.02354
   0.04068
   0.01334
  -0.04402
  -0.00231
   0.04460
  -0.00887
  -0.04238
   0.01949
   0.03749
  -0.02889
  -0.03025
   0.03647
   0.02111
  -0.04176
  -0.01064
   0.04443
  -0.00050
  -0.04430
   0.01161
   0.04139
  -0.02198
  -0.03588
   0.03098
   0.02812
  -0.03803
  -0.01859
   0.04268
   0.00789
  -0.04466
   0.00331
   0.04383
  -0.01429
  -0.04025
   0.02438
   0.03414
  -0.03294
  -0.02588
   0.03943
   0.01600
  -0.04344
  -0.00511
   0.04472
  -0.00610
  -0.04319
   0.01693
   0.03895
  -0.02669
  -0.03226
   0.03477
   0.02354
  -0.04068
  -0.01334
   0.04402
   0.00231
  -0.04460
   0.00887
   0.04238
  -0.01949
  -0.03749
   0.02889
   0.03025
  -0.03647
  -0.02111
   0.04176
   0.01064
  -0.04443
   0.00050
   0.04430
  -0.01161
  -0.04139
   0.02198
   0.03588
  -0.03098
  -0.02812
   0.03803
   0.01859
  -0.04268
  -0.00789
   0.04466
  -0.00331
  -0.04383
   0.01429
   0.04025
  -0.02438
  -0.03414
   0.03294
   0.02588
  -0.03943
  -0.01600
   0.04344
   0.00511
  -0.04472
   0.00610
   0.04319
  -0.01693
  -0.03895
   0.02669
   0.03226
  -0.03477
  -0.02354
   0.04068
   0.01334
  -0.04402
  -0.00231
   0.04460
  -0.00887
  -0.04238
   0.01949
   0.03749
  -0.02889
  -0.03025
   0.03647
   0.02111
  -0.04176
  -0.01064
   0.04443
