  -0.00951
  -0.01855
  -0.02676
  -0.03375
  -0.03920
  -0.04287
  -0.04460
  -0.04429
  -0.04197
  -0.03775
  -0.03180
  -0.02441
  -0.01592
  -0.00669
   0.00283
   0.01223
   0.02107
   0.02896
   0.03552
   0.04048
   0.04359
   0.04472
   0.04382
   0.04092
   0.03617
   0.02977
   0.02201
   0.01326
   0.00390
  -0.00563
  -0.01491
  -0.02351
  -0.03104
  -0.03716
  -0.04159
  -0.04413
  -0.04466
  -0.04317
  -0.03971
  -0.03444
  -0.02761
  -0.01953
  -0.01055
  -0.00110
   0.00841
   0.01753
   0.02585
   0.03300
   0.03865
   0.04254
   0.04450
   0.04443
   0.04235
   0.03834
   0.03258
   0.02535
   0.01696
   0.00780
  -0.00171
  -0.01115
  -0.02008
  -0.02809
  -0.03483
  -0.03999
  -0.04332
  -0.04469
  -0.04403
  -0.04136
  -0.03681
  -0.03060
  -0.02298
  -0.01433
  -0.00502
   0.00451
   0.01384
   0.02254
   0.03022
   0.03652
   0.04116
   0.04393
   0.04471
   0.04345
   0.04021
   0.03515
   0.02849
   0.02053
   0.01164
   0.00222
  -0.00730
  -0.01649
  -0.02493
  -0.03223
  -0.03807
  -0.04218
  -0.04437
  -0.04455
  -0.04270
  -0.03890
  -0.03334
  -0.02627
  -0.01799
  -0.00891
   0.00059
   0.01005
   0.01906
   0.02721
   0.03411
   0.03947
   0.04303
   0.04463
   0.04421
   0.04178
   0.03744
   0.03141
   0.02394
   0.01539
   0.00614
  -0.00339
  -0.01277
  -0.02157
  -0.02938
  -0.03586
  -0.04071
  -0.04371
  -0.04472
  -0.04370
  -0.04069
  -0.03583
  -0.02934
  -0.02152
  -0.01272
  -0.00334
   0.00619
   0.01544
   0.02398
   0.03144
   0.03747
   0.04179
   0.04422
   0.04463
   0.04302
   0.03945
   0.03408
   0.02717
   0.01902
   0.01000
   0.00054
  -0.00896
  -0.01804
  -0.02631
  -0.03338
  -0.03893
  -0.04271
  -0.04455
  -0.04437
  -0.04216
  -0.03804
  -0.03220
  -0.02488
  -0.01644
  -0.00725
   0.00227
   0.01169
   0.02058
   0.02853
   0.03518
   0.04023
   0.04346
   0.04471
   0.04392
   0.04114
   0.03649
   0.03018
   0.02250
   0.01380
   0.00446
  -0.00507
  -0.01438
  -0.02303
  -0.03063
  -0.03684
  -0.04138
  -0.04404
  -0.04469
  -0.04331
  -0.03996
  -0.03480
  -0.02805
  -0.02003
  -0.01110
  -0.00166
   0.00785
   0.01701
   0.02539
   0.03262
   0.03836
   0.04236
   0.04444
   0.04449
   0.04252
   0.03862
   0.03297
   0.02581
   0.01748
   0.00835
  -0.00115
  -0.01060
  -0.01957
  -0.02765
  -0.03447
  -0.03973
  -0.04318
  -0.04467
  -0.04412
  -0.04157
  -0.03713
  -0.03100
  -0.02346
  -0.01486
  -0.00558
   0.00395
   0.01331
   0.02206
   0.02980
   0.03620
   0.04094
   0.04383
   0.04472
   0.04358
   0.04045
   0.03549
   0.02892
   0.02103
   0.01218
   0.00278
  -0.00674
  -0.01596
  -0.02446
  -0.03184
  -0.03777
  -0.04199
  -0.04430
  -0.04459
  -0.04286
  -0.03918
  -0.03371
  -0.02672
  -0.01851
  -0.00946
   0.00003
   0.00951
   0.01855
   0.02676
   0.03375
   0.03920
   0.04287
   0.04460
   0.04429
   0.04197
   0.03775
   0.03180
   0.02441
   0.01592
   0.00669
  -0.00283
  -0.01223
  -0.02107
  -0.02896
  -0.03552
  -0.04048
  -0.04359
  -0.04472
  -0.04382
  -0.04092
  -0.03617
  -0.02977
  -0.02201
  -0.01326
  -0.00390
   0.00563
   0.01491
   0.02351
   0.03104
   0.03716
   0.04159
   0.04413
   0.04466
   0.04317
   0.03971
   0.03444
   0.02761
   0.01953
   0.01055
   0.00110
  -0.00841
  -0.01753
  -0.02585
  -0.03300
  -0.03865
  -0.04254
  -0.04450
  -0.04443
  -0.04235
  -0.03834
  -0.03258
  -0.02535
  -0.01696
  -0.00780
   0.00171
   0.01115
   0.02008
   0.02809
   0.03483
   0.03999
   0.04332
   0.04469
   0.04403
   0.04136
   0.03681
   0.03060
   0.02298
   0.01433
   0.00502
  -0.00451
  -0.01384
  -0.02254
  -0.03022
  -0.03652
  -0.04116
  -0.04393
  -0.04471
  -0.04345
  -0.04021
  -0.03515
  -0.02849
  -0.02053
  -0.01164
  -0.00222
   0.00730
   0.01649
   0.02493
   0.03223
   0.03807
   0.04218
   0.04437
   0.04455
   0.04270
   0.03890
   0.03334
   0.02627
   0.01799
   0.00891
  -0.00059
  -0.01005
  -0.01906
  -0.02721
  -0.03411
  -0.03947
  -0.04303
  -0.04463
  -0.04421
  -0.04178
  -0.03744
  -0.03141
  -0.02394
  -0.01539
  -0.00614
   0.00339
   0.01277
   0.02157
   0.02938
   0.03586
   0.04071
   0.04371
   0.04472
   0.04370
   0.04069
   0.03583
   0.02934
   0.02152
   0.01272
   0.00334
  -0.00619
  -0.01544
  -0.02398
  -0.03144
  -0.03747
  -0.04179
  -0.04422
  -0.04463
  -0.04302
  -0.03945
  -0.03408
  -0.02717
  -0.01902
  -0.01000
  -0.00054
   0.00896
   0.01804
   0.02631
   0.03338
   0.03893
   0.04271
   0.04455
   0.04437
   0.04216
   0.03804
   0.03220
   0.02488
   0.01644
   0.00725
  -0.00227
  -0.01169
  -0.02058
  -0.02853
  -0.03518
  -0.04023
  -0.04346
  -0.04471
  -0.04392
  -0.04114
  -0.03649
  -0.03018
  -0.02250
  -0.01380
  -0.00446
   0.00507
   0.01438
   0.02303
   0.03063
   0.03684
   0.04138
   0.04404
   0.04469
   0.04331
   0.03996
   0.03480
   0.02805
   0.02003
   0.01110
   0.00166
  -0.00785
  -0.01701
  -0.02539
  -0.03262
  -0.03836
  -0.04236
  -0.04444
  -0.04449
  -0.04252
  -0.03862
  -0.03297
  -0.02581
  -0.01748
  -0.00835
   0.00115
   0.01060
   0.01957
   0.02765
   0.03447
   0.03973
   0.04318
   0.04467
   0.04412
   0.04157
   0.03713
   0.03100
   0.02346
   0.01486
   0.00558
  -0.00395
  -0.01331
  -0.02206
  -0.02980
  -0.03620
  -0.04094
  -0.04383
  -0.04472
  -0.04358
  -0.04045
  -0.03549
  -0.02892
  -0.02103
  -0.01218
  -0.00278
   0.00674
   0.01596
   0.02446
   0.03184
   0.03777
   0.04199
   0.04430
   0.04459
   0.04286
   0.03918
   0.03371
   0.02672
   0.01851
   0.00946
  -0.00003
  -0.00951
  -0.01855
  -0.02676
  -0.03375
  -0.03920
  -0.04287
  -0.04460
  -0.04429
  -0.04197
  -0.03775
  -0.03180
  -0.02441
  -0.01592
  -0.00669
   0.00283
   0.01223
   0.02107
   0.02896
   0.03552
   0.04048
   0.04359
   0.04472
   0.04382
   0.04092
   0.03617
   0.02977
   0.02201
   0.01326
   0.00390
  -0.00563
  -0.01491
  -0.02351
  -0.03104
  -0.03716
  -0.04159
  -0.04413
  -0.04466
  -0.04317
  -0.03971
  -0.03444
  -0.02761
  -0.01953
  -0.01055
  -0.00110
   0.00841
   0.01753
   0.02585
   0.03300
   0.03865
   0.04254
   0.04450
   0.04443
   0.04235
   0.03834
   0.03258
   0.02535
   0.01696
   0.00780
  -0.00171
  -0.01115
  -0.02008
  -0.02809
  -0.03483
  -0.03999
  -0.04332
  -0.04469
  -0.04403
  -0.04136
  -0.03681
  -0.03060
  -0.02298
  -0.01433
  -0.00502
   0.00451
   0.01384
   0.02254
   0.03022
   0.03652
   0.04116
   0.04393
   0.04471
   0.04345
   0.04021
   0.03515
   0.02849
   0.02053
   0.01164
   0.00222
  -0.00730
  -0.01649
  -0.02493
  -0.03223
  -0.03807
  -0.04218
  -0.04437
  -0.04455
  -0.04270
  -0.03890
  -0.03334
  -0.02627
  -0.01799
  -0.00891
   0.00059
   0.01005
   0.01906
   0.02721
   0.03411
   0.03947
   0.04303
   0.04463
   0.04421
   0.04178
   0.03744
   0.03141
   0.02394
   0.01539
   0.00614
  -0.00339
  -0.01277
  -0.02157
  -0.02938
  -0.03586
  -0.04071
  -0.04371
  -0.04472
  -0.04370
  -0.04069
  -0.03583
  -0.02934
  -0.02152
  -0.01272
  -0.00334
   0.00619
   0.01544
   0.02398
   0.03144
   0.03747
   0.04179
   0.04422
   0.04463
   0.04302
   0.03945
   0.03408
   0.02717
   0.01902
   0.01000
   0.00054
  -0.00896
  -0.01804
  -0.02631
  -0.03338
  -0.03893
  -0.04271
  -0.04455
  -0.04437
  -0.04216
  -0.03804
  -0.03220
  -0.02488
  -0.01644
  -0.00725
   0.00227
   0.01169
   0.02058
   0.02853
   0.03518
   0.04023
   0.04346
   0.04471
   0.04392
   0.04114
   0.03649
   0.03018
   0.02250
   0.01380
   0.00446
  -0.00507
  -0.01438
  -0.02303
  -0.03063
  -0.03684
  -0.04138
  -0.04404
  -0.04469
  -0.04331
  -0.03996
  -0.03480
  -0.02805
  -0.02003
  -0.01110
  -0.00166
   0.00785
   0.01701
   0.02539
   0.03262
   0.03836
   0.04236
   0.04444
   0.04449
   0.04252
   0.03862
   0.03297
   0.02581
   0.01748
   0.00835
  -0.00115
  -0.01060
  -0.01957
  -0.02765
  -0.03447
  -0.03973
  -0.04318
  -0.04467
  -0.04412
  -0.04157
  -0.03713
  -0.03100
  -0.02346
  -0.01486
  -0.00558
   0.00395
   0.01331
   0.02206
   0.02980
   0.03620
   0.04094
   0.04383
   0.04472
   0.04358
   0.04045
   0.03549
   0.02892
   0.02103
   0.01218
   0.00278
  -0.00674
  -0.01596
  -0.02446
  -0.03184
  -0.03777
  -0.04199
  -0.04430
  -0.04459
  -0.04286
  -0.03918
  -0.03371
  -0.02672
  -0.01851
  -0.00946
   0.00003
   0.00951
   0.01855
   0.02676
   0.03375
   0.03920
   0.04287
   0.04460
   0.04429
   0.04197
   0.03775
   0.03180
   0.02441
   0.01592
   0.00669
  -0.00283
  -0.01223
  -0.02107
  -0.02896
  -0.03552
  -0.04048
  -0.04359
  -0.04472
  -0.04382
  -0.04092
  -0.03617
  -0.02977
  -0.02201
  -0.01326
  -0.00390
   0.00563
   0.01491
   0.02351
   0.03104
   0.03716
   0.04159
   0.04413
   0.04466
   0.04317
   0.03971
   0.03444
   0.02761
   0.01953
   0.01055
   0.00110
  -0.00841
  -0.01753
  -0.02585
  -0.03300
  -0.03865
  -0.04254
  -0.04450
  -0.04443
  -0.04235
  -0.03834
  -0.03258
  -0.02535
  -0.01696
  -0.00780
   0.00171
   0.01115
   0.02008
   0.02809
   0.03483
   0.03999
   0.04332
   0.04469
   0.04403
   0.04136
   0.03681
   0.03060
   0.02298
   0.01433
   0.00502
  -0.00451
  -0.01384
  -0.02254
  -0.03022
  -0.03652
  -0.04116
  -0.04393
  -0.04471
  -0.04345
  -0.04021
  -0.03515
  -0.02849
  -0.02053
  -0.01164
  -0.00222
   0.00730
   0.01649
   0.02493
   0.03223
   0.03807
   0.04218
   0.04437
   0.04455
   0.04270
   0.03890
   0.03334
   0.02627
   0.01799
   0.00891
  -0.00059
  -0.01005
  -0.01906
  -0.02721
  -0.03411
  -0.03947
  -0.04303
  -0.04463
  -0.04421
  -0.04178
  -0.03744
  -0.03141
  -0.02394
  -0.01539
  -0.00614
   0.00339
   0.01277
   0.02157
   0.02938
   0.03586
   0.04071
   0.04371
   0.04472
   0.04370
   0.04069
   0.03583
   0.02934
   0.02152
   0.01272
   0.00334
  -0.00619
  -0.01544
  -0.02398
  -0.03144
  -0.03747
  -0.04179
  -0.04422
  -0.04463
  -0.04302
  -0.03945
  -0.03408
  -0.02717
  -0.01902
  -0.01000
  -0.00054
   0.00896
   0.01804
   0.02631
   0.03338
   0.03893
   0.04271
   0.04455
   0.04437
   0.04216
   0.03804
   0.03220
   0.02488
   0.01644
   0.00725
  -0.00227
  -0.01169
  -0.02058
  -0.02853
  -0.03518
  -0.04023
  -0.04346
  -0.04471
  -0.04392
  -0.04114
  -0.03649
  -0.03018
  -0.02250
  -0.01380
  -0.00446
   0.00507
   0.01438
   0.02303
   0.03063
   0.03684
   0.04138
   0.04404
   0.04469
   0.04331
   0.03996
   0.03480
   0.02805
   0.02003
   0.01110
   0.00166
  -0.00785
  -0.01701
  -0.02539
  -0.03262
  -0.03836
  -0.04236
  -0.04444
  -0.04449
  -0.04252
  -0.03862
  -0.03297
  -0.02581
  -0.01748
  -0.00835
   0.00115
   0.01060
   0.01957
   0.02765
   0.03447
   0.03973
   0.04318
   0.04467
   0.04412
   0.04157
   0.03713
   0.03100
   0.02346
   0.01486
   0.00558
  -0.00395
  -0.01331
  -0.02206
  -0.02980
  -0.03620
  -0.04094
  -0.04383
  -0.04472
  -0.04358
  -0.04045
  -0.03549
  -0.02892
  -0.02103
  -0.01218
  -0.00278
   0.00674
   0.01596
   0.02446
   0.03184
   0.03777
   0.04199
   0.04430
   0.04459
   0.04286
   0.03918
   0.03371
   0.02672
   0.01851
   0.00946
  -0.00003
