  -0.04278
  -0.03698
  -0.02784
  -0.01619
  -0.00308
   0.01032
   0.02278
   0.03318
   0.04059
   0.04433
   0.04408
   0.03984
   0.03201
   0.02129
   0.00864
  -0.00478
  -0.01777
  -0.02916
  -0.03792
  -0.04325
  -0.04468
  -0.04207
  -0.03567
  -0.02605
  -0.01407
  -0.00083
   0.01249
   0.02468
   0.03465
   0.04148
   0.04457
   0.04364
   0.03877
   0.03040
   0.01928
   0.00643
  -0.00701
  -0.01981
  -0.03083
  -0.03906
  -0.04377
  -0.04452
  -0.04126
  -0.03427
  -0.02419
  -0.01192
   0.00142
   0.01463
   0.02652
   0.03602
   0.04227
   0.04470
   0.04310
   0.03760
   0.02871
   0.01723
   0.00420
  -0.00922
  -0.02180
  -0.03242
  -0.04010
  -0.04417
  -0.04425
  -0.04034
  -0.03278
  -0.02227
  -0.00974
   0.00366
   0.01674
   0.02830
   0.03731
   0.04295
   0.04471
   0.04244
   0.03634
   0.02695
   0.01514
   0.00195
  -0.01141
  -0.02374
  -0.03392
  -0.04105
  -0.04447
  -0.04387
  -0.03932
  -0.03121
  -0.02029
  -0.00754
   0.00590
   0.01880
   0.03000
   0.03850
   0.04352
   0.04461
   0.04168
   0.03498
   0.02513
   0.01300
  -0.00029
  -0.01356
  -0.02561
  -0.03534
  -0.04189
  -0.04465
  -0.04338
  -0.03820
  -0.02956
  -0.01826
  -0.00531
   0.00812
   0.02081
   0.03163
   0.03959
   0.04398
   0.04440
   0.04081
   0.03354
   0.02324
   0.01084
  -0.00254
  -0.01569
  -0.02742
  -0.03668
  -0.04262
  -0.04472
  -0.04278
  -0.03698
  -0.02784
  -0.01619
  -0.00308
   0.01032
   0.02278
   0.03318
   0.04059
   0.04433
   0.04408
   0.03984
   0.03201
   0.02129
   0.00864
  -0.00478
  -0.01777
  -0.02916
  -0.03792
  -0.04325
  -0.04468
  -0.04207
  -0.03567
  -0.02605
  -0.01407
  -0.00083
   0.01249
   0.02468
   0.03465
   0.04148
   0.04457
   0.04364
   0.03877
   0.03040
   0.01928
   0.00643
  -0.00701
  -0.01981
  -0.03083
  -0.03906
  -0.04377
  -0.04452
  -0.04126
  -0.03427
  -0.02419
  -0.01192
   0.00142
   0.01463
   0.02652
   0.03602
   0.04227
   0.04470
   0.04310
   0.03760
   0.02871
   0.01723
   0.00420
  -0.00922
  -0.02180
  -0.03242
  -0.04010
  -0.04417
  -0.04425
  -0.04034
  -0.03278
  -0.02227
  -0.00974
   0.00366
   0.01674
   0.02830
   0.03731
   0.04295
   0.04471
   0.04244
   0.03634
   0.02695
   0.01514
   0.00195
  -0.01141
  -0.02374
  -0.03392
  -0.04105
  -0.04447
  -0.04387
  -0.03932
  -0.03121
  -0.02029
  -0.00754
   0.00590
   0.01880
   0.03000
   0.03850
   0.04352
   0.04461
   0.04168
   0.03498
   0.02513
   0.01300
  -0.00029
  -0.01356
  -0.02561
  -0.03534
  -0.04189
  -0.04465
  -0.04338
  -0.03820
  -0.02956
  -0.01826
  -0.00531
   0.00812
   0.02081
   0.03163
   0.03959
   0.04398
   0.04440
   0.04081
   0.03354
   0.02324
   0.01084
  -0.00254
  -0.01569
  -0.02742
  -0.03668
  -0.04262
  -0.04472
  -0.04278
  -0.03698
  -0.02784
  -0.01619
  -0.00308
   0.01032
   0.02278
   0.03318
   0.04059
   0.04433
   0.04408
   0.03984
   0.03201
   0.02129
   0.00864
  -0.00478
  -0.01777
  -0.02916
  -0.03792
  -0.04325
  -0.04468
  -0.04207
  -0.03567
  -0.02605
  -0.01407
  -0.00083
   0.01249
   0.02468
   0.03465
   0.04148
   0.04457
   0.04364
   0.03877
   0.03040
   0.01928
   0.00643
  -0.00701
  -0.01981
  -0.03083
  -0.03906
  -0.04377
  -0.04452
  -0.04126
  -0.03427
  -0.02419
  -0.01192
   0.00142
   0.01463
   0.02652
   0.03602
   0.04227
   0.04470
   0.04310
   0.03760
   0.02871
   0.01723
   0.00420
  -0.00922
  -0.02180
  -0.03242
  -0.04010
  -0.04417
  -0.04425
  -0.04034
  -0.03278
  -0.02227
  -0.00974
   0.00366
   0.01674
   0.02830
   0.03731
   0.04295
   0.04471
   0.04244
   0.03634
   0.02695
   0.01514
   0.00195
  -0.01141
  -0.02374
  -0.03392
  -0.04105
  -0.04447
  -0.04387
  -0.03932
  -0.03121
  -0.02029
  -0.00754
   0.00590
   0.01880
   0.03000
   0.03850
   0.04352
   0.04461
   0.04168
   0.03498
   0.02513
   0.01300
  -0.00029
  -0.01356
  -0.02561
  -0.03534
  -0.04189
  -0.04465
  -0.04338
  -0.03820
  -0.02956
  -0.01826
  -0.00531
   0.00812
   0.02081
   0.03163
   0.03959
   0.04398
   0.04440
   0.04081
   0.03354
   0.02324
   0.01084
  -0.00254
  -0.01569
  -0.02742
  -0.03668
  -0.04262
  -0.04472
  -0.04278
  -0.03698
  -0.02784
  -0.01619
  -0.00308
   0.01032
   0.02278
   0.03318
   0.04059
   0.04433
   0.04408
   0.03984
   0.03201
   0.02129
   0.00864
  -0.00478
  -0.01777
  -0.02916
  -0.03792
  -0.04325
  -0.04468
  -0.04207
  -0.03567
  -0.02605
  -0.01407
  -0.00083
   0.01249
   0.02468
   0.03465
   0.04148
   0.04457
   0.04364
   0.03877
   0.03040
   0.01928
   0.00643
  -0.00701
  -0.01981
  -0.03083
  -0.03906
  -0.04377
  -0.04452
  -0.04126
  -0.03427
  -0.02419
  -0.01192
   0.00142
   0.01463
   0.02652
   0.03602
   0.04227
   0.04470
   0.04310
   0.03760
   0.02871
   0.01723
   0.00420
  -0.00922
  -0.02180
  -0.03242
  -0.04010
  -0.04417
  -0.04425
  -0.04034
  -0.03278
  -0.02227
  -0.00974
   0.00366
   0.01674
   0.02830
   0.03731
   0.04295
   0.04471
   0.04244
   0.03634
   0.02695
   0.01514
   0.00195
  -0.01141
  -0.02374
  -0.03392
  -0.04105
  -0.04447
  -0.04387
  -0.03932
  -0.03121
  -0.02029
  -0.00754
   0.00590
   0.01880
   0.03000
   0.03850
   0.04352
   0.04461
   0.04168
   0.03498
   0.02513
   0.01300
  -0.00029
  -0.01356
  -0.02561
  -0.03534
  -0.04189
  -0.04465
  -0.04338
  -0.03820
  -0.02956
  -0.01826
  -0.00531
   0.00812
   0.02081
   0.03163
   0.03959
   0.04398
   0.04440
   0.04081
   0.03354
   0.02324
   0.01084
  -0.00254
  -0.01569
  -0.02742
  -0.03668
  -0.04262
  -0.04472
  -0.04278
  -0.03698
  -0.02784
  -0.01619
  -0.00308
   0.01032
   0.02278
   0.03318
   0.04059
   0.04433
   0.04408
   0.03984
   0.03201
   0.02129
   0.00864
  -0.00478
  -0.01777
  -0.02916
  -0.03792
  -0.04325
  -0.04468
  -0.04207
  -0.03567
  -0.02605
  -0.01407
  -0.00083
   0.01249
   0.02468
   0.03465
   0.04148
   0.04457
   0.04364
   0.03877
   0.03040
   0.01928
   0.00643
  -0.00701
  -0.01981
  -0.03083
  -0.03906
  -0.04377
  -0.04452
  -0.04126
  -0.03427
  -0.02419
  -0.01192
   0.00142
   0.01463
   0.02652
   0.03602
   0.04227
   0.04470
   0.04310
   0.03760
   0.02871
   0.01723
   0.00420
  -0.00922
  -0.02180
  -0.03242
  -0.04010
  -0.04417
  -0.04425
  -0.04034
  -0.03278
  -0.02227
  -0.00974
   0.00366
   0.01674
   0.02830
   0.03731
   0.04295
   0.04471
   0.04244
   0.03634
   0.02695
   0.01514
   0.00195
  -0.01141
  -0.02374
  -0.03392
  -0.04105
  -0.04447
  -0.04387
  -0.03932
  -0.03121
  -0.02029
  -0.00754
   0.00590
   0.01880
   0.03000
   0.03850
   0.04352
   0.04461
   0.04168
   0.03498
   0.02513
   0.01300
  -0.00029
  -0.01356
  -0.02561
  -0.03534
  -0.04189
  -0.04465
  -0.04338
  -0.03820
  -0.02956
  -0.01826
  -0.00531
   0.00812
   0.02081
   0.03163
   0.03959
   0.04398
   0.04440
   0.04081
   0.03354
   0.02324
   0.01084
  -0.00254
  -0.01569
  -0.02742
  -0.03668
  -0.04262
  -0.04472
  -0.04278
  -0.03698
  -0.02784
  -0.01619
  -0.00308
   0.01032
   0.02278
   0.03318
   0.04059
   0.04433
   0.04408
   0.03984
   0.03201
   0.02129
   0.00864
  -0.00478
  -0.01777
  -0.02916
  -0.03792
  -0.04325
  -0.04468
  -0.04207
  -0.03567
  -0.02605
  -0.01407
  -0.00083
   0.01249
   0.02468
   0.03465
   0.04148
   0.04457
   0.04364
   0.03877
   0.03040
   0.01928
   0.00643
  -0.00701
  -0.01981
  -0.03083
  -0.03906
  -0.04377
  -0.04452
  -0.04126
  -0.03427
  -0.02419
  -0.01192
   0.00142
   0.01463
   0.02652
   0.03602
   0.04227
   0.04470
   0.04310
   0.03760
   0.02871
   0.01723
   0.00420
  -0.00922
  -0.02180
  -0.03242
  -0.04010
  -0.04417
  -0.04425
  -0.04034
  -0.03278
  -0.02227
  -0.00974
   0.00366
   0.01674
   0.02830
   0.03731
   0.04295
   0.04471
   0.04244
   0.03634
   0.02695
   0.01514
   0.00195
  -0.01141
  -0.02374
  -0.03392
  -0.04105
  -0.04447
  -0.04387
  -0.03932
  -0.03121
  -0.02029
  -0.00754
   0.00590
   0.01880
   0.03000
   0.03850
   0.04352
   0.04461
   0.04168
   0.03498
   0.02513
   0.01300
  -0.00029
  -0.01356
  -0.02561
  -0.03534
  -0.04189
  -0.04465
  -0.04338
  -0.03820
  -0.02956
  -0.01826
  -0.00531
   0.00812
   0.02081
   0.03163
   0.03959
   0.04398
   0.04440
   0.04081
   0.03354
   0.02324
   0.01084
  -0.00254
  -0.01569
  -0.02742
  -0.03668
  -0.04262
  -0.04472
  -0.04278
  -0.03698
  -0.02784
  -0.01619
  -0.00308
   0.01032
   0.02278
   0.03318
   0.04059
   0.04433
   0.04408
   0.03984
   0.03201
   0.02129
   0.00864
  -0.00478
  -0.01777
  -0.02916
  -0.03792
  -0.04325
  -0.04468
  -0.04207
  -0.03567
  -0.02605
  -0.01407
  -0.00083
   0.01249
   0.02468
   0.03465
   0.04148
   0.04457
   0.04364
   0.03877
   0.03040
   0.01928
   0.00643
  -0.00701
  -0.01981
  -0.03083
  -0.03906
  -0.04377
  -0.04452
  -0.04126
  -0.03427
  -0.02419
  -0.01192
   0.00142
   0.01463
   0.02652
   0.03602
   0.04227
   0.04470
   0.04310
   0.03760
   0.02871
   0.01723
   0.00420
  -0.00922
  -0.02180
  -0.03242
  -0.04010
  -0.04417
  -0.04425
  -0.04034
  -0.03278
  -0.02227
  -0.00974
   0.00366
   0.01674
   0.02830
   0.03731
   0.04295
   0.04471
   0.04244
   0.03634
   0.02695
   0.01514
   0.00195
  -0.01141
  -0.02374
  -0.03392
  -0.04105
  -0.04447
  -0.04387
  -0.03932
  -0.03121
  -0.02029
  -0.00754
   0.00590
   0.01880
   0.03000
   0.03850
   0.04352
   0.04461
   0.04168
   0.03498
   0.02513
   0.01300
  -0.00029
  -0.01356
  -0.02561
  -0.03534
  -0.04189
  -0.04465
  -0.04338
  -0.03820
  -0.02956
  -0.01826
  -0.00531
   0.00812
   0.02081
   0.03163
   0.03959
   0.04398
   0.04440
   0.04081
   0.03354
   0.02324
   0.01084
  -0.00254
  -0.01569
  -0.02742
  -0.03668
  -0.04262
  -0.04472
  -0.04278
  -0.03698
  -0.02784
  -0.01619
  -0.00308
   0.01032
   0.02278
   0.03318
   0.04059
   0.04433
   0.04408
   0.03984
   0.03201
   0.02129
   0.00864
  -0.00478
  -0.01777
  -0.02916
  -0.03792
  -0.04325
  -0.04468
  -0.04207
  -0.03567
  -0.02605
  -0.01407
  -0.00083
   0.01249
   0.02468
   0.03465
   0.04148
   0.04457
   0.04364
   0.03877
   0.03040
   0.01928
   0.00643
  -0.00701
  -0.01981
  -0.03083
  -0.03906
  -0.04377
  -0.04452
  -0.04126
  -0.03427
  -0.02419
  -0.01192
   0.00142
   0.01463
   0.02652
   0.03602
   0.04227
   0.04470
   0.04310
   0.03760
   0.02871
   0.01723
   0.00420
  -0.00922
  -0.02180
  -0.03242
  -0.04010
  -0.04417
  -0.04425
  -0.04034
  -0.03278
  -0.02227
  -0.00974
   0.00366
   0.01674
   0.02830
   0.03731
   0.04295
   0.04471
   0.04244
   0.03634
   0.02695
   0.01514
   0.00195
  -0.01141
  -0.02374
  -0.03392
  -0.04105
  -0.04447
  -0.04387
  -0.03932
  -0.03121
  -0.02029
  -0.00754
   0.00590
   0.01880
   0.03000
   0.03850
   0.04352
   0.04461
   0.04168
   0.03498
   0.02513
   0.01300
  -0.00029
  -0.01356
  -0.02561
  -0.03534
  -0.04189
  -0.04465
  -0.04338
  -0.03820
  -0.02956
  -0.01826
  -0.00531
   0.00812
   0.02081
   0.03163
   0.03959
   0.04398
   0.04440
   0.04081
   0.03354
   0.02324
   0.01084
  -0.00254
  -0.01569
  -0.02742
  -0.03668
  -0.04262
  -0.04472
