  -0.00664
   0.01213
  -0.01743
   0.02246
  -0.02713
   0.03137
  -0.03512
   0.03831
  -0.04090
   0.04284
  -0.04411
   0.04469
  -0.04456
   0.04372
  -0.04220
   0.04001
  -0.03719
   0.03378
  -0.02984
   0.02543
  -0.02062
   0.01549
  -0.01011
   0.00457
   0.00105
  -0.00664
   0.01213
  -0.01743
   0.02246
  -0.02713
   0.03137
  -0.03512
   0.03831
  -0.04090
   0.04284
  -0.04411
   0.04469
  -0.04456
   0.04372
  -0.04220
   0.04001
  -0.03719
   0.03378
  -0.02984
   0.02543
  -0.02062
   0.01549
  -0.01011
   0.00457
   0.00105
  -0.00664
   0.01213
  -0.01743
   0.02246
  -0.02713
   0.03137
  -0.03512
   0.03831
  -0.04090
   0.04284
  -0.04411
   0.04469
  -0.04456
   0.04372
  -0.04220
   0.04001
  -0.03719
   0.03378
  -0.02984
   0.02543
  -0.02062
   0.01549
  -0.01011
   0.00457
   0.00105
  -0.00664
   0.01213
  -0.01743
   0.02246
  -0.02713
   0.03137
  -0.03512
   0.03831
  -0.04090
   0.04284
  -0.04411
   0.04469
  -0.04456
   0.04372
  -0.04220
   0.04001
  -0.03719
   0.03378
  -0.02984
   0.02543
  -0.02062
   0.01549
  -0.01011
   0.00457
   0.00105
  -0.00664
   0.01213
  -0.01743
   0.02246
  -0.02713
   0.03137
  -0.03512
   0.03831
  -0.04090
   0.04284
  -0.04411
   0.04469
  -0.04456
   0.04372
  -0.04220
   0.04001
  -0.03719
   0.03378
  -0.02984
   0.02543
  -0.02062
   0.01549
  -0.01011
   0.00457
   0.00105
  -0.00664
   0.01213
  -0.01743
   0.02246
  -0.02713
   0.03137
  -0.03512
   0.03831
  -0.04090
   0.04284
  -0.04411
   0.04469
  -0.04456
   0.04372
  -0.04220
   0.04001
  -0.03719
   0.03378
  -0.02984
   0.02543
  -0.02062
   0.01549
  -0.01011
   0.00457
   0.00105
  -0.00664
   0.01213
  -0.01743
   0.02246
  -0.02713
   0.03137
  -0.03512
   0.03831
  -0.04090
   0.04284
  -0.04411
   0.04469
  -0.04456
   0.04372
  -0.04220
   0.04001
  -0.03719
   0.03378
  -0.02984
   0.02543
  -0.02062
   0.01549
  -0.01011
   0.00457
   0.00105
  -0.00664
   0.01213
  -0.01743
   0.02246
  -0.02713
   0.03137
  -0.03512
   0.03831
  -0.04090
   0.04284
  -0.04411
   0.04469
  -0.04456
   0.04372
  -0.04220
   0.04001
  -0.03719
   0.03378
  -0.02984
   0.02543
  -0.02062
   0.01549
  -0.01011
   0.00457
   0.00105
  -0.00664
   0.01213
  -0.01743
   0.02246
  -0.02713
   0.03137
  -0.03512
   0.03831
  -0.04090
   0.04284
  -0.04411
   0.04469
  -0.04456
   0.04372
  -0.04220
   0.04001
  -0.03719
   0.03378
  -0.02984
   0.02543
  -0.02062
   0.01549
  -0.01011
   0.00457
   0.00105
  -0.00664
   0.01213
  -0.01743
   0.02246
  -0.02713
   0.03137
  -0.03512
   0.03831
  -0.04090
   0.04284
  -0.04411
   0.04469
  -0.04456
   0.04372
  -0.04220
   0.04001
  -0.03719
   0.03378
  -0.02984
   0.02543
  -0.02062
   0.01549
  -0.01011
   0.00457
   0.00105
  -0.00664
   0.01213
  -0.01743
   0.02246
  -0.02713
   0.03137
  -0.03512
   0.03831
  -0.04090
   0.04284
  -0.04411
   0.04469
  -0.04456
   0.04372
  -0.04220
   0.04001
  -0.03719
   0.03378
  -0.02984
   0.02543
  -0.02062
   0.01549
  -0.01011
   0.00457
   0.00105
  -0.00664
   0.01213
  -0.01743
   0.02246
  -0.02713
   0.03137
  -0.03512
   0.03831
  -0.04090
   0.04284
  -0.04411
   0.04469
  -0.04456
   0.04372
  -0.04220
   0.04001
  -0.03719
   0.03378
  -0.02984
   0.02543
  -0.02062
   0.01549
  -0.01011
   0.00457
   0.00105
  -0.00664
   0.01213
  -0.01743
   0.02246
  -0.02713
   0.03137
  -0.03512
   0.03831
  -0.04090
   0.04284
  -0.04411
   0.04469
  -0.04456
   0.04372
  -0.04220
   0.04001
  -0.03719
   0.03378
  -0.02984
   0.02543
  -0.02062
   0.01549
  -0.01011
   0.00457
   0.00105
  -0.00664
   0.01213
  -0.01743
   0.02246
  -0.02713
   0.03137
  -0.03512
   0.03831
  -0.04090
   0.04284
  -0.04411
   0.04469
  -0.04456
   0.04372
  -0.04220
   0.04001
  -0.03719
   0.03378
  -0.02984
   0.02543
  -0.02062
   0.01549
  -0.01011
   0.00457
   0.00105
  -0.00664
   0.01213
  -0.01743
   0.02246
  -0.02713
   0.03137
  -0.03512
   0.03831
  -0.04090
   0.04284
  -0.04411
   0.04469
  -0.04456
   0.04372
  -0.04220
   0.04001
  -0.03719
   0.03378
  -0.02984
   0.02543
  -0.02062
   0.01549
  -0.01011
   0.00457
   0.00105
  -0.00664
   0.01213
  -0.01743
   0.02246
  -0.02713
   0.03137
  -0.03512
   0.03831
  -0.04090
   0.04284
  -0.04411
   0.04469
  -0.04456
   0.04372
  -0.04220
   0.04001
  -0.03719
   0.03378
  -0.02984
   0.02543
  -0.02062
   0.01549
  -0.01011
   0.00457
   0.00105
  -0.00664
   0.01213
  -0.01743
   0.02246
  -0.02713
   0.03137
  -0.03512
   0.03831
  -0.04090
   0.04284
  -0.04411
   0.04469
  -0.04456
   0.04372
  -0.04220
   0.04001
  -0.03719
   0.03378
  -0.02984
   0.02543
  -0.02062
   0.01549
  -0.01011
   0.00457
   0.00105
  -0.00664
   0.01213
  -0.01743
   0.02246
  -0.02713
   0.03137
  -0.03512
   0.03831
  -0.04090
   0.04284
  -0.04411
   0.04469
  -0.04456
   0.04372
  -0.04220
   0.04001
  -0.03719
   0.03378
  -0.02984
   0.02543
  -0.02062
   0.01549
  -0.01011
   0.00457
   0.00105
  -0.00664
   0.01213
  -0.01743
   0.02246
  -0.02713
   0.03137
  -0.03512
   0.03831
  -0.04090
   0.04284
  -0.04411
   0.04469
  -0.04456
   0.04372
  -0.04220
   0.04001
  -0.03719
   0.03378
  -0.02984
   0.02543
  -0.02062
   0.01549
  -0.01011
   0.00457
   0.00105
  -0.00664
   0.01213
  -0.01743
   0.02246
  -0.02713
   0.03137
  -0.03512
   0.03831
  -0.04090
   0.04284
  -0.04411
   0.04469
  -0.04456
   0.04372
  -0.04220
   0.04001
  -0.03719
   0.03378
  -0.02984
   0.02543
  -0.02062
   0.01549
  -0.01011
   0.00457
   0.00105
  -0.00664
   0.01213
  -0.01743
   0.02246
  -0.02713
   0.03137
  -0.03512
   0.03831
  -0.04090
   0.04284
  -0.04411
   0.04469
  -0.04456
   0.04372
  -0.04220
   0.04001
  -0.03719
   0.03378
  -0.02984
   0.02543
  -0.02062
   0.01549
  -0.01011
   0.00457
   0.00105
  -0.00664
   0.01213
  -0.01743
   0.02246
  -0.02713
   0.03137
  -0.03512
   0.03831
  -0.04090
   0.04284
  -0.04411
   0.04469
  -0.04456
   0.04372
  -0.04220
   0.04001
  -0.03719
   0.03378
  -0.02984
   0.02543
  -0.02062
   0.01549
  -0.01011
   0.00457
   0.00105
  -0.00664
   0.01213
  -0.01743
   0.02246
  -0.02713
   0.03137
  -0.03512
   0.03831
  -0.04090
   0.04284
  -0.04411
   0.04469
  -0.04456
   0.04372
  -0.04220
   0.04001
  -0.03719
   0.03378
  -0.02984
   0.02543
  -0.02062
   0.01549
  -0.01011
   0.00457
   0.00105
  -0.00664
   0.01213
  -0.01743
   0.02246
  -0.02713
   0.03137
  -0.03512
   0.03831
  -0.04090
   0.04284
  -0.04411
   0.04469
  -0.04456
   0.04372
  -0.04220
   0.04001
  -0.03719
   0.03378
  -0.02984
   0.02543
  -0.02062
   0.01549
  -0.01011
   0.00457
   0.00105
  -0.00664
   0.01213
  -0.01743
   0.02246
  -0.02713
   0.03137
  -0.03512
   0.03831
  -0.04090
   0.04284
  -0.04411
   0.04469
  -0.04456
   0.04372
  -0.04220
   0.04001
  -0.03719
   0.03378
  -0.02984
   0.02543
  -0.02062
   0.01549
  -0.01011
   0.00457
   0.00105
  -0.00664
   0.01213
  -0.01743
   0.02246
  -0.02713
   0.03137
  -0.03512
   0.03831
  -0.04090
   0.04284
  -0.04411
   0.04469
  -0.04456
   0.04372
  -0.04220
   0.04001
  -0.03719
   0.03378
  -0.02984
   0.02543
  -0.02062
   0.01549
  -0.01011
   0.00457
   0.00105
  -0.00664
   0.01213
  -0.01743
   0.02246
  -0.02713
   0.03137
  -0.03512
   0.03831
  -0.04090
   0.04284
  -0.04411
   0.04469
  -0.04456
   0.04372
  -0.04220
   0.04001
  -0.03719
   0.03378
  -0.02984
   0.02543
  -0.02062
   0.01549
  -0.01011
   0.00457
   0.00105
  -0.00664
   0.01213
  -0.01743
   0.02246
  -0.02713
   0.03137
  -0.03512
   0.03831
  -0.04090
   0.04284
  -0.04411
   0.04469
  -0.04456
   0.04372
  -0.04220
   0.04001
  -0.03719
   0.03378
  -0.02984
   0.02543
  -0.02062
   0.01549
  -0.01011
   0.00457
   0.00105
  -0.00664
   0.01213
  -0.01743
   0.02246
  -0.02713
   0.03137
  -0.03512
   0.03831
  -0.04090
   0.04284
  -0.04411
   0.04469
  -0.04456
   0.04372
  -0.04220
   0.04001
  -0.03719
   0.03378
  -0.02984
   0.02543
  -0.02062
   0.01549
  -0.01011
   0.00457
   0.00105
  -0.00664
   0.01213
  -0.01743
   0.02246
  -0.02713
   0.03137
  -0.03512
   0.03831
  -0.04090
   0.04284
  -0.04411
   0.04469
  -0.04456
   0.04372
  -0.04220
   0.04001
  -0.03719
   0.03378
  -0.02984
   0.02543
  -0.02062
   0.01549
  -0.01011
   0.00457
   0.00105
  -0.00664
   0.01213
  -0.01743
   0.02246
  -0.02713
   0.03137
  -0.03512
   0.03831
  -0.04090
   0.04284
  -0.04411
   0.04469
  -0.04456
   0.04372
  -0.04220
   0.04001
  -0.03719
   0.03378
  -0.02984
   0.02543
  -0.02062
   0.01549
  -0.01011
   0.00457
   0.00105
  -0.00664
   0.01213
  -0.01743
   0.02246
  -0.02713
   0.03137
  -0.03512
   0.03831
  -0.04090
   0.04284
  -0.04411
   0.04469
  -0.04456
   0.04372
  -0.04220
   0.04001
  -0.03719
   0.03378
  -0.02984
   0.02543
  -0.02062
   0.01549
  -0.01011
   0.00457
   0.00105
  -0.00664
   0.01213
  -0.01743
   0.02246
  -0.02713
   0.03137
  -0.03512
   0.03831
  -0.04090
   0.04284
  -0.04411
   0.04469
  -0.04456
   0.04372
  -0.04220
   0.04001
  -0.03719
   0.03378
  -0.02984
   0.02543
  -0.02062
   0.01549
  -0.01011
   0.00457
   0.00105
  -0.00664
   0.01213
  -0.01743
   0.02246
  -0.02713
   0.03137
  -0.03512
   0.03831
  -0.04090
   0.04284
  -0.04411
   0.04469
  -0.04456
   0.04372
  -0.04220
   0.04001
  -0.03719
   0.03378
  -0.02984
   0.02543
  -0.02062
   0.01549
  -0.01011
   0.00457
   0.00105
  -0.00664
   0.01213
  -0.01743
   0.02246
  -0.02713
   0.03137
  -0.03512
   0.03831
  -0.04090
   0.04284
  -0.04411
   0.04469
  -0.04456
   0.04372
  -0.04220
   0.04001
  -0.03719
   0.03378
  -0.02984
   0.02543
  -0.02062
   0.01549
  -0.01011
   0.00457
   0.00105
  -0.00664
   0.01213
  -0.01743
   0.02246
  -0.02713
   0.03137
  -0.03512
   0.03831
  -0.04090
   0.04284
  -0.04411
   0.04469
  -0.04456
   0.04372
  -0.04220
   0.04001
  -0.03719
   0.03378
  -0.02984
   0.02543
  -0.02062
   0.01549
  -0.01011
   0.00457
   0.00105
  -0.00664
   0.01213
  -0.01743
   0.02246
  -0.02713
   0.03137
  -0.03512
   0.03831
  -0.04090
   0.04284
  -0.04411
   0.04469
  -0.04456
   0.04372
  -0.04220
   0.04001
  -0.03719
   0.03378
  -0.02984
   0.02543
  -0.02062
   0.01549
  -0.01011
   0.00457
   0.00105
  -0.00664
   0.01213
  -0.01743
   0.02246
  -0.02713
   0.03137
  -0.03512
   0.03831
  -0.04090
   0.04284
  -0.04411
   0.04469
  -0.04456
   0.04372
  -0.04220
   0.04001
  -0.03719
   0.03378
  -0.02984
   0.02543
  -0.02062
   0.01549
  -0.01011
   0.00457
   0.00105
  -0.00664
   0.01213
  -0.01743
   0.02246
  -0.02713
   0.03137
  -0.03512
   0.03831
  -0.04090
   0.04284
  -0.04411
   0.04469
  -0.04456
   0.04372
  -0.04220
   0.04001
  -0.03719
   0.03378
  -0.02984
   0.02543
  -0.02062
   0.01549
  -0.01011
   0.00457
   0.00105
  -0.00664
   0.01213
  -0.01743
   0.02246
  -0.02713
   0.03137
  -0.03512
   0.03831
  -0.04090
   0.04284
  -0.04411
   0.04469
  -0.04456
   0.04372
  -0.04220
   0.04001
  -0.03719
   0.03378
  -0.02984
   0.02543
  -0.02062
   0.01549
  -0.01011
   0.00457
   0.00105
