   0.01613
   0.03014
   0.04006
   0.04454
   0.04297
   0.03556
   0.02331
   0.00790
  -0.00858
  -0.02390
  -0.03597
  -0.04315
  -0.04447
  -0.03975
  -0.02963
  -0.01549
   0.00077
   0.01691
   0.03076
   0.04043
   0.04461
   0.04273
   0.03504
   0.02259
   0.00707
  -0.00941
  -0.02461
  -0.03646
  -0.04337
  -0.04438
  -0.03936
  -0.02900
  -0.01469
   0.00161
   0.01769
   0.03137
   0.04079
   0.04466
   0.04247
   0.03451
   0.02186
   0.00624
  -0.01023
  -0.02531
  -0.03694
  -0.04356
  -0.04427
  -0.03895
  -0.02835
  -0.01389
   0.00245
   0.01846
   0.03196
   0.04112
   0.04470
   0.04220
   0.03397
   0.02112
   0.00540
  -0.01105
  -0.02600
  -0.03741
  -0.04375
  -0.04414
  -0.03853
  -0.02769
  -0.01309
   0.00329
   0.01923
   0.03255
   0.04145
   0.04472
   0.04191
   0.03341
   0.02037
   0.00456
  -0.01186
  -0.02668
  -0.03787
  -0.04391
  -0.04399
  -0.03810
  -0.02703
  -0.01228
   0.00413
   0.01998
   0.03312
   0.04176
   0.04472
   0.04161
   0.03284
   0.01962
   0.00373
  -0.01267
  -0.02735
  -0.03831
  -0.04407
  -0.04384
  -0.03765
  -0.02635
  -0.01147
   0.00497
   0.02073
   0.03368
   0.04205
   0.04471
   0.04129
   0.03227
   0.01886
   0.00288
  -0.01348
  -0.02801
  -0.03874
  -0.04420
  -0.04366
  -0.03719
  -0.02566
  -0.01065
   0.00581
   0.02148
   0.03423
   0.04233
   0.04468
   0.04096
   0.03168
   0.01809
   0.00204
  -0.01428
  -0.02866
  -0.03915
  -0.04432
  -0.04347
  -0.03671
  -0.02497
  -0.00983
   0.00664
   0.02221
   0.03477
   0.04260
   0.04464
   0.04062
   0.03108
   0.01731
   0.00120
  -0.01508
  -0.02931
  -0.03955
  -0.04443
  -0.04327
  -0.03623
  -0.02426
  -0.00901
   0.00747
   0.02294
   0.03529
   0.04284
   0.04458
   0.04026
   0.03046
   0.01653
   0.00036
  -0.01587
  -0.02994
  -0.03994
  -0.04452
  -0.04304
  -0.03572
  -0.02355
  -0.00818
   0.00830
   0.02366
   0.03580
   0.04308
   0.04450
   0.03988
   0.02984
   0.01575
  -0.00048
  -0.01665
  -0.03056
  -0.04031
  -0.04459
  -0.04281
  -0.03521
  -0.02283
  -0.00735
   0.00913
   0.02437
   0.03630
   0.04330
   0.04441
   0.03949
   0.02921
   0.01496
  -0.00133
  -0.01743
  -0.03117
  -0.04067
  -0.04465
  -0.04256
  -0.03469
  -0.02210
  -0.00652
   0.00995
   0.02507
   0.03679
   0.04350
   0.04431
   0.03909
   0.02857
   0.01416
  -0.00217
  -0.01821
  -0.03177
  -0.04101
  -0.04469
  -0.04229
  -0.03415
  -0.02137
  -0.00568
   0.01077
   0.02577
   0.03726
   0.04369
   0.04418
   0.03867
   0.02791
   0.01336
  -0.00301
  -0.01897
  -0.03235
  -0.04134
  -0.04471
  -0.04201
  -0.03360
  -0.02062
  -0.00484
   0.01159
   0.02645
   0.03772
   0.04386
   0.04404
   0.03824
   0.02725
   0.01255
  -0.00385
  -0.01973
  -0.03293
  -0.04166
  -0.04472
  -0.04171
  -0.03303
  -0.01987
  -0.00401
   0.01240
   0.02713
   0.03816
   0.04402
   0.04389
   0.03780
   0.02658
   0.01174
  -0.00469
  -0.02048
  -0.03349
  -0.04195
  -0.04471
  -0.04140
  -0.03246
  -0.01911
  -0.00317
   0.01321
   0.02779
   0.03860
   0.04416
   0.04372
   0.03734
   0.02589
   0.01092
  -0.00553
  -0.02123
  -0.03405
  -0.04224
  -0.04469
  -0.04107
  -0.03187
  -0.01835
  -0.00232
   0.01401
   0.02845
   0.03902
   0.04428
   0.04354
   0.03687
   0.02520
   0.01010
  -0.00636
  -0.02197
  -0.03459
  -0.04251
  -0.04465
  -0.04073
  -0.03128
  -0.01757
  -0.00148
   0.01481
   0.02909
   0.03942
   0.04439
   0.04334
   0.03639
   0.02450
   0.00928
  -0.00720
  -0.02270
  -0.03512
  -0.04276
  -0.04460
  -0.04038
  -0.03067
  -0.01680
  -0.00064
   0.01560
   0.02973
   0.03981
   0.04449
   0.04312
   0.03589
   0.02379
   0.00846
  -0.00803
  -0.02342
  -0.03563
  -0.04300
  -0.04453
  -0.04001
  -0.03005
  -0.01601
   0.00020
   0.01639
   0.03035
   0.04019
   0.04457
   0.04289
   0.03538
   0.02307
   0.00763
  -0.00886
  -0.02413
  -0.03614
  -0.04323
  -0.04444
  -0.03962
  -0.02942
  -0.01522
   0.00105
   0.01717
   0.03097
   0.04055
   0.04463
   0.04264
   0.03486
   0.02235
   0.00679
  -0.00968
  -0.02484
  -0.03663
  -0.04343
  -0.04434
  -0.03923
  -0.02878
  -0.01443
   0.00189
   0.01795
   0.03157
   0.04090
   0.04467
   0.04238
   0.03433
   0.02161
   0.00596
  -0.01050
  -0.02554
  -0.03710
  -0.04363
  -0.04423
  -0.03881
  -0.02813
  -0.01363
   0.00273
   0.01872
   0.03216
   0.04123
   0.04471
   0.04210
   0.03378
   0.02087
   0.00512
  -0.01132
  -0.02622
  -0.03757
  -0.04381
  -0.04409
  -0.03839
  -0.02747
  -0.01282
   0.00357
   0.01948
   0.03274
   0.04155
   0.04472
   0.04181
   0.03322
   0.02012
   0.00429
  -0.01213
  -0.02690
  -0.03802
  -0.04397
  -0.04394
  -0.03795
  -0.02680
  -0.01201
   0.00441
   0.02023
   0.03331
   0.04186
   0.04472
   0.04151
   0.03265
   0.01936
   0.00345
  -0.01294
  -0.02757
  -0.03845
  -0.04411
  -0.04378
  -0.03750
  -0.02612
  -0.01120
   0.00525
   0.02098
   0.03386
   0.04215
   0.04470
   0.04118
   0.03207
   0.01860
   0.00260
  -0.01375
  -0.02823
  -0.03888
  -0.04424
  -0.04360
  -0.03703
  -0.02543
  -0.01038
   0.00609
   0.02172
   0.03441
   0.04242
   0.04467
   0.04085
   0.03148
   0.01783
   0.00176
  -0.01455
  -0.02888
  -0.03929
  -0.04436
  -0.04340
  -0.03655
  -0.02473
  -0.00956
   0.00692
   0.02246
   0.03494
   0.04268
   0.04462
   0.04050
   0.03087
   0.01706
   0.00092
  -0.01534
  -0.02952
  -0.03968
  -0.04446
  -0.04319
  -0.03606
  -0.02403
  -0.00873
   0.00775
   0.02318
   0.03546
   0.04292
   0.04456
   0.04013
   0.03026
   0.01627
   0.00008
  -0.01613
  -0.03014
  -0.04006
  -0.04454
  -0.04297
  -0.03556
  -0.02331
  -0.00790
   0.00858
   0.02390
   0.03597
   0.04315
   0.04447
   0.03975
   0.02963
   0.01549
  -0.00077
  -0.01691
  -0.03076
  -0.04043
  -0.04461
  -0.04273
  -0.03504
  -0.02259
  -0.00707
   0.00941
   0.02461
   0.03646
   0.04337
   0.04438
   0.03936
   0.02900
   0.01469
  -0.00161
  -0.01769
  -0.03137
  -0.04079
  -0.04466
  -0.04247
  -0.03451
  -0.02186
  -0.00624
   0.01023
   0.02531
   0.03694
   0.04356
   0.04427
   0.03895
   0.02835
   0.01389
  -0.00245
  -0.01846
  -0.03196
  -0.04112
  -0.04470
  -0.04220
  -0.03397
  -0.02112
  -0.00540
   0.01105
   0.02600
   0.03741
   0.04375
   0.04414
   0.03853
   0.02769
   0.01309
  -0.00329
  -0.01923
  -0.03255
  -0.04145
  -0.04472
  -0.04191
  -0.03341
  -0.02037
  -0.00456
   0.01186
   0.02668
   0.03787
   0.04391
   0.04399
   0.03810
   0.02703
   0.01228
  -0.00413
  -0.01998
  -0.03312
  -0.04176
  -0.04472
  -0.04161
  -0.03284
  -0.01962
  -0.00373
   0.01267
   0.02735
   0.03831
   0.04407
   0.04384
   0.03765
   0.02635
   0.01147
  -0.00497
  -0.02073
  -0.03368
  -0.04205
  -0.04471
  -0.04129
  -0.03227
  -0.01886
  -0.00288
   0.01348
   0.02801
   0.03874
   0.04420
   0.04366
   0.03719
   0.02566
   0.01065
  -0.00581
  -0.02148
  -0.03423
  -0.04233
  -0.04468
  -0.04096
  -0.03168
  -0.01809
  -0.00204
   0.01428
   0.02866
   0.03915
   0.04432
   0.04347
   0.03671
   0.02497
   0.00983
  -0.00664
  -0.02221
  -0.03477
  -0.04260
  -0.04464
  -0.04062
  -0.03108
  -0.01731
  -0.00120
   0.01508
   0.02931
   0.03955
   0.04443
   0.04327
   0.03623
   0.02426
   0.00901
  -0.00747
  -0.02294
  -0.03529
  -0.04284
  -0.04458
  -0.04026
  -0.03046
  -0.01653
  -0.00036
   0.01587
   0.02994
   0.03994
   0.04452
   0.04304
   0.03572
   0.02355
   0.00818
  -0.00830
  -0.02366
  -0.03580
  -0.04308
  -0.04450
  -0.03988
  -0.02984
  -0.01575
   0.00048
   0.01665
   0.03056
   0.04031
   0.04459
   0.04281
   0.03521
   0.02283
   0.00735
  -0.00913
  -0.02437
  -0.03630
  -0.04330
  -0.04441
  -0.03949
  -0.02921
  -0.01496
   0.00133
   0.01743
   0.03117
   0.04067
   0.04465
   0.04256
   0.03469
   0.02210
   0.00652
  -0.00995
  -0.02507
  -0.03679
  -0.04350
  -0.04431
  -0.03909
  -0.02857
  -0.01416
   0.00217
   0.01821
   0.03177
   0.04101
   0.04469
   0.04229
   0.03415
   0.02137
   0.00568
  -0.01077
  -0.02577
  -0.03726
  -0.04369
  -0.04418
  -0.03867
  -0.02791
  -0.01336
   0.00301
   0.01897
   0.03235
   0.04134
   0.04471
   0.04201
   0.03360
   0.02062
   0.00484
  -0.01159
  -0.02645
  -0.03772
  -0.04386
  -0.04404
  -0.03824
  -0.02725
  -0.01255
   0.00385
   0.01973
   0.03293
   0.04166
   0.04472
   0.04171
   0.03303
   0.01987
   0.00401
  -0.01240
  -0.02713
  -0.03816
  -0.04402
  -0.04389
  -0.03780
  -0.02658
  -0.01174
   0.00469
   0.02048
   0.03349
   0.04195
   0.04471
   0.04140
   0.03246
   0.01911
   0.00317
  -0.01321
  -0.02779
  -0.03860
  -0.04416
  -0.04372
  -0.03734
  -0.02589
  -0.01092
   0.00553
   0.02123
   0.03405
   0.04224
   0.04469
   0.04107
   0.03187
   0.01835
   0.00232
  -0.01401
  -0.02845
  -0.03902
  -0.04428
  -0.04354
  -0.03687
  -0.02520
  -0.01010
   0.00636
   0.02197
   0.03459
   0.04251
   0.04465
   0.04073
   0.03128
   0.01757
   0.00148
  -0.01481
  -0.02909
  -0.03942
  -0.04439
  -0.04334
  -0.03639
  -0.02450
  -0.00928
   0.00720
   0.02270
   0.03512
   0.04276
   0.04460
   0.04038
   0.03067
   0.01680
   0.00064
  -0.01560
  -0.02973
  -0.03981
  -0.04449
  -0.04312
  -0.03589
  -0.02379
  -0.00846
   0.00803
   0.02342
   0.03563
   0.04300
   0.04453
   0.04001
   0.03005
   0.01601
  -0.00020
  -0.01639
  -0.03035
  -0.04019
  -0.04457
  -0.04289
  -0.03538
  -0.02307
  -0.00763
   0.00886
   0.02413
   0.03614
   0.04323
   0.04444
   0.03962
   0.02942
   0.01522
  -0.00105
  -0.01717
  -0.03097
  -0.04055
  -0.04463
  -0.04264
  -0.03486
  -0.02235
  -0.00679
   0.00968
   0.02484
   0.03663
   0.04343
   0.04434
   0.03923
   0.02878
   0.01443
  -0.00189
  -0.01795
  -0.03157
  -0.04090
  -0.04467
  -0.04238
  -0.03433
  -0.02161
  -0.00596
   0.01050
   0.02554
   0.03710
   0.04363
   0.04423
   0.03881
   0.02813
   0.01363
  -0.00273
  -0.01872
  -0.03216
  -0.04123
  -0.04471
  -0.04210
  -0.03378
  -0.02087
  -0.00512
   0.01132
   0.02622
   0.03757
   0.04381
   0.04409
   0.03839
   0.02747
   0.01282
  -0.00357
  -0.01948
  -0.03274
  -0.04155
  -0.04472
  -0.04181
  -0.03322
  -0.02012
  -0.00429
   0.01213
   0.02690
   0.03802
   0.04397
   0.04394
   0.03795
   0.02680
   0.01201
  -0.00441
  -0.02023
  -0.03331
  -0.04186
  -0.04472
  -0.04151
  -0.03265
  -0.01936
  -0.00345
   0.01294
   0.02757
   0.03845
   0.04411
   0.04378
   0.03750
   0.02612
   0.01120
  -0.00525
  -0.02098
  -0.03386
  -0.04215
  -0.04470
  -0.04118
  -0.03207
  -0.01860
  -0.00260
   0.01375
   0.02823
   0.03888
   0.04424
   0.04360
   0.03703
   0.02543
   0.01038
  -0.00609
  -0.02172
  -0.03441
  -0.04242
  -0.04467
  -0.04085
  -0.03148
  -0.01783
  -0.00176
   0.01455
   0.02888
   0.03929
   0.04436
   0.04340
   0.03655
   0.02473
   0.00956
  -0.00692
  -0.02246
  -0.03494
  -0.04268
  -0.04462
  -0.04050
  -0.03087
  -0.01706
  -0.00092
   0.01534
   0.02952
   0.03968
   0.04446
   0.04319
   0.03606
   0.02403
   0.00873
  -0.00775
  -0.02318
  -0.03546
  -0.04292
  -0.04456
  -0.04013
  -0.03026
  -0.01627
  -0.00008
