   0.04083
   0.03042
   0.01517
  -0.00251
  -0.01978
  -0.03390
  -0.04261
  -0.04452
  -0.03933
  -0.02787
  -0.01196
   0.00586
   0.02275
   0.03600
   0.04351
   0.04408
   0.03762
   0.02515
   0.00868
  -0.00919
  -0.02558
  -0.03790
  -0.04417
  -0.04339
  -0.03569
  -0.02230
  -0.00535
   0.01246
   0.02827
   0.03958
   0.04457
   0.04245
   0.03356
   0.01931
   0.00199
  -0.01566
  -0.03080
  -0.04103
  -0.04472
  -0.04127
  -0.03124
  -0.01622
   0.00138
   0.01877
   0.03316
   0.04226
   0.04462
   0.03986
   0.02874
   0.01304
  -0.00475
  -0.02177
  -0.03532
  -0.04324
  -0.04426
  -0.03822
  -0.02608
  -0.00978
   0.00808
   0.02465
   0.03729
   0.04398
   0.04365
   0.03636
   0.02326
   0.00646
  -0.01137
  -0.02739
  -0.03904
  -0.04446
  -0.04279
  -0.03429
  -0.02032
  -0.00311
   0.01460
   0.02998
   0.04058
   0.04470
   0.04169
   0.03203
   0.01726
  -0.00026
  -0.01774
  -0.03239
  -0.04188
  -0.04468
  -0.04035
  -0.02959
  -0.01411
   0.00363
   0.02078
   0.03462
   0.04294
   0.04441
   0.03879
   0.02698
   0.01087
  -0.00698
  -0.02371
  -0.03666
  -0.04376
  -0.04388
  -0.03700
  -0.02422
  -0.00757
   0.01028
   0.02650
   0.03848
   0.04433
   0.04310
   0.03500
   0.02132
   0.00423
  -0.01353
  -0.02913
  -0.04009
  -0.04465
  -0.04208
  -0.03281
  -0.01829
  -0.00086
   0.01670
   0.03161
   0.04147
   0.04471
   0.04083
   0.03042
   0.01517
  -0.00251
  -0.01978
  -0.03390
  -0.04261
  -0.04452
  -0.03933
  -0.02787
  -0.01196
   0.00586
   0.02275
   0.03600
   0.04351
   0.04408
   0.03762
   0.02515
   0.00868
  -0.00919
  -0.02558
  -0.03790
  -0.04417
  -0.04339
  -0.03569
  -0.02230
  -0.00535
   0.01246
   0.02827
   0.03958
   0.04457
   0.04245
   0.03356
   0.01931
   0.00199
  -0.01566
  -0.03080
  -0.04103
  -0.04472
  -0.04127
  -0.03124
  -0.01622
   0.00138
   0.01877
   0.03316
   0.04226
   0.04462
   0.03986
   0.02874
   0.01304
  -0.00475
  -0.02177
  -0.03532
  -0.04324
  -0.04426
  -0.03822
  -0.02608
  -0.00978
   0.00808
   0.02465
   0.03729
   0.04398
   0.04365
   0.03636
   0.02326
   0.00646
  -0.01137
  -0.02739
  -0.03904
  -0.04446
  -0.04279
  -0.03429
  -0.02032
  -0.00311
   0.01460
   0.02998
   0.04058
   0.04470
   0.04169
   0.03203
   0.01726
  -0.00026
  -0.01774
  -0.03239
  -0.04188
  -0.04468
  -0.04035
  -0.02959
  -0.01411
   0.00363
   0.02078
   0.03462
   0.04294
   0.04441
   0.03879
   0.02698
   0.01087
  -0.00698
  -0.02371
  -0.03666
  -0.04376
  -0.04388
  -0.03700
  -0.02422
  -0.00757
   0.01028
   0.02650
   0.03848
   0.04433
   0.04310
   0.03500
   0.02132
   0.00423
  -0.01353
  -0.02913
  -0.04009
  -0.04465
  -0.04208
  -0.03281
  -0.01829
  -0.00086
   0.01670
   0.03161
   0.04147
   0.04471
   0.04083
   0.03042
   0.01517
  -0.00251
  -0.01978
  -0.03390
  -0.04261
  -0.04452
  -0.03933
  -0.02787
  -0.01196
   0.00586
   0.02275
   0.03600
   0.04351
   0.04408
   0.03762
   0.02515
   0.00868
  -0.00919
  -0.02558
  -0.03790
  -0.04417
  -0.04339
  -0.03569
  -0.02230
  -0.00535
   0.01246
   0.02827
   0.03958
   0.04457
   0.04245
   0.03356
   0.01931
   0.00199
  -0.01566
  -0.03080
  -0.04103
  -0.04472
  -0.04127
  -0.03124
  -0.01622
   0.00138
   0.01877
   0.03316
   0.04226
   0.04462
   0.03986
   0.02874
   0.01304
  -0.00475
  -0.02177
  -0.03532
  -0.04324
  -0.04426
  -0.03822
  -0.02608
  -0.00978
   0.00808
   0.02465
   0.03729
   0.04398
   0.04365
   0.03636
   0.02326
   0.00646
  -0.01137
  -0.02739
  -0.03904
  -0.04446
  -0.04279
  -0.03429
  -0.02032
  -0.00311
   0.01460
   0.02998
   0.04058
   0.04470
   0.04169
   0.03203
   0.01726
  -0.00026
  -0.01774
  -0.03239
  -0.04188
  -0.04468
  -0.04035
  -0.02959
  -0.01411
   0.00363
   0.02078
   0.03462
   0.04294
   0.04441
   0.03879
   0.02698
   0.01087
  -0.00698
  -0.02371
  -0.03666
  -0.04376
  -0.04388
  -0.03700
  -0.02422
  -0.00757
   0.01028
   0.02650
   0.03848
   0.04433
   0.04310
   0.03500
   0.02132
   0.00423
  -0.01353
  -0.02913
  -0.04009
  -0.04465
  -0.04208
  -0.03281
  -0.01829
  -0.00086
   0.01670
   0.03161
   0.04147
   0.04471
   0.04083
   0.03042
   0.01517
  -0.00251
  -0.01978
  -0.03390
  -0.04261
  -0.04452
  -0.03933
  -0.02787
  -0.01196
   0.00586
   0.02275
   0.03600
   0.04351
   0.04408
   0.03762
   0.02515
   0.00868
  -0.00919
  -0.02558
  -0.03790
  -0.04417
  -0.04339
  -0.03569
  -0.02230
  -0.00535
   0.01246
   0.02827
   0.03958
   0.04457
   0.04245
   0.03356
   0.01931
   0.00199
  -0.01566
  -0.03080
  -0.04103
  -0.04472
  -0.04127
  -0.03124
  -0.01622
   0.00138
   0.01877
   0.03316
   0.04226
   0.04462
   0.03986
   0.02874
   0.01304
  -0.00475
  -0.02177
  -0.03532
  -0.04324
  -0.04426
  -0.03822
  -0.02608
  -0.00978
   0.00808
   0.02465
   0.03729
   0.04398
   0.04365
   0.03636
   0.02326
   0.00646
  -0.01137
  -0.02739
  -0.03904
  -0.04446
  -0.04279
  -0.03429
  -0.02032
  -0.00311
   0.01460
   0.02998
   0.04058
   0.04470
   0.04169
   0.03203
   0.01726
  -0.00026
  -0.01774
  -0.03239
  -0.04188
  -0.04468
  -0.04035
  -0.02959
  -0.01411
   0.00363
   0.02078
   0.03462
   0.04294
   0.04441
   0.03879
   0.02698
   0.01087
  -0.00698
  -0.02371
  -0.03666
  -0.04376
  -0.04388
  -0.03700
  -0.02422
  -0.00757
   0.01028
   0.02650
   0.03848
   0.04433
   0.04310
   0.03500
   0.02132
   0.00423
  -0.01353
  -0.02913
  -0.04009
  -0.04465
  -0.04208
  -0.03281
  -0.01829
  -0.00086
   0.01670
   0.03161
   0.04147
   0.04471
   0.04083
   0.03042
   0.01517
  -0.00251
  -0.01978
  -0.03390
  -0.04261
  -0.04452
  -0.03933
  -0.02787
  -0.01196
   0.00586
   0.02275
   0.03600
   0.04351
   0.04408
   0.03762
   0.02515
   0.00868
  -0.00919
  -0.02558
  -0.03790
  -0.04417
  -0.04339
  -0.03569
  -0.02230
  -0.00535
   0.01246
   0.02827
   0.03958
   0.04457
   0.04245
   0.03356
   0.01931
   0.00199
  -0.01566
  -0.03080
  -0.04103
  -0.04472
  -0.04127
  -0.03124
  -0.01622
   0.00138
   0.01877
   0.03316
   0.04226
   0.04462
   0.03986
   0.02874
   0.01304
  -0.00475
  -0.02177
  -0.03532
  -0.04324
  -0.04426
  -0.03822
  -0.02608
  -0.00978
   0.00808
   0.02465
   0.03729
   0.04398
   0.04365
   0.03636
   0.02326
   0.00646
  -0.01137
  -0.02739
  -0.03904
  -0.04446
  -0.04279
  -0.03429
  -0.02032
  -0.00311
   0.01460
   0.02998
   0.04058
   0.04470
   0.04169
   0.03203
   0.01726
  -0.00026
  -0.01774
  -0.03239
  -0.04188
  -0.04468
  -0.04035
  -0.02959
  -0.01411
   0.00363
   0.02078
   0.03462
   0.04294
   0.04441
   0.03879
   0.02698
   0.01087
  -0.00698
  -0.02371
  -0.03666
  -0.04376
  -0.04388
  -0.03700
  -0.02422
  -0.00757
   0.01028
   0.02650
   0.03848
   0.04433
   0.04310
   0.03500
   0.02132
   0.00423
  -0.01353
  -0.02913
  -0.04009
  -0.04465
  -0.04208
  -0.03281
  -0.01829
  -0.00086
   0.01670
   0.03161
   0.04147
   0.04471
   0.04083
   0.03042
   0.01517
  -0.00251
  -0.01978
  -0.03390
  -0.04261
  -0.04452
  -0.03933
  -0.02787
  -0.01196
   0.00586
   0.02275
   0.03600
   0.04351
   0.04408
   0.03762
   0.02515
   0.00868
  -0.00919
  -0.02558
  -0.03790
  -0.04417
  -0.04339
  -0.03569
  -0.02230
  -0.00535
   0.01246
   0.02827
   0.03958
   0.04457
   0.04245
   0.03356
   0.01931
   0.00199
  -0.01566
  -0.03080
  -0.04103
  -0.04472
  -0.04127
  -0.03124
  -0.01622
   0.00138
   0.01877
   0.03316
   0.04226
   0.04462
   0.03986
   0.02874
   0.01304
  -0.00475
  -0.02177
  -0.03532
  -0.04324
  -0.04426
  -0.03822
  -0.02608
  -0.00978
   0.00808
   0.02465
   0.03729
   0.04398
   0.04365
   0.03636
   0.02326
   0.00646
  -0.01137
  -0.02739
  -0.03904
  -0.04446
  -0.04279
  -0.03429
  -0.02032
  -0.00311
   0.01460
   0.02998
   0.04058
   0.04470
   0.04169
   0.03203
   0.01726
  -0.00026
  -0.01774
  -0.03239
  -0.04188
  -0.04468
  -0.04035
  -0.02959
  -0.01411
   0.00363
   0.02078
   0.03462
   0.04294
   0.04441
   0.03879
   0.02698
   0.01087
  -0.00698
  -0.02371
  -0.03666
  -0.04376
  -0.04388
  -0.03700
  -0.02422
  -0.00757
   0.01028
   0.02650
   0.03848
   0.04433
   0.04310
   0.03500
   0.02132
   0.00423
  -0.01353
  -0.02913
  -0.04009
  -0.04465
  -0.04208
  -0.03281
  -0.01829
  -0.00086
   0.01670
   0.03161
   0.04147
   0.04471
   0.04083
   0.03042
   0.01517
  -0.00251
  -0.01978
  -0.03390
  -0.04261
  -0.04452
  -0.03933
  -0.02787
  -0.01196
   0.00586
   0.02275
   0.03600
   0.04351
   0.04408
   0.03762
   0.02515
   0.00868
  -0.00919
  -0.02558
  -0.03790
  -0.04417
  -0.04339
  -0.03569
  -0.02230
  -0.00535
   0.01246
   0.02827
   0.03958
   0.04457
   0.04245
   0.03356
   0.01931
   0.00199
  -0.01566
  -0.03080
  -0.04103
  -0.04472
  -0.04127
  -0.03124
  -0.01622
   0.00138
   0.01877
   0.03316
   0.04226
   0.04462
   0.03986
   0.02874
   0.01304
  -0.00475
  -0.02177
  -0.03532
  -0.04324
  -0.04426
  -0.03822
  -0.02608
  -0.00978
   0.00808
   0.02465
   0.03729
   0.04398
   0.04365
   0.03636
   0.02326
   0.00646
  -0.01137
  -0.02739
  -0.03904
  -0.04446
  -0.04279
  -0.03429
  -0.02032
  -0.00311
   0.01460
   0.02998
   0.04058
   0.04470
   0.04169
   0.03203
   0.01726
  -0.00026
  -0.01774
  -0.03239
  -0.04188
  -0.04468
  -0.04035
  -0.02959
  -0.01411
   0.00363
   0.02078
   0.03462
   0.04294
   0.04441
   0.03879
   0.02698
   0.01087
  -0.00698
  -0.02371
  -0.03666
  -0.04376
  -0.04388
  -0.03700
  -0.02422
  -0.00757
   0.01028
   0.02650
   0.03848
   0.04433
   0.04310
   0.03500
   0.02132
   0.00423
  -0.01353
  -0.02913
  -0.04009
  -0.04465
  -0.04208
  -0.03281
  -0.01829
  -0.00086
   0.01670
   0.03161
   0.04147
   0.04471
   0.04083
   0.03042
   0.01517
  -0.00251
  -0.01978
  -0.03390
  -0.04261
  -0.04452
  -0.03933
  -0.02787
  -0.01196
   0.00586
   0.02275
   0.03600
   0.04351
   0.04408
   0.03762
   0.02515
   0.00868
  -0.00919
  -0.02558
  -0.03790
  -0.04417
  -0.04339
  -0.03569
  -0.02230
  -0.00535
   0.01246
   0.02827
   0.03958
   0.04457
   0.04245
   0.03356
   0.01931
   0.00199
  -0.01566
  -0.03080
  -0.04103
  -0.04472
  -0.04127
  -0.03124
  -0.01622
   0.00138
   0.01877
   0.03316
   0.04226
   0.04462
   0.03986
   0.02874
   0.01304
  -0.00475
  -0.02177
  -0.03532
  -0.04324
  -0.04426
  -0.03822
  -0.02608
  -0.00978
   0.00808
   0.02465
   0.03729
   0.04398
   0.04365
   0.03636
   0.02326
   0.00646
  -0.01137
  -0.02739
  -0.03904
  -0.04446
  -0.04279
  -0.03429
  -0.02032
  -0.00311
   0.01460
   0.02998
   0.04058
   0.04470
   0.04169
   0.03203
   0.01726
  -0.00026
  -0.01774
  -0.03239
  -0.04188
  -0.04468
  -0.04035
  -0.02959
  -0.01411
   0.00363
   0.02078
   0.03462
   0.04294
   0.04441
   0.03879
   0.02698
   0.01087
  -0.00698
  -0.02371
  -0.03666
  -0.04376
  -0.04388
  -0.03700
  -0.02422
  -0.00757
   0.01028
   0.02650
   0.03848
   0.04433
   0.04310
   0.03500
   0.02132
   0.00423
  -0.01353
  -0.02913
  -0.04009
  -0.04465
  -0.04208
  -0.03281
  -0.01829
  -0.00086
   0.01670
   0.03161
   0.04147
   0.04471
