   0.03581
   0.01187
  -0.01704
  -0.03881
  -0.04429
  -0.03118
  -0.00498
   0.02330
   0.04181
   0.04277
   0.02578
  -0.00203
  -0.02899
  -0.04378
  -0.04019
  -0.01974
   0.00900
   0.03396
   0.04467
   0.03663
   0.01322
  -0.01574
  -0.03809
  -0.04446
  -0.03217
  -0.00638
   0.02209
   0.04129
   0.04316
   0.02691
  -0.00063
  -0.02790
  -0.04347
  -0.04079
  -0.02099
   0.00762
   0.03303
   0.04458
   0.03742
   0.01456
  -0.01442
  -0.03734
  -0.04459
  -0.03313
  -0.00776
   0.02086
   0.04073
   0.04350
   0.02802
   0.00078
  -0.02679
  -0.04312
  -0.04135
  -0.02222
   0.00623
   0.03206
   0.04444
   0.03817
   0.01588
  -0.01308
  -0.03655
  -0.04468
  -0.03405
  -0.00914
   0.01961
   0.04013
   0.04381
   0.02910
   0.00218
  -0.02565
  -0.04272
  -0.04186
  -0.02343
   0.00483
   0.03107
   0.04426
   0.03888
   0.01718
  -0.01173
  -0.03572
  -0.04472
  -0.03495
  -0.01051
   0.01834
   0.03949
   0.04407
   0.03015
   0.00358
  -0.02449
  -0.04229
  -0.04233
  -0.02462
   0.00343
   0.03004
   0.04404
   0.03956
   0.01847
  -0.01037
  -0.03486
  -0.04471
  -0.03581
  -0.01187
   0.01704
   0.03881
   0.04429
   0.03118
   0.00498
  -0.02330
  -0.04181
  -0.04277
  -0.02578
   0.00203
   0.02899
   0.04378
   0.04019
   0.01974
  -0.00900
  -0.03396
  -0.04467
  -0.03663
  -0.01322
   0.01574
   0.03809
   0.04446
   0.03217
   0.00638
  -0.02209
  -0.04129
  -0.04316
  -0.02691
   0.00063
   0.02790
   0.04347
   0.04079
   0.02099
  -0.00762
  -0.03303
  -0.04458
  -0.03742
  -0.01456
   0.01442
   0.03734
   0.04459
   0.03313
   0.00776
  -0.02086
  -0.04073
  -0.04350
  -0.02802
  -0.00078
   0.02679
   0.04312
   0.04135
   0.02222
  -0.00623
  -0.03206
  -0.04444
  -0.03817
  -0.01588
   0.01308
   0.03655
   0.04468
   0.03405
   0.00914
  -0.01961
  -0.04013
  -0.04381
  -0.02910
  -0.00218
   0.02565
   0.04272
   0.04186
   0.02343
  -0.00483
  -0.03107
  -0.04426
  -0.03888
  -0.01718
   0.01173
   0.03572
   0.04472
   0.03495
   0.01051
  -0.01834
  -0.03949
  -0.04407
  -0.03015
  -0.00358
   0.02449
   0.04229
   0.04233
   0.02462
  -0.00343
  -0.03004
  -0.04404
  -0.03956
  -0.01847
   0.01037
   0.03486
   0.04471
   0.03581
   0.01187
  -0.01704
  -0.03881
  -0.04429
  -0.03118
  -0.00498
   0.02330
   0.04181
   0.04277
   0.02578
  -0.00203
  -0.02899
  -0.04378
  -0.04019
  -0.01974
   0.00900
   0.03396
   0.04467
   0.03663
   0.01322
  -0.01574
  -0.03809
  -0.04446
  -0.03217
  -0.00638
   0.02209
   0.04129
   0.04316
   0.02691
  -0.00063
  -0.02790
  -0.04347
  -0.04079
  -0.02099
   0.00762
   0.03303
   0.04458
   0.03742
   0.01456
  -0.01442
  -0.03734
  -0.04459
  -0.03313
  -0.00776
   0.02086
   0.04073
   0.04350
   0.02802
   0.00078
  -0.02679
  -0.04312
  -0.04135
  -0.02222
   0.00623
   0.03206
   0.04444
   0.03817
   0.01588
  -0.01308
  -0.03655
  -0.04468
  -0.03405
  -0.00914
   0.01961
   0.04013
   0.04381
   0.02910
   0.00218
  -0.02565
  -0.04272
  -0.04186
  -0.02343
   0.00483
   0.03107
   0.04426
   0.03888
   0.01718
  -0.01173
  -0.03572
  -0.04472
  -0.03495
  -0.01051
   0.01834
   0.03949
   0.04407
   0.03015
   0.00358
  -0.02449
  -0.04229
  -0.04233
  -0.02462
   0.00343
   0.03004
   0.04404
   0.03956
   0.01847
  -0.01037
  -0.03486
  -0.04471
  -0.03581
  -0.01187
   0.01704
   0.03881
   0.04429
   0.03118
   0.00498
  -0.02330
  -0.04181
  -0.04277
  -0.02578
   0.00203
   0.02899
   0.04378
   0.04019
   0.01974
  -0.00900
  -0.03396
  -0.04467
  -0.03663
  -0.01322
   0.01574
   0.03809
   0.04446
   0.03217
   0.00638
  -0.02209
  -0.04129
  -0.04316
  -0.02691
   0.00063
   0.02790
   0.04347
   0.04079
   0.02099
  -0.00762
  -0.03303
  -0.04458
  -0.03742
  -0.01456
   0.01442
   0.03734
   0.04459
   0.03313
   0.00776
  -0.02086
  -0.04073
  -0.04350
  -0.02802
  -0.00078
   0.02679
   0.04312
   0.04135
   0.02222
  -0.00623
  -0.03206
  -0.04444
  -0.03817
  -0.01588
   0.01308
   0.03655
   0.04468
   0.03405
   0.00914
  -0.01961
  -0.04013
  -0.04381
  -0.02910
  -0.00218
   0.02565
   0.04272
   0.04186
   0.02343
  -0.00483
  -0.03107
  -0.04426
  -0.03888
  -0.01718
   0.01173
   0.03572
   0.04472
   0.03495
   0.01051
  -0.01834
  -0.03949
  -0.04407
  -0.03015
  -0.00358
   0.02449
   0.04229
   0.04233
   0.02462
  -0.00343
  -0.03004
  -0.04404
  -0.03956
  -0.01847
   0.01037
   0.03486
   0.04471
   0.03581
   0.01187
  -0.01704
  -0.03881
  -0.04429
  -0.03118
  -0.00498
   0.02330
   0.04181
   0.04277
   0.02578
  -0.00203
  -0.02899
  -0.04378
  -0.04019
  -0.01974
   0.00900
   0.03396
   0.04467
   0.03663
   0.01322
  -0.01574
  -0.03809
  -0.04446
  -0.03217
  -0.00638
   0.02209
   0.04129
   0.04316
   0.02691
  -0.00063
  -0.02790
  -0.04347
  -0.04079
  -0.02099
   0.00762
   0.03303
   0.04458
   0.03742
   0.01456
  -0.01442
  -0.03734
  -0.04459
  -0.03313
  -0.00776
   0.02086
   0.04073
   0.04350
   0.02802
   0.00078
  -0.02679
  -0.04312
  -0.04135
  -0.02222
   0.00623
   0.03206
   0.04444
   0.03817
   0.01588
  -0.01308
  -0.03655
  -0.04468
  -0.03405
  -0.00914
   0.01961
   0.04013
   0.04381
   0.02910
   0.00218
  -0.02565
  -0.04272
  -0.04186
  -0.02343
   0.00483
   0.03107
   0.04426
   0.03888
   0.01718
  -0.01173
  -0.03572
  -0.04472
  -0.03495
  -0.01051
   0.01834
   0.03949
   0.04407
   0.03015
   0.00358
  -0.02449
  -0.04229
  -0.04233
  -0.02462
   0.00343
   0.03004
   0.04404
   0.03956
   0.01847
  -0.01037
  -0.03486
  -0.04471
  -0.03581
  -0.01187
   0.01704
   0.03881
   0.04429
   0.03118
   0.00498
  -0.02330
  -0.04181
  -0.04277
  -0.02578
   0.00203
   0.02899
   0.04378
   0.04019
   0.01974
  -0.00900
  -0.03396
  -0.04467
  -0.03663
  -0.01322
   0.01574
   0.03809
   0.04446
   0.03217
   0.00638
  -0.02209
  -0.04129
  -0.04316
  -0.02691
   0.00063
   0.02790
   0.04347
   0.04079
   0.02099
  -0.00762
  -0.03303
  -0.04458
  -0.03742
  -0.01456
   0.01442
   0.03734
   0.04459
   0.03313
   0.00776
  -0.02086
  -0.04073
  -0.04350
  -0.02802
  -0.00078
   0.02679
   0.04312
   0.04135
   0.02222
  -0.00623
  -0.03206
  -0.04444
  -0.03817
  -0.01588
   0.01308
   0.03655
   0.04468
   0.03405
   0.00914
  -0.01961
  -0.04013
  -0.04381
  -0.02910
  -0.00218
   0.02565
   0.04272
   0.04186
   0.02343
  -0.00483
  -0.03107
  -0.04426
  -0.03888
  -0.01718
   0.01173
   0.03572
   0.04472
   0.03495
   0.01051
  -0.01834
  -0.03949
  -0.04407
  -0.03015
  -0.00358
   0.02449
   0.04229
   0.04233
   0.02462
  -0.00343
  -0.03004
  -0.04404
  -0.03956
  -0.01847
   0.01037
   0.03486
   0.04471
   0.03581
   0.01187
  -0.01704
  -0.03881
  -0.04429
  -0.03118
  -0.00498
   0.02330
   0.04181
   0.04277
   0.02578
  -0.00203
  -0.02899
  -0.04378
  -0.04019
  -0.01974
   0.00900
   0.03396
   0.04467
   0.03663
   0.01322
  -0.01574
  -0.03809
  -0.04446
  -0.03217
  -0.00638
   0.02209
   0.04129
   0.04316
   0.02691
  -0.00063
  -0.02790
  -0.04347
  -0.04079
  -0.02099
   0.00762
   0.03303
   0.04458
   0.03742
   0.01456
  -0.01442
  -0.03734
  -0.04459
  -0.03313
  -0.00776
   0.02086
   0.04073
   0.04350
   0.02802
   0.00078
  -0.02679
  -0.04312
  -0.04135
  -0.02222
   0.00623
   0.03206
   0.04444
   0.03817
   0.01588
  -0.01308
  -0.03655
  -0.04468
  -0.03405
  -0.00914
   0.01961
   0.04013
   0.04381
   0.02910
   0.00218
  -0.02565
  -0.04272
  -0.04186
  -0.02343
   0.00483
   0.03107
   0.04426
   0.03888
   0.01718
  -0.01173
  -0.03572
  -0.04472
  -0.03495
  -0.01051
   0.01834
   0.03949
   0.04407
   0.03015
   0.00358
  -0.02449
  -0.04229
  -0.04233
  -0.02462
   0.00343
   0.03004
   0.04404
   0.03956
   0.01847
  -0.01037
  -0.03486
  -0.04471
  -0.03581
  -0.01187
   0.01704
   0.03881
   0.04429
   0.03118
   0.00498
  -0.02330
  -0.04181
  -0.04277
  -0.02578
   0.00203
   0.02899
   0.04378
   0.04019
   0.01974
  -0.00900
  -0.03396
  -0.04467
  -0.03663
  -0.01322
   0.01574
   0.03809
   0.04446
   0.03217
   0.00638
  -0.02209
  -0.04129
  -0.04316
  -0.02691
   0.00063
   0.02790
   0.04347
   0.04079
   0.02099
  -0.00762
  -0.03303
  -0.04458
  -0.03742
  -0.01456
   0.01442
   0.03734
   0.04459
   0.03313
   0.00776
  -0.02086
  -0.04073
  -0.04350
  -0.02802
  -0.00078
   0.02679
   0.04312
   0.04135
   0.02222
  -0.00623
  -0.03206
  -0.04444
  -0.03817
  -0.01588
   0.01308
   0.03655
   0.04468
   0.03405
   0.00914
  -0.01961
  -0.04013
  -0.04381
  -0.02910
  -0.00218
   0.02565
   0.04272
   0.04186
   0.02343
  -0.00483
  -0.03107
  -0.04426
  -0.03888
  -0.01718
   0.01173
   0.03572
   0.04472
   0.03495
   0.01051
  -0.01834
  -0.03949
  -0.04407
  -0.03015
  -0.00358
   0.02449
   0.04229
   0.04233
   0.02462
  -0.00343
  -0.03004
  -0.04404
  -0.03956
  -0.01847
   0.01037
   0.03486
   0.04471
   0.03581
   0.01187
  -0.01704
  -0.03881
  -0.04429
  -0.03118
  -0.00498
   0.02330
   0.04181
   0.04277
   0.02578
  -0.00203
  -0.02899
  -0.04378
  -0.04019
  -0.01974
   0.00900
   0.03396
   0.04467
   0.03663
   0.01322
  -0.01574
  -0.03809
  -0.04446
  -0.03217
  -0.00638
   0.02209
   0.04129
   0.04316
   0.02691
  -0.00063
  -0.02790
  -0.04347
  -0.04079
  -0.02099
   0.00762
   0.03303
   0.04458
   0.03742
   0.01456
  -0.01442
  -0.03734
  -0.04459
  -0.03313
  -0.00776
   0.02086
   0.04073
   0.04350
   0.02802
   0.00078
  -0.02679
  -0.04312
  -0.04135
  -0.02222
   0.00623
   0.03206
   0.04444
   0.03817
   0.01588
  -0.01308
  -0.03655
  -0.04468
  -0.03405
  -0.00914
   0.01961
   0.04013
   0.04381
   0.02910
   0.00218
  -0.02565
  -0.04272
  -0.04186
  -0.02343
   0.00483
   0.03107
   0.04426
   0.03888
   0.01718
  -0.01173
  -0.03572
  -0.04472
  -0.03495
  -0.01051
   0.01834
   0.03949
   0.04407
   0.03015
   0.00358
  -0.02449
  -0.04229
  -0.04233
  -0.02462
   0.00343
   0.03004
   0.04404
   0.03956
   0.01847
  -0.01037
  -0.03486
  -0.04471
  -0.03581
  -0.01187
   0.01704
   0.03881
   0.04429
   0.03118
   0.00498
  -0.02330
  -0.04181
  -0.04277
  -0.02578
   0.00203
   0.02899
   0.04378
   0.04019
   0.01974
  -0.00900
  -0.03396
  -0.04467
  -0.03663
  -0.01322
   0.01574
   0.03809
   0.04446
   0.03217
   0.00638
  -0.02209
  -0.04129
  -0.04316
  -0.02691
   0.00063
   0.02790
   0.04347
   0.04079
   0.02099
  -0.00762
  -0.03303
  -0.04458
  -0.03742
  -0.01456
   0.01442
   0.03734
   0.04459
   0.03313
   0.00776
  -0.02086
  -0.04073
  -0.04350
  -0.02802
  -0.00078
   0.02679
   0.04312
   0.04135
   0.02222
  -0.00623
  -0.03206
  -0.04444
  -0.03817
  -0.01588
   0.01308
   0.03655
   0.04468
   0.03405
   0.00914
  -0.01961
  -0.04013
  -0.04381
  -0.02910
  -0.00218
   0.02565
   0.04272
   0.04186
   0.02343
  -0.00483
  -0.03107
  -0.04426
  -0.03888
  -0.01718
   0.01173
   0.03572
   0.04472
   0.03495
   0.01051
  -0.01834
  -0.03949
  -0.04407
  -0.03015
  -0.00358
   0.02449
   0.04229
   0.04233
   0.02462
  -0.00343
  -0.03004
  -0.04404
  -0.03956
  -0.01847
   0.01037
   0.03486
   0.04471
