   0.02665
  -0.04343
   0.04027
  -0.01863
  -0.01156
   0.03645
  -0.04460
   0.03229
  -0.00515
  -0.02435
   0.04267
  -0.04141
   0.02114
   0.00883
  -0.03475
   0.04472
  -0.03417
   0.00793
   0.02194
  -0.04175
   0.04239
  -0.02358
  -0.00606
   0.03291
  -0.04466
   0.03591
  -0.01068
  -0.01945
   0.04066
  -0.04320
   0.02592
   0.00326
  -0.03095
   0.04442
  -0.03751
   0.01338
   0.01689
  -0.03941
   0.04384
  -0.02815
  -0.00046
   0.02886
  -0.04401
   0.03897
  -0.01604
  -0.01425
   0.03800
  -0.04431
   0.03028
  -0.00235
  -0.02665
   0.04343
  -0.04027
   0.01863
   0.01156
  -0.03645
   0.04460
  -0.03229
   0.00515
   0.02435
  -0.04267
   0.04141
  -0.02114
  -0.00883
   0.03475
  -0.04472
   0.03417
  -0.00793
  -0.02194
   0.04175
  -0.04239
   0.02358
   0.00606
  -0.03291
   0.04466
  -0.03591
   0.01068
   0.01945
  -0.04066
   0.04320
  -0.02592
  -0.00326
   0.03095
  -0.04442
   0.03751
  -0.01338
  -0.01689
   0.03941
  -0.04384
   0.02815
   0.00046
  -0.02886
   0.04401
  -0.03897
   0.01604
   0.01425
  -0.03800
   0.04431
  -0.03028
   0.00235
   0.02665
  -0.04343
   0.04027
  -0.01863
  -0.01156
   0.03645
  -0.04460
   0.03229
  -0.00515
  -0.02435
   0.04267
  -0.04141
   0.02114
   0.00883
  -0.03475
   0.04472
  -0.03417
   0.00793
   0.02194
  -0.04175
   0.04239
  -0.02358
  -0.00606
   0.03291
  -0.04466
   0.03591
  -0.01068
  -0.01945
   0.04066
  -0.04320
   0.02592
   0.00326
  -0.03095
   0.04442
  -0.03751
   0.01338
   0.01689
  -0.03941
   0.04384
  -0.02815
  -0.00046
   0.02886
  -0.04401
   0.03897
  -0.01604
  -0.01425
   0.03800
  -0.04431
   0.03028
  -0.00235
  -0.02665
   0.04343
  -0.04027
   0.01863
   0.01156
  -0.03645
   0.04460
  -0.03229
   0.00515
   0.02435
  -0.04267
   0.04141
  -0.02114
  -0.00883
   0.03475
  -0.04472
   0.03417
  -0.00793
  -0.02194
   0.04175
  -0.04239
   0.02358
   0.00606
  -0.03291
   0.04466
  -0.03591
   0.01068
   0.01945
  -0.04066
   0.04320
  -0.02592
  -0.00326
   0.03095
  -0.04442
   0.03751
  -0.01338
  -0.01689
   0.03941
  -0.04384
   0.02815
   0.00046
  -0.02886
   0.04401
  -0.03897
   0.01604
   0.01425
  -0.03800
   0.04431
  -0.03028
   0.00235
   0.02665
  -0.04343
   0.04027
  -0.01863
  -0.01156
   0.03645
  -0.04460
   0.03229
  -0.00515
  -0.02435
   0.04267
  -0.04141
   0.02114
   0.00883
  -0.03475
   0.04472
  -0.03417
   0.00793
   0.02194
  -0.04175
   0.04239
  -0.02358
  -0.00606
   0.03291
  -0.04466
   0.03591
  -0.01068
  -0.01945
   0.04066
  -0.04320
   0.02592
   0.00326
  -0.03095
   0.04442
  -0.03751
   0.01338
   0.01689
  -0.03941
   0.04384
  -0.02815
  -0.00046
   0.02886
  -0.04401
   0.03897
  -0.01604
  -0.01425
   0.03800
  -0.04431
   0.03028
  -0.00235
  -0.02665
   0.04343
  -0.04027
   0.01863
   0.01156
  -0.03645
   0.04460
  -0.03229
   0.00515
   0.02435
  -0.04267
   0.04141
  -0.02114
  -0.00883
   0.03475
  -0.04472
   0.03417
  -0.00793
  -0.02194
   0.04175
  -0.04239
   0.02358
   0.00606
  -0.03291
   0.04466
  -0.03591
   0.01068
   0.01945
  -0.04066
   0.04320
  -0.02592
  -0.00326
   0.03095
  -0.04442
   0.03751
  -0.01338
  -0.01689
   0.03941
  -0.04384
   0.02815
   0.00046
  -0.02886
   0.04401
  -0.03897
   0.01604
   0.01425
  -0.03800
   0.04431
  -0.03028
   0.00235
   0.02665
  -0.04343
   0.04027
  -0.01863
  -0.01156
   0.03645
  -0.04460
   0.03229
  -0.00515
  -0.02435
   0.04267
  -0.04141
   0.02114
   0.00883
  -0.03475
   0.04472
  -0.03417
   0.00793
   0.02194
  -0.04175
   0.04239
  -0.02358
  -0.00606
   0.03291
  -0.04466
   0.03591
  -0.01068
  -0.01945
   0.04066
  -0.04320
   0.02592
   0.00326
  -0.03095
   0.04442
  -0.03751
   0.01338
   0.01689
  -0.03941
   0.04384
  -0.02815
  -0.00046
   0.02886
  -0.04401
   0.03897
  -0.01604
  -0.01425
   0.03800
  -0.04431
   0.03028
  -0.00235
  -0.02665
   0.04343
  -0.04027
   0.01863
   0.01156
  -0.03645
   0.04460
  -0.03229
   0.00515
   0.02435
  -0.04267
   0.04141
  -0.02114
  -0.00883
   0.03475
  -0.04472
   0.03417
  -0.00793
  -0.02194
   0.04175
  -0.04239
   0.02358
   0.00606
  -0.03291
   0.04466
  -0.03591
   0.01068
   0.01945
  -0.04066
   0.04320
  -0.02592
  -0.00326
   0.03095
  -0.04442
   0.03751
  -0.01338
  -0.01689
   0.03941
  -0.04384
   0.02815
   0.00046
  -0.02886
   0.04401
  -0.03897
   0.01604
   0.01425
  -0.03800
   0.04431
  -0.03028
   0.00235
   0.02665
  -0.04343
   0.04027
  -0.01863
  -0.01156
   0.03645
  -0.04460
   0.03229
  -0.00515
  -0.02435
   0.04267
  -0.04141
   0.02114
   0.00883
  -0.03475
   0.04472
  -0.03417
   0.00793
   0.02194
  -0.04175
   0.04239
  -0.02358
  -0.00606
   0.03291
  -0.04466
   0.03591
  -0.01068
  -0.01945
   0.04066
  -0.04320
   0.02592
   0.00326
  -0.03095
   0.04442
  -0.03751
   0.01338
   0.01689
  -0.03941
   0.04384
  -0.02815
  -0.00046
   0.02886
  -0.04401
   0.03897
  -0.01604
  -0.01425
   0.03800
  -0.04431
   0.03028
  -0.00235
  -0.02665
   0.04343
  -0.04027
   0.01863
   0.01156
  -0.03645
   0.04460
  -0.03229
   0.00515
   0.02435
  -0.04267
   0.04141
  -0.02114
  -0.00883
   0.03475
  -0.04472
   0.03417
  -0.00793
  -0.02194
   0.04175
  -0.04239
   0.02358
   0.00606
  -0.03291
   0.04466
  -0.03591
   0.01068
   0.01945
  -0.04066
   0.04320
  -0.02592
  -0.00326
   0.03095
  -0.04442
   0.03751
  -0.01338
  -0.01689
   0.03941
  -0.04384
   0.02815
   0.00046
  -0.02886
   0.04401
  -0.03897
   0.01604
   0.01425
  -0.03800
   0.04431
  -0.03028
   0.00235
   0.02665
  -0.04343
   0.04027
  -0.01863
  -0.01156
   0.03645
  -0.04460
   0.03229
  -0.00515
  -0.02435
   0.04267
  -0.04141
   0.02114
   0.00883
  -0.03475
   0.04472
  -0.03417
   0.00793
   0.02194
  -0.04175
   0.04239
  -0.02358
  -0.00606
   0.03291
  -0.04466
   0.03591
  -0.01068
  -0.01945
   0.04066
  -0.04320
   0.02592
   0.00326
  -0.03095
   0.04442
  -0.03751
   0.01338
   0.01689
  -0.03941
   0.04384
  -0.02815
  -0.00046
   0.02886
  -0.04401
   0.03897
  -0.01604
  -0.01425
   0.03800
  -0.04431
   0.03028
  -0.00235
  -0.02665
   0.04343
  -0.04027
   0.01863
   0.01156
  -0.03645
   0.04460
  -0.03229
   0.00515
   0.02435
  -0.04267
   0.04141
  -0.02114
  -0.00883
   0.03475
  -0.04472
   0.03417
  -0.00793
  -0.02194
   0.04175
  -0.04239
   0.02358
   0.00606
  -0.03291
   0.04466
  -0.03591
   0.01068
   0.01945
  -0.04066
   0.04320
  -0.02592
  -0.00326
   0.03095
  -0.04442
   0.03751
  -0.01338
  -0.01689
   0.03941
  -0.04384
   0.02815
   0.00046
  -0.02886
   0.04401
  -0.03897
   0.01604
   0.01425
  -0.03800
   0.04431
  -0.03028
   0.00235
   0.02665
  -0.04343
   0.04027
  -0.01863
  -0.01156
   0.03645
  -0.04460
   0.03229
  -0.00515
  -0.02435
   0.04267
  -0.04141
   0.02114
   0.00883
  -0.03475
   0.04472
  -0.03417
   0.00793
   0.02194
  -0.04175
   0.04239
  -0.02358
  -0.00606
   0.03291
  -0.04466
   0.03591
  -0.01068
  -0.01945
   0.04066
  -0.04320
   0.02592
   0.00326
  -0.03095
   0.04442
  -0.03751
   0.01338
   0.01689
  -0.03941
   0.04384
  -0.02815
  -0.00046
   0.02886
  -0.04401
   0.03897
  -0.01604
  -0.01425
   0.03800
  -0.04431
   0.03028
  -0.00235
  -0.02665
   0.04343
  -0.04027
   0.01863
   0.01156
  -0.03645
   0.04460
  -0.03229
   0.00515
   0.02435
  -0.04267
   0.04141
  -0.02114
  -0.00883
   0.03475
  -0.04472
   0.03417
  -0.00793
  -0.02194
   0.04175
  -0.04239
   0.02358
   0.00606
  -0.03291
   0.04466
  -0.03591
   0.01068
   0.01945
  -0.04066
   0.04320
  -0.02592
  -0.00326
   0.03095
  -0.04442
   0.03751
  -0.01338
  -0.01689
   0.03941
  -0.04384
   0.02815
   0.00046
  -0.02886
   0.04401
  -0.03897
   0.01604
   0.01425
  -0.03800
   0.04431
  -0.03028
   0.00235
   0.02665
  -0.04343
   0.04027
  -0.01863
  -0.01156
   0.03645
  -0.04460
   0.03229
  -0.00515
  -0.02435
   0.04267
  -0.04141
   0.02114
   0.00883
  -0.03475
   0.04472
  -0.03417
   0.00793
   0.02194
  -0.04175
   0.04239
  -0.02358
  -0.00606
   0.03291
  -0.04466
   0.03591
  -0.01068
  -0.01945
   0.04066
  -0.04320
   0.02592
   0.00326
  -0.03095
   0.04442
  -0.03751
   0.01338
   0.01689
  -0.03941
   0.04384
  -0.02815
  -0.00046
   0.02886
  -0.04401
   0.03897
  -0.01604
  -0.01425
   0.03800
  -0.04431
   0.03028
  -0.00235
  -0.02665
   0.04343
  -0.04027
   0.01863
   0.01156
  -0.03645
   0.04460
  -0.03229
   0.00515
   0.02435
  -0.04267
   0.04141
  -0.02114
  -0.00883
   0.03475
  -0.04472
   0.03417
  -0.00793
  -0.02194
   0.04175
  -0.04239
   0.02358
   0.00606
  -0.03291
   0.04466
  -0.03591
   0.01068
   0.01945
  -0.04066
   0.04320
  -0.02592
  -0.00326
   0.03095
  -0.04442
   0.03751
  -0.01338
  -0.01689
   0.03941
  -0.04384
   0.02815
   0.00046
  -0.02886
   0.04401
  -0.03897
   0.01604
   0.01425
  -0.03800
   0.04431
  -0.03028
   0.00235
   0.02665
  -0.04343
   0.04027
  -0.01863
  -0.01156
   0.03645
  -0.04460
   0.03229
  -0.00515
  -0.02435
   0.04267
  -0.04141
   0.02114
   0.00883
  -0.03475
   0.04472
  -0.03417
   0.00793
   0.02194
  -0.04175
   0.04239
  -0.02358
  -0.00606
   0.03291
  -0.04466
   0.03591
  -0.01068
  -0.01945
   0.04066
  -0.04320
   0.02592
   0.00326
  -0.03095
   0.04442
  -0.03751
   0.01338
   0.01689
  -0.03941
   0.04384
  -0.02815
  -0.00046
   0.02886
  -0.04401
   0.03897
  -0.01604
  -0.01425
   0.03800
  -0.04431
   0.03028
  -0.00235
  -0.02665
   0.04343
  -0.04027
   0.01863
   0.01156
  -0.03645
   0.04460
  -0.03229
   0.00515
   0.02435
  -0.04267
   0.04141
  -0.02114
  -0.00883
   0.03475
  -0.04472
   0.03417
  -0.00793
  -0.02194
   0.04175
  -0.04239
   0.02358
   0.00606
  -0.03291
   0.04466
  -0.03591
   0.01068
   0.01945
  -0.04066
   0.04320
  -0.02592
  -0.00326
   0.03095
  -0.04442
   0.03751
  -0.01338
  -0.01689
   0.03941
  -0.04384
   0.02815
   0.00046
  -0.02886
   0.04401
  -0.03897
   0.01604
   0.01425
  -0.03800
   0.04431
  -0.03028
   0.00235
   0.02665
  -0.04343
   0.04027
  -0.01863
  -0.01156
   0.03645
  -0.04460
   0.03229
  -0.00515
  -0.02435
   0.04267
  -0.04141
   0.02114
   0.00883
  -0.03475
   0.04472
  -0.03417
   0.00793
   0.02194
  -0.04175
   0.04239
  -0.02358
  -0.00606
   0.03291
  -0.04466
   0.03591
  -0.01068
  -0.01945
   0.04066
  -0.04320
   0.02592
   0.00326
  -0.03095
   0.04442
  -0.03751
   0.01338
   0.01689
  -0.03941
   0.04384
  -0.02815
  -0.00046
   0.02886
  -0.04401
   0.03897
  -0.01604
  -0.01425
   0.03800
  -0.04431
   0.03028
  -0.00235
  -0.02665
   0.04343
  -0.04027
   0.01863
   0.01156
  -0.03645
   0.04460
  -0.03229
   0.00515
   0.02435
  -0.04267
   0.04141
  -0.02114
  -0.00883
   0.03475
  -0.04472
   0.03417
  -0.00793
  -0.02194
   0.04175
  -0.04239
   0.02358
   0.00606
  -0.03291
   0.04466
  -0.03591
   0.01068
   0.01945
  -0.04066
   0.04320
  -0.02592
  -0.00326
   0.03095
  -0.04442
   0.03751
  -0.01338
  -0.01689
   0.03941
  -0.04384
   0.02815
   0.00046
  -0.02886
   0.04401
  -0.03897
   0.01604
   0.01425
  -0.03800
   0.04431
  -0.03028
   0.00235
