   0.03436
   0.04396
   0.02168
  -0.01632
  -0.04249
  -0.03784
  -0.00576
   0.03050
   0.04464
   0.02641
  -0.01097
  -0.04040
  -0.04053
  -0.01127
   0.02616
   0.04462
   0.03072
  -0.00545
  -0.03768
  -0.04258
  -0.01660
   0.02141
   0.04390
   0.03455
   0.00015
  -0.03436
  -0.04396
  -0.02168
   0.01632
   0.04249
   0.03784
   0.00576
  -0.03050
  -0.04464
  -0.02641
   0.01097
   0.04040
   0.04053
   0.01127
  -0.02616
  -0.04462
  -0.03072
   0.00545
   0.03768
   0.04258
   0.01660
  -0.02141
  -0.04390
  -0.03455
  -0.00015
   0.03436
   0.04396
   0.02168
  -0.01632
  -0.04249
  -0.03784
  -0.00576
   0.03050
   0.04464
   0.02641
  -0.01097
  -0.04040
  -0.04053
  -0.01127
   0.02616
   0.04462
   0.03072
  -0.00545
  -0.03768
  -0.04258
  -0.01660
   0.02141
   0.04390
   0.03455
   0.00015
  -0.03436
  -0.04396
  -0.02168
   0.01632
   0.04249
   0.03784
   0.00576
  -0.03050
  -0.04464
  -0.02641
   0.01097
   0.04040
   0.04053
   0.01127
  -0.02616
  -0.04462
  -0.03072
   0.00545
   0.03768
   0.04258
   0.01660
  -0.02141
  -0.04390
  -0.03455
  -0.00015
   0.03436
   0.04396
   0.02168
  -0.01632
  -0.04249
  -0.03784
  -0.00576
   0.03050
   0.04464
   0.02641
  -0.01097
  -0.04040
  -0.04053
  -0.01127
   0.02616
   0.04462
   0.03072
  -0.00545
  -0.03768
  -0.04258
  -0.01660
   0.02141
   0.04390
   0.03455
   0.00015
  -0.03436
  -0.04396
  -0.02168
   0.01632
   0.04249
   0.03784
   0.00576
  -0.03050
  -0.04464
  -0.02641
   0.01097
   0.04040
   0.04053
   0.01127
  -0.02616
  -0.04462
  -0.03072
   0.00545
   0.03768
   0.04258
   0.01660
  -0.02141
  -0.04390
  -0.03455
  -0.00015
   0.03436
   0.04396
   0.02168
  -0.01632
  -0.04249
  -0.03784
  -0.00576
   0.03050
   0.04464
   0.02641
  -0.01097
  -0.04040
  -0.04053
  -0.01127
   0.02616
   0.04462
   0.03072
  -0.00545
  -0.03768
  -0.04258
  -0.01660
   0.02141
   0.04390
   0.03455
   0.00015
  -0.03436
  -0.04396
  -0.02168
   0.01632
   0.04249
   0.03784
   0.00576
  -0.03050
  -0.04464
  -0.02641
   0.01097
   0.04040
   0.04053
   0.01127
  -0.02616
  -0.04462
  -0.03072
   0.00545
   0.03768
   0.04258
   0.01660
  -0.02141
  -0.04390
  -0.03455
  -0.00015
   0.03436
   0.04396
   0.02168
  -0.01632
  -0.04249
  -0.03784
  -0.00576
   0.03050
   0.04464
   0.02641
  -0.01097
  -0.04040
  -0.04053
  -0.01127
   0.02616
   0.04462
   0.03072
  -0.00545
  -0.03768
  -0.04258
  -0.01660
   0.02141
   0.04390
   0.03455
   0.00015
  -0.03436
  -0.04396
  -0.02168
   0.01632
   0.04249
   0.03784
   0.00576
  -0.03050
  -0.04464
  -0.02641
   0.01097
   0.04040
   0.04053
   0.01127
  -0.02616
  -0.04462
  -0.03072
   0.00545
   0.03768
   0.04258
   0.01660
  -0.02141
  -0.04390
  -0.03455
  -0.00015
   0.03436
   0.04396
   0.02168
  -0.01632
  -0.04249
  -0.03784
  -0.00576
   0.03050
   0.04464
   0.02641
  -0.01097
  -0.04040
  -0.04053
  -0.01127
   0.02616
   0.04462
   0.03072
  -0.00545
  -0.03768
  -0.04258
  -0.01660
   0.02141
   0.04390
   0.03455
   0.00015
  -0.03436
  -0.04396
  -0.02168
   0.01632
   0.04249
   0.03784
   0.00576
  -0.03050
  -0.04464
  -0.02641
   0.01097
   0.04040
   0.04053
   0.01127
  -0.02616
  -0.04462
  -0.03072
   0.00545
   0.03768
   0.04258
   0.01660
  -0.02141
  -0.04390
  -0.03455
  -0.00015
   0.03436
   0.04396
   0.02168
  -0.01632
  -0.04249
  -0.03784
  -0.00576
   0.03050
   0.04464
   0.02641
  -0.01097
  -0.04040
  -0.04053
  -0.01127
   0.02616
   0.04462
   0.03072
  -0.00545
  -0.03768
  -0.04258
  -0.01660
   0.02141
   0.04390
   0.03455
   0.00015
  -0.03436
  -0.04396
  -0.02168
   0.01632
   0.04249
   0.03784
   0.00576
  -0.03050
  -0.04464
  -0.02641
   0.01097
   0.04040
   0.04053
   0.01127
  -0.02616
  -0.04462
  -0.03072
   0.00545
   0.03768
   0.04258
   0.01660
  -0.02141
  -0.04390
  -0.03455
  -0.00015
   0.03436
   0.04396
   0.02168
  -0.01632
  -0.04249
  -0.03784
  -0.00576
   0.03050
   0.04464
   0.02641
  -0.01097
  -0.04040
  -0.04053
  -0.01127
   0.02616
   0.04462
   0.03072
  -0.00545
  -0.03768
  -0.04258
  -0.01660
   0.02141
   0.04390
   0.03455
   0.00015
  -0.03436
  -0.04396
  -0.02168
   0.01632
   0.04249
   0.03784
   0.00576
  -0.03050
  -0.04464
  -0.02641
   0.01097
   0.04040
   0.04053
   0.01127
  -0.02616
  -0.04462
  -0.03072
   0.00545
   0.03768
   0.04258
   0.01660
  -0.02141
  -0.04390
  -0.03455
  -0.00015
   0.03436
   0.04396
   0.02168
  -0.01632
  -0.04249
  -0.03784
  -0.00576
   0.03050
   0.04464
   0.02641
  -0.01097
  -0.04040
  -0.04053
  -0.01127
   0.02616
   0.04462
   0.03072
  -0.00545
  -0.03768
  -0.04258
  -0.01660
   0.02141
   0.04390
   0.03455
   0.00015
  -0.03436
  -0.04396
  -0.02168
   0.01632
   0.04249
   0.03784
   0.00576
  -0.03050
  -0.04464
  -0.02641
   0.01097
   0.04040
   0.04053
   0.01127
  -0.02616
  -0.04462
  -0.03072
   0.00545
   0.03768
   0.04258
   0.01660
  -0.02141
  -0.04390
  -0.03455
  -0.00015
   0.03436
   0.04396
   0.02168
  -0.01632
  -0.04249
  -0.03784
  -0.00576
   0.03050
   0.04464
   0.02641
  -0.01097
  -0.04040
  -0.04053
  -0.01127
   0.02616
   0.04462
   0.03072
  -0.00545
  -0.03768
  -0.04258
  -0.01660
   0.02141
   0.04390
   0.03455
   0.00015
  -0.03436
  -0.04396
  -0.02168
   0.01632
   0.04249
   0.03784
   0.00576
  -0.03050
  -0.04464
  -0.02641
   0.01097
   0.04040
   0.04053
   0.01127
  -0.02616
  -0.04462
  -0.03072
   0.00545
   0.03768
   0.04258
   0.01660
  -0.02141
  -0.04390
  -0.03455
  -0.00015
   0.03436
   0.04396
   0.02168
  -0.01632
  -0.04249
  -0.03784
  -0.00576
   0.03050
   0.04464
   0.02641
  -0.01097
  -0.04040
  -0.04053
  -0.01127
   0.02616
   0.04462
   0.03072
  -0.00545
  -0.03768
  -0.04258
  -0.01660
   0.02141
   0.04390
   0.03455
   0.00015
  -0.03436
  -0.04396
  -0.02168
   0.01632
   0.04249
   0.03784
   0.00576
  -0.03050
  -0.04464
  -0.02641
   0.01097
   0.04040
   0.04053
   0.01127
  -0.02616
  -0.04462
  -0.03072
   0.00545
   0.03768
   0.04258
   0.01660
  -0.02141
  -0.04390
  -0.03455
  -0.00015
   0.03436
   0.04396
   0.02168
  -0.01632
  -0.04249
  -0.03784
  -0.00576
   0.03050
   0.04464
   0.02641
  -0.01097
  -0.04040
  -0.04053
  -0.01127
   0.02616
   0.04462
   0.03072
  -0.00545
  -0.03768
  -0.04258
  -0.01660
   0.02141
   0.04390
   0.03455
   0.00015
  -0.03436
  -0.04396
  -0.02168
   0.01632
   0.04249
   0.03784
   0.00576
  -0.03050
  -0.04464
  -0.02641
   0.01097
   0.04040
   0.04053
   0.01127
  -0.02616
  -0.04462
  -0.03072
   0.00545
   0.03768
   0.04258
   0.01660
  -0.02141
  -0.04390
  -0.03455
  -0.00015
   0.03436
   0.04396
   0.02168
  -0.01632
  -0.04249
  -0.03784
  -0.00576
   0.03050
   0.04464
   0.02641
  -0.01097
  -0.04040
  -0.04053
  -0.01127
   0.02616
   0.04462
   0.03072
  -0.00545
  -0.03768
  -0.04258
  -0.01660
   0.02141
   0.04390
   0.03455
   0.00015
  -0.03436
  -0.04396
  -0.02168
   0.01632
   0.04249
   0.03784
   0.00576
  -0.03050
  -0.04464
  -0.02641
   0.01097
   0.04040
   0.04053
   0.01127
  -0.02616
  -0.04462
  -0.03072
   0.00545
   0.03768
   0.04258
   0.01660
  -0.02141
  -0.04390
  -0.03455
  -0.00015
   0.03436
   0.04396
   0.02168
  -0.01632
  -0.04249
  -0.03784
  -0.00576
   0.03050
   0.04464
   0.02641
  -0.01097
  -0.04040
  -0.04053
  -0.01127
   0.02616
   0.04462
   0.03072
  -0.00545
  -0.03768
  -0.04258
  -0.01660
   0.02141
   0.04390
   0.03455
   0.00015
  -0.03436
  -0.04396
  -0.02168
   0.01632
   0.04249
   0.03784
   0.00576
  -0.03050
  -0.04464
  -0.02641
   0.01097
   0.04040
   0.04053
   0.01127
  -0.02616
  -0.04462
  -0.03072
   0.00545
   0.03768
   0.04258
   0.01660
  -0.02141
  -0.04390
  -0.03455
  -0.00015
   0.03436
   0.04396
   0.02168
  -0.01632
  -0.04249
  -0.03784
  -0.00576
   0.03050
   0.04464
   0.02641
  -0.01097
  -0.04040
  -0.04053
  -0.01127
   0.02616
   0.04462
   0.03072
  -0.00545
  -0.03768
  -0.04258
  -0.01660
   0.02141
   0.04390
   0.03455
   0.00015
  -0.03436
  -0.04396
  -0.02168
   0.01632
   0.04249
   0.03784
   0.00576
  -0.03050
  -0.04464
  -0.02641
   0.01097
   0.04040
   0.04053
   0.01127
  -0.02616
  -0.04462
  -0.03072
   0.00545
   0.03768
   0.04258
   0.01660
  -0.02141
  -0.04390
  -0.03455
  -0.00015
   0.03436
   0.04396
   0.02168
  -0.01632
  -0.04249
  -0.03784
  -0.00576
   0.03050
   0.04464
   0.02641
  -0.01097
  -0.04040
  -0.04053
  -0.01127
   0.02616
   0.04462
   0.03072
  -0.00545
  -0.03768
  -0.04258
  -0.01660
   0.02141
   0.04390
   0.03455
   0.00015
  -0.03436
  -0.04396
  -0.02168
   0.01632
   0.04249
   0.03784
   0.00576
  -0.03050
  -0.04464
  -0.02641
   0.01097
   0.04040
   0.04053
   0.01127
  -0.02616
  -0.04462
  -0.03072
   0.00545
   0.03768
   0.04258
   0.01660
  -0.02141
  -0.04390
  -0.03455
  -0.00015
   0.03436
   0.04396
   0.02168
  -0.01632
  -0.04249
  -0.03784
  -0.00576
   0.03050
   0.04464
   0.02641
  -0.01097
  -0.04040
  -0.04053
  -0.01127
   0.02616
   0.04462
   0.03072
  -0.00545
  -0.03768
  -0.04258
  -0.01660
   0.02141
   0.04390
   0.03455
   0.00015
  -0.03436
  -0.04396
  -0.02168
   0.01632
   0.04249
   0.03784
   0.00576
  -0.03050
  -0.04464
  -0.02641
   0.01097
   0.04040
   0.04053
   0.01127
  -0.02616
  -0.04462
  -0.03072
   0.00545
   0.03768
   0.04258
   0.01660
  -0.02141
  -0.04390
  -0.03455
  -0.00015
   0.03436
   0.04396
   0.02168
  -0.01632
  -0.04249
  -0.03784
  -0.00576
   0.03050
   0.04464
   0.02641
  -0.01097
  -0.04040
  -0.04053
  -0.01127
   0.02616
   0.04462
   0.03072
  -0.00545
  -0.03768
  -0.04258
  -0.01660
   0.02141
   0.04390
   0.03455
   0.00015
  -0.03436
  -0.04396
  -0.02168
   0.01632
   0.04249
   0.03784
   0.00576
  -0.03050
  -0.04464
  -0.02641
   0.01097
   0.04040
   0.04053
   0.01127
  -0.02616
  -0.04462
  -0.03072
   0.00545
   0.03768
   0.04258
   0.01660
  -0.02141
  -0.04390
  -0.03455
  -0.00015
   0.03436
   0.04396
   0.02168
  -0.01632
  -0.04249
  -0.03784
  -0.00576
   0.03050
   0.04464
   0.02641
  -0.01097
  -0.04040
  -0.04053
  -0.01127
   0.02616
   0.04462
   0.03072
  -0.00545
  -0.03768
  -0.04258
  -0.01660
   0.02141
   0.04390
   0.03455
   0.00015
  -0.03436
  -0.04396
  -0.02168
   0.01632
   0.04249
   0.03784
   0.00576
  -0.03050
  -0.04464
  -0.02641
   0.01097
   0.04040
   0.04053
   0.01127
  -0.02616
  -0.04462
  -0.03072
   0.00545
   0.03768
   0.04258
   0.01660
  -0.02141
  -0.04390
  -0.03455
  -0.00015
   0.03436
   0.04396
   0.02168
  -0.01632
  -0.04249
  -0.03784
  -0.00576
   0.03050
   0.04464
   0.02641
  -0.01097
  -0.04040
  -0.04053
  -0.01127
   0.02616
   0.04462
   0.03072
  -0.00545
  -0.03768
  -0.04258
  -0.01660
   0.02141
   0.04390
   0.03455
   0.00015
  -0.03436
  -0.04396
  -0.02168
   0.01632
   0.04249
   0.03784
   0.00576
  -0.03050
  -0.04464
  -0.02641
   0.01097
   0.04040
   0.04053
   0.01127
  -0.02616
  -0.04462
  -0.03072
   0.00545
   0.03768
   0.04258
   0.01660
  -0.02141
  -0.04390
  -0.03455
  -0.00015
