   0.00583
   0.01243
   0.01874
   0.02463
   0.02996
   0.03461
   0.03847
   0.04146
   0.04351
   0.04457
   0.04462
   0.04366
   0.04170
   0.03880
   0.03502
   0.03045
   0.02518
   0.01934
   0.01306
   0.00649
  -0.00023
  -0.00695
  -0.01350
  -0.01976
  -0.02556
  -0.03078
  -0.03531
  -0.03903
  -0.04187
  -0.04375
  -0.04465
  -0.04453
  -0.04340
  -0.04128
  -0.03823
  -0.03431
  -0.02961
  -0.02424
  -0.01832
  -0.01198
  -0.00538
   0.00135
   0.00805
   0.01457
   0.02076
   0.02647
   0.03159
   0.03598
   0.03957
   0.04225
   0.04397
   0.04470
   0.04441
   0.04311
   0.04084
   0.03764
   0.03358
   0.02876
   0.02329
   0.01729
   0.01090
   0.00426
  -0.00248
  -0.00916
  -0.01563
  -0.02175
  -0.02737
  -0.03237
  -0.03664
  -0.04008
  -0.04260
  -0.04416
  -0.04472
  -0.04426
  -0.04280
  -0.04037
  -0.03702
  -0.03283
  -0.02789
  -0.02232
  -0.01625
  -0.00980
  -0.00314
   0.00360
   0.01025
   0.01668
   0.02272
   0.02825
   0.03314
   0.03727
   0.04056
   0.04293
   0.04433
   0.04471
   0.04409
   0.04246
   0.03987
   0.03637
   0.03205
   0.02700
   0.02134
   0.01520
   0.00870
   0.00202
  -0.00472
  -0.01135
  -0.01771
  -0.02368
  -0.02911
  -0.03388
  -0.03788
  -0.04102
  -0.04323
  -0.04446
  -0.04468
  -0.04389
  -0.04209
  -0.03935
  -0.03571
  -0.03126
  -0.02610
  -0.02035
  -0.01413
  -0.00760
  -0.00089
   0.00583
   0.01243
   0.01874
   0.02463
   0.02996
   0.03461
   0.03847
   0.04146
   0.04351
   0.04457
   0.04462
   0.04366
   0.04170
   0.03880
   0.03502
   0.03045
   0.02518
   0.01934
   0.01306
   0.00649
  -0.00023
  -0.00695
  -0.01350
  -0.01976
  -0.02556
  -0.03078
  -0.03531
  -0.03903
  -0.04187
  -0.04375
  -0.04465
  -0.04453
  -0.04340
  -0.04128
  -0.03823
  -0.03431
  -0.02961
  -0.02424
  -0.01832
  -0.01198
  -0.00538
   0.00135
   0.00805
   0.01457
   0.02076
   0.02647
   0.03159
   0.03598
   0.03957
   0.04225
   0.04397
   0.04470
   0.04441
   0.04311
   0.04084
   0.03764
   0.03358
   0.02876
   0.02329
   0.01729
   0.01090
   0.00426
  -0.00248
  -0.00916
  -0.01563
  -0.02175
  -0.02737
  -0.03237
  -0.03664
  -0.04008
  -0.04260
  -0.04416
  -0.04472
  -0.04426
  -0.04280
  -0.04037
  -0.03702
  -0.03283
  -0.02789
  -0.02232
  -0.01625
  -0.00980
  -0.00314
   0.00360
   0.01025
   0.01668
   0.02272
   0.02825
   0.03314
   0.03727
   0.04056
   0.04293
   0.04433
   0.04471
   0.04409
   0.04246
   0.03987
   0.03637
   0.03205
   0.02700
   0.02134
   0.01520
   0.00870
   0.00202
  -0.00472
  -0.01135
  -0.01771
  -0.02368
  -0.02911
  -0.03388
  -0.03788
  -0.04102
  -0.04323
  -0.04446
  -0.04468
  -0.04389
  -0.04209
  -0.03935
  -0.03571
  -0.03126
  -0.02610
  -0.02035
  -0.01413
  -0.00760
  -0.00089
   0.00583
   0.01243
   0.01874
   0.02463
   0.02996
   0.03461
   0.03847
   0.04146
   0.04351
   0.04457
   0.04462
   0.04366
   0.04170
   0.03880
   0.03502
   0.03045
   0.02518
   0.01934
   0.01306
   0.00649
  -0.00023
  -0.00695
  -0.01350
  -0.01976
  -0.02556
  -0.03078
  -0.03531
  -0.03903
  -0.04187
  -0.04375
  -0.04465
  -0.04453
  -0.04340
  -0.04128
  -0.03823
  -0.03431
  -0.02961
  -0.02424
  -0.01832
  -0.01198
  -0.00538
   0.00135
   0.00805
   0.01457
   0.02076
   0.02647
   0.03159
   0.03598
   0.03957
   0.04225
   0.04397
   0.04470
   0.04441
   0.04311
   0.04084
   0.03764
   0.03358
   0.02876
   0.02329
   0.01729
   0.01090
   0.00426
  -0.00248
  -0.00916
  -0.01563
  -0.02175
  -0.02737
  -0.03237
  -0.03664
  -0.04008
  -0.04260
  -0.04416
  -0.04472
  -0.04426
  -0.04280
  -0.04037
  -0.03702
  -0.03283
  -0.02789
  -0.02232
  -0.01625
  -0.00980
  -0.00314
   0.00360
   0.01025
   0.01668
   0.02272
   0.02825
   0.03314
   0.03727
   0.04056
   0.04293
   0.04433
   0.04471
   0.04409
   0.04246
   0.03987
   0.03637
   0.03205
   0.02700
   0.02134
   0.01520
   0.00870
   0.00202
  -0.00472
  -0.01135
  -0.01771
  -0.02368
  -0.02911
  -0.03388
  -0.03788
  -0.04102
  -0.04323
  -0.04446
  -0.04468
  -0.04389
  -0.04209
  -0.03935
  -0.03571
  -0.03126
  -0.02610
  -0.02035
  -0.01413
  -0.00760
  -0.00089
   0.00583
   0.01243
   0.01874
   0.02463
   0.02996
   0.03461
   0.03847
   0.04146
   0.04351
   0.04457
   0.04462
   0.04366
   0.04170
   0.03880
   0.03502
   0.03045
   0.02518
   0.01934
   0.01306
   0.00649
  -0.00023
  -0.00695
  -0.01350
  -0.01976
  -0.02556
  -0.03078
  -0.03531
  -0.03903
  -0.04187
  -0.04375
  -0.04465
  -0.04453
  -0.04340
  -0.04128
  -0.03823
  -0.03431
  -0.02961
  -0.02424
  -0.01832
  -0.01198
  -0.00538
   0.00135
   0.00805
   0.01457
   0.02076
   0.02647
   0.03159
   0.03598
   0.03957
   0.04225
   0.04397
   0.04470
   0.04441
   0.04311
   0.04084
   0.03764
   0.03358
   0.02876
   0.02329
   0.01729
   0.01090
   0.00426
  -0.00248
  -0.00916
  -0.01563
  -0.02175
  -0.02737
  -0.03237
  -0.03664
  -0.04008
  -0.04260
  -0.04416
  -0.04472
  -0.04426
  -0.04280
  -0.04037
  -0.03702
  -0.03283
  -0.02789
  -0.02232
  -0.01625
  -0.00980
  -0.00314
   0.00360
   0.01025
   0.01668
   0.02272
   0.02825
   0.03314
   0.03727
   0.04056
   0.04293
   0.04433
   0.04471
   0.04409
   0.04246
   0.03987
   0.03637
   0.03205
   0.02700
   0.02134
   0.01520
   0.00870
   0.00202
  -0.00472
  -0.01135
  -0.01771
  -0.02368
  -0.02911
  -0.03388
  -0.03788
  -0.04102
  -0.04323
  -0.04446
  -0.04468
  -0.04389
  -0.04209
  -0.03935
  -0.03571
  -0.03126
  -0.02610
  -0.02035
  -0.01413
  -0.00760
  -0.00089
   0.00583
   0.01243
   0.01874
   0.02463
   0.02996
   0.03461
   0.03847
   0.04146
   0.04351
   0.04457
   0.04462
   0.04366
   0.04170
   0.03880
   0.03502
   0.03045
   0.02518
   0.01934
   0.01306
   0.00649
  -0.00023
  -0.00695
  -0.01350
  -0.01976
  -0.02556
  -0.03078
  -0.03531
  -0.03903
  -0.04187
  -0.04375
  -0.04465
  -0.04453
  -0.04340
  -0.04128
  -0.03823
  -0.03431
  -0.02961
  -0.02424
  -0.01832
  -0.01198
  -0.00538
   0.00135
   0.00805
   0.01457
   0.02076
   0.02647
   0.03159
   0.03598
   0.03957
   0.04225
   0.04397
   0.04470
   0.04441
   0.04311
   0.04084
   0.03764
   0.03358
   0.02876
   0.02329
   0.01729
   0.01090
   0.00426
  -0.00248
  -0.00916
  -0.01563
  -0.02175
  -0.02737
  -0.03237
  -0.03664
  -0.04008
  -0.04260
  -0.04416
  -0.04472
  -0.04426
  -0.04280
  -0.04037
  -0.03702
  -0.03283
  -0.02789
  -0.02232
  -0.01625
  -0.00980
  -0.00314
   0.00360
   0.01025
   0.01668
   0.02272
   0.02825
   0.03314
   0.03727
   0.04056
   0.04293
   0.04433
   0.04471
   0.04409
   0.04246
   0.03987
   0.03637
   0.03205
   0.02700
   0.02134
   0.01520
   0.00870
   0.00202
  -0.00472
  -0.01135
  -0.01771
  -0.02368
  -0.02911
  -0.03388
  -0.03788
  -0.04102
  -0.04323
  -0.04446
  -0.04468
  -0.04389
  -0.04209
  -0.03935
  -0.03571
  -0.03126
  -0.02610
  -0.02035
  -0.01413
  -0.00760
  -0.00089
   0.00583
   0.01243
   0.01874
   0.02463
   0.02996
   0.03461
   0.03847
   0.04146
   0.04351
   0.04457
   0.04462
   0.04366
   0.04170
   0.03880
   0.03502
   0.03045
   0.02518
   0.01934
   0.01306
   0.00649
  -0.00023
  -0.00695
  -0.01350
  -0.01976
  -0.02556
  -0.03078
  -0.03531
  -0.03903
  -0.04187
  -0.04375
  -0.04465
  -0.04453
  -0.04340
  -0.04128
  -0.03823
  -0.03431
  -0.02961
  -0.02424
  -0.01832
  -0.01198
  -0.00538
   0.00135
   0.00805
   0.01457
   0.02076
   0.02647
   0.03159
   0.03598
   0.03957
   0.04225
   0.04397
   0.04470
   0.04441
   0.04311
   0.04084
   0.03764
   0.03358
   0.02876
   0.02329
   0.01729
   0.01090
   0.00426
  -0.00248
  -0.00916
  -0.01563
  -0.02175
  -0.02737
  -0.03237
  -0.03664
  -0.04008
  -0.04260
  -0.04416
  -0.04472
  -0.04426
  -0.04280
  -0.04037
  -0.03702
  -0.03283
  -0.02789
  -0.02232
  -0.01625
  -0.00980
  -0.00314
   0.00360
   0.01025
   0.01668
   0.02272
   0.02825
   0.03314
   0.03727
   0.04056
   0.04293
   0.04433
   0.04471
   0.04409
   0.04246
   0.03987
   0.03637
   0.03205
   0.02700
   0.02134
   0.01520
   0.00870
   0.00202
  -0.00472
  -0.01135
  -0.01771
  -0.02368
  -0.02911
  -0.03388
  -0.03788
  -0.04102
  -0.04323
  -0.04446
  -0.04468
  -0.04389
  -0.04209
  -0.03935
  -0.03571
  -0.03126
  -0.02610
  -0.02035
  -0.01413
  -0.00760
  -0.00089
   0.00583
   0.01243
   0.01874
   0.02463
   0.02996
   0.03461
   0.03847
   0.04146
   0.04351
   0.04457
   0.04462
   0.04366
   0.04170
   0.03880
   0.03502
   0.03045
   0.02518
   0.01934
   0.01306
   0.00649
  -0.00023
  -0.00695
  -0.01350
  -0.01976
  -0.02556
  -0.03078
  -0.03531
  -0.03903
  -0.04187
  -0.04375
  -0.04465
  -0.04453
  -0.04340
  -0.04128
  -0.03823
  -0.03431
  -0.02961
  -0.02424
  -0.01832
  -0.01198
  -0.00538
   0.00135
   0.00805
   0.01457
   0.02076
   0.02647
   0.03159
   0.03598
   0.03957
   0.04225
   0.04397
   0.04470
   0.04441
   0.04311
   0.04084
   0.03764
   0.03358
   0.02876
   0.02329
   0.01729
   0.01090
   0.00426
  -0.00248
  -0.00916
  -0.01563
  -0.02175
  -0.02737
  -0.03237
  -0.03664
  -0.04008
  -0.04260
  -0.04416
  -0.04472
  -0.04426
  -0.04280
  -0.04037
  -0.03702
  -0.03283
  -0.02789
  -0.02232
  -0.01625
  -0.00980
  -0.00314
   0.00360
   0.01025
   0.01668
   0.02272
   0.02825
   0.03314
   0.03727
   0.04056
   0.04293
   0.04433
   0.04471
   0.04409
   0.04246
   0.03987
   0.03637
   0.03205
   0.02700
   0.02134
   0.01520
   0.00870
   0.00202
  -0.00472
  -0.01135
  -0.01771
  -0.02368
  -0.02911
  -0.03388
  -0.03788
  -0.04102
  -0.04323
  -0.04446
  -0.04468
  -0.04389
  -0.04209
  -0.03935
  -0.03571
  -0.03126
  -0.02610
  -0.02035
  -0.01413
  -0.00760
  -0.00089
   0.00583
   0.01243
   0.01874
   0.02463
   0.02996
   0.03461
   0.03847
   0.04146
   0.04351
   0.04457
   0.04462
   0.04366
   0.04170
   0.03880
   0.03502
   0.03045
   0.02518
   0.01934
   0.01306
   0.00649
  -0.00023
  -0.00695
  -0.01350
  -0.01976
  -0.02556
  -0.03078
  -0.03531
  -0.03903
  -0.04187
  -0.04375
  -0.04465
  -0.04453
  -0.04340
  -0.04128
  -0.03823
  -0.03431
  -0.02961
  -0.02424
  -0.01832
  -0.01198
  -0.00538
   0.00135
   0.00805
   0.01457
   0.02076
   0.02647
   0.03159
   0.03598
   0.03957
   0.04225
   0.04397
   0.04470
   0.04441
   0.04311
   0.04084
   0.03764
   0.03358
   0.02876
   0.02329
   0.01729
   0.01090
   0.00426
  -0.00248
  -0.00916
  -0.01563
  -0.02175
  -0.02737
  -0.03237
  -0.03664
  -0.04008
  -0.04260
  -0.04416
  -0.04472
  -0.04426
  -0.04280
  -0.04037
  -0.03702
  -0.03283
  -0.02789
  -0.02232
  -0.01625
  -0.00980
  -0.00314
   0.00360
   0.01025
   0.01668
   0.02272
   0.02825
   0.03314
   0.03727
   0.04056
   0.04293
   0.04433
   0.04471
   0.04409
   0.04246
   0.03987
   0.03637
   0.03205
   0.02700
   0.02134
   0.01520
   0.00870
   0.00202
  -0.00472
  -0.01135
  -0.01771
  -0.02368
  -0.02911
  -0.03388
  -0.03788
  -0.04102
  -0.04323
  -0.04446
  -0.04468
  -0.04389
  -0.04209
  -0.03935
  -0.03571
  -0.03126
  -0.02610
  -0.02035
  -0.01413
  -0.00760
  -0.00089
