  -0.04297
  -0.03780
  -0.02964
  -0.01912
  -0.00708
   0.00552
   0.01768
   0.02844
   0.03694
   0.04251
   0.04470
   0.04334
   0.03854
   0.03068
   0.02038
   0.00846
  -0.00413
  -0.01638
  -0.02734
  -0.03613
  -0.04205
  -0.04463
  -0.04366
  -0.03923
  -0.03168
  -0.02162
  -0.00984
   0.00272
   0.01507
   0.02622
   0.03529
   0.04155
   0.04451
   0.04394
   0.03989
   0.03266
   0.02284
   0.01120
  -0.00132
  -0.01374
  -0.02507
  -0.03440
  -0.04101
  -0.04436
  -0.04418
  -0.04050
  -0.03360
  -0.02403
  -0.01256
  -0.00008
   0.01240
   0.02389
   0.03349
   0.04043
   0.04416
   0.04438
   0.04108
   0.03451
   0.02521
   0.01390
   0.00149
  -0.01104
  -0.02269
  -0.03254
  -0.03981
  -0.04391
  -0.04453
  -0.04161
  -0.03539
  -0.02635
  -0.01523
  -0.00289
   0.00967
   0.02147
   0.03156
   0.03915
   0.04363
   0.04464
   0.04211
   0.03623
   0.02748
   0.01654
   0.00429
  -0.00830
  -0.02023
  -0.03055
  -0.03845
  -0.04330
  -0.04470
  -0.04256
  -0.03704
  -0.02857
  -0.01784
  -0.00569
   0.00691
   0.01897
   0.02951
   0.03771
   0.04292
   0.04472
   0.04297
   0.03780
   0.02964
   0.01912
   0.00708
  -0.00552
  -0.01768
  -0.02844
  -0.03694
  -0.04251
  -0.04470
  -0.04334
  -0.03854
  -0.03068
  -0.02038
  -0.00846
   0.00413
   0.01638
   0.02734
   0.03613
   0.04205
   0.04463
   0.04366
   0.03923
   0.03168
   0.02162
   0.00984
  -0.00272
  -0.01507
  -0.02622
  -0.03529
  -0.04155
  -0.04451
  -0.04394
  -0.03989
  -0.03266
  -0.02284
  -0.01120
   0.00132
   0.01374
   0.02507
   0.03440
   0.04101
   0.04436
   0.04418
   0.04050
   0.03360
   0.02403
   0.01256
   0.00008
  -0.01240
  -0.02389
  -0.03349
  -0.04043
  -0.04416
  -0.04438
  -0.04108
  -0.03451
  -0.02521
  -0.01390
  -0.00149
   0.01104
   0.02269
   0.03254
   0.03981
   0.04391
   0.04453
   0.04161
   0.03539
   0.02635
   0.01523
   0.00289
  -0.00967
  -0.02147
  -0.03156
  -0.03915
  -0.04363
  -0.04464
  -0.04211
  -0.03623
  -0.02748
  -0.01654
  -0.00429
   0.00830
   0.02023
   0.03055
   0.03845
   0.04330
   0.04470
   0.04256
   0.03704
   0.02857
   0.01784
   0.00569
  -0.00691
  -0.01897
  -0.02951
  -0.03771
  -0.04292
  -0.04472
  -0.04297
  -0.03780
  -0.02964
  -0.01912
  -0.00708
   0.00552
   0.01768
   0.02844
   0.03694
   0.04251
   0.04470
   0.04334
   0.03854
   0.03068
   0.02038
   0.00846
  -0.00413
  -0.01638
  -0.02734
  -0.03613
  -0.04205
  -0.04463
  -0.04366
  -0.03923
  -0.03168
  -0.02162
  -0.00984
   0.00272
   0.01507
   0.02622
   0.03529
   0.04155
   0.04451
   0.04394
   0.03989
   0.03266
   0.02284
   0.01120
  -0.00132
  -0.01374
  -0.02507
  -0.03440
  -0.04101
  -0.04436
  -0.04418
  -0.04050
  -0.03360
  -0.02403
  -0.01256
  -0.00008
   0.01240
   0.02389
   0.03349
   0.04043
   0.04416
   0.04438
   0.04108
   0.03451
   0.02521
   0.01390
   0.00149
  -0.01104
  -0.02269
  -0.03254
  -0.03981
  -0.04391
  -0.04453
  -0.04161
  -0.03539
  -0.02635
  -0.01523
  -0.00289
   0.00967
   0.02147
   0.03156
   0.03915
   0.04363
   0.04464
   0.04211
   0.03623
   0.02748
   0.01654
   0.00429
  -0.00830
  -0.02023
  -0.03055
  -0.03845
  -0.04330
  -0.04470
  -0.04256
  -0.03704
  -0.02857
  -0.01784
  -0.00569
   0.00691
   0.01897
   0.02951
   0.03771
   0.04292
   0.04472
   0.04297
   0.03780
   0.02964
   0.01912
   0.00708
  -0.00552
  -0.01768
  -0.02844
  -0.03694
  -0.04251
  -0.04470
  -0.04334
  -0.03854
  -0.03068
  -0.02038
  -0.00846
   0.00413
   0.01638
   0.02734
   0.03613
   0.04205
   0.04463
   0.04366
   0.03923
   0.03168
   0.02162
   0.00984
  -0.00272
  -0.01507
  -0.02622
  -0.03529
  -0.04155
  -0.04451
  -0.04394
  -0.03989
  -0.03266
  -0.02284
  -0.01120
   0.00132
   0.01374
   0.02507
   0.03440
   0.04101
   0.04436
   0.04418
   0.04050
   0.03360
   0.02403
   0.01256
   0.00008
  -0.01240
  -0.02389
  -0.03349
  -0.04043
  -0.04416
  -0.04438
  -0.04108
  -0.03451
  -0.02521
  -0.01390
  -0.00149
   0.01104
   0.02269
   0.03254
   0.03981
   0.04391
   0.04453
   0.04161
   0.03539
   0.02635
   0.01523
   0.00289
  -0.00967
  -0.02147
  -0.03156
  -0.03915
  -0.04363
  -0.04464
  -0.04211
  -0.03623
  -0.02748
  -0.01654
  -0.00429
   0.00830
   0.02023
   0.03055
   0.03845
   0.04330
   0.04470
   0.04256
   0.03704
   0.02857
   0.01784
   0.00569
  -0.00691
  -0.01897
  -0.02951
  -0.03771
  -0.04292
  -0.04472
  -0.04297
  -0.03780
  -0.02964
  -0.01912
  -0.00708
   0.00552
   0.01768
   0.02844
   0.03694
   0.04251
   0.04470
   0.04334
   0.03854
   0.03068
   0.02038
   0.00846
  -0.00413
  -0.01638
  -0.02734
  -0.03613
  -0.04205
  -0.04463
  -0.04366
  -0.03923
  -0.03168
  -0.02162
  -0.00984
   0.00272
   0.01507
   0.02622
   0.03529
   0.04155
   0.04451
   0.04394
   0.03989
   0.03266
   0.02284
   0.01120
  -0.00132
  -0.01374
  -0.02507
  -0.03440
  -0.04101
  -0.04436
  -0.04418
  -0.04050
  -0.03360
  -0.02403
  -0.01256
  -0.00008
   0.01240
   0.02389
   0.03349
   0.04043
   0.04416
   0.04438
   0.04108
   0.03451
   0.02521
   0.01390
   0.00149
  -0.01104
  -0.02269
  -0.03254
  -0.03981
  -0.04391
  -0.04453
  -0.04161
  -0.03539
  -0.02635
  -0.01523
  -0.00289
   0.00967
   0.02147
   0.03156
   0.03915
   0.04363
   0.04464
   0.04211
   0.03623
   0.02748
   0.01654
   0.00429
  -0.00830
  -0.02023
  -0.03055
  -0.03845
  -0.04330
  -0.04470
  -0.04256
  -0.03704
  -0.02857
  -0.01784
  -0.00569
   0.00691
   0.01897
   0.02951
   0.03771
   0.04292
   0.04472
   0.04297
   0.03780
   0.02964
   0.01912
   0.00708
  -0.00552
  -0.01768
  -0.02844
  -0.03694
  -0.04251
  -0.04470
  -0.04334
  -0.03854
  -0.03068
  -0.02038
  -0.00846
   0.00413
   0.01638
   0.02734
   0.03613
   0.04205
   0.04463
   0.04366
   0.03923
   0.03168
   0.02162
   0.00984
  -0.00272
  -0.01507
  -0.02622
  -0.03529
  -0.04155
  -0.04451
  -0.04394
  -0.03989
  -0.03266
  -0.02284
  -0.01120
   0.00132
   0.01374
   0.02507
   0.03440
   0.04101
   0.04436
   0.04418
   0.04050
   0.03360
   0.02403
   0.01256
   0.00008
  -0.01240
  -0.02389
  -0.03349
  -0.04043
  -0.04416
  -0.04438
  -0.04108
  -0.03451
  -0.02521
  -0.01390
  -0.00149
   0.01104
   0.02269
   0.03254
   0.03981
   0.04391
   0.04453
   0.04161
   0.03539
   0.02635
   0.01523
   0.00289
  -0.00967
  -0.02147
  -0.03156
  -0.03915
  -0.04363
  -0.04464
  -0.04211
  -0.03623
  -0.02748
  -0.01654
  -0.00429
   0.00830
   0.02023
   0.03055
   0.03845
   0.04330
   0.04470
   0.04256
   0.03704
   0.02857
   0.01784
   0.00569
  -0.00691
  -0.01897
  -0.02951
  -0.03771
  -0.04292
  -0.04472
  -0.04297
  -0.03780
  -0.02964
  -0.01912
  -0.00708
   0.00552
   0.01768
   0.02844
   0.03694
   0.04251
   0.04470
   0.04334
   0.03854
   0.03068
   0.02038
   0.00846
  -0.00413
  -0.01638
  -0.02734
  -0.03613
  -0.04205
  -0.04463
  -0.04366
  -0.03923
  -0.03168
  -0.02162
  -0.00984
   0.00272
   0.01507
   0.02622
   0.03529
   0.04155
   0.04451
   0.04394
   0.03989
   0.03266
   0.02284
   0.01120
  -0.00132
  -0.01374
  -0.02507
  -0.03440
  -0.04101
  -0.04436
  -0.04418
  -0.04050
  -0.03360
  -0.02403
  -0.01256
  -0.00008
   0.01240
   0.02389
   0.03349
   0.04043
   0.04416
   0.04438
   0.04108
   0.03451
   0.02521
   0.01390
   0.00149
  -0.01104
  -0.02269
  -0.03254
  -0.03981
  -0.04391
  -0.04453
  -0.04161
  -0.03539
  -0.02635
  -0.01523
  -0.00289
   0.00967
   0.02147
   0.03156
   0.03915
   0.04363
   0.04464
   0.04211
   0.03623
   0.02748
   0.01654
   0.00429
  -0.00830
  -0.02023
  -0.03055
  -0.03845
  -0.04330
  -0.04470
  -0.04256
  -0.03704
  -0.02857
  -0.01784
  -0.00569
   0.00691
   0.01897
   0.02951
   0.03771
   0.04292
   0.04472
   0.04297
   0.03780
   0.02964
   0.01912
   0.00708
  -0.00552
  -0.01768
  -0.02844
  -0.03694
  -0.04251
  -0.04470
  -0.04334
  -0.03854
  -0.03068
  -0.02038
  -0.00846
   0.00413
   0.01638
   0.02734
   0.03613
   0.04205
   0.04463
   0.04366
   0.03923
   0.03168
   0.02162
   0.00984
  -0.00272
  -0.01507
  -0.02622
  -0.03529
  -0.04155
  -0.04451
  -0.04394
  -0.03989
  -0.03266
  -0.02284
  -0.01120
   0.00132
   0.01374
   0.02507
   0.03440
   0.04101
   0.04436
   0.04418
   0.04050
   0.03360
   0.02403
   0.01256
   0.00008
  -0.01240
  -0.02389
  -0.03349
  -0.04043
  -0.04416
  -0.04438
  -0.04108
  -0.03451
  -0.02521
  -0.01390
  -0.00149
   0.01104
   0.02269
   0.03254
   0.03981
   0.04391
   0.04453
   0.04161
   0.03539
   0.02635
   0.01523
   0.00289
  -0.00967
  -0.02147
  -0.03156
  -0.03915
  -0.04363
  -0.04464
  -0.04211
  -0.03623
  -0.02748
  -0.01654
  -0.00429
   0.00830
   0.02023
   0.03055
   0.03845
   0.04330
   0.04470
   0.04256
   0.03704
   0.02857
   0.01784
   0.00569
  -0.00691
  -0.01897
  -0.02951
  -0.03771
  -0.04292
  -0.04472
  -0.04297
  -0.03780
  -0.02964
  -0.01912
  -0.00708
   0.00552
   0.01768
   0.02844
   0.03694
   0.04251
   0.04470
   0.04334
   0.03854
   0.03068
   0.02038
   0.00846
  -0.00413
  -0.01638
  -0.02734
  -0.03613
  -0.04205
  -0.04463
  -0.04366
  -0.03923
  -0.03168
  -0.02162
  -0.00984
   0.00272
   0.01507
   0.02622
   0.03529
   0.04155
   0.04451
   0.04394
   0.03989
   0.03266
   0.02284
   0.01120
  -0.00132
  -0.01374
  -0.02507
  -0.03440
  -0.04101
  -0.04436
  -0.04418
  -0.04050
  -0.03360
  -0.02403
  -0.01256
  -0.00008
   0.01240
   0.02389
   0.03349
   0.04043
   0.04416
   0.04438
   0.04108
   0.03451
   0.02521
   0.01390
   0.00149
  -0.01104
  -0.02269
  -0.03254
  -0.03981
  -0.04391
  -0.04453
  -0.04161
  -0.03539
  -0.02635
  -0.01523
  -0.00289
   0.00967
   0.02147
   0.03156
   0.03915
   0.04363
   0.04464
   0.04211
   0.03623
   0.02748
   0.01654
   0.00429
  -0.00830
  -0.02023
  -0.03055
  -0.03845
  -0.04330
  -0.04470
  -0.04256
  -0.03704
  -0.02857
  -0.01784
  -0.00569
   0.00691
   0.01897
   0.02951
   0.03771
   0.04292
   0.04472
   0.04297
   0.03780
   0.02964
   0.01912
   0.00708
  -0.00552
  -0.01768
  -0.02844
  -0.03694
  -0.04251
  -0.04470
  -0.04334
  -0.03854
  -0.03068
  -0.02038
  -0.00846
   0.00413
   0.01638
   0.02734
   0.03613
   0.04205
   0.04463
   0.04366
   0.03923
   0.03168
   0.02162
   0.00984
  -0.00272
  -0.01507
  -0.02622
  -0.03529
  -0.04155
  -0.04451
  -0.04394
  -0.03989
  -0.03266
  -0.02284
  -0.01120
   0.00132
   0.01374
   0.02507
   0.03440
   0.04101
   0.04436
   0.04418
   0.04050
   0.03360
   0.02403
   0.01256
   0.00008
  -0.01240
  -0.02389
  -0.03349
  -0.04043
  -0.04416
  -0.04438
  -0.04108
  -0.03451
  -0.02521
  -0.01390
  -0.00149
   0.01104
   0.02269
   0.03254
   0.03981
   0.04391
   0.04453
   0.04161
   0.03539
   0.02635
   0.01523
   0.00289
  -0.00967
  -0.02147
  -0.03156
  -0.03915
  -0.04363
  -0.04464
  -0.04211
  -0.03623
  -0.02748
  -0.01654
  -0.00429
   0.00830
   0.02023
   0.03055
   0.03845
   0.04330
   0.04470
   0.04256
   0.03704
   0.02857
   0.01784
   0.00569
  -0.00691
  -0.01897
  -0.02951
  -0.03771
  -0.04292
  -0.04472
