   0.04457
  -0.04441
   0.04418
  -0.04388
   0.04353
  -0.04311
   0.04263
  -0.04209
   0.04149
  -0.04083
   0.04011
  -0.03934
   0.03851
  -0.03763
   0.03669
  -0.03570
   0.03466
  -0.03357
   0.03243
  -0.03125
   0.03002
  -0.02875
   0.02744
  -0.02609
   0.02470
  -0.02328
   0.02182
  -0.02033
   0.01882
  -0.01727
   0.01571
  -0.01412
   0.01251
  -0.01088
   0.00924
  -0.00758
   0.00592
  -0.00424
   0.00256
  -0.00088
  -0.00081
   0.00249
  -0.00418
   0.00585
  -0.00752
   0.00917
  -0.01082
   0.01244
  -0.01405
   0.01564
  -0.01721
   0.01876
  -0.02027
   0.02176
  -0.02322
   0.02464
  -0.02603
   0.02738
  -0.02870
   0.02997
  -0.03120
   0.03238
  -0.03352
   0.03462
  -0.03566
   0.03665
  -0.03759
   0.03848
  -0.03931
   0.04008
  -0.04080
   0.04146
  -0.04207
   0.04261
  -0.04309
   0.04351
  -0.04387
   0.04417
  -0.04440
   0.04457
  -0.04468
   0.04472
  -0.04470
   0.04462
  -0.04447
   0.04426
  -0.04399
   0.04365
  -0.04325
   0.04280
  -0.04228
   0.04170
  -0.04106
   0.04036
  -0.03960
   0.03879
  -0.03793
   0.03701
  -0.03603
   0.03501
  -0.03394
   0.03282
  -0.03165
   0.03043
  -0.02918
   0.02788
  -0.02654
   0.02517
  -0.02375
   0.02231
  -0.02083
   0.01933
  -0.01779
   0.01623
  -0.01465
   0.01305
  -0.01143
   0.00979
  -0.00814
   0.00647
  -0.00480
   0.00312
  -0.00144
  -0.00025
   0.00193
  -0.00362
   0.00529
  -0.00696
   0.00862
  -0.01027
   0.01190
  -0.01352
   0.01512
  -0.01669
   0.01824
  -0.01977
   0.02127
  -0.02274
   0.02417
  -0.02557
   0.02694
  -0.02826
   0.02955
  -0.03079
   0.03199
  -0.03315
   0.03426
  -0.03532
   0.03633
  -0.03728
   0.03819
  -0.03904
   0.03983
  -0.04057
   0.04125
  -0.04187
   0.04243
  -0.04294
   0.04338
  -0.04376
   0.04407
  -0.04433
   0.04452
  -0.04465
   0.04471
  -0.04471
   0.04465
  -0.04453
   0.04434
  -0.04409
   0.04377
  -0.04339
   0.04296
  -0.04246
   0.04190
  -0.04128
   0.04060
  -0.03986
   0.03907
  -0.03822
   0.03732
  -0.03636
   0.03536
  -0.03430
   0.03319
  -0.03204
   0.03084
  -0.02960
   0.02832
  -0.02699
   0.02563
  -0.02423
   0.02279
  -0.02133
   0.01983
  -0.01831
   0.01676
  -0.01518
   0.01358
  -0.01197
   0.01034
  -0.00869
   0.00703
  -0.00536
   0.00368
  -0.00200
   0.00031
   0.00137
  -0.00305
   0.00473
  -0.00641
   0.00807
  -0.00972
   0.01136
  -0.01298
   0.01459
  -0.01617
   0.01773
  -0.01926
   0.02077
  -0.02225
   0.02370
  -0.02511
   0.02649
  -0.02783
   0.02913
  -0.03038
   0.03160
  -0.03277
   0.03389
  -0.03497
   0.03599
  -0.03697
   0.03789
  -0.03876
   0.03957
  -0.04033
   0.04103
  -0.04167
   0.04225
  -0.04278
   0.04324
  -0.04364
   0.04397
  -0.04425
   0.04446
  -0.04461
   0.04470
  -0.04472
   0.04468
  -0.04457
   0.04441
  -0.04418
   0.04388
  -0.04353
   0.04311
  -0.04263
   0.04209
  -0.04149
   0.04083
  -0.04011
   0.03934
  -0.03851
   0.03763
  -0.03669
   0.03570
  -0.03466
   0.03357
  -0.03243
   0.03125
  -0.03002
   0.02875
  -0.02744
   0.02609
  -0.02470
   0.02328
  -0.02182
   0.02033
  -0.01882
   0.01727
  -0.01571
   0.01412
  -0.01251
   0.01088
  -0.00924
   0.00758
  -0.00592
   0.00424
  -0.00256
   0.00088
   0.00081
  -0.00249
   0.00418
  -0.00585
   0.00752
  -0.00917
   0.01082
  -0.01244
   0.01405
  -0.01564
   0.01721
  -0.01876
   0.02027
  -0.02176
   0.02322
  -0.02464
   0.02603
  -0.02738
   0.02870
  -0.02997
   0.03120
  -0.03238
   0.03352
  -0.03462
   0.03566
  -0.03665
   0.03759
  -0.03848
   0.03931
  -0.04008
   0.04080
  -0.04146
   0.04207
  -0.04261
   0.04309
  -0.04351
   0.04387
  -0.04417
   0.04440
  -0.04457
   0.04468
  -0.04472
   0.04470
  -0.04462
   0.04447
  -0.04426
   0.04399
  -0.04365
   0.04325
  -0.04280
   0.04228
  -0.04170
   0.04106
  -0.04036
   0.03960
  -0.03879
   0.03793
  -0.03701
   0.03603
  -0.03501
   0.03394
  -0.03282
   0.03165
  -0.03043
   0.02918
  -0.02788
   0.02654
  -0.02517
   0.02375
  -0.02231
   0.02083
  -0.01933
   0.01779
  -0.01623
   0.01465
  -0.01305
   0.01143
  -0.00979
   0.00814
  -0.00647
   0.00480
  -0.00312
   0.00144
   0.00025
  -0.00193
   0.00362
  -0.00529
   0.00696
  -0.00862
   0.01027
  -0.01190
   0.01352
  -0.01512
   0.01669
  -0.01824
   0.01977
  -0.02127
   0.02274
  -0.02417
   0.02557
  -0.02694
   0.02826
  -0.02955
   0.03079
  -0.03199
   0.03315
  -0.03426
   0.03532
  -0.03633
   0.03728
  -0.03819
   0.03904
  -0.03983
   0.04057
  -0.04125
   0.04187
  -0.04243
   0.04294
  -0.04338
   0.04376
  -0.04407
   0.04433
  -0.04452
   0.04465
  -0.04471
   0.04471
  -0.04465
   0.04453
  -0.04434
   0.04409
  -0.04377
   0.04339
  -0.04296
   0.04246
  -0.04190
   0.04128
  -0.04060
   0.03986
  -0.03907
   0.03822
  -0.03732
   0.03636
  -0.03536
   0.03430
  -0.03319
   0.03204
  -0.03084
   0.02960
  -0.02832
   0.02699
  -0.02563
   0.02423
  -0.02279
   0.02133
  -0.01983
   0.01831
  -0.01676
   0.01518
  -0.01358
   0.01197
  -0.01034
   0.00869
  -0.00703
   0.00536
  -0.00368
   0.00200
  -0.00031
  -0.00137
   0.00305
  -0.00473
   0.00641
  -0.00807
   0.00972
  -0.01136
   0.01298
  -0.01459
   0.01617
  -0.01773
   0.01926
  -0.02077
   0.02225
  -0.02370
   0.02511
  -0.02649
   0.02783
  -0.02913
   0.03038
  -0.03160
   0.03277
  -0.03389
   0.03497
  -0.03599
   0.03697
  -0.03789
   0.03876
  -0.03957
   0.04033
  -0.04103
   0.04167
  -0.04225
   0.04278
  -0.04324
   0.04364
  -0.04397
   0.04425
  -0.04446
   0.04461
  -0.04470
   0.04472
  -0.04468
   0.04457
  -0.04441
   0.04418
  -0.04388
   0.04353
  -0.04311
   0.04263
  -0.04209
   0.04149
  -0.04083
   0.04011
  -0.03934
   0.03851
  -0.03763
   0.03669
  -0.03570
   0.03466
  -0.03357
   0.03243
  -0.03125
   0.03002
  -0.02875
   0.02744
  -0.02609
   0.02470
  -0.02328
   0.02182
  -0.02033
   0.01882
  -0.01727
   0.01571
  -0.01412
   0.01251
  -0.01088
   0.00924
  -0.00758
   0.00592
  -0.00424
   0.00256
  -0.00088
  -0.00081
   0.00249
  -0.00418
   0.00585
  -0.00752
   0.00917
  -0.01082
   0.01244
  -0.01405
   0.01564
  -0.01721
   0.01876
  -0.02027
   0.02176
  -0.02322
   0.02464
  -0.02603
   0.02738
  -0.02870
   0.02997
  -0.03120
   0.03238
  -0.03352
   0.03462
  -0.03566
   0.03665
  -0.03759
   0.03848
  -0.03931
   0.04008
  -0.04080
   0.04146
  -0.04207
   0.04261
  -0.04309
   0.04351
  -0.04387
   0.04417
  -0.04440
   0.04457
  -0.04468
   0.04472
  -0.04470
   0.04462
  -0.04447
   0.04426
  -0.04399
   0.04365
  -0.04325
   0.04280
  -0.04228
   0.04170
  -0.04106
   0.04036
  -0.03960
   0.03879
  -0.03793
   0.03701
  -0.03603
   0.03501
  -0.03394
   0.03282
  -0.03165
   0.03043
  -0.02918
   0.02788
  -0.02654
   0.02517
  -0.02375
   0.02231
  -0.02083
   0.01933
  -0.01779
   0.01623
  -0.01465
   0.01305
  -0.01143
   0.00979
  -0.00814
   0.00647
  -0.00480
   0.00312
  -0.00144
  -0.00025
   0.00193
  -0.00362
   0.00529
  -0.00696
   0.00862
  -0.01027
   0.01190
  -0.01352
   0.01512
  -0.01669
   0.01824
  -0.01977
   0.02127
  -0.02274
   0.02417
  -0.02557
   0.02694
  -0.02826
   0.02955
  -0.03079
   0.03199
  -0.03315
   0.03426
  -0.03532
   0.03633
  -0.03728
   0.03819
  -0.03904
   0.03983
  -0.04057
   0.04125
  -0.04187
   0.04243
  -0.04294
   0.04338
  -0.04376
   0.04407
  -0.04433
   0.04452
  -0.04465
   0.04471
  -0.04471
   0.04465
  -0.04453
   0.04434
  -0.04409
   0.04377
  -0.04339
   0.04296
  -0.04246
   0.04190
  -0.04128
   0.04060
  -0.03986
   0.03907
  -0.03822
   0.03732
  -0.03636
   0.03536
  -0.03430
   0.03319
  -0.03204
   0.03084
  -0.02960
   0.02832
  -0.02699
   0.02563
  -0.02423
   0.02279
  -0.02133
   0.01983
  -0.01831
   0.01676
  -0.01518
   0.01358
  -0.01197
   0.01034
  -0.00869
   0.00703
  -0.00536
   0.00368
  -0.00200
   0.00031
   0.00137
  -0.00305
   0.00473
  -0.00641
   0.00807
  -0.00972
   0.01136
  -0.01298
   0.01459
  -0.01617
   0.01773
  -0.01926
   0.02077
  -0.02225
   0.02370
  -0.02511
   0.02649
  -0.02783
   0.02913
  -0.03038
   0.03160
  -0.03277
   0.03389
  -0.03497
   0.03599
  -0.03697
   0.03789
  -0.03876
   0.03957
  -0.04033
   0.04103
  -0.04167
   0.04225
  -0.04278
   0.04324
  -0.04364
   0.04397
  -0.04425
   0.04446
  -0.04461
   0.04470
  -0.04472
   0.04468
  -0.04457
   0.04441
  -0.04418
   0.04388
  -0.04353
   0.04311
  -0.04263
   0.04209
  -0.04149
   0.04083
  -0.04011
   0.03934
  -0.03851
   0.03763
  -0.03669
   0.03570
  -0.03466
   0.03357
  -0.03243
   0.03125
  -0.03002
   0.02875
  -0.02744
   0.02609
  -0.02470
   0.02328
  -0.02182
   0.02033
  -0.01882
   0.01727
  -0.01571
   0.01412
  -0.01251
   0.01088
  -0.00924
   0.00758
  -0.00592
   0.00424
  -0.00256
   0.00088
   0.00081
  -0.00249
   0.00418
  -0.00585
   0.00752
  -0.00917
   0.01082
  -0.01244
   0.01405
  -0.01564
   0.01721
  -0.01876
   0.02027
  -0.02176
   0.02322
  -0.02464
   0.02603
  -0.02738
   0.02870
  -0.02997
   0.03120
  -0.03238
   0.03352
  -0.03462
   0.03566
  -0.03665
   0.03759
  -0.03848
   0.03931
  -0.04008
   0.04080
  -0.04146
   0.04207
  -0.04261
   0.04309
  -0.04351
   0.04387
  -0.04417
   0.04440
  -0.04457
   0.04468
  -0.04472
   0.04470
  -0.04462
   0.04447
  -0.04426
   0.04399
  -0.04365
   0.04325
  -0.04280
   0.04228
  -0.04170
   0.04106
  -0.04036
   0.03960
  -0.03879
   0.03793
  -0.03701
   0.03603
  -0.03501
   0.03394
  -0.03282
   0.03165
  -0.03043
   0.02918
  -0.02788
   0.02654
  -0.02517
   0.02375
  -0.02231
   0.02083
  -0.01933
   0.01779
  -0.01623
   0.01465
  -0.01305
   0.01143
  -0.00979
   0.00814
  -0.00647
   0.00480
  -0.00312
   0.00144
   0.00025
  -0.00193
   0.00362
  -0.00529
   0.00696
  -0.00862
   0.01027
  -0.01190
   0.01352
  -0.01512
   0.01669
  -0.01824
   0.01977
  -0.02127
   0.02274
  -0.02417
   0.02557
  -0.02694
   0.02826
  -0.02955
   0.03079
  -0.03199
   0.03315
  -0.03426
   0.03532
  -0.03633
   0.03728
  -0.03819
   0.03904
  -0.03983
   0.04057
  -0.04125
   0.04187
  -0.04243
   0.04294
  -0.04338
   0.04376
  -0.04407
   0.04433
  -0.04452
   0.04465
  -0.04471
   0.04471
  -0.04465
   0.04453
  -0.04434
   0.04409
  -0.04377
   0.04339
  -0.04296
   0.04246
  -0.04190
   0.04128
  -0.04060
   0.03986
  -0.03907
   0.03822
  -0.03732
   0.03636
  -0.03536
   0.03430
  -0.03319
   0.03204
  -0.03084
   0.02960
  -0.02832
   0.02699
  -0.02563
   0.02423
  -0.02279
   0.02133
  -0.01983
   0.01831
  -0.01676
   0.01518
  -0.01358
   0.01197
  -0.01034
   0.00869
  -0.00703
   0.00536
  -0.00368
   0.00200
  -0.00031
  -0.00137
   0.00305
  -0.00473
   0.00641
  -0.00807
   0.00972
  -0.01136
   0.01298
  -0.01459
   0.01617
  -0.01773
   0.01926
  -0.02077
   0.02225
  -0.02370
   0.02511
  -0.02649
   0.02783
  -0.02913
   0.03038
  -0.03160
   0.03277
  -0.03389
   0.03497
  -0.03599
   0.03697
  -0.03789
   0.03876
  -0.03957
   0.04033
  -0.04103
   0.04167
  -0.04225
   0.04278
  -0.04324
   0.04364
  -0.04397
   0.04425
  -0.04446
   0.04461
  -0.04470
   0.04472
  -0.04468
