  -0.00979
  -0.01907
  -0.02744
  -0.03448
  -0.03986
  -0.04333
  -0.04470
  -0.04392
  -0.04103
  -0.03616
  -0.02955
  -0.02151
  -0.01244
  -0.00277
   0.00703
   0.01650
   0.02517
   0.03263
   0.03851
   0.04254
   0.04453
   0.04436
   0.04207
   0.03774
   0.03160
   0.02393
   0.01511
   0.00557
  -0.00424
  -0.01385
  -0.02280
  -0.03064
  -0.03701
  -0.04159
  -0.04418
  -0.04463
  -0.04294
  -0.03917
  -0.03352
  -0.02626
  -0.01773
  -0.00834
   0.00144
   0.01116
   0.02034
   0.02853
   0.03536
   0.04048
   0.04365
   0.04472
   0.04364
   0.04045
   0.03531
   0.02848
   0.02027
   0.01109
   0.00137
  -0.00842
  -0.01779
  -0.02632
  -0.03357
  -0.03921
  -0.04296
  -0.04464
  -0.04417
  -0.04157
  -0.03697
  -0.03059
  -0.02273
  -0.01379
  -0.00417
   0.00564
   0.01518
   0.02399
   0.03165
   0.03778
   0.04209
   0.04437
   0.04452
   0.04252
   0.03848
   0.03258
   0.02511
   0.01643
   0.00696
  -0.00284
  -0.01251
  -0.02158
  -0.02960
  -0.03620
  -0.04106
  -0.04394
  -0.04470
  -0.04331
  -0.03983
  -0.03444
  -0.02738
  -0.01901
  -0.00972
   0.00004
   0.00979
   0.01907
   0.02744
   0.03448
   0.03986
   0.04333
   0.04470
   0.04392
   0.04103
   0.03616
   0.02955
   0.02151
   0.01244
   0.00277
  -0.00703
  -0.01650
  -0.02517
  -0.03263
  -0.03851
  -0.04254
  -0.04453
  -0.04436
  -0.04207
  -0.03774
  -0.03160
  -0.02393
  -0.01511
  -0.00557
   0.00424
   0.01385
   0.02280
   0.03064
   0.03701
   0.04159
   0.04418
   0.04463
   0.04294
   0.03917
   0.03352
   0.02626
   0.01773
   0.00834
  -0.00144
  -0.01116
  -0.02034
  -0.02853
  -0.03536
  -0.04048
  -0.04365
  -0.04472
  -0.04364
  -0.04045
  -0.03531
  -0.02848
  -0.02027
  -0.01109
  -0.00137
   0.00842
   0.01779
   0.02632
   0.03357
   0.03921
   0.04296
   0.04464
   0.04417
   0.04157
   0.03697
   0.03059
   0.02273
   0.01379
   0.00417
  -0.00564
  -0.01518
  -0.02399
  -0.03165
  -0.03778
  -0.04209
  -0.04437
  -0.04452
  -0.04252
  -0.03848
  -0.03258
  -0.02511
  -0.01643
  -0.00696
   0.00284
   0.01251
   0.02158
   0.02960
   0.03620
   0.04106
   0.04394
   0.04470
   0.04331
   0.03983
   0.03444
   0.02738
   0.01901
   0.00972
  -0.00004
  -0.00979
  -0.01907
  -0.02744
  -0.03448
  -0.03986
  -0.04333
  -0.04470
  -0.04392
  -0.04103
  -0.03616
  -0.02955
  -0.02151
  -0.01244
  -0.00277
   0.00703
   0.01650
   0.02517
   0.03263
   0.03851
   0.04254
   0.04453
   0.04436
   0.04207
   0.03774
   0.03160
   0.02393
   0.01511
   0.00557
  -0.00424
  -0.01385
  -0.02280
  -0.03064
  -0.03701
  -0.04159
  -0.04418
  -0.04463
  -0.04294
  -0.03917
  -0.03352
  -0.02626
  -0.01773
  -0.00834
   0.00144
   0.01116
   0.02034
   0.02853
   0.03536
   0.04048
   0.04365
   0.04472
   0.04364
   0.04045
   0.03531
   0.02848
   0.02027
   0.01109
   0.00137
  -0.00842
  -0.01779
  -0.02632
  -0.03357
  -0.03921
  -0.04296
  -0.04464
  -0.04417
  -0.04157
  -0.03697
  -0.03059
  -0.02273
  -0.01379
  -0.00417
   0.00564
   0.01518
   0.02399
   0.03165
   0.03778
   0.04209
   0.04437
   0.04452
   0.04252
   0.03848
   0.03258
   0.02511
   0.01643
   0.00696
  -0.00284
  -0.01251
  -0.02158
  -0.02960
  -0.03620
  -0.04106
  -0.04394
  -0.04470
  -0.04331
  -0.03983
  -0.03444
  -0.02738
  -0.01901
  -0.00972
   0.00004
   0.00979
   0.01907
   0.02744
   0.03448
   0.03986
   0.04333
   0.04470
   0.04392
   0.04103
   0.03616
   0.02955
   0.02151
   0.01244
   0.00277
  -0.00703
  -0.01650
  -0.02517
  -0.03263
  -0.03851
  -0.04254
  -0.04453
  -0.04436
  -0.04207
  -0.03774
  -0.03160
  -0.02393
  -0.01511
  -0.00557
   0.00424
   0.01385
   0.02280
   0.03064
   0.03701
   0.04159
   0.04418
   0.04463
   0.04294
   0.03917
   0.03352
   0.02626
   0.01773
   0.00834
  -0.00144
  -0.01116
  -0.02034
  -0.02853
  -0.03536
  -0.04048
  -0.04365
  -0.04472
  -0.04364
  -0.04045
  -0.03531
  -0.02848
  -0.02027
  -0.01109
  -0.00137
   0.00842
   0.01779
   0.02632
   0.03357
   0.03921
   0.04296
   0.04464
   0.04417
   0.04157
   0.03697
   0.03059
   0.02273
   0.01379
   0.00417
  -0.00564
  -0.01518
  -0.02399
  -0.03165
  -0.03778
  -0.04209
  -0.04437
  -0.04452
  -0.04252
  -0.03848
  -0.03258
  -0.02511
  -0.01643
  -0.00696
   0.00284
   0.01251
   0.02158
   0.02960
   0.03620
   0.04106
   0.04394
   0.04470
   0.04331
   0.03983
   0.03444
   0.02738
   0.01901
   0.00972
  -0.00004
  -0.00979
  -0.01907
  -0.02744
  -0.03448
  -0.03986
  -0.04333
  -0.04470
  -0.04392
  -0.04103
  -0.03616
  -0.02955
  -0.02151
  -0.01244
  -0.00277
   0.00703
   0.01650
   0.02517
   0.03263
   0.03851
   0.04254
   0.04453
   0.04436
   0.04207
   0.03774
   0.03160
   0.02393
   0.01511
   0.00557
  -0.00424
  -0.01385
  -0.02280
  -0.03064
  -0.03701
  -0.04159
  -0.04418
  -0.04463
  -0.04294
  -0.03917
  -0.03352
  -0.02626
  -0.01773
  -0.00834
   0.00144
   0.01116
   0.02034
   0.02853
   0.03536
   0.04048
   0.04365
   0.04472
   0.04364
   0.04045
   0.03531
   0.02848
   0.02027
   0.01109
   0.00137
  -0.00842
  -0.01779
  -0.02632
  -0.03357
  -0.03921
  -0.04296
  -0.04464
  -0.04417
  -0.04157
  -0.03697
  -0.03059
  -0.02273
  -0.01379
  -0.00417
   0.00564
   0.01518
   0.02399
   0.03165
   0.03778
   0.04209
   0.04437
   0.04452
   0.04252
   0.03848
   0.03258
   0.02511
   0.01643
   0.00696
  -0.00284
  -0.01251
  -0.02158
  -0.02960
  -0.03620
  -0.04106
  -0.04394
  -0.04470
  -0.04331
  -0.03983
  -0.03444
  -0.02738
  -0.01901
  -0.00972
   0.00004
   0.00979
   0.01907
   0.02744
   0.03448
   0.03986
   0.04333
   0.04470
   0.04392
   0.04103
   0.03616
   0.02955
   0.02151
   0.01244
   0.00277
  -0.00703
  -0.01650
  -0.02517
  -0.03263
  -0.03851
  -0.04254
  -0.04453
  -0.04436
  -0.04207
  -0.03774
  -0.03160
  -0.02393
  -0.01511
  -0.00557
   0.00424
   0.01385
   0.02280
   0.03064
   0.03701
   0.04159
   0.04418
   0.04463
   0.04294
   0.03917
   0.03352
   0.02626
   0.01773
   0.00834
  -0.00144
  -0.01116
  -0.02034
  -0.02853
  -0.03536
  -0.04048
  -0.04365
  -0.04472
  -0.04364
  -0.04045
  -0.03531
  -0.02848
  -0.02027
  -0.01109
  -0.00137
   0.00842
   0.01779
   0.02632
   0.03357
   0.03921
   0.04296
   0.04464
   0.04417
   0.04157
   0.03697
   0.03059
   0.02273
   0.01379
   0.00417
  -0.00564
  -0.01518
  -0.02399
  -0.03165
  -0.03778
  -0.04209
  -0.04437
  -0.04452
  -0.04252
  -0.03848
  -0.03258
  -0.02511
  -0.01643
  -0.00696
   0.00284
   0.01251
   0.02158
   0.02960
   0.03620
   0.04106
   0.04394
   0.04470
   0.04331
   0.03983
   0.03444
   0.02738
   0.01901
   0.00972
  -0.00004
  -0.00979
  -0.01907
  -0.02744
  -0.03448
  -0.03986
  -0.04333
  -0.04470
  -0.04392
  -0.04103
  -0.03616
  -0.02955
  -0.02151
  -0.01244
  -0.00277
   0.00703
   0.01650
   0.02517
   0.03263
   0.03851
   0.04254
   0.04453
   0.04436
   0.04207
   0.03774
   0.03160
   0.02393
   0.01511
   0.00557
  -0.00424
  -0.01385
  -0.02280
  -0.03064
  -0.03701
  -0.04159
  -0.04418
  -0.04463
  -0.04294
  -0.03917
  -0.03352
  -0.02626
  -0.01773
  -0.00834
   0.00144
   0.01116
   0.02034
   0.02853
   0.03536
   0.04048
   0.04365
   0.04472
   0.04364
   0.04045
   0.03531
   0.02848
   0.02027
   0.01109
   0.00137
  -0.00842
  -0.01779
  -0.02632
  -0.03357
  -0.03921
  -0.04296
  -0.04464
  -0.04417
  -0.04157
  -0.03697
  -0.03059
  -0.02273
  -0.01379
  -0.00417
   0.00564
   0.01518
   0.02399
   0.03165
   0.03778
   0.04209
   0.04437
   0.04452
   0.04252
   0.03848
   0.03258
   0.02511
   0.01643
   0.00696
  -0.00284
  -0.01251
  -0.02158
  -0.02960
  -0.03620
  -0.04106
  -0.04394
  -0.04470
  -0.04331
  -0.03983
  -0.03444
  -0.02738
  -0.01901
  -0.00972
   0.00004
   0.00979
   0.01907
   0.02744
   0.03448
   0.03986
   0.04333
   0.04470
   0.04392
   0.04103
   0.03616
   0.02955
   0.02151
   0.01244
   0.00277
  -0.00703
  -0.01650
  -0.02517
  -0.03263
  -0.03851
  -0.04254
  -0.04453
  -0.04436
  -0.04207
  -0.03774
  -0.03160
  -0.02393
  -0.01511
  -0.00557
   0.00424
   0.01385
   0.02280
   0.03064
   0.03701
   0.04159
   0.04418
   0.04463
   0.04294
   0.03917
   0.03352
   0.02626
   0.01773
   0.00834
  -0.00144
  -0.01116
  -0.02034
  -0.02853
  -0.03536
  -0.04048
  -0.04365
  -0.04472
  -0.04364
  -0.04045
  -0.03531
  -0.02848
  -0.02027
  -0.01109
  -0.00137
   0.00842
   0.01779
   0.02632
   0.03357
   0.03921
   0.04296
   0.04464
   0.04417
   0.04157
   0.03697
   0.03059
   0.02273
   0.01379
   0.00417
  -0.00564
  -0.01518
  -0.02399
  -0.03165
  -0.03778
  -0.04209
  -0.04437
  -0.04452
  -0.04252
  -0.03848
  -0.03258
  -0.02511
  -0.01643
  -0.00696
   0.00284
   0.01251
   0.02158
   0.02960
   0.03620
   0.04106
   0.04394
   0.04470
   0.04331
   0.03983
   0.03444
   0.02738
   0.01901
   0.00972
  -0.00004
  -0.00979
  -0.01907
  -0.02744
  -0.03448
  -0.03986
  -0.04333
  -0.04470
  -0.04392
  -0.04103
  -0.03616
  -0.02955
  -0.02151
  -0.01244
  -0.00277
   0.00703
   0.01650
   0.02517
   0.03263
   0.03851
   0.04254
   0.04453
   0.04436
   0.04207
   0.03774
   0.03160
   0.02393
   0.01511
   0.00557
  -0.00424
  -0.01385
  -0.02280
  -0.03064
  -0.03701
  -0.04159
  -0.04418
  -0.04463
  -0.04294
  -0.03917
  -0.03352
  -0.02626
  -0.01773
  -0.00834
   0.00144
   0.01116
   0.02034
   0.02853
   0.03536
   0.04048
   0.04365
   0.04472
   0.04364
   0.04045
   0.03531
   0.02848
   0.02027
   0.01109
   0.00137
  -0.00842
  -0.01779
  -0.02632
  -0.03357
  -0.03921
  -0.04296
  -0.04464
  -0.04417
  -0.04157
  -0.03697
  -0.03059
  -0.02273
  -0.01379
  -0.00417
   0.00564
   0.01518
   0.02399
   0.03165
   0.03778
   0.04209
   0.04437
   0.04452
   0.04252
   0.03848
   0.03258
   0.02511
   0.01643
   0.00696
  -0.00284
  -0.01251
  -0.02158
  -0.02960
  -0.03620
  -0.04106
  -0.04394
  -0.04470
  -0.04331
  -0.03983
  -0.03444
  -0.02738
  -0.01901
  -0.00972
   0.00004
   0.00979
   0.01907
   0.02744
   0.03448
   0.03986
   0.04333
   0.04470
   0.04392
   0.04103
   0.03616
   0.02955
   0.02151
   0.01244
   0.00277
  -0.00703
  -0.01650
  -0.02517
  -0.03263
  -0.03851
  -0.04254
  -0.04453
  -0.04436
  -0.04207
  -0.03774
  -0.03160
  -0.02393
  -0.01511
  -0.00557
   0.00424
   0.01385
   0.02280
   0.03064
   0.03701
   0.04159
   0.04418
   0.04463
   0.04294
   0.03917
   0.03352
   0.02626
   0.01773
   0.00834
  -0.00144
  -0.01116
  -0.02034
  -0.02853
  -0.03536
  -0.04048
  -0.04365
  -0.04472
  -0.04364
  -0.04045
  -0.03531
  -0.02848
  -0.02027
  -0.01109
  -0.00137
   0.00842
   0.01779
   0.02632
   0.03357
   0.03921
   0.04296
   0.04464
   0.04417
   0.04157
   0.03697
   0.03059
   0.02273
   0.01379
   0.00417
  -0.00564
  -0.01518
  -0.02399
  -0.03165
  -0.03778
  -0.04209
  -0.04437
  -0.04452
  -0.04252
  -0.03848
  -0.03258
  -0.02511
  -0.01643
  -0.00696
   0.00284
   0.01251
   0.02158
   0.02960
   0.03620
   0.04106
   0.04394
   0.04470
   0.04331
   0.03983
   0.03444
   0.02738
   0.01901
   0.00972
  -0.00004
