   0.03591
  -0.04066
   0.00327
   0.03751
  -0.03941
   0.00046
   0.03897
  -0.03800
  -0.00235
   0.04027
  -0.03645
  -0.00515
   0.04141
  -0.03475
  -0.00793
   0.04239
  -0.03291
  -0.01067
   0.04320
  -0.03095
  -0.01338
   0.04384
  -0.02886
  -0.01603
   0.04431
  -0.02666
  -0.01862
   0.04460
  -0.02435
  -0.02114
   0.04472
  -0.02195
  -0.02357
   0.04466
  -0.01946
  -0.02591
   0.04442
  -0.01689
  -0.02815
   0.04401
  -0.01426
  -0.03028
   0.04343
  -0.01157
  -0.03228
   0.04267
  -0.00883
  -0.03416
   0.04175
  -0.00606
  -0.03591
   0.04066
  -0.00327
  -0.03751
   0.03941
  -0.00046
  -0.03897
   0.03800
   0.00235
  -0.04027
   0.03645
   0.00515
  -0.04141
   0.03475
   0.00793
  -0.04239
   0.03291
   0.01067
  -0.04320
   0.03095
   0.01338
  -0.04384
   0.02886
   0.01603
  -0.04431
   0.02666
   0.01862
  -0.04460
   0.02435
   0.02114
  -0.04472
   0.02195
   0.02357
  -0.04466
   0.01946
   0.02591
  -0.04442
   0.01689
   0.02815
  -0.04401
   0.01426
   0.03028
  -0.04343
   0.01157
   0.03228
  -0.04267
   0.00883
   0.03416
  -0.04175
   0.00606
   0.03591
  -0.04066
   0.00327
   0.03751
  -0.03941
   0.00046
   0.03897
  -0.03800
  -0.00235
   0.04027
  -0.03645
  -0.00515
   0.04141
  -0.03475
  -0.00793
   0.04239
  -0.03291
  -0.01067
   0.04320
  -0.03095
  -0.01338
   0.04384
  -0.02886
  -0.01603
   0.04431
  -0.02666
  -0.01862
   0.04460
  -0.02435
  -0.02114
   0.04472
  -0.02195
  -0.02357
   0.04466
  -0.01946
  -0.02591
   0.04442
  -0.01689
  -0.02815
   0.04401
  -0.01426
  -0.03028
   0.04343
  -0.01157
  -0.03228
   0.04267
  -0.00883
  -0.03416
   0.04175
  -0.00606
  -0.03591
   0.04066
  -0.00327
  -0.03751
   0.03941
  -0.00046
  -0.03897
   0.03800
   0.00235
  -0.04027
   0.03645
   0.00515
  -0.04141
   0.03475
   0.00793
  -0.04239
   0.03291
   0.01067
  -0.04320
   0.03095
   0.01338
  -0.04384
   0.02886
   0.01603
  -0.04431
   0.02666
   0.01862
  -0.04460
   0.02435
   0.02114
  -0.04472
   0.02195
   0.02357
  -0.04466
   0.01946
   0.02591
  -0.04442
   0.01689
   0.02815
  -0.04401
   0.01426
   0.03028
  -0.04343
   0.01157
   0.03228
  -0.04267
   0.00883
   0.03416
  -0.04175
   0.00606
   0.03591
  -0.04066
   0.00327
   0.03751
  -0.03941
   0.00046
   0.03897
  -0.03800
  -0.00235
   0.04027
  -0.03645
  -0.00515
   0.04141
  -0.03475
  -0.00793
   0.04239
  -0.03291
  -0.01067
   0.04320
  -0.03095
  -0.01338
   0.04384
  -0.02886
  -0.01603
   0.04431
  -0.02666
  -0.01862
   0.04460
  -0.02435
  -0.02114
   0.04472
  -0.02195
  -0.02357
   0.04466
  -0.01946
  -0.02591
   0.04442
  -0.01689
  -0.02815
   0.04401
  -0.01426
  -0.03028
   0.04343
  -0.01157
  -0.03228
   0.04267
  -0.00883
  -0.03416
   0.04175
  -0.00606
  -0.03591
   0.04066
  -0.00327
  -0.03751
   0.03941
  -0.00046
  -0.03897
   0.03800
   0.00235
  -0.04027
   0.03645
   0.00515
  -0.04141
   0.03475
   0.00793
  -0.04239
   0.03291
   0.01067
  -0.04320
   0.03095
   0.01338
  -0.04384
   0.02886
   0.01603
  -0.04431
   0.02666
   0.01862
  -0.04460
   0.02435
   0.02114
  -0.04472
   0.02195
   0.02357
  -0.04466
   0.01946
   0.02591
  -0.04442
   0.01689
   0.02815
  -0.04401
   0.01426
   0.03028
  -0.04343
   0.01157
   0.03228
  -0.04267
   0.00883
   0.03416
  -0.04175
   0.00606
   0.03591
  -0.04066
   0.00327
   0.03751
  -0.03941
   0.00046
   0.03897
  -0.03800
  -0.00235
   0.04027
  -0.03645
  -0.00515
   0.04141
  -0.03475
  -0.00793
   0.04239
  -0.03291
  -0.01067
   0.04320
  -0.03095
  -0.01338
   0.04384
  -0.02886
  -0.01603
   0.04431
  -0.02666
  -0.01862
   0.04460
  -0.02435
  -0.02114
   0.04472
  -0.02195
  -0.02357
   0.04466
  -0.01946
  -0.02591
   0.04442
  -0.01689
  -0.02815
   0.04401
  -0.01426
  -0.03028
   0.04343
  -0.01157
  -0.03228
   0.04267
  -0.00883
  -0.03416
   0.04175
  -0.00606
  -0.03591
   0.04066
  -0.00327
  -0.03751
   0.03941
  -0.00046
  -0.03897
   0.03800
   0.00235
  -0.04027
   0.03645
   0.00515
  -0.04141
   0.03475
   0.00793
  -0.04239
   0.03291
   0.01067
  -0.04320
   0.03095
   0.01338
  -0.04384
   0.02886
   0.01603
  -0.04431
   0.02666
   0.01862
  -0.04460
   0.02435
   0.02114
  -0.04472
   0.02195
   0.02357
  -0.04466
   0.01946
   0.02591
  -0.04442
   0.01689
   0.02815
  -0.04401
   0.01426
   0.03028
  -0.04343
   0.01157
   0.03228
  -0.04267
   0.00883
   0.03416
  -0.04175
   0.00606
   0.03591
  -0.04066
   0.00327
   0.03751
  -0.03941
   0.00046
   0.03897
  -0.03800
  -0.00235
   0.04027
  -0.03645
  -0.00515
   0.04141
  -0.03475
  -0.00793
   0.04239
  -0.03291
  -0.01067
   0.04320
  -0.03095
  -0.01338
   0.04384
  -0.02886
  -0.01603
   0.04431
  -0.02666
  -0.01862
   0.04460
  -0.02435
  -0.02114
   0.04472
  -0.02195
  -0.02357
   0.04466
  -0.01946
  -0.02591
   0.04442
  -0.01689
  -0.02815
   0.04401
  -0.01426
  -0.03028
   0.04343
  -0.01157
  -0.03228
   0.04267
  -0.00883
  -0.03416
   0.04175
  -0.00606
  -0.03591
   0.04066
  -0.00327
  -0.03751
   0.03941
  -0.00046
  -0.03897
   0.03800
   0.00235
  -0.04027
   0.03645
   0.00515
  -0.04141
   0.03475
   0.00793
  -0.04239
   0.03291
   0.01067
  -0.04320
   0.03095
   0.01338
  -0.04384
   0.02886
   0.01603
  -0.04431
   0.02666
   0.01862
  -0.04460
   0.02435
   0.02114
  -0.04472
   0.02195
   0.02357
  -0.04466
   0.01946
   0.02591
  -0.04442
   0.01689
   0.02815
  -0.04401
   0.01426
   0.03028
  -0.04343
   0.01157
   0.03228
  -0.04267
   0.00883
   0.03416
  -0.04175
   0.00606
   0.03591
  -0.04066
   0.00327
   0.03751
  -0.03941
   0.00046
   0.03897
  -0.03800
  -0.00235
   0.04027
  -0.03645
  -0.00515
   0.04141
  -0.03475
  -0.00793
   0.04239
  -0.03291
  -0.01067
   0.04320
  -0.03095
  -0.01338
   0.04384
  -0.02886
  -0.01603
   0.04431
  -0.02666
  -0.01862
   0.04460
  -0.02435
  -0.02114
   0.04472
  -0.02195
  -0.02357
   0.04466
  -0.01946
  -0.02591
   0.04442
  -0.01689
  -0.02815
   0.04401
  -0.01426
  -0.03028
   0.04343
  -0.01157
  -0.03228
   0.04267
  -0.00883
  -0.03416
   0.04175
  -0.00606
  -0.03591
   0.04066
  -0.00327
  -0.03751
   0.03941
  -0.00046
  -0.03897
   0.03800
   0.00235
  -0.04027
   0.03645
   0.00515
  -0.04141
   0.03475
   0.00793
  -0.04239
   0.03291
   0.01067
  -0.04320
   0.03095
   0.01338
  -0.04384
   0.02886
   0.01603
  -0.04431
   0.02666
   0.01862
  -0.04460
   0.02435
   0.02114
  -0.04472
   0.02195
   0.02357
  -0.04466
   0.01946
   0.02591
  -0.04442
   0.01689
   0.02815
  -0.04401
   0.01426
   0.03028
  -0.04343
   0.01157
   0.03228
  -0.04267
   0.00883
   0.03416
  -0.04175
   0.00606
   0.03591
  -0.04066
   0.00327
   0.03751
  -0.03941
   0.00046
   0.03897
  -0.03800
  -0.00235
   0.04027
  -0.03645
  -0.00515
   0.04141
  -0.03475
  -0.00793
   0.04239
  -0.03291
  -0.01067
   0.04320
  -0.03095
  -0.01338
   0.04384
  -0.02886
  -0.01603
   0.04431
  -0.02666
  -0.01862
   0.04460
  -0.02435
  -0.02114
   0.04472
  -0.02195
  -0.02357
   0.04466
  -0.01946
  -0.02591
   0.04442
  -0.01689
  -0.02815
   0.04401
  -0.01426
  -0.03028
   0.04343
  -0.01157
  -0.03228
   0.04267
  -0.00883
  -0.03416
   0.04175
  -0.00606
  -0.03591
   0.04066
  -0.00327
  -0.03751
   0.03941
  -0.00046
  -0.03897
   0.03800
   0.00235
  -0.04027
   0.03645
   0.00515
  -0.04141
   0.03475
   0.00793
  -0.04239
   0.03291
   0.01067
  -0.04320
   0.03095
   0.01338
  -0.04384
   0.02886
   0.01603
  -0.04431
   0.02666
   0.01862
  -0.04460
   0.02435
   0.02114
  -0.04472
   0.02195
   0.02357
  -0.04466
   0.01946
   0.02591
  -0.04442
   0.01689
   0.02815
  -0.04401
   0.01426
   0.03028
  -0.04343
   0.01157
   0.03228
  -0.04267
   0.00883
   0.03416
  -0.04175
   0.00606
   0.03591
  -0.04066
   0.00327
   0.03751
  -0.03941
   0.00046
   0.03897
  -0.03800
  -0.00235
   0.04027
  -0.03645
  -0.00515
   0.04141
  -0.03475
  -0.00793
   0.04239
  -0.03291
  -0.01067
   0.04320
  -0.03095
  -0.01338
   0.04384
  -0.02886
  -0.01603
   0.04431
  -0.02666
  -0.01862
   0.04460
  -0.02435
  -0.02114
   0.04472
  -0.02195
  -0.02357
   0.04466
  -0.01946
  -0.02591
   0.04442
  -0.01689
  -0.02815
   0.04401
  -0.01426
  -0.03028
   0.04343
  -0.01157
  -0.03228
   0.04267
  -0.00883
  -0.03416
   0.04175
  -0.00606
  -0.03591
   0.04066
  -0.00327
  -0.03751
   0.03941
  -0.00046
  -0.03897
   0.03800
   0.00235
  -0.04027
   0.03645
   0.00515
  -0.04141
   0.03475
   0.00793
  -0.04239
   0.03291
   0.01067
  -0.04320
   0.03095
   0.01338
  -0.04384
   0.02886
   0.01603
  -0.04431
   0.02666
   0.01862
  -0.04460
   0.02435
   0.02114
  -0.04472
   0.02195
   0.02357
  -0.04466
   0.01946
   0.02591
  -0.04442
   0.01689
   0.02815
  -0.04401
   0.01426
   0.03028
  -0.04343
   0.01157
   0.03228
  -0.04267
   0.00883
   0.03416
  -0.04175
   0.00606
   0.03591
  -0.04066
   0.00327
   0.03751
  -0.03941
   0.00046
   0.03897
  -0.03800
  -0.00235
   0.04027
  -0.03645
  -0.00515
   0.04141
  -0.03475
  -0.00793
   0.04239
  -0.03291
  -0.01067
   0.04320
  -0.03095
  -0.01338
   0.04384
  -0.02886
  -0.01603
   0.04431
  -0.02666
  -0.01862
   0.04460
  -0.02435
  -0.02114
   0.04472
  -0.02195
  -0.02357
   0.04466
  -0.01946
  -0.02591
   0.04442
  -0.01689
  -0.02815
   0.04401
  -0.01426
  -0.03028
   0.04343
  -0.01157
  -0.03228
   0.04267
  -0.00883
  -0.03416
   0.04175
  -0.00606
  -0.03591
   0.04066
  -0.00327
  -0.03751
   0.03941
  -0.00046
  -0.03897
   0.03800
   0.00235
  -0.04027
   0.03645
   0.00515
  -0.04141
   0.03475
   0.00793
  -0.04239
   0.03291
   0.01067
  -0.04320
   0.03095
   0.01338
  -0.04384
   0.02886
   0.01603
  -0.04431
   0.02666
   0.01862
  -0.04460
   0.02435
   0.02114
  -0.04472
   0.02195
   0.02357
  -0.04466
   0.01946
   0.02591
  -0.04442
   0.01689
   0.02815
  -0.04401
   0.01426
   0.03028
  -0.04343
   0.01157
   0.03228
  -0.04267
   0.00883
   0.03416
  -0.04175
   0.00606
   0.03591
  -0.04066
   0.00327
   0.03751
  -0.03941
   0.00046
   0.03897
  -0.03800
  -0.00235
   0.04027
  -0.03645
  -0.00515
   0.04141
  -0.03475
  -0.00793
   0.04239
  -0.03291
  -0.01067
   0.04320
  -0.03095
  -0.01338
   0.04384
  -0.02886
  -0.01603
   0.04431
  -0.02666
  -0.01862
   0.04460
  -0.02435
  -0.02114
   0.04472
  -0.02195
  -0.02357
   0.04466
  -0.01946
  -0.02591
   0.04442
  -0.01689
  -0.02815
   0.04401
  -0.01426
  -0.03028
   0.04343
  -0.01157
  -0.03228
   0.04267
  -0.00883
  -0.03416
   0.04175
  -0.00606
  -0.03591
   0.04066
  -0.00327
  -0.03751
   0.03941
  -0.00046
  -0.03897
   0.03800
   0.00235
  -0.04027
   0.03645
   0.00515
  -0.04141
   0.03475
   0.00793
  -0.04239
   0.03291
   0.01067
  -0.04320
   0.03095
   0.01338
  -0.04384
   0.02886
   0.01603
  -0.04431
   0.02666
   0.01862
  -0.04460
   0.02435
   0.02114
  -0.04472
   0.02195
   0.02357
  -0.04466
   0.01946
   0.02591
  -0.04442
   0.01689
   0.02815
  -0.04401
   0.01426
   0.03028
  -0.04343
   0.01157
   0.03228
  -0.04267
   0.00883
   0.03416
  -0.04175
   0.00606
