  -0.00705
  -0.01387
  -0.02035
  -0.02633
  -0.03166
  -0.03621
  -0.03987
  -0.04255
  -0.04418
  -0.04472
  -0.04416
  -0.04252
  -0.03982
  -0.03615
  -0.03159
  -0.02624
  -0.02026
  -0.01377
  -0.00694
   0.00005
   0.00705
   0.01387
   0.02035
   0.02633
   0.03166
   0.03621
   0.03987
   0.04255
   0.04418
   0.04472
   0.04416
   0.04252
   0.03982
   0.03615
   0.03159
   0.02624
   0.02026
   0.01377
   0.00694
  -0.00005
  -0.00705
  -0.01387
  -0.02035
  -0.02633
  -0.03166
  -0.03621
  -0.03987
  -0.04255
  -0.04418
  -0.04472
  -0.04416
  -0.04252
  -0.03982
  -0.03615
  -0.03159
  -0.02624
  -0.02026
  -0.01377
  -0.00694
   0.00005
   0.00705
   0.01387
   0.02035
   0.02633
   0.03166
   0.03621
   0.03987
   0.04255
   0.04418
   0.04472
   0.04416
   0.04252
   0.03982
   0.03615
   0.03159
   0.02624
   0.02026
   0.01377
   0.00694
  -0.00005
  -0.00705
  -0.01387
  -0.02035
  -0.02633
  -0.03166
  -0.03621
  -0.03987
  -0.04255
  -0.04418
  -0.04472
  -0.04416
  -0.04252
  -0.03982
  -0.03615
  -0.03159
  -0.02624
  -0.02026
  -0.01377
  -0.00694
   0.00005
   0.00705
   0.01387
   0.02035
   0.02633
   0.03166
   0.03621
   0.03987
   0.04255
   0.04418
   0.04472
   0.04416
   0.04252
   0.03982
   0.03615
   0.03159
   0.02624
   0.02026
   0.01377
   0.00694
  -0.00005
  -0.00705
  -0.01387
  -0.02035
  -0.02633
  -0.03166
  -0.03621
  -0.03987
  -0.04255
  -0.04418
  -0.04472
  -0.04416
  -0.04252
  -0.03982
  -0.03615
  -0.03159
  -0.02624
  -0.02026
  -0.01377
  -0.00694
   0.00005
   0.00705
   0.01387
   0.02035
   0.02633
   0.03166
   0.03621
   0.03987
   0.04255
   0.04418
   0.04472
   0.04416
   0.04252
   0.03982
   0.03615
   0.03159
   0.02624
   0.02026
   0.01377
   0.00694
  -0.00005
  -0.00705
  -0.01387
  -0.02035
  -0.02633
  -0.03166
  -0.03621
  -0.03987
  -0.04255
  -0.04418
  -0.04472
  -0.04416
  -0.04252
  -0.03982
  -0.03615
  -0.03159
  -0.02624
  -0.02026
  -0.01377
  -0.00694
   0.00005
   0.00705
   0.01387
   0.02035
   0.02633
   0.03166
   0.03621
   0.03987
   0.04255
   0.04418
   0.04472
   0.04416
   0.04252
   0.03982
   0.03615
   0.03159
   0.02624
   0.02026
   0.01377
   0.00694
  -0.00005
  -0.00705
  -0.01387
  -0.02035
  -0.02633
  -0.03166
  -0.03621
  -0.03987
  -0.04255
  -0.04418
  -0.04472
  -0.04416
  -0.04252
  -0.03982
  -0.03615
  -0.03159
  -0.02624
  -0.02026
  -0.01377
  -0.00694
   0.00005
   0.00705
   0.01387
   0.02035
   0.02633
   0.03166
   0.03621
   0.03987
   0.04255
   0.04418
   0.04472
   0.04416
   0.04252
   0.03982
   0.03615
   0.03159
   0.02624
   0.02026
   0.01377
   0.00694
  -0.00005
  -0.00705
  -0.01387
  -0.02035
  -0.02633
  -0.03166
  -0.03621
  -0.03987
  -0.04255
  -0.04418
  -0.04472
  -0.04416
  -0.04252
  -0.03982
  -0.03615
  -0.03159
  -0.02624
  -0.02026
  -0.01377
  -0.00694
   0.00005
   0.00705
   0.01387
   0.02035
   0.02633
   0.03166
   0.03621
   0.03987
   0.04255
   0.04418
   0.04472
   0.04416
   0.04252
   0.03982
   0.03615
   0.03159
   0.02624
   0.02026
   0.01377
   0.00694
  -0.00005
  -0.00705
  -0.01387
  -0.02035
  -0.02633
  -0.03166
  -0.03621
  -0.03987
  -0.04255
  -0.04418
  -0.04472
  -0.04416
  -0.04252
  -0.03982
  -0.03615
  -0.03159
  -0.02624
  -0.02026
  -0.01377
  -0.00694
   0.00005
   0.00705
   0.01387
   0.02035
   0.02633
   0.03166
   0.03621
   0.03987
   0.04255
   0.04418
   0.04472
   0.04416
   0.04252
   0.03982
   0.03615
   0.03159
   0.02624
   0.02026
   0.01377
   0.00694
  -0.00005
  -0.00705
  -0.01387
  -0.02035
  -0.02633
  -0.03166
  -0.03621
  -0.03987
  -0.04255
  -0.04418
  -0.04472
  -0.04416
  -0.04252
  -0.03982
  -0.03615
  -0.03159
  -0.02624
  -0.02026
  -0.01377
  -0.00694
   0.00005
   0.00705
   0.01387
   0.02035
   0.02633
   0.03166
   0.03621
   0.03987
   0.04255
   0.04418
   0.04472
   0.04416
   0.04252
   0.03982
   0.03615
   0.03159
   0.02624
   0.02026
   0.01377
   0.00694
  -0.00005
  -0.00705
  -0.01387
  -0.02035
  -0.02633
  -0.03166
  -0.03621
  -0.03987
  -0.04255
  -0.04418
  -0.04472
  -0.04416
  -0.04252
  -0.03982
  -0.03615
  -0.03159
  -0.02624
  -0.02026
  -0.01377
  -0.00694
   0.00005
   0.00705
   0.01387
   0.02035
   0.02633
   0.03166
   0.03621
   0.03987
   0.04255
   0.04418
   0.04472
   0.04416
   0.04252
   0.03982
   0.03615
   0.03159
   0.02624
   0.02026
   0.01377
   0.00694
  -0.00005
  -0.00705
  -0.01387
  -0.02035
  -0.02633
  -0.03166
  -0.03621
  -0.03987
  -0.04255
  -0.04418
  -0.04472
  -0.04416
  -0.04252
  -0.03982
  -0.03615
  -0.03159
  -0.02624
  -0.02026
  -0.01377
  -0.00694
   0.00005
   0.00705
   0.01387
   0.02035
   0.02633
   0.03166
   0.03621
   0.03987
   0.04255
   0.04418
   0.04472
   0.04416
   0.04252
   0.03982
   0.03615
   0.03159
   0.02624
   0.02026
   0.01377
   0.00694
  -0.00005
  -0.00705
  -0.01387
  -0.02035
  -0.02633
  -0.03166
  -0.03621
  -0.03987
  -0.04255
  -0.04418
  -0.04472
  -0.04416
  -0.04252
  -0.03982
  -0.03615
  -0.03159
  -0.02624
  -0.02026
  -0.01377
  -0.00694
   0.00005
   0.00705
   0.01387
   0.02035
   0.02633
   0.03166
   0.03621
   0.03987
   0.04255
   0.04418
   0.04472
   0.04416
   0.04252
   0.03982
   0.03615
   0.03159
   0.02624
   0.02026
   0.01377
   0.00694
  -0.00005
  -0.00705
  -0.01387
  -0.02035
  -0.02633
  -0.03166
  -0.03621
  -0.03987
  -0.04255
  -0.04418
  -0.04472
  -0.04416
  -0.04252
  -0.03982
  -0.03615
  -0.03159
  -0.02624
  -0.02026
  -0.01377
  -0.00694
   0.00005
   0.00705
   0.01387
   0.02035
   0.02633
   0.03166
   0.03621
   0.03987
   0.04255
   0.04418
   0.04472
   0.04416
   0.04252
   0.03982
   0.03615
   0.03159
   0.02624
   0.02026
   0.01377
   0.00694
  -0.00005
  -0.00705
  -0.01387
  -0.02035
  -0.02633
  -0.03166
  -0.03621
  -0.03987
  -0.04255
  -0.04418
  -0.04472
  -0.04416
  -0.04252
  -0.03982
  -0.03615
  -0.03159
  -0.02624
  -0.02026
  -0.01377
  -0.00694
   0.00005
   0.00705
   0.01387
   0.02035
   0.02633
   0.03166
   0.03621
   0.03987
   0.04255
   0.04418
   0.04472
   0.04416
   0.04252
   0.03982
   0.03615
   0.03159
   0.02624
   0.02026
   0.01377
   0.00694
  -0.00005
  -0.00705
  -0.01387
  -0.02035
  -0.02633
  -0.03166
  -0.03621
  -0.03987
  -0.04255
  -0.04418
  -0.04472
  -0.04416
  -0.04252
  -0.03982
  -0.03615
  -0.03159
  -0.02624
  -0.02026
  -0.01377
  -0.00694
   0.00005
   0.00705
   0.01387
   0.02035
   0.02633
   0.03166
   0.03621
   0.03987
   0.04255
   0.04418
   0.04472
   0.04416
   0.04252
   0.03982
   0.03615
   0.03159
   0.02624
   0.02026
   0.01377
   0.00694
  -0.00005
  -0.00705
  -0.01387
  -0.02035
  -0.02633
  -0.03166
  -0.03621
  -0.03987
  -0.04255
  -0.04418
  -0.04472
  -0.04416
  -0.04252
  -0.03982
  -0.03615
  -0.03159
  -0.02624
  -0.02026
  -0.01377
  -0.00694
   0.00005
   0.00705
   0.01387
   0.02035
   0.02633
   0.03166
   0.03621
   0.03987
   0.04255
   0.04418
   0.04472
   0.04416
   0.04252
   0.03982
   0.03615
   0.03159
   0.02624
   0.02026
   0.01377
   0.00694
  -0.00005
  -0.00705
  -0.01387
  -0.02035
  -0.02633
  -0.03166
  -0.03621
  -0.03987
  -0.04255
  -0.04418
  -0.04472
  -0.04416
  -0.04252
  -0.03982
  -0.03615
  -0.03159
  -0.02624
  -0.02026
  -0.01377
  -0.00694
   0.00005
   0.00705
   0.01387
   0.02035
   0.02633
   0.03166
   0.03621
   0.03987
   0.04255
   0.04418
   0.04472
   0.04416
   0.04252
   0.03982
   0.03615
   0.03159
   0.02624
   0.02026
   0.01377
   0.00694
  -0.00005
  -0.00705
  -0.01387
  -0.02035
  -0.02633
  -0.03166
  -0.03621
  -0.03987
  -0.04255
  -0.04418
  -0.04472
  -0.04416
  -0.04252
  -0.03982
  -0.03615
  -0.03159
  -0.02624
  -0.02026
  -0.01377
  -0.00694
   0.00005
   0.00705
   0.01387
   0.02035
   0.02633
   0.03166
   0.03621
   0.03987
   0.04255
   0.04418
   0.04472
   0.04416
   0.04252
   0.03982
   0.03615
   0.03159
   0.02624
   0.02026
   0.01377
   0.00694
  -0.00005
  -0.00705
  -0.01387
  -0.02035
  -0.02633
  -0.03166
  -0.03621
  -0.03987
  -0.04255
  -0.04418
  -0.04472
  -0.04416
  -0.04252
  -0.03982
  -0.03615
  -0.03159
  -0.02624
  -0.02026
  -0.01377
  -0.00694
   0.00005
   0.00705
   0.01387
   0.02035
   0.02633
   0.03166
   0.03621
   0.03987
   0.04255
   0.04418
   0.04472
   0.04416
   0.04252
   0.03982
   0.03615
   0.03159
   0.02624
   0.02026
   0.01377
   0.00694
  -0.00005
  -0.00705
  -0.01387
  -0.02035
  -0.02633
  -0.03166
  -0.03621
  -0.03987
  -0.04255
  -0.04418
  -0.04472
  -0.04416
  -0.04252
  -0.03982
  -0.03615
  -0.03159
  -0.02624
  -0.02026
  -0.01377
  -0.00694
   0.00005
   0.00705
   0.01387
   0.02035
   0.02633
   0.03166
   0.03621
   0.03987
   0.04255
   0.04418
   0.04472
   0.04416
   0.04252
   0.03982
   0.03615
   0.03159
   0.02624
   0.02026
   0.01377
   0.00694
  -0.00005
  -0.00705
  -0.01387
  -0.02035
  -0.02633
  -0.03166
  -0.03621
  -0.03987
  -0.04255
  -0.04418
  -0.04472
  -0.04416
  -0.04252
  -0.03982
  -0.03615
  -0.03159
  -0.02624
  -0.02026
  -0.01377
  -0.00694
   0.00005
   0.00705
   0.01387
   0.02035
   0.02633
   0.03166
   0.03621
   0.03987
   0.04255
   0.04418
   0.04472
   0.04416
   0.04252
   0.03982
   0.03615
   0.03159
   0.02624
   0.02026
   0.01377
   0.00694
  -0.00005
  -0.00705
  -0.01387
  -0.02035
  -0.02633
  -0.03166
  -0.03621
  -0.03987
  -0.04255
  -0.04418
  -0.04472
  -0.04416
  -0.04252
  -0.03982
  -0.03615
  -0.03159
  -0.02624
  -0.02026
  -0.01377
  -0.00694
   0.00005
   0.00705
   0.01387
   0.02035
   0.02633
   0.03166
   0.03621
   0.03987
   0.04255
   0.04418
   0.04472
   0.04416
   0.04252
   0.03982
   0.03615
   0.03159
   0.02624
   0.02026
   0.01377
   0.00694
  -0.00005
  -0.00705
  -0.01387
  -0.02035
  -0.02633
  -0.03166
  -0.03621
  -0.03987
  -0.04255
  -0.04418
  -0.04472
  -0.04416
  -0.04252
  -0.03982
  -0.03615
  -0.03159
  -0.02624
  -0.02026
  -0.01377
  -0.00694
   0.00005
   0.00705
   0.01387
   0.02035
   0.02633
   0.03166
   0.03621
   0.03987
   0.04255
   0.04418
   0.04472
   0.04416
   0.04252
   0.03982
   0.03615
   0.03159
   0.02624
   0.02026
   0.01377
   0.00694
  -0.00005
  -0.00705
  -0.01387
  -0.02035
  -0.02633
  -0.03166
  -0.03621
  -0.03987
  -0.04255
  -0.04418
  -0.04472
  -0.04416
  -0.04252
  -0.03982
  -0.03615
  -0.03159
  -0.02624
  -0.02026
  -0.01377
  -0.00694
   0.00005
   0.00705
   0.01387
   0.02035
   0.02633
   0.03166
   0.03621
   0.03987
   0.04255
   0.04418
   0.04472
   0.04416
   0.04252
   0.03982
   0.03615
   0.03159
   0.02624
   0.02026
   0.01377
   0.00694
  -0.00005
  -0.00705
  -0.01387
  -0.02035
  -0.02633
  -0.03166
  -0.03621
  -0.03987
  -0.04255
  -0.04418
  -0.04472
  -0.04416
  -0.04252
  -0.03982
  -0.03615
  -0.03159
  -0.02624
  -0.02026
  -0.01377
  -0.00694
   0.00005
   0.00705
   0.01387
   0.02035
   0.02633
   0.03166
   0.03621
   0.03987
   0.04255
   0.04418
   0.04472
   0.04416
   0.04252
   0.03982
   0.03615
   0.03159
   0.02624
   0.02026
   0.01377
   0.00694
  -0.00005
