  -0.03895
  -0.02307
  -0.00119
   0.02099
   0.03772
   0.04466
   0.04001
   0.02496
   0.00344
  -0.01898
  -0.03647
  -0.04449
  -0.04096
  -0.02680
  -0.00568
   0.01692
   0.03512
   0.04420
   0.04181
   0.02856
   0.00790
  -0.01482
  -0.03368
  -0.04381
  -0.04255
  -0.03025
  -0.01010
   0.01268
   0.03216
   0.04330
   0.04319
   0.03187
   0.01227
  -0.01051
  -0.03056
  -0.04268
  -0.04372
  -0.03341
  -0.01442
   0.00831
   0.02888
   0.04196
   0.04414
   0.03486
   0.01653
  -0.00609
  -0.02713
  -0.04113
  -0.04444
  -0.03622
  -0.01860
   0.00386
   0.02531
   0.04019
   0.04464
   0.03749
   0.02062
  -0.00161
  -0.02343
  -0.03916
  -0.04472
  -0.03867
  -0.02258
  -0.00063
   0.02148
   0.03802
   0.04469
   0.03975
   0.02449
   0.00288
  -0.01948
  -0.03679
  -0.04454
  -0.04073
  -0.02634
  -0.00512
   0.01744
   0.03547
   0.04428
   0.04161
   0.02813
   0.00734
  -0.01535
  -0.03405
  -0.04392
  -0.04238
  -0.02984
  -0.00955
   0.01322
   0.03255
   0.04344
   0.04304
   0.03147
   0.01173
  -0.01105
  -0.03097
  -0.04285
  -0.04360
  -0.03303
  -0.01389
   0.00886
   0.02931
   0.04215
   0.04404
   0.03450
   0.01601
  -0.00665
  -0.02758
  -0.04134
  -0.04438
  -0.03589
  -0.01808
   0.00442
   0.02577
   0.04043
   0.04460
   0.03718
   0.02012
  -0.00218
  -0.02390
  -0.03942
  -0.04471
  -0.03839
  -0.02210
  -0.00007
   0.02197
   0.03831
   0.04471
   0.03949
   0.02402
   0.00232
  -0.01999
  -0.03711
  -0.04459
  -0.04050
  -0.02589
  -0.00456
   0.01795
   0.03580
   0.04436
   0.04140
   0.02769
   0.00679
  -0.01587
  -0.03441
  -0.04402
  -0.04220
  -0.02942
  -0.00900
   0.01375
   0.03293
   0.04357
   0.04289
   0.03107
   0.01119
  -0.01160
  -0.03137
  -0.04300
  -0.04347
  -0.03265
  -0.01335
   0.00941
   0.02973
   0.04233
   0.04394
   0.03414
   0.01548
  -0.00720
  -0.02802
  -0.04155
  -0.04430
  -0.03555
  -0.01757
   0.00498
   0.02623
   0.04067
   0.04455
   0.03687
   0.01961
  -0.00274
  -0.02438
  -0.03969
  -0.04469
  -0.03809
  -0.02161
   0.00049
   0.02246
   0.03860
   0.04472
   0.03922
   0.02355
   0.00176
  -0.02049
  -0.03742
  -0.04463
  -0.04025
  -0.02543
  -0.00400
   0.01847
   0.03614
   0.04443
   0.04118
   0.02724
   0.00623
  -0.01640
  -0.03477
  -0.04411
  -0.04201
  -0.02899
  -0.00845
   0.01429
   0.03331
   0.04369
   0.04272
   0.03067
   0.01065
  -0.01214
  -0.03177
  -0.04315
  -0.04333
  -0.03226
  -0.01281
   0.00996
   0.03015
   0.04251
   0.04383
   0.03378
   0.01495
  -0.00776
  -0.02845
  -0.04176
  -0.04422
  -0.03521
  -0.01705
   0.00553
   0.02668
   0.04090
   0.04450
   0.03655
   0.01911
  -0.00330
  -0.02485
  -0.03994
  -0.04467
  -0.03780
  -0.02111
   0.00105
   0.02295
   0.03888
   0.04472
   0.03895
   0.02307
   0.00119
  -0.02099
  -0.03772
  -0.04466
  -0.04001
  -0.02496
  -0.00344
   0.01898
   0.03647
   0.04449
   0.04096
   0.02680
   0.00568
  -0.01692
  -0.03512
  -0.04420
  -0.04181
  -0.02856
  -0.00790
   0.01482
   0.03368
   0.04381
   0.04255
   0.03025
   0.01010
  -0.01268
  -0.03216
  -0.04330
  -0.04319
  -0.03187
  -0.01227
   0.01051
   0.03056
   0.04268
   0.04372
   0.03341
   0.01442
  -0.00831
  -0.02888
  -0.04196
  -0.04414
  -0.03486
  -0.01653
   0.00609
   0.02713
   0.04113
   0.04444
   0.03622
   0.01860
  -0.00386
  -0.02531
  -0.04019
  -0.04464
  -0.03749
  -0.02062
   0.00161
   0.02343
   0.03916
   0.04472
   0.03867
   0.02258
   0.00063
  -0.02148
  -0.03802
  -0.04469
  -0.03975
  -0.02449
  -0.00288
   0.01948
   0.03679
   0.04454
   0.04073
   0.02634
   0.00512
  -0.01744
  -0.03547
  -0.04428
  -0.04161
  -0.02813
  -0.00734
   0.01535
   0.03405
   0.04392
   0.04238
   0.02984
   0.00955
  -0.01322
  -0.03255
  -0.04344
  -0.04304
  -0.03147
  -0.01173
   0.01105
   0.03097
   0.04285
   0.04360
   0.03303
   0.01389
  -0.00886
  -0.02931
  -0.04215
  -0.04404
  -0.03450
  -0.01601
   0.00665
   0.02758
   0.04134
   0.04438
   0.03589
   0.01808
  -0.00442
  -0.02577
  -0.04043
  -0.04460
  -0.03718
  -0.02012
   0.00218
   0.02390
   0.03942
   0.04471
   0.03839
   0.02210
   0.00007
  -0.02197
  -0.03831
  -0.04471
  -0.03949
  -0.02402
  -0.00232
   0.01999
   0.03711
   0.04459
   0.04050
   0.02589
   0.00456
  -0.01795
  -0.03580
  -0.04436
  -0.04140
  -0.02769
  -0.00679
   0.01587
   0.03441
   0.04402
   0.04220
   0.02942
   0.00900
  -0.01375
  -0.03293
  -0.04357
  -0.04289
  -0.03107
  -0.01119
   0.01160
   0.03137
   0.04300
   0.04347
   0.03265
   0.01335
  -0.00941
  -0.02973
  -0.04233
  -0.04394
  -0.03414
  -0.01548
   0.00720
   0.02802
   0.04155
   0.04430
   0.03555
   0.01757
  -0.00498
  -0.02623
  -0.04067
  -0.04455
  -0.03687
  -0.01961
   0.00274
   0.02438
   0.03969
   0.04469
   0.03809
   0.02161
  -0.00049
  -0.02246
  -0.03860
  -0.04472
  -0.03922
  -0.02355
  -0.00176
   0.02049
   0.03742
   0.04463
   0.04025
   0.02543
   0.00400
  -0.01847
  -0.03614
  -0.04443
  -0.04118
  -0.02724
  -0.00623
   0.01640
   0.03477
   0.04411
   0.04201
   0.02899
   0.00845
  -0.01429
  -0.03331
  -0.04369
  -0.04272
  -0.03067
  -0.01065
   0.01214
   0.03177
   0.04315
   0.04333
   0.03226
   0.01281
  -0.00996
  -0.03015
  -0.04251
  -0.04383
  -0.03378
  -0.01495
   0.00776
   0.02845
   0.04176
   0.04422
   0.03521
   0.01705
  -0.00553
  -0.02668
  -0.04090
  -0.04450
  -0.03655
  -0.01911
   0.00330
   0.02485
   0.03994
   0.04467
   0.03780
   0.02111
  -0.00105
  -0.02295
  -0.03888
  -0.04472
  -0.03895
  -0.02307
  -0.00119
   0.02099
   0.03772
   0.04466
   0.04001
   0.02496
   0.00344
  -0.01898
  -0.03647
  -0.04449
  -0.04096
  -0.02680
  -0.00568
   0.01692
   0.03512
   0.04420
   0.04181
   0.02856
   0.00790
  -0.01482
  -0.03368
  -0.04381
  -0.04255
  -0.03025
  -0.01010
   0.01268
   0.03216
   0.04330
   0.04319
   0.03187
   0.01227
  -0.01051
  -0.03056
  -0.04268
  -0.04372
  -0.03341
  -0.01442
   0.00831
   0.02888
   0.04196
   0.04414
   0.03486
   0.01653
  -0.00609
  -0.02713
  -0.04113
  -0.04444
  -0.03622
  -0.01860
   0.00386
   0.02531
   0.04019
   0.04464
   0.03749
   0.02062
  -0.00161
  -0.02343
  -0.03916
  -0.04472
  -0.03867
  -0.02258
  -0.00063
   0.02148
   0.03802
   0.04469
   0.03975
   0.02449
   0.00288
  -0.01948
  -0.03679
  -0.04454
  -0.04073
  -0.02634
  -0.00512
   0.01744
   0.03547
   0.04428
   0.04161
   0.02813
   0.00734
  -0.01535
  -0.03405
  -0.04392
  -0.04238
  -0.02984
  -0.00955
   0.01322
   0.03255
   0.04344
   0.04304
   0.03147
   0.01173
  -0.01105
  -0.03097
  -0.04285
  -0.04360
  -0.03303
  -0.01389
   0.00886
   0.02931
   0.04215
   0.04404
   0.03450
   0.01601
  -0.00665
  -0.02758
  -0.04134
  -0.04438
  -0.03589
  -0.01808
   0.00442
   0.02577
   0.04043
   0.04460
   0.03718
   0.02012
  -0.00218
  -0.02390
  -0.03942
  -0.04471
  -0.03839
  -0.02210
  -0.00007
   0.02197
   0.03831
   0.04471
   0.03949
   0.02402
   0.00232
  -0.01999
  -0.03711
  -0.04459
  -0.04050
  -0.02589
  -0.00456
   0.01795
   0.03580
   0.04436
   0.04140
   0.02769
   0.00679
  -0.01587
  -0.03441
  -0.04402
  -0.04220
  -0.02942
  -0.00900
   0.01375
   0.03293
   0.04357
   0.04289
   0.03107
   0.01119
  -0.01160
  -0.03137
  -0.04300
  -0.04347
  -0.03265
  -0.01335
   0.00941
   0.02973
   0.04233
   0.04394
   0.03414
   0.01548
  -0.00720
  -0.02802
  -0.04155
  -0.04430
  -0.03555
  -0.01757
   0.00498
   0.02623
   0.04067
   0.04455
   0.03687
   0.01961
  -0.00274
  -0.02438
  -0.03969
  -0.04469
  -0.03809
  -0.02161
   0.00049
   0.02246
   0.03860
   0.04472
   0.03922
   0.02355
   0.00176
  -0.02049
  -0.03742
  -0.04463
  -0.04025
  -0.02543
  -0.00400
   0.01847
   0.03614
   0.04443
   0.04118
   0.02724
   0.00623
  -0.01640
  -0.03477
  -0.04411
  -0.04201
  -0.02899
  -0.00845
   0.01429
   0.03331
   0.04369
   0.04272
   0.03067
   0.01065
  -0.01214
  -0.03177
  -0.04315
  -0.04333
  -0.03226
  -0.01281
   0.00996
   0.03015
   0.04251
   0.04383
   0.03378
   0.01495
  -0.00776
  -0.02845
  -0.04176
  -0.04422
  -0.03521
  -0.01705
   0.00553
   0.02668
   0.04090
   0.04450
   0.03655
   0.01911
  -0.00330
  -0.02485
  -0.03994
  -0.04467
  -0.03780
  -0.02111
   0.00105
   0.02295
   0.03888
   0.04472
   0.03895
   0.02307
   0.00119
  -0.02099
  -0.03772
  -0.04466
  -0.04001
  -0.02496
  -0.00344
   0.01898
   0.03647
   0.04449
   0.04096
   0.02680
   0.00568
  -0.01692
  -0.03512
  -0.04420
  -0.04181
  -0.02856
  -0.00790
   0.01482
   0.03368
   0.04381
   0.04255
   0.03025
   0.01010
  -0.01268
  -0.03216
  -0.04330
  -0.04319
  -0.03187
  -0.01227
   0.01051
   0.03056
   0.04268
   0.04372
   0.03341
   0.01442
  -0.00831
  -0.02888
  -0.04196
  -0.04414
  -0.03486
  -0.01653
   0.00609
   0.02713
   0.04113
   0.04444
   0.03622
   0.01860
  -0.00386
  -0.02531
  -0.04019
  -0.04464
  -0.03749
  -0.02062
   0.00161
   0.02343
   0.03916
   0.04472
   0.03867
   0.02258
   0.00063
  -0.02148
  -0.03802
  -0.04469
  -0.03975
  -0.02449
  -0.00288
   0.01948
   0.03679
   0.04454
   0.04073
   0.02634
   0.00512
  -0.01744
  -0.03547
  -0.04428
  -0.04161
  -0.02813
  -0.00734
   0.01535
   0.03405
   0.04392
   0.04238
   0.02984
   0.00955
  -0.01322
  -0.03255
  -0.04344
  -0.04304
  -0.03147
  -0.01173
   0.01105
   0.03097
   0.04285
   0.04360
   0.03303
   0.01389
  -0.00886
  -0.02931
  -0.04215
  -0.04404
  -0.03450
  -0.01601
   0.00665
   0.02758
   0.04134
   0.04438
   0.03589
   0.01808
  -0.00442
  -0.02577
  -0.04043
  -0.04460
  -0.03718
  -0.02012
   0.00218
   0.02390
   0.03942
   0.04471
   0.03839
   0.02210
   0.00007
  -0.02197
  -0.03831
  -0.04471
  -0.03949
  -0.02402
  -0.00232
   0.01999
   0.03711
   0.04459
   0.04050
   0.02589
   0.00456
  -0.01795
  -0.03580
  -0.04436
  -0.04140
  -0.02769
  -0.00679
   0.01587
   0.03441
   0.04402
   0.04220
   0.02942
   0.00900
  -0.01375
  -0.03293
  -0.04357
  -0.04289
  -0.03107
  -0.01119
   0.01160
   0.03137
   0.04300
   0.04347
   0.03265
   0.01335
  -0.00941
  -0.02973
  -0.04233
  -0.04394
  -0.03414
  -0.01548
   0.00720
   0.02802
   0.04155
   0.04430
   0.03555
   0.01757
  -0.00498
  -0.02623
  -0.04067
  -0.04455
  -0.03687
  -0.01961
   0.00274
   0.02438
   0.03969
   0.04469
   0.03809
   0.02161
  -0.00049
  -0.02246
  -0.03860
  -0.04472
  -0.03922
  -0.02355
  -0.00176
   0.02049
   0.03742
   0.04463
   0.04025
   0.02543
   0.00400
  -0.01847
  -0.03614
  -0.04443
  -0.04118
  -0.02724
  -0.00623
   0.01640
   0.03477
   0.04411
   0.04201
   0.02899
   0.00845
  -0.01429
  -0.03331
  -0.04369
  -0.04272
  -0.03067
  -0.01065
   0.01214
   0.03177
   0.04315
   0.04333
   0.03226
   0.01281
  -0.00996
  -0.03015
  -0.04251
  -0.04383
  -0.03378
  -0.01495
   0.00776
   0.02845
   0.04176
   0.04422
   0.03521
   0.01705
  -0.00553
  -0.02668
  -0.04090
  -0.04450
  -0.03655
  -0.01911
   0.00330
   0.02485
   0.03994
   0.04467
   0.03780
   0.02111
  -0.00105
  -0.02295
  -0.03888
  -0.04472
