   0.03994
   0.03303
  -0.01640
  -0.04472
  -0.01548
   0.03369
   0.03949
  -0.00554
  -0.04344
  -0.02543
   0.02531
   0.04347
   0.00567
  -0.03943
  -0.03378
   0.01535
   0.04472
   0.01653
  -0.03294
  -0.04000
   0.00442
   0.04316
   0.02634
  -0.02438
  -0.04372
  -0.00679
   0.03888
   0.03450
  -0.01429
  -0.04469
  -0.01757
   0.03217
   0.04049
  -0.00330
  -0.04285
  -0.02724
   0.02343
   0.04394
   0.00789
  -0.03831
  -0.03521
   0.01322
   0.04463
   0.01859
  -0.03137
  -0.04096
   0.00218
   0.04251
   0.02812
  -0.02246
  -0.04414
  -0.00900
   0.03772
   0.03589
  -0.01214
  -0.04454
  -0.01961
   0.03056
   0.04140
  -0.00106
  -0.04215
  -0.02899
   0.02148
   0.04430
   0.01010
  -0.03711
  -0.03655
   0.01106
   0.04443
   0.02061
  -0.02973
  -0.04181
  -0.00007
   0.04176
   0.02984
  -0.02049
  -0.04444
  -0.01119
   0.03647
   0.03718
  -0.00996
  -0.04429
  -0.02160
   0.02889
   0.04219
   0.00119
  -0.04134
  -0.03066
   0.01949
   0.04455
   0.01227
  -0.03581
  -0.03780
   0.00886
   0.04411
   0.02258
  -0.02802
  -0.04255
  -0.00232
   0.04090
   0.03147
  -0.01847
  -0.04464
  -0.01335
   0.03512
   0.03838
  -0.00776
  -0.04392
  -0.02354
   0.02713
   0.04289
   0.00344
  -0.04044
  -0.03226
   0.01744
   0.04469
   0.01442
  -0.03441
  -0.03895
   0.00665
   0.04369
   0.02449
  -0.02623
  -0.04319
  -0.00456
   0.03994
   0.03303
  -0.01640
  -0.04472
  -0.01548
   0.03369
   0.03949
  -0.00554
  -0.04344
  -0.02543
   0.02531
   0.04347
   0.00567
  -0.03943
  -0.03378
   0.01535
   0.04472
   0.01653
  -0.03294
  -0.04000
   0.00442
   0.04316
   0.02634
  -0.02438
  -0.04372
  -0.00679
   0.03888
   0.03450
  -0.01429
  -0.04469
  -0.01757
   0.03217
   0.04049
  -0.00330
  -0.04285
  -0.02724
   0.02343
   0.04394
   0.00789
  -0.03831
  -0.03521
   0.01322
   0.04463
   0.01859
  -0.03137
  -0.04096
   0.00218
   0.04251
   0.02812
  -0.02246
  -0.04414
  -0.00900
   0.03772
   0.03589
  -0.01214
  -0.04454
  -0.01961
   0.03056
   0.04140
  -0.00106
  -0.04215
  -0.02899
   0.02148
   0.04430
   0.01010
  -0.03711
  -0.03655
   0.01106
   0.04443
   0.02061
  -0.02973
  -0.04181
  -0.00007
   0.04176
   0.02984
  -0.02049
  -0.04444
  -0.01119
   0.03647
   0.03718
  -0.00996
  -0.04429
  -0.02160
   0.02889
   0.04219
   0.00119
  -0.04134
  -0.03066
   0.01949
   0.04455
   0.01227
  -0.03581
  -0.03780
   0.00886
   0.04411
   0.02258
  -0.02802
  -0.04255
  -0.00232
   0.04090
   0.03147
  -0.01847
  -0.04464
  -0.01335
   0.03512
   0.03838
  -0.00776
  -0.04392
  -0.02354
   0.02713
   0.04289
   0.00344
  -0.04044
  -0.03226
   0.01744
   0.04469
   0.01442
  -0.03441
  -0.03895
   0.00665
   0.04369
   0.02449
  -0.02623
  -0.04319
  -0.00456
   0.03994
   0.03303
  -0.01640
  -0.04472
  -0.01548
   0.03369
   0.03949
  -0.00554
  -0.04344
  -0.02543
   0.02531
   0.04347
   0.00567
  -0.03943
  -0.03378
   0.01535
   0.04472
   0.01653
  -0.03294
  -0.04000
   0.00442
   0.04316
   0.02634
  -0.02438
  -0.04372
  -0.00679
   0.03888
   0.03450
  -0.01429
  -0.04469
  -0.01757
   0.03217
   0.04049
  -0.00330
  -0.04285
  -0.02724
   0.02343
   0.04394
   0.00789
  -0.03831
  -0.03521
   0.01322
   0.04463
   0.01859
  -0.03137
  -0.04096
   0.00218
   0.04251
   0.02812
  -0.02246
  -0.04414
  -0.00900
   0.03772
   0.03589
  -0.01214
  -0.04454
  -0.01961
   0.03056
   0.04140
  -0.00106
  -0.04215
  -0.02899
   0.02148
   0.04430
   0.01010
  -0.03711
  -0.03655
   0.01106
   0.04443
   0.02061
  -0.02973
  -0.04181
  -0.00007
   0.04176
   0.02984
  -0.02049
  -0.04444
  -0.01119
   0.03647
   0.03718
  -0.00996
  -0.04429
  -0.02160
   0.02889
   0.04219
   0.00119
  -0.04134
  -0.03066
   0.01949
   0.04455
   0.01227
  -0.03581
  -0.03780
   0.00886
   0.04411
   0.02258
  -0.02802
  -0.04255
  -0.00232
   0.04090
   0.03147
  -0.01847
  -0.04464
  -0.01335
   0.03512
   0.03838
  -0.00776
  -0.04392
  -0.02354
   0.02713
   0.04289
   0.00344
  -0.04044
  -0.03226
   0.01744
   0.04469
   0.01442
  -0.03441
  -0.03895
   0.00665
   0.04369
   0.02449
  -0.02623
  -0.04319
  -0.00456
   0.03994
   0.03303
  -0.01640
  -0.04472
  -0.01548
   0.03369
   0.03949
  -0.00554
  -0.04344
  -0.02543
   0.02531
   0.04347
   0.00567
  -0.03943
  -0.03378
   0.01535
   0.04472
   0.01653
  -0.03294
  -0.04000
   0.00442
   0.04316
   0.02634
  -0.02438
  -0.04372
  -0.00679
   0.03888
   0.03450
  -0.01429
  -0.04469
  -0.01757
   0.03217
   0.04049
  -0.00330
  -0.04285
  -0.02724
   0.02343
   0.04394
   0.00789
  -0.03831
  -0.03521
   0.01322
   0.04463
   0.01859
  -0.03137
  -0.04096
   0.00218
   0.04251
   0.02812
  -0.02246
  -0.04414
  -0.00900
   0.03772
   0.03589
  -0.01214
  -0.04454
  -0.01961
   0.03056
   0.04140
  -0.00106
  -0.04215
  -0.02899
   0.02148
   0.04430
   0.01010
  -0.03711
  -0.03655
   0.01106
   0.04443
   0.02061
  -0.02973
  -0.04181
  -0.00007
   0.04176
   0.02984
  -0.02049
  -0.04444
  -0.01119
   0.03647
   0.03718
  -0.00996
  -0.04429
  -0.02160
   0.02889
   0.04219
   0.00119
  -0.04134
  -0.03066
   0.01949
   0.04455
   0.01227
  -0.03581
  -0.03780
   0.00886
   0.04411
   0.02258
  -0.02802
  -0.04255
  -0.00232
   0.04090
   0.03147
  -0.01847
  -0.04464
  -0.01335
   0.03512
   0.03838
  -0.00776
  -0.04392
  -0.02354
   0.02713
   0.04289
   0.00344
  -0.04044
  -0.03226
   0.01744
   0.04469
   0.01442
  -0.03441
  -0.03895
   0.00665
   0.04369
   0.02449
  -0.02623
  -0.04319
  -0.00456
   0.03994
   0.03303
  -0.01640
  -0.04472
  -0.01548
   0.03369
   0.03949
  -0.00554
  -0.04344
  -0.02543
   0.02531
   0.04347
   0.00567
  -0.03943
  -0.03378
   0.01535
   0.04472
   0.01653
  -0.03294
  -0.04000
   0.00442
   0.04316
   0.02634
  -0.02438
  -0.04372
  -0.00679
   0.03888
   0.03450
  -0.01429
  -0.04469
  -0.01757
   0.03217
   0.04049
  -0.00330
  -0.04285
  -0.02724
   0.02343
   0.04394
   0.00789
  -0.03831
  -0.03521
   0.01322
   0.04463
   0.01859
  -0.03137
  -0.04096
   0.00218
   0.04251
   0.02812
  -0.02246
  -0.04414
  -0.00900
   0.03772
   0.03589
  -0.01214
  -0.04454
  -0.01961
   0.03056
   0.04140
  -0.00106
  -0.04215
  -0.02899
   0.02148
   0.04430
   0.01010
  -0.03711
  -0.03655
   0.01106
   0.04443
   0.02061
  -0.02973
  -0.04181
  -0.00007
   0.04176
   0.02984
  -0.02049
  -0.04444
  -0.01119
   0.03647
   0.03718
  -0.00996
  -0.04429
  -0.02160
   0.02889
   0.04219
   0.00119
  -0.04134
  -0.03066
   0.01949
   0.04455
   0.01227
  -0.03581
  -0.03780
   0.00886
   0.04411
   0.02258
  -0.02802
  -0.04255
  -0.00232
   0.04090
   0.03147
  -0.01847
  -0.04464
  -0.01335
   0.03512
   0.03838
  -0.00776
  -0.04392
  -0.02354
   0.02713
   0.04289
   0.00344
  -0.04044
  -0.03226
   0.01744
   0.04469
   0.01442
  -0.03441
  -0.03895
   0.00665
   0.04369
   0.02449
  -0.02623
  -0.04319
  -0.00456
   0.03994
   0.03303
  -0.01640
  -0.04472
  -0.01548
   0.03369
   0.03949
  -0.00554
  -0.04344
  -0.02543
   0.02531
   0.04347
   0.00567
  -0.03943
  -0.03378
   0.01535
   0.04472
   0.01653
  -0.03294
  -0.04000
   0.00442
   0.04316
   0.02634
  -0.02438
  -0.04372
  -0.00679
   0.03888
   0.03450
  -0.01429
  -0.04469
  -0.01757
   0.03217
   0.04049
  -0.00330
  -0.04285
  -0.02724
   0.02343
   0.04394
   0.00789
  -0.03831
  -0.03521
   0.01322
   0.04463
   0.01859
  -0.03137
  -0.04096
   0.00218
   0.04251
   0.02812
  -0.02246
  -0.04414
  -0.00900
   0.03772
   0.03589
  -0.01214
  -0.04454
  -0.01961
   0.03056
   0.04140
  -0.00106
  -0.04215
  -0.02899
   0.02148
   0.04430
   0.01010
  -0.03711
  -0.03655
   0.01106
   0.04443
   0.02061
  -0.02973
  -0.04181
  -0.00007
   0.04176
   0.02984
  -0.02049
  -0.04444
  -0.01119
   0.03647
   0.03718
  -0.00996
  -0.04429
  -0.02160
   0.02889
   0.04219
   0.00119
  -0.04134
  -0.03066
   0.01949
   0.04455
   0.01227
  -0.03581
  -0.03780
   0.00886
   0.04411
   0.02258
  -0.02802
  -0.04255
  -0.00232
   0.04090
   0.03147
  -0.01847
  -0.04464
  -0.01335
   0.03512
   0.03838
  -0.00776
  -0.04392
  -0.02354
   0.02713
   0.04289
   0.00344
  -0.04044
  -0.03226
   0.01744
   0.04469
   0.01442
  -0.03441
  -0.03895
   0.00665
   0.04369
   0.02449
  -0.02623
  -0.04319
  -0.00456
   0.03994
   0.03303
  -0.01640
  -0.04472
  -0.01548
   0.03369
   0.03949
  -0.00554
  -0.04344
  -0.02543
   0.02531
   0.04347
   0.00567
  -0.03943
  -0.03378
   0.01535
   0.04472
   0.01653
  -0.03294
  -0.04000
   0.00442
   0.04316
   0.02634
  -0.02438
  -0.04372
  -0.00679
   0.03888
   0.03450
  -0.01429
  -0.04469
  -0.01757
   0.03217
   0.04049
  -0.00330
  -0.04285
  -0.02724
   0.02343
   0.04394
   0.00789
  -0.03831
  -0.03521
   0.01322
   0.04463
   0.01859
  -0.03137
  -0.04096
   0.00218
   0.04251
   0.02812
  -0.02246
  -0.04414
  -0.00900
   0.03772
   0.03589
  -0.01214
  -0.04454
  -0.01961
   0.03056
   0.04140
  -0.00106
  -0.04215
  -0.02899
   0.02148
   0.04430
   0.01010
  -0.03711
  -0.03655
   0.01106
   0.04443
   0.02061
  -0.02973
  -0.04181
  -0.00007
   0.04176
   0.02984
  -0.02049
  -0.04444
  -0.01119
   0.03647
   0.03718
  -0.00996
  -0.04429
  -0.02160
   0.02889
   0.04219
   0.00119
  -0.04134
  -0.03066
   0.01949
   0.04455
   0.01227
  -0.03581
  -0.03780
   0.00886
   0.04411
   0.02258
  -0.02802
  -0.04255
  -0.00232
   0.04090
   0.03147
  -0.01847
  -0.04464
  -0.01335
   0.03512
   0.03838
  -0.00776
  -0.04392
  -0.02354
   0.02713
   0.04289
   0.00344
  -0.04044
  -0.03226
   0.01744
   0.04469
   0.01442
  -0.03441
  -0.03895
   0.00665
   0.04369
   0.02449
  -0.02623
  -0.04319
  -0.00456
   0.03994
   0.03303
  -0.01640
  -0.04472
  -0.01548
   0.03369
   0.03949
  -0.00554
  -0.04344
  -0.02543
   0.02531
   0.04347
   0.00567
  -0.03943
  -0.03378
   0.01535
   0.04472
   0.01653
  -0.03294
  -0.04000
   0.00442
   0.04316
   0.02634
  -0.02438
  -0.04372
  -0.00679
   0.03888
   0.03450
  -0.01429
  -0.04469
  -0.01757
   0.03217
   0.04049
  -0.00330
  -0.04285
  -0.02724
   0.02343
   0.04394
   0.00789
  -0.03831
  -0.03521
   0.01322
   0.04463
   0.01859
  -0.03137
  -0.04096
   0.00218
   0.04251
   0.02812
  -0.02246
  -0.04414
  -0.00900
   0.03772
   0.03589
  -0.01214
  -0.04454
  -0.01961
   0.03056
   0.04140
  -0.00106
  -0.04215
  -0.02899
   0.02148
   0.04430
   0.01010
  -0.03711
  -0.03655
   0.01106
   0.04443
   0.02061
  -0.02973
  -0.04181
  -0.00007
   0.04176
   0.02984
  -0.02049
  -0.04444
  -0.01119
   0.03647
   0.03718
  -0.00996
  -0.04429
  -0.02160
   0.02889
   0.04219
   0.00119
  -0.04134
  -0.03066
   0.01949
   0.04455
   0.01227
  -0.03581
  -0.03780
   0.00886
   0.04411
   0.02258
  -0.02802
  -0.04255
  -0.00232
   0.04090
   0.03147
  -0.01847
  -0.04464
  -0.01335
   0.03512
   0.03838
  -0.00776
  -0.04392
  -0.02354
   0.02713
   0.04289
   0.00344
  -0.04044
  -0.03226
   0.01744
   0.04469
   0.01442
  -0.03441
  -0.03895
   0.00665
   0.04369
   0.02449
  -0.02623
  -0.04319
  -0.00456
