   0.00830
   0.01639
   0.02390
   0.03056
   0.03613
   0.04043
   0.04330
   0.04463
   0.04438
   0.04256
   0.03923
   0.03451
   0.02857
   0.02161
   0.01389
   0.00568
  -0.00273
  -0.01105
  -0.01897
  -0.02622
  -0.03255
  -0.03772
  -0.04155
  -0.04391
  -0.04472
  -0.04394
  -0.04161
  -0.03780
  -0.03265
  -0.02635
  -0.01911
  -0.01120
  -0.00289
   0.00553
   0.01374
   0.02148
   0.02845
   0.03441
   0.03915
   0.04251
   0.04436
   0.04464
   0.04334
   0.04050
   0.03623
   0.03067
   0.02403
   0.01654
   0.00846
   0.00008
  -0.00830
  -0.01639
  -0.02390
  -0.03056
  -0.03613
  -0.04043
  -0.04330
  -0.04463
  -0.04438
  -0.04256
  -0.03923
  -0.03451
  -0.02857
  -0.02161
  -0.01389
  -0.00568
   0.00273
   0.01105
   0.01897
   0.02622
   0.03255
   0.03772
   0.04155
   0.04391
   0.04472
   0.04394
   0.04161
   0.03780
   0.03265
   0.02635
   0.01911
   0.01120
   0.00289
  -0.00553
  -0.01374
  -0.02148
  -0.02845
  -0.03441
  -0.03915
  -0.04251
  -0.04436
  -0.04464
  -0.04334
  -0.04050
  -0.03623
  -0.03067
  -0.02403
  -0.01654
  -0.00846
  -0.00008
   0.00830
   0.01639
   0.02390
   0.03056
   0.03613
   0.04043
   0.04330
   0.04463
   0.04438
   0.04256
   0.03923
   0.03451
   0.02857
   0.02161
   0.01389
   0.00568
  -0.00273
  -0.01105
  -0.01897
  -0.02622
  -0.03255
  -0.03772
  -0.04155
  -0.04391
  -0.04472
  -0.04394
  -0.04161
  -0.03780
  -0.03265
  -0.02635
  -0.01911
  -0.01120
  -0.00289
   0.00553
   0.01374
   0.02148
   0.02845
   0.03441
   0.03915
   0.04251
   0.04436
   0.04464
   0.04334
   0.04050
   0.03623
   0.03067
   0.02403
   0.01654
   0.00846
   0.00008
  -0.00830
  -0.01639
  -0.02390
  -0.03056
  -0.03613
  -0.04043
  -0.04330
  -0.04463
  -0.04438
  -0.04256
  -0.03923
  -0.03451
  -0.02857
  -0.02161
  -0.01389
  -0.00568
   0.00273
   0.01105
   0.01897
   0.02622
   0.03255
   0.03772
   0.04155
   0.04391
   0.04472
   0.04394
   0.04161
   0.03780
   0.03265
   0.02635
   0.01911
   0.01120
   0.00289
  -0.00553
  -0.01374
  -0.02148
  -0.02845
  -0.03441
  -0.03915
  -0.04251
  -0.04436
  -0.04464
  -0.04334
  -0.04050
  -0.03623
  -0.03067
  -0.02403
  -0.01654
  -0.00846
  -0.00008
   0.00830
   0.01639
   0.02390
   0.03056
   0.03613
   0.04043
   0.04330
   0.04463
   0.04438
   0.04256
   0.03923
   0.03451
   0.02857
   0.02161
   0.01389
   0.00568
  -0.00273
  -0.01105
  -0.01897
  -0.02622
  -0.03255
  -0.03772
  -0.04155
  -0.04391
  -0.04472
  -0.04394
  -0.04161
  -0.03780
  -0.03265
  -0.02635
  -0.01911
  -0.01120
  -0.00289
   0.00553
   0.01374
   0.02148
   0.02845
   0.03441
   0.03915
   0.04251
   0.04436
   0.04464
   0.04334
   0.04050
   0.03623
   0.03067
   0.02403
   0.01654
   0.00846
   0.00008
  -0.00830
  -0.01639
  -0.02390
  -0.03056
  -0.03613
  -0.04043
  -0.04330
  -0.04463
  -0.04438
  -0.04256
  -0.03923
  -0.03451
  -0.02857
  -0.02161
  -0.01389
  -0.00568
   0.00273
   0.01105
   0.01897
   0.02622
   0.03255
   0.03772
   0.04155
   0.04391
   0.04472
   0.04394
   0.04161
   0.03780
   0.03265
   0.02635
   0.01911
   0.01120
   0.00289
  -0.00553
  -0.01374
  -0.02148
  -0.02845
  -0.03441
  -0.03915
  -0.04251
  -0.04436
  -0.04464
  -0.04334
  -0.04050
  -0.03623
  -0.03067
  -0.02403
  -0.01654
  -0.00846
  -0.00008
   0.00830
   0.01639
   0.02390
   0.03056
   0.03613
   0.04043
   0.04330
   0.04463
   0.04438
   0.04256
   0.03923
   0.03451
   0.02857
   0.02161
   0.01389
   0.00568
  -0.00273
  -0.01105
  -0.01897
  -0.02622
  -0.03255
  -0.03772
  -0.04155
  -0.04391
  -0.04472
  -0.04394
  -0.04161
  -0.03780
  -0.03265
  -0.02635
  -0.01911
  -0.01120
  -0.00289
   0.00553
   0.01374
   0.02148
   0.02845
   0.03441
   0.03915
   0.04251
   0.04436
   0.04464
   0.04334
   0.04050
   0.03623
   0.03067
   0.02403
   0.01654
   0.00846
   0.00008
  -0.00830
  -0.01639
  -0.02390
  -0.03056
  -0.03613
  -0.04043
  -0.04330
  -0.04463
  -0.04438
  -0.04256
  -0.03923
  -0.03451
  -0.02857
  -0.02161
  -0.01389
  -0.00568
   0.00273
   0.01105
   0.01897
   0.02622
   0.03255
   0.03772
   0.04155
   0.04391
   0.04472
   0.04394
   0.04161
   0.03780
   0.03265
   0.02635
   0.01911
   0.01120
   0.00289
  -0.00553
  -0.01374
  -0.02148
  -0.02845
  -0.03441
  -0.03915
  -0.04251
  -0.04436
  -0.04464
  -0.04334
  -0.04050
  -0.03623
  -0.03067
  -0.02403
  -0.01654
  -0.00846
  -0.00008
   0.00830
   0.01639
   0.02390
   0.03056
   0.03613
   0.04043
   0.04330
   0.04463
   0.04438
   0.04256
   0.03923
   0.03451
   0.02857
   0.02161
   0.01389
   0.00568
  -0.00273
  -0.01105
  -0.01897
  -0.02622
  -0.03255
  -0.03772
  -0.04155
  -0.04391
  -0.04472
  -0.04394
  -0.04161
  -0.03780
  -0.03265
  -0.02635
  -0.01911
  -0.01120
  -0.00289
   0.00553
   0.01374
   0.02148
   0.02845
   0.03441
   0.03915
   0.04251
   0.04436
   0.04464
   0.04334
   0.04050
   0.03623
   0.03067
   0.02403
   0.01654
   0.00846
   0.00008
  -0.00830
  -0.01639
  -0.02390
  -0.03056
  -0.03613
  -0.04043
  -0.04330
  -0.04463
  -0.04438
  -0.04256
  -0.03923
  -0.03451
  -0.02857
  -0.02161
  -0.01389
  -0.00568
   0.00273
   0.01105
   0.01897
   0.02622
   0.03255
   0.03772
   0.04155
   0.04391
   0.04472
   0.04394
   0.04161
   0.03780
   0.03265
   0.02635
   0.01911
   0.01120
   0.00289
  -0.00553
  -0.01374
  -0.02148
  -0.02845
  -0.03441
  -0.03915
  -0.04251
  -0.04436
  -0.04464
  -0.04334
  -0.04050
  -0.03623
  -0.03067
  -0.02403
  -0.01654
  -0.00846
  -0.00008
   0.00830
   0.01639
   0.02390
   0.03056
   0.03613
   0.04043
   0.04330
   0.04463
   0.04438
   0.04256
   0.03923
   0.03451
   0.02857
   0.02161
   0.01389
   0.00568
  -0.00273
  -0.01105
  -0.01897
  -0.02622
  -0.03255
  -0.03772
  -0.04155
  -0.04391
  -0.04472
  -0.04394
  -0.04161
  -0.03780
  -0.03265
  -0.02635
  -0.01911
  -0.01120
  -0.00289
   0.00553
   0.01374
   0.02148
   0.02845
   0.03441
   0.03915
   0.04251
   0.04436
   0.04464
   0.04334
   0.04050
   0.03623
   0.03067
   0.02403
   0.01654
   0.00846
   0.00008
  -0.00830
  -0.01639
  -0.02390
  -0.03056
  -0.03613
  -0.04043
  -0.04330
  -0.04463
  -0.04438
  -0.04256
  -0.03923
  -0.03451
  -0.02857
  -0.02161
  -0.01389
  -0.00568
   0.00273
   0.01105
   0.01897
   0.02622
   0.03255
   0.03772
   0.04155
   0.04391
   0.04472
   0.04394
   0.04161
   0.03780
   0.03265
   0.02635
   0.01911
   0.01120
   0.00289
  -0.00553
  -0.01374
  -0.02148
  -0.02845
  -0.03441
  -0.03915
  -0.04251
  -0.04436
  -0.04464
  -0.04334
  -0.04050
  -0.03623
  -0.03067
  -0.02403
  -0.01654
  -0.00846
  -0.00008
   0.00830
   0.01639
   0.02390
   0.03056
   0.03613
   0.04043
   0.04330
   0.04463
   0.04438
   0.04256
   0.03923
   0.03451
   0.02857
   0.02161
   0.01389
   0.00568
  -0.00273
  -0.01105
  -0.01897
  -0.02622
  -0.03255
  -0.03772
  -0.04155
  -0.04391
  -0.04472
  -0.04394
  -0.04161
  -0.03780
  -0.03265
  -0.02635
  -0.01911
  -0.01120
  -0.00289
   0.00553
   0.01374
   0.02148
   0.02845
   0.03441
   0.03915
   0.04251
   0.04436
   0.04464
   0.04334
   0.04050
   0.03623
   0.03067
   0.02403
   0.01654
   0.00846
   0.00008
  -0.00830
  -0.01639
  -0.02390
  -0.03056
  -0.03613
  -0.04043
  -0.04330
  -0.04463
  -0.04438
  -0.04256
  -0.03923
  -0.03451
  -0.02857
  -0.02161
  -0.01389
  -0.00568
   0.00273
   0.01105
   0.01897
   0.02622
   0.03255
   0.03772
   0.04155
   0.04391
   0.04472
   0.04394
   0.04161
   0.03780
   0.03265
   0.02635
   0.01911
   0.01120
   0.00289
  -0.00553
  -0.01374
  -0.02148
  -0.02845
  -0.03441
  -0.03915
  -0.04251
  -0.04436
  -0.04464
  -0.04334
  -0.04050
  -0.03623
  -0.03067
  -0.02403
  -0.01654
  -0.00846
  -0.00008
   0.00830
   0.01639
   0.02390
   0.03056
   0.03613
   0.04043
   0.04330
   0.04463
   0.04438
   0.04256
   0.03923
   0.03451
   0.02857
   0.02161
   0.01389
   0.00568
  -0.00273
  -0.01105
  -0.01897
  -0.02622
  -0.03255
  -0.03772
  -0.04155
  -0.04391
  -0.04472
  -0.04394
  -0.04161
  -0.03780
  -0.03265
  -0.02635
  -0.01911
  -0.01120
  -0.00289
   0.00553
   0.01374
   0.02148
   0.02845
   0.03441
   0.03915
   0.04251
   0.04436
   0.04464
   0.04334
   0.04050
   0.03623
   0.03067
   0.02403
   0.01654
   0.00846
   0.00008
  -0.00830
  -0.01639
  -0.02390
  -0.03056
  -0.03613
  -0.04043
  -0.04330
  -0.04463
  -0.04438
  -0.04256
  -0.03923
  -0.03451
  -0.02857
  -0.02161
  -0.01389
  -0.00568
   0.00273
   0.01105
   0.01897
   0.02622
   0.03255
   0.03772
   0.04155
   0.04391
   0.04472
   0.04394
   0.04161
   0.03780
   0.03265
   0.02635
   0.01911
   0.01120
   0.00289
  -0.00553
  -0.01374
  -0.02148
  -0.02845
  -0.03441
  -0.03915
  -0.04251
  -0.04436
  -0.04464
  -0.04334
  -0.04050
  -0.03623
  -0.03067
  -0.02403
  -0.01654
  -0.00846
  -0.00008
   0.00830
   0.01639
   0.02390
   0.03056
   0.03613
   0.04043
   0.04330
   0.04463
   0.04438
   0.04256
   0.03923
   0.03451
   0.02857
   0.02161
   0.01389
   0.00568
  -0.00273
  -0.01105
  -0.01897
  -0.02622
  -0.03255
  -0.03772
  -0.04155
  -0.04391
  -0.04472
  -0.04394
  -0.04161
  -0.03780
  -0.03265
  -0.02635
  -0.01911
  -0.01120
  -0.00289
   0.00553
   0.01374
   0.02148
   0.02845
   0.03441
   0.03915
   0.04251
   0.04436
   0.04464
   0.04334
   0.04050
   0.03623
   0.03067
   0.02403
   0.01654
   0.00846
   0.00008
  -0.00830
  -0.01639
  -0.02390
  -0.03056
  -0.03613
  -0.04043
  -0.04330
  -0.04463
  -0.04438
  -0.04256
  -0.03923
  -0.03451
  -0.02857
  -0.02161
  -0.01389
  -0.00568
   0.00273
   0.01105
   0.01897
   0.02622
   0.03255
   0.03772
   0.04155
   0.04391
   0.04472
   0.04394
   0.04161
   0.03780
   0.03265
   0.02635
   0.01911
   0.01120
   0.00289
  -0.00553
  -0.01374
  -0.02148
  -0.02845
  -0.03441
  -0.03915
  -0.04251
  -0.04436
  -0.04464
  -0.04334
  -0.04050
  -0.03623
  -0.03067
  -0.02403
  -0.01654
  -0.00846
  -0.00008
   0.00830
   0.01639
   0.02390
   0.03056
   0.03613
   0.04043
   0.04330
   0.04463
   0.04438
   0.04256
   0.03923
   0.03451
   0.02857
   0.02161
   0.01389
   0.00568
  -0.00273
  -0.01105
  -0.01897
  -0.02622
  -0.03255
  -0.03772
  -0.04155
  -0.04391
  -0.04472
  -0.04394
  -0.04161
  -0.03780
  -0.03265
  -0.02635
  -0.01911
  -0.01120
  -0.00289
   0.00553
   0.01374
   0.02148
   0.02845
   0.03441
   0.03915
   0.04251
   0.04436
   0.04464
   0.04334
   0.04050
   0.03623
   0.03067
   0.02403
   0.01654
   0.00846
   0.00008
  -0.00830
  -0.01639
  -0.02390
  -0.03056
  -0.03613
  -0.04043
  -0.04330
  -0.04463
  -0.04438
  -0.04256
  -0.03923
  -0.03451
  -0.02857
  -0.02161
  -0.01389
  -0.00568
   0.00273
   0.01105
   0.01897
   0.02622
   0.03255
   0.03772
   0.04155
   0.04391
   0.04472
   0.04394
   0.04161
   0.03780
   0.03265
   0.02635
   0.01911
   0.01120
   0.00289
  -0.00553
  -0.01374
  -0.02148
  -0.02845
  -0.03441
  -0.03915
  -0.04251
  -0.04436
  -0.04464
  -0.04334
  -0.04050
  -0.03623
  -0.03067
  -0.02403
  -0.01654
  -0.00846
  -0.00008
