  -0.02083
  -0.03669
  -0.04434
  -0.04207
  -0.03039
  -0.01191
   0.00924
   0.02831
   0.04106
   0.04461
   0.03819
   0.02322
   0.00306
  -0.01779
  -0.03466
  -0.04377
  -0.04309
  -0.03277
  -0.01512
   0.00591
   0.02563
   0.03960
   0.04472
   0.03983
   0.02603
   0.00641
  -0.01465
  -0.03243
  -0.04295
  -0.04387
  -0.03497
  -0.01825
   0.00256
   0.02279
   0.03793
   0.04457
   0.04125
   0.02870
   0.00973
  -0.01142
  -0.03002
  -0.04189
  -0.04440
  -0.03697
  -0.02127
  -0.00081
   0.01983
   0.03603
   0.04418
   0.04243
   0.03120
   0.01299
  -0.00813
  -0.02743
  -0.04060
  -0.04468
  -0.03876
  -0.02417
  -0.00418
   0.01675
   0.03394
   0.04353
   0.04338
   0.03353
   0.01617
  -0.00480
  -0.02470
  -0.03907
  -0.04470
  -0.04033
  -0.02694
  -0.00752
   0.01358
   0.03164
   0.04263
   0.04407
   0.03566
   0.01927
  -0.00144
  -0.02182
  -0.03732
  -0.04447
  -0.04167
  -0.02955
  -0.01082
   0.01033
   0.02917
   0.04149
   0.04452
   0.03759
   0.02225
   0.00193
  -0.01882
  -0.03536
  -0.04399
  -0.04278
  -0.03200
  -0.01406
   0.00703
   0.02654
   0.04011
   0.04471
   0.03931
   0.02511
   0.00530
  -0.01571
  -0.03319
  -0.04325
  -0.04364
  -0.03426
  -0.01721
   0.00368
   0.02375
   0.03851
   0.04465
   0.04080
   0.02783
   0.00862
  -0.01251
  -0.03084
  -0.04227
  -0.04425
  -0.03633
  -0.02028
   0.00031
   0.02083
   0.03669
   0.04434
   0.04207
   0.03039
   0.01191
  -0.00924
  -0.02831
  -0.04106
  -0.04461
  -0.03819
  -0.02322
  -0.00306
   0.01779
   0.03466
   0.04377
   0.04309
   0.03277
   0.01512
  -0.00591
  -0.02563
  -0.03960
  -0.04472
  -0.03983
  -0.02603
  -0.00641
   0.01465
   0.03243
   0.04295
   0.04387
   0.03497
   0.01825
  -0.00256
  -0.02279
  -0.03793
  -0.04457
  -0.04125
  -0.02870
  -0.00973
   0.01142
   0.03002
   0.04189
   0.04440
   0.03697
   0.02127
   0.00081
  -0.01983
  -0.03603
  -0.04418
  -0.04243
  -0.03120
  -0.01299
   0.00813
   0.02743
   0.04060
   0.04468
   0.03876
   0.02417
   0.00418
  -0.01675
  -0.03394
  -0.04353
  -0.04338
  -0.03353
  -0.01617
   0.00480
   0.02470
   0.03907
   0.04470
   0.04033
   0.02694
   0.00752
  -0.01358
  -0.03164
  -0.04263
  -0.04407
  -0.03566
  -0.01927
   0.00144
   0.02182
   0.03732
   0.04447
   0.04167
   0.02955
   0.01082
  -0.01033
  -0.02917
  -0.04149
  -0.04452
  -0.03759
  -0.02225
  -0.00193
   0.01882
   0.03536
   0.04399
   0.04278
   0.03200
   0.01406
  -0.00703
  -0.02654
  -0.04011
  -0.04471
  -0.03931
  -0.02511
  -0.00530
   0.01571
   0.03319
   0.04325
   0.04364
   0.03426
   0.01721
  -0.00368
  -0.02375
  -0.03851
  -0.04465
  -0.04080
  -0.02783
  -0.00862
   0.01251
   0.03084
   0.04227
   0.04425
   0.03633
   0.02028
  -0.00031
  -0.02083
  -0.03669
  -0.04434
  -0.04207
  -0.03039
  -0.01191
   0.00924
   0.02831
   0.04106
   0.04461
   0.03819
   0.02322
   0.00306
  -0.01779
  -0.03466
  -0.04377
  -0.04309
  -0.03277
  -0.01512
   0.00591
   0.02563
   0.03960
   0.04472
   0.03983
   0.02603
   0.00641
  -0.01465
  -0.03243
  -0.04295
  -0.04387
  -0.03497
  -0.01825
   0.00256
   0.02279
   0.03793
   0.04457
   0.04125
   0.02870
   0.00973
  -0.01142
  -0.03002
  -0.04189
  -0.04440
  -0.03697
  -0.02127
  -0.00081
   0.01983
   0.03603
   0.04418
   0.04243
   0.03120
   0.01299
  -0.00813
  -0.02743
  -0.04060
  -0.04468
  -0.03876
  -0.02417
  -0.00418
   0.01675
   0.03394
   0.04353
   0.04338
   0.03353
   0.01617
  -0.00480
  -0.02470
  -0.03907
  -0.04470
  -0.04033
  -0.02694
  -0.00752
   0.01358
   0.03164
   0.04263
   0.04407
   0.03566
   0.01927
  -0.00144
  -0.02182
  -0.03732
  -0.04447
  -0.04167
  -0.02955
  -0.01082
   0.01033
   0.02917
   0.04149
   0.04452
   0.03759
   0.02225
   0.00193
  -0.01882
  -0.03536
  -0.04399
  -0.04278
  -0.03200
  -0.01406
   0.00703
   0.02654
   0.04011
   0.04471
   0.03931
   0.02511
   0.00530
  -0.01571
  -0.03319
  -0.04325
  -0.04364
  -0.03426
  -0.01721
   0.00368
   0.02375
   0.03851
   0.04465
   0.04080
   0.02783
   0.00862
  -0.01251
  -0.03084
  -0.04227
  -0.04425
  -0.03633
  -0.02028
   0.00031
   0.02083
   0.03669
   0.04434
   0.04207
   0.03039
   0.01191
  -0.00924
  -0.02831
  -0.04106
  -0.04461
  -0.03819
  -0.02322
  -0.00306
   0.01779
   0.03466
   0.04377
   0.04309
   0.03277
   0.01512
  -0.00591
  -0.02563
  -0.03960
  -0.04472
  -0.03983
  -0.02603
  -0.00641
   0.01465
   0.03243
   0.04295
   0.04387
   0.03497
   0.01825
  -0.00256
  -0.02279
  -0.03793
  -0.04457
  -0.04125
  -0.02870
  -0.00973
   0.01142
   0.03002
   0.04189
   0.04440
   0.03697
   0.02127
   0.00081
  -0.01983
  -0.03603
  -0.04418
  -0.04243
  -0.03120
  -0.01299
   0.00813
   0.02743
   0.04060
   0.04468
   0.03876
   0.02417
   0.00418
  -0.01675
  -0.03394
  -0.04353
  -0.04338
  -0.03353
  -0.01617
   0.00480
   0.02470
   0.03907
   0.04470
   0.04033
   0.02694
   0.00752
  -0.01358
  -0.03164
  -0.04263
  -0.04407
  -0.03566
  -0.01927
   0.00144
   0.02182
   0.03732
   0.04447
   0.04167
   0.02955
   0.01082
  -0.01033
  -0.02917
  -0.04149
  -0.04452
  -0.03759
  -0.02225
  -0.00193
   0.01882
   0.03536
   0.04399
   0.04278
   0.03200
   0.01406
  -0.00703
  -0.02654
  -0.04011
  -0.04471
  -0.03931
  -0.02511
  -0.00530
   0.01571
   0.03319
   0.04325
   0.04364
   0.03426
   0.01721
  -0.00368
  -0.02375
  -0.03851
  -0.04465
  -0.04080
  -0.02783
  -0.00862
   0.01251
   0.03084
   0.04227
   0.04425
   0.03633
   0.02028
  -0.00031
  -0.02083
  -0.03669
  -0.04434
  -0.04207
  -0.03039
  -0.01191
   0.00924
   0.02831
   0.04106
   0.04461
   0.03819
   0.02322
   0.00306
  -0.01779
  -0.03466
  -0.04377
  -0.04309
  -0.03277
  -0.01512
   0.00591
   0.02563
   0.03960
   0.04472
   0.03983
   0.02603
   0.00641
  -0.01465
  -0.03243
  -0.04295
  -0.04387
  -0.03497
  -0.01825
   0.00256
   0.02279
   0.03793
   0.04457
   0.04125
   0.02870
   0.00973
  -0.01142
  -0.03002
  -0.04189
  -0.04440
  -0.03697
  -0.02127
  -0.00081
   0.01983
   0.03603
   0.04418
   0.04243
   0.03120
   0.01299
  -0.00813
  -0.02743
  -0.04060
  -0.04468
  -0.03876
  -0.02417
  -0.00418
   0.01675
   0.03394
   0.04353
   0.04338
   0.03353
   0.01617
  -0.00480
  -0.02470
  -0.03907
  -0.04470
  -0.04033
  -0.02694
  -0.00752
   0.01358
   0.03164
   0.04263
   0.04407
   0.03566
   0.01927
  -0.00144
  -0.02182
  -0.03732
  -0.04447
  -0.04167
  -0.02955
  -0.01082
   0.01033
   0.02917
   0.04149
   0.04452
   0.03759
   0.02225
   0.00193
  -0.01882
  -0.03536
  -0.04399
  -0.04278
  -0.03200
  -0.01406
   0.00703
   0.02654
   0.04011
   0.04471
   0.03931
   0.02511
   0.00530
  -0.01571
  -0.03319
  -0.04325
  -0.04364
  -0.03426
  -0.01721
   0.00368
   0.02375
   0.03851
   0.04465
   0.04080
   0.02783
   0.00862
  -0.01251
  -0.03084
  -0.04227
  -0.04425
  -0.03633
  -0.02028
   0.00031
   0.02083
   0.03669
   0.04434
   0.04207
   0.03039
   0.01191
  -0.00924
  -0.02831
  -0.04106
  -0.04461
  -0.03819
  -0.02322
  -0.00306
   0.01779
   0.03466
   0.04377
   0.04309
   0.03277
   0.01512
  -0.00591
  -0.02563
  -0.03960
  -0.04472
  -0.03983
  -0.02603
  -0.00641
   0.01465
   0.03243
   0.04295
   0.04387
   0.03497
   0.01825
  -0.00256
  -0.02279
  -0.03793
  -0.04457
  -0.04125
  -0.02870
  -0.00973
   0.01142
   0.03002
   0.04189
   0.04440
   0.03697
   0.02127
   0.00081
  -0.01983
  -0.03603
  -0.04418
  -0.04243
  -0.03120
  -0.01299
   0.00813
   0.02743
   0.04060
   0.04468
   0.03876
   0.02417
   0.00418
  -0.01675
  -0.03394
  -0.04353
  -0.04338
  -0.03353
  -0.01617
   0.00480
   0.02470
   0.03907
   0.04470
   0.04033
   0.02694
   0.00752
  -0.01358
  -0.03164
  -0.04263
  -0.04407
  -0.03566
  -0.01927
   0.00144
   0.02182
   0.03732
   0.04447
   0.04167
   0.02955
   0.01082
  -0.01033
  -0.02917
  -0.04149
  -0.04452
  -0.03759
  -0.02225
  -0.00193
   0.01882
   0.03536
   0.04399
   0.04278
   0.03200
   0.01406
  -0.00703
  -0.02654
  -0.04011
  -0.04471
  -0.03931
  -0.02511
  -0.00530
   0.01571
   0.03319
   0.04325
   0.04364
   0.03426
   0.01721
  -0.00368
  -0.02375
  -0.03851
  -0.04465
  -0.04080
  -0.02783
  -0.00862
   0.01251
   0.03084
   0.04227
   0.04425
   0.03633
   0.02028
  -0.00031
  -0.02083
  -0.03669
  -0.04434
  -0.04207
  -0.03039
  -0.01191
   0.00924
   0.02831
   0.04106
   0.04461
   0.03819
   0.02322
   0.00306
  -0.01779
  -0.03466
  -0.04377
  -0.04309
  -0.03277
  -0.01512
   0.00591
   0.02563
   0.03960
   0.04472
   0.03983
   0.02603
   0.00641
  -0.01465
  -0.03243
  -0.04295
  -0.04387
  -0.03497
  -0.01825
   0.00256
   0.02279
   0.03793
   0.04457
   0.04125
   0.02870
   0.00973
  -0.01142
  -0.03002
  -0.04189
  -0.04440
  -0.03697
  -0.02127
  -0.00081
   0.01983
   0.03603
   0.04418
   0.04243
   0.03120
   0.01299
  -0.00813
  -0.02743
  -0.04060
  -0.04468
  -0.03876
  -0.02417
  -0.00418
   0.01675
   0.03394
   0.04353
   0.04338
   0.03353
   0.01617
  -0.00480
  -0.02470
  -0.03907
  -0.04470
  -0.04033
  -0.02694
  -0.00752
   0.01358
   0.03164
   0.04263
   0.04407
   0.03566
   0.01927
  -0.00144
  -0.02182
  -0.03732
  -0.04447
  -0.04167
  -0.02955
  -0.01082
   0.01033
   0.02917
   0.04149
   0.04452
   0.03759
   0.02225
   0.00193
  -0.01882
  -0.03536
  -0.04399
  -0.04278
  -0.03200
  -0.01406
   0.00703
   0.02654
   0.04011
   0.04471
   0.03931
   0.02511
   0.00530
  -0.01571
  -0.03319
  -0.04325
  -0.04364
  -0.03426
  -0.01721
   0.00368
   0.02375
   0.03851
   0.04465
   0.04080
   0.02783
   0.00862
  -0.01251
  -0.03084
  -0.04227
  -0.04425
  -0.03633
  -0.02028
   0.00031
   0.02083
   0.03669
   0.04434
   0.04207
   0.03039
   0.01191
  -0.00924
  -0.02831
  -0.04106
  -0.04461
  -0.03819
  -0.02322
  -0.00306
   0.01779
   0.03466
   0.04377
   0.04309
   0.03277
   0.01512
  -0.00591
  -0.02563
  -0.03960
  -0.04472
  -0.03983
  -0.02603
  -0.00641
   0.01465
   0.03243
   0.04295
   0.04387
   0.03497
   0.01825
  -0.00256
  -0.02279
  -0.03793
  -0.04457
  -0.04125
  -0.02870
  -0.00973
   0.01142
   0.03002
   0.04189
   0.04440
   0.03697
   0.02127
   0.00081
  -0.01983
  -0.03603
  -0.04418
  -0.04243
  -0.03120
  -0.01299
   0.00813
   0.02743
   0.04060
   0.04468
   0.03876
   0.02417
   0.00418
  -0.01675
  -0.03394
  -0.04353
  -0.04338
  -0.03353
  -0.01617
   0.00480
   0.02470
   0.03907
   0.04470
   0.04033
   0.02694
   0.00752
  -0.01358
  -0.03164
  -0.04263
  -0.04407
  -0.03566
  -0.01927
   0.00144
   0.02182
   0.03732
   0.04447
   0.04167
   0.02955
   0.01082
  -0.01033
  -0.02917
  -0.04149
  -0.04452
  -0.03759
  -0.02225
  -0.00193
   0.01882
   0.03536
   0.04399
   0.04278
   0.03200
   0.01406
  -0.00703
  -0.02654
  -0.04011
  -0.04471
  -0.03931
  -0.02511
  -0.00530
   0.01571
   0.03319
   0.04325
   0.04364
   0.03426
   0.01721
  -0.00368
  -0.02375
  -0.03851
  -0.04465
  -0.04080
  -0.02783
  -0.00862
   0.01251
   0.03084
   0.04227
   0.04425
   0.03633
   0.02028
  -0.00031
