  -0.00987
   0.03506
  -0.04472
   0.03456
  -0.00909
  -0.02041
   0.04087
  -0.04322
   0.02642
   0.00209
  -0.02966
   0.04410
  -0.03900
   0.01661
   0.01313
  -0.03706
   0.04456
  -0.03232
   0.00577
   0.02335
  -0.04212
   0.04223
  -0.02362
  -0.00544
   0.03210
  -0.04453
   0.03724
  -0.01344
  -0.01631
   0.03884
  -0.04415
   0.02991
  -0.00241
  -0.02616
   0.04313
  -0.04100
   0.02070
   0.00877
  -0.03436
   0.04472
  -0.03526
   0.01019
   0.01940
  -0.04040
   0.04349
  -0.02732
  -0.00096
   0.02881
  -0.04390
   0.03953
  -0.01765
  -0.01205
   0.03641
  -0.04464
   0.03309
  -0.00688
  -0.02238
   0.04173
  -0.04258
   0.02457
   0.00433
  -0.03131
   0.04442
  -0.03785
   0.01451
   0.01526
  -0.03827
   0.04432
  -0.03073
   0.00353
   0.02524
  -0.04282
   0.04143
  -0.02169
  -0.00767
   0.03362
  -0.04468
   0.03594
  -0.01128
  -0.01838
   0.03990
  -0.04374
   0.02820
  -0.00016
  -0.02795
   0.04367
  -0.04005
   0.01868
   0.01097
  -0.03575
   0.04470
  -0.03384
   0.00799
   0.02140
  -0.04131
   0.04291
  -0.02550
  -0.00321
   0.03050
  -0.04427
   0.03843
  -0.01556
  -0.01420
   0.03767
  -0.04445
   0.03154
  -0.00465
  -0.02430
   0.04248
  -0.04184
   0.02266
   0.00656
  -0.03287
   0.04462
  -0.03660
   0.01236
   0.01735
  -0.03938
   0.04396
  -0.02906
   0.00129
   0.02706
  -0.04341
   0.04053
  -0.01969
  -0.00987
   0.03506
  -0.04472
   0.03456
  -0.00909
  -0.02041
   0.04087
  -0.04322
   0.02642
   0.00209
  -0.02966
   0.04410
  -0.03900
   0.01661
   0.01313
  -0.03706
   0.04456
  -0.03232
   0.00577
   0.02335
  -0.04212
   0.04223
  -0.02362
  -0.00544
   0.03210
  -0.04453
   0.03724
  -0.01344
  -0.01631
   0.03884
  -0.04415
   0.02991
  -0.00241
  -0.02616
   0.04313
  -0.04100
   0.02070
   0.00877
  -0.03436
   0.04472
  -0.03526
   0.01019
   0.01940
  -0.04040
   0.04349
  -0.02732
  -0.00096
   0.02881
  -0.04390
   0.03953
  -0.01765
  -0.01205
   0.03641
  -0.04464
   0.03309
  -0.00688
  -0.02238
   0.04173
  -0.04258
   0.02457
   0.00433
  -0.03131
   0.04442
  -0.03785
   0.01451
   0.01526
  -0.03827
   0.04432
  -0.03073
   0.00353
   0.02524
  -0.04282
   0.04143
  -0.02169
  -0.00767
   0.03362
  -0.04468
   0.03594
  -0.01128
  -0.01838
   0.03990
  -0.04374
   0.02820
  -0.00016
  -0.02795
   0.04367
  -0.04005
   0.01868
   0.01097
  -0.03575
   0.04470
  -0.03384
   0.00799
   0.02140
  -0.04131
   0.04291
  -0.02550
  -0.00321
   0.03050
  -0.04427
   0.03843
  -0.01556
  -0.01420
   0.03767
  -0.04445
   0.03154
  -0.00465
  -0.02430
   0.04248
  -0.04184
   0.02266
   0.00656
  -0.03287
   0.04462
  -0.03660
   0.01236
   0.01735
  -0.03938
   0.04396
  -0.02906
   0.00129
   0.02706
  -0.04341
   0.04053
  -0.01969
  -0.00987
   0.03506
  -0.04472
   0.03456
  -0.00909
  -0.02041
   0.04087
  -0.04322
   0.02642
   0.00209
  -0.02966
   0.04410
  -0.03900
   0.01661
   0.01313
  -0.03706
   0.04456
  -0.03232
   0.00577
   0.02335
  -0.04212
   0.04223
  -0.02362
  -0.00544
   0.03210
  -0.04453
   0.03724
  -0.01344
  -0.01631
   0.03884
  -0.04415
   0.02991
  -0.00241
  -0.02616
   0.04313
  -0.04100
   0.02070
   0.00877
  -0.03436
   0.04472
  -0.03526
   0.01019
   0.01940
  -0.04040
   0.04349
  -0.02732
  -0.00096
   0.02881
  -0.04390
   0.03953
  -0.01765
  -0.01205
   0.03641
  -0.04464
   0.03309
  -0.00688
  -0.02238
   0.04173
  -0.04258
   0.02457
   0.00433
  -0.03131
   0.04442
  -0.03785
   0.01451
   0.01526
  -0.03827
   0.04432
  -0.03073
   0.00353
   0.02524
  -0.04282
   0.04143
  -0.02169
  -0.00767
   0.03362
  -0.04468
   0.03594
  -0.01128
  -0.01838
   0.03990
  -0.04374
   0.02820
  -0.00016
  -0.02795
   0.04367
  -0.04005
   0.01868
   0.01097
  -0.03575
   0.04470
  -0.03384
   0.00799
   0.02140
  -0.04131
   0.04291
  -0.02550
  -0.00321
   0.03050
  -0.04427
   0.03843
  -0.01556
  -0.01420
   0.03767
  -0.04445
   0.03154
  -0.00465
  -0.02430
   0.04248
  -0.04184
   0.02266
   0.00656
  -0.03287
   0.04462
  -0.03660
   0.01236
   0.01735
  -0.03938
   0.04396
  -0.02906
   0.00129
   0.02706
  -0.04341
   0.04053
  -0.01969
  -0.00987
   0.03506
  -0.04472
   0.03456
  -0.00909
  -0.02041
   0.04087
  -0.04322
   0.02642
   0.00209
  -0.02966
   0.04410
  -0.03900
   0.01661
   0.01313
  -0.03706
   0.04456
  -0.03232
   0.00577
   0.02335
  -0.04212
   0.04223
  -0.02362
  -0.00544
   0.03210
  -0.04453
   0.03724
  -0.01344
  -0.01631
   0.03884
  -0.04415
   0.02991
  -0.00241
  -0.02616
   0.04313
  -0.04100
   0.02070
   0.00877
  -0.03436
   0.04472
  -0.03526
   0.01019
   0.01940
  -0.04040
   0.04349
  -0.02732
  -0.00096
   0.02881
  -0.04390
   0.03953
  -0.01765
  -0.01205
   0.03641
  -0.04464
   0.03309
  -0.00688
  -0.02238
   0.04173
  -0.04258
   0.02457
   0.00433
  -0.03131
   0.04442
  -0.03785
   0.01451
   0.01526
  -0.03827
   0.04432
  -0.03073
   0.00353
   0.02524
  -0.04282
   0.04143
  -0.02169
  -0.00767
   0.03362
  -0.04468
   0.03594
  -0.01128
  -0.01838
   0.03990
  -0.04374
   0.02820
  -0.00016
  -0.02795
   0.04367
  -0.04005
   0.01868
   0.01097
  -0.03575
   0.04470
  -0.03384
   0.00799
   0.02140
  -0.04131
   0.04291
  -0.02550
  -0.00321
   0.03050
  -0.04427
   0.03843
  -0.01556
  -0.01420
   0.03767
  -0.04445
   0.03154
  -0.00465
  -0.02430
   0.04248
  -0.04184
   0.02266
   0.00656
  -0.03287
   0.04462
  -0.03660
   0.01236
   0.01735
  -0.03938
   0.04396
  -0.02906
   0.00129
   0.02706
  -0.04341
   0.04053
  -0.01969
  -0.00987
   0.03506
  -0.04472
   0.03456
  -0.00909
  -0.02041
   0.04087
  -0.04322
   0.02642
   0.00209
  -0.02966
   0.04410
  -0.03900
   0.01661
   0.01313
  -0.03706
   0.04456
  -0.03232
   0.00577
   0.02335
  -0.04212
   0.04223
  -0.02362
  -0.00544
   0.03210
  -0.04453
   0.03724
  -0.01344
  -0.01631
   0.03884
  -0.04415
   0.02991
  -0.00241
  -0.02616
   0.04313
  -0.04100
   0.02070
   0.00877
  -0.03436
   0.04472
  -0.03526
   0.01019
   0.01940
  -0.04040
   0.04349
  -0.02732
  -0.00096
   0.02881
  -0.04390
   0.03953
  -0.01765
  -0.01205
   0.03641
  -0.04464
   0.03309
  -0.00688
  -0.02238
   0.04173
  -0.04258
   0.02457
   0.00433
  -0.03131
   0.04442
  -0.03785
   0.01451
   0.01526
  -0.03827
   0.04432
  -0.03073
   0.00353
   0.02524
  -0.04282
   0.04143
  -0.02169
  -0.00767
   0.03362
  -0.04468
   0.03594
  -0.01128
  -0.01838
   0.03990
  -0.04374
   0.02820
  -0.00016
  -0.02795
   0.04367
  -0.04005
   0.01868
   0.01097
  -0.03575
   0.04470
  -0.03384
   0.00799
   0.02140
  -0.04131
   0.04291
  -0.02550
  -0.00321
   0.03050
  -0.04427
   0.03843
  -0.01556
  -0.01420
   0.03767
  -0.04445
   0.03154
  -0.00465
  -0.02430
   0.04248
  -0.04184
   0.02266
   0.00656
  -0.03287
   0.04462
  -0.03660
   0.01236
   0.01735
  -0.03938
   0.04396
  -0.02906
   0.00129
   0.02706
  -0.04341
   0.04053
  -0.01969
  -0.00987
   0.03506
  -0.04472
   0.03456
  -0.00909
  -0.02041
   0.04087
  -0.04322
   0.02642
   0.00209
  -0.02966
   0.04410
  -0.03900
   0.01661
   0.01313
  -0.03706
   0.04456
  -0.03232
   0.00577
   0.02335
  -0.04212
   0.04223
  -0.02362
  -0.00544
   0.03210
  -0.04453
   0.03724
  -0.01344
  -0.01631
   0.03884
  -0.04415
   0.02991
  -0.00241
  -0.02616
   0.04313
  -0.04100
   0.02070
   0.00877
  -0.03436
   0.04472
  -0.03526
   0.01019
   0.01940
  -0.04040
   0.04349
  -0.02732
  -0.00096
   0.02881
  -0.04390
   0.03953
  -0.01765
  -0.01205
   0.03641
  -0.04464
   0.03309
  -0.00688
  -0.02238
   0.04173
  -0.04258
   0.02457
   0.00433
  -0.03131
   0.04442
  -0.03785
   0.01451
   0.01526
  -0.03827
   0.04432
  -0.03073
   0.00353
   0.02524
  -0.04282
   0.04143
  -0.02169
  -0.00767
   0.03362
  -0.04468
   0.03594
  -0.01128
  -0.01838
   0.03990
  -0.04374
   0.02820
  -0.00016
  -0.02795
   0.04367
  -0.04005
   0.01868
   0.01097
  -0.03575
   0.04470
  -0.03384
   0.00799
   0.02140
  -0.04131
   0.04291
  -0.02550
  -0.00321
   0.03050
  -0.04427
   0.03843
  -0.01556
  -0.01420
   0.03767
  -0.04445
   0.03154
  -0.00465
  -0.02430
   0.04248
  -0.04184
   0.02266
   0.00656
  -0.03287
   0.04462
  -0.03660
   0.01236
   0.01735
  -0.03938
   0.04396
  -0.02906
   0.00129
   0.02706
  -0.04341
   0.04053
  -0.01969
  -0.00987
   0.03506
  -0.04472
   0.03456
  -0.00909
  -0.02041
   0.04087
  -0.04322
   0.02642
   0.00209
  -0.02966
   0.04410
  -0.03900
   0.01661
   0.01313
  -0.03706
   0.04456
  -0.03232
   0.00577
   0.02335
  -0.04212
   0.04223
  -0.02362
  -0.00544
   0.03210
  -0.04453
   0.03724
  -0.01344
  -0.01631
   0.03884
  -0.04415
   0.02991
  -0.00241
  -0.02616
   0.04313
  -0.04100
   0.02070
   0.00877
  -0.03436
   0.04472
  -0.03526
   0.01019
   0.01940
  -0.04040
   0.04349
  -0.02732
  -0.00096
   0.02881
  -0.04390
   0.03953
  -0.01765
  -0.01205
   0.03641
  -0.04464
   0.03309
  -0.00688
  -0.02238
   0.04173
  -0.04258
   0.02457
   0.00433
  -0.03131
   0.04442
  -0.03785
   0.01451
   0.01526
  -0.03827
   0.04432
  -0.03073
   0.00353
   0.02524
  -0.04282
   0.04143
  -0.02169
  -0.00767
   0.03362
  -0.04468
   0.03594
  -0.01128
  -0.01838
   0.03990
  -0.04374
   0.02820
  -0.00016
  -0.02795
   0.04367
  -0.04005
   0.01868
   0.01097
  -0.03575
   0.04470
  -0.03384
   0.00799
   0.02140
  -0.04131
   0.04291
  -0.02550
  -0.00321
   0.03050
  -0.04427
   0.03843
  -0.01556
  -0.01420
   0.03767
  -0.04445
   0.03154
  -0.00465
  -0.02430
   0.04248
  -0.04184
   0.02266
   0.00656
  -0.03287
   0.04462
  -0.03660
   0.01236
   0.01735
  -0.03938
   0.04396
  -0.02906
   0.00129
   0.02706
  -0.04341
   0.04053
  -0.01969
  -0.00987
   0.03506
  -0.04472
   0.03456
  -0.00909
  -0.02041
   0.04087
  -0.04322
   0.02642
   0.00209
  -0.02966
   0.04410
  -0.03900
   0.01661
   0.01313
  -0.03706
   0.04456
  -0.03232
   0.00577
   0.02335
  -0.04212
   0.04223
  -0.02362
  -0.00544
   0.03210
  -0.04453
   0.03724
  -0.01344
  -0.01631
   0.03884
  -0.04415
   0.02991
  -0.00241
  -0.02616
   0.04313
  -0.04100
   0.02070
   0.00877
  -0.03436
   0.04472
  -0.03526
   0.01019
   0.01940
  -0.04040
   0.04349
  -0.02732
  -0.00096
   0.02881
  -0.04390
   0.03953
  -0.01765
  -0.01205
   0.03641
  -0.04464
   0.03309
  -0.00688
  -0.02238
   0.04173
  -0.04258
   0.02457
   0.00433
  -0.03131
   0.04442
  -0.03785
   0.01451
   0.01526
  -0.03827
   0.04432
  -0.03073
   0.00353
   0.02524
  -0.04282
   0.04143
  -0.02169
  -0.00767
   0.03362
  -0.04468
   0.03594
  -0.01128
  -0.01838
   0.03990
  -0.04374
   0.02820
  -0.00016
  -0.02795
   0.04367
  -0.04005
   0.01868
   0.01097
  -0.03575
   0.04470
  -0.03384
   0.00799
   0.02140
  -0.04131
   0.04291
  -0.02550
  -0.00321
   0.03050
  -0.04427
   0.03843
  -0.01556
  -0.01420
   0.03767
  -0.04445
   0.03154
  -0.00465
  -0.02430
   0.04248
  -0.04184
   0.02266
   0.00656
  -0.03287
   0.04462
  -0.03660
   0.01236
   0.01735
  -0.03938
   0.04396
  -0.02906
   0.00129
   0.02706
  -0.04341
   0.04053
  -0.01969
