  -0.04452
  -0.04392
  -0.04294
  -0.04157
  -0.03984
  -0.03775
  -0.03532
  -0.03258
  -0.02956
  -0.02627
  -0.02274
  -0.01902
  -0.01513
  -0.01110
  -0.00697
  -0.00278
   0.00143
   0.00563
   0.00978
   0.01384
   0.01778
   0.02157
   0.02516
   0.02853
   0.03164
   0.03447
   0.03700
   0.03920
   0.04105
   0.04254
   0.04365
   0.04437
   0.04470
   0.04463
   0.04417
   0.04331
   0.04207
   0.04045
   0.03848
   0.03617
   0.03353
   0.03060
   0.02739
   0.02394
   0.02028
   0.01644
   0.01245
   0.00836
   0.00418
  -0.00002
  -0.00423
  -0.00840
  -0.01250
  -0.01649
  -0.02033
  -0.02398
  -0.02743
  -0.03063
  -0.03356
  -0.03619
  -0.03851
  -0.04048
  -0.04209
  -0.04332
  -0.04417
  -0.04463
  -0.04470
  -0.04437
  -0.04364
  -0.04252
  -0.04103
  -0.03918
  -0.03697
  -0.03444
  -0.03161
  -0.02849
  -0.02512
  -0.02152
  -0.01774
  -0.01380
  -0.00973
  -0.00558
  -0.00138
   0.00283
   0.00702
   0.01115
   0.01517
   0.01906
   0.02279
   0.02631
   0.02959
   0.03262
   0.03535
   0.03777
   0.03986
   0.04159
   0.04295
   0.04393
   0.04453
   0.04472
   0.04452
   0.04392
   0.04294
   0.04157
   0.03984
   0.03775
   0.03532
   0.03258
   0.02956
   0.02627
   0.02274
   0.01902
   0.01513
   0.01110
   0.00697
   0.00278
  -0.00143
  -0.00563
  -0.00978
  -0.01384
  -0.01778
  -0.02157
  -0.02516
  -0.02853
  -0.03164
  -0.03447
  -0.03700
  -0.03920
  -0.04105
  -0.04254
  -0.04365
  -0.04437
  -0.04470
  -0.04463
  -0.04417
  -0.04331
  -0.04207
  -0.04045
  -0.03848
  -0.03617
  -0.03353
  -0.03060
  -0.02739
  -0.02394
  -0.02028
  -0.01644
  -0.01245
  -0.00836
  -0.00418
   0.00002
   0.00423
   0.00840
   0.01250
   0.01649
   0.02033
   0.02398
   0.02743
   0.03063
   0.03356
   0.03619
   0.03851
   0.04048
   0.04209
   0.04332
   0.04417
   0.04463
   0.04470
   0.04437
   0.04364
   0.04252
   0.04103
   0.03918
   0.03697
   0.03444
   0.03161
   0.02849
   0.02512
   0.02152
   0.01774
   0.01380
   0.00973
   0.00558
   0.00138
  -0.00283
  -0.00702
  -0.01115
  -0.01517
  -0.01906
  -0.02279
  -0.02631
  -0.02959
  -0.03262
  -0.03535
  -0.03777
  -0.03986
  -0.04159
  -0.04295
  -0.04393
  -0.04453
  -0.04472
  -0.04452
  -0.04392
  -0.04294
  -0.04157
  -0.03984
  -0.03775
  -0.03532
  -0.03258
  -0.02956
  -0.02627
  -0.02274
  -0.01902
  -0.01513
  -0.01110
  -0.00697
  -0.00278
   0.00143
   0.00563
   0.00978
   0.01384
   0.01778
   0.02157
   0.02516
   0.02853
   0.03164
   0.03447
   0.03700
   0.03920
   0.04105
   0.04254
   0.04365
   0.04437
   0.04470
   0.04463
   0.04417
   0.04331
   0.04207
   0.04045
   0.03848
   0.03617
   0.03353
   0.03060
   0.02739
   0.02394
   0.02028
   0.01644
   0.01245
   0.00836
   0.00418
  -0.00002
  -0.00423
  -0.00840
  -0.01250
  -0.01649
  -0.02033
  -0.02398
  -0.02743
  -0.03063
  -0.03356
  -0.03619
  -0.03851
  -0.04048
  -0.04209
  -0.04332
  -0.04417
  -0.04463
  -0.04470
  -0.04437
  -0.04364
  -0.04252
  -0.04103
  -0.03918
  -0.03697
  -0.03444
  -0.03161
  -0.02849
  -0.02512
  -0.02152
  -0.01774
  -0.01380
  -0.00973
  -0.00558
  -0.00138
   0.00283
   0.00702
   0.01115
   0.01517
   0.01906
   0.02279
   0.02631
   0.02959
   0.03262
   0.03535
   0.03777
   0.03986
   0.04159
   0.04295
   0.04393
   0.04453
   0.04472
   0.04452
   0.04392
   0.04294
   0.04157
   0.03984
   0.03775
   0.03532
   0.03258
   0.02956
   0.02627
   0.02274
   0.01902
   0.01513
   0.01110
   0.00697
   0.00278
  -0.00143
  -0.00563
  -0.00978
  -0.01384
  -0.01778
  -0.02157
  -0.02516
  -0.02853
  -0.03164
  -0.03447
  -0.03700
  -0.03920
  -0.04105
  -0.04254
  -0.04365
  -0.04437
  -0.04470
  -0.04463
  -0.04417
  -0.04331
  -0.04207
  -0.04045
  -0.03848
  -0.03617
  -0.03353
  -0.03060
  -0.02739
  -0.02394
  -0.02028
  -0.01644
  -0.01245
  -0.00836
  -0.00418
   0.00002
   0.00423
   0.00840
   0.01250
   0.01649
   0.02033
   0.02398
   0.02743
   0.03063
   0.03356
   0.03619
   0.03851
   0.04048
   0.04209
   0.04332
   0.04417
   0.04463
   0.04470
   0.04437
   0.04364
   0.04252
   0.04103
   0.03918
   0.03697
   0.03444
   0.03161
   0.02849
   0.02512
   0.02152
   0.01774
   0.01380
   0.00973
   0.00558
   0.00138
  -0.00283
  -0.00702
  -0.01115
  -0.01517
  -0.01906
  -0.02279
  -0.02631
  -0.02959
  -0.03262
  -0.03535
  -0.03777
  -0.03986
  -0.04159
  -0.04295
  -0.04393
  -0.04453
  -0.04472
  -0.04452
  -0.04392
  -0.04294
  -0.04157
  -0.03984
  -0.03775
  -0.03532
  -0.03258
  -0.02956
  -0.02627
  -0.02274
  -0.01902
  -0.01513
  -0.01110
  -0.00697
  -0.00278
   0.00143
   0.00563
   0.00978
   0.01384
   0.01778
   0.02157
   0.02516
   0.02853
   0.03164
   0.03447
   0.03700
   0.03920
   0.04105
   0.04254
   0.04365
   0.04437
   0.04470
   0.04463
   0.04417
   0.04331
   0.04207
   0.04045
   0.03848
   0.03617
   0.03353
   0.03060
   0.02739
   0.02394
   0.02028
   0.01644
   0.01245
   0.00836
   0.00418
  -0.00002
  -0.00423
  -0.00840
  -0.01250
  -0.01649
  -0.02033
  -0.02398
  -0.02743
  -0.03063
  -0.03356
  -0.03619
  -0.03851
  -0.04048
  -0.04209
  -0.04332
  -0.04417
  -0.04463
  -0.04470
  -0.04437
  -0.04364
  -0.04252
  -0.04103
  -0.03918
  -0.03697
  -0.03444
  -0.03161
  -0.02849
  -0.02512
  -0.02152
  -0.01774
  -0.01380
  -0.00973
  -0.00558
  -0.00138
   0.00283
   0.00702
   0.01115
   0.01517
   0.01906
   0.02279
   0.02631
   0.02959
   0.03262
   0.03535
   0.03777
   0.03986
   0.04159
   0.04295
   0.04393
   0.04453
   0.04472
   0.04452
   0.04392
   0.04294
   0.04157
   0.03984
   0.03775
   0.03532
   0.03258
   0.02956
   0.02627
   0.02274
   0.01902
   0.01513
   0.01110
   0.00697
   0.00278
  -0.00143
  -0.00563
  -0.00978
  -0.01384
  -0.01778
  -0.02157
  -0.02516
  -0.02853
  -0.03164
  -0.03447
  -0.03700
  -0.03920
  -0.04105
  -0.04254
  -0.04365
  -0.04437
  -0.04470
  -0.04463
  -0.04417
  -0.04331
  -0.04207
  -0.04045
  -0.03848
  -0.03617
  -0.03353
  -0.03060
  -0.02739
  -0.02394
  -0.02028
  -0.01644
  -0.01245
  -0.00836
  -0.00418
   0.00002
   0.00423
   0.00840
   0.01250
   0.01649
   0.02033
   0.02398
   0.02743
   0.03063
   0.03356
   0.03619
   0.03851
   0.04048
   0.04209
   0.04332
   0.04417
   0.04463
   0.04470
   0.04437
   0.04364
   0.04252
   0.04103
   0.03918
   0.03697
   0.03444
   0.03161
   0.02849
   0.02512
   0.02152
   0.01774
   0.01380
   0.00973
   0.00558
   0.00138
  -0.00283
  -0.00702
  -0.01115
  -0.01517
  -0.01906
  -0.02279
  -0.02631
  -0.02959
  -0.03262
  -0.03535
  -0.03777
  -0.03986
  -0.04159
  -0.04295
  -0.04393
  -0.04453
  -0.04472
  -0.04452
  -0.04392
  -0.04294
  -0.04157
  -0.03984
  -0.03775
  -0.03532
  -0.03258
  -0.02956
  -0.02627
  -0.02274
  -0.01902
  -0.01513
  -0.01110
  -0.00697
  -0.00278
   0.00143
   0.00563
   0.00978
   0.01384
   0.01778
   0.02157
   0.02516
   0.02853
   0.03164
   0.03447
   0.03700
   0.03920
   0.04105
   0.04254
   0.04365
   0.04437
   0.04470
   0.04463
   0.04417
   0.04331
   0.04207
   0.04045
   0.03848
   0.03617
   0.03353
   0.03060
   0.02739
   0.02394
   0.02028
   0.01644
   0.01245
   0.00836
   0.00418
  -0.00002
  -0.00423
  -0.00840
  -0.01250
  -0.01649
  -0.02033
  -0.02398
  -0.02743
  -0.03063
  -0.03356
  -0.03619
  -0.03851
  -0.04048
  -0.04209
  -0.04332
  -0.04417
  -0.04463
  -0.04470
  -0.04437
  -0.04364
  -0.04252
  -0.04103
  -0.03918
  -0.03697
  -0.03444
  -0.03161
  -0.02849
  -0.02512
  -0.02152
  -0.01774
  -0.01380
  -0.00973
  -0.00558
  -0.00138
   0.00283
   0.00702
   0.01115
   0.01517
   0.01906
   0.02279
   0.02631
   0.02959
   0.03262
   0.03535
   0.03777
   0.03986
   0.04159
   0.04295
   0.04393
   0.04453
   0.04472
   0.04452
   0.04392
   0.04294
   0.04157
   0.03984
   0.03775
   0.03532
   0.03258
   0.02956
   0.02627
   0.02274
   0.01902
   0.01513
   0.01110
   0.00697
   0.00278
  -0.00143
  -0.00563
  -0.00978
  -0.01384
  -0.01778
  -0.02157
  -0.02516
  -0.02853
  -0.03164
  -0.03447
  -0.03700
  -0.03920
  -0.04105
  -0.04254
  -0.04365
  -0.04437
  -0.04470
  -0.04463
  -0.04417
  -0.04331
  -0.04207
  -0.04045
  -0.03848
  -0.03617
  -0.03353
  -0.03060
  -0.02739
  -0.02394
  -0.02028
  -0.01644
  -0.01245
  -0.00836
  -0.00418
   0.00002
   0.00423
   0.00840
   0.01250
   0.01649
   0.02033
   0.02398
   0.02743
   0.03063
   0.03356
   0.03619
   0.03851
   0.04048
   0.04209
   0.04332
   0.04417
   0.04463
   0.04470
   0.04437
   0.04364
   0.04252
   0.04103
   0.03918
   0.03697
   0.03444
   0.03161
   0.02849
   0.02512
   0.02152
   0.01774
   0.01380
   0.00973
   0.00558
   0.00138
  -0.00283
  -0.00702
  -0.01115
  -0.01517
  -0.01906
  -0.02279
  -0.02631
  -0.02959
  -0.03262
  -0.03535
  -0.03777
  -0.03986
  -0.04159
  -0.04295
  -0.04393
  -0.04453
  -0.04472
  -0.04452
  -0.04392
  -0.04294
  -0.04157
  -0.03984
  -0.03775
  -0.03532
  -0.03258
  -0.02956
  -0.02627
  -0.02274
  -0.01902
  -0.01513
  -0.01110
  -0.00697
  -0.00278
   0.00143
   0.00563
   0.00978
   0.01384
   0.01778
   0.02157
   0.02516
   0.02853
   0.03164
   0.03447
   0.03700
   0.03920
   0.04105
   0.04254
   0.04365
   0.04437
   0.04470
   0.04463
   0.04417
   0.04331
   0.04207
   0.04045
   0.03848
   0.03617
   0.03353
   0.03060
   0.02739
   0.02394
   0.02028
   0.01644
   0.01245
   0.00836
   0.00418
  -0.00002
  -0.00423
  -0.00840
  -0.01250
  -0.01649
  -0.02033
  -0.02398
  -0.02743
  -0.03063
  -0.03356
  -0.03619
  -0.03851
  -0.04048
  -0.04209
  -0.04332
  -0.04417
  -0.04463
  -0.04470
  -0.04437
  -0.04364
  -0.04252
  -0.04103
  -0.03918
  -0.03697
  -0.03444
  -0.03161
  -0.02849
  -0.02512
  -0.02152
  -0.01774
  -0.01380
  -0.00973
  -0.00558
  -0.00138
   0.00283
   0.00702
   0.01115
   0.01517
   0.01906
   0.02279
   0.02631
   0.02959
   0.03262
   0.03535
   0.03777
   0.03986
   0.04159
   0.04295
   0.04393
   0.04453
   0.04472
   0.04452
   0.04392
   0.04294
   0.04157
   0.03984
   0.03775
   0.03532
   0.03258
   0.02956
   0.02627
   0.02274
   0.01902
   0.01513
   0.01110
   0.00697
   0.00278
  -0.00143
  -0.00563
  -0.00978
  -0.01384
  -0.01778
  -0.02157
  -0.02516
  -0.02853
  -0.03164
  -0.03447
  -0.03700
  -0.03920
  -0.04105
  -0.04254
  -0.04365
  -0.04437
  -0.04470
  -0.04463
  -0.04417
  -0.04331
  -0.04207
  -0.04045
  -0.03848
  -0.03617
  -0.03353
  -0.03060
  -0.02739
  -0.02394
  -0.02028
  -0.01644
  -0.01245
  -0.00836
  -0.00418
   0.00002
   0.00423
   0.00840
   0.01250
   0.01649
   0.02033
   0.02398
   0.02743
   0.03063
   0.03356
   0.03619
   0.03851
   0.04048
   0.04209
   0.04332
   0.04417
   0.04463
   0.04470
   0.04437
   0.04364
   0.04252
   0.04103
   0.03918
   0.03697
   0.03444
   0.03161
   0.02849
   0.02512
   0.02152
   0.01774
   0.01380
   0.00973
   0.00558
   0.00138
  -0.00283
  -0.00702
  -0.01115
  -0.01517
  -0.01906
  -0.02279
  -0.02631
  -0.02959
  -0.03262
  -0.03535
  -0.03777
  -0.03986
  -0.04159
  -0.04295
  -0.04393
  -0.04453
  -0.04472
