  -0.03247
  -0.04424
  -0.02220
   0.01681
   0.04297
   0.03629
   0.00187
  -0.03398
  -0.04386
  -0.02022
   0.01887
   0.04354
   0.03493
  -0.00038
  -0.03540
  -0.04336
  -0.01819
   0.02089
   0.04400
   0.03348
  -0.00262
  -0.03672
  -0.04276
  -0.01611
   0.02285
   0.04435
   0.03195
  -0.00486
  -0.03796
  -0.04204
  -0.01400
   0.02475
   0.04458
   0.03034
  -0.00709
  -0.03910
  -0.04123
  -0.01184
   0.02659
   0.04470
   0.02865
  -0.00930
  -0.04014
  -0.04030
  -0.00966
   0.02836
   0.04471
   0.02689
  -0.01149
  -0.04108
  -0.03928
  -0.00746
   0.03007
   0.04461
   0.02506
  -0.01364
  -0.04192
  -0.03815
  -0.00523
   0.03169
   0.04439
   0.02316
  -0.01577
  -0.04265
  -0.03693
  -0.00299
   0.03324
   0.04406
   0.02121
  -0.01785
  -0.04327
  -0.03562
  -0.00075
   0.03470
   0.04362
   0.01921
  -0.01989
  -0.04378
  -0.03422
   0.00150
   0.03607
   0.04307
   0.01716
  -0.02187
  -0.04419
  -0.03273
   0.00374
   0.03735
   0.04241
   0.01506
  -0.02381
  -0.04448
  -0.03115
   0.00598
   0.03854
   0.04165
   0.01292
  -0.02568
  -0.04466
  -0.02950
   0.00820
   0.03963
   0.04078
   0.01076
  -0.02749
  -0.04472
  -0.02778
   0.01040
   0.04062
   0.03980
   0.00856
  -0.02922
  -0.04467
  -0.02598
   0.01257
   0.04151
   0.03873
   0.00635
  -0.03089
  -0.04451
  -0.02412
   0.01471
   0.04230
   0.03756
   0.00411
  -0.03247
  -0.04424
  -0.02220
   0.01681
   0.04297
   0.03629
   0.00187
  -0.03398
  -0.04386
  -0.02022
   0.01887
   0.04354
   0.03493
  -0.00038
  -0.03540
  -0.04336
  -0.01819
   0.02089
   0.04400
   0.03348
  -0.00262
  -0.03672
  -0.04276
  -0.01611
   0.02285
   0.04435
   0.03195
  -0.00486
  -0.03796
  -0.04204
  -0.01400
   0.02475
   0.04458
   0.03034
  -0.00709
  -0.03910
  -0.04123
  -0.01184
   0.02659
   0.04470
   0.02865
  -0.00930
  -0.04014
  -0.04030
  -0.00966
   0.02836
   0.04471
   0.02689
  -0.01149
  -0.04108
  -0.03928
  -0.00746
   0.03007
   0.04461
   0.02506
  -0.01364
  -0.04192
  -0.03815
  -0.00523
   0.03169
   0.04439
   0.02316
  -0.01577
  -0.04265
  -0.03693
  -0.00299
   0.03324
   0.04406
   0.02121
  -0.01785
  -0.04327
  -0.03562
  -0.00075
   0.03470
   0.04362
   0.01921
  -0.01989
  -0.04378
  -0.03422
   0.00150
   0.03607
   0.04307
   0.01716
  -0.02187
  -0.04419
  -0.03273
   0.00374
   0.03735
   0.04241
   0.01506
  -0.02381
  -0.04448
  -0.03115
   0.00598
   0.03854
   0.04165
   0.01292
  -0.02568
  -0.04466
  -0.02950
   0.00820
   0.03963
   0.04078
   0.01076
  -0.02749
  -0.04472
  -0.02778
   0.01040
   0.04062
   0.03980
   0.00856
  -0.02922
  -0.04467
  -0.02598
   0.01257
   0.04151
   0.03873
   0.00635
  -0.03089
  -0.04451
  -0.02412
   0.01471
   0.04230
   0.03756
   0.00411
  -0.03247
  -0.04424
  -0.02220
   0.01681
   0.04297
   0.03629
   0.00187
  -0.03398
  -0.04386
  -0.02022
   0.01887
   0.04354
   0.03493
  -0.00038
  -0.03540
  -0.04336
  -0.01819
   0.02089
   0.04400
   0.03348
  -0.00262
  -0.03672
  -0.04276
  -0.01611
   0.02285
   0.04435
   0.03195
  -0.00486
  -0.03796
  -0.04204
  -0.01400
   0.02475
   0.04458
   0.03034
  -0.00709
  -0.03910
  -0.04123
  -0.01184
   0.02659
   0.04470
   0.02865
  -0.00930
  -0.04014
  -0.04030
  -0.00966
   0.02836
   0.04471
   0.02689
  -0.01149
  -0.04108
  -0.03928
  -0.00746
   0.03007
   0.04461
   0.02506
  -0.01364
  -0.04192
  -0.03815
  -0.00523
   0.03169
   0.04439
   0.02316
  -0.01577
  -0.04265
  -0.03693
  -0.00299
   0.03324
   0.04406
   0.02121
  -0.01785
  -0.04327
  -0.03562
  -0.00075
   0.03470
   0.04362
   0.01921
  -0.01989
  -0.04378
  -0.03422
   0.00150
   0.03607
   0.04307
   0.01716
  -0.02187
  -0.04419
  -0.03273
   0.00374
   0.03735
   0.04241
   0.01506
  -0.02381
  -0.04448
  -0.03115
   0.00598
   0.03854
   0.04165
   0.01292
  -0.02568
  -0.04466
  -0.02950
   0.00820
   0.03963
   0.04078
   0.01076
  -0.02749
  -0.04472
  -0.02778
   0.01040
   0.04062
   0.03980
   0.00856
  -0.02922
  -0.04467
  -0.02598
   0.01257
   0.04151
   0.03873
   0.00635
  -0.03089
  -0.04451
  -0.02412
   0.01471
   0.04230
   0.03756
   0.00411
  -0.03247
  -0.04424
  -0.02220
   0.01681
   0.04297
   0.03629
   0.00187
  -0.03398
  -0.04386
  -0.02022
   0.01887
   0.04354
   0.03493
  -0.00038
  -0.03540
  -0.04336
  -0.01819
   0.02089
   0.04400
   0.03348
  -0.00262
  -0.03672
  -0.04276
  -0.01611
   0.02285
   0.04435
   0.03195
  -0.00486
  -0.03796
  -0.04204
  -0.01400
   0.02475
   0.04458
   0.03034
  -0.00709
  -0.03910
  -0.04123
  -0.01184
   0.02659
   0.04470
   0.02865
  -0.00930
  -0.04014
  -0.04030
  -0.00966
   0.02836
   0.04471
   0.02689
  -0.01149
  -0.04108
  -0.03928
  -0.00746
   0.03007
   0.04461
   0.02506
  -0.01364
  -0.04192
  -0.03815
  -0.00523
   0.03169
   0.04439
   0.02316
  -0.01577
  -0.04265
  -0.03693
  -0.00299
   0.03324
   0.04406
   0.02121
  -0.01785
  -0.04327
  -0.03562
  -0.00075
   0.03470
   0.04362
   0.01921
  -0.01989
  -0.04378
  -0.03422
   0.00150
   0.03607
   0.04307
   0.01716
  -0.02187
  -0.04419
  -0.03273
   0.00374
   0.03735
   0.04241
   0.01506
  -0.02381
  -0.04448
  -0.03115
   0.00598
   0.03854
   0.04165
   0.01292
  -0.02568
  -0.04466
  -0.02950
   0.00820
   0.03963
   0.04078
   0.01076
  -0.02749
  -0.04472
  -0.02778
   0.01040
   0.04062
   0.03980
   0.00856
  -0.02922
  -0.04467
  -0.02598
   0.01257
   0.04151
   0.03873
   0.00635
  -0.03089
  -0.04451
  -0.02412
   0.01471
   0.04230
   0.03756
   0.00411
  -0.03247
  -0.04424
  -0.02220
   0.01681
   0.04297
   0.03629
   0.00187
  -0.03398
  -0.04386
  -0.02022
   0.01887
   0.04354
   0.03493
  -0.00038
  -0.03540
  -0.04336
  -0.01819
   0.02089
   0.04400
   0.03348
  -0.00262
  -0.03672
  -0.04276
  -0.01611
   0.02285
   0.04435
   0.03195
  -0.00486
  -0.03796
  -0.04204
  -0.01400
   0.02475
   0.04458
   0.03034
  -0.00709
  -0.03910
  -0.04123
  -0.01184
   0.02659
   0.04470
   0.02865
  -0.00930
  -0.04014
  -0.04030
  -0.00966
   0.02836
   0.04471
   0.02689
  -0.01149
  -0.04108
  -0.03928
  -0.00746
   0.03007
   0.04461
   0.02506
  -0.01364
  -0.04192
  -0.03815
  -0.00523
   0.03169
   0.04439
   0.02316
  -0.01577
  -0.04265
  -0.03693
  -0.00299
   0.03324
   0.04406
   0.02121
  -0.01785
  -0.04327
  -0.03562
  -0.00075
   0.03470
   0.04362
   0.01921
  -0.01989
  -0.04378
  -0.03422
   0.00150
   0.03607
   0.04307
   0.01716
  -0.02187
  -0.04419
  -0.03273
   0.00374
   0.03735
   0.04241
   0.01506
  -0.02381
  -0.04448
  -0.03115
   0.00598
   0.03854
   0.04165
   0.01292
  -0.02568
  -0.04466
  -0.02950
   0.00820
   0.03963
   0.04078
   0.01076
  -0.02749
  -0.04472
  -0.02778
   0.01040
   0.04062
   0.03980
   0.00856
  -0.02922
  -0.04467
  -0.02598
   0.01257
   0.04151
   0.03873
   0.00635
  -0.03089
  -0.04451
  -0.02412
   0.01471
   0.04230
   0.03756
   0.00411
  -0.03247
  -0.04424
  -0.02220
   0.01681
   0.04297
   0.03629
   0.00187
  -0.03398
  -0.04386
  -0.02022
   0.01887
   0.04354
   0.03493
  -0.00038
  -0.03540
  -0.04336
  -0.01819
   0.02089
   0.04400
   0.03348
  -0.00262
  -0.03672
  -0.04276
  -0.01611
   0.02285
   0.04435
   0.03195
  -0.00486
  -0.03796
  -0.04204
  -0.01400
   0.02475
   0.04458
   0.03034
  -0.00709
  -0.03910
  -0.04123
  -0.01184
   0.02659
   0.04470
   0.02865
  -0.00930
  -0.04014
  -0.04030
  -0.00966
   0.02836
   0.04471
   0.02689
  -0.01149
  -0.04108
  -0.03928
  -0.00746
   0.03007
   0.04461
   0.02506
  -0.01364
  -0.04192
  -0.03815
  -0.00523
   0.03169
   0.04439
   0.02316
  -0.01577
  -0.04265
  -0.03693
  -0.00299
   0.03324
   0.04406
   0.02121
  -0.01785
  -0.04327
  -0.03562
  -0.00075
   0.03470
   0.04362
   0.01921
  -0.01989
  -0.04378
  -0.03422
   0.00150
   0.03607
   0.04307
   0.01716
  -0.02187
  -0.04419
  -0.03273
   0.00374
   0.03735
   0.04241
   0.01506
  -0.02381
  -0.04448
  -0.03115
   0.00598
   0.03854
   0.04165
   0.01292
  -0.02568
  -0.04466
  -0.02950
   0.00820
   0.03963
   0.04078
   0.01076
  -0.02749
  -0.04472
  -0.02778
   0.01040
   0.04062
   0.03980
   0.00856
  -0.02922
  -0.04467
  -0.02598
   0.01257
   0.04151
   0.03873
   0.00635
  -0.03089
  -0.04451
  -0.02412
   0.01471
   0.04230
   0.03756
   0.00411
  -0.03247
  -0.04424
  -0.02220
   0.01681
   0.04297
   0.03629
   0.00187
  -0.03398
  -0.04386
  -0.02022
   0.01887
   0.04354
   0.03493
  -0.00038
  -0.03540
  -0.04336
  -0.01819
   0.02089
   0.04400
   0.03348
  -0.00262
  -0.03672
  -0.04276
  -0.01611
   0.02285
   0.04435
   0.03195
  -0.00486
  -0.03796
  -0.04204
  -0.01400
   0.02475
   0.04458
   0.03034
  -0.00709
  -0.03910
  -0.04123
  -0.01184
   0.02659
   0.04470
   0.02865
  -0.00930
  -0.04014
  -0.04030
  -0.00966
   0.02836
   0.04471
   0.02689
  -0.01149
  -0.04108
  -0.03928
  -0.00746
   0.03007
   0.04461
   0.02506
  -0.01364
  -0.04192
  -0.03815
  -0.00523
   0.03169
   0.04439
   0.02316
  -0.01577
  -0.04265
  -0.03693
  -0.00299
   0.03324
   0.04406
   0.02121
  -0.01785
  -0.04327
  -0.03562
  -0.00075
   0.03470
   0.04362
   0.01921
  -0.01989
  -0.04378
  -0.03422
   0.00150
   0.03607
   0.04307
   0.01716
  -0.02187
  -0.04419
  -0.03273
   0.00374
   0.03735
   0.04241
   0.01506
  -0.02381
  -0.04448
  -0.03115
   0.00598
   0.03854
   0.04165
   0.01292
  -0.02568
  -0.04466
  -0.02950
   0.00820
   0.03963
   0.04078
   0.01076
  -0.02749
  -0.04472
  -0.02778
   0.01040
   0.04062
   0.03980
   0.00856
  -0.02922
  -0.04467
  -0.02598
   0.01257
   0.04151
   0.03873
   0.00635
  -0.03089
  -0.04451
  -0.02412
   0.01471
   0.04230
   0.03756
   0.00411
  -0.03247
  -0.04424
  -0.02220
   0.01681
   0.04297
   0.03629
   0.00187
  -0.03398
  -0.04386
  -0.02022
   0.01887
   0.04354
   0.03493
  -0.00038
  -0.03540
  -0.04336
  -0.01819
   0.02089
   0.04400
   0.03348
  -0.00262
  -0.03672
  -0.04276
  -0.01611
   0.02285
   0.04435
   0.03195
  -0.00486
  -0.03796
  -0.04204
  -0.01400
   0.02475
   0.04458
   0.03034
  -0.00709
  -0.03910
  -0.04123
  -0.01184
   0.02659
   0.04470
   0.02865
  -0.00930
  -0.04014
  -0.04030
  -0.00966
   0.02836
   0.04471
   0.02689
  -0.01149
  -0.04108
  -0.03928
  -0.00746
   0.03007
   0.04461
   0.02506
  -0.01364
  -0.04192
  -0.03815
  -0.00523
   0.03169
   0.04439
   0.02316
  -0.01577
  -0.04265
  -0.03693
  -0.00299
   0.03324
   0.04406
   0.02121
  -0.01785
  -0.04327
  -0.03562
  -0.00075
   0.03470
   0.04362
   0.01921
  -0.01989
  -0.04378
  -0.03422
   0.00150
   0.03607
   0.04307
   0.01716
  -0.02187
  -0.04419
  -0.03273
   0.00374
   0.03735
   0.04241
   0.01506
  -0.02381
  -0.04448
  -0.03115
   0.00598
   0.03854
   0.04165
   0.01292
  -0.02568
  -0.04466
  -0.02950
   0.00820
   0.03963
   0.04078
   0.01076
  -0.02749
  -0.04472
  -0.02778
   0.01040
   0.04062
   0.03980
   0.00856
  -0.02922
  -0.04467
  -0.02598
   0.01257
   0.04151
   0.03873
   0.00635
  -0.03089
  -0.04451
  -0.02412
   0.01471
   0.04230
   0.03756
   0.00411
