  -0.04310
   0.03959
  -0.03428
   0.02742
  -0.01930
   0.01031
  -0.00085
  -0.00865
   0.01775
  -0.02605
   0.03317
  -0.03877
   0.04262
  -0.04452
   0.04440
  -0.04227
   0.03821
  -0.03241
   0.02514
  -0.01673
   0.00756
   0.00196
  -0.01138
   0.02029
  -0.02828
   0.03498
  -0.04009
   0.04338
  -0.04470
   0.04398
  -0.04127
   0.03667
  -0.03042
   0.02277
  -0.01410
   0.00478
   0.00476
  -0.01408
   0.02276
  -0.03040
   0.03666
  -0.04126
   0.04398
  -0.04470
   0.04339
  -0.04010
   0.03500
  -0.02830
   0.02031
  -0.01140
   0.00198
   0.00754
  -0.01672
   0.02513
  -0.03240
   0.03820
  -0.04226
   0.04440
  -0.04452
   0.04262
  -0.03878
   0.03318
  -0.02607
   0.01777
  -0.00867
  -0.00083
   0.01029
  -0.01929
   0.02740
  -0.03427
   0.03958
  -0.04310
   0.04465
  -0.04417
   0.04169
  -0.03731
   0.03123
  -0.02373
   0.01516
  -0.00589
  -0.00364
   0.01301
  -0.02178
   0.02957
  -0.03601
   0.04081
  -0.04376
   0.04472
  -0.04365
   0.04059
  -0.03568
   0.02916
  -0.02131
   0.01249
  -0.00310
  -0.00643
   0.01567
  -0.02419
   0.03162
  -0.03760
   0.04188
  -0.04425
   0.04462
  -0.04295
   0.03933
  -0.03392
   0.02697
  -0.01880
   0.00976
  -0.00029
  -0.00920
   0.01827
  -0.02651
   0.03354
  -0.03905
   0.04278
  -0.04457
   0.04433
  -0.04208
   0.03791
  -0.03202
   0.02468
  -0.01621
   0.00701
   0.00252
  -0.01193
   0.02079
  -0.02872
   0.03533
  -0.04034
   0.04352
  -0.04471
   0.04388
  -0.04105
   0.03635
  -0.03000
   0.02229
  -0.01356
   0.00422
   0.00532
  -0.01461
   0.02324
  -0.03081
   0.03698
  -0.04147
   0.04408
  -0.04468
   0.04325
  -0.03985
   0.03464
  -0.02786
   0.01981
  -0.01086
   0.00141
   0.00809
  -0.01724
   0.02559
  -0.03279
   0.03849
  -0.04244
   0.04447
  -0.04447
   0.04245
  -0.03850
   0.03280
  -0.02561
   0.01725
  -0.00811
  -0.00140
   0.01084
  -0.01979
   0.02784
  -0.03463
   0.03984
  -0.04324
   0.04468
  -0.04408
   0.04148
  -0.03699
   0.03082
  -0.02326
   0.01463
  -0.00534
  -0.00420
   0.01354
  -0.02227
   0.02999
  -0.03634
   0.04104
  -0.04387
   0.04471
  -0.04352
   0.04035
  -0.03534
   0.02873
  -0.02081
   0.01195
  -0.00254
  -0.00699
   0.01619
  -0.02466
   0.03201
  -0.03790
   0.04207
  -0.04433
   0.04457
  -0.04279
   0.03906
  -0.03355
   0.02652
  -0.01828
   0.00922
   0.00027
  -0.00975
   0.01878
  -0.02696
   0.03391
  -0.03932
   0.04294
  -0.04461
   0.04426
  -0.04189
   0.03761
  -0.03163
   0.02421
  -0.01569
   0.00645
   0.00308
  -0.01247
   0.02129
  -0.02914
   0.03567
  -0.04058
   0.04364
  -0.04472
   0.04377
  -0.04082
   0.03602
  -0.02958
   0.02180
  -0.01302
   0.00366
   0.00587
  -0.01514
   0.02372
  -0.03122
   0.03730
  -0.04168
   0.04417
  -0.04465
   0.04310
  -0.03959
   0.03428
  -0.02742
   0.01930
  -0.01031
   0.00085
   0.00865
  -0.01775
   0.02605
  -0.03317
   0.03877
  -0.04262
   0.04452
  -0.04440
   0.04227
  -0.03821
   0.03241
  -0.02514
   0.01673
  -0.00756
  -0.00196
   0.01138
  -0.02029
   0.02828
  -0.03498
   0.04009
  -0.04338
   0.04470
  -0.04398
   0.04127
  -0.03667
   0.03042
  -0.02277
   0.01410
  -0.00478
  -0.00476
   0.01408
  -0.02276
   0.03040
  -0.03666
   0.04126
  -0.04398
   0.04470
  -0.04339
   0.04010
  -0.03500
   0.02830
  -0.02031
   0.01140
  -0.00198
  -0.00754
   0.01672
  -0.02513
   0.03240
  -0.03820
   0.04226
  -0.04440
   0.04452
  -0.04262
   0.03878
  -0.03318
   0.02607
  -0.01777
   0.00867
   0.00083
  -0.01029
   0.01929
  -0.02740
   0.03427
  -0.03958
   0.04310
  -0.04465
   0.04417
  -0.04169
   0.03731
  -0.03123
   0.02373
  -0.01516
   0.00589
   0.00364
  -0.01301
   0.02178
  -0.02957
   0.03601
  -0.04081
   0.04376
  -0.04472
   0.04365
  -0.04059
   0.03568
  -0.02916
   0.02131
  -0.01249
   0.00310
   0.00643
  -0.01567
   0.02419
  -0.03162
   0.03760
  -0.04188
   0.04425
  -0.04462
   0.04295
  -0.03933
   0.03392
  -0.02697
   0.01880
  -0.00976
   0.00029
   0.00920
  -0.01827
   0.02651
  -0.03354
   0.03905
  -0.04278
   0.04457
  -0.04433
   0.04208
  -0.03791
   0.03202
  -0.02468
   0.01621
  -0.00701
  -0.00252
   0.01193
  -0.02079
   0.02872
  -0.03533
   0.04034
  -0.04352
   0.04471
  -0.04388
   0.04105
  -0.03635
   0.03000
  -0.02229
   0.01356
  -0.00422
  -0.00532
   0.01461
  -0.02324
   0.03081
  -0.03698
   0.04147
  -0.04408
   0.04468
  -0.04325
   0.03985
  -0.03464
   0.02786
  -0.01981
   0.01086
  -0.00141
  -0.00809
   0.01724
  -0.02559
   0.03279
  -0.03849
   0.04244
  -0.04447
   0.04447
  -0.04245
   0.03850
  -0.03280
   0.02561
  -0.01725
   0.00811
   0.00140
  -0.01084
   0.01979
  -0.02784
   0.03463
  -0.03984
   0.04324
  -0.04468
   0.04408
  -0.04148
   0.03699
  -0.03082
   0.02326
  -0.01463
   0.00534
   0.00420
  -0.01354
   0.02227
  -0.02999
   0.03634
  -0.04104
   0.04387
  -0.04471
   0.04352
  -0.04035
   0.03534
  -0.02873
   0.02081
  -0.01195
   0.00254
   0.00699
  -0.01619
   0.02466
  -0.03201
   0.03790
  -0.04207
   0.04433
  -0.04457
   0.04279
  -0.03906
   0.03355
  -0.02652
   0.01828
  -0.00922
  -0.00027
   0.00975
  -0.01878
   0.02696
  -0.03391
   0.03932
  -0.04294
   0.04461
  -0.04426
   0.04189
  -0.03761
   0.03163
  -0.02421
   0.01569
  -0.00645
  -0.00308
   0.01247
  -0.02129
   0.02914
  -0.03567
   0.04058
  -0.04364
   0.04472
  -0.04377
   0.04082
  -0.03602
   0.02958
  -0.02180
   0.01302
  -0.00366
  -0.00587
   0.01514
  -0.02372
   0.03122
  -0.03730
   0.04168
  -0.04417
   0.04465
  -0.04310
   0.03959
  -0.03428
   0.02742
  -0.01930
   0.01031
  -0.00085
  -0.00865
   0.01775
  -0.02605
   0.03317
  -0.03877
   0.04262
  -0.04452
   0.04440
  -0.04227
   0.03821
  -0.03241
   0.02514
  -0.01673
   0.00756
   0.00196
  -0.01138
   0.02029
  -0.02828
   0.03498
  -0.04009
   0.04338
  -0.04470
   0.04398
  -0.04127
   0.03667
  -0.03042
   0.02277
  -0.01410
   0.00478
   0.00476
  -0.01408
   0.02276
  -0.03040
   0.03666
  -0.04126
   0.04398
  -0.04470
   0.04339
  -0.04010
   0.03500
  -0.02830
   0.02031
  -0.01140
   0.00198
   0.00754
  -0.01672
   0.02513
  -0.03240
   0.03820
  -0.04226
   0.04440
  -0.04452
   0.04262
  -0.03878
   0.03318
  -0.02607
   0.01777
  -0.00867
  -0.00083
   0.01029
  -0.01929
   0.02740
  -0.03427
   0.03958
  -0.04310
   0.04465
  -0.04417
   0.04169
  -0.03731
   0.03123
  -0.02373
   0.01516
  -0.00589
  -0.00364
   0.01301
  -0.02178
   0.02957
  -0.03601
   0.04081
  -0.04376
   0.04472
  -0.04365
   0.04059
  -0.03568
   0.02916
  -0.02131
   0.01249
  -0.00310
  -0.00643
   0.01567
  -0.02419
   0.03162
  -0.03760
   0.04188
  -0.04425
   0.04462
  -0.04295
   0.03933
  -0.03392
   0.02697
  -0.01880
   0.00976
  -0.00029
  -0.00920
   0.01827
  -0.02651
   0.03354
  -0.03905
   0.04278
  -0.04457
   0.04433
  -0.04208
   0.03791
  -0.03202
   0.02468
  -0.01621
   0.00701
   0.00252
  -0.01193
   0.02079
  -0.02872
   0.03533
  -0.04034
   0.04352
  -0.04471
   0.04388
  -0.04105
   0.03635
  -0.03000
   0.02229
  -0.01356
   0.00422
   0.00532
  -0.01461
   0.02324
  -0.03081
   0.03698
  -0.04147
   0.04408
  -0.04468
   0.04325
  -0.03985
   0.03464
  -0.02786
   0.01981
  -0.01086
   0.00141
   0.00809
  -0.01724
   0.02559
  -0.03279
   0.03849
  -0.04244
   0.04447
  -0.04447
   0.04245
  -0.03850
   0.03280
  -0.02561
   0.01725
  -0.00811
  -0.00140
   0.01084
  -0.01979
   0.02784
  -0.03463
   0.03984
  -0.04324
   0.04468
  -0.04408
   0.04148
  -0.03699
   0.03082
  -0.02326
   0.01463
  -0.00534
  -0.00420
   0.01354
  -0.02227
   0.02999
  -0.03634
   0.04104
  -0.04387
   0.04471
  -0.04352
   0.04035
  -0.03534
   0.02873
  -0.02081
   0.01195
  -0.00254
  -0.00699
   0.01619
  -0.02466
   0.03201
  -0.03790
   0.04207
  -0.04433
   0.04457
  -0.04279
   0.03906
  -0.03355
   0.02652
  -0.01828
   0.00922
   0.00027
  -0.00975
   0.01878
  -0.02696
   0.03391
  -0.03932
   0.04294
  -0.04461
   0.04426
  -0.04189
   0.03761
  -0.03163
   0.02421
  -0.01569
   0.00645
   0.00308
  -0.01247
   0.02129
  -0.02914
   0.03567
  -0.04058
   0.04364
  -0.04472
   0.04377
  -0.04082
   0.03602
  -0.02958
   0.02180
  -0.01302
   0.00366
   0.00587
  -0.01514
   0.02372
  -0.03122
   0.03730
  -0.04168
   0.04417
  -0.04465
   0.04310
  -0.03959
   0.03428
  -0.02742
   0.01930
  -0.01031
   0.00085
   0.00865
  -0.01775
   0.02605
  -0.03317
   0.03877
  -0.04262
   0.04452
  -0.04440
   0.04227
  -0.03821
   0.03241
  -0.02514
   0.01673
  -0.00756
  -0.00196
   0.01138
  -0.02029
   0.02828
  -0.03498
   0.04009
  -0.04338
   0.04470
  -0.04398
   0.04127
  -0.03667
   0.03042
  -0.02277
   0.01410
  -0.00478
  -0.00476
   0.01408
  -0.02276
   0.03040
  -0.03666
   0.04126
  -0.04398
   0.04470
  -0.04339
   0.04010
  -0.03500
   0.02830
  -0.02031
   0.01140
  -0.00198
  -0.00754
   0.01672
  -0.02513
   0.03240
  -0.03820
   0.04226
  -0.04440
   0.04452
  -0.04262
   0.03878
  -0.03318
   0.02607
  -0.01777
   0.00867
   0.00083
  -0.01029
   0.01929
  -0.02740
   0.03427
  -0.03958
   0.04310
  -0.04465
   0.04417
  -0.04169
   0.03731
  -0.03123
   0.02373
  -0.01516
   0.00589
   0.00364
  -0.01301
   0.02178
  -0.02957
   0.03601
  -0.04081
   0.04376
  -0.04472
   0.04365
  -0.04059
   0.03568
  -0.02916
   0.02131
  -0.01249
   0.00310
   0.00643
  -0.01567
   0.02419
  -0.03162
   0.03760
  -0.04188
   0.04425
  -0.04462
   0.04295
  -0.03933
   0.03392
  -0.02697
   0.01880
  -0.00976
   0.00029
   0.00920
  -0.01827
   0.02651
  -0.03354
   0.03905
  -0.04278
   0.04457
  -0.04433
   0.04208
  -0.03791
   0.03202
  -0.02468
   0.01621
  -0.00701
  -0.00252
   0.01193
  -0.02079
   0.02872
  -0.03533
   0.04034
  -0.04352
   0.04471
  -0.04388
   0.04105
  -0.03635
   0.03000
  -0.02229
   0.01356
  -0.00422
  -0.00532
   0.01461
  -0.02324
   0.03081
  -0.03698
   0.04147
  -0.04408
   0.04468
  -0.04325
   0.03985
  -0.03464
   0.02786
  -0.01981
   0.01086
  -0.00141
  -0.00809
   0.01724
  -0.02559
   0.03279
  -0.03849
   0.04244
  -0.04447
   0.04447
  -0.04245
   0.03850
  -0.03280
   0.02561
  -0.01725
   0.00811
   0.00140
  -0.01084
   0.01979
  -0.02784
   0.03463
  -0.03984
   0.04324
  -0.04468
   0.04408
  -0.04148
   0.03699
  -0.03082
   0.02326
  -0.01463
   0.00534
   0.00420
  -0.01354
   0.02227
  -0.02999
   0.03634
  -0.04104
   0.04387
  -0.04471
   0.04352
  -0.04035
   0.03534
  -0.02873
   0.02081
  -0.01195
   0.00254
   0.00699
  -0.01619
   0.02466
  -0.03201
   0.03790
  -0.04207
   0.04433
  -0.04457
   0.04279
  -0.03906
   0.03355
  -0.02652
   0.01828
  -0.00922
  -0.00027
   0.00975
  -0.01878
   0.02696
  -0.03391
   0.03932
  -0.04294
   0.04461
  -0.04426
   0.04189
  -0.03761
   0.03163
  -0.02421
   0.01569
  -0.00645
  -0.00308
   0.01247
  -0.02129
   0.02914
  -0.03567
   0.04058
  -0.04364
   0.04472
  -0.04377
   0.04082
  -0.03602
   0.02958
  -0.02180
   0.01302
  -0.00366
  -0.00587
   0.01514
  -0.02372
   0.03122
  -0.03730
   0.04168
  -0.04417
   0.04465
