  -0.02032
   0.03569
  -0.04388
   0.04324
  -0.03391
   0.01775
   0.00198
  -0.02131
   0.03635
  -0.04408
   0.04294
  -0.03316
   0.01671
   0.00310
  -0.02229
   0.03700
  -0.04426
   0.04261
  -0.03240
   0.01566
   0.00422
  -0.02326
   0.03762
  -0.04440
   0.04226
  -0.03161
   0.01461
   0.00534
  -0.02421
   0.03821
  -0.04452
   0.04188
  -0.03081
   0.01354
   0.00645
  -0.02515
   0.03878
  -0.04462
   0.04147
  -0.02998
   0.01246
   0.00756
  -0.02607
   0.03933
  -0.04468
   0.04104
  -0.02914
   0.01138
   0.00867
  -0.02697
   0.03985
  -0.04471
   0.04058
  -0.02828
   0.01029
   0.00977
  -0.02786
   0.04035
  -0.04472
   0.04009
  -0.02740
   0.00919
   0.01086
  -0.02873
   0.04082
  -0.04470
   0.03958
  -0.02650
   0.00809
   0.01195
  -0.02958
   0.04127
  -0.04465
   0.03905
  -0.02559
   0.00698
   0.01303
  -0.03042
   0.04169
  -0.04457
   0.03849
  -0.02466
   0.00587
   0.01410
  -0.03123
   0.04208
  -0.04447
   0.03790
  -0.02371
   0.00475
   0.01516
  -0.03203
   0.04245
  -0.04433
   0.03729
  -0.02275
   0.00364
   0.01621
  -0.03280
   0.04279
  -0.04417
   0.03666
  -0.02178
   0.00251
   0.01726
  -0.03355
   0.04310
  -0.04398
   0.03601
  -0.02079
   0.00139
   0.01829
  -0.03429
   0.04339
  -0.04376
   0.03533
  -0.01979
   0.00027
   0.01931
  -0.03500
   0.04365
  -0.04352
   0.03463
  -0.01877
  -0.00086
   0.02032
  -0.03569
   0.04388
  -0.04324
   0.03391
  -0.01775
  -0.00198
   0.02131
  -0.03635
   0.04408
  -0.04294
   0.03316
  -0.01671
  -0.00310
   0.02229
  -0.03700
   0.04426
  -0.04261
   0.03240
  -0.01566
  -0.00422
   0.02326
  -0.03762
   0.04440
  -0.04226
   0.03161
  -0.01461
  -0.00534
   0.02421
  -0.03821
   0.04452
  -0.04188
   0.03081
  -0.01354
  -0.00645
   0.02515
  -0.03878
   0.04462
  -0.04147
   0.02998
  -0.01246
  -0.00756
   0.02607
  -0.03933
   0.04468
  -0.04104
   0.02914
  -0.01138
  -0.00867
   0.02697
  -0.03985
   0.04471
  -0.04058
   0.02828
  -0.01029
  -0.00977
   0.02786
  -0.04035
   0.04472
  -0.04009
   0.02740
  -0.00919
  -0.01086
   0.02873
  -0.04082
   0.04470
  -0.03958
   0.02650
  -0.00809
  -0.01195
   0.02958
  -0.04127
   0.04465
  -0.03905
   0.02559
  -0.00698
  -0.01303
   0.03042
  -0.04169
   0.04457
  -0.03849
   0.02466
  -0.00587
  -0.01410
   0.03123
  -0.04208
   0.04447
  -0.03790
   0.02371
  -0.00475
  -0.01516
   0.03203
  -0.04245
   0.04433
  -0.03729
   0.02275
  -0.00364
  -0.01621
   0.03280
  -0.04279
   0.04417
  -0.03666
   0.02178
  -0.00251
  -0.01726
   0.03355
  -0.04310
   0.04398
  -0.03601
   0.02079
  -0.00139
  -0.01829
   0.03429
  -0.04339
   0.04376
  -0.03533
   0.01979
  -0.00027
  -0.01931
   0.03500
  -0.04365
   0.04352
  -0.03463
   0.01877
   0.00086
  -0.02032
   0.03569
  -0.04388
   0.04324
  -0.03391
   0.01775
   0.00198
  -0.02131
   0.03635
  -0.04408
   0.04294
  -0.03316
   0.01671
   0.00310
  -0.02229
   0.03700
  -0.04426
   0.04261
  -0.03240
   0.01566
   0.00422
  -0.02326
   0.03762
  -0.04440
   0.04226
  -0.03161
   0.01461
   0.00534
  -0.02421
   0.03821
  -0.04452
   0.04188
  -0.03081
   0.01354
   0.00645
  -0.02515
   0.03878
  -0.04462
   0.04147
  -0.02998
   0.01246
   0.00756
  -0.02607
   0.03933
  -0.04468
   0.04104
  -0.02914
   0.01138
   0.00867
  -0.02697
   0.03985
  -0.04471
   0.04058
  -0.02828
   0.01029
   0.00977
  -0.02786
   0.04035
  -0.04472
   0.04009
  -0.02740
   0.00919
   0.01086
  -0.02873
   0.04082
  -0.04470
   0.03958
  -0.02650
   0.00809
   0.01195
  -0.02958
   0.04127
  -0.04465
   0.03905
  -0.02559
   0.00698
   0.01303
  -0.03042
   0.04169
  -0.04457
   0.03849
  -0.02466
   0.00587
   0.01410
  -0.03123
   0.04208
  -0.04447
   0.03790
  -0.02371
   0.00475
   0.01516
  -0.03203
   0.04245
  -0.04433
   0.03729
  -0.02275
   0.00364
   0.01621
  -0.03280
   0.04279
  -0.04417
   0.03666
  -0.02178
   0.00251
   0.01726
  -0.03355
   0.04310
  -0.04398
   0.03601
  -0.02079
   0.00139
   0.01829
  -0.03429
   0.04339
  -0.04376
   0.03533
  -0.01979
   0.00027
   0.01931
  -0.03500
   0.04365
  -0.04352
   0.03463
  -0.01877
  -0.00086
   0.02032
  -0.03569
   0.04388
  -0.04324
   0.03391
  -0.01775
  -0.00198
   0.02131
  -0.03635
   0.04408
  -0.04294
   0.03316
  -0.01671
  -0.00310
   0.02229
  -0.03700
   0.04426
  -0.04261
   0.03240
  -0.01566
  -0.00422
   0.02326
  -0.03762
   0.04440
  -0.04226
   0.03161
  -0.01461
  -0.00534
   0.02421
  -0.03821
   0.04452
  -0.04188
   0.03081
  -0.01354
  -0.00645
   0.02515
  -0.03878
   0.04462
  -0.04147
   0.02998
  -0.01246
  -0.00756
   0.02607
  -0.03933
   0.04468
  -0.04104
   0.02914
  -0.01138
  -0.00867
   0.02697
  -0.03985
   0.04471
  -0.04058
   0.02828
  -0.01029
  -0.00977
   0.02786
  -0.04035
   0.04472
  -0.04009
   0.02740
  -0.00919
  -0.01086
   0.02873
  -0.04082
   0.04470
  -0.03958
   0.02650
  -0.00809
  -0.01195
   0.02958
  -0.04127
   0.04465
  -0.03905
   0.02559
  -0.00698
  -0.01303
   0.03042
  -0.04169
   0.04457
  -0.03849
   0.02466
  -0.00587
  -0.01410
   0.03123
  -0.04208
   0.04447
  -0.03790
   0.02371
  -0.00475
  -0.01516
   0.03203
  -0.04245
   0.04433
  -0.03729
   0.02275
  -0.00364
  -0.01621
   0.03280
  -0.04279
   0.04417
  -0.03666
   0.02178
  -0.00251
  -0.01726
   0.03355
  -0.04310
   0.04398
  -0.03601
   0.02079
  -0.00139
  -0.01829
   0.03429
  -0.04339
   0.04376
  -0.03533
   0.01979
  -0.00027
  -0.01931
   0.03500
  -0.04365
   0.04352
  -0.03463
   0.01877
   0.00086
  -0.02032
   0.03569
  -0.04388
   0.04324
  -0.03391
   0.01775
   0.00198
  -0.02131
   0.03635
  -0.04408
   0.04294
  -0.03316
   0.01671
   0.00310
  -0.02229
   0.03700
  -0.04426
   0.04261
  -0.03240
   0.01566
   0.00422
  -0.02326
   0.03762
  -0.04440
   0.04226
  -0.03161
   0.01461
   0.00534
  -0.02421
   0.03821
  -0.04452
   0.04188
  -0.03081
   0.01354
   0.00645
  -0.02515
   0.03878
  -0.04462
   0.04147
  -0.02998
   0.01246
   0.00756
  -0.02607
   0.03933
  -0.04468
   0.04104
  -0.02914
   0.01138
   0.00867
  -0.02697
   0.03985
  -0.04471
   0.04058
  -0.02828
   0.01029
   0.00977
  -0.02786
   0.04035
  -0.04472
   0.04009
  -0.02740
   0.00919
   0.01086
  -0.02873
   0.04082
  -0.04470
   0.03958
  -0.02650
   0.00809
   0.01195
  -0.02958
   0.04127
  -0.04465
   0.03905
  -0.02559
   0.00698
   0.01303
  -0.03042
   0.04169
  -0.04457
   0.03849
  -0.02466
   0.00587
   0.01410
  -0.03123
   0.04208
  -0.04447
   0.03790
  -0.02371
   0.00475
   0.01516
  -0.03203
   0.04245
  -0.04433
   0.03729
  -0.02275
   0.00364
   0.01621
  -0.03280
   0.04279
  -0.04417
   0.03666
  -0.02178
   0.00251
   0.01726
  -0.03355
   0.04310
  -0.04398
   0.03601
  -0.02079
   0.00139
   0.01829
  -0.03429
   0.04339
  -0.04376
   0.03533
  -0.01979
   0.00027
   0.01931
  -0.03500
   0.04365
  -0.04352
   0.03463
  -0.01877
  -0.00086
   0.02032
  -0.03569
   0.04388
  -0.04324
   0.03391
  -0.01775
  -0.00198
   0.02131
  -0.03635
   0.04408
  -0.04294
   0.03316
  -0.01671
  -0.00310
   0.02229
  -0.03700
   0.04426
  -0.04261
   0.03240
  -0.01566
  -0.00422
   0.02326
  -0.03762
   0.04440
  -0.04226
   0.03161
  -0.01461
  -0.00534
   0.02421
  -0.03821
   0.04452
  -0.04188
   0.03081
  -0.01354
  -0.00645
   0.02515
  -0.03878
   0.04462
  -0.04147
   0.02998
  -0.01246
  -0.00756
   0.02607
  -0.03933
   0.04468
  -0.04104
   0.02914
  -0.01138
  -0.00867
   0.02697
  -0.03985
   0.04471
  -0.04058
   0.02828
  -0.01029
  -0.00977
   0.02786
  -0.04035
   0.04472
  -0.04009
   0.02740
  -0.00919
  -0.01086
   0.02873
  -0.04082
   0.04470
  -0.03958
   0.02650
  -0.00809
  -0.01195
   0.02958
  -0.04127
   0.04465
  -0.03905
   0.02559
  -0.00698
  -0.01303
   0.03042
  -0.04169
   0.04457
  -0.03849
   0.02466
  -0.00587
  -0.01410
   0.03123
  -0.04208
   0.04447
  -0.03790
   0.02371
  -0.00475
  -0.01516
   0.03203
  -0.04245
   0.04433
  -0.03729
   0.02275
  -0.00364
  -0.01621
   0.03280
  -0.04279
   0.04417
  -0.03666
   0.02178
  -0.00251
  -0.01726
   0.03355
  -0.04310
   0.04398
  -0.03601
   0.02079
  -0.00139
  -0.01829
   0.03429
  -0.04339
   0.04376
  -0.03533
   0.01979
  -0.00027
  -0.01931
   0.03500
  -0.04365
   0.04352
  -0.03463
   0.01877
   0.00086
  -0.02032
   0.03569
  -0.04388
   0.04324
  -0.03391
   0.01775
   0.00198
  -0.02131
   0.03635
  -0.04408
   0.04294
  -0.03316
   0.01671
   0.00310
  -0.02229
   0.03700
  -0.04426
   0.04261
  -0.03240
   0.01566
   0.00422
  -0.02326
   0.03762
  -0.04440
   0.04226
  -0.03161
   0.01461
   0.00534
  -0.02421
   0.03821
  -0.04452
   0.04188
  -0.03081
   0.01354
   0.00645
  -0.02515
   0.03878
  -0.04462
   0.04147
  -0.02998
   0.01246
   0.00756
  -0.02607
   0.03933
  -0.04468
   0.04104
  -0.02914
   0.01138
   0.00867
  -0.02697
   0.03985
  -0.04471
   0.04058
  -0.02828
   0.01029
   0.00977
  -0.02786
   0.04035
  -0.04472
   0.04009
  -0.02740
   0.00919
   0.01086
  -0.02873
   0.04082
  -0.04470
   0.03958
  -0.02650
   0.00809
   0.01195
  -0.02958
   0.04127
  -0.04465
   0.03905
  -0.02559
   0.00698
   0.01303
  -0.03042
   0.04169
  -0.04457
   0.03849
  -0.02466
   0.00587
   0.01410
  -0.03123
   0.04208
  -0.04447
   0.03790
  -0.02371
   0.00475
   0.01516
  -0.03203
   0.04245
  -0.04433
   0.03729
  -0.02275
   0.00364
   0.01621
  -0.03280
   0.04279
  -0.04417
   0.03666
  -0.02178
   0.00251
   0.01726
  -0.03355
   0.04310
  -0.04398
   0.03601
  -0.02079
   0.00139
   0.01829
  -0.03429
   0.04339
  -0.04376
   0.03533
  -0.01979
   0.00027
   0.01931
  -0.03500
   0.04365
  -0.04352
   0.03463
  -0.01877
  -0.00086
   0.02032
  -0.03569
   0.04388
  -0.04324
   0.03391
  -0.01775
  -0.00198
   0.02131
  -0.03635
   0.04408
  -0.04294
   0.03316
  -0.01671
  -0.00310
   0.02229
  -0.03700
   0.04426
  -0.04261
   0.03240
  -0.01566
  -0.00422
   0.02326
  -0.03762
   0.04440
  -0.04226
   0.03161
  -0.01461
  -0.00534
   0.02421
  -0.03821
   0.04452
  -0.04188
   0.03081
  -0.01354
  -0.00645
   0.02515
  -0.03878
   0.04462
  -0.04147
   0.02998
  -0.01246
  -0.00756
   0.02607
  -0.03933
   0.04468
  -0.04104
   0.02914
  -0.01138
  -0.00867
   0.02697
  -0.03985
   0.04471
  -0.04058
   0.02828
  -0.01029
  -0.00977
   0.02786
  -0.04035
   0.04472
  -0.04009
   0.02740
  -0.00919
  -0.01086
   0.02873
  -0.04082
   0.04470
  -0.03958
   0.02650
  -0.00809
  -0.01195
   0.02958
  -0.04127
   0.04465
  -0.03905
   0.02559
  -0.00698
  -0.01303
   0.03042
  -0.04169
   0.04457
  -0.03849
   0.02466
  -0.00587
  -0.01410
   0.03123
  -0.04208
   0.04447
  -0.03790
   0.02371
  -0.00475
  -0.01516
   0.03203
  -0.04245
   0.04433
  -0.03729
   0.02275
  -0.00364
  -0.01621
   0.03280
  -0.04279
   0.04417
  -0.03666
   0.02178
  -0.00251
  -0.01726
   0.03355
  -0.04310
   0.04398
  -0.03601
   0.02079
  -0.00139
  -0.01829
   0.03429
  -0.04339
   0.04376
  -0.03533
   0.01979
  -0.00027
  -0.01931
   0.03500
  -0.04365
   0.04352
  -0.03463
   0.01877
   0.00086
