   0.04264
   0.02712
  -0.02427
  -0.04356
  -0.00524
   0.04001
   0.03235
  -0.01810
  -0.04461
  -0.01212
   0.03640
   0.03678
  -0.01148
  -0.04456
  -0.01871
   0.03188
   0.04031
  -0.00457
  -0.04341
  -0.02483
   0.02658
   0.04284
   0.00244
  -0.04119
  -0.03035
   0.02063
   0.04432
   0.00940
  -0.03796
  -0.03511
   0.01417
   0.04471
   0.01612
  -0.03379
  -0.03901
   0.00736
   0.04400
   0.02245
  -0.02879
  -0.04195
   0.00037
   0.04220
   0.02822
  -0.02308
  -0.04386
  -0.00663
   0.03937
   0.03330
  -0.01680
  -0.04469
  -0.01347
   0.03556
   0.03756
  -0.01011
  -0.04441
  -0.01998
   0.03088
   0.04090
  -0.00317
  -0.04305
  -0.02599
   0.02544
   0.04322
   0.00384
  -0.04062
  -0.03136
   0.01937
   0.04449
   0.01077
  -0.03719
  -0.03596
   0.01283
   0.04465
   0.01742
  -0.03285
  -0.03968
   0.00597
   0.04372
   0.02365
  -0.02770
  -0.04242
  -0.00104
   0.04171
   0.02930
  -0.02187
  -0.04411
  -0.00802
   0.03868
   0.03422
  -0.01549
  -0.04472
  -0.01480
   0.03469
   0.03831
  -0.00874
  -0.04423
  -0.02122
   0.02985
   0.04144
  -0.00177
  -0.04264
  -0.02712
   0.02427
   0.04356
   0.00524
  -0.04001
  -0.03235
   0.01810
   0.04461
   0.01212
  -0.03640
  -0.03678
   0.01148
   0.04456
   0.01871
  -0.03188
  -0.04031
   0.00457
   0.04341
   0.02483
  -0.02658
  -0.04284
  -0.00244
   0.04119
   0.03035
  -0.02063
  -0.04432
  -0.00940
   0.03796
   0.03511
  -0.01417
  -0.04471
  -0.01612
   0.03379
   0.03901
  -0.00736
  -0.04400
  -0.02245
   0.02879
   0.04195
  -0.00037
  -0.04220
  -0.02822
   0.02308
   0.04386
   0.00663
  -0.03937
  -0.03330
   0.01680
   0.04469
   0.01347
  -0.03556
  -0.03756
   0.01011
   0.04441
   0.01998
  -0.03088
  -0.04090
   0.00317
   0.04305
   0.02599
  -0.02544
  -0.04322
  -0.00384
   0.04062
   0.03136
  -0.01937
  -0.04449
  -0.01077
   0.03719
   0.03596
  -0.01283
  -0.04465
  -0.01742
   0.03285
   0.03968
  -0.00597
  -0.04372
  -0.02365
   0.02770
   0.04242
   0.00104
  -0.04171
  -0.02930
   0.02187
   0.04411
   0.00802
  -0.03868
  -0.03422
   0.01549
   0.04472
   0.01480
  -0.03469
  -0.03831
   0.00874
   0.04423
   0.02122
  -0.02985
  -0.04144
   0.00177
   0.04264
   0.02712
  -0.02427
  -0.04356
  -0.00524
   0.04001
   0.03235
  -0.01810
  -0.04461
  -0.01212
   0.03640
   0.03678
  -0.01148
  -0.04456
  -0.01871
   0.03188
   0.04031
  -0.00457
  -0.04341
  -0.02483
   0.02658
   0.04284
   0.00244
  -0.04119
  -0.03035
   0.02063
   0.04432
   0.00940
  -0.03796
  -0.03511
   0.01417
   0.04471
   0.01612
  -0.03379
  -0.03901
   0.00736
   0.04400
   0.02245
  -0.02879
  -0.04195
   0.00037
   0.04220
   0.02822
  -0.02308
  -0.04386
  -0.00663
   0.03937
   0.03330
  -0.01680
  -0.04469
  -0.01347
   0.03556
   0.03756
  -0.01011
  -0.04441
  -0.01998
   0.03088
   0.04090
  -0.00317
  -0.04305
  -0.02599
   0.02544
   0.04322
   0.00384
  -0.04062
  -0.03136
   0.01937
   0.04449
   0.01077
  -0.03719
  -0.03596
   0.01283
   0.04465
   0.01742
  -0.03285
  -0.03968
   0.00597
   0.04372
   0.02365
  -0.02770
  -0.04242
  -0.00104
   0.04171
   0.02930
  -0.02187
  -0.04411
  -0.00802
   0.03868
   0.03422
  -0.01549
  -0.04472
  -0.01480
   0.03469
   0.03831
  -0.00874
  -0.04423
  -0.02122
   0.02985
   0.04144
  -0.00177
  -0.04264
  -0.02712
   0.02427
   0.04356
   0.00524
  -0.04001
  -0.03235
   0.01810
   0.04461
   0.01212
  -0.03640
  -0.03678
   0.01148
   0.04456
   0.01871
  -0.03188
  -0.04031
   0.00457
   0.04341
   0.02483
  -0.02658
  -0.04284
  -0.00244
   0.04119
   0.03035
  -0.02063
  -0.04432
  -0.00940
   0.03796
   0.03511
  -0.01417
  -0.04471
  -0.01612
   0.03379
   0.03901
  -0.00736
  -0.04400
  -0.02245
   0.02879
   0.04195
  -0.00037
  -0.04220
  -0.02822
   0.02308
   0.04386
   0.00663
  -0.03937
  -0.03330
   0.01680
   0.04469
   0.01347
  -0.03556
  -0.03756
   0.01011
   0.04441
   0.01998
  -0.03088
  -0.04090
   0.00317
   0.04305
   0.02599
  -0.02544
  -0.04322
  -0.00384
   0.04062
   0.03136
  -0.01937
  -0.04449
  -0.01077
   0.03719
   0.03596
  -0.01283
  -0.04465
  -0.01742
   0.03285
   0.03968
  -0.00597
  -0.04372
  -0.02365
   0.02770
   0.04242
   0.00104
  -0.04171
  -0.02930
   0.02187
   0.04411
   0.00802
  -0.03868
  -0.03422
   0.01549
   0.04472
   0.01480
  -0.03469
  -0.03831
   0.00874
   0.04423
   0.02122
  -0.02985
  -0.04144
   0.00177
   0.04264
   0.02712
  -0.02427
  -0.04356
  -0.00524
   0.04001
   0.03235
  -0.01810
  -0.04461
  -0.01212
   0.03640
   0.03678
  -0.01148
  -0.04456
  -0.01871
   0.03188
   0.04031
  -0.00457
  -0.04341
  -0.02483
   0.02658
   0.04284
   0.00244
  -0.04119
  -0.03035
   0.02063
   0.04432
   0.00940
  -0.03796
  -0.03511
   0.01417
   0.04471
   0.01612
  -0.03379
  -0.03901
   0.00736
   0.04400
   0.02245
  -0.02879
  -0.04195
   0.00037
   0.04220
   0.02822
  -0.02308
  -0.04386
  -0.00663
   0.03937
   0.03330
  -0.01680
  -0.04469
  -0.01347
   0.03556
   0.03756
  -0.01011
  -0.04441
  -0.01998
   0.03088
   0.04090
  -0.00317
  -0.04305
  -0.02599
   0.02544
   0.04322
   0.00384
  -0.04062
  -0.03136
   0.01937
   0.04449
   0.01077
  -0.03719
  -0.03596
   0.01283
   0.04465
   0.01742
  -0.03285
  -0.03968
   0.00597
   0.04372
   0.02365
  -0.02770
  -0.04242
  -0.00104
   0.04171
   0.02930
  -0.02187
  -0.04411
  -0.00802
   0.03868
   0.03422
  -0.01549
  -0.04472
  -0.01480
   0.03469
   0.03831
  -0.00874
  -0.04423
  -0.02122
   0.02985
   0.04144
  -0.00177
  -0.04264
  -0.02712
   0.02427
   0.04356
   0.00524
  -0.04001
  -0.03235
   0.01810
   0.04461
   0.01212
  -0.03640
  -0.03678
   0.01148
   0.04456
   0.01871
  -0.03188
  -0.04031
   0.00457
   0.04341
   0.02483
  -0.02658
  -0.04284
  -0.00244
   0.04119
   0.03035
  -0.02063
  -0.04432
  -0.00940
   0.03796
   0.03511
  -0.01417
  -0.04471
  -0.01612
   0.03379
   0.03901
  -0.00736
  -0.04400
  -0.02245
   0.02879
   0.04195
  -0.00037
  -0.04220
  -0.02822
   0.02308
   0.04386
   0.00663
  -0.03937
  -0.03330
   0.01680
   0.04469
   0.01347
  -0.03556
  -0.03756
   0.01011
   0.04441
   0.01998
  -0.03088
  -0.04090
   0.00317
   0.04305
   0.02599
  -0.02544
  -0.04322
  -0.00384
   0.04062
   0.03136
  -0.01937
  -0.04449
  -0.01077
   0.03719
   0.03596
  -0.01283
  -0.04465
  -0.01742
   0.03285
   0.03968
  -0.00597
  -0.04372
  -0.02365
   0.02770
   0.04242
   0.00104
  -0.04171
  -0.02930
   0.02187
   0.04411
   0.00802
  -0.03868
  -0.03422
   0.01549
   0.04472
   0.01480
  -0.03469
  -0.03831
   0.00874
   0.04423
   0.02122
  -0.02985
  -0.04144
   0.00177
   0.04264
   0.02712
  -0.02427
  -0.04356
  -0.00524
   0.04001
   0.03235
  -0.01810
  -0.04461
  -0.01212
   0.03640
   0.03678
  -0.01148
  -0.04456
  -0.01871
   0.03188
   0.04031
  -0.00457
  -0.04341
  -0.02483
   0.02658
   0.04284
   0.00244
  -0.04119
  -0.03035
   0.02063
   0.04432
   0.00940
  -0.03796
  -0.03511
   0.01417
   0.04471
   0.01612
  -0.03379
  -0.03901
   0.00736
   0.04400
   0.02245
  -0.02879
  -0.04195
   0.00037
   0.04220
   0.02822
  -0.02308
  -0.04386
  -0.00663
   0.03937
   0.03330
  -0.01680
  -0.04469
  -0.01347
   0.03556
   0.03756
  -0.01011
  -0.04441
  -0.01998
   0.03088
   0.04090
  -0.00317
  -0.04305
  -0.02599
   0.02544
   0.04322
   0.00384
  -0.04062
  -0.03136
   0.01937
   0.04449
   0.01077
  -0.03719
  -0.03596
   0.01283
   0.04465
   0.01742
  -0.03285
  -0.03968
   0.00597
   0.04372
   0.02365
  -0.02770
  -0.04242
  -0.00104
   0.04171
   0.02930
  -0.02187
  -0.04411
  -0.00802
   0.03868
   0.03422
  -0.01549
  -0.04472
  -0.01480
   0.03469
   0.03831
  -0.00874
  -0.04423
  -0.02122
   0.02985
   0.04144
  -0.00177
  -0.04264
  -0.02712
   0.02427
   0.04356
   0.00524
  -0.04001
  -0.03235
   0.01810
   0.04461
   0.01212
  -0.03640
  -0.03678
   0.01148
   0.04456
   0.01871
  -0.03188
  -0.04031
   0.00457
   0.04341
   0.02483
  -0.02658
  -0.04284
  -0.00244
   0.04119
   0.03035
  -0.02063
  -0.04432
  -0.00940
   0.03796
   0.03511
  -0.01417
  -0.04471
  -0.01612
   0.03379
   0.03901
  -0.00736
  -0.04400
  -0.02245
   0.02879
   0.04195
  -0.00037
  -0.04220
  -0.02822
   0.02308
   0.04386
   0.00663
  -0.03937
  -0.03330
   0.01680
   0.04469
   0.01347
  -0.03556
  -0.03756
   0.01011
   0.04441
   0.01998
  -0.03088
  -0.04090
   0.00317
   0.04305
   0.02599
  -0.02544
  -0.04322
  -0.00384
   0.04062
   0.03136
  -0.01937
  -0.04449
  -0.01077
   0.03719
   0.03596
  -0.01283
  -0.04465
  -0.01742
   0.03285
   0.03968
  -0.00597
  -0.04372
  -0.02365
   0.02770
   0.04242
   0.00104
  -0.04171
  -0.02930
   0.02187
   0.04411
   0.00802
  -0.03868
  -0.03422
   0.01549
   0.04472
   0.01480
  -0.03469
  -0.03831
   0.00874
   0.04423
   0.02122
  -0.02985
  -0.04144
   0.00177
   0.04264
   0.02712
  -0.02427
  -0.04356
  -0.00524
   0.04001
   0.03235
  -0.01810
  -0.04461
  -0.01212
   0.03640
   0.03678
  -0.01148
  -0.04456
  -0.01871
   0.03188
   0.04031
  -0.00457
  -0.04341
  -0.02483
   0.02658
   0.04284
   0.00244
  -0.04119
  -0.03035
   0.02063
   0.04432
   0.00940
  -0.03796
  -0.03511
   0.01417
   0.04471
   0.01612
  -0.03379
  -0.03901
   0.00736
   0.04400
   0.02245
  -0.02879
  -0.04195
   0.00037
   0.04220
   0.02822
  -0.02308
  -0.04386
  -0.00663
   0.03937
   0.03330
  -0.01680
  -0.04469
  -0.01347
   0.03556
   0.03756
  -0.01011
  -0.04441
  -0.01998
   0.03088
   0.04090
  -0.00317
  -0.04305
  -0.02599
   0.02544
   0.04322
   0.00384
  -0.04062
  -0.03136
   0.01937
   0.04449
   0.01077
  -0.03719
  -0.03596
   0.01283
   0.04465
   0.01742
  -0.03285
  -0.03968
   0.00597
   0.04372
   0.02365
  -0.02770
  -0.04242
  -0.00104
   0.04171
   0.02930
  -0.02187
  -0.04411
  -0.00802
   0.03868
   0.03422
  -0.01549
  -0.04472
  -0.01480
   0.03469
   0.03831
  -0.00874
  -0.04423
  -0.02122
   0.02985
   0.04144
  -0.00177
  -0.04264
  -0.02712
   0.02427
   0.04356
   0.00524
  -0.04001
  -0.03235
   0.01810
   0.04461
   0.01212
  -0.03640
  -0.03678
   0.01148
   0.04456
   0.01871
  -0.03188
  -0.04031
   0.00457
   0.04341
   0.02483
  -0.02658
  -0.04284
  -0.00244
   0.04119
   0.03035
  -0.02063
  -0.04432
  -0.00940
   0.03796
   0.03511
  -0.01417
  -0.04471
  -0.01612
   0.03379
   0.03901
  -0.00736
  -0.04400
  -0.02245
   0.02879
   0.04195
  -0.00037
  -0.04220
  -0.02822
   0.02308
   0.04386
   0.00663
  -0.03937
  -0.03330
   0.01680
   0.04469
   0.01347
  -0.03556
  -0.03756
   0.01011
   0.04441
   0.01998
  -0.03088
  -0.04090
   0.00317
   0.04305
   0.02599
  -0.02544
  -0.04322
  -0.00384
   0.04062
   0.03136
  -0.01937
  -0.04449
  -0.01077
   0.03719
   0.03596
  -0.01283
  -0.04465
  -0.01742
   0.03285
   0.03968
  -0.00597
  -0.04372
  -0.02365
   0.02770
   0.04242
   0.00104
  -0.04171
  -0.02930
   0.02187
   0.04411
   0.00802
  -0.03868
  -0.03422
   0.01549
   0.04472
   0.01480
  -0.03469
  -0.03831
   0.00874
   0.04423
   0.02122
  -0.02985
  -0.04144
   0.00177
