  -0.01571
  -0.02918
  -0.03907
  -0.04418
  -0.04387
  -0.03819
  -0.02782
  -0.01405
   0.00144
   0.01676
   0.03002
   0.03961
   0.04434
   0.04364
   0.03759
   0.02693
   0.01298
  -0.00256
  -0.01779
  -0.03084
  -0.04012
  -0.04447
  -0.04338
  -0.03697
  -0.02603
  -0.01190
   0.00369
   0.01882
   0.03165
   0.04060
   0.04458
   0.04309
   0.03632
   0.02511
   0.01081
  -0.00480
  -0.01983
  -0.03243
  -0.04106
  -0.04465
  -0.04277
  -0.03566
  -0.02417
  -0.00972
   0.00592
   0.02083
   0.03320
   0.04149
   0.04470
   0.04243
   0.03497
   0.02322
   0.00862
  -0.00703
  -0.02182
  -0.03394
  -0.04190
  -0.04472
  -0.04207
  -0.03426
  -0.02225
  -0.00751
   0.00814
   0.02280
   0.03466
   0.04228
   0.04471
   0.04167
   0.03352
   0.02127
   0.00640
  -0.00924
  -0.02376
  -0.03536
  -0.04263
  -0.04468
  -0.04125
  -0.03277
  -0.02027
  -0.00529
   0.01034
   0.02470
   0.03604
   0.04296
   0.04461
   0.04080
   0.03199
   0.01926
   0.00417
  -0.01143
  -0.02563
  -0.03669
  -0.04325
  -0.04452
  -0.04033
  -0.03120
  -0.01824
  -0.00305
   0.01251
   0.02654
   0.03732
   0.04353
   0.04440
   0.03983
   0.03038
   0.01721
   0.00193
  -0.01359
  -0.02744
  -0.03793
  -0.04377
  -0.04425
  -0.03931
  -0.02955
  -0.01617
  -0.00081
   0.01465
   0.02832
   0.03851
   0.04399
   0.04407
   0.03876
   0.02869
   0.01511
  -0.00032
  -0.01571
  -0.02918
  -0.03907
  -0.04418
  -0.04387
  -0.03819
  -0.02782
  -0.01405
   0.00144
   0.01676
   0.03002
   0.03961
   0.04434
   0.04364
   0.03759
   0.02693
   0.01298
  -0.00256
  -0.01779
  -0.03084
  -0.04012
  -0.04447
  -0.04338
  -0.03697
  -0.02603
  -0.01190
   0.00369
   0.01882
   0.03165
   0.04060
   0.04458
   0.04309
   0.03632
   0.02511
   0.01081
  -0.00480
  -0.01983
  -0.03243
  -0.04106
  -0.04465
  -0.04277
  -0.03566
  -0.02417
  -0.00972
   0.00592
   0.02083
   0.03320
   0.04149
   0.04470
   0.04243
   0.03497
   0.02322
   0.00862
  -0.00703
  -0.02182
  -0.03394
  -0.04190
  -0.04472
  -0.04207
  -0.03426
  -0.02225
  -0.00751
   0.00814
   0.02280
   0.03466
   0.04228
   0.04471
   0.04167
   0.03352
   0.02127
   0.00640
  -0.00924
  -0.02376
  -0.03536
  -0.04263
  -0.04468
  -0.04125
  -0.03277
  -0.02027
  -0.00529
   0.01034
   0.02470
   0.03604
   0.04296
   0.04461
   0.04080
   0.03199
   0.01926
   0.00417
  -0.01143
  -0.02563
  -0.03669
  -0.04325
  -0.04452
  -0.04033
  -0.03120
  -0.01824
  -0.00305
   0.01251
   0.02654
   0.03732
   0.04353
   0.04440
   0.03983
   0.03038
   0.01721
   0.00193
  -0.01359
  -0.02744
  -0.03793
  -0.04377
  -0.04425
  -0.03931
  -0.02955
  -0.01617
  -0.00081
   0.01465
   0.02832
   0.03851
   0.04399
   0.04407
   0.03876
   0.02869
   0.01511
  -0.00032
  -0.01571
  -0.02918
  -0.03907
  -0.04418
  -0.04387
  -0.03819
  -0.02782
  -0.01405
   0.00144
   0.01676
   0.03002
   0.03961
   0.04434
   0.04364
   0.03759
   0.02693
   0.01298
  -0.00256
  -0.01779
  -0.03084
  -0.04012
  -0.04447
  -0.04338
  -0.03697
  -0.02603
  -0.01190
   0.00369
   0.01882
   0.03165
   0.04060
   0.04458
   0.04309
   0.03632
   0.02511
   0.01081
  -0.00480
  -0.01983
  -0.03243
  -0.04106
  -0.04465
  -0.04277
  -0.03566
  -0.02417
  -0.00972
   0.00592
   0.02083
   0.03320
   0.04149
   0.04470
   0.04243
   0.03497
   0.02322
   0.00862
  -0.00703
  -0.02182
  -0.03394
  -0.04190
  -0.04472
  -0.04207
  -0.03426
  -0.02225
  -0.00751
   0.00814
   0.02280
   0.03466
   0.04228
   0.04471
   0.04167
   0.03352
   0.02127
   0.00640
  -0.00924
  -0.02376
  -0.03536
  -0.04263
  -0.04468
  -0.04125
  -0.03277
  -0.02027
  -0.00529
   0.01034
   0.02470
   0.03604
   0.04296
   0.04461
   0.04080
   0.03199
   0.01926
   0.00417
  -0.01143
  -0.02563
  -0.03669
  -0.04325
  -0.04452
  -0.04033
  -0.03120
  -0.01824
  -0.00305
   0.01251
   0.02654
   0.03732
   0.04353
   0.04440
   0.03983
   0.03038
   0.01721
   0.00193
  -0.01359
  -0.02744
  -0.03793
  -0.04377
  -0.04425
  -0.03931
  -0.02955
  -0.01617
  -0.00081
   0.01465
   0.02832
   0.03851
   0.04399
   0.04407
   0.03876
   0.02869
   0.01511
  -0.00032
  -0.01571
  -0.02918
  -0.03907
  -0.04418
  -0.04387
  -0.03819
  -0.02782
  -0.01405
   0.00144
   0.01676
   0.03002
   0.03961
   0.04434
   0.04364
   0.03759
   0.02693
   0.01298
  -0.00256
  -0.01779
  -0.03084
  -0.04012
  -0.04447
  -0.04338
  -0.03697
  -0.02603
  -0.01190
   0.00369
   0.01882
   0.03165
   0.04060
   0.04458
   0.04309
   0.03632
   0.02511
   0.01081
  -0.00480
  -0.01983
  -0.03243
  -0.04106
  -0.04465
  -0.04277
  -0.03566
  -0.02417
  -0.00972
   0.00592
   0.02083
   0.03320
   0.04149
   0.04470
   0.04243
   0.03497
   0.02322
   0.00862
  -0.00703
  -0.02182
  -0.03394
  -0.04190
  -0.04472
  -0.04207
  -0.03426
  -0.02225
  -0.00751
   0.00814
   0.02280
   0.03466
   0.04228
   0.04471
   0.04167
   0.03352
   0.02127
   0.00640
  -0.00924
  -0.02376
  -0.03536
  -0.04263
  -0.04468
  -0.04125
  -0.03277
  -0.02027
  -0.00529
   0.01034
   0.02470
   0.03604
   0.04296
   0.04461
   0.04080
   0.03199
   0.01926
   0.00417
  -0.01143
  -0.02563
  -0.03669
  -0.04325
  -0.04452
  -0.04033
  -0.03120
  -0.01824
  -0.00305
   0.01251
   0.02654
   0.03732
   0.04353
   0.04440
   0.03983
   0.03038
   0.01721
   0.00193
  -0.01359
  -0.02744
  -0.03793
  -0.04377
  -0.04425
  -0.03931
  -0.02955
  -0.01617
  -0.00081
   0.01465
   0.02832
   0.03851
   0.04399
   0.04407
   0.03876
   0.02869
   0.01511
  -0.00032
  -0.01571
  -0.02918
  -0.03907
  -0.04418
  -0.04387
  -0.03819
  -0.02782
  -0.01405
   0.00144
   0.01676
   0.03002
   0.03961
   0.04434
   0.04364
   0.03759
   0.02693
   0.01298
  -0.00256
  -0.01779
  -0.03084
  -0.04012
  -0.04447
  -0.04338
  -0.03697
  -0.02603
  -0.01190
   0.00369
   0.01882
   0.03165
   0.04060
   0.04458
   0.04309
   0.03632
   0.02511
   0.01081
  -0.00480
  -0.01983
  -0.03243
  -0.04106
  -0.04465
  -0.04277
  -0.03566
  -0.02417
  -0.00972
   0.00592
   0.02083
   0.03320
   0.04149
   0.04470
   0.04243
   0.03497
   0.02322
   0.00862
  -0.00703
  -0.02182
  -0.03394
  -0.04190
  -0.04472
  -0.04207
  -0.03426
  -0.02225
  -0.00751
   0.00814
   0.02280
   0.03466
   0.04228
   0.04471
   0.04167
   0.03352
   0.02127
   0.00640
  -0.00924
  -0.02376
  -0.03536
  -0.04263
  -0.04468
  -0.04125
  -0.03277
  -0.02027
  -0.00529
   0.01034
   0.02470
   0.03604
   0.04296
   0.04461
   0.04080
   0.03199
   0.01926
   0.00417
  -0.01143
  -0.02563
  -0.03669
  -0.04325
  -0.04452
  -0.04033
  -0.03120
  -0.01824
  -0.00305
   0.01251
   0.02654
   0.03732
   0.04353
   0.04440
   0.03983
   0.03038
   0.01721
   0.00193
  -0.01359
  -0.02744
  -0.03793
  -0.04377
  -0.04425
  -0.03931
  -0.02955
  -0.01617
  -0.00081
   0.01465
   0.02832
   0.03851
   0.04399
   0.04407
   0.03876
   0.02869
   0.01511
  -0.00032
  -0.01571
  -0.02918
  -0.03907
  -0.04418
  -0.04387
  -0.03819
  -0.02782
  -0.01405
   0.00144
   0.01676
   0.03002
   0.03961
   0.04434
   0.04364
   0.03759
   0.02693
   0.01298
  -0.00256
  -0.01779
  -0.03084
  -0.04012
  -0.04447
  -0.04338
  -0.03697
  -0.02603
  -0.01190
   0.00369
   0.01882
   0.03165
   0.04060
   0.04458
   0.04309
   0.03632
   0.02511
   0.01081
  -0.00480
  -0.01983
  -0.03243
  -0.04106
  -0.04465
  -0.04277
  -0.03566
  -0.02417
  -0.00972
   0.00592
   0.02083
   0.03320
   0.04149
   0.04470
   0.04243
   0.03497
   0.02322
   0.00862
  -0.00703
  -0.02182
  -0.03394
  -0.04190
  -0.04472
  -0.04207
  -0.03426
  -0.02225
  -0.00751
   0.00814
   0.02280
   0.03466
   0.04228
   0.04471
   0.04167
   0.03352
   0.02127
   0.00640
  -0.00924
  -0.02376
  -0.03536
  -0.04263
  -0.04468
  -0.04125
  -0.03277
  -0.02027
  -0.00529
   0.01034
   0.02470
   0.03604
   0.04296
   0.04461
   0.04080
   0.03199
   0.01926
   0.00417
  -0.01143
  -0.02563
  -0.03669
  -0.04325
  -0.04452
  -0.04033
  -0.03120
  -0.01824
  -0.00305
   0.01251
   0.02654
   0.03732
   0.04353
   0.04440
   0.03983
   0.03038
   0.01721
   0.00193
  -0.01359
  -0.02744
  -0.03793
  -0.04377
  -0.04425
  -0.03931
  -0.02955
  -0.01617
  -0.00081
   0.01465
   0.02832
   0.03851
   0.04399
   0.04407
   0.03876
   0.02869
   0.01511
  -0.00032
  -0.01571
  -0.02918
  -0.03907
  -0.04418
  -0.04387
  -0.03819
  -0.02782
  -0.01405
   0.00144
   0.01676
   0.03002
   0.03961
   0.04434
   0.04364
   0.03759
   0.02693
   0.01298
  -0.00256
  -0.01779
  -0.03084
  -0.04012
  -0.04447
  -0.04338
  -0.03697
  -0.02603
  -0.01190
   0.00369
   0.01882
   0.03165
   0.04060
   0.04458
   0.04309
   0.03632
   0.02511
   0.01081
  -0.00480
  -0.01983
  -0.03243
  -0.04106
  -0.04465
  -0.04277
  -0.03566
  -0.02417
  -0.00972
   0.00592
   0.02083
   0.03320
   0.04149
   0.04470
   0.04243
   0.03497
   0.02322
   0.00862
  -0.00703
  -0.02182
  -0.03394
  -0.04190
  -0.04472
  -0.04207
  -0.03426
  -0.02225
  -0.00751
   0.00814
   0.02280
   0.03466
   0.04228
   0.04471
   0.04167
   0.03352
   0.02127
   0.00640
  -0.00924
  -0.02376
  -0.03536
  -0.04263
  -0.04468
  -0.04125
  -0.03277
  -0.02027
  -0.00529
   0.01034
   0.02470
   0.03604
   0.04296
   0.04461
   0.04080
   0.03199
   0.01926
   0.00417
  -0.01143
  -0.02563
  -0.03669
  -0.04325
  -0.04452
  -0.04033
  -0.03120
  -0.01824
  -0.00305
   0.01251
   0.02654
   0.03732
   0.04353
   0.04440
   0.03983
   0.03038
   0.01721
   0.00193
  -0.01359
  -0.02744
  -0.03793
  -0.04377
  -0.04425
  -0.03931
  -0.02955
  -0.01617
  -0.00081
   0.01465
   0.02832
   0.03851
   0.04399
   0.04407
   0.03876
   0.02869
   0.01511
  -0.00032
  -0.01571
  -0.02918
  -0.03907
  -0.04418
  -0.04387
  -0.03819
  -0.02782
  -0.01405
   0.00144
   0.01676
   0.03002
   0.03961
   0.04434
   0.04364
   0.03759
   0.02693
   0.01298
  -0.00256
  -0.01779
  -0.03084
  -0.04012
  -0.04447
  -0.04338
  -0.03697
  -0.02603
  -0.01190
   0.00369
   0.01882
   0.03165
   0.04060
   0.04458
   0.04309
   0.03632
   0.02511
   0.01081
  -0.00480
  -0.01983
  -0.03243
  -0.04106
  -0.04465
  -0.04277
  -0.03566
  -0.02417
  -0.00972
   0.00592
   0.02083
   0.03320
   0.04149
   0.04470
   0.04243
   0.03497
   0.02322
   0.00862
  -0.00703
  -0.02182
  -0.03394
  -0.04190
  -0.04472
  -0.04207
  -0.03426
  -0.02225
  -0.00751
   0.00814
   0.02280
   0.03466
   0.04228
   0.04471
   0.04167
   0.03352
   0.02127
   0.00640
  -0.00924
  -0.02376
  -0.03536
  -0.04263
  -0.04468
  -0.04125
  -0.03277
  -0.02027
  -0.00529
   0.01034
   0.02470
   0.03604
   0.04296
   0.04461
   0.04080
   0.03199
   0.01926
   0.00417
  -0.01143
  -0.02563
  -0.03669
  -0.04325
  -0.04452
  -0.04033
  -0.03120
  -0.01824
  -0.00305
   0.01251
   0.02654
   0.03732
   0.04353
   0.04440
   0.03983
   0.03038
   0.01721
   0.00193
  -0.01359
  -0.02744
  -0.03793
  -0.04377
  -0.04425
  -0.03931
  -0.02955
  -0.01617
  -0.00081
   0.01465
   0.02832
   0.03851
   0.04399
   0.04407
   0.03876
   0.02869
   0.01511
  -0.00032
