  -0.03680
  -0.01564
   0.01116
   0.03394
   0.04450
   0.03903
   0.01951
  -0.00704
  -0.03105
  -0.04388
  -0.04091
  -0.02321
   0.00285
   0.02789
   0.04288
   0.04243
   0.02670
   0.00136
  -0.02447
  -0.04149
  -0.04357
  -0.02996
  -0.00556
   0.02084
   0.03974
   0.04433
   0.03295
   0.00971
  -0.01702
  -0.03763
  -0.04469
  -0.03565
  -0.01378
   0.01306
   0.03519
   0.04465
   0.03803
   0.01772
  -0.00897
  -0.03244
  -0.04422
  -0.04008
  -0.02151
   0.00481
   0.02940
   0.04340
   0.04177
   0.02510
  -0.00061
  -0.02609
  -0.04219
  -0.04309
  -0.02847
  -0.00361
   0.02256
   0.04060
   0.04402
   0.03159
   0.00778
  -0.01883
  -0.03866
  -0.04457
  -0.03443
  -0.01189
   0.01493
   0.03637
   0.04472
   0.03696
   0.01590
  -0.01089
  -0.03376
  -0.04447
  -0.03917
  -0.01976
   0.00676
   0.03085
   0.04383
   0.04103
   0.02345
  -0.00257
  -0.02767
  -0.04280
  -0.04252
  -0.02693
  -0.00164
   0.02424
   0.04139
   0.04363
   0.03017
   0.00584
  -0.02059
  -0.03961
  -0.04436
  -0.03314
  -0.00999
   0.01676
   0.03748
   0.04470
   0.03582
   0.01405
  -0.01279
  -0.03502
  -0.04464
  -0.03818
  -0.01798
   0.00870
   0.03224
   0.04418
   0.04020
   0.02175
  -0.00453
  -0.02918
  -0.04333
  -0.04187
  -0.02533
   0.00032
   0.02587
   0.04209
   0.04316
   0.02869
   0.00389
  -0.02232
  -0.04048
  -0.04407
  -0.03179
  -0.00806
   0.01857
   0.03852
   0.04459
   0.03461
   0.01216
  -0.01466
  -0.03621
  -0.04471
  -0.03712
  -0.01616
   0.01062
   0.03357
   0.04444
   0.03930
   0.02001
  -0.00648
  -0.03065
  -0.04377
  -0.04114
  -0.02369
   0.00229
   0.02744
   0.04272
   0.04261
   0.02715
   0.00192
  -0.02400
  -0.04128
  -0.04370
  -0.03038
  -0.00612
   0.02034
   0.03948
   0.04440
   0.03333
   0.01026
  -0.01650
  -0.03733
  -0.04471
  -0.03599
  -0.01431
   0.01252
   0.03484
   0.04462
   0.03833
   0.01824
  -0.00842
  -0.03205
  -0.04413
  -0.04033
  -0.02200
   0.00425
   0.02897
   0.04326
   0.04197
   0.02556
  -0.00004
  -0.02564
  -0.04200
  -0.04323
  -0.02890
  -0.00417
   0.02207
   0.04036
   0.04412
   0.03199
   0.00834
  -0.01832
  -0.03837
  -0.04461
  -0.03479
  -0.01244
   0.01439
   0.03604
   0.04471
   0.03728
   0.01642
  -0.01035
  -0.03339
  -0.04441
  -0.03944
  -0.02026
   0.00621
   0.03044
   0.04371
   0.04125
   0.02393
  -0.00201
  -0.02722
  -0.04263
  -0.04269
  -0.02738
  -0.00220
   0.02376
   0.04117
   0.04375
   0.03058
   0.00640
  -0.02009
  -0.03934
  -0.04443
  -0.03352
  -0.01053
   0.01624
   0.03717
   0.04471
   0.03615
   0.01458
  -0.01225
  -0.03466
  -0.04460
  -0.03847
  -0.01849
   0.00815
   0.03185
   0.04409
   0.04045
   0.02224
  -0.00397
  -0.02876
  -0.04318
  -0.04206
  -0.02579
  -0.00024
   0.02540
   0.04190
   0.04331
   0.02912
   0.00445
  -0.02183
  -0.04024
  -0.04416
  -0.03218
  -0.00861
   0.01806
   0.03823
   0.04463
   0.03496
   0.01270
  -0.01413
  -0.03587
  -0.04470
  -0.03743
  -0.01668
   0.01007
   0.03320
   0.04437
   0.03957
   0.02051
  -0.00593
  -0.03023
  -0.04365
  -0.04135
  -0.02416
   0.00173
   0.02700
   0.04255
   0.04277
   0.02760
   0.00248
  -0.02352
  -0.04106
  -0.04381
  -0.03079
  -0.00668
   0.01984
   0.03921
   0.04446
   0.03370
   0.01081
  -0.01598
  -0.03701
  -0.04472
  -0.03632
  -0.01484
   0.01198
   0.03449
   0.04458
   0.03861
   0.01875
  -0.00787
  -0.03165
  -0.04404
  -0.04057
  -0.02249
   0.00369
   0.02854
   0.04311
   0.04216
   0.02602
   0.00052
  -0.02517
  -0.04180
  -0.04337
  -0.02933
  -0.00472
   0.02158
   0.04012
   0.04421
   0.03238
   0.00889
  -0.01780
  -0.03808
  -0.04465
  -0.03514
  -0.01297
   0.01386
   0.03570
   0.04469
   0.03758
   0.01694
  -0.00980
  -0.03301
  -0.04434
  -0.03970
  -0.02076
   0.00565
   0.03003
   0.04359
   0.04146
   0.02440
  -0.00145
  -0.02677
  -0.04246
  -0.04285
  -0.02782
  -0.00276
   0.02328
   0.04095
   0.04387
   0.03099
   0.00695
  -0.01959
  -0.03907
  -0.04449
  -0.03389
  -0.01108
   0.01572
   0.03685
   0.04472
   0.03648
   0.01511
  -0.01171
  -0.03431
  -0.04455
  -0.03875
  -0.01900
   0.00759
   0.03145
   0.04399
   0.04068
   0.02273
  -0.00341
  -0.02832
  -0.04304
  -0.04225
  -0.02625
  -0.00080
   0.02494
   0.04170
   0.04344
   0.02954
   0.00500
  -0.02134
  -0.03999
  -0.04425
  -0.03257
  -0.00916
   0.01754
   0.03793
   0.04466
   0.03531
   0.01324
  -0.01359
  -0.03553
  -0.04468
  -0.03774
  -0.01720
   0.00952
   0.03282
   0.04430
   0.03983
   0.02101
  -0.00537
  -0.02982
  -0.04353
  -0.04156
  -0.02463
   0.00117
   0.02655
   0.04237
   0.04293
   0.02804
   0.00305
  -0.02304
  -0.04083
  -0.04392
  -0.03119
  -0.00723
   0.01933
   0.03894
   0.04452
   0.03407
   0.01135
  -0.01545
  -0.03669
  -0.04472
  -0.03664
  -0.01537
   0.01144
   0.03413
   0.04453
   0.03889
   0.01926
  -0.00732
  -0.03125
  -0.04394
  -0.04080
  -0.02297
   0.00313
   0.02811
   0.04296
   0.04234
   0.02648
   0.00108
  -0.02471
  -0.04160
  -0.04351
  -0.02975
  -0.00528
   0.02109
   0.03987
   0.04429
   0.03276
   0.00944
  -0.01728
  -0.03778
  -0.04468
  -0.03548
  -0.01351
   0.01333
   0.03536
   0.04467
   0.03789
   0.01746
  -0.00925
  -0.03263
  -0.04426
  -0.03995
  -0.02126
   0.00509
   0.02961
   0.04346
   0.04167
   0.02487
  -0.00089
  -0.02632
  -0.04228
  -0.04301
  -0.02826
  -0.00333
   0.02280
   0.04072
   0.04397
   0.03139
   0.00751
  -0.01908
  -0.03880
  -0.04454
  -0.03425
  -0.01162
   0.01519
   0.03653
   0.04472
   0.03680
   0.01564
  -0.01116
  -0.03394
  -0.04450
  -0.03903
  -0.01951
   0.00704
   0.03105
   0.04388
   0.04091
   0.02321
  -0.00285
  -0.02789
  -0.04288
  -0.04243
  -0.02670
  -0.00136
   0.02447
   0.04149
   0.04357
   0.02996
   0.00556
  -0.02084
  -0.03974
  -0.04433
  -0.03295
  -0.00971
   0.01702
   0.03763
   0.04469
   0.03565
   0.01378
  -0.01306
  -0.03519
  -0.04465
  -0.03803
  -0.01772
   0.00897
   0.03244
   0.04422
   0.04008
   0.02151
  -0.00481
  -0.02940
  -0.04340
  -0.04177
  -0.02510
   0.00061
   0.02609
   0.04219
   0.04309
   0.02847
   0.00361
  -0.02256
  -0.04060
  -0.04402
  -0.03159
  -0.00778
   0.01883
   0.03866
   0.04457
   0.03443
   0.01189
  -0.01493
  -0.03637
  -0.04472
  -0.03696
  -0.01590
   0.01089
   0.03376
   0.04447
   0.03917
   0.01976
  -0.00676
  -0.03085
  -0.04383
  -0.04103
  -0.02345
   0.00257
   0.02767
   0.04280
   0.04252
   0.02693
   0.00164
  -0.02424
  -0.04139
  -0.04363
  -0.03017
  -0.00584
   0.02059
   0.03961
   0.04436
   0.03314
   0.00999
  -0.01676
  -0.03748
  -0.04470
  -0.03582
  -0.01405
   0.01279
   0.03502
   0.04464
   0.03818
   0.01798
  -0.00870
  -0.03224
  -0.04418
  -0.04020
  -0.02175
   0.00453
   0.02918
   0.04333
   0.04187
   0.02533
  -0.00032
  -0.02587
  -0.04209
  -0.04316
  -0.02869
  -0.00389
   0.02232
   0.04048
   0.04407
   0.03179
   0.00806
  -0.01857
  -0.03852
  -0.04459
  -0.03461
  -0.01216
   0.01466
   0.03621
   0.04471
   0.03712
   0.01616
  -0.01062
  -0.03357
  -0.04444
  -0.03930
  -0.02001
   0.00648
   0.03065
   0.04377
   0.04114
   0.02369
  -0.00229
  -0.02744
  -0.04272
  -0.04261
  -0.02715
  -0.00192
   0.02400
   0.04128
   0.04370
   0.03038
   0.00612
  -0.02034
  -0.03948
  -0.04440
  -0.03333
  -0.01026
   0.01650
   0.03733
   0.04471
   0.03599
   0.01431
  -0.01252
  -0.03484
  -0.04462
  -0.03833
  -0.01824
   0.00842
   0.03205
   0.04413
   0.04033
   0.02200
  -0.00425
  -0.02897
  -0.04326
  -0.04197
  -0.02556
   0.00004
   0.02564
   0.04200
   0.04323
   0.02890
   0.00417
  -0.02207
  -0.04036
  -0.04412
  -0.03199
  -0.00834
   0.01832
   0.03837
   0.04461
   0.03479
   0.01244
  -0.01439
  -0.03604
  -0.04471
  -0.03728
  -0.01642
   0.01035
   0.03339
   0.04441
   0.03944
   0.02026
  -0.00621
  -0.03044
  -0.04371
  -0.04125
  -0.02393
   0.00201
   0.02722
   0.04263
   0.04269
   0.02738
   0.00220
  -0.02376
  -0.04117
  -0.04375
  -0.03058
  -0.00640
   0.02009
   0.03934
   0.04443
   0.03352
   0.01053
  -0.01624
  -0.03717
  -0.04471
  -0.03615
  -0.01458
   0.01225
   0.03466
   0.04460
   0.03847
   0.01849
  -0.00815
  -0.03185
  -0.04409
  -0.04045
  -0.02224
   0.00397
   0.02876
   0.04318
   0.04206
   0.02579
   0.00024
  -0.02540
  -0.04190
  -0.04331
  -0.02912
  -0.00445
   0.02183
   0.04024
   0.04416
   0.03218
   0.00861
  -0.01806
  -0.03823
  -0.04463
  -0.03496
  -0.01270
   0.01413
   0.03587
   0.04470
   0.03743
   0.01668
  -0.01007
  -0.03320
  -0.04437
  -0.03957
  -0.02051
   0.00593
   0.03023
   0.04365
   0.04135
   0.02416
  -0.00173
  -0.02700
  -0.04255
  -0.04277
  -0.02760
  -0.00248
   0.02352
   0.04106
   0.04381
   0.03079
   0.00668
  -0.01984
  -0.03921
  -0.04446
  -0.03370
  -0.01081
   0.01598
   0.03701
   0.04472
   0.03632
   0.01484
  -0.01198
  -0.03449
  -0.04458
  -0.03861
  -0.01875
   0.00787
   0.03165
   0.04404
   0.04057
   0.02249
  -0.00369
  -0.02854
  -0.04311
  -0.04216
  -0.02602
  -0.00052
   0.02517
   0.04180
   0.04337
   0.02933
   0.00472
  -0.02158
  -0.04012
  -0.04421
  -0.03238
  -0.00889
   0.01780
   0.03808
   0.04465
   0.03514
   0.01297
  -0.01386
  -0.03570
  -0.04469
  -0.03758
  -0.01694
   0.00980
   0.03301
   0.04434
   0.03970
   0.02076
  -0.00565
  -0.03003
  -0.04359
  -0.04146
  -0.02440
   0.00145
   0.02677
   0.04246
   0.04285
   0.02782
   0.00276
  -0.02328
  -0.04095
  -0.04387
  -0.03099
  -0.00695
   0.01959
   0.03907
   0.04449
   0.03389
   0.01108
  -0.01572
  -0.03685
  -0.04472
  -0.03648
  -0.01511
   0.01171
   0.03431
   0.04455
   0.03875
   0.01900
  -0.00759
  -0.03145
  -0.04399
  -0.04068
  -0.02273
   0.00341
   0.02832
   0.04304
   0.04225
   0.02625
   0.00080
  -0.02494
  -0.04170
  -0.04344
  -0.02954
  -0.00500
   0.02134
   0.03999
   0.04425
   0.03257
   0.00916
  -0.01754
  -0.03793
  -0.04466
  -0.03531
  -0.01324
   0.01359
   0.03553
   0.04468
   0.03774
   0.01720
  -0.00952
  -0.03282
  -0.04430
  -0.03983
  -0.02101
   0.00537
   0.02982
   0.04353
   0.04156
   0.02463
  -0.00117
  -0.02655
  -0.04237
  -0.04293
  -0.02804
  -0.00305
   0.02304
   0.04083
   0.04392
   0.03119
   0.00723
  -0.01933
  -0.03894
  -0.04452
  -0.03407
  -0.01135
   0.01545
   0.03669
   0.04472
   0.03664
   0.01537
  -0.01144
  -0.03413
  -0.04453
  -0.03889
  -0.01926
   0.00732
   0.03125
   0.04394
   0.04080
   0.02297
  -0.00313
  -0.02811
  -0.04296
  -0.04234
  -0.02648
  -0.00108
   0.02471
   0.04160
   0.04351
   0.02975
   0.00528
  -0.02109
  -0.03987
  -0.04429
  -0.03276
  -0.00944
   0.01728
   0.03778
   0.04468
   0.03548
   0.01351
  -0.01333
  -0.03536
  -0.04467
  -0.03789
  -0.01746
   0.00925
   0.03263
   0.04426
   0.03995
   0.02126
  -0.00509
  -0.02961
  -0.04346
  -0.04167
  -0.02487
   0.00089
   0.02632
   0.04228
   0.04301
   0.02826
   0.00333
  -0.02280
  -0.04072
  -0.04397
  -0.03139
  -0.00751
   0.01908
   0.03880
   0.04454
   0.03425
   0.01162
  -0.01519
  -0.03653
  -0.04472
