   0.01758
   0.02993
  -0.04273
   0.00596
   0.03772
  -0.03765
  -0.00608
   0.04276
  -0.02984
  -0.01769
   0.04471
  -0.01987
  -0.02801
   0.04340
  -0.00846
  -0.03630
   0.03896
   0.00357
  -0.04195
   0.03168
   0.01534
  -0.04457
   0.02211
   0.02599
  -0.04394
   0.01093
   0.03476
  -0.04013
  -0.00104
   0.04101
  -0.03341
  -0.01294
   0.04428
  -0.02427
  -0.02390
   0.04434
  -0.01336
  -0.03312
   0.04119
  -0.00148
  -0.03994
   0.03504
   0.01050
  -0.04386
   0.02635
   0.02172
  -0.04460
   0.01575
   0.03137
  -0.04210
   0.00401
   0.03874
  -0.03655
  -0.00802
   0.04330
  -0.02835
  -0.01948
   0.04471
  -0.01809
  -0.02951
   0.04289
  -0.00652
  -0.03741
   0.03795
   0.00553
  -0.04259
   0.03026
   0.01717
  -0.04469
   0.02037
   0.02757
  -0.04354
   0.00901
   0.03597
  -0.03923
  -0.00301
   0.04176
  -0.03207
  -0.01481
   0.04452
  -0.02259
  -0.02553
   0.04405
  -0.01147
  -0.03441
   0.04038
   0.00048
  -0.04078
   0.03378
   0.01240
  -0.04420
   0.02474
   0.02342
  -0.04441
   0.01390
   0.03274
  -0.04140
   0.00205
   0.03968
  -0.03539
  -0.00995
   0.04375
  -0.02680
  -0.02123
   0.04464
  -0.01628
  -0.03096
   0.04229
  -0.00457
  -0.03845
   0.03687
   0.00747
  -0.04315
   0.02878
   0.01897
  -0.04472
   0.01860
   0.02909
  -0.04304
   0.00708
   0.03710
  -0.03825
  -0.00497
   0.04242
  -0.03067
  -0.01665
   0.04466
  -0.02087
  -0.02712
   0.04366
  -0.00956
  -0.03563
   0.03949
   0.00245
  -0.04155
   0.03246
   0.01428
  -0.04446
   0.02308
   0.02507
  -0.04414
   0.01201
   0.03405
  -0.04062
   0.00008
   0.04055
  -0.03415
  -0.01186
   0.04411
  -0.02520
  -0.02294
   0.04447
  -0.01443
  -0.03235
   0.04161
  -0.00261
  -0.03942
   0.03573
   0.00940
  -0.04363
   0.02725
   0.02073
  -0.04467
   0.01680
   0.03056
  -0.04247
   0.00513
   0.03816
  -0.03719
  -0.00692
   0.04300
  -0.02921
  -0.01846
   0.04472
  -0.01911
  -0.02866
   0.04319
  -0.00763
  -0.03678
   0.03853
   0.00441
  -0.04224
   0.03108
   0.01613
  -0.04463
   0.02137
   0.02667
  -0.04378
   0.01011
   0.03529
  -0.03976
  -0.00189
   0.04134
  -0.03285
  -0.01374
   0.04439
  -0.02355
  -0.02460
   0.04423
  -0.01255
  -0.03368
   0.04085
  -0.00064
  -0.04031
   0.03451
   0.01132
  -0.04402
   0.02567
   0.02245
  -0.04453
   0.01496
   0.03196
  -0.04181
   0.00317
   0.03915
  -0.03606
  -0.00885
   0.04350
  -0.02769
  -0.02023
   0.04469
  -0.01732
  -0.03014
   0.04264
  -0.00568
  -0.03787
   0.03750
   0.00636
  -0.04284
   0.02963
   0.01795
  -0.04471
   0.01962
   0.02823
  -0.04334
   0.00818
   0.03646
  -0.03882
  -0.00385
   0.04205
  -0.03148
  -0.01560
   0.04459
  -0.02186
  -0.02622
   0.04389
  -0.01065
  -0.03494
   0.04001
   0.00132
  -0.04112
   0.03323
   0.01321
  -0.04432
   0.02403
   0.02413
  -0.04431
   0.01309
   0.03331
  -0.04107
   0.00120
   0.04006
  -0.03486
  -0.01077
   0.04391
  -0.02612
  -0.02197
   0.04458
  -0.01549
  -0.03157
   0.04201
  -0.00373
  -0.03888
   0.03639
   0.00830
  -0.04337
   0.02813
   0.01973
  -0.04471
   0.01783
   0.02973
  -0.04281
   0.00624
   0.03756
  -0.03780
  -0.00580
   0.04268
  -0.03005
  -0.01743
   0.04470
  -0.02012
  -0.02779
   0.04347
  -0.00873
  -0.03613
   0.03909
   0.00329
  -0.04186
   0.03188
   0.01507
  -0.04454
   0.02235
   0.02576
  -0.04400
   0.01120
   0.03459
  -0.04026
  -0.00076
   0.04090
  -0.03360
  -0.01267
   0.04424
  -0.02450
  -0.02366
   0.04438
  -0.01363
  -0.03293
   0.04129
  -0.00177
  -0.03981
   0.03521
   0.01023
  -0.04380
   0.02658
   0.02147
  -0.04462
   0.01601
   0.03117
  -0.04220
   0.00429
   0.03860
  -0.03672
  -0.00775
   0.04323
  -0.02857
  -0.01922
   0.04472
  -0.01835
  -0.02930
   0.04297
  -0.00680
  -0.03726
   0.03810
   0.00525
  -0.04251
   0.03047
   0.01691
  -0.04467
   0.02062
   0.02735
  -0.04360
   0.00928
   0.03580
  -0.03936
  -0.00273
   0.04165
  -0.03227
  -0.01454
   0.04449
  -0.02283
  -0.02530
   0.04409
  -0.01174
  -0.03423
   0.04050
   0.00020
  -0.04067
   0.03397
   0.01213
  -0.04416
   0.02497
   0.02318
  -0.04444
   0.01416
   0.03255
  -0.04151
   0.00233
   0.03955
  -0.03556
  -0.00968
   0.04369
  -0.02703
  -0.02098
   0.04465
  -0.01654
  -0.03076
   0.04238
  -0.00485
  -0.03831
   0.03703
   0.00719
  -0.04308
   0.02900
   0.01871
  -0.04472
   0.01886
   0.02888
  -0.04312
   0.00735
   0.03694
  -0.03839
  -0.00469
   0.04233
  -0.03088
  -0.01639
   0.04465
  -0.02112
  -0.02690
   0.04372
  -0.00983
  -0.03546
   0.03963
   0.00217
  -0.04145
   0.03266
   0.01401
  -0.04443
   0.02332
   0.02484
  -0.04418
   0.01228
   0.03386
  -0.04073
   0.00036
   0.04043
  -0.03433
  -0.01159
   0.04407
  -0.02543
  -0.02270
   0.04450
  -0.01469
  -0.03216
   0.04171
  -0.00289
  -0.03929
   0.03590
   0.00913
  -0.04356
   0.02747
   0.02048
  -0.04468
   0.01706
   0.03035
  -0.04256
   0.00541
   0.03802
  -0.03735
  -0.00664
   0.04292
  -0.02942
  -0.01820
   0.04472
  -0.01937
  -0.02844
   0.04327
  -0.00791
  -0.03662
   0.03868
   0.00413
  -0.04215
   0.03128
   0.01586
  -0.04461
   0.02161
   0.02645
  -0.04384
   0.01038
   0.03511
  -0.03988
  -0.00161
   0.04123
  -0.03304
  -0.01348
   0.04436
  -0.02379
  -0.02437
   0.04427
  -0.01282
  -0.03349
   0.04096
  -0.00092
  -0.04019
   0.03469
   0.01104
  -0.04397
   0.02590
   0.02221
  -0.04456
   0.01522
   0.03176
  -0.04191
   0.00345
   0.03901
  -0.03623
  -0.00858
   0.04343
  -0.02791
  -0.01998
   0.04470
  -0.01758
  -0.02993
   0.04273
  -0.00596
  -0.03772
   0.03765
   0.00608
  -0.04276
   0.02984
   0.01769
  -0.04471
   0.01987
   0.02801
  -0.04340
   0.00846
   0.03630
  -0.03896
  -0.00357
   0.04195
  -0.03168
  -0.01534
   0.04457
  -0.02211
  -0.02599
   0.04394
  -0.01093
  -0.03476
   0.04013
   0.00104
  -0.04101
   0.03341
   0.01294
  -0.04428
   0.02427
   0.02390
  -0.04434
   0.01336
   0.03312
  -0.04119
   0.00148
   0.03994
  -0.03504
  -0.01050
   0.04386
  -0.02635
  -0.02172
   0.04460
  -0.01575
  -0.03137
   0.04210
  -0.00401
  -0.03874
   0.03655
   0.00802
  -0.04330
   0.02835
   0.01948
  -0.04471
   0.01809
   0.02951
  -0.04289
   0.00652
   0.03741
  -0.03795
  -0.00553
   0.04259
  -0.03026
  -0.01717
   0.04469
  -0.02037
  -0.02757
   0.04354
  -0.00901
  -0.03597
   0.03923
   0.00301
  -0.04176
   0.03207
   0.01481
  -0.04452
   0.02259
   0.02553
  -0.04405
   0.01147
   0.03441
  -0.04038
  -0.00048
   0.04078
  -0.03378
  -0.01240
   0.04420
  -0.02474
  -0.02342
   0.04441
  -0.01390
  -0.03274
   0.04140
  -0.00205
  -0.03968
   0.03539
   0.00995
  -0.04375
   0.02680
   0.02123
  -0.04464
   0.01628
   0.03096
  -0.04229
   0.00457
   0.03845
  -0.03687
  -0.00747
   0.04315
  -0.02878
  -0.01897
   0.04472
  -0.01860
  -0.02909
   0.04304
  -0.00708
  -0.03710
   0.03825
   0.00497
  -0.04242
   0.03067
   0.01665
  -0.04466
   0.02087
   0.02712
  -0.04366
   0.00956
   0.03563
  -0.03949
  -0.00245
   0.04155
  -0.03246
  -0.01428
   0.04446
  -0.02308
  -0.02507
   0.04414
  -0.01201
  -0.03405
   0.04062
  -0.00008
  -0.04055
   0.03415
   0.01186
  -0.04411
   0.02520
   0.02294
  -0.04447
   0.01443
   0.03235
  -0.04161
   0.00261
   0.03942
  -0.03573
  -0.00940
   0.04363
  -0.02725
  -0.02073
   0.04467
  -0.01680
  -0.03056
   0.04247
  -0.00513
  -0.03816
   0.03719
   0.00692
  -0.04300
   0.02921
   0.01846
  -0.04472
   0.01911
   0.02866
  -0.04319
   0.00763
   0.03678
  -0.03853
  -0.00441
   0.04224
  -0.03108
  -0.01613
   0.04463
  -0.02137
  -0.02667
   0.04378
  -0.01011
  -0.03529
   0.03976
   0.00189
  -0.04134
   0.03285
   0.01374
  -0.04439
   0.02355
   0.02460
  -0.04423
   0.01255
   0.03368
  -0.04085
   0.00064
   0.04031
  -0.03451
  -0.01132
   0.04402
  -0.02567
  -0.02245
   0.04453
  -0.01496
  -0.03196
   0.04181
  -0.00317
  -0.03915
   0.03606
   0.00885
  -0.04350
   0.02769
   0.02023
  -0.04469
   0.01732
   0.03014
  -0.04264
   0.00568
   0.03787
  -0.03750
  -0.00636
   0.04284
  -0.02963
  -0.01795
   0.04471
  -0.01962
  -0.02823
   0.04334
  -0.00818
  -0.03646
   0.03882
   0.00385
  -0.04205
   0.03148
   0.01560
  -0.04459
   0.02186
   0.02622
  -0.04389
   0.01065
   0.03494
  -0.04001
  -0.00132
   0.04112
  -0.03323
  -0.01321
   0.04432
  -0.02403
  -0.02413
   0.04431
  -0.01309
  -0.03331
   0.04107
  -0.00120
  -0.04006
   0.03486
   0.01077
  -0.04391
   0.02612
   0.02197
  -0.04458
   0.01549
   0.03157
  -0.04201
   0.00373
   0.03888
  -0.03639
  -0.00830
   0.04337
  -0.02813
  -0.01973
   0.04471
  -0.01783
  -0.02973
   0.04281
  -0.00624
  -0.03756
   0.03780
   0.00580
  -0.04268
   0.03005
   0.01743
  -0.04470
   0.02012
   0.02779
  -0.04347
   0.00873
   0.03613
  -0.03909
  -0.00329
   0.04186
  -0.03188
  -0.01507
   0.04454
  -0.02235
  -0.02576
   0.04400
  -0.01120
  -0.03459
   0.04026
   0.00076
  -0.04090
   0.03360
   0.01267
  -0.04424
   0.02450
   0.02366
  -0.04438
   0.01363
   0.03293
  -0.04129
   0.00177
   0.03981
  -0.03521
  -0.01023
   0.04380
  -0.02658
  -0.02147
   0.04462
  -0.01601
  -0.03117
   0.04220
  -0.00429
  -0.03860
   0.03672
   0.00775
  -0.04323
   0.02857
   0.01922
  -0.04472
   0.01835
   0.02930
  -0.04297
   0.00680
   0.03726
  -0.03810
  -0.00525
   0.04251
  -0.03047
  -0.01691
   0.04467
  -0.02062
  -0.02735
   0.04360
  -0.00928
  -0.03580
   0.03936
   0.00273
  -0.04165
   0.03227
   0.01454
  -0.04449
   0.02283
   0.02530
  -0.04409
   0.01174
   0.03423
  -0.04050
  -0.00020
   0.04067
  -0.03397
  -0.01213
   0.04416
  -0.02497
  -0.02318
   0.04444
  -0.01416
  -0.03255
   0.04151
  -0.00233
  -0.03955
   0.03556
   0.00968
  -0.04369
   0.02703
   0.02098
  -0.04465
   0.01654
   0.03076
  -0.04238
   0.00485
   0.03831
  -0.03703
  -0.00719
   0.04308
  -0.02900
  -0.01871
   0.04472
  -0.01886
  -0.02888
   0.04312
  -0.00735
  -0.03694
   0.03839
   0.00469
  -0.04233
   0.03088
   0.01639
  -0.04465
   0.02112
   0.02690
  -0.04372
   0.00983
   0.03546
  -0.03963
  -0.00217
   0.04145
  -0.03266
  -0.01401
   0.04443
  -0.02332
  -0.02484
   0.04418
  -0.01228
  -0.03386
   0.04073
  -0.00036
  -0.04043
   0.03433
   0.01159
  -0.04407
   0.02543
   0.02270
  -0.04450
   0.01469
   0.03216
  -0.04171
   0.00289
   0.03929
  -0.03590
  -0.00913
   0.04356
  -0.02747
  -0.02048
   0.04468
  -0.01706
  -0.03035
   0.04256
  -0.00541
  -0.03802
   0.03735
   0.00664
  -0.04292
   0.02942
   0.01820
  -0.04472
   0.01937
   0.02844
  -0.04327
   0.00791
   0.03662
  -0.03868
  -0.00413
   0.04215
  -0.03128
  -0.01586
   0.04461
  -0.02161
  -0.02645
   0.04384
  -0.01038
  -0.03511
   0.03988
   0.00161
  -0.04123
   0.03304
   0.01348
  -0.04436
   0.02379
   0.02437
  -0.04427
   0.01282
   0.03349
  -0.04096
   0.00092
   0.04019
  -0.03469
  -0.01104
   0.04397
  -0.02590
  -0.02221
   0.04456
  -0.01522
  -0.03176
   0.04191
  -0.00345
  -0.03901
   0.03623
   0.00858
  -0.04343
   0.02791
   0.01998
  -0.04470
