   0.02435
   0.01734
  -0.04384
   0.03195
   0.00793
  -0.04086
   0.03800
  -0.00186
  -0.03591
   0.04223
  -0.01157
  -0.02923
   0.04442
  -0.02071
  -0.02114
   0.04448
  -0.02886
  -0.01203
   0.04239
  -0.03562
  -0.00235
   0.03826
  -0.04066
   0.00745
   0.03228
  -0.04374
   0.01689
   0.02476
  -0.04472
   0.02552
   0.01603
  -0.04354
   0.03291
   0.00654
  -0.04027
   0.03873
  -0.00327
  -0.03505
   0.04267
  -0.01292
  -0.02815
   0.04456
  -0.02195
  -0.01989
   0.04431
  -0.02992
  -0.01068
   0.04192
  -0.03645
  -0.00094
   0.03751
  -0.04122
   0.00883
   0.03130
  -0.04401
   0.01818
   0.02357
  -0.04468
   0.02666
   0.01472
  -0.04320
   0.03385
   0.00515
  -0.03964
   0.03941
  -0.00467
  -0.03416
   0.04307
  -0.01426
  -0.02704
   0.04466
  -0.02316
  -0.01862
   0.04410
  -0.03095
  -0.00931
   0.04141
  -0.03724
   0.00046
   0.03673
  -0.04175
   0.01020
   0.03028
  -0.04424
   0.01946
   0.02237
  -0.04460
   0.02777
   0.01338
  -0.04281
   0.03475
   0.00375
  -0.03897
   0.04005
  -0.00606
  -0.03324
   0.04343
  -0.01558
  -0.02591
   0.04471
  -0.02435
  -0.01734
   0.04384
  -0.03195
  -0.00793
   0.04086
  -0.03800
   0.00186
   0.03591
  -0.04223
   0.01157
   0.02923
  -0.04442
   0.02071
   0.02114
  -0.04448
   0.02886
   0.01203
  -0.04239
   0.03562
   0.00235
  -0.03826
   0.04066
  -0.00745
  -0.03228
   0.04374
  -0.01689
  -0.02476
   0.04472
  -0.02552
  -0.01603
   0.04354
  -0.03291
  -0.00654
   0.04027
  -0.03873
   0.00327
   0.03505
  -0.04267
   0.01292
   0.02815
  -0.04456
   0.02195
   0.01989
  -0.04431
   0.02992
   0.01068
  -0.04192
   0.03645
   0.00094
  -0.03751
   0.04122
  -0.00883
  -0.03130
   0.04401
  -0.01818
  -0.02357
   0.04468
  -0.02666
  -0.01472
   0.04320
  -0.03385
  -0.00515
   0.03964
  -0.03941
   0.00467
   0.03416
  -0.04307
   0.01426
   0.02704
  -0.04466
   0.02316
   0.01862
  -0.04410
   0.03095
   0.00931
  -0.04141
   0.03724
  -0.00046
  -0.03673
   0.04175
  -0.01020
  -0.03028
   0.04424
  -0.01946
  -0.02237
   0.04460
  -0.02777
  -0.01338
   0.04281
  -0.03475
  -0.00375
   0.03897
  -0.04005
   0.00606
   0.03324
  -0.04343
   0.01558
   0.02591
  -0.04471
   0.02435
   0.01734
  -0.04384
   0.03195
   0.00793
  -0.04086
   0.03800
  -0.00186
  -0.03591
   0.04223
  -0.01157
  -0.02923
   0.04442
  -0.02071
  -0.02114
   0.04448
  -0.02886
  -0.01203
   0.04239
  -0.03562
  -0.00235
   0.03826
  -0.04066
   0.00745
   0.03228
  -0.04374
   0.01689
   0.02476
  -0.04472
   0.02552
   0.01603
  -0.04354
   0.03291
   0.00654
  -0.04027
   0.03873
  -0.00327
  -0.03505
   0.04267
  -0.01292
  -0.02815
   0.04456
  -0.02195
  -0.01989
   0.04431
  -0.02992
  -0.01068
   0.04192
  -0.03645
  -0.00094
   0.03751
  -0.04122
   0.00883
   0.03130
  -0.04401
   0.01818
   0.02357
  -0.04468
   0.02666
   0.01472
  -0.04320
   0.03385
   0.00515
  -0.03964
   0.03941
  -0.00467
  -0.03416
   0.04307
  -0.01426
  -0.02704
   0.04466
  -0.02316
  -0.01862
   0.04410
  -0.03095
  -0.00931
   0.04141
  -0.03724
   0.00046
   0.03673
  -0.04175
   0.01020
   0.03028
  -0.04424
   0.01946
   0.02237
  -0.04460
   0.02777
   0.01338
  -0.04281
   0.03475
   0.00375
  -0.03897
   0.04005
  -0.00606
  -0.03324
   0.04343
  -0.01558
  -0.02591
   0.04471
  -0.02435
  -0.01734
   0.04384
  -0.03195
  -0.00793
   0.04086
  -0.03800
   0.00186
   0.03591
  -0.04223
   0.01157
   0.02923
  -0.04442
   0.02071
   0.02114
  -0.04448
   0.02886
   0.01203
  -0.04239
   0.03562
   0.00235
  -0.03826
   0.04066
  -0.00745
  -0.03228
   0.04374
  -0.01689
  -0.02476
   0.04472
  -0.02552
  -0.01603
   0.04354
  -0.03291
  -0.00654
   0.04027
  -0.03873
   0.00327
   0.03505
  -0.04267
   0.01292
   0.02815
  -0.04456
   0.02195
   0.01989
  -0.04431
   0.02992
   0.01068
  -0.04192
   0.03645
   0.00094
  -0.03751
   0.04122
  -0.00883
  -0.03130
   0.04401
  -0.01818
  -0.02357
   0.04468
  -0.02666
  -0.01472
   0.04320
  -0.03385
  -0.00515
   0.03964
  -0.03941
   0.00467
   0.03416
  -0.04307
   0.01426
   0.02704
  -0.04466
   0.02316
   0.01862
  -0.04410
   0.03095
   0.00931
  -0.04141
   0.03724
  -0.00046
  -0.03673
   0.04175
  -0.01020
  -0.03028
   0.04424
  -0.01946
  -0.02237
   0.04460
  -0.02777
  -0.01338
   0.04281
  -0.03475
  -0.00375
   0.03897
  -0.04005
   0.00606
   0.03324
  -0.04343
   0.01558
   0.02591
  -0.04471
   0.02435
   0.01734
  -0.04384
   0.03195
   0.00793
  -0.04086
   0.03800
  -0.00186
  -0.03591
   0.04223
  -0.01157
  -0.02923
   0.04442
  -0.02071
  -0.02114
   0.04448
  -0.02886
  -0.01203
   0.04239
  -0.03562
  -0.00235
   0.03826
  -0.04066
   0.00745
   0.03228
  -0.04374
   0.01689
   0.02476
  -0.04472
   0.02552
   0.01603
  -0.04354
   0.03291
   0.00654
  -0.04027
   0.03873
  -0.00327
  -0.03505
   0.04267
  -0.01292
  -0.02815
   0.04456
  -0.02195
  -0.01989
   0.04431
  -0.02992
  -0.01068
   0.04192
  -0.03645
  -0.00094
   0.03751
  -0.04122
   0.00883
   0.03130
  -0.04401
   0.01818
   0.02357
  -0.04468
   0.02666
   0.01472
  -0.04320
   0.03385
   0.00515
  -0.03964
   0.03941
  -0.00467
  -0.03416
   0.04307
  -0.01426
  -0.02704
   0.04466
  -0.02316
  -0.01862
   0.04410
  -0.03095
  -0.00931
   0.04141
  -0.03724
   0.00046
   0.03673
  -0.04175
   0.01020
   0.03028
  -0.04424
   0.01946
   0.02237
  -0.04460
   0.02777
   0.01338
  -0.04281
   0.03475
   0.00375
  -0.03897
   0.04005
  -0.00606
  -0.03324
   0.04343
  -0.01558
  -0.02591
   0.04471
  -0.02435
  -0.01734
   0.04384
  -0.03195
  -0.00793
   0.04086
  -0.03800
   0.00186
   0.03591
  -0.04223
   0.01157
   0.02923
  -0.04442
   0.02071
   0.02114
  -0.04448
   0.02886
   0.01203
  -0.04239
   0.03562
   0.00235
  -0.03826
   0.04066
  -0.00745
  -0.03228
   0.04374
  -0.01689
  -0.02476
   0.04472
  -0.02552
  -0.01603
   0.04354
  -0.03291
  -0.00654
   0.04027
  -0.03873
   0.00327
   0.03505
  -0.04267
   0.01292
   0.02815
  -0.04456
   0.02195
   0.01989
  -0.04431
   0.02992
   0.01068
  -0.04192
   0.03645
   0.00094
  -0.03751
   0.04122
  -0.00883
  -0.03130
   0.04401
  -0.01818
  -0.02357
   0.04468
  -0.02666
  -0.01472
   0.04320
  -0.03385
  -0.00515
   0.03964
  -0.03941
   0.00467
   0.03416
  -0.04307
   0.01426
   0.02704
  -0.04466
   0.02316
   0.01862
  -0.04410
   0.03095
   0.00931
  -0.04141
   0.03724
  -0.00046
  -0.03673
   0.04175
  -0.01020
  -0.03028
   0.04424
  -0.01946
  -0.02237
   0.04460
  -0.02777
  -0.01338
   0.04281
  -0.03475
  -0.00375
   0.03897
  -0.04005
   0.00606
   0.03324
  -0.04343
   0.01558
   0.02591
  -0.04471
   0.02435
   0.01734
  -0.04384
   0.03195
   0.00793
  -0.04086
   0.03800
  -0.00186
  -0.03591
   0.04223
  -0.01157
  -0.02923
   0.04442
  -0.02071
  -0.02114
   0.04448
  -0.02886
  -0.01203
   0.04239
  -0.03562
  -0.00235
   0.03826
  -0.04066
   0.00745
   0.03228
  -0.04374
   0.01689
   0.02476
  -0.04472
   0.02552
   0.01603
  -0.04354
   0.03291
   0.00654
  -0.04027
   0.03873
  -0.00327
  -0.03505
   0.04267
  -0.01292
  -0.02815
   0.04456
  -0.02195
  -0.01989
   0.04431
  -0.02992
  -0.01068
   0.04192
  -0.03645
  -0.00094
   0.03751
  -0.04122
   0.00883
   0.03130
  -0.04401
   0.01818
   0.02357
  -0.04468
   0.02666
   0.01472
  -0.04320
   0.03385
   0.00515
  -0.03964
   0.03941
  -0.00467
  -0.03416
   0.04307
  -0.01426
  -0.02704
   0.04466
  -0.02316
  -0.01862
   0.04410
  -0.03095
  -0.00931
   0.04141
  -0.03724
   0.00046
   0.03673
  -0.04175
   0.01020
   0.03028
  -0.04424
   0.01946
   0.02237
  -0.04460
   0.02777
   0.01338
  -0.04281
   0.03475
   0.00375
  -0.03897
   0.04005
  -0.00606
  -0.03324
   0.04343
  -0.01558
  -0.02591
   0.04471
  -0.02435
  -0.01734
   0.04384
  -0.03195
  -0.00793
   0.04086
  -0.03800
   0.00186
   0.03591
  -0.04223
   0.01157
   0.02923
  -0.04442
   0.02071
   0.02114
  -0.04448
   0.02886
   0.01203
  -0.04239
   0.03562
   0.00235
  -0.03826
   0.04066
  -0.00745
  -0.03228
   0.04374
  -0.01689
  -0.02476
   0.04472
  -0.02552
  -0.01603
   0.04354
  -0.03291
  -0.00654
   0.04027
  -0.03873
   0.00327
   0.03505
  -0.04267
   0.01292
   0.02815
  -0.04456
   0.02195
   0.01989
  -0.04431
   0.02992
   0.01068
  -0.04192
   0.03645
   0.00094
  -0.03751
   0.04122
  -0.00883
  -0.03130
   0.04401
  -0.01818
  -0.02357
   0.04468
  -0.02666
  -0.01472
   0.04320
  -0.03385
  -0.00515
   0.03964
  -0.03941
   0.00467
   0.03416
  -0.04307
   0.01426
   0.02704
  -0.04466
   0.02316
   0.01862
  -0.04410
   0.03095
   0.00931
  -0.04141
   0.03724
  -0.00046
  -0.03673
   0.04175
  -0.01020
  -0.03028
   0.04424
  -0.01946
  -0.02237
   0.04460
  -0.02777
  -0.01338
   0.04281
  -0.03475
  -0.00375
   0.03897
  -0.04005
   0.00606
   0.03324
  -0.04343
   0.01558
   0.02591
  -0.04471
   0.02435
   0.01734
  -0.04384
   0.03195
   0.00793
  -0.04086
   0.03800
  -0.00186
  -0.03591
   0.04223
  -0.01157
  -0.02923
   0.04442
  -0.02071
  -0.02114
   0.04448
  -0.02886
  -0.01203
   0.04239
  -0.03562
  -0.00235
   0.03826
  -0.04066
   0.00745
   0.03228
  -0.04374
   0.01689
   0.02476
  -0.04472
   0.02552
   0.01603
  -0.04354
   0.03291
   0.00654
  -0.04027
   0.03873
  -0.00327
  -0.03505
   0.04267
  -0.01292
  -0.02815
   0.04456
  -0.02195
  -0.01989
   0.04431
  -0.02992
  -0.01068
   0.04192
  -0.03645
  -0.00094
   0.03751
  -0.04122
   0.00883
   0.03130
  -0.04401
   0.01818
   0.02357
  -0.04468
   0.02666
   0.01472
  -0.04320
   0.03385
   0.00515
  -0.03964
   0.03941
  -0.00467
  -0.03416
   0.04307
  -0.01426
  -0.02704
   0.04466
  -0.02316
  -0.01862
   0.04410
  -0.03095
  -0.00931
   0.04141
  -0.03724
   0.00046
   0.03673
  -0.04175
   0.01020
   0.03028
  -0.04424
   0.01946
   0.02237
  -0.04460
   0.02777
   0.01338
  -0.04281
   0.03475
   0.00375
  -0.03897
   0.04005
  -0.00606
  -0.03324
   0.04343
  -0.01558
  -0.02591
   0.04471
  -0.02435
  -0.01734
   0.04384
  -0.03195
  -0.00793
   0.04086
  -0.03800
   0.00186
   0.03591
  -0.04223
   0.01157
   0.02923
  -0.04442
   0.02071
   0.02114
  -0.04448
   0.02886
   0.01203
  -0.04239
   0.03562
   0.00235
  -0.03826
   0.04066
  -0.00745
  -0.03228
   0.04374
  -0.01689
  -0.02476
   0.04472
  -0.02552
  -0.01603
   0.04354
  -0.03291
  -0.00654
   0.04027
  -0.03873
   0.00327
   0.03505
  -0.04267
   0.01292
   0.02815
  -0.04456
   0.02195
   0.01989
  -0.04431
   0.02992
   0.01068
  -0.04192
   0.03645
   0.00094
  -0.03751
   0.04122
  -0.00883
  -0.03130
   0.04401
  -0.01818
  -0.02357
   0.04468
  -0.02666
  -0.01472
   0.04320
  -0.03385
  -0.00515
   0.03964
  -0.03941
   0.00467
   0.03416
  -0.04307
   0.01426
   0.02704
  -0.04466
   0.02316
   0.01862
  -0.04410
   0.03095
   0.00931
  -0.04141
   0.03724
  -0.00046
  -0.03673
   0.04175
  -0.01020
  -0.03028
   0.04424
  -0.01946
  -0.02237
   0.04460
  -0.02777
  -0.01338
   0.04281
  -0.03475
  -0.00375
   0.03897
  -0.04005
   0.00606
   0.03324
  -0.04343
   0.01558
   0.02591
  -0.04471
