  -0.03620
  -0.04234
  -0.01271
   0.02766
   0.04466
   0.02393
  -0.01702
  -0.04359
  -0.03333
   0.00509
   0.03921
   0.04020
   0.00723
  -0.03185
  -0.04402
  -0.01900
   0.02207
   0.04450
   0.02933
  -0.01062
  -0.04160
  -0.03743
  -0.00164
   0.03553
   0.04269
   0.01378
  -0.02677
  -0.04471
  -0.02487
   0.01598
   0.04333
   0.03407
  -0.00397
  -0.03866
  -0.04068
  -0.00834
   0.03105
   0.04421
   0.02002
  -0.02109
  -0.04437
  -0.03017
   0.00952
   0.04117
   0.03804
   0.00277
  -0.03484
  -0.04301
  -0.01485
   0.02586
   0.04472
   0.02580
  -0.01492
  -0.04303
  -0.03479
   0.00285
   0.03808
   0.04114
   0.00944
  -0.03023
  -0.04436
  -0.02101
   0.02009
   0.04422
   0.03099
  -0.00842
  -0.04072
  -0.03862
  -0.00389
   0.03412
   0.04331
   0.01590
  -0.02494
  -0.04471
  -0.02671
   0.01386
   0.04272
   0.03548
  -0.00173
  -0.03748
  -0.04157
  -0.01054
   0.02939
   0.04449
   0.02200
  -0.01908
  -0.04404
  -0.03179
   0.00731
   0.04024
   0.03917
   0.00501
  -0.03339
  -0.04357
  -0.01695
   0.02400
   0.04467
   0.02760
  -0.01279
  -0.04237
  -0.03616
   0.00060
   0.03685
   0.04197
   0.01163
  -0.02854
  -0.04459
  -0.02297
   0.01806
   0.04383
   0.03257
  -0.00620
  -0.03974
  -0.03970
  -0.00612
   0.03263
   0.04381
   0.01798
  -0.02304
  -0.04460
  -0.02847
   0.01170
   0.04200
   0.03681
   0.00052
  -0.03620
  -0.04234
  -0.01271
   0.02766
   0.04466
   0.02393
  -0.01702
  -0.04359
  -0.03333
   0.00509
   0.03921
   0.04020
   0.00723
  -0.03185
  -0.04402
  -0.01900
   0.02207
   0.04450
   0.02933
  -0.01062
  -0.04160
  -0.03743
  -0.00164
   0.03553
   0.04269
   0.01378
  -0.02677
  -0.04471
  -0.02487
   0.01598
   0.04333
   0.03407
  -0.00397
  -0.03866
  -0.04068
  -0.00834
   0.03105
   0.04421
   0.02002
  -0.02109
  -0.04437
  -0.03017
   0.00952
   0.04117
   0.03804
   0.00277
  -0.03484
  -0.04301
  -0.01485
   0.02586
   0.04472
   0.02580
  -0.01492
  -0.04303
  -0.03479
   0.00285
   0.03808
   0.04114
   0.00944
  -0.03023
  -0.04436
  -0.02101
   0.02009
   0.04422
   0.03099
  -0.00842
  -0.04072
  -0.03862
  -0.00389
   0.03412
   0.04331
   0.01590
  -0.02494
  -0.04471
  -0.02671
   0.01386
   0.04272
   0.03548
  -0.00173
  -0.03748
  -0.04157
  -0.01054
   0.02939
   0.04449
   0.02200
  -0.01908
  -0.04404
  -0.03179
   0.00731
   0.04024
   0.03917
   0.00501
  -0.03339
  -0.04357
  -0.01695
   0.02400
   0.04467
   0.02760
  -0.01279
  -0.04237
  -0.03616
   0.00060
   0.03685
   0.04197
   0.01163
  -0.02854
  -0.04459
  -0.02297
   0.01806
   0.04383
   0.03257
  -0.00620
  -0.03974
  -0.03970
  -0.00612
   0.03263
   0.04381
   0.01798
  -0.02304
  -0.04460
  -0.02847
   0.01170
   0.04200
   0.03681
   0.00052
  -0.03620
  -0.04234
  -0.01271
   0.02766
   0.04466
   0.02393
  -0.01702
  -0.04359
  -0.03333
   0.00509
   0.03921
   0.04020
   0.00723
  -0.03185
  -0.04402
  -0.01900
   0.02207
   0.04450
   0.02933
  -0.01062
  -0.04160
  -0.03743
  -0.00164
   0.03553
   0.04269
   0.01378
  -0.02677
  -0.04471
  -0.02487
   0.01598
   0.04333
   0.03407
  -0.00397
  -0.03866
  -0.04068
  -0.00834
   0.03105
   0.04421
   0.02002
  -0.02109
  -0.04437
  -0.03017
   0.00952
   0.04117
   0.03804
   0.00277
  -0.03484
  -0.04301
  -0.01485
   0.02586
   0.04472
   0.02580
  -0.01492
  -0.04303
  -0.03479
   0.00285
   0.03808
   0.04114
   0.00944
  -0.03023
  -0.04436
  -0.02101
   0.02009
   0.04422
   0.03099
  -0.00842
  -0.04072
  -0.03862
  -0.00389
   0.03412
   0.04331
   0.01590
  -0.02494
  -0.04471
  -0.02671
   0.01386
   0.04272
   0.03548
  -0.00173
  -0.03748
  -0.04157
  -0.01054
   0.02939
   0.04449
   0.02200
  -0.01908
  -0.04404
  -0.03179
   0.00731
   0.04024
   0.03917
   0.00501
  -0.03339
  -0.04357
  -0.01695
   0.02400
   0.04467
   0.02760
  -0.01279
  -0.04237
  -0.03616
   0.00060
   0.03685
   0.04197
   0.01163
  -0.02854
  -0.04459
  -0.02297
   0.01806
   0.04383
   0.03257
  -0.00620
  -0.03974
  -0.03970
  -0.00612
   0.03263
   0.04381
   0.01798
  -0.02304
  -0.04460
  -0.02847
   0.01170
   0.04200
   0.03681
   0.00052
  -0.03620
  -0.04234
  -0.01271
   0.02766
   0.04466
   0.02393
  -0.01702
  -0.04359
  -0.03333
   0.00509
   0.03921
   0.04020
   0.00723
  -0.03185
  -0.04402
  -0.01900
   0.02207
   0.04450
   0.02933
  -0.01062
  -0.04160
  -0.03743
  -0.00164
   0.03553
   0.04269
   0.01378
  -0.02677
  -0.04471
  -0.02487
   0.01598
   0.04333
   0.03407
  -0.00397
  -0.03866
  -0.04068
  -0.00834
   0.03105
   0.04421
   0.02002
  -0.02109
  -0.04437
  -0.03017
   0.00952
   0.04117
   0.03804
   0.00277
  -0.03484
  -0.04301
  -0.01485
   0.02586
   0.04472
   0.02580
  -0.01492
  -0.04303
  -0.03479
   0.00285
   0.03808
   0.04114
   0.00944
  -0.03023
  -0.04436
  -0.02101
   0.02009
   0.04422
   0.03099
  -0.00842
  -0.04072
  -0.03862
  -0.00389
   0.03412
   0.04331
   0.01590
  -0.02494
  -0.04471
  -0.02671
   0.01386
   0.04272
   0.03548
  -0.00173
  -0.03748
  -0.04157
  -0.01054
   0.02939
   0.04449
   0.02200
  -0.01908
  -0.04404
  -0.03179
   0.00731
   0.04024
   0.03917
   0.00501
  -0.03339
  -0.04357
  -0.01695
   0.02400
   0.04467
   0.02760
  -0.01279
  -0.04237
  -0.03616
   0.00060
   0.03685
   0.04197
   0.01163
  -0.02854
  -0.04459
  -0.02297
   0.01806
   0.04383
   0.03257
  -0.00620
  -0.03974
  -0.03970
  -0.00612
   0.03263
   0.04381
   0.01798
  -0.02304
  -0.04460
  -0.02847
   0.01170
   0.04200
   0.03681
   0.00052
  -0.03620
  -0.04234
  -0.01271
   0.02766
   0.04466
   0.02393
  -0.01702
  -0.04359
  -0.03333
   0.00509
   0.03921
   0.04020
   0.00723
  -0.03185
  -0.04402
  -0.01900
   0.02207
   0.04450
   0.02933
  -0.01062
  -0.04160
  -0.03743
  -0.00164
   0.03553
   0.04269
   0.01378
  -0.02677
  -0.04471
  -0.02487
   0.01598
   0.04333
   0.03407
  -0.00397
  -0.03866
  -0.04068
  -0.00834
   0.03105
   0.04421
   0.02002
  -0.02109
  -0.04437
  -0.03017
   0.00952
   0.04117
   0.03804
   0.00277
  -0.03484
  -0.04301
  -0.01485
   0.02586
   0.04472
   0.02580
  -0.01492
  -0.04303
  -0.03479
   0.00285
   0.03808
   0.04114
   0.00944
  -0.03023
  -0.04436
  -0.02101
   0.02009
   0.04422
   0.03099
  -0.00842
  -0.04072
  -0.03862
  -0.00389
   0.03412
   0.04331
   0.01590
  -0.02494
  -0.04471
  -0.02671
   0.01386
   0.04272
   0.03548
  -0.00173
  -0.03748
  -0.04157
  -0.01054
   0.02939
   0.04449
   0.02200
  -0.01908
  -0.04404
  -0.03179
   0.00731
   0.04024
   0.03917
   0.00501
  -0.03339
  -0.04357
  -0.01695
   0.02400
   0.04467
   0.02760
  -0.01279
  -0.04237
  -0.03616
   0.00060
   0.03685
   0.04197
   0.01163
  -0.02854
  -0.04459
  -0.02297
   0.01806
   0.04383
   0.03257
  -0.00620
  -0.03974
  -0.03970
  -0.00612
   0.03263
   0.04381
   0.01798
  -0.02304
  -0.04460
  -0.02847
   0.01170
   0.04200
   0.03681
   0.00052
  -0.03620
  -0.04234
  -0.01271
   0.02766
   0.04466
   0.02393
  -0.01702
  -0.04359
  -0.03333
   0.00509
   0.03921
   0.04020
   0.00723
  -0.03185
  -0.04402
  -0.01900
   0.02207
   0.04450
   0.02933
  -0.01062
  -0.04160
  -0.03743
  -0.00164
   0.03553
   0.04269
   0.01378
  -0.02677
  -0.04471
  -0.02487
   0.01598
   0.04333
   0.03407
  -0.00397
  -0.03866
  -0.04068
  -0.00834
   0.03105
   0.04421
   0.02002
  -0.02109
  -0.04437
  -0.03017
   0.00952
   0.04117
   0.03804
   0.00277
  -0.03484
  -0.04301
  -0.01485
   0.02586
   0.04472
   0.02580
  -0.01492
  -0.04303
  -0.03479
   0.00285
   0.03808
   0.04114
   0.00944
  -0.03023
  -0.04436
  -0.02101
   0.02009
   0.04422
   0.03099
  -0.00842
  -0.04072
  -0.03862
  -0.00389
   0.03412
   0.04331
   0.01590
  -0.02494
  -0.04471
  -0.02671
   0.01386
   0.04272
   0.03548
  -0.00173
  -0.03748
  -0.04157
  -0.01054
   0.02939
   0.04449
   0.02200
  -0.01908
  -0.04404
  -0.03179
   0.00731
   0.04024
   0.03917
   0.00501
  -0.03339
  -0.04357
  -0.01695
   0.02400
   0.04467
   0.02760
  -0.01279
  -0.04237
  -0.03616
   0.00060
   0.03685
   0.04197
   0.01163
  -0.02854
  -0.04459
  -0.02297
   0.01806
   0.04383
   0.03257
  -0.00620
  -0.03974
  -0.03970
  -0.00612
   0.03263
   0.04381
   0.01798
  -0.02304
  -0.04460
  -0.02847
   0.01170
   0.04200
   0.03681
   0.00052
  -0.03620
  -0.04234
  -0.01271
   0.02766
   0.04466
   0.02393
  -0.01702
  -0.04359
  -0.03333
   0.00509
   0.03921
   0.04020
   0.00723
  -0.03185
  -0.04402
  -0.01900
   0.02207
   0.04450
   0.02933
  -0.01062
  -0.04160
  -0.03743
  -0.00164
   0.03553
   0.04269
   0.01378
  -0.02677
  -0.04471
  -0.02487
   0.01598
   0.04333
   0.03407
  -0.00397
  -0.03866
  -0.04068
  -0.00834
   0.03105
   0.04421
   0.02002
  -0.02109
  -0.04437
  -0.03017
   0.00952
   0.04117
   0.03804
   0.00277
  -0.03484
  -0.04301
  -0.01485
   0.02586
   0.04472
   0.02580
  -0.01492
  -0.04303
  -0.03479
   0.00285
   0.03808
   0.04114
   0.00944
  -0.03023
  -0.04436
  -0.02101
   0.02009
   0.04422
   0.03099
  -0.00842
  -0.04072
  -0.03862
  -0.00389
   0.03412
   0.04331
   0.01590
  -0.02494
  -0.04471
  -0.02671
   0.01386
   0.04272
   0.03548
  -0.00173
  -0.03748
  -0.04157
  -0.01054
   0.02939
   0.04449
   0.02200
  -0.01908
  -0.04404
  -0.03179
   0.00731
   0.04024
   0.03917
   0.00501
  -0.03339
  -0.04357
  -0.01695
   0.02400
   0.04467
   0.02760
  -0.01279
  -0.04237
  -0.03616
   0.00060
   0.03685
   0.04197
   0.01163
  -0.02854
  -0.04459
  -0.02297
   0.01806
   0.04383
   0.03257
  -0.00620
  -0.03974
  -0.03970
  -0.00612
   0.03263
   0.04381
   0.01798
  -0.02304
  -0.04460
  -0.02847
   0.01170
   0.04200
   0.03681
   0.00052
  -0.03620
  -0.04234
  -0.01271
   0.02766
   0.04466
   0.02393
  -0.01702
  -0.04359
  -0.03333
   0.00509
   0.03921
   0.04020
   0.00723
  -0.03185
  -0.04402
  -0.01900
   0.02207
   0.04450
   0.02933
  -0.01062
  -0.04160
  -0.03743
  -0.00164
   0.03553
   0.04269
   0.01378
  -0.02677
  -0.04471
  -0.02487
   0.01598
   0.04333
   0.03407
  -0.00397
  -0.03866
  -0.04068
  -0.00834
   0.03105
   0.04421
   0.02002
  -0.02109
  -0.04437
  -0.03017
   0.00952
   0.04117
   0.03804
   0.00277
  -0.03484
  -0.04301
  -0.01485
   0.02586
   0.04472
   0.02580
  -0.01492
  -0.04303
  -0.03479
   0.00285
   0.03808
   0.04114
   0.00944
  -0.03023
  -0.04436
  -0.02101
   0.02009
   0.04422
   0.03099
  -0.00842
  -0.04072
  -0.03862
  -0.00389
   0.03412
   0.04331
   0.01590
  -0.02494
  -0.04471
  -0.02671
   0.01386
   0.04272
   0.03548
  -0.00173
  -0.03748
  -0.04157
  -0.01054
   0.02939
   0.04449
   0.02200
  -0.01908
  -0.04404
  -0.03179
   0.00731
   0.04024
   0.03917
   0.00501
  -0.03339
  -0.04357
  -0.01695
   0.02400
   0.04467
   0.02760
  -0.01279
  -0.04237
  -0.03616
   0.00060
   0.03685
   0.04197
   0.01163
  -0.02854
  -0.04459
  -0.02297
   0.01806
   0.04383
   0.03257
  -0.00620
  -0.03974
  -0.03970
  -0.00612
   0.03263
   0.04381
   0.01798
  -0.02304
  -0.04460
  -0.02847
   0.01170
   0.04200
   0.03681
   0.00052
