  -0.01434
   0.02673
  -0.03650
   0.04270
  -0.04472
   0.04236
  -0.03585
   0.02584
  -0.01329
  -0.00055
   0.01434
  -0.02673
   0.03650
  -0.04270
   0.04472
  -0.04236
   0.03585
  -0.02584
   0.01329
   0.00055
  -0.01434
   0.02673
  -0.03650
   0.04270
  -0.04472
   0.04236
  -0.03585
   0.02584
  -0.01329
  -0.00055
   0.01434
  -0.02673
   0.03650
  -0.04270
   0.04472
  -0.04236
   0.03585
  -0.02584
   0.01329
   0.00055
  -0.01434
   0.02673
  -0.03650
   0.04270
  -0.04472
   0.04236
  -0.03585
   0.02584
  -0.01329
  -0.00055
   0.01434
  -0.02673
   0.03650
  -0.04270
   0.04472
  -0.04236
   0.03585
  -0.02584
   0.01329
   0.00055
  -0.01434
   0.02673
  -0.03650
   0.04270
  -0.04472
   0.04236
  -0.03585
   0.02584
  -0.01329
  -0.00055
   0.01434
  -0.02673
   0.03650
  -0.04270
   0.04472
  -0.04236
   0.03585
  -0.02584
   0.01329
   0.00055
  -0.01434
   0.02673
  -0.03650
   0.04270
  -0.04472
   0.04236
  -0.03585
   0.02584
  -0.01329
  -0.00055
   0.01434
  -0.02673
   0.03650
  -0.04270
   0.04472
  -0.04236
   0.03585
  -0.02584
   0.01329
   0.00055
  -0.01434
   0.02673
  -0.03650
   0.04270
  -0.04472
   0.04236
  -0.03585
   0.02584
  -0.01329
  -0.00055
   0.01434
  -0.02673
   0.03650
  -0.04270
   0.04472
  -0.04236
   0.03585
  -0.02584
   0.01329
   0.00055
  -0.01434
   0.02673
  -0.03650
   0.04270
  -0.04472
   0.04236
  -0.03585
   0.02584
  -0.01329
  -0.00055
   0.01434
  -0.02673
   0.03650
  -0.04270
   0.04472
  -0.04236
   0.03585
  -0.02584
   0.01329
   0.00055
  -0.01434
   0.02673
  -0.03650
   0.04270
  -0.04472
   0.04236
  -0.03585
   0.02584
  -0.01329
  -0.00055
   0.01434
  -0.02673
   0.03650
  -0.04270
   0.04472
  -0.04236
   0.03585
  -0.02584
   0.01329
   0.00055
  -0.01434
   0.02673
  -0.03650
   0.04270
  -0.04472
   0.04236
  -0.03585
   0.02584
  -0.01329
  -0.00055
   0.01434
  -0.02673
   0.03650
  -0.04270
   0.04472
  -0.04236
   0.03585
  -0.02584
   0.01329
   0.00055
  -0.01434
   0.02673
  -0.03650
   0.04270
  -0.04472
   0.04236
  -0.03585
   0.02584
  -0.01329
  -0.00055
   0.01434
  -0.02673
   0.03650
  -0.04270
   0.04472
  -0.04236
   0.03585
  -0.02584
   0.01329
   0.00055
  -0.01434
   0.02673
  -0.03650
   0.04270
  -0.04472
   0.04236
  -0.03585
   0.02584
  -0.01329
  -0.00055
   0.01434
  -0.02673
   0.03650
  -0.04270
   0.04472
  -0.04236
   0.03585
  -0.02584
   0.01329
   0.00055
  -0.01434
   0.02673
  -0.03650
   0.04270
  -0.04472
   0.04236
  -0.03585
   0.02584
  -0.01329
  -0.00055
   0.01434
  -0.02673
   0.03650
  -0.04270
   0.04472
  -0.04236
   0.03585
  -0.02584
   0.01329
   0.00055
  -0.01434
   0.02673
  -0.03650
   0.04270
  -0.04472
   0.04236
  -0.03585
   0.02584
  -0.01329
  -0.00055
   0.01434
  -0.02673
   0.03650
  -0.04270
   0.04472
  -0.04236
   0.03585
  -0.02584
   0.01329
   0.00055
  -0.01434
   0.02673
  -0.03650
   0.04270
  -0.04472
   0.04236
  -0.03585
   0.02584
  -0.01329
  -0.00055
   0.01434
  -0.02673
   0.03650
  -0.04270
   0.04472
  -0.04236
   0.03585
  -0.02584
   0.01329
   0.00055
  -0.01434
   0.02673
  -0.03650
   0.04270
  -0.04472
   0.04236
  -0.03585
   0.02584
  -0.01329
  -0.00055
   0.01434
  -0.02673
   0.03650
  -0.04270
   0.04472
  -0.04236
   0.03585
  -0.02584
   0.01329
   0.00055
  -0.01434
   0.02673
  -0.03650
   0.04270
  -0.04472
   0.04236
  -0.03585
   0.02584
  -0.01329
  -0.00055
   0.01434
  -0.02673
   0.03650
  -0.04270
   0.04472
  -0.04236
   0.03585
  -0.02584
   0.01329
   0.00055
  -0.01434
   0.02673
  -0.03650
   0.04270
  -0.04472
   0.04236
  -0.03585
   0.02584
  -0.01329
  -0.00055
   0.01434
  -0.02673
   0.03650
  -0.04270
   0.04472
  -0.04236
   0.03585
  -0.02584
   0.01329
   0.00055
  -0.01434
   0.02673
  -0.03650
   0.04270
  -0.04472
   0.04236
  -0.03585
   0.02584
  -0.01329
  -0.00055
   0.01434
  -0.02673
   0.03650
  -0.04270
   0.04472
  -0.04236
   0.03585
  -0.02584
   0.01329
   0.00055
  -0.01434
   0.02673
  -0.03650
   0.04270
  -0.04472
   0.04236
  -0.03585
   0.02584
  -0.01329
  -0.00055
   0.01434
  -0.02673
   0.03650
  -0.04270
   0.04472
  -0.04236
   0.03585
  -0.02584
   0.01329
   0.00055
  -0.01434
   0.02673
  -0.03650
   0.04270
  -0.04472
   0.04236
  -0.03585
   0.02584
  -0.01329
  -0.00055
   0.01434
  -0.02673
   0.03650
  -0.04270
   0.04472
  -0.04236
   0.03585
  -0.02584
   0.01329
   0.00055
  -0.01434
   0.02673
  -0.03650
   0.04270
  -0.04472
   0.04236
  -0.03585
   0.02584
  -0.01329
  -0.00055
   0.01434
  -0.02673
   0.03650
  -0.04270
   0.04472
  -0.04236
   0.03585
  -0.02584
   0.01329
   0.00055
  -0.01434
   0.02673
  -0.03650
   0.04270
  -0.04472
   0.04236
  -0.03585
   0.02584
  -0.01329
  -0.00055
   0.01434
  -0.02673
   0.03650
  -0.04270
   0.04472
  -0.04236
   0.03585
  -0.02584
   0.01329
   0.00055
  -0.01434
   0.02673
  -0.03650
   0.04270
  -0.04472
   0.04236
  -0.03585
   0.02584
  -0.01329
  -0.00055
   0.01434
  -0.02673
   0.03650
  -0.04270
   0.04472
  -0.04236
   0.03585
  -0.02584
   0.01329
   0.00055
  -0.01434
   0.02673
  -0.03650
   0.04270
  -0.04472
   0.04236
  -0.03585
   0.02584
  -0.01329
  -0.00055
   0.01434
  -0.02673
   0.03650
  -0.04270
   0.04472
  -0.04236
   0.03585
  -0.02584
   0.01329
   0.00055
  -0.01434
   0.02673
  -0.03650
   0.04270
  -0.04472
   0.04236
  -0.03585
   0.02584
  -0.01329
  -0.00055
   0.01434
  -0.02673
   0.03650
  -0.04270
   0.04472
  -0.04236
   0.03585
  -0.02584
   0.01329
   0.00055
  -0.01434
   0.02673
  -0.03650
   0.04270
  -0.04472
   0.04236
  -0.03585
   0.02584
  -0.01329
  -0.00055
   0.01434
  -0.02673
   0.03650
  -0.04270
   0.04472
  -0.04236
   0.03585
  -0.02584
   0.01329
   0.00055
  -0.01434
   0.02673
  -0.03650
   0.04270
  -0.04472
   0.04236
  -0.03585
   0.02584
  -0.01329
  -0.00055
   0.01434
  -0.02673
   0.03650
  -0.04270
   0.04472
  -0.04236
   0.03585
  -0.02584
   0.01329
   0.00055
  -0.01434
   0.02673
  -0.03650
   0.04270
  -0.04472
   0.04236
  -0.03585
   0.02584
  -0.01329
  -0.00055
   0.01434
  -0.02673
   0.03650
  -0.04270
   0.04472
  -0.04236
   0.03585
  -0.02584
   0.01329
   0.00055
  -0.01434
   0.02673
  -0.03650
   0.04270
  -0.04472
   0.04236
  -0.03585
   0.02584
  -0.01329
  -0.00055
   0.01434
  -0.02673
   0.03650
  -0.04270
   0.04472
  -0.04236
   0.03585
  -0.02584
   0.01329
   0.00055
  -0.01434
   0.02673
  -0.03650
   0.04270
  -0.04472
   0.04236
  -0.03585
   0.02584
  -0.01329
  -0.00055
   0.01434
  -0.02673
   0.03650
  -0.04270
   0.04472
  -0.04236
   0.03585
  -0.02584
   0.01329
   0.00055
  -0.01434
   0.02673
  -0.03650
   0.04270
  -0.04472
   0.04236
  -0.03585
   0.02584
  -0.01329
  -0.00055
   0.01434
  -0.02673
   0.03650
  -0.04270
   0.04472
  -0.04236
   0.03585
  -0.02584
   0.01329
   0.00055
  -0.01434
   0.02673
  -0.03650
   0.04270
  -0.04472
   0.04236
  -0.03585
   0.02584
  -0.01329
  -0.00055
   0.01434
  -0.02673
   0.03650
  -0.04270
   0.04472
  -0.04236
   0.03585
  -0.02584
   0.01329
   0.00055
  -0.01434
   0.02673
  -0.03650
   0.04270
  -0.04472
   0.04236
  -0.03585
   0.02584
  -0.01329
  -0.00055
   0.01434
  -0.02673
   0.03650
  -0.04270
   0.04472
  -0.04236
   0.03585
  -0.02584
   0.01329
   0.00055
  -0.01434
   0.02673
  -0.03650
   0.04270
  -0.04472
   0.04236
  -0.03585
   0.02584
  -0.01329
  -0.00055
   0.01434
  -0.02673
   0.03650
  -0.04270
   0.04472
  -0.04236
   0.03585
  -0.02584
   0.01329
   0.00055
  -0.01434
   0.02673
  -0.03650
   0.04270
  -0.04472
   0.04236
  -0.03585
   0.02584
  -0.01329
  -0.00055
   0.01434
  -0.02673
   0.03650
  -0.04270
   0.04472
  -0.04236
   0.03585
  -0.02584
   0.01329
   0.00055
  -0.01434
   0.02673
  -0.03650
   0.04270
  -0.04472
   0.04236
  -0.03585
   0.02584
  -0.01329
  -0.00055
   0.01434
  -0.02673
   0.03650
  -0.04270
   0.04472
  -0.04236
   0.03585
  -0.02584
   0.01329
   0.00055
  -0.01434
   0.02673
  -0.03650
   0.04270
  -0.04472
   0.04236
  -0.03585
   0.02584
  -0.01329
  -0.00055
   0.01434
  -0.02673
   0.03650
  -0.04270
   0.04472
  -0.04236
   0.03585
  -0.02584
   0.01329
   0.00055
  -0.01434
   0.02673
  -0.03650
   0.04270
  -0.04472
   0.04236
  -0.03585
   0.02584
  -0.01329
  -0.00055
   0.01434
  -0.02673
   0.03650
  -0.04270
   0.04472
  -0.04236
   0.03585
  -0.02584
   0.01329
   0.00055
  -0.01434
   0.02673
  -0.03650
   0.04270
  -0.04472
   0.04236
  -0.03585
   0.02584
  -0.01329
  -0.00055
   0.01434
  -0.02673
   0.03650
  -0.04270
   0.04472
  -0.04236
   0.03585
  -0.02584
   0.01329
   0.00055
  -0.01434
   0.02673
  -0.03650
   0.04270
  -0.04472
   0.04236
  -0.03585
   0.02584
  -0.01329
  -0.00055
   0.01434
  -0.02673
   0.03650
  -0.04270
   0.04472
  -0.04236
   0.03585
  -0.02584
   0.01329
   0.00055
  -0.01434
   0.02673
  -0.03650
   0.04270
  -0.04472
   0.04236
  -0.03585
   0.02584
  -0.01329
  -0.00055
   0.01434
  -0.02673
   0.03650
  -0.04270
   0.04472
  -0.04236
   0.03585
  -0.02584
   0.01329
   0.00055
  -0.01434
   0.02673
  -0.03650
   0.04270
  -0.04472
   0.04236
  -0.03585
   0.02584
  -0.01329
  -0.00055
   0.01434
  -0.02673
   0.03650
  -0.04270
   0.04472
  -0.04236
   0.03585
  -0.02584
   0.01329
   0.00055
  -0.01434
   0.02673
  -0.03650
   0.04270
  -0.04472
   0.04236
  -0.03585
   0.02584
  -0.01329
  -0.00055
   0.01434
  -0.02673
   0.03650
  -0.04270
   0.04472
  -0.04236
   0.03585
  -0.02584
   0.01329
   0.00055
  -0.01434
   0.02673
  -0.03650
   0.04270
  -0.04472
   0.04236
  -0.03585
   0.02584
  -0.01329
  -0.00055
   0.01434
  -0.02673
   0.03650
  -0.04270
   0.04472
  -0.04236
   0.03585
  -0.02584
   0.01329
   0.00055
  -0.01434
   0.02673
  -0.03650
   0.04270
  -0.04472
   0.04236
  -0.03585
   0.02584
  -0.01329
  -0.00055
   0.01434
  -0.02673
   0.03650
  -0.04270
   0.04472
  -0.04236
   0.03585
  -0.02584
   0.01329
   0.00055
  -0.01434
   0.02673
  -0.03650
   0.04270
  -0.04472
   0.04236
  -0.03585
   0.02584
  -0.01329
  -0.00055
   0.01434
  -0.02673
   0.03650
  -0.04270
   0.04472
  -0.04236
   0.03585
  -0.02584
   0.01329
   0.00055
  -0.01434
   0.02673
  -0.03650
   0.04270
  -0.04472
   0.04236
  -0.03585
   0.02584
  -0.01329
  -0.00055
   0.01434
  -0.02673
   0.03650
  -0.04270
   0.04472
  -0.04236
   0.03585
  -0.02584
   0.01329
   0.00055
  -0.01434
   0.02673
  -0.03650
   0.04270
  -0.04472
   0.04236
  -0.03585
   0.02584
  -0.01329
  -0.00055
   0.01434
  -0.02673
   0.03650
  -0.04270
   0.04472
  -0.04236
   0.03585
  -0.02584
   0.01329
   0.00055
  -0.01434
   0.02673
  -0.03650
   0.04270
  -0.04472
   0.04236
  -0.03585
   0.02584
  -0.01329
  -0.00055
   0.01434
  -0.02673
   0.03650
  -0.04270
   0.04472
  -0.04236
   0.03585
  -0.02584
   0.01329
   0.00055
  -0.01434
   0.02673
  -0.03650
   0.04270
  -0.04472
   0.04236
  -0.03585
   0.02584
  -0.01329
  -0.00055
   0.01434
  -0.02673
   0.03650
  -0.04270
   0.04472
  -0.04236
   0.03585
  -0.02584
   0.01329
   0.00055
