   0.04228
   0.03519
   0.02423
   0.01062
  -0.00417
  -0.01849
  -0.03079
  -0.03970
  -0.04425
  -0.04394
  -0.03880
  -0.02939
  -0.01676
  -0.00229
   0.01244
   0.02580
   0.03632
   0.04285
   0.04468
   0.04160
   0.03394
   0.02256
   0.00870
  -0.00612
  -0.02027
  -0.03218
  -0.04057
  -0.04449
  -0.04353
  -0.03778
  -0.02788
  -0.01492
  -0.00032
   0.01431
   0.02738
   0.03743
   0.04338
   0.04455
   0.04083
   0.03263
   0.02084
   0.00676
  -0.00806
  -0.02200
  -0.03352
  -0.04135
  -0.04465
  -0.04303
  -0.03669
  -0.02632
  -0.01306
   0.00164
   0.01616
   0.02891
   0.03847
   0.04381
   0.04434
   0.03999
   0.03125
   0.01908
   0.00481
  -0.00999
  -0.02369
  -0.03479
  -0.04206
  -0.04472
  -0.04246
  -0.03553
  -0.02471
  -0.01116
   0.00361
   0.01798
   0.03038
   0.03944
   0.04416
   0.04404
   0.03907
   0.02982
   0.01728
   0.00285
  -0.01190
  -0.02533
  -0.03599
  -0.04269
  -0.04470
  -0.04180
  -0.03431
  -0.02304
  -0.00925
   0.00556
   0.01976
   0.03179
   0.04033
   0.04443
   0.04365
   0.03808
   0.02832
   0.01545
   0.00088
  -0.01378
  -0.02693
  -0.03712
  -0.04323
  -0.04460
  -0.04106
  -0.03301
  -0.02133
  -0.00731
   0.00751
   0.02151
   0.03314
   0.04114
   0.04461
   0.04318
   0.03701
   0.02677
   0.01359
  -0.00108
  -0.01564
  -0.02847
  -0.03818
  -0.04370
  -0.04441
  -0.04024
  -0.03165
  -0.01959
  -0.00537
   0.00944
   0.02321
   0.03443
   0.04187
   0.04471
   0.04263
   0.03587
   0.02517
   0.01171
  -0.00305
  -0.01746
  -0.02996
  -0.03917
  -0.04407
  -0.04413
  -0.03934
  -0.03023
  -0.01780
  -0.00341
   0.01135
   0.02487
   0.03565
   0.04252
   0.04471
   0.04200
   0.03466
   0.02352
   0.00980
  -0.00501
  -0.01926
  -0.03139
  -0.04008
  -0.04436
  -0.04377
  -0.03837
  -0.02875
  -0.01598
  -0.00145
   0.01324
   0.02648
   0.03681
   0.04309
   0.04464
   0.04128
   0.03339
   0.02183
   0.00787
  -0.00695
  -0.02101
  -0.03276
  -0.04091
  -0.04457
  -0.04333
  -0.03732
  -0.02722
  -0.01413
   0.00052
   0.01511
   0.02804
   0.03789
   0.04357
   0.04447
   0.04048
   0.03205
   0.02009
   0.00593
  -0.00889
  -0.02273
  -0.03407
  -0.04167
  -0.04469
  -0.04280
  -0.03620
  -0.02563
  -0.01225
   0.00249
   0.01695
   0.02954
   0.03890
   0.04397
   0.04422
   0.03961
   0.03064
   0.01831
   0.00397
  -0.01081
  -0.02440
  -0.03531
  -0.04234
  -0.04472
  -0.04219
  -0.03502
  -0.02400
  -0.01034
   0.00445
   0.01875
   0.03099
   0.03983
   0.04429
   0.04388
   0.03866
   0.02918
   0.01650
   0.00201
  -0.01271
  -0.02602
  -0.03648
  -0.04293
  -0.04467
  -0.04149
  -0.03376
  -0.02232
  -0.00842
   0.00640
   0.02052
   0.03238
   0.04068
   0.04452
   0.04346
   0.03763
   0.02766
   0.01466
   0.00004
  -0.01458
  -0.02760
  -0.03759
  -0.04344
  -0.04453
  -0.04072
  -0.03244
  -0.02059
  -0.00648
   0.00834
   0.02224
   0.03370
   0.04146
   0.04466
   0.04296
   0.03653
   0.02609
   0.01279
  -0.00192
  -0.01642
  -0.02912
  -0.03861
  -0.04387
  -0.04430
  -0.03987
  -0.03105
  -0.01882
  -0.00453
   0.01026
   0.02393
   0.03496
   0.04216
   0.04472
   0.04237
   0.03536
   0.02447
   0.01089
  -0.00389
  -0.01824
  -0.03058
  -0.03957
  -0.04421
  -0.04399
  -0.03894
  -0.02961
  -0.01702
  -0.00257
   0.01217
   0.02557
   0.03616
   0.04277
   0.04469
   0.04170
   0.03412
   0.02280
   0.00897
  -0.00584
  -0.02001
  -0.03199
  -0.04045
  -0.04446
  -0.04359
  -0.03793
  -0.02810
  -0.01519
  -0.00060
   0.01405
   0.02715
   0.03728
   0.04331
   0.04458
   0.04095
   0.03282
   0.02109
   0.00704
  -0.00779
  -0.02175
  -0.03333
  -0.04125
  -0.04463
  -0.04311
  -0.03685
  -0.02655
  -0.01332
   0.00136
   0.01590
   0.02869
   0.03833
   0.04375
   0.04437
   0.04012
   0.03145
   0.01933
   0.00509
  -0.00971
  -0.02345
  -0.03461
  -0.04197
  -0.04471
  -0.04255
  -0.03570
  -0.02494
  -0.01143
   0.00333
   0.01772
   0.03017
   0.03930
   0.04412
   0.04409
   0.03921
   0.03002
   0.01754
   0.00313
  -0.01162
  -0.02510
  -0.03582
  -0.04261
  -0.04471
  -0.04190
  -0.03449
  -0.02328
  -0.00952
   0.00528
   0.01951
   0.03159
   0.04020
   0.04440
   0.04371
   0.03823
   0.02854
   0.01572
   0.00117
  -0.01351
  -0.02671
  -0.03696
  -0.04316
  -0.04462
  -0.04117
  -0.03320
  -0.02158
  -0.00759
   0.00723
   0.02126
   0.03295
   0.04103
   0.04459
   0.04326
   0.03717
   0.02700
   0.01386
  -0.00080
  -0.01537
  -0.02826
  -0.03804
  -0.04364
  -0.04444
  -0.04036
  -0.03185
  -0.01984
  -0.00565
   0.00917
   0.02297
   0.03425
   0.04177
   0.04470
   0.04272
   0.03604
   0.02540
   0.01198
  -0.00277
  -0.01721
  -0.02975
  -0.03903
  -0.04402
  -0.04418
  -0.03948
  -0.03044
  -0.01806
  -0.00369
   0.01108
   0.02464
   0.03548
   0.04243
   0.04472
   0.04209
   0.03484
   0.02376
   0.01007
  -0.00473
  -0.01900
  -0.03119
  -0.03996
  -0.04433
  -0.04383
  -0.03851
  -0.02897
  -0.01624
  -0.00173
   0.01298
   0.02625
   0.03665
   0.04301
   0.04465
   0.04139
   0.03357
   0.02207
   0.00814
  -0.00668
  -0.02077
  -0.03257
  -0.04080
  -0.04454
  -0.04340
  -0.03748
  -0.02744
  -0.01439
   0.00024
   0.01484
   0.02782
   0.03774
   0.04351
   0.04450
   0.04060
   0.03224
   0.02034
   0.00620
  -0.00861
  -0.02249
  -0.03389
  -0.04157
  -0.04468
  -0.04288
  -0.03637
  -0.02586
  -0.01252
   0.00221
   0.01669
   0.02933
   0.03876
   0.04392
   0.04426
   0.03974
   0.03085
   0.01857
   0.00425
  -0.01054
  -0.02416
  -0.03514
  -0.04225
  -0.04472
  -0.04228
  -0.03519
  -0.02423
  -0.01062
   0.00417
   0.01849
   0.03079
   0.03970
   0.04425
   0.04394
   0.03880
   0.02939
   0.01676
   0.00229
  -0.01244
  -0.02580
  -0.03632
  -0.04285
  -0.04468
  -0.04160
  -0.03394
  -0.02256
  -0.00870
   0.00612
   0.02027
   0.03218
   0.04057
   0.04449
   0.04353
   0.03778
   0.02788
   0.01492
   0.00032
  -0.01431
  -0.02738
  -0.03743
  -0.04338
  -0.04455
  -0.04083
  -0.03263
  -0.02084
  -0.00676
   0.00806
   0.02200
   0.03352
   0.04135
   0.04465
   0.04303
   0.03669
   0.02632
   0.01306
  -0.00164
  -0.01616
  -0.02891
  -0.03847
  -0.04381
  -0.04434
  -0.03999
  -0.03125
  -0.01908
  -0.00481
   0.00999
   0.02369
   0.03479
   0.04206
   0.04472
   0.04246
   0.03553
   0.02471
   0.01116
  -0.00361
  -0.01798
  -0.03038
  -0.03944
  -0.04416
  -0.04404
  -0.03907
  -0.02982
  -0.01728
  -0.00285
   0.01190
   0.02533
   0.03599
   0.04269
   0.04470
   0.04180
   0.03431
   0.02304
   0.00925
  -0.00556
  -0.01976
  -0.03179
  -0.04033
  -0.04443
  -0.04365
  -0.03808
  -0.02832
  -0.01545
  -0.00088
   0.01378
   0.02693
   0.03712
   0.04323
   0.04460
   0.04106
   0.03301
   0.02133
   0.00731
  -0.00751
  -0.02151
  -0.03314
  -0.04114
  -0.04461
  -0.04318
  -0.03701
  -0.02677
  -0.01359
   0.00108
   0.01564
   0.02847
   0.03818
   0.04370
   0.04441
   0.04024
   0.03165
   0.01959
   0.00537
  -0.00944
  -0.02321
  -0.03443
  -0.04187
  -0.04471
  -0.04263
  -0.03587
  -0.02517
  -0.01171
   0.00305
   0.01746
   0.02996
   0.03917
   0.04407
   0.04413
   0.03934
   0.03023
   0.01780
   0.00341
  -0.01135
  -0.02487
  -0.03565
  -0.04252
  -0.04471
  -0.04200
  -0.03466
  -0.02352
  -0.00980
   0.00501
   0.01926
   0.03139
   0.04008
   0.04436
   0.04377
   0.03837
   0.02875
   0.01598
   0.00145
  -0.01324
  -0.02648
  -0.03681
  -0.04309
  -0.04464
  -0.04128
  -0.03339
  -0.02183
  -0.00787
   0.00695
   0.02101
   0.03276
   0.04091
   0.04457
   0.04333
   0.03732
   0.02722
   0.01413
  -0.00052
  -0.01511
  -0.02804
  -0.03789
  -0.04357
  -0.04447
  -0.04048
  -0.03205
  -0.02009
  -0.00593
   0.00889
   0.02273
   0.03407
   0.04167
   0.04469
   0.04280
   0.03620
   0.02563
   0.01225
  -0.00249
  -0.01695
  -0.02954
  -0.03890
  -0.04397
  -0.04422
  -0.03961
  -0.03064
  -0.01831
  -0.00397
   0.01081
   0.02440
   0.03531
   0.04234
   0.04472
   0.04219
   0.03502
   0.02400
   0.01034
  -0.00445
  -0.01875
  -0.03099
  -0.03983
  -0.04429
  -0.04388
  -0.03866
  -0.02918
  -0.01650
  -0.00201
   0.01271
   0.02602
   0.03648
   0.04293
   0.04467
   0.04149
   0.03376
   0.02232
   0.00842
  -0.00640
  -0.02052
  -0.03238
  -0.04068
  -0.04452
  -0.04346
  -0.03763
  -0.02766
  -0.01466
  -0.00004
   0.01458
   0.02760
   0.03759
   0.04344
   0.04453
   0.04072
   0.03244
   0.02059
   0.00648
  -0.00834
  -0.02224
  -0.03370
  -0.04146
  -0.04466
  -0.04296
  -0.03653
  -0.02609
  -0.01279
   0.00192
   0.01642
   0.02912
   0.03861
   0.04387
   0.04430
   0.03987
   0.03105
   0.01882
   0.00453
  -0.01026
  -0.02393
  -0.03496
  -0.04216
  -0.04472
  -0.04237
  -0.03536
  -0.02447
  -0.01089
   0.00389
   0.01824
   0.03058
   0.03957
   0.04421
   0.04399
   0.03894
   0.02961
   0.01702
   0.00257
  -0.01217
  -0.02557
  -0.03616
  -0.04277
  -0.04469
  -0.04170
  -0.03412
  -0.02280
  -0.00897
   0.00584
   0.02001
   0.03199
   0.04045
   0.04446
   0.04359
   0.03793
   0.02810
   0.01519
   0.00060
  -0.01405
  -0.02715
  -0.03728
  -0.04331
  -0.04458
  -0.04095
  -0.03282
  -0.02109
  -0.00704
   0.00779
   0.02175
   0.03333
   0.04125
   0.04463
   0.04311
   0.03685
   0.02655
   0.01332
  -0.00136
  -0.01590
  -0.02869
  -0.03833
  -0.04375
  -0.04437
  -0.04012
  -0.03145
  -0.01933
  -0.00509
   0.00971
   0.02345
   0.03461
   0.04197
   0.04471
   0.04255
   0.03570
   0.02494
   0.01143
  -0.00333
  -0.01772
  -0.03017
  -0.03930
  -0.04412
  -0.04409
  -0.03921
  -0.03002
  -0.01754
  -0.00313
   0.01162
   0.02510
   0.03582
   0.04261
   0.04471
   0.04190
   0.03449
   0.02328
   0.00952
  -0.00528
  -0.01951
  -0.03159
  -0.04020
  -0.04440
  -0.04371
  -0.03823
  -0.02854
  -0.01572
  -0.00117
   0.01351
   0.02671
   0.03696
   0.04316
   0.04462
   0.04117
   0.03320
   0.02158
   0.00759
  -0.00723
  -0.02126
  -0.03295
  -0.04103
  -0.04459
  -0.04326
  -0.03717
  -0.02700
  -0.01386
   0.00080
   0.01537
   0.02826
   0.03804
   0.04364
   0.04444
   0.04036
   0.03185
   0.01984
   0.00565
  -0.00917
  -0.02297
  -0.03425
  -0.04177
  -0.04470
  -0.04272
  -0.03604
  -0.02540
  -0.01198
   0.00277
   0.01721
   0.02975
   0.03903
   0.04402
   0.04418
   0.03948
   0.03044
   0.01806
   0.00369
  -0.01108
  -0.02464
  -0.03548
  -0.04243
  -0.04472
  -0.04209
  -0.03484
  -0.02376
  -0.01007
   0.00473
   0.01900
   0.03119
   0.03996
   0.04433
   0.04383
   0.03851
   0.02897
   0.01624
   0.00173
  -0.01298
  -0.02625
  -0.03665
  -0.04301
  -0.04465
  -0.04139
  -0.03357
  -0.02207
  -0.00814
   0.00668
   0.02077
   0.03257
   0.04080
   0.04454
   0.04340
   0.03748
   0.02744
   0.01439
  -0.00024
  -0.01484
  -0.02782
  -0.03774
  -0.04351
  -0.04450
  -0.04060
  -0.03224
  -0.02034
  -0.00620
   0.00861
   0.02249
   0.03389
   0.04157
   0.04468
   0.04288
   0.03637
   0.02586
   0.01252
  -0.00221
  -0.01669
  -0.02933
  -0.03876
  -0.04392
  -0.04426
  -0.03974
  -0.03085
  -0.01857
  -0.00425
   0.01054
   0.02416
   0.03514
   0.04225
   0.04472
