  -0.00825
   0.01449
  -0.02043
   0.02595
  -0.03092
   0.03525
  -0.03885
   0.04163
  -0.04355
   0.04456
  -0.04464
   0.04379
  -0.04203
   0.03939
  -0.03593
   0.03172
  -0.02685
   0.02142
  -0.01554
   0.00934
  -0.00294
  -0.00352
   0.00990
  -0.01608
   0.02192
  -0.02730
   0.03212
  -0.03627
   0.03966
  -0.04222
   0.04390
  -0.04467
   0.04451
  -0.04342
   0.04142
  -0.03856
   0.03490
  -0.03051
   0.02548
  -0.01992
   0.01395
  -0.00768
   0.00126
   0.00519
  -0.01154
   0.01764
  -0.02337
   0.02862
  -0.03327
   0.03723
  -0.04041
   0.04275
  -0.04419
   0.04472
  -0.04431
   0.04298
  -0.04076
   0.03768
  -0.03382
   0.02925
  -0.02408
   0.01840
  -0.01234
   0.00602
   0.00043
  -0.00686
   0.01316
  -0.01917
   0.02479
  -0.02989
   0.03437
  -0.03813
   0.04110
  -0.04321
   0.04442
  -0.04470
   0.04405
  -0.04249
   0.04003
  -0.03675
   0.03269
  -0.02796
   0.02264
  -0.01685
   0.01071
  -0.00434
  -0.00211
   0.00852
  -0.01476
   0.02068
  -0.02618
   0.03113
  -0.03543
   0.03899
  -0.04174
   0.04361
  -0.04458
   0.04462
  -0.04373
   0.04193
  -0.03925
   0.03576
  -0.03152
   0.02662
  -0.02117
   0.01527
  -0.00906
   0.00266
   0.00380
  -0.01017
   0.01634
  -0.02216
   0.02753
  -0.03231
   0.03643
  -0.03979
   0.04231
  -0.04396
   0.04468
  -0.04448
   0.04335
  -0.04131
   0.03842
  -0.03472
   0.03030
  -0.02525
   0.01967
  -0.01368
   0.00741
  -0.00098
  -0.00547
   0.01181
  -0.01790
   0.02361
  -0.02883
   0.03346
  -0.03738
   0.04053
  -0.04283
   0.04424
  -0.04472
   0.04427
  -0.04290
   0.04064
  -0.03753
   0.03363
  -0.02904
   0.02384
  -0.01814
   0.01207
  -0.00574
  -0.00071
   0.00714
  -0.01342
   0.01943
  -0.02503
   0.03010
  -0.03455
   0.03828
  -0.04121
   0.04328
  -0.04445
   0.04469
  -0.04401
   0.04240
  -0.03991
   0.03659
  -0.03250
   0.02774
  -0.02240
   0.01659
  -0.01043
   0.00406
   0.00239
  -0.00880
   0.01502
  -0.02093
   0.02641
  -0.03133
   0.03560
  -0.03912
   0.04184
  -0.04368
   0.04461
  -0.04460
   0.04367
  -0.04183
   0.03912
  -0.03559
   0.03132
  -0.02639
   0.02092
  -0.01501
   0.00879
  -0.00238
  -0.00408
   0.01045
  -0.01660
   0.02241
  -0.02775
   0.03251
  -0.03659
   0.03991
  -0.04240
   0.04401
  -0.04469
   0.04445
  -0.04328
   0.04121
  -0.03827
   0.03454
  -0.03009
   0.02502
  -0.01942
   0.01341
  -0.00713
   0.00070
   0.00575
  -0.01208
   0.01815
  -0.02385
   0.02905
  -0.03364
   0.03754
  -0.04065
   0.04291
  -0.04428
   0.04472
  -0.04423
   0.04282
  -0.04052
   0.03737
  -0.03345
   0.02883
  -0.02360
   0.01788
  -0.01179
   0.00546
   0.00099
  -0.00742
   0.01369
  -0.01968
   0.02526
  -0.03031
   0.03473
  -0.03843
   0.04132
  -0.04335
   0.04448
  -0.04468
   0.04395
  -0.04231
   0.03978
  -0.03642
   0.03231
  -0.02752
   0.02215
  -0.01633
   0.01016
  -0.00378
  -0.00267
   0.00908
  -0.01529
   0.02118
  -0.02663
   0.03153
  -0.03577
   0.03926
  -0.04194
   0.04374
  -0.04462
   0.04458
  -0.04361
   0.04173
  -0.03898
   0.03542
  -0.03112
   0.02617
  -0.02067
   0.01475
  -0.00851
   0.00210
   0.00435
  -0.01072
   0.01686
  -0.02265
   0.02797
  -0.03270
   0.03675
  -0.04004
   0.04249
  -0.04406
   0.04470
  -0.04442
   0.04321
  -0.04110
   0.03813
  -0.03436
   0.02988
  -0.02478
   0.01916
  -0.01314
   0.00685
  -0.00042
  -0.00603
   0.01235
  -0.01841
   0.02409
  -0.02926
   0.03383
  -0.03769
   0.04076
  -0.04299
   0.04431
  -0.04472
   0.04419
  -0.04274
   0.04040
  -0.03722
   0.03326
  -0.02861
   0.02336
  -0.01763
   0.01152
  -0.00518
  -0.00127
   0.00770
  -0.01396
   0.01993
  -0.02549
   0.03052
  -0.03491
   0.03857
  -0.04143
   0.04342
  -0.04451
   0.04467
  -0.04390
   0.04222
  -0.03965
   0.03626
  -0.03211
   0.02729
  -0.02191
   0.01606
  -0.00989
   0.00350
   0.00295
  -0.00935
   0.01555
  -0.02143
   0.02686
  -0.03173
   0.03593
  -0.03939
   0.04203
  -0.04379
   0.04464
  -0.04456
   0.04355
  -0.04163
   0.03884
  -0.03525
   0.03092
  -0.02594
   0.02042
  -0.01448
   0.00824
  -0.00182
  -0.00463
   0.01099
  -0.01712
   0.02289
  -0.02819
   0.03289
  -0.03691
   0.04016
  -0.04258
   0.04410
  -0.04471
   0.04439
  -0.04313
   0.04098
  -0.03798
   0.03418
  -0.02968
   0.02455
  -0.01891
   0.01287
  -0.00657
   0.00013
   0.00631
  -0.01262
   0.01867
  -0.02432
   0.02947
  -0.03401
   0.03784
  -0.04088
   0.04306
  -0.04435
   0.04472
  -0.04415
   0.04266
  -0.04028
   0.03706
  -0.03307
   0.02839
  -0.02312
   0.01737
  -0.01125
   0.00490
   0.00155
  -0.00797
   0.01423
  -0.02018
   0.02572
  -0.03072
   0.03508
  -0.03871
   0.04153
  -0.04349
   0.04454
  -0.04466
   0.04385
  -0.04212
   0.03952
  -0.03609
   0.03191
  -0.02707
   0.02166
  -0.01580
   0.00961
  -0.00322
  -0.00323
   0.00962
  -0.01581
   0.02167
  -0.02708
   0.03192
  -0.03610
   0.03953
  -0.04213
   0.04385
  -0.04466
   0.04454
  -0.04348
   0.04153
  -0.03870
   0.03507
  -0.03071
   0.02571
  -0.02017
   0.01421
  -0.00796
   0.00154
   0.00491
  -0.01126
   0.01738
  -0.02313
   0.02840
  -0.03308
   0.03707
  -0.04029
   0.04266
  -0.04415
   0.04472
  -0.04435
   0.04306
  -0.04087
   0.03783
  -0.03400
   0.02946
  -0.02431
   0.01865
  -0.01261
   0.00629
   0.00015
  -0.00659
   0.01289
  -0.01892
   0.02456
  -0.02968
   0.03419
  -0.03799
   0.04099
  -0.04314
   0.04439
  -0.04471
   0.04410
  -0.04257
   0.04016
  -0.03691
   0.03288
  -0.02818
   0.02288
  -0.01711
   0.01098
  -0.00462
  -0.00183
   0.00825
  -0.01449
   0.02043
  -0.02595
   0.03092
  -0.03525
   0.03885
  -0.04163
   0.04355
  -0.04456
   0.04464
  -0.04379
   0.04203
  -0.03939
   0.03593
  -0.03172
   0.02685
  -0.02142
   0.01554
  -0.00934
   0.00294
   0.00352
  -0.00990
   0.01608
  -0.02192
   0.02730
  -0.03212
   0.03627
  -0.03966
   0.04222
  -0.04390
   0.04467
  -0.04451
   0.04342
  -0.04142
   0.03856
  -0.03490
   0.03051
  -0.02548
   0.01992
  -0.01395
   0.00768
  -0.00126
  -0.00519
   0.01154
  -0.01764
   0.02337
  -0.02862
   0.03327
  -0.03723
   0.04041
  -0.04275
   0.04419
  -0.04472
   0.04431
  -0.04298
   0.04076
  -0.03768
   0.03382
  -0.02925
   0.02408
  -0.01840
   0.01234
  -0.00602
  -0.00043
   0.00686
  -0.01316
   0.01917
  -0.02479
   0.02989
  -0.03437
   0.03813
  -0.04110
   0.04321
  -0.04442
   0.04470
  -0.04405
   0.04249
  -0.04003
   0.03675
  -0.03269
   0.02796
  -0.02264
   0.01685
  -0.01071
   0.00434
   0.00211
  -0.00852
   0.01476
  -0.02068
   0.02618
  -0.03113
   0.03543
  -0.03899
   0.04174
  -0.04361
   0.04458
  -0.04462
   0.04373
  -0.04193
   0.03925
  -0.03576
   0.03152
  -0.02662
   0.02117
  -0.01527
   0.00906
  -0.00266
  -0.00380
   0.01017
  -0.01634
   0.02216
  -0.02753
   0.03231
  -0.03643
   0.03979
  -0.04231
   0.04396
  -0.04468
   0.04448
  -0.04335
   0.04131
  -0.03842
   0.03472
  -0.03030
   0.02525
  -0.01967
   0.01368
  -0.00741
   0.00098
   0.00547
  -0.01181
   0.01790
  -0.02361
   0.02883
  -0.03346
   0.03738
  -0.04053
   0.04283
  -0.04424
   0.04472
  -0.04427
   0.04290
  -0.04064
   0.03753
  -0.03363
   0.02904
  -0.02384
   0.01814
  -0.01207
   0.00574
   0.00071
  -0.00714
   0.01342
  -0.01943
   0.02503
  -0.03010
   0.03455
  -0.03828
   0.04121
  -0.04328
   0.04445
  -0.04469
   0.04401
  -0.04240
   0.03991
  -0.03659
   0.03250
  -0.02774
   0.02240
  -0.01659
   0.01043
  -0.00406
  -0.00239
   0.00880
  -0.01502
   0.02093
  -0.02641
   0.03133
  -0.03560
   0.03912
  -0.04184
   0.04368
  -0.04461
   0.04460
  -0.04367
   0.04183
  -0.03912
   0.03559
  -0.03132
   0.02639
  -0.02092
   0.01501
  -0.00879
   0.00238
   0.00408
  -0.01045
   0.01660
  -0.02241
   0.02775
  -0.03251
   0.03659
  -0.03991
   0.04240
  -0.04401
   0.04469
  -0.04445
   0.04328
  -0.04121
   0.03827
  -0.03454
   0.03009
  -0.02502
   0.01942
  -0.01341
   0.00713
  -0.00070
  -0.00575
   0.01208
  -0.01815
   0.02385
  -0.02905
   0.03364
  -0.03754
   0.04065
  -0.04291
   0.04428
  -0.04472
   0.04423
  -0.04282
   0.04052
  -0.03737
   0.03345
  -0.02883
   0.02360
  -0.01788
   0.01179
  -0.00546
  -0.00099
   0.00742
  -0.01369
   0.01968
  -0.02526
   0.03031
  -0.03473
   0.03843
  -0.04132
   0.04335
  -0.04448
   0.04468
  -0.04395
   0.04231
  -0.03978
   0.03642
  -0.03231
   0.02752
  -0.02215
   0.01633
  -0.01016
   0.00378
   0.00267
  -0.00908
   0.01529
  -0.02118
   0.02663
  -0.03153
   0.03577
  -0.03926
   0.04194
  -0.04374
   0.04462
  -0.04458
   0.04361
  -0.04173
   0.03898
  -0.03542
   0.03112
  -0.02617
   0.02067
  -0.01475
   0.00851
  -0.00210
  -0.00435
   0.01072
  -0.01686
   0.02265
  -0.02797
   0.03270
  -0.03675
   0.04004
  -0.04249
   0.04406
  -0.04470
   0.04442
  -0.04321
   0.04110
  -0.03813
   0.03436
  -0.02988
   0.02478
  -0.01916
   0.01314
  -0.00685
   0.00042
   0.00603
  -0.01235
   0.01841
  -0.02409
   0.02926
  -0.03383
   0.03769
  -0.04076
   0.04299
  -0.04431
   0.04472
  -0.04419
   0.04274
  -0.04040
   0.03722
  -0.03326
   0.02861
  -0.02336
   0.01763
  -0.01152
   0.00518
   0.00127
  -0.00770
   0.01396
  -0.01993
   0.02549
  -0.03052
   0.03491
  -0.03857
   0.04143
  -0.04342
   0.04451
  -0.04467
   0.04390
  -0.04222
   0.03965
  -0.03626
   0.03211
  -0.02729
   0.02191
  -0.01606
   0.00989
  -0.00350
  -0.00295
   0.00935
  -0.01555
   0.02143
  -0.02686
   0.03173
  -0.03593
   0.03939
  -0.04203
   0.04379
  -0.04464
   0.04456
  -0.04355
   0.04163
  -0.03884
   0.03525
  -0.03092
   0.02594
  -0.02042
   0.01448
  -0.00824
   0.00182
   0.00463
  -0.01099
   0.01712
  -0.02289
   0.02819
  -0.03289
   0.03691
  -0.04016
   0.04258
  -0.04410
   0.04471
  -0.04439
   0.04313
  -0.04098
   0.03798
  -0.03418
   0.02968
  -0.02455
   0.01891
  -0.01287
   0.00657
  -0.00013
  -0.00631
   0.01262
  -0.01867
   0.02432
  -0.02947
   0.03401
  -0.03784
   0.04088
  -0.04306
   0.04435
  -0.04472
   0.04415
  -0.04266
   0.04028
  -0.03706
   0.03307
  -0.02839
   0.02312
  -0.01737
   0.01125
  -0.00490
  -0.00155
   0.00797
  -0.01423
   0.02018
  -0.02572
   0.03072
  -0.03508
   0.03871
  -0.04153
   0.04349
  -0.04454
   0.04466
  -0.04385
   0.04212
  -0.03952
   0.03609
  -0.03191
   0.02707
  -0.02166
   0.01580
  -0.00961
   0.00322
   0.00323
  -0.00962
   0.01581
  -0.02167
   0.02708
  -0.03192
   0.03610
  -0.03953
   0.04213
  -0.04385
   0.04466
  -0.04454
   0.04348
  -0.04153
   0.03870
  -0.03507
   0.03071
  -0.02571
   0.02017
  -0.01421
   0.00796
  -0.00154
  -0.00491
   0.01126
  -0.01738
   0.02313
  -0.02840
   0.03308
  -0.03707
   0.04029
  -0.04266
   0.04415
  -0.04472
   0.04435
  -0.04306
   0.04087
  -0.03783
   0.03400
  -0.02946
   0.02431
  -0.01865
   0.01261
  -0.00629
  -0.00015
   0.00659
  -0.01289
   0.01892
  -0.02456
   0.02968
  -0.03419
   0.03799
  -0.04099
   0.04314
  -0.04439
   0.04471
  -0.04410
   0.04257
  -0.04016
   0.03691
  -0.03288
   0.02818
  -0.02288
   0.01711
  -0.01098
   0.00462
   0.00183
