  -0.01767
  -0.03248
   0.04006
   0.00487
  -0.04341
   0.02506
   0.02614
  -0.04307
   0.00355
   0.04063
  -0.03155
  -0.01888
   0.04456
  -0.01184
  -0.03640
   0.03693
   0.01094
  -0.04448
   0.01971
   0.03089
  -0.04100
  -0.00263
   0.04281
  -0.02689
  -0.02428
   0.04362
  -0.00579
  -0.03963
   0.03311
   0.01681
  -0.04470
   0.01399
   0.03505
  -0.03815
  -0.00875
   0.04419
  -0.02170
  -0.02923
   0.04185
   0.00038
  -0.04211
   0.02865
   0.02236
  -0.04406
   0.00801
   0.03854
  -0.03457
  -0.01471
   0.04472
  -0.01611
  -0.03361
   0.03928
   0.00654
  -0.04378
   0.02364
   0.02749
  -0.04259
   0.00187
   0.04130
  -0.03034
  -0.02039
   0.04439
  -0.01021
  -0.03736
   0.03596
   0.01257
  -0.04462
   0.01819
   0.03209
  -0.04030
  -0.00431
   0.04327
  -0.02552
  -0.02568
   0.04322
  -0.00411
  -0.04039
   0.03195
   0.01836
  -0.04461
   0.01238
   0.03607
  -0.03725
  -0.01040
   0.04441
  -0.02022
  -0.03048
   0.04123
   0.00206
  -0.04265
   0.02733
   0.02381
  -0.04374
   0.00634
   0.03937
  -0.03348
  -0.01629
   0.04471
  -0.01453
  -0.03470
   0.03844
   0.00820
  -0.04410
   0.02219
   0.02880
  -0.04204
   0.00018
   0.04192
  -0.02908
  -0.02188
   0.04416
  -0.00856
  -0.03826
   0.03493
   0.01418
  -0.04470
   0.01663
   0.03324
  -0.03954
  -0.00598
   0.04367
  -0.02412
  -0.02704
   0.04276
  -0.00243
  -0.04108
   0.03075
   0.01989
  -0.04446
   0.01075
   0.03704
  -0.03629
  -0.01203
   0.04458
  -0.01870
  -0.03169
   0.04054
   0.00375
  -0.04313
   0.02598
   0.02522
  -0.04336
   0.00467
   0.04014
  -0.03234
  -0.01785
   0.04464
  -0.01292
  -0.03574
   0.03755
   0.00985
  -0.04435
   0.02072
   0.03007
  -0.04144
  -0.00150
   0.04248
  -0.02778
  -0.02333
   0.04386
  -0.00690
  -0.03910
   0.03385
   0.01577
  -0.04472
   0.01506
   0.03434
  -0.03873
  -0.00765
   0.04400
  -0.02268
  -0.02837
   0.04223
  -0.00074
  -0.04172
   0.02950
   0.02138
  -0.04424
   0.00911
   0.03796
  -0.03528
  -0.01365
   0.04468
  -0.01715
  -0.03286
   0.03980
   0.00542
  -0.04354
   0.02459
   0.02659
  -0.04292
   0.00299
   0.04086
  -0.03115
  -0.01938
   0.04451
  -0.01130
  -0.03673
   0.03661
   0.01149
  -0.04453
   0.01921
   0.03129
  -0.04078
  -0.00319
   0.04297
  -0.02643
  -0.02475
   0.04350
  -0.00523
  -0.03989
   0.03273
   0.01733
  -0.04467
   0.01346
   0.03540
  -0.03786
  -0.00930
   0.04427
  -0.02121
  -0.02965
   0.04165
   0.00094
  -0.04230
   0.02821
   0.02285
  -0.04396
   0.00745
   0.03883
  -0.03422
  -0.01524
   0.04472
  -0.01558
  -0.03398
   0.03901
   0.00709
  -0.04389
   0.02316
   0.02793
  -0.04241
   0.00131
   0.04151
  -0.02992
  -0.02089
   0.04432
  -0.00966
  -0.03766
   0.03562
   0.01311
  -0.04466
   0.01767
   0.03248
  -0.04006
  -0.00487
   0.04341
  -0.02506
  -0.02614
   0.04307
  -0.00355
  -0.04063
   0.03155
   0.01888
  -0.04456
   0.01184
   0.03640
  -0.03693
  -0.01094
   0.04448
  -0.01971
  -0.03089
   0.04100
   0.00263
  -0.04281
   0.02689
   0.02428
  -0.04362
   0.00579
   0.03963
  -0.03311
  -0.01681
   0.04470
  -0.01399
  -0.03505
   0.03815
   0.00875
  -0.04419
   0.02170
   0.02923
  -0.04185
  -0.00038
   0.04211
  -0.02865
  -0.02236
   0.04406
  -0.00801
  -0.03854
   0.03457
   0.01471
  -0.04472
   0.01611
   0.03361
  -0.03928
  -0.00654
   0.04378
  -0.02364
  -0.02749
   0.04259
  -0.00187
  -0.04130
   0.03034
   0.02039
  -0.04439
   0.01021
   0.03736
  -0.03596
  -0.01257
   0.04462
  -0.01819
  -0.03209
   0.04030
   0.00431
  -0.04327
   0.02552
   0.02568
  -0.04322
   0.00411
   0.04039
  -0.03195
  -0.01836
   0.04461
  -0.01238
  -0.03607
   0.03725
   0.01040
  -0.04441
   0.02022
   0.03048
  -0.04123
  -0.00206
   0.04265
  -0.02733
  -0.02381
   0.04374
  -0.00634
  -0.03937
   0.03348
   0.01629
  -0.04471
   0.01453
   0.03470
  -0.03844
  -0.00820
   0.04410
  -0.02219
  -0.02880
   0.04204
  -0.00018
  -0.04192
   0.02908
   0.02188
  -0.04416
   0.00856
   0.03826
  -0.03493
  -0.01418
   0.04470
  -0.01663
  -0.03324
   0.03954
   0.00598
  -0.04367
   0.02412
   0.02704
  -0.04276
   0.00243
   0.04108
  -0.03075
  -0.01989
   0.04446
  -0.01075
  -0.03704
   0.03629
   0.01203
  -0.04458
   0.01870
   0.03169
  -0.04054
  -0.00375
   0.04313
  -0.02598
  -0.02522
   0.04336
  -0.00467
  -0.04014
   0.03234
   0.01785
  -0.04464
   0.01292
   0.03574
  -0.03755
  -0.00985
   0.04435
  -0.02072
  -0.03007
   0.04144
   0.00150
  -0.04248
   0.02778
   0.02333
  -0.04386
   0.00690
   0.03910
  -0.03385
  -0.01577
   0.04472
  -0.01506
  -0.03434
   0.03873
   0.00765
  -0.04400
   0.02268
   0.02837
  -0.04223
   0.00074
   0.04172
  -0.02950
  -0.02138
   0.04424
  -0.00911
  -0.03796
   0.03528
   0.01365
  -0.04468
   0.01715
   0.03286
  -0.03980
  -0.00542
   0.04354
  -0.02459
  -0.02659
   0.04292
  -0.00299
  -0.04086
   0.03115
   0.01938
  -0.04451
   0.01130
   0.03673
  -0.03661
  -0.01149
   0.04453
  -0.01921
  -0.03129
   0.04078
   0.00319
  -0.04297
   0.02643
   0.02475
  -0.04350
   0.00523
   0.03989
  -0.03273
  -0.01733
   0.04467
  -0.01346
  -0.03540
   0.03786
   0.00930
  -0.04427
   0.02121
   0.02965
  -0.04165
  -0.00094
   0.04230
  -0.02821
  -0.02285
   0.04396
  -0.00745
  -0.03883
   0.03422
   0.01524
  -0.04472
   0.01558
   0.03398
  -0.03901
  -0.00709
   0.04389
  -0.02316
  -0.02793
   0.04241
  -0.00131
  -0.04151
   0.02992
   0.02089
  -0.04432
   0.00966
   0.03766
  -0.03562
  -0.01311
   0.04466
  -0.01767
  -0.03248
   0.04006
   0.00487
  -0.04341
   0.02506
   0.02614
  -0.04307
   0.00355
   0.04063
  -0.03155
  -0.01888
   0.04456
  -0.01184
  -0.03640
   0.03693
   0.01094
  -0.04448
   0.01971
   0.03089
  -0.04100
  -0.00263
   0.04281
  -0.02689
  -0.02428
   0.04362
  -0.00579
  -0.03963
   0.03311
   0.01681
  -0.04470
   0.01399
   0.03505
  -0.03815
  -0.00875
   0.04419
  -0.02170
  -0.02923
   0.04185
   0.00038
  -0.04211
   0.02865
   0.02236
  -0.04406
   0.00801
   0.03854
  -0.03457
  -0.01471
   0.04472
  -0.01611
  -0.03361
   0.03928
   0.00654
  -0.04378
   0.02364
   0.02749
  -0.04259
   0.00187
   0.04130
  -0.03034
  -0.02039
   0.04439
  -0.01021
  -0.03736
   0.03596
   0.01257
  -0.04462
   0.01819
   0.03209
  -0.04030
  -0.00431
   0.04327
  -0.02552
  -0.02568
   0.04322
  -0.00411
  -0.04039
   0.03195
   0.01836
  -0.04461
   0.01238
   0.03607
  -0.03725
  -0.01040
   0.04441
  -0.02022
  -0.03048
   0.04123
   0.00206
  -0.04265
   0.02733
   0.02381
  -0.04374
   0.00634
   0.03937
  -0.03348
  -0.01629
   0.04471
  -0.01453
  -0.03470
   0.03844
   0.00820
  -0.04410
   0.02219
   0.02880
  -0.04204
   0.00018
   0.04192
  -0.02908
  -0.02188
   0.04416
  -0.00856
  -0.03826
   0.03493
   0.01418
  -0.04470
   0.01663
   0.03324
  -0.03954
  -0.00598
   0.04367
  -0.02412
  -0.02704
   0.04276
  -0.00243
  -0.04108
   0.03075
   0.01989
  -0.04446
   0.01075
   0.03704
  -0.03629
  -0.01203
   0.04458
  -0.01870
  -0.03169
   0.04054
   0.00375
  -0.04313
   0.02598
   0.02522
  -0.04336
   0.00467
   0.04014
  -0.03234
  -0.01785
   0.04464
  -0.01292
  -0.03574
   0.03755
   0.00985
  -0.04435
   0.02072
   0.03007
  -0.04144
  -0.00150
   0.04248
  -0.02778
  -0.02333
   0.04386
  -0.00690
  -0.03910
   0.03385
   0.01577
  -0.04472
   0.01506
   0.03434
  -0.03873
  -0.00765
   0.04400
  -0.02268
  -0.02837
   0.04223
  -0.00074
  -0.04172
   0.02950
   0.02138
  -0.04424
   0.00911
   0.03796
  -0.03528
  -0.01365
   0.04468
  -0.01715
  -0.03286
   0.03980
   0.00542
  -0.04354
   0.02459
   0.02659
  -0.04292
   0.00299
   0.04086
  -0.03115
  -0.01938
   0.04451
  -0.01130
  -0.03673
   0.03661
   0.01149
  -0.04453
   0.01921
   0.03129
  -0.04078
  -0.00319
   0.04297
  -0.02643
  -0.02475
   0.04350
  -0.00523
  -0.03989
   0.03273
   0.01733
  -0.04467
   0.01346
   0.03540
  -0.03786
  -0.00930
   0.04427
  -0.02121
  -0.02965
   0.04165
   0.00094
  -0.04230
   0.02821
   0.02285
  -0.04396
   0.00745
   0.03883
  -0.03422
  -0.01524
   0.04472
  -0.01558
  -0.03398
   0.03901
   0.00709
  -0.04389
   0.02316
   0.02793
  -0.04241
   0.00131
   0.04151
  -0.02992
  -0.02089
   0.04432
  -0.00966
  -0.03766
   0.03562
   0.01311
  -0.04466
   0.01767
   0.03248
  -0.04006
  -0.00487
   0.04341
  -0.02506
  -0.02614
   0.04307
  -0.00355
  -0.04063
   0.03155
   0.01888
  -0.04456
   0.01184
   0.03640
  -0.03693
  -0.01094
   0.04448
  -0.01971
  -0.03089
   0.04100
   0.00263
  -0.04281
   0.02689
   0.02428
  -0.04362
   0.00579
   0.03963
  -0.03311
  -0.01681
   0.04470
  -0.01399
  -0.03505
   0.03815
   0.00875
  -0.04419
   0.02170
   0.02923
  -0.04185
  -0.00038
   0.04211
  -0.02865
  -0.02236
   0.04406
  -0.00801
  -0.03854
   0.03457
   0.01471
  -0.04472
   0.01611
   0.03361
  -0.03928
  -0.00654
   0.04378
  -0.02364
  -0.02749
   0.04259
  -0.00187
  -0.04130
   0.03034
   0.02039
  -0.04439
   0.01021
   0.03736
  -0.03596
  -0.01257
   0.04462
  -0.01819
  -0.03209
   0.04030
   0.00431
  -0.04327
   0.02552
   0.02568
  -0.04322
   0.00411
   0.04039
  -0.03195
  -0.01836
   0.04461
  -0.01238
  -0.03607
   0.03725
   0.01040
  -0.04441
   0.02022
   0.03048
  -0.04123
  -0.00206
   0.04265
  -0.02733
  -0.02381
   0.04374
  -0.00634
  -0.03937
   0.03348
   0.01629
  -0.04471
   0.01453
   0.03470
  -0.03844
  -0.00820
   0.04410
  -0.02219
  -0.02880
   0.04204
  -0.00018
  -0.04192
   0.02908
   0.02188
  -0.04416
   0.00856
   0.03826
  -0.03493
  -0.01418
   0.04470
  -0.01663
  -0.03324
   0.03954
   0.00598
  -0.04367
   0.02412
   0.02704
  -0.04276
   0.00243
   0.04108
  -0.03075
  -0.01989
   0.04446
  -0.01075
  -0.03704
   0.03629
   0.01203
  -0.04458
   0.01870
   0.03169
  -0.04054
  -0.00375
   0.04313
  -0.02598
  -0.02522
   0.04336
  -0.00467
  -0.04014
   0.03234
   0.01785
  -0.04464
   0.01292
   0.03574
  -0.03755
  -0.00985
   0.04435
  -0.02072
  -0.03007
   0.04144
   0.00150
  -0.04248
   0.02778
   0.02333
  -0.04386
   0.00690
   0.03910
  -0.03385
  -0.01577
   0.04472
  -0.01506
  -0.03434
   0.03873
   0.00765
  -0.04400
   0.02268
   0.02837
  -0.04223
   0.00074
   0.04172
  -0.02950
  -0.02138
   0.04424
  -0.00911
  -0.03796
   0.03528
   0.01365
  -0.04468
   0.01715
   0.03286
  -0.03980
  -0.00542
   0.04354
  -0.02459
  -0.02659
   0.04292
  -0.00299
  -0.04086
   0.03115
   0.01938
  -0.04451
   0.01130
   0.03673
  -0.03661
  -0.01149
   0.04453
  -0.01921
  -0.03129
   0.04078
   0.00319
  -0.04297
   0.02643
   0.02475
  -0.04350
   0.00523
   0.03989
  -0.03273
  -0.01733
   0.04467
  -0.01346
  -0.03540
   0.03786
   0.00930
  -0.04427
   0.02121
   0.02965
  -0.04165
  -0.00094
   0.04230
  -0.02821
  -0.02285
   0.04396
  -0.00745
  -0.03883
   0.03422
   0.01524
  -0.04472
   0.01558
   0.03398
  -0.03901
  -0.00709
   0.04389
  -0.02316
  -0.02793
   0.04241
  -0.00131
  -0.04151
   0.02992
   0.02089
  -0.04432
   0.00966
   0.03766
  -0.03562
  -0.01311
   0.04466
