  -0.01938
  -0.03075
   0.04130
   0.00131
  -0.04223
   0.02879
   0.02171
  -0.04427
   0.00985
   0.03725
  -0.03640
  -0.01130
   0.04446
  -0.02039
  -0.02993
   0.04172
   0.00019
  -0.04185
   0.02964
   0.02072
  -0.04441
   0.01094
   0.03662
  -0.03704
  -0.01021
   0.04432
  -0.02138
  -0.02908
   0.04211
  -0.00094
  -0.04144
   0.03048
   0.01972
  -0.04453
   0.01203
   0.03596
  -0.03766
  -0.00912
   0.04416
  -0.02236
  -0.02822
   0.04247
  -0.00206
  -0.04101
   0.03129
   0.01870
  -0.04462
   0.01310
   0.03528
  -0.03825
  -0.00801
   0.04396
  -0.02333
  -0.02734
   0.04281
  -0.00318
  -0.04055
   0.03208
   0.01768
  -0.04468
   0.01417
   0.03458
  -0.03882
  -0.00690
   0.04374
  -0.02428
  -0.02644
   0.04312
  -0.00430
  -0.04006
   0.03285
   0.01664
  -0.04472
   0.01524
   0.03385
  -0.03937
  -0.00579
   0.04350
  -0.02521
  -0.02552
   0.04341
  -0.00542
  -0.03955
   0.03361
   0.01559
  -0.04472
   0.01629
   0.03311
  -0.03989
  -0.00468
   0.04322
  -0.02613
  -0.02459
   0.04366
  -0.00653
  -0.03901
   0.03434
   0.01453
  -0.04470
   0.01733
   0.03234
  -0.04038
  -0.00356
   0.04292
  -0.02704
  -0.02365
   0.04389
  -0.00764
  -0.03845
   0.03505
   0.01346
  -0.04464
   0.01836
   0.03156
  -0.04085
  -0.00244
   0.04259
  -0.02792
  -0.02269
   0.04409
  -0.00875
  -0.03786
   0.03573
   0.01239
  -0.04456
   0.01938
   0.03075
  -0.04130
  -0.00131
   0.04223
  -0.02879
  -0.02171
   0.04427
  -0.00985
  -0.03725
   0.03640
   0.01130
  -0.04446
   0.02039
   0.02993
  -0.04172
  -0.00019
   0.04185
  -0.02964
  -0.02072
   0.04441
  -0.01094
  -0.03662
   0.03704
   0.01021
  -0.04432
   0.02138
   0.02908
  -0.04211
   0.00094
   0.04144
  -0.03048
  -0.01972
   0.04453
  -0.01203
  -0.03596
   0.03766
   0.00912
  -0.04416
   0.02236
   0.02822
  -0.04247
   0.00206
   0.04101
  -0.03129
  -0.01870
   0.04462
  -0.01310
  -0.03528
   0.03825
   0.00801
  -0.04396
   0.02333
   0.02734
  -0.04281
   0.00318
   0.04055
  -0.03208
  -0.01768
   0.04468
  -0.01417
  -0.03458
   0.03882
   0.00690
  -0.04374
   0.02428
   0.02644
  -0.04312
   0.00430
   0.04006
  -0.03285
  -0.01664
   0.04472
  -0.01524
  -0.03385
   0.03937
   0.00579
  -0.04350
   0.02521
   0.02552
  -0.04341
   0.00542
   0.03955
  -0.03361
  -0.01559
   0.04472
  -0.01629
  -0.03311
   0.03989
   0.00468
  -0.04322
   0.02613
   0.02459
  -0.04366
   0.00653
   0.03901
  -0.03434
  -0.01453
   0.04470
  -0.01733
  -0.03234
   0.04038
   0.00356
  -0.04292
   0.02704
   0.02365
  -0.04389
   0.00764
   0.03845
  -0.03505
  -0.01346
   0.04464
  -0.01836
  -0.03156
   0.04085
   0.00244
  -0.04259
   0.02792
   0.02269
  -0.04409
   0.00875
   0.03786
  -0.03573
  -0.01239
   0.04456
  -0.01938
  -0.03075
   0.04130
   0.00131
  -0.04223
   0.02879
   0.02171
  -0.04427
   0.00985
   0.03725
  -0.03640
  -0.01130
   0.04446
  -0.02039
  -0.02993
   0.04172
   0.00019
  -0.04185
   0.02964
   0.02072
  -0.04441
   0.01094
   0.03662
  -0.03704
  -0.01021
   0.04432
  -0.02138
  -0.02908
   0.04211
  -0.00094
  -0.04144
   0.03048
   0.01972
  -0.04453
   0.01203
   0.03596
  -0.03766
  -0.00912
   0.04416
  -0.02236
  -0.02822
   0.04247
  -0.00206
  -0.04101
   0.03129
   0.01870
  -0.04462
   0.01310
   0.03528
  -0.03825
  -0.00801
   0.04396
  -0.02333
  -0.02734
   0.04281
  -0.00318
  -0.04055
   0.03208
   0.01768
  -0.04468
   0.01417
   0.03458
  -0.03882
  -0.00690
   0.04374
  -0.02428
  -0.02644
   0.04312
  -0.00430
  -0.04006
   0.03285
   0.01664
  -0.04472
   0.01524
   0.03385
  -0.03937
  -0.00579
   0.04350
  -0.02521
  -0.02552
   0.04341
  -0.00542
  -0.03955
   0.03361
   0.01559
  -0.04472
   0.01629
   0.03311
  -0.03989
  -0.00468
   0.04322
  -0.02613
  -0.02459
   0.04366
  -0.00653
  -0.03901
   0.03434
   0.01453
  -0.04470
   0.01733
   0.03234
  -0.04038
  -0.00356
   0.04292
  -0.02704
  -0.02365
   0.04389
  -0.00764
  -0.03845
   0.03505
   0.01346
  -0.04464
   0.01836
   0.03156
  -0.04085
  -0.00244
   0.04259
  -0.02792
  -0.02269
   0.04409
  -0.00875
  -0.03786
   0.03573
   0.01239
  -0.04456
   0.01938
   0.03075
  -0.04130
  -0.00131
   0.04223
  -0.02879
  -0.02171
   0.04427
  -0.00985
  -0.03725
   0.03640
   0.01130
  -0.04446
   0.02039
   0.02993
  -0.04172
  -0.00019
   0.04185
  -0.02964
  -0.02072
   0.04441
  -0.01094
  -0.03662
   0.03704
   0.01021
  -0.04432
   0.02138
   0.02908
  -0.04211
   0.00094
   0.04144
  -0.03048
  -0.01972
   0.04453
  -0.01203
  -0.03596
   0.03766
   0.00912
  -0.04416
   0.02236
   0.02822
  -0.04247
   0.00206
   0.04101
  -0.03129
  -0.01870
   0.04462
  -0.01310
  -0.03528
   0.03825
   0.00801
  -0.04396
   0.02333
   0.02734
  -0.04281
   0.00318
   0.04055
  -0.03208
  -0.01768
   0.04468
  -0.01417
  -0.03458
   0.03882
   0.00690
  -0.04374
   0.02428
   0.02644
  -0.04312
   0.00430
   0.04006
  -0.03285
  -0.01664
   0.04472
  -0.01524
  -0.03385
   0.03937
   0.00579
  -0.04350
   0.02521
   0.02552
  -0.04341
   0.00542
   0.03955
  -0.03361
  -0.01559
   0.04472
  -0.01629
  -0.03311
   0.03989
   0.00468
  -0.04322
   0.02613
   0.02459
  -0.04366
   0.00653
   0.03901
  -0.03434
  -0.01453
   0.04470
  -0.01733
  -0.03234
   0.04038
   0.00356
  -0.04292
   0.02704
   0.02365
  -0.04389
   0.00764
   0.03845
  -0.03505
  -0.01346
   0.04464
  -0.01836
  -0.03156
   0.04085
   0.00244
  -0.04259
   0.02792
   0.02269
  -0.04409
   0.00875
   0.03786
  -0.03573
  -0.01239
   0.04456
  -0.01938
  -0.03075
   0.04130
   0.00131
  -0.04223
   0.02879
   0.02171
  -0.04427
   0.00985
   0.03725
  -0.03640
  -0.01130
   0.04446
  -0.02039
  -0.02993
   0.04172
   0.00019
  -0.04185
   0.02964
   0.02072
  -0.04441
   0.01094
   0.03662
  -0.03704
  -0.01021
   0.04432
  -0.02138
  -0.02908
   0.04211
  -0.00094
  -0.04144
   0.03048
   0.01972
  -0.04453
   0.01203
   0.03596
  -0.03766
  -0.00912
   0.04416
  -0.02236
  -0.02822
   0.04247
  -0.00206
  -0.04101
   0.03129
   0.01870
  -0.04462
   0.01310
   0.03528
  -0.03825
  -0.00801
   0.04396
  -0.02333
  -0.02734
   0.04281
  -0.00318
  -0.04055
   0.03208
   0.01768
  -0.04468
   0.01417
   0.03458
  -0.03882
  -0.00690
   0.04374
  -0.02428
  -0.02644
   0.04312
  -0.00430
  -0.04006
   0.03285
   0.01664
  -0.04472
   0.01524
   0.03385
  -0.03937
  -0.00579
   0.04350
  -0.02521
  -0.02552
   0.04341
  -0.00542
  -0.03955
   0.03361
   0.01559
  -0.04472
   0.01629
   0.03311
  -0.03989
  -0.00468
   0.04322
  -0.02613
  -0.02459
   0.04366
  -0.00653
  -0.03901
   0.03434
   0.01453
  -0.04470
   0.01733
   0.03234
  -0.04038
  -0.00356
   0.04292
  -0.02704
  -0.02365
   0.04389
  -0.00764
  -0.03845
   0.03505
   0.01346
  -0.04464
   0.01836
   0.03156
  -0.04085
  -0.00244
   0.04259
  -0.02792
  -0.02269
   0.04409
  -0.00875
  -0.03786
   0.03573
   0.01239
  -0.04456
   0.01938
   0.03075
  -0.04130
  -0.00131
   0.04223
  -0.02879
  -0.02171
   0.04427
  -0.00985
  -0.03725
   0.03640
   0.01130
  -0.04446
   0.02039
   0.02993
  -0.04172
  -0.00019
   0.04185
  -0.02964
  -0.02072
   0.04441
  -0.01094
  -0.03662
   0.03704
   0.01021
  -0.04432
   0.02138
   0.02908
  -0.04211
   0.00094
   0.04144
  -0.03048
  -0.01972
   0.04453
  -0.01203
  -0.03596
   0.03766
   0.00912
  -0.04416
   0.02236
   0.02822
  -0.04247
   0.00206
   0.04101
  -0.03129
  -0.01870
   0.04462
  -0.01310
  -0.03528
   0.03825
   0.00801
  -0.04396
   0.02333
   0.02734
  -0.04281
   0.00318
   0.04055
  -0.03208
  -0.01768
   0.04468
  -0.01417
  -0.03458
   0.03882
   0.00690
  -0.04374
   0.02428
   0.02644
  -0.04312
   0.00430
   0.04006
  -0.03285
  -0.01664
   0.04472
  -0.01524
  -0.03385
   0.03937
   0.00579
  -0.04350
   0.02521
   0.02552
  -0.04341
   0.00542
   0.03955
  -0.03361
  -0.01559
   0.04472
  -0.01629
  -0.03311
   0.03989
   0.00468
  -0.04322
   0.02613
   0.02459
  -0.04366
   0.00653
   0.03901
  -0.03434
  -0.01453
   0.04470
  -0.01733
  -0.03234
   0.04038
   0.00356
  -0.04292
   0.02704
   0.02365
  -0.04389
   0.00764
   0.03845
  -0.03505
  -0.01346
   0.04464
  -0.01836
  -0.03156
   0.04085
   0.00244
  -0.04259
   0.02792
   0.02269
  -0.04409
   0.00875
   0.03786
  -0.03573
  -0.01239
   0.04456
  -0.01938
  -0.03075
   0.04130
   0.00131
  -0.04223
   0.02879
   0.02171
  -0.04427
   0.00985
   0.03725
  -0.03640
  -0.01130
   0.04446
  -0.02039
  -0.02993
   0.04172
   0.00019
  -0.04185
   0.02964
   0.02072
  -0.04441
   0.01094
   0.03662
  -0.03704
  -0.01021
   0.04432
  -0.02138
  -0.02908
   0.04211
  -0.00094
  -0.04144
   0.03048
   0.01972
  -0.04453
   0.01203
   0.03596
  -0.03766
  -0.00912
   0.04416
  -0.02236
  -0.02822
   0.04247
  -0.00206
  -0.04101
   0.03129
   0.01870
  -0.04462
   0.01310
   0.03528
  -0.03825
  -0.00801
   0.04396
  -0.02333
  -0.02734
   0.04281
  -0.00318
  -0.04055
   0.03208
   0.01768
  -0.04468
   0.01417
   0.03458
  -0.03882
  -0.00690
   0.04374
  -0.02428
  -0.02644
   0.04312
  -0.00430
  -0.04006
   0.03285
   0.01664
  -0.04472
   0.01524
   0.03385
  -0.03937
  -0.00579
   0.04350
  -0.02521
  -0.02552
   0.04341
  -0.00542
  -0.03955
   0.03361
   0.01559
  -0.04472
   0.01629
   0.03311
  -0.03989
  -0.00468
   0.04322
  -0.02613
  -0.02459
   0.04366
  -0.00653
  -0.03901
   0.03434
   0.01453
  -0.04470
   0.01733
   0.03234
  -0.04038
  -0.00356
   0.04292
  -0.02704
  -0.02365
   0.04389
  -0.00764
  -0.03845
   0.03505
   0.01346
  -0.04464
   0.01836
   0.03156
  -0.04085
  -0.00244
   0.04259
  -0.02792
  -0.02269
   0.04409
  -0.00875
  -0.03786
   0.03573
   0.01239
  -0.04456
   0.01938
   0.03075
  -0.04130
  -0.00131
   0.04223
  -0.02879
  -0.02171
   0.04427
  -0.00985
  -0.03725
   0.03640
   0.01130
  -0.04446
   0.02039
   0.02993
  -0.04172
  -0.00019
   0.04185
  -0.02964
  -0.02072
   0.04441
  -0.01094
  -0.03662
   0.03704
   0.01021
  -0.04432
   0.02138
   0.02908
  -0.04211
   0.00094
   0.04144
  -0.03048
  -0.01972
   0.04453
  -0.01203
  -0.03596
   0.03766
   0.00912
  -0.04416
   0.02236
   0.02822
  -0.04247
   0.00206
   0.04101
  -0.03129
  -0.01870
   0.04462
  -0.01310
  -0.03528
   0.03825
   0.00801
  -0.04396
   0.02333
   0.02734
  -0.04281
   0.00318
   0.04055
  -0.03208
  -0.01768
   0.04468
  -0.01417
  -0.03458
   0.03882
   0.00690
  -0.04374
   0.02428
   0.02644
  -0.04312
   0.00430
   0.04006
  -0.03285
  -0.01664
   0.04472
  -0.01524
  -0.03385
   0.03937
   0.00579
  -0.04350
   0.02521
   0.02552
  -0.04341
   0.00542
   0.03955
  -0.03361
  -0.01559
   0.04472
  -0.01629
  -0.03311
   0.03989
   0.00468
  -0.04322
   0.02613
   0.02459
  -0.04366
   0.00653
   0.03901
  -0.03434
  -0.01453
   0.04470
  -0.01733
  -0.03234
   0.04038
   0.00356
  -0.04292
   0.02704
   0.02365
  -0.04389
   0.00764
   0.03845
  -0.03505
  -0.01346
   0.04464
  -0.01836
  -0.03156
   0.04085
   0.00244
  -0.04259
   0.02792
   0.02269
  -0.04409
   0.00875
   0.03786
  -0.03573
  -0.01239
   0.04456
