  -0.00763
   0.04145
   0.02521
  -0.03076
  -0.03825
   0.01454
   0.04441
   0.00429
  -0.04259
  -0.02235
   0.03312
   0.03639
  -0.01768
  -0.04389
  -0.00093
   0.04350
   0.01937
  -0.03529
  -0.03433
   0.02073
   0.04312
  -0.00244
  -0.04416
  -0.01628
   0.03726
   0.03208
  -0.02365
  -0.04211
   0.00580
   0.04457
   0.01309
  -0.03901
  -0.02964
   0.02645
   0.04085
  -0.00913
  -0.04472
  -0.00984
   0.04055
   0.02703
  -0.02909
  -0.03936
   0.01240
   0.04462
   0.00652
  -0.04185
  -0.02427
   0.03156
   0.03765
  -0.01560
  -0.04427
  -0.00317
   0.04292
   0.02137
  -0.03386
  -0.03573
   0.01871
   0.04366
  -0.00020
  -0.04375
  -0.01835
   0.03597
   0.03360
  -0.02172
  -0.04281
   0.00357
   0.04432
   0.01523
  -0.03787
  -0.03128
   0.02460
   0.04171
  -0.00691
  -0.04465
  -0.01202
   0.03955
   0.02879
  -0.02734
  -0.04038
   0.01022
   0.04471
   0.00874
  -0.04101
  -0.02613
   0.02993
   0.03882
  -0.01347
  -0.04453
  -0.00541
   0.04224
   0.02332
  -0.03235
  -0.03703
   0.01665
   0.04409
   0.00205
  -0.04322
  -0.02038
   0.03458
   0.03504
  -0.01973
  -0.04341
   0.00132
   0.04397
   0.01732
  -0.03662
  -0.03285
   0.02269
   0.04247
  -0.00469
  -0.04446
  -0.01417
   0.03845
   0.03047
  -0.02553
  -0.04130
   0.00802
   0.04470
   0.01093
  -0.04006
  -0.02792
   0.02823
   0.03988
  -0.01131
  -0.04468
  -0.00763
   0.04145
   0.02521
  -0.03076
  -0.03825
   0.01454
   0.04441
   0.00429
  -0.04259
  -0.02235
   0.03312
   0.03639
  -0.01768
  -0.04389
  -0.00093
   0.04350
   0.01937
  -0.03529
  -0.03433
   0.02073
   0.04312
  -0.00244
  -0.04416
  -0.01628
   0.03726
   0.03208
  -0.02365
  -0.04211
   0.00580
   0.04457
   0.01309
  -0.03901
  -0.02964
   0.02645
   0.04085
  -0.00913
  -0.04472
  -0.00984
   0.04055
   0.02703
  -0.02909
  -0.03936
   0.01240
   0.04462
   0.00652
  -0.04185
  -0.02427
   0.03156
   0.03765
  -0.01560
  -0.04427
  -0.00317
   0.04292
   0.02137
  -0.03386
  -0.03573
   0.01871
   0.04366
  -0.00020
  -0.04375
  -0.01835
   0.03597
   0.03360
  -0.02172
  -0.04281
   0.00357
   0.04432
   0.01523
  -0.03787
  -0.03128
   0.02460
   0.04171
  -0.00691
  -0.04465
  -0.01202
   0.03955
   0.02879
  -0.02734
  -0.04038
   0.01022
   0.04471
   0.00874
  -0.04101
  -0.02613
   0.02993
   0.03882
  -0.01347
  -0.04453
  -0.00541
   0.04224
   0.02332
  -0.03235
  -0.03703
   0.01665
   0.04409
   0.00205
  -0.04322
  -0.02038
   0.03458
   0.03504
  -0.01973
  -0.04341
   0.00132
   0.04397
   0.01732
  -0.03662
  -0.03285
   0.02269
   0.04247
  -0.00469
  -0.04446
  -0.01417
   0.03845
   0.03047
  -0.02553
  -0.04130
   0.00802
   0.04470
   0.01093
  -0.04006
  -0.02792
   0.02823
   0.03988
  -0.01131
  -0.04468
  -0.00763
   0.04145
   0.02521
  -0.03076
  -0.03825
   0.01454
   0.04441
   0.00429
  -0.04259
  -0.02235
   0.03312
   0.03639
  -0.01768
  -0.04389
  -0.00093
   0.04350
   0.01937
  -0.03529
  -0.03433
   0.02073
   0.04312
  -0.00244
  -0.04416
  -0.01628
   0.03726
   0.03208
  -0.02365
  -0.04211
   0.00580
   0.04457
   0.01309
  -0.03901
  -0.02964
   0.02645
   0.04085
  -0.00913
  -0.04472
  -0.00984
   0.04055
   0.02703
  -0.02909
  -0.03936
   0.01240
   0.04462
   0.00652
  -0.04185
  -0.02427
   0.03156
   0.03765
  -0.01560
  -0.04427
  -0.00317
   0.04292
   0.02137
  -0.03386
  -0.03573
   0.01871
   0.04366
  -0.00020
  -0.04375
  -0.01835
   0.03597
   0.03360
  -0.02172
  -0.04281
   0.00357
   0.04432
   0.01523
  -0.03787
  -0.03128
   0.02460
   0.04171
  -0.00691
  -0.04465
  -0.01202
   0.03955
   0.02879
  -0.02734
  -0.04038
   0.01022
   0.04471
   0.00874
  -0.04101
  -0.02613
   0.02993
   0.03882
  -0.01347
  -0.04453
  -0.00541
   0.04224
   0.02332
  -0.03235
  -0.03703
   0.01665
   0.04409
   0.00205
  -0.04322
  -0.02038
   0.03458
   0.03504
  -0.01973
  -0.04341
   0.00132
   0.04397
   0.01732
  -0.03662
  -0.03285
   0.02269
   0.04247
  -0.00469
  -0.04446
  -0.01417
   0.03845
   0.03047
  -0.02553
  -0.04130
   0.00802
   0.04470
   0.01093
  -0.04006
  -0.02792
   0.02823
   0.03988
  -0.01131
  -0.04468
  -0.00763
   0.04145
   0.02521
  -0.03076
  -0.03825
   0.01454
   0.04441
   0.00429
  -0.04259
  -0.02235
   0.03312
   0.03639
  -0.01768
  -0.04389
  -0.00093
   0.04350
   0.01937
  -0.03529
  -0.03433
   0.02073
   0.04312
  -0.00244
  -0.04416
  -0.01628
   0.03726
   0.03208
  -0.02365
  -0.04211
   0.00580
   0.04457
   0.01309
  -0.03901
  -0.02964
   0.02645
   0.04085
  -0.00913
  -0.04472
  -0.00984
   0.04055
   0.02703
  -0.02909
  -0.03936
   0.01240
   0.04462
   0.00652
  -0.04185
  -0.02427
   0.03156
   0.03765
  -0.01560
  -0.04427
  -0.00317
   0.04292
   0.02137
  -0.03386
  -0.03573
   0.01871
   0.04366
  -0.00020
  -0.04375
  -0.01835
   0.03597
   0.03360
  -0.02172
  -0.04281
   0.00357
   0.04432
   0.01523
  -0.03787
  -0.03128
   0.02460
   0.04171
  -0.00691
  -0.04465
  -0.01202
   0.03955
   0.02879
  -0.02734
  -0.04038
   0.01022
   0.04471
   0.00874
  -0.04101
  -0.02613
   0.02993
   0.03882
  -0.01347
  -0.04453
  -0.00541
   0.04224
   0.02332
  -0.03235
  -0.03703
   0.01665
   0.04409
   0.00205
  -0.04322
  -0.02038
   0.03458
   0.03504
  -0.01973
  -0.04341
   0.00132
   0.04397
   0.01732
  -0.03662
  -0.03285
   0.02269
   0.04247
  -0.00469
  -0.04446
  -0.01417
   0.03845
   0.03047
  -0.02553
  -0.04130
   0.00802
   0.04470
   0.01093
  -0.04006
  -0.02792
   0.02823
   0.03988
  -0.01131
  -0.04468
  -0.00763
   0.04145
   0.02521
  -0.03076
  -0.03825
   0.01454
   0.04441
   0.00429
  -0.04259
  -0.02235
   0.03312
   0.03639
  -0.01768
  -0.04389
  -0.00093
   0.04350
   0.01937
  -0.03529
  -0.03433
   0.02073
   0.04312
  -0.00244
  -0.04416
  -0.01628
   0.03726
   0.03208
  -0.02365
  -0.04211
   0.00580
   0.04457
   0.01309
  -0.03901
  -0.02964
   0.02645
   0.04085
  -0.00913
  -0.04472
  -0.00984
   0.04055
   0.02703
  -0.02909
  -0.03936
   0.01240
   0.04462
   0.00652
  -0.04185
  -0.02427
   0.03156
   0.03765
  -0.01560
  -0.04427
  -0.00317
   0.04292
   0.02137
  -0.03386
  -0.03573
   0.01871
   0.04366
  -0.00020
  -0.04375
  -0.01835
   0.03597
   0.03360
  -0.02172
  -0.04281
   0.00357
   0.04432
   0.01523
  -0.03787
  -0.03128
   0.02460
   0.04171
  -0.00691
  -0.04465
  -0.01202
   0.03955
   0.02879
  -0.02734
  -0.04038
   0.01022
   0.04471
   0.00874
  -0.04101
  -0.02613
   0.02993
   0.03882
  -0.01347
  -0.04453
  -0.00541
   0.04224
   0.02332
  -0.03235
  -0.03703
   0.01665
   0.04409
   0.00205
  -0.04322
  -0.02038
   0.03458
   0.03504
  -0.01973
  -0.04341
   0.00132
   0.04397
   0.01732
  -0.03662
  -0.03285
   0.02269
   0.04247
  -0.00469
  -0.04446
  -0.01417
   0.03845
   0.03047
  -0.02553
  -0.04130
   0.00802
   0.04470
   0.01093
  -0.04006
  -0.02792
   0.02823
   0.03988
  -0.01131
  -0.04468
  -0.00763
   0.04145
   0.02521
  -0.03076
  -0.03825
   0.01454
   0.04441
   0.00429
  -0.04259
  -0.02235
   0.03312
   0.03639
  -0.01768
  -0.04389
  -0.00093
   0.04350
   0.01937
  -0.03529
  -0.03433
   0.02073
   0.04312
  -0.00244
  -0.04416
  -0.01628
   0.03726
   0.03208
  -0.02365
  -0.04211
   0.00580
   0.04457
   0.01309
  -0.03901
  -0.02964
   0.02645
   0.04085
  -0.00913
  -0.04472
  -0.00984
   0.04055
   0.02703
  -0.02909
  -0.03936
   0.01240
   0.04462
   0.00652
  -0.04185
  -0.02427
   0.03156
   0.03765
  -0.01560
  -0.04427
  -0.00317
   0.04292
   0.02137
  -0.03386
  -0.03573
   0.01871
   0.04366
  -0.00020
  -0.04375
  -0.01835
   0.03597
   0.03360
  -0.02172
  -0.04281
   0.00357
   0.04432
   0.01523
  -0.03787
  -0.03128
   0.02460
   0.04171
  -0.00691
  -0.04465
  -0.01202
   0.03955
   0.02879
  -0.02734
  -0.04038
   0.01022
   0.04471
   0.00874
  -0.04101
  -0.02613
   0.02993
   0.03882
  -0.01347
  -0.04453
  -0.00541
   0.04224
   0.02332
  -0.03235
  -0.03703
   0.01665
   0.04409
   0.00205
  -0.04322
  -0.02038
   0.03458
   0.03504
  -0.01973
  -0.04341
   0.00132
   0.04397
   0.01732
  -0.03662
  -0.03285
   0.02269
   0.04247
  -0.00469
  -0.04446
  -0.01417
   0.03845
   0.03047
  -0.02553
  -0.04130
   0.00802
   0.04470
   0.01093
  -0.04006
  -0.02792
   0.02823
   0.03988
  -0.01131
  -0.04468
  -0.00763
   0.04145
   0.02521
  -0.03076
  -0.03825
   0.01454
   0.04441
   0.00429
  -0.04259
  -0.02235
   0.03312
   0.03639
  -0.01768
  -0.04389
  -0.00093
   0.04350
   0.01937
  -0.03529
  -0.03433
   0.02073
   0.04312
  -0.00244
  -0.04416
  -0.01628
   0.03726
   0.03208
  -0.02365
  -0.04211
   0.00580
   0.04457
   0.01309
  -0.03901
  -0.02964
   0.02645
   0.04085
  -0.00913
  -0.04472
  -0.00984
   0.04055
   0.02703
  -0.02909
  -0.03936
   0.01240
   0.04462
   0.00652
  -0.04185
  -0.02427
   0.03156
   0.03765
  -0.01560
  -0.04427
  -0.00317
   0.04292
   0.02137
  -0.03386
  -0.03573
   0.01871
   0.04366
  -0.00020
  -0.04375
  -0.01835
   0.03597
   0.03360
  -0.02172
  -0.04281
   0.00357
   0.04432
   0.01523
  -0.03787
  -0.03128
   0.02460
   0.04171
  -0.00691
  -0.04465
  -0.01202
   0.03955
   0.02879
  -0.02734
  -0.04038
   0.01022
   0.04471
   0.00874
  -0.04101
  -0.02613
   0.02993
   0.03882
  -0.01347
  -0.04453
  -0.00541
   0.04224
   0.02332
  -0.03235
  -0.03703
   0.01665
   0.04409
   0.00205
  -0.04322
  -0.02038
   0.03458
   0.03504
  -0.01973
  -0.04341
   0.00132
   0.04397
   0.01732
  -0.03662
  -0.03285
   0.02269
   0.04247
  -0.00469
  -0.04446
  -0.01417
   0.03845
   0.03047
  -0.02553
  -0.04130
   0.00802
   0.04470
   0.01093
  -0.04006
  -0.02792
   0.02823
   0.03988
  -0.01131
  -0.04468
  -0.00763
   0.04145
   0.02521
  -0.03076
  -0.03825
   0.01454
   0.04441
   0.00429
  -0.04259
  -0.02235
   0.03312
   0.03639
  -0.01768
  -0.04389
  -0.00093
   0.04350
   0.01937
  -0.03529
  -0.03433
   0.02073
   0.04312
  -0.00244
  -0.04416
  -0.01628
   0.03726
   0.03208
  -0.02365
  -0.04211
   0.00580
   0.04457
   0.01309
  -0.03901
  -0.02964
   0.02645
   0.04085
  -0.00913
  -0.04472
  -0.00984
   0.04055
   0.02703
  -0.02909
  -0.03936
   0.01240
   0.04462
   0.00652
  -0.04185
  -0.02427
   0.03156
   0.03765
  -0.01560
  -0.04427
  -0.00317
   0.04292
   0.02137
  -0.03386
  -0.03573
   0.01871
   0.04366
  -0.00020
  -0.04375
  -0.01835
   0.03597
   0.03360
  -0.02172
  -0.04281
   0.00357
   0.04432
   0.01523
  -0.03787
  -0.03128
   0.02460
   0.04171
  -0.00691
  -0.04465
  -0.01202
   0.03955
   0.02879
  -0.02734
  -0.04038
   0.01022
   0.04471
   0.00874
  -0.04101
  -0.02613
   0.02993
   0.03882
  -0.01347
  -0.04453
  -0.00541
   0.04224
   0.02332
  -0.03235
  -0.03703
   0.01665
   0.04409
   0.00205
  -0.04322
  -0.02038
   0.03458
   0.03504
  -0.01973
  -0.04341
   0.00132
   0.04397
   0.01732
  -0.03662
  -0.03285
   0.02269
   0.04247
  -0.00469
  -0.04446
  -0.01417
   0.03845
   0.03047
  -0.02553
  -0.04130
   0.00802
   0.04470
   0.01093
  -0.04006
  -0.02792
   0.02823
   0.03988
  -0.01131
  -0.04468
