   0.03810
  -0.01962
  -0.00497
   0.02801
  -0.04233
   0.04347
  -0.03108
   0.00901
   0.01587
  -0.03580
   0.04459
  -0.03949
   0.02210
   0.00217
  -0.02577
   0.04134
  -0.04404
   0.03303
  -0.01174
  -0.01321
   0.03405
  -0.04428
   0.04073
  -0.02450
   0.00064
   0.02342
  -0.04019
   0.04444
  -0.03486
   0.01443
   0.01050
  -0.03216
   0.04380
  -0.04181
   0.02680
  -0.00345
  -0.02098
   0.03888
  -0.04467
   0.03655
  -0.01706
  -0.00775
   0.03014
  -0.04315
   0.04273
  -0.02900
   0.00624
   0.01846
  -0.03741
   0.04472
  -0.03810
   0.01962
   0.00497
  -0.02801
   0.04233
  -0.04347
   0.03108
  -0.00901
  -0.01587
   0.03580
  -0.04459
   0.03949
  -0.02210
  -0.00217
   0.02577
  -0.04134
   0.04404
  -0.03303
   0.01174
   0.01321
  -0.03405
   0.04428
  -0.04073
   0.02450
  -0.00064
  -0.02342
   0.04019
  -0.04444
   0.03486
  -0.01443
  -0.01050
   0.03216
  -0.04380
   0.04181
  -0.02680
   0.00345
   0.02098
  -0.03888
   0.04467
  -0.03655
   0.01706
   0.00775
  -0.03014
   0.04315
  -0.04273
   0.02900
  -0.00624
  -0.01846
   0.03741
  -0.04472
   0.03810
  -0.01962
  -0.00497
   0.02801
  -0.04233
   0.04347
  -0.03108
   0.00901
   0.01587
  -0.03580
   0.04459
  -0.03949
   0.02210
   0.00217
  -0.02577
   0.04134
  -0.04404
   0.03303
  -0.01174
  -0.01321
   0.03405
  -0.04428
   0.04073
  -0.02450
   0.00064
   0.02342
  -0.04019
   0.04444
  -0.03486
   0.01443
   0.01050
  -0.03216
   0.04380
  -0.04181
   0.02680
  -0.00345
  -0.02098
   0.03888
  -0.04467
   0.03655
  -0.01706
  -0.00775
   0.03014
  -0.04315
   0.04273
  -0.02900
   0.00624
   0.01846
  -0.03741
   0.04472
  -0.03810
   0.01962
   0.00497
  -0.02801
   0.04233
  -0.04347
   0.03108
  -0.00901
  -0.01587
   0.03580
  -0.04459
   0.03949
  -0.02210
  -0.00217
   0.02577
  -0.04134
   0.04404
  -0.03303
   0.01174
   0.01321
  -0.03405
   0.04428
  -0.04073
   0.02450
  -0.00064
  -0.02342
   0.04019
  -0.04444
   0.03486
  -0.01443
  -0.01050
   0.03216
  -0.04380
   0.04181
  -0.02680
   0.00345
   0.02098
  -0.03888
   0.04467
  -0.03655
   0.01706
   0.00775
  -0.03014
   0.04315
  -0.04273
   0.02900
  -0.00624
  -0.01846
   0.03741
  -0.04472
   0.03810
  -0.01962
  -0.00497
   0.02801
  -0.04233
   0.04347
  -0.03108
   0.00901
   0.01587
  -0.03580
   0.04459
  -0.03949
   0.02210
   0.00217
  -0.02577
   0.04134
  -0.04404
   0.03303
  -0.01174
  -0.01321
   0.03405
  -0.04428
   0.04073
  -0.02450
   0.00064
   0.02342
  -0.04019
   0.04444
  -0.03486
   0.01443
   0.01050
  -0.03216
   0.04380
  -0.04181
   0.02680
  -0.00345
  -0.02098
   0.03888
  -0.04467
   0.03655
  -0.01706
  -0.00775
   0.03014
  -0.04315
   0.04273
  -0.02900
   0.00624
   0.01846
  -0.03741
   0.04472
  -0.03810
   0.01962
   0.00497
  -0.02801
   0.04233
  -0.04347
   0.03108
  -0.00901
  -0.01587
   0.03580
  -0.04459
   0.03949
  -0.02210
  -0.00217
   0.02577
  -0.04134
   0.04404
  -0.03303
   0.01174
   0.01321
  -0.03405
   0.04428
  -0.04073
   0.02450
  -0.00064
  -0.02342
   0.04019
  -0.04444
   0.03486
  -0.01443
  -0.01050
   0.03216
  -0.04380
   0.04181
  -0.02680
   0.00345
   0.02098
  -0.03888
   0.04467
  -0.03655
   0.01706
   0.00775
  -0.03014
   0.04315
  -0.04273
   0.02900
  -0.00624
  -0.01846
   0.03741
  -0.04472
   0.03810
  -0.01962
  -0.00497
   0.02801
  -0.04233
   0.04347
  -0.03108
   0.00901
   0.01587
  -0.03580
   0.04459
  -0.03949
   0.02210
   0.00217
  -0.02577
   0.04134
  -0.04404
   0.03303
  -0.01174
  -0.01321
   0.03405
  -0.04428
   0.04073
  -0.02450
   0.00064
   0.02342
  -0.04019
   0.04444
  -0.03486
   0.01443
   0.01050
  -0.03216
   0.04380
  -0.04181
   0.02680
  -0.00345
  -0.02098
   0.03888
  -0.04467
   0.03655
  -0.01706
  -0.00775
   0.03014
  -0.04315
   0.04273
  -0.02900
   0.00624
   0.01846
  -0.03741
   0.04472
  -0.03810
   0.01962
   0.00497
  -0.02801
   0.04233
  -0.04347
   0.03108
  -0.00901
  -0.01587
   0.03580
  -0.04459
   0.03949
  -0.02210
  -0.00217
   0.02577
  -0.04134
   0.04404
  -0.03303
   0.01174
   0.01321
  -0.03405
   0.04428
  -0.04073
   0.02450
  -0.00064
  -0.02342
   0.04019
  -0.04444
   0.03486
  -0.01443
  -0.01050
   0.03216
  -0.04380
   0.04181
  -0.02680
   0.00345
   0.02098
  -0.03888
   0.04467
  -0.03655
   0.01706
   0.00775
  -0.03014
   0.04315
  -0.04273
   0.02900
  -0.00624
  -0.01846
   0.03741
  -0.04472
   0.03810
  -0.01962
  -0.00497
   0.02801
  -0.04233
   0.04347
  -0.03108
   0.00901
   0.01587
  -0.03580
   0.04459
  -0.03949
   0.02210
   0.00217
  -0.02577
   0.04134
  -0.04404
   0.03303
  -0.01174
  -0.01321
   0.03405
  -0.04428
   0.04073
  -0.02450
   0.00064
   0.02342
  -0.04019
   0.04444
  -0.03486
   0.01443
   0.01050
  -0.03216
   0.04380
  -0.04181
   0.02680
  -0.00345
  -0.02098
   0.03888
  -0.04467
   0.03655
  -0.01706
  -0.00775
   0.03014
  -0.04315
   0.04273
  -0.02900
   0.00624
   0.01846
  -0.03741
   0.04472
  -0.03810
   0.01962
   0.00497
  -0.02801
   0.04233
  -0.04347
   0.03108
  -0.00901
  -0.01587
   0.03580
  -0.04459
   0.03949
  -0.02210
  -0.00217
   0.02577
  -0.04134
   0.04404
  -0.03303
   0.01174
   0.01321
  -0.03405
   0.04428
  -0.04073
   0.02450
  -0.00064
  -0.02342
   0.04019
  -0.04444
   0.03486
  -0.01443
  -0.01050
   0.03216
  -0.04380
   0.04181
  -0.02680
   0.00345
   0.02098
  -0.03888
   0.04467
  -0.03655
   0.01706
   0.00775
  -0.03014
   0.04315
  -0.04273
   0.02900
  -0.00624
  -0.01846
   0.03741
  -0.04472
   0.03810
  -0.01962
  -0.00497
   0.02801
  -0.04233
   0.04347
  -0.03108
   0.00901
   0.01587
  -0.03580
   0.04459
  -0.03949
   0.02210
   0.00217
  -0.02577
   0.04134
  -0.04404
   0.03303
  -0.01174
  -0.01321
   0.03405
  -0.04428
   0.04073
  -0.02450
   0.00064
   0.02342
  -0.04019
   0.04444
  -0.03486
   0.01443
   0.01050
  -0.03216
   0.04380
  -0.04181
   0.02680
  -0.00345
  -0.02098
   0.03888
  -0.04467
   0.03655
  -0.01706
  -0.00775
   0.03014
  -0.04315
   0.04273
  -0.02900
   0.00624
   0.01846
  -0.03741
   0.04472
  -0.03810
   0.01962
   0.00497
  -0.02801
   0.04233
  -0.04347
   0.03108
  -0.00901
  -0.01587
   0.03580
  -0.04459
   0.03949
  -0.02210
  -0.00217
   0.02577
  -0.04134
   0.04404
  -0.03303
   0.01174
   0.01321
  -0.03405
   0.04428
  -0.04073
   0.02450
  -0.00064
  -0.02342
   0.04019
  -0.04444
   0.03486
  -0.01443
  -0.01050
   0.03216
  -0.04380
   0.04181
  -0.02680
   0.00345
   0.02098
  -0.03888
   0.04467
  -0.03655
   0.01706
   0.00775
  -0.03014
   0.04315
  -0.04273
   0.02900
  -0.00624
  -0.01846
   0.03741
  -0.04472
   0.03810
  -0.01962
  -0.00497
   0.02801
  -0.04233
   0.04347
  -0.03108
   0.00901
   0.01587
  -0.03580
   0.04459
  -0.03949
   0.02210
   0.00217
  -0.02577
   0.04134
  -0.04404
   0.03303
  -0.01174
  -0.01321
   0.03405
  -0.04428
   0.04073
  -0.02450
   0.00064
   0.02342
  -0.04019
   0.04444
  -0.03486
   0.01443
   0.01050
  -0.03216
   0.04380
  -0.04181
   0.02680
  -0.00345
  -0.02098
   0.03888
  -0.04467
   0.03655
  -0.01706
  -0.00775
   0.03014
  -0.04315
   0.04273
  -0.02900
   0.00624
   0.01846
  -0.03741
   0.04472
  -0.03810
   0.01962
   0.00497
  -0.02801
   0.04233
  -0.04347
   0.03108
  -0.00901
  -0.01587
   0.03580
  -0.04459
   0.03949
  -0.02210
  -0.00217
   0.02577
  -0.04134
   0.04404
  -0.03303
   0.01174
   0.01321
  -0.03405
   0.04428
  -0.04073
   0.02450
  -0.00064
  -0.02342
   0.04019
  -0.04444
   0.03486
  -0.01443
  -0.01050
   0.03216
  -0.04380
   0.04181
  -0.02680
   0.00345
   0.02098
  -0.03888
   0.04467
  -0.03655
   0.01706
   0.00775
  -0.03014
   0.04315
  -0.04273
   0.02900
  -0.00624
  -0.01846
   0.03741
  -0.04472
   0.03810
  -0.01962
  -0.00497
   0.02801
  -0.04233
   0.04347
  -0.03108
   0.00901
   0.01587
  -0.03580
   0.04459
  -0.03949
   0.02210
   0.00217
  -0.02577
   0.04134
  -0.04404
   0.03303
  -0.01174
  -0.01321
   0.03405
  -0.04428
   0.04073
  -0.02450
   0.00064
   0.02342
  -0.04019
   0.04444
  -0.03486
   0.01443
   0.01050
  -0.03216
   0.04380
  -0.04181
   0.02680
  -0.00345
  -0.02098
   0.03888
  -0.04467
   0.03655
  -0.01706
  -0.00775
   0.03014
  -0.04315
   0.04273
  -0.02900
   0.00624
   0.01846
  -0.03741
   0.04472
  -0.03810
   0.01962
   0.00497
  -0.02801
   0.04233
  -0.04347
   0.03108
  -0.00901
  -0.01587
   0.03580
  -0.04459
   0.03949
  -0.02210
  -0.00217
   0.02577
  -0.04134
   0.04404
  -0.03303
   0.01174
   0.01321
  -0.03405
   0.04428
  -0.04073
   0.02450
  -0.00064
  -0.02342
   0.04019
  -0.04444
   0.03486
  -0.01443
  -0.01050
   0.03216
  -0.04380
   0.04181
  -0.02680
   0.00345
   0.02098
  -0.03888
   0.04467
  -0.03655
   0.01706
   0.00775
  -0.03014
   0.04315
  -0.04273
   0.02900
  -0.00624
  -0.01846
   0.03741
  -0.04472
   0.03810
  -0.01962
  -0.00497
   0.02801
  -0.04233
   0.04347
  -0.03108
   0.00901
   0.01587
  -0.03580
   0.04459
  -0.03949
   0.02210
   0.00217
  -0.02577
   0.04134
  -0.04404
   0.03303
  -0.01174
  -0.01321
   0.03405
  -0.04428
   0.04073
  -0.02450
   0.00064
   0.02342
  -0.04019
   0.04444
  -0.03486
   0.01443
   0.01050
  -0.03216
   0.04380
  -0.04181
   0.02680
  -0.00345
  -0.02098
   0.03888
  -0.04467
   0.03655
  -0.01706
  -0.00775
   0.03014
  -0.04315
   0.04273
  -0.02900
   0.00624
   0.01846
  -0.03741
   0.04472
  -0.03810
   0.01962
   0.00497
  -0.02801
   0.04233
  -0.04347
   0.03108
  -0.00901
  -0.01587
   0.03580
  -0.04459
   0.03949
  -0.02210
  -0.00217
   0.02577
  -0.04134
   0.04404
  -0.03303
   0.01174
   0.01321
  -0.03405
   0.04428
  -0.04073
   0.02450
  -0.00064
  -0.02342
   0.04019
  -0.04444
   0.03486
  -0.01443
  -0.01050
   0.03216
  -0.04380
   0.04181
  -0.02680
   0.00345
   0.02098
  -0.03888
   0.04467
  -0.03655
   0.01706
   0.00775
  -0.03014
   0.04315
  -0.04273
   0.02900
  -0.00624
  -0.01846
   0.03741
  -0.04472
   0.03810
  -0.01962
  -0.00497
   0.02801
  -0.04233
   0.04347
  -0.03108
   0.00901
   0.01587
  -0.03580
   0.04459
  -0.03949
   0.02210
   0.00217
  -0.02577
   0.04134
  -0.04404
   0.03303
  -0.01174
  -0.01321
   0.03405
  -0.04428
   0.04073
  -0.02450
   0.00064
   0.02342
  -0.04019
   0.04444
  -0.03486
   0.01443
   0.01050
  -0.03216
   0.04380
  -0.04181
   0.02680
  -0.00345
  -0.02098
   0.03888
  -0.04467
   0.03655
  -0.01706
  -0.00775
   0.03014
  -0.04315
   0.04273
  -0.02900
   0.00624
   0.01846
  -0.03741
   0.04472
  -0.03810
   0.01962
   0.00497
  -0.02801
   0.04233
  -0.04347
   0.03108
  -0.00901
  -0.01587
   0.03580
  -0.04459
   0.03949
  -0.02210
  -0.00217
   0.02577
  -0.04134
   0.04404
  -0.03303
   0.01174
   0.01321
  -0.03405
   0.04428
  -0.04073
   0.02450
  -0.00064
  -0.02342
   0.04019
  -0.04444
   0.03486
  -0.01443
  -0.01050
   0.03216
  -0.04380
   0.04181
  -0.02680
   0.00345
   0.02098
  -0.03888
   0.04467
  -0.03655
   0.01706
   0.00775
  -0.03014
   0.04315
  -0.04273
   0.02900
  -0.00624
  -0.01846
   0.03741
  -0.04472
