  -0.04310
   0.01829
   0.03760
  -0.02959
  -0.02871
   0.03821
   0.01723
  -0.04339
  -0.00419
   0.04465
  -0.00922
  -0.04188
   0.02180
   0.03533
  -0.03242
  -0.02559
   0.04011
   0.01354
  -0.04417
  -0.00027
   0.04425
  -0.01303
  -0.04034
   0.02515
   0.03278
  -0.03500
  -0.02227
   0.04169
   0.00974
  -0.04462
   0.00366
   0.04352
  -0.01674
  -0.03849
   0.02830
   0.02998
  -0.03731
  -0.01877
   0.04295
   0.00587
  -0.04471
   0.00756
   0.04244
  -0.02032
  -0.03634
   0.03123
   0.02695
  -0.03933
  -0.01514
   0.04388
   0.00195
  -0.04446
   0.01141
   0.04104
  -0.02374
  -0.03391
   0.03392
   0.02371
  -0.04105
  -0.01138
   0.04447
  -0.00198
  -0.04387
   0.01516
   0.03932
  -0.02698
  -0.03121
   0.03635
   0.02029
  -0.04245
  -0.00754
   0.04471
  -0.00590
  -0.04294
   0.01880
   0.03729
  -0.03000
  -0.02828
   0.03850
   0.01671
  -0.04352
  -0.00363
   0.04461
  -0.00977
  -0.04168
   0.02229
   0.03498
  -0.03280
  -0.02513
   0.04035
   0.01300
  -0.04426
   0.00030
   0.04417
  -0.01357
  -0.04009
   0.02561
   0.03240
  -0.03535
  -0.02178
   0.04189
   0.00919
  -0.04465
   0.00422
   0.04338
  -0.01726
  -0.03820
   0.02873
   0.02956
  -0.03762
  -0.01826
   0.04310
   0.00531
  -0.04470
   0.00812
   0.04226
  -0.02081
  -0.03601
   0.03163
   0.02650
  -0.03960
  -0.01461
   0.04398
   0.00139
  -0.04440
   0.01195
   0.04081
  -0.02421
  -0.03354
   0.03429
   0.02323
  -0.04127
  -0.01084
   0.04452
  -0.00254
  -0.04376
   0.01569
   0.03905
  -0.02742
  -0.03081
   0.03668
   0.01979
  -0.04262
  -0.00698
   0.04472
  -0.00645
  -0.04278
   0.01931
   0.03698
  -0.03042
  -0.02784
   0.03878
   0.01619
  -0.04365
  -0.00307
   0.04457
  -0.01032
  -0.04147
   0.02278
   0.03463
  -0.03318
  -0.02466
   0.04059
   0.01246
  -0.04433
   0.00086
   0.04408
  -0.01410
  -0.03984
   0.02607
   0.03201
  -0.03569
  -0.02129
   0.04208
   0.00864
  -0.04468
   0.00478
   0.04324
  -0.01777
  -0.03790
   0.02916
   0.02914
  -0.03792
  -0.01775
   0.04325
   0.00475
  -0.04468
   0.00867
   0.04207
  -0.02131
  -0.03567
   0.03203
   0.02605
  -0.03985
  -0.01407
   0.04408
   0.00083
  -0.04433
   0.01249
   0.04058
  -0.02468
  -0.03316
   0.03465
   0.02275
  -0.04148
  -0.01029
   0.04457
  -0.00310
  -0.04364
   0.01621
   0.03877
  -0.02786
  -0.03040
   0.03700
   0.01928
  -0.04279
  -0.00643
   0.04472
  -0.00701
  -0.04261
   0.01981
   0.03666
  -0.03083
  -0.02740
   0.03906
   0.01566
  -0.04377
  -0.00251
   0.04452
  -0.01086
  -0.04126
   0.02326
   0.03427
  -0.03356
  -0.02419
   0.04082
   0.01192
  -0.04440
   0.00142
   0.04398
  -0.01463
  -0.03958
   0.02652
   0.03161
  -0.03602
  -0.02079
   0.04227
   0.00809
  -0.04470
   0.00534
   0.04310
  -0.01829
  -0.03760
   0.02959
   0.02871
  -0.03821
  -0.01723
   0.04339
   0.00419
  -0.04465
   0.00922
   0.04188
  -0.02180
  -0.03533
   0.03242
   0.02559
  -0.04011
  -0.01354
   0.04417
   0.00027
  -0.04425
   0.01303
   0.04034
  -0.02515
  -0.03278
   0.03500
   0.02227
  -0.04169
  -0.00974
   0.04462
  -0.00366
  -0.04352
   0.01674
   0.03849
  -0.02830
  -0.02998
   0.03731
   0.01877
  -0.04295
  -0.00587
   0.04471
  -0.00756
  -0.04244
   0.02032
   0.03634
  -0.03123
  -0.02695
   0.03933
   0.01514
  -0.04388
  -0.00195
   0.04446
  -0.01141
  -0.04104
   0.02374
   0.03391
  -0.03392
  -0.02371
   0.04105
   0.01138
  -0.04447
   0.00198
   0.04387
  -0.01516
  -0.03932
   0.02698
   0.03121
  -0.03635
  -0.02029
   0.04245
   0.00754
  -0.04471
   0.00590
   0.04294
  -0.01880
  -0.03729
   0.03000
   0.02828
  -0.03850
  -0.01671
   0.04352
   0.00363
  -0.04461
   0.00977
   0.04168
  -0.02229
  -0.03498
   0.03280
   0.02513
  -0.04035
  -0.01300
   0.04426
  -0.00030
  -0.04417
   0.01357
   0.04009
  -0.02561
  -0.03240
   0.03535
   0.02178
  -0.04189
  -0.00919
   0.04465
  -0.00422
  -0.04338
   0.01726
   0.03820
  -0.02873
  -0.02956
   0.03762
   0.01826
  -0.04310
  -0.00531
   0.04470
  -0.00812
  -0.04226
   0.02081
   0.03601
  -0.03163
  -0.02650
   0.03960
   0.01461
  -0.04398
  -0.00139
   0.04440
  -0.01195
  -0.04081
   0.02421
   0.03354
  -0.03429
  -0.02323
   0.04127
   0.01084
  -0.04452
   0.00254
   0.04376
  -0.01569
  -0.03905
   0.02742
   0.03081
  -0.03668
  -0.01979
   0.04262
   0.00698
  -0.04472
   0.00645
   0.04278
  -0.01931
  -0.03698
   0.03042
   0.02784
  -0.03878
  -0.01619
   0.04365
   0.00307
  -0.04457
   0.01032
   0.04147
  -0.02278
  -0.03463
   0.03318
   0.02466
  -0.04059
  -0.01246
   0.04433
  -0.00086
  -0.04408
   0.01410
   0.03984
  -0.02607
  -0.03201
   0.03569
   0.02129
  -0.04208
  -0.00864
   0.04468
  -0.00478
  -0.04324
   0.01777
   0.03790
  -0.02916
  -0.02914
   0.03792
   0.01775
  -0.04325
  -0.00475
   0.04468
  -0.00867
  -0.04207
   0.02131
   0.03567
  -0.03203
  -0.02605
   0.03985
   0.01407
  -0.04408
  -0.00083
   0.04433
  -0.01249
  -0.04058
   0.02468
   0.03316
  -0.03465
  -0.02275
   0.04148
   0.01029
  -0.04457
   0.00310
   0.04364
  -0.01621
  -0.03877
   0.02786
   0.03040
  -0.03700
  -0.01928
   0.04279
   0.00643
  -0.04472
   0.00701
   0.04261
  -0.01981
  -0.03666
   0.03083
   0.02740
  -0.03906
  -0.01566
   0.04377
   0.00251
  -0.04452
   0.01086
   0.04126
  -0.02326
  -0.03427
   0.03356
   0.02419
  -0.04082
  -0.01192
   0.04440
  -0.00142
  -0.04398
   0.01463
   0.03958
  -0.02652
  -0.03161
   0.03602
   0.02079
  -0.04227
  -0.00809
   0.04470
  -0.00534
  -0.04310
   0.01829
   0.03760
  -0.02959
  -0.02871
   0.03821
   0.01723
  -0.04339
  -0.00419
   0.04465
  -0.00922
  -0.04188
   0.02180
   0.03533
  -0.03242
  -0.02559
   0.04011
   0.01354
  -0.04417
  -0.00027
   0.04425
  -0.01303
  -0.04034
   0.02515
   0.03278
  -0.03500
  -0.02227
   0.04169
   0.00974
  -0.04462
   0.00366
   0.04352
  -0.01674
  -0.03849
   0.02830
   0.02998
  -0.03731
  -0.01877
   0.04295
   0.00587
  -0.04471
   0.00756
   0.04244
  -0.02032
  -0.03634
   0.03123
   0.02695
  -0.03933
  -0.01514
   0.04388
   0.00195
  -0.04446
   0.01141
   0.04104
  -0.02374
  -0.03391
   0.03392
   0.02371
  -0.04105
  -0.01138
   0.04447
  -0.00198
  -0.04387
   0.01516
   0.03932
  -0.02698
  -0.03121
   0.03635
   0.02029
  -0.04245
  -0.00754
   0.04471
  -0.00590
  -0.04294
   0.01880
   0.03729
  -0.03000
  -0.02828
   0.03850
   0.01671
  -0.04352
  -0.00363
   0.04461
  -0.00977
  -0.04168
   0.02229
   0.03498
  -0.03280
  -0.02513
   0.04035
   0.01300
  -0.04426
   0.00030
   0.04417
  -0.01357
  -0.04009
   0.02561
   0.03240
  -0.03535
  -0.02178
   0.04189
   0.00919
  -0.04465
   0.00422
   0.04338
  -0.01726
  -0.03820
   0.02873
   0.02956
  -0.03762
  -0.01826
   0.04310
   0.00531
  -0.04470
   0.00812
   0.04226
  -0.02081
  -0.03601
   0.03163
   0.02650
  -0.03960
  -0.01461
   0.04398
   0.00139
  -0.04440
   0.01195
   0.04081
  -0.02421
  -0.03354
   0.03429
   0.02323
  -0.04127
  -0.01084
   0.04452
  -0.00254
  -0.04376
   0.01569
   0.03905
  -0.02742
  -0.03081
   0.03668
   0.01979
  -0.04262
  -0.00698
   0.04472
  -0.00645
  -0.04278
   0.01931
   0.03698
  -0.03042
  -0.02784
   0.03878
   0.01619
  -0.04365
  -0.00307
   0.04457
  -0.01032
  -0.04147
   0.02278
   0.03463
  -0.03318
  -0.02466
   0.04059
   0.01246
  -0.04433
   0.00086
   0.04408
  -0.01410
  -0.03984
   0.02607
   0.03201
  -0.03569
  -0.02129
   0.04208
   0.00864
  -0.04468
   0.00478
   0.04324
  -0.01777
  -0.03790
   0.02916
   0.02914
  -0.03792
  -0.01775
   0.04325
   0.00475
  -0.04468
   0.00867
   0.04207
  -0.02131
  -0.03567
   0.03203
   0.02605
  -0.03985
  -0.01407
   0.04408
   0.00083
  -0.04433
   0.01249
   0.04058
  -0.02468
  -0.03316
   0.03465
   0.02275
  -0.04148
  -0.01029
   0.04457
  -0.00310
  -0.04364
   0.01621
   0.03877
  -0.02786
  -0.03040
   0.03700
   0.01928
  -0.04279
  -0.00643
   0.04472
  -0.00701
  -0.04261
   0.01981
   0.03666
  -0.03083
  -0.02740
   0.03906
   0.01566
  -0.04377
  -0.00251
   0.04452
  -0.01086
  -0.04126
   0.02326
   0.03427
  -0.03356
  -0.02419
   0.04082
   0.01192
  -0.04440
   0.00142
   0.04398
  -0.01463
  -0.03958
   0.02652
   0.03161
  -0.03602
  -0.02079
   0.04227
   0.00809
  -0.04470
   0.00534
   0.04310
  -0.01829
  -0.03760
   0.02959
   0.02871
  -0.03821
  -0.01723
   0.04339
   0.00419
  -0.04465
   0.00922
   0.04188
  -0.02180
  -0.03533
   0.03242
   0.02559
  -0.04011
  -0.01354
   0.04417
   0.00027
  -0.04425
   0.01303
   0.04034
  -0.02515
  -0.03278
   0.03500
   0.02227
  -0.04169
  -0.00974
   0.04462
  -0.00366
  -0.04352
   0.01674
   0.03849
  -0.02830
  -0.02998
   0.03731
   0.01877
  -0.04295
  -0.00587
   0.04471
  -0.00756
  -0.04244
   0.02032
   0.03634
  -0.03123
  -0.02695
   0.03933
   0.01514
  -0.04388
  -0.00195
   0.04446
  -0.01141
  -0.04104
   0.02374
   0.03391
  -0.03392
  -0.02371
   0.04105
   0.01138
  -0.04447
   0.00198
   0.04387
  -0.01516
  -0.03932
   0.02698
   0.03121
  -0.03635
  -0.02029
   0.04245
   0.00754
  -0.04471
   0.00590
   0.04294
  -0.01880
  -0.03729
   0.03000
   0.02828
  -0.03850
  -0.01671
   0.04352
   0.00363
  -0.04461
   0.00977
   0.04168
  -0.02229
  -0.03498
   0.03280
   0.02513
  -0.04035
  -0.01300
   0.04426
  -0.00030
  -0.04417
   0.01357
   0.04009
  -0.02561
  -0.03240
   0.03535
   0.02178
  -0.04189
  -0.00919
   0.04465
  -0.00422
  -0.04338
   0.01726
   0.03820
  -0.02873
  -0.02956
   0.03762
   0.01826
  -0.04310
  -0.00531
   0.04470
  -0.00812
  -0.04226
   0.02081
   0.03601
  -0.03163
  -0.02650
   0.03960
   0.01461
  -0.04398
  -0.00139
   0.04440
  -0.01195
  -0.04081
   0.02421
   0.03354
  -0.03429
  -0.02323
   0.04127
   0.01084
  -0.04452
   0.00254
   0.04376
  -0.01569
  -0.03905
   0.02742
   0.03081
  -0.03668
  -0.01979
   0.04262
   0.00698
  -0.04472
   0.00645
   0.04278
  -0.01931
  -0.03698
   0.03042
   0.02784
  -0.03878
  -0.01619
   0.04365
   0.00307
  -0.04457
   0.01032
   0.04147
  -0.02278
  -0.03463
   0.03318
   0.02466
  -0.04059
  -0.01246
   0.04433
  -0.00086
  -0.04408
   0.01410
   0.03984
  -0.02607
  -0.03201
   0.03569
   0.02129
  -0.04208
  -0.00864
   0.04468
  -0.00478
  -0.04324
   0.01777
   0.03790
  -0.02916
  -0.02914
   0.03792
   0.01775
  -0.04325
  -0.00475
   0.04468
  -0.00867
  -0.04207
   0.02131
   0.03567
  -0.03203
  -0.02605
   0.03985
   0.01407
  -0.04408
  -0.00083
   0.04433
  -0.01249
  -0.04058
   0.02468
   0.03316
  -0.03465
  -0.02275
   0.04148
   0.01029
  -0.04457
   0.00310
   0.04364
  -0.01621
  -0.03877
   0.02786
   0.03040
  -0.03700
  -0.01928
   0.04279
   0.00643
  -0.04472
   0.00701
   0.04261
  -0.01981
  -0.03666
   0.03083
   0.02740
  -0.03906
  -0.01566
   0.04377
   0.00251
  -0.04452
   0.01086
   0.04126
  -0.02326
  -0.03427
   0.03356
   0.02419
  -0.04082
  -0.01192
   0.04440
  -0.00142
  -0.04398
   0.01463
   0.03958
  -0.02652
  -0.03161
   0.03602
   0.02079
  -0.04227
  -0.00809
   0.04470
  -0.00534
