  -0.03779
  -0.04102
  -0.00831
   0.03167
   0.04392
   0.01770
  -0.02402
  -0.04470
  -0.02623
   0.01521
   0.04333
   0.03350
  -0.00567
  -0.03988
  -0.03916
  -0.00414
   0.03450
   0.04293
   0.01376
  -0.02746
  -0.04463
  -0.02271
   0.01910
   0.04418
   0.03057
  -0.00982
  -0.04161
  -0.03695
   0.00007
   0.03703
   0.04156
   0.00969
  -0.03066
  -0.04416
  -0.01898
   0.02282
   0.04464
   0.02736
  -0.01388
  -0.04296
  -0.03442
   0.00427
   0.03922
   0.03982
   0.00554
  -0.03359
  -0.04330
  -0.01509
   0.02634
   0.04470
   0.02391
  -0.01782
  -0.04394
  -0.03158
   0.00844
   0.04107
   0.03772
   0.00134
  -0.03622
  -0.04206
  -0.01106
   0.02962
   0.04436
   0.02024
  -0.02160
  -0.04453
  -0.02846
   0.01254
   0.04255
   0.03530
  -0.00287
  -0.03853
  -0.04044
  -0.00693
   0.03265
   0.04363
   0.01640
  -0.02519
  -0.04472
  -0.02508
   0.01652
   0.04366
   0.03256
  -0.00706
  -0.04049
  -0.03846
  -0.00274
   0.03538
   0.04251
   0.01241
  -0.02856
  -0.04452
  -0.02149
   0.02036
   0.04438
   0.02953
  -0.01119
  -0.04210
  -0.03614
   0.00147
   0.03779
   0.04102
   0.00831
  -0.03167
  -0.04392
  -0.01770
   0.02402
   0.04470
   0.02623
  -0.01521
  -0.04333
  -0.03350
   0.00567
   0.03988
   0.03916
   0.00414
  -0.03450
  -0.04293
  -0.01376
   0.02746
   0.04463
   0.02271
  -0.01910
  -0.04418
  -0.03057
   0.00982
   0.04161
   0.03695
  -0.00007
  -0.03703
  -0.04156
  -0.00969
   0.03066
   0.04416
   0.01898
  -0.02282
  -0.04464
  -0.02736
   0.01388
   0.04296
   0.03442
  -0.00427
  -0.03922
  -0.03982
  -0.00554
   0.03359
   0.04330
   0.01509
  -0.02634
  -0.04470
  -0.02391
   0.01782
   0.04394
   0.03158
  -0.00844
  -0.04107
  -0.03772
  -0.00134
   0.03622
   0.04206
   0.01106
  -0.02962
  -0.04436
  -0.02024
   0.02160
   0.04453
   0.02846
  -0.01254
  -0.04255
  -0.03530
   0.00287
   0.03853
   0.04044
   0.00693
  -0.03265
  -0.04363
  -0.01640
   0.02519
   0.04472
   0.02508
  -0.01652
  -0.04366
  -0.03256
   0.00706
   0.04049
   0.03846
   0.00274
  -0.03538
  -0.04251
  -0.01241
   0.02856
   0.04452
   0.02149
  -0.02036
  -0.04438
  -0.02953
   0.01119
   0.04210
   0.03614
  -0.00147
  -0.03779
  -0.04102
  -0.00831
   0.03167
   0.04392
   0.01770
  -0.02402
  -0.04470
  -0.02623
   0.01521
   0.04333
   0.03350
  -0.00567
  -0.03988
  -0.03916
  -0.00414
   0.03450
   0.04293
   0.01376
  -0.02746
  -0.04463
  -0.02271
   0.01910
   0.04418
   0.03057
  -0.00982
  -0.04161
  -0.03695
   0.00007
   0.03703
   0.04156
   0.00969
  -0.03066
  -0.04416
  -0.01898
   0.02282
   0.04464
   0.02736
  -0.01388
  -0.04296
  -0.03442
   0.00427
   0.03922
   0.03982
   0.00554
  -0.03359
  -0.04330
  -0.01509
   0.02634
   0.04470
   0.02391
  -0.01782
  -0.04394
  -0.03158
   0.00844
   0.04107
   0.03772
   0.00134
  -0.03622
  -0.04206
  -0.01106
   0.02962
   0.04436
   0.02024
  -0.02160
  -0.04453
  -0.02846
   0.01254
   0.04255
   0.03530
  -0.00287
  -0.03853
  -0.04044
  -0.00693
   0.03265
   0.04363
   0.01640
  -0.02519
  -0.04472
  -0.02508
   0.01652
   0.04366
   0.03256
  -0.00706
  -0.04049
  -0.03846
  -0.00274
   0.03538
   0.04251
   0.01241
  -0.02856
  -0.04452
  -0.02149
   0.02036
   0.04438
   0.02953
  -0.01119
  -0.04210
  -0.03614
   0.00147
   0.03779
   0.04102
   0.00831
  -0.03167
  -0.04392
  -0.01770
   0.02402
   0.04470
   0.02623
  -0.01521
  -0.04333
  -0.03350
   0.00567
   0.03988
   0.03916
   0.00414
  -0.03450
  -0.04293
  -0.01376
   0.02746
   0.04463
   0.02271
  -0.01910
  -0.04418
  -0.03057
   0.00982
   0.04161
   0.03695
  -0.00007
  -0.03703
  -0.04156
  -0.00969
   0.03066
   0.04416
   0.01898
  -0.02282
  -0.04464
  -0.02736
   0.01388
   0.04296
   0.03442
  -0.00427
  -0.03922
  -0.03982
  -0.00554
   0.03359
   0.04330
   0.01509
  -0.02634
  -0.04470
  -0.02391
   0.01782
   0.04394
   0.03158
  -0.00844
  -0.04107
  -0.03772
  -0.00134
   0.03622
   0.04206
   0.01106
  -0.02962
  -0.04436
  -0.02024
   0.02160
   0.04453
   0.02846
  -0.01254
  -0.04255
  -0.03530
   0.00287
   0.03853
   0.04044
   0.00693
  -0.03265
  -0.04363
  -0.01640
   0.02519
   0.04472
   0.02508
  -0.01652
  -0.04366
  -0.03256
   0.00706
   0.04049
   0.03846
   0.00274
  -0.03538
  -0.04251
  -0.01241
   0.02856
   0.04452
   0.02149
  -0.02036
  -0.04438
  -0.02953
   0.01119
   0.04210
   0.03614
  -0.00147
  -0.03779
  -0.04102
  -0.00831
   0.03167
   0.04392
   0.01770
  -0.02402
  -0.04470
  -0.02623
   0.01521
   0.04333
   0.03350
  -0.00567
  -0.03988
  -0.03916
  -0.00414
   0.03450
   0.04293
   0.01376
  -0.02746
  -0.04463
  -0.02271
   0.01910
   0.04418
   0.03057
  -0.00982
  -0.04161
  -0.03695
   0.00007
   0.03703
   0.04156
   0.00969
  -0.03066
  -0.04416
  -0.01898
   0.02282
   0.04464
   0.02736
  -0.01388
  -0.04296
  -0.03442
   0.00427
   0.03922
   0.03982
   0.00554
  -0.03359
  -0.04330
  -0.01509
   0.02634
   0.04470
   0.02391
  -0.01782
  -0.04394
  -0.03158
   0.00844
   0.04107
   0.03772
   0.00134
  -0.03622
  -0.04206
  -0.01106
   0.02962
   0.04436
   0.02024
  -0.02160
  -0.04453
  -0.02846
   0.01254
   0.04255
   0.03530
  -0.00287
  -0.03853
  -0.04044
  -0.00693
   0.03265
   0.04363
   0.01640
  -0.02519
  -0.04472
  -0.02508
   0.01652
   0.04366
   0.03256
  -0.00706
  -0.04049
  -0.03846
  -0.00274
   0.03538
   0.04251
   0.01241
  -0.02856
  -0.04452
  -0.02149
   0.02036
   0.04438
   0.02953
  -0.01119
  -0.04210
  -0.03614
   0.00147
   0.03779
   0.04102
   0.00831
  -0.03167
  -0.04392
  -0.01770
   0.02402
   0.04470
   0.02623
  -0.01521
  -0.04333
  -0.03350
   0.00567
   0.03988
   0.03916
   0.00414
  -0.03450
  -0.04293
  -0.01376
   0.02746
   0.04463
   0.02271
  -0.01910
  -0.04418
  -0.03057
   0.00982
   0.04161
   0.03695
  -0.00007
  -0.03703
  -0.04156
  -0.00969
   0.03066
   0.04416
   0.01898
  -0.02282
  -0.04464
  -0.02736
   0.01388
   0.04296
   0.03442
  -0.00427
  -0.03922
  -0.03982
  -0.00554
   0.03359
   0.04330
   0.01509
  -0.02634
  -0.04470
  -0.02391
   0.01782
   0.04394
   0.03158
  -0.00844
  -0.04107
  -0.03772
  -0.00134
   0.03622
   0.04206
   0.01106
  -0.02962
  -0.04436
  -0.02024
   0.02160
   0.04453
   0.02846
  -0.01254
  -0.04255
  -0.03530
   0.00287
   0.03853
   0.04044
   0.00693
  -0.03265
  -0.04363
  -0.01640
   0.02519
   0.04472
   0.02508
  -0.01652
  -0.04366
  -0.03256
   0.00706
   0.04049
   0.03846
   0.00274
  -0.03538
  -0.04251
  -0.01241
   0.02856
   0.04452
   0.02149
  -0.02036
  -0.04438
  -0.02953
   0.01119
   0.04210
   0.03614
  -0.00147
  -0.03779
  -0.04102
  -0.00831
   0.03167
   0.04392
   0.01770
  -0.02402
  -0.04470
  -0.02623
   0.01521
   0.04333
   0.03350
  -0.00567
  -0.03988
  -0.03916
  -0.00414
   0.03450
   0.04293
   0.01376
  -0.02746
  -0.04463
  -0.02271
   0.01910
   0.04418
   0.03057
  -0.00982
  -0.04161
  -0.03695
   0.00007
   0.03703
   0.04156
   0.00969
  -0.03066
  -0.04416
  -0.01898
   0.02282
   0.04464
   0.02736
  -0.01388
  -0.04296
  -0.03442
   0.00427
   0.03922
   0.03982
   0.00554
  -0.03359
  -0.04330
  -0.01509
   0.02634
   0.04470
   0.02391
  -0.01782
  -0.04394
  -0.03158
   0.00844
   0.04107
   0.03772
   0.00134
  -0.03622
  -0.04206
  -0.01106
   0.02962
   0.04436
   0.02024
  -0.02160
  -0.04453
  -0.02846
   0.01254
   0.04255
   0.03530
  -0.00287
  -0.03853
  -0.04044
  -0.00693
   0.03265
   0.04363
   0.01640
  -0.02519
  -0.04472
  -0.02508
   0.01652
   0.04366
   0.03256
  -0.00706
  -0.04049
  -0.03846
  -0.00274
   0.03538
   0.04251
   0.01241
  -0.02856
  -0.04452
  -0.02149
   0.02036
   0.04438
   0.02953
  -0.01119
  -0.04210
  -0.03614
   0.00147
   0.03779
   0.04102
   0.00831
  -0.03167
  -0.04392
  -0.01770
   0.02402
   0.04470
   0.02623
  -0.01521
  -0.04333
  -0.03350
   0.00567
   0.03988
   0.03916
   0.00414
  -0.03450
  -0.04293
  -0.01376
   0.02746
   0.04463
   0.02271
  -0.01910
  -0.04418
  -0.03057
   0.00982
   0.04161
   0.03695
  -0.00007
  -0.03703
  -0.04156
  -0.00969
   0.03066
   0.04416
   0.01898
  -0.02282
  -0.04464
  -0.02736
   0.01388
   0.04296
   0.03442
  -0.00427
  -0.03922
  -0.03982
  -0.00554
   0.03359
   0.04330
   0.01509
  -0.02634
  -0.04470
  -0.02391
   0.01782
   0.04394
   0.03158
  -0.00844
  -0.04107
  -0.03772
  -0.00134
   0.03622
   0.04206
   0.01106
  -0.02962
  -0.04436
  -0.02024
   0.02160
   0.04453
   0.02846
  -0.01254
  -0.04255
  -0.03530
   0.00287
   0.03853
   0.04044
   0.00693
  -0.03265
  -0.04363
  -0.01640
   0.02519
   0.04472
   0.02508
  -0.01652
  -0.04366
  -0.03256
   0.00706
   0.04049
   0.03846
   0.00274
  -0.03538
  -0.04251
  -0.01241
   0.02856
   0.04452
   0.02149
  -0.02036
  -0.04438
  -0.02953
   0.01119
   0.04210
   0.03614
  -0.00147
  -0.03779
  -0.04102
  -0.00831
   0.03167
   0.04392
   0.01770
  -0.02402
  -0.04470
  -0.02623
   0.01521
   0.04333
   0.03350
  -0.00567
  -0.03988
  -0.03916
  -0.00414
   0.03450
   0.04293
   0.01376
  -0.02746
  -0.04463
  -0.02271
   0.01910
   0.04418
   0.03057
  -0.00982
  -0.04161
  -0.03695
   0.00007
   0.03703
   0.04156
   0.00969
  -0.03066
  -0.04416
  -0.01898
   0.02282
   0.04464
   0.02736
  -0.01388
  -0.04296
  -0.03442
   0.00427
   0.03922
   0.03982
   0.00554
  -0.03359
  -0.04330
  -0.01509
   0.02634
   0.04470
   0.02391
  -0.01782
  -0.04394
  -0.03158
   0.00844
   0.04107
   0.03772
   0.00134
  -0.03622
  -0.04206
  -0.01106
   0.02962
   0.04436
   0.02024
  -0.02160
  -0.04453
  -0.02846
   0.01254
   0.04255
   0.03530
  -0.00287
  -0.03853
  -0.04044
  -0.00693
   0.03265
   0.04363
   0.01640
  -0.02519
  -0.04472
  -0.02508
   0.01652
   0.04366
   0.03256
  -0.00706
  -0.04049
  -0.03846
  -0.00274
   0.03538
   0.04251
   0.01241
  -0.02856
  -0.04452
  -0.02149
   0.02036
   0.04438
   0.02953
  -0.01119
  -0.04210
  -0.03614
   0.00147
   0.03779
   0.04102
   0.00831
  -0.03167
  -0.04392
  -0.01770
   0.02402
   0.04470
   0.02623
  -0.01521
  -0.04333
  -0.03350
   0.00567
   0.03988
   0.03916
   0.00414
  -0.03450
  -0.04293
  -0.01376
   0.02746
   0.04463
   0.02271
  -0.01910
  -0.04418
  -0.03057
   0.00982
   0.04161
   0.03695
  -0.00007
  -0.03703
  -0.04156
  -0.00969
   0.03066
   0.04416
   0.01898
  -0.02282
  -0.04464
  -0.02736
   0.01388
   0.04296
   0.03442
  -0.00427
  -0.03922
  -0.03982
  -0.00554
   0.03359
   0.04330
   0.01509
  -0.02634
  -0.04470
  -0.02391
   0.01782
   0.04394
   0.03158
  -0.00844
  -0.04107
  -0.03772
  -0.00134
   0.03622
   0.04206
   0.01106
  -0.02962
  -0.04436
  -0.02024
   0.02160
   0.04453
   0.02846
  -0.01254
  -0.04255
  -0.03530
   0.00287
   0.03853
   0.04044
   0.00693
  -0.03265
  -0.04363
  -0.01640
   0.02519
   0.04472
   0.02508
  -0.01652
  -0.04366
  -0.03256
   0.00706
   0.04049
   0.03846
   0.00274
  -0.03538
  -0.04251
  -0.01241
   0.02856
   0.04452
   0.02149
  -0.02036
  -0.04438
  -0.02953
   0.01119
   0.04210
   0.03614
  -0.00147
