  -0.02967
   0.04448
  -0.03594
   0.00853
   0.02336
  -0.04298
   0.04004
  -0.01608
  -0.01632
   0.04016
  -0.04291
   0.02314
   0.00878
  -0.03609
   0.04445
  -0.02948
  -0.00097
   0.03091
  -0.04462
   0.03491
  -0.00687
  -0.02478
   0.04342
  -0.03926
   0.01450
   0.01788
  -0.04087
   0.04240
  -0.02168
  -0.01043
   0.03706
  -0.04424
   0.02819
   0.00266
  -0.03211
   0.04470
  -0.03383
   0.00520
   0.02616
  -0.04379
   0.03843
  -0.01289
  -0.01941
   0.04152
  -0.04184
   0.02019
   0.01206
  -0.03798
   0.04396
  -0.02686
  -0.00434
   0.03326
  -0.04472
   0.03270
  -0.00352
  -0.02751
   0.04410
  -0.03754
   0.01127
   0.02092
  -0.04212
   0.04121
  -0.01867
  -0.01368
   0.03884
  -0.04362
   0.02549
   0.00601
  -0.03436
   0.04467
  -0.03153
   0.00184
   0.02882
  -0.04435
   0.03660
  -0.00963
  -0.02239
   0.04266
  -0.04053
   0.01712
   0.01527
  -0.03965
   0.04321
  -0.02409
  -0.00768
   0.03542
  -0.04456
   0.03031
  -0.00015
  -0.03009
   0.04453
  -0.03560
   0.00798
   0.02383
  -0.04313
   0.03979
  -0.01556
  -0.01684
   0.04040
  -0.04275
   0.02265
   0.00933
  -0.03642
   0.04439
  -0.02905
  -0.00153
   0.03132
  -0.04466
   0.03456
  -0.00631
  -0.02524
   0.04355
  -0.03899
   0.01396
   0.01839
  -0.04109
   0.04222
  -0.02118
  -0.01097
   0.03737
  -0.04415
   0.02775
   0.00322
  -0.03250
   0.04472
  -0.03346
   0.00464
   0.02662
  -0.04390
   0.03814
  -0.01235
  -0.01992
   0.04173
  -0.04164
   0.01968
   0.01260
  -0.03827
   0.04385
  -0.02641
  -0.00490
   0.03363
  -0.04471
   0.03232
  -0.00296
  -0.02795
   0.04419
  -0.03723
   0.01072
   0.02141
  -0.04231
   0.04099
  -0.01816
  -0.01421
   0.03912
  -0.04349
   0.02503
   0.00657
  -0.03472
   0.04464
  -0.03113
   0.00128
   0.02925
  -0.04442
   0.03627
  -0.00908
  -0.02288
   0.04282
  -0.04029
   0.01660
   0.01580
  -0.03991
   0.04306
  -0.02362
  -0.00823
   0.03576
  -0.04451
   0.02990
   0.00041
  -0.03050
   0.04458
  -0.03526
   0.00742
   0.02431
  -0.04328
   0.03953
  -0.01503
  -0.01736
   0.04064
  -0.04258
   0.02217
   0.00988
  -0.03674
   0.04432
  -0.02862
  -0.00210
   0.03171
  -0.04468
   0.03420
  -0.00576
  -0.02571
   0.04367
  -0.03871
   0.01343
   0.01890
  -0.04131
   0.04203
  -0.02069
  -0.01152
   0.03768
  -0.04406
   0.02731
   0.00378
  -0.03288
   0.04472
  -0.03309
   0.00408
   0.02707
  -0.04400
   0.03784
  -0.01181
  -0.02042
   0.04193
  -0.04143
   0.01918
   0.01314
  -0.03856
   0.04374
  -0.02595
  -0.00545
   0.03400
  -0.04470
   0.03193
  -0.00240
  -0.02839
   0.04427
  -0.03692
   0.01018
   0.02190
  -0.04249
   0.04076
  -0.01764
  -0.01474
   0.03939
  -0.04335
   0.02456
   0.00712
  -0.03507
   0.04461
  -0.03072
   0.00071
   0.02967
  -0.04448
   0.03594
  -0.00853
  -0.02336
   0.04298
  -0.04004
   0.01608
   0.01632
  -0.04016
   0.04291
  -0.02314
  -0.00878
   0.03609
  -0.04445
   0.02948
   0.00097
  -0.03091
   0.04462
  -0.03491
   0.00687
   0.02478
  -0.04342
   0.03926
  -0.01450
  -0.01788
   0.04087
  -0.04240
   0.02168
   0.01043
  -0.03706
   0.04424
  -0.02819
  -0.00266
   0.03211
  -0.04470
   0.03383
  -0.00520
  -0.02616
   0.04379
  -0.03843
   0.01289
   0.01941
  -0.04152
   0.04184
  -0.02019
  -0.01206
   0.03798
  -0.04396
   0.02686
   0.00434
  -0.03326
   0.04472
  -0.03270
   0.00352
   0.02751
  -0.04410
   0.03754
  -0.01127
  -0.02092
   0.04212
  -0.04121
   0.01867
   0.01368
  -0.03884
   0.04362
  -0.02549
  -0.00601
   0.03436
  -0.04467
   0.03153
  -0.00184
  -0.02882
   0.04435
  -0.03660
   0.00963
   0.02239
  -0.04266
   0.04053
  -0.01712
  -0.01527
   0.03965
  -0.04321
   0.02409
   0.00768
  -0.03542
   0.04456
  -0.03031
   0.00015
   0.03009
  -0.04453
   0.03560
  -0.00798
  -0.02383
   0.04313
  -0.03979
   0.01556
   0.01684
  -0.04040
   0.04275
  -0.02265
  -0.00933
   0.03642
  -0.04439
   0.02905
   0.00153
  -0.03132
   0.04466
  -0.03456
   0.00631
   0.02524
  -0.04355
   0.03899
  -0.01396
  -0.01839
   0.04109
  -0.04222
   0.02118
   0.01097
  -0.03737
   0.04415
  -0.02775
  -0.00322
   0.03250
  -0.04472
   0.03346
  -0.00464
  -0.02662
   0.04390
  -0.03814
   0.01235
   0.01992
  -0.04173
   0.04164
  -0.01968
  -0.01260
   0.03827
  -0.04385
   0.02641
   0.00490
  -0.03363
   0.04471
  -0.03232
   0.00296
   0.02795
  -0.04419
   0.03723
  -0.01072
  -0.02141
   0.04231
  -0.04099
   0.01816
   0.01421
  -0.03912
   0.04349
  -0.02503
  -0.00657
   0.03472
  -0.04464
   0.03113
  -0.00128
  -0.02925
   0.04442
  -0.03627
   0.00908
   0.02288
  -0.04282
   0.04029
  -0.01660
  -0.01580
   0.03991
  -0.04306
   0.02362
   0.00823
  -0.03576
   0.04451
  -0.02990
  -0.00041
   0.03050
  -0.04458
   0.03526
  -0.00742
  -0.02431
   0.04328
  -0.03953
   0.01503
   0.01736
  -0.04064
   0.04258
  -0.02217
  -0.00988
   0.03674
  -0.04432
   0.02862
   0.00210
  -0.03171
   0.04468
  -0.03420
   0.00576
   0.02571
  -0.04367
   0.03871
  -0.01343
  -0.01890
   0.04131
  -0.04203
   0.02069
   0.01152
  -0.03768
   0.04406
  -0.02731
  -0.00378
   0.03288
  -0.04472
   0.03309
  -0.00408
  -0.02707
   0.04400
  -0.03784
   0.01181
   0.02042
  -0.04193
   0.04143
  -0.01918
  -0.01314
   0.03856
  -0.04374
   0.02595
   0.00545
  -0.03400
   0.04470
  -0.03193
   0.00240
   0.02839
  -0.04427
   0.03692
  -0.01018
  -0.02190
   0.04249
  -0.04076
   0.01764
   0.01474
  -0.03939
   0.04335
  -0.02456
  -0.00712
   0.03507
  -0.04461
   0.03072
  -0.00071
  -0.02967
   0.04448
  -0.03594
   0.00853
   0.02336
  -0.04298
   0.04004
  -0.01608
  -0.01632
   0.04016
  -0.04291
   0.02314
   0.00878
  -0.03609
   0.04445
  -0.02948
  -0.00097
   0.03091
  -0.04462
   0.03491
  -0.00687
  -0.02478
   0.04342
  -0.03926
   0.01450
   0.01788
  -0.04087
   0.04240
  -0.02168
  -0.01043
   0.03706
  -0.04424
   0.02819
   0.00266
  -0.03211
   0.04470
  -0.03383
   0.00520
   0.02616
  -0.04379
   0.03843
  -0.01289
  -0.01941
   0.04152
  -0.04184
   0.02019
   0.01206
  -0.03798
   0.04396
  -0.02686
  -0.00434
   0.03326
  -0.04472
   0.03270
  -0.00352
  -0.02751
   0.04410
  -0.03754
   0.01127
   0.02092
  -0.04212
   0.04121
  -0.01867
  -0.01368
   0.03884
  -0.04362
   0.02549
   0.00601
  -0.03436
   0.04467
  -0.03153
   0.00184
   0.02882
  -0.04435
   0.03660
  -0.00963
  -0.02239
   0.04266
  -0.04053
   0.01712
   0.01527
  -0.03965
   0.04321
  -0.02409
  -0.00768
   0.03542
  -0.04456
   0.03031
  -0.00015
  -0.03009
   0.04453
  -0.03560
   0.00798
   0.02383
  -0.04313
   0.03979
  -0.01556
  -0.01684
   0.04040
  -0.04275
   0.02265
   0.00933
  -0.03642
   0.04439
  -0.02905
  -0.00153
   0.03132
  -0.04466
   0.03456
  -0.00631
  -0.02524
   0.04355
  -0.03899
   0.01396
   0.01839
  -0.04109
   0.04222
  -0.02118
  -0.01097
   0.03737
  -0.04415
   0.02775
   0.00322
  -0.03250
   0.04472
  -0.03346
   0.00464
   0.02662
  -0.04390
   0.03814
  -0.01235
  -0.01992
   0.04173
  -0.04164
   0.01968
   0.01260
  -0.03827
   0.04385
  -0.02641
  -0.00490
   0.03363
  -0.04471
   0.03232
  -0.00296
  -0.02795
   0.04419
  -0.03723
   0.01072
   0.02141
  -0.04231
   0.04099
  -0.01816
  -0.01421
   0.03912
  -0.04349
   0.02503
   0.00657
  -0.03472
   0.04464
  -0.03113
   0.00128
   0.02925
  -0.04442
   0.03627
  -0.00908
  -0.02288
   0.04282
  -0.04029
   0.01660
   0.01580
  -0.03991
   0.04306
  -0.02362
  -0.00823
   0.03576
  -0.04451
   0.02990
   0.00041
  -0.03050
   0.04458
  -0.03526
   0.00742
   0.02431
  -0.04328
   0.03953
  -0.01503
  -0.01736
   0.04064
  -0.04258
   0.02217
   0.00988
  -0.03674
   0.04432
  -0.02862
  -0.00210
   0.03171
  -0.04468
   0.03420
  -0.00576
  -0.02571
   0.04367
  -0.03871
   0.01343
   0.01890
  -0.04131
   0.04203
  -0.02069
  -0.01152
   0.03768
  -0.04406
   0.02731
   0.00378
  -0.03288
   0.04472
  -0.03309
   0.00408
   0.02707
  -0.04400
   0.03784
  -0.01181
  -0.02042
   0.04193
  -0.04143
   0.01918
   0.01314
  -0.03856
   0.04374
  -0.02595
  -0.00545
   0.03400
  -0.04470
   0.03193
  -0.00240
  -0.02839
   0.04427
  -0.03692
   0.01018
   0.02190
  -0.04249
   0.04076
  -0.01764
  -0.01474
   0.03939
  -0.04335
   0.02456
   0.00712
  -0.03507
   0.04461
  -0.03072
   0.00071
   0.02967
  -0.04448
   0.03594
  -0.00853
  -0.02336
   0.04298
  -0.04004
   0.01608
   0.01632
  -0.04016
   0.04291
  -0.02314
  -0.00878
   0.03609
  -0.04445
   0.02948
   0.00097
  -0.03091
   0.04462
  -0.03491
   0.00687
   0.02478
  -0.04342
   0.03926
  -0.01450
  -0.01788
   0.04087
  -0.04240
   0.02168
   0.01043
  -0.03706
   0.04424
  -0.02819
  -0.00266
   0.03211
  -0.04470
   0.03383
  -0.00520
  -0.02616
   0.04379
  -0.03843
   0.01289
   0.01941
  -0.04152
   0.04184
  -0.02019
  -0.01206
   0.03798
  -0.04396
   0.02686
   0.00434
  -0.03326
   0.04472
  -0.03270
   0.00352
   0.02751
  -0.04410
   0.03754
  -0.01127
  -0.02092
   0.04212
  -0.04121
   0.01867
   0.01368
  -0.03884
   0.04362
  -0.02549
  -0.00601
   0.03436
  -0.04467
   0.03153
  -0.00184
  -0.02882
   0.04435
  -0.03660
   0.00963
   0.02239
  -0.04266
   0.04053
  -0.01712
  -0.01527
   0.03965
  -0.04321
   0.02409
   0.00768
  -0.03542
   0.04456
  -0.03031
   0.00015
   0.03009
  -0.04453
   0.03560
  -0.00798
  -0.02383
   0.04313
  -0.03979
   0.01556
   0.01684
  -0.04040
   0.04275
  -0.02265
  -0.00933
   0.03642
  -0.04439
   0.02905
   0.00153
  -0.03132
   0.04466
  -0.03456
   0.00631
   0.02524
  -0.04355
   0.03899
  -0.01396
  -0.01839
   0.04109
  -0.04222
   0.02118
   0.01097
  -0.03737
   0.04415
  -0.02775
  -0.00322
   0.03250
  -0.04472
   0.03346
  -0.00464
  -0.02662
   0.04390
  -0.03814
   0.01235
   0.01992
  -0.04173
   0.04164
  -0.01968
  -0.01260
   0.03827
  -0.04385
   0.02641
   0.00490
  -0.03363
   0.04471
  -0.03232
   0.00296
   0.02795
  -0.04419
   0.03723
  -0.01072
  -0.02141
   0.04231
  -0.04099
   0.01816
   0.01421
  -0.03912
   0.04349
  -0.02503
  -0.00657
   0.03472
  -0.04464
   0.03113
  -0.00128
  -0.02925
   0.04442
  -0.03627
   0.00908
   0.02288
  -0.04282
   0.04029
  -0.01660
  -0.01580
   0.03991
  -0.04306
   0.02362
   0.00823
  -0.03576
   0.04451
  -0.02990
  -0.00041
   0.03050
  -0.04458
   0.03526
  -0.00742
  -0.02431
   0.04328
  -0.03953
   0.01503
   0.01736
  -0.04064
   0.04258
  -0.02217
  -0.00988
   0.03674
  -0.04432
   0.02862
   0.00210
  -0.03171
   0.04468
  -0.03420
   0.00576
   0.02571
  -0.04367
   0.03871
  -0.01343
  -0.01890
   0.04131
  -0.04203
   0.02069
   0.01152
  -0.03768
   0.04406
  -0.02731
  -0.00378
   0.03288
  -0.04472
   0.03309
  -0.00408
  -0.02707
   0.04400
  -0.03784
   0.01181
   0.02042
  -0.04193
   0.04143
  -0.01918
  -0.01314
   0.03856
  -0.04374
   0.02595
   0.00545
  -0.03400
   0.04470
  -0.03193
   0.00240
   0.02839
  -0.04427
   0.03692
  -0.01018
  -0.02190
   0.04249
  -0.04076
   0.01764
   0.01474
  -0.03939
   0.04335
  -0.02456
  -0.00712
   0.03507
  -0.04461
   0.03072
  -0.00071
