  -0.01953
   0.03918
  -0.04444
   0.03337
  -0.01005
  -0.01697
   0.03775
  -0.04467
   0.03518
  -0.01277
  -0.01433
   0.03617
  -0.04472
   0.03684
  -0.01543
  -0.01165
   0.03445
  -0.04459
   0.03836
  -0.01804
  -0.00891
   0.03259
  -0.04429
   0.03973
  -0.02057
  -0.00614
   0.03060
  -0.04382
   0.04094
  -0.02302
  -0.00335
   0.02849
  -0.04317
   0.04199
  -0.02539
  -0.00054
   0.02627
  -0.04235
   0.04287
  -0.02765
   0.00227
   0.02395
  -0.04136
   0.04359
  -0.02980
   0.00507
   0.02153
  -0.04021
   0.04413
  -0.03183
   0.00785
   0.01902
  -0.03891
   0.04450
  -0.03374
   0.01060
   0.01644
  -0.03744
   0.04469
  -0.03552
   0.01330
   0.01380
  -0.03584
   0.04471
  -0.03716
   0.01596
   0.01110
  -0.03408
   0.04455
  -0.03865
   0.01855
   0.00836
  -0.03220
   0.04421
  -0.03998
   0.02107
   0.00559
  -0.03019
   0.04370
  -0.04116
   0.02350
   0.00279
  -0.02806
   0.04302
  -0.04218
   0.02585
  -0.00002
  -0.02581
   0.04217
  -0.04303
   0.02809
  -0.00283
  -0.02347
   0.04115
  -0.04371
   0.03022
  -0.00562
  -0.02103
   0.03996
  -0.04422
   0.03223
  -0.00840
  -0.01851
   0.03863
  -0.04455
   0.03411
  -0.01114
  -0.01592
   0.03713
  -0.04471
   0.03586
  -0.01384
  -0.01327
   0.03550
  -0.04469
   0.03747
  -0.01648
  -0.01056
   0.03372
  -0.04449
   0.03893
  -0.01906
  -0.00781
   0.03181
  -0.04412
   0.04023
  -0.02156
  -0.00503
   0.02977
  -0.04358
   0.04138
  -0.02398
  -0.00223
   0.02762
  -0.04286
   0.04236
  -0.02630
   0.00058
   0.02535
  -0.04197
   0.04318
  -0.02852
   0.00339
   0.02299
  -0.04092
   0.04382
  -0.03063
   0.00618
   0.02054
  -0.03971
   0.04430
  -0.03261
   0.00895
   0.01800
  -0.03834
   0.04460
  -0.03447
   0.01168
   0.01539
  -0.03682
   0.04472
  -0.03619
   0.01437
   0.01273
  -0.03515
   0.04466
  -0.03777
   0.01700
   0.01001
  -0.03335
   0.04443
  -0.03920
   0.01957
   0.00725
  -0.03141
   0.04403
  -0.04047
   0.02205
   0.00447
  -0.02935
   0.04345
  -0.04159
   0.02445
   0.00167
  -0.02717
   0.04270
  -0.04254
   0.02676
  -0.00114
  -0.02489
   0.04178
  -0.04332
   0.02895
  -0.00395
  -0.02251
   0.04069
  -0.04393
   0.03104
  -0.00674
  -0.02003
   0.03945
  -0.04437
   0.03300
  -0.00950
  -0.01748
   0.03805
  -0.04463
   0.03483
  -0.01223
  -0.01487
   0.03650
  -0.04472
   0.03652
  -0.01490
  -0.01219
   0.03480
  -0.04463
   0.03807
  -0.01752
  -0.00946
   0.03297
  -0.04437
   0.03947
  -0.02007
  -0.00670
   0.03101
  -0.04393
   0.04071
  -0.02254
  -0.00391
   0.02892
  -0.04331
   0.04179
  -0.02492
  -0.00110
   0.02672
  -0.04253
   0.04271
  -0.02720
   0.00171
   0.02442
  -0.04157
   0.04346
  -0.02938
   0.00451
   0.02202
  -0.04046
   0.04403
  -0.03144
   0.00729
   0.01953
  -0.03918
   0.04444
  -0.03337
   0.01005
   0.01697
  -0.03775
   0.04467
  -0.03518
   0.01277
   0.01433
  -0.03617
   0.04472
  -0.03684
   0.01543
   0.01165
  -0.03445
   0.04459
  -0.03836
   0.01804
   0.00891
  -0.03259
   0.04429
  -0.03973
   0.02057
   0.00614
  -0.03060
   0.04382
  -0.04094
   0.02302
   0.00335
  -0.02849
   0.04317
  -0.04199
   0.02539
   0.00054
  -0.02627
   0.04235
  -0.04287
   0.02765
  -0.00227
  -0.02395
   0.04136
  -0.04359
   0.02980
  -0.00507
  -0.02153
   0.04021
  -0.04413
   0.03183
  -0.00785
  -0.01902
   0.03891
  -0.04450
   0.03374
  -0.01060
  -0.01644
   0.03744
  -0.04469
   0.03552
  -0.01330
  -0.01380
   0.03584
  -0.04471
   0.03716
  -0.01596
  -0.01110
   0.03408
  -0.04455
   0.03865
  -0.01855
  -0.00836
   0.03220
  -0.04421
   0.03998
  -0.02107
  -0.00559
   0.03019
  -0.04370
   0.04116
  -0.02350
  -0.00279
   0.02806
  -0.04302
   0.04218
  -0.02585
   0.00002
   0.02581
  -0.04217
   0.04303
  -0.02809
   0.00283
   0.02347
  -0.04115
   0.04371
  -0.03022
   0.00562
   0.02103
  -0.03996
   0.04422
  -0.03223
   0.00840
   0.01851
  -0.03863
   0.04455
  -0.03411
   0.01114
   0.01592
  -0.03713
   0.04471
  -0.03586
   0.01384
   0.01327
  -0.03550
   0.04469
  -0.03747
   0.01648
   0.01056
  -0.03372
   0.04449
  -0.03893
   0.01906
   0.00781
  -0.03181
   0.04412
  -0.04023
   0.02156
   0.00503
  -0.02977
   0.04358
  -0.04138
   0.02398
   0.00223
  -0.02762
   0.04286
  -0.04236
   0.02630
  -0.00058
  -0.02535
   0.04197
  -0.04318
   0.02852
  -0.00339
  -0.02299
   0.04092
  -0.04382
   0.03063
  -0.00618
  -0.02054
   0.03971
  -0.04430
   0.03261
  -0.00895
  -0.01800
   0.03834
  -0.04460
   0.03447
  -0.01168
  -0.01539
   0.03682
  -0.04472
   0.03619
  -0.01437
  -0.01273
   0.03515
  -0.04466
   0.03777
  -0.01700
  -0.01001
   0.03335
  -0.04443
   0.03920
  -0.01957
  -0.00725
   0.03141
  -0.04403
   0.04047
  -0.02205
  -0.00447
   0.02935
  -0.04345
   0.04159
  -0.02445
  -0.00167
   0.02717
  -0.04270
   0.04254
  -0.02676
   0.00114
   0.02489
  -0.04178
   0.04332
  -0.02895
   0.00395
   0.02251
  -0.04069
   0.04393
  -0.03104
   0.00674
   0.02003
  -0.03945
   0.04437
  -0.03300
   0.00950
   0.01748
  -0.03805
   0.04463
  -0.03483
   0.01223
   0.01487
  -0.03650
   0.04472
  -0.03652
   0.01490
   0.01219
  -0.03480
   0.04463
  -0.03807
   0.01752
   0.00946
  -0.03297
   0.04437
  -0.03947
   0.02007
   0.00670
  -0.03101
   0.04393
  -0.04071
   0.02254
   0.00391
  -0.02892
   0.04331
  -0.04179
   0.02492
   0.00110
  -0.02672
   0.04253
  -0.04271
   0.02720
  -0.00171
  -0.02442
   0.04157
  -0.04346
   0.02938
  -0.00451
  -0.02202
   0.04046
  -0.04403
   0.03144
  -0.00729
  -0.01953
   0.03918
  -0.04444
   0.03337
  -0.01005
  -0.01697
   0.03775
  -0.04467
   0.03518
  -0.01277
  -0.01433
   0.03617
  -0.04472
   0.03684
  -0.01543
  -0.01165
   0.03445
  -0.04459
   0.03836
  -0.01804
  -0.00891
   0.03259
  -0.04429
   0.03973
  -0.02057
  -0.00614
   0.03060
  -0.04382
   0.04094
  -0.02302
  -0.00335
   0.02849
  -0.04317
   0.04199
  -0.02539
  -0.00054
   0.02627
  -0.04235
   0.04287
  -0.02765
   0.00227
   0.02395
  -0.04136
   0.04359
  -0.02980
   0.00507
   0.02153
  -0.04021
   0.04413
  -0.03183
   0.00785
   0.01902
  -0.03891
   0.04450
  -0.03374
   0.01060
   0.01644
  -0.03744
   0.04469
  -0.03552
   0.01330
   0.01380
  -0.03584
   0.04471
  -0.03716
   0.01596
   0.01110
  -0.03408
   0.04455
  -0.03865
   0.01855
   0.00836
  -0.03220
   0.04421
  -0.03998
   0.02107
   0.00559
  -0.03019
   0.04370
  -0.04116
   0.02350
   0.00279
  -0.02806
   0.04302
  -0.04218
   0.02585
  -0.00002
  -0.02581
   0.04217
  -0.04303
   0.02809
  -0.00283
  -0.02347
   0.04115
  -0.04371
   0.03022
  -0.00562
  -0.02103
   0.03996
  -0.04422
   0.03223
  -0.00840
  -0.01851
   0.03863
  -0.04455
   0.03411
  -0.01114
  -0.01592
   0.03713
  -0.04471
   0.03586
  -0.01384
  -0.01327
   0.03550
  -0.04469
   0.03747
  -0.01648
  -0.01056
   0.03372
  -0.04449
   0.03893
  -0.01906
  -0.00781
   0.03181
  -0.04412
   0.04023
  -0.02156
  -0.00503
   0.02977
  -0.04358
   0.04138
  -0.02398
  -0.00223
   0.02762
  -0.04286
   0.04236
  -0.02630
   0.00058
   0.02535
  -0.04197
   0.04318
  -0.02852
   0.00339
   0.02299
  -0.04092
   0.04382
  -0.03063
   0.00618
   0.02054
  -0.03971
   0.04430
  -0.03261
   0.00895
   0.01800
  -0.03834
   0.04460
  -0.03447
   0.01168
   0.01539
  -0.03682
   0.04472
  -0.03619
   0.01437
   0.01273
  -0.03515
   0.04466
  -0.03777
   0.01700
   0.01001
  -0.03335
   0.04443
  -0.03920
   0.01957
   0.00725
  -0.03141
   0.04403
  -0.04047
   0.02205
   0.00447
  -0.02935
   0.04345
  -0.04159
   0.02445
   0.00167
  -0.02717
   0.04270
  -0.04254
   0.02676
  -0.00114
  -0.02489
   0.04178
  -0.04332
   0.02895
  -0.00395
  -0.02251
   0.04069
  -0.04393
   0.03104
  -0.00674
  -0.02003
   0.03945
  -0.04437
   0.03300
  -0.00950
  -0.01748
   0.03805
  -0.04463
   0.03483
  -0.01223
  -0.01487
   0.03650
  -0.04472
   0.03652
  -0.01490
  -0.01219
   0.03480
  -0.04463
   0.03807
  -0.01752
  -0.00946
   0.03297
  -0.04437
   0.03947
  -0.02007
  -0.00670
   0.03101
  -0.04393
   0.04071
  -0.02254
  -0.00391
   0.02892
  -0.04331
   0.04179
  -0.02492
  -0.00110
   0.02672
  -0.04253
   0.04271
  -0.02720
   0.00171
   0.02442
  -0.04157
   0.04346
  -0.02938
   0.00451
   0.02202
  -0.04046
   0.04403
  -0.03144
   0.00729
   0.01953
  -0.03918
   0.04444
  -0.03337
   0.01005
   0.01697
  -0.03775
   0.04467
  -0.03518
   0.01277
   0.01433
  -0.03617
   0.04472
  -0.03684
   0.01543
   0.01165
  -0.03445
   0.04459
  -0.03836
   0.01804
   0.00891
  -0.03259
   0.04429
  -0.03973
   0.02057
   0.00614
  -0.03060
   0.04382
  -0.04094
   0.02302
   0.00335
  -0.02849
   0.04317
  -0.04199
   0.02539
   0.00054
  -0.02627
   0.04235
  -0.04287
   0.02765
  -0.00227
  -0.02395
   0.04136
  -0.04359
   0.02980
  -0.00507
  -0.02153
   0.04021
  -0.04413
   0.03183
  -0.00785
  -0.01902
   0.03891
  -0.04450
   0.03374
  -0.01060
  -0.01644
   0.03744
  -0.04469
   0.03552
  -0.01330
  -0.01380
   0.03584
  -0.04471
   0.03716
  -0.01596
  -0.01110
   0.03408
  -0.04455
   0.03865
  -0.01855
  -0.00836
   0.03220
  -0.04421
   0.03998
  -0.02107
  -0.00559
   0.03019
  -0.04370
   0.04116
  -0.02350
  -0.00279
   0.02806
  -0.04302
   0.04218
  -0.02585
   0.00002
   0.02581
  -0.04217
   0.04303
  -0.02809
   0.00283
   0.02347
  -0.04115
   0.04371
  -0.03022
   0.00562
   0.02103
  -0.03996
   0.04422
  -0.03223
   0.00840
   0.01851
  -0.03863
   0.04455
  -0.03411
   0.01114
   0.01592
  -0.03713
   0.04471
  -0.03586
   0.01384
   0.01327
  -0.03550
   0.04469
  -0.03747
   0.01648
   0.01056
  -0.03372
   0.04449
  -0.03893
   0.01906
   0.00781
  -0.03181
   0.04412
  -0.04023
   0.02156
   0.00503
  -0.02977
   0.04358
  -0.04138
   0.02398
   0.00223
  -0.02762
   0.04286
  -0.04236
   0.02630
  -0.00058
  -0.02535
   0.04197
  -0.04318
   0.02852
  -0.00339
  -0.02299
   0.04092
  -0.04382
   0.03063
  -0.00618
  -0.02054
   0.03971
  -0.04430
   0.03261
  -0.00895
  -0.01800
   0.03834
  -0.04460
   0.03447
  -0.01168
  -0.01539
   0.03682
  -0.04472
   0.03619
  -0.01437
  -0.01273
   0.03515
  -0.04466
   0.03777
  -0.01700
  -0.01001
   0.03335
  -0.04443
   0.03920
  -0.01957
  -0.00725
   0.03141
  -0.04403
   0.04047
  -0.02205
  -0.00447
   0.02935
  -0.04345
   0.04159
  -0.02445
  -0.00167
   0.02717
  -0.04270
   0.04254
  -0.02676
   0.00114
   0.02489
  -0.04178
   0.04332
  -0.02895
   0.00395
   0.02251
  -0.04069
   0.04393
  -0.03104
   0.00674
   0.02003
  -0.03945
   0.04437
  -0.03300
   0.00950
   0.01748
  -0.03805
   0.04463
  -0.03483
   0.01223
   0.01487
  -0.03650
   0.04472
  -0.03652
   0.01490
   0.01219
  -0.03480
   0.04463
  -0.03807
   0.01752
   0.00946
  -0.03297
   0.04437
  -0.03947
   0.02007
   0.00670
  -0.03101
   0.04393
  -0.04071
   0.02254
   0.00391
  -0.02892
   0.04331
  -0.04179
   0.02492
   0.00110
  -0.02672
   0.04253
  -0.04271
   0.02720
  -0.00171
  -0.02442
   0.04157
  -0.04346
   0.02938
  -0.00451
  -0.02202
   0.04046
  -0.04403
   0.03144
  -0.00729
