  -0.04459
  -0.04421
  -0.04358
  -0.04270
  -0.04158
  -0.04022
  -0.03863
  -0.03682
  -0.03481
  -0.03259
  -0.03020
  -0.02762
  -0.02490
  -0.02203
  -0.01903
  -0.01593
  -0.01274
  -0.00947
  -0.00615
  -0.00280
   0.00057
   0.00394
   0.00728
   0.01059
   0.01383
   0.01699
   0.02006
   0.02301
   0.02584
   0.02851
   0.03103
   0.03337
   0.03551
   0.03746
   0.03919
   0.04070
   0.04198
   0.04303
   0.04382
   0.04437
   0.04467
   0.04471
   0.04449
   0.04403
   0.04331
   0.04235
   0.04115
   0.03971
   0.03805
   0.03617
   0.03409
   0.03181
   0.02936
   0.02673
   0.02396
   0.02104
   0.01801
   0.01488
   0.01166
   0.00837
   0.00504
   0.00168
  -0.00169
  -0.00506
  -0.00839
  -0.01167
  -0.01489
  -0.01803
  -0.02106
  -0.02397
  -0.02675
  -0.02937
  -0.03183
  -0.03410
  -0.03619
  -0.03806
  -0.03972
  -0.04116
  -0.04236
  -0.04332
  -0.04403
  -0.04450
  -0.04471
  -0.04466
  -0.04437
  -0.04382
  -0.04302
  -0.04198
  -0.04070
  -0.03919
  -0.03745
  -0.03550
  -0.03335
  -0.03101
  -0.02850
  -0.02582
  -0.02300
  -0.02004
  -0.01698
  -0.01381
  -0.01057
  -0.00726
  -0.00392
  -0.00055
   0.00282
   0.00617
   0.00949
   0.01276
   0.01595
   0.01905
   0.02204
   0.02491
   0.02764
   0.03021
   0.03261
   0.03482
   0.03683
   0.03864
   0.04023
   0.04158
   0.04271
   0.04358
   0.04422
   0.04459
   0.04472
   0.04459
   0.04421
   0.04358
   0.04270
   0.04158
   0.04022
   0.03863
   0.03682
   0.03481
   0.03259
   0.03020
   0.02762
   0.02490
   0.02203
   0.01903
   0.01593
   0.01274
   0.00947
   0.00615
   0.00280
  -0.00057
  -0.00394
  -0.00728
  -0.01059
  -0.01383
  -0.01699
  -0.02006
  -0.02301
  -0.02584
  -0.02851
  -0.03103
  -0.03337
  -0.03551
  -0.03746
  -0.03919
  -0.04070
  -0.04198
  -0.04303
  -0.04382
  -0.04437
  -0.04467
  -0.04471
  -0.04449
  -0.04403
  -0.04331
  -0.04235
  -0.04115
  -0.03971
  -0.03805
  -0.03617
  -0.03409
  -0.03181
  -0.02936
  -0.02673
  -0.02396
  -0.02104
  -0.01801
  -0.01488
  -0.01166
  -0.00837
  -0.00504
  -0.00168
   0.00169
   0.00506
   0.00839
   0.01167
   0.01489
   0.01803
   0.02106
   0.02397
   0.02675
   0.02937
   0.03183
   0.03410
   0.03619
   0.03806
   0.03972
   0.04116
   0.04236
   0.04332
   0.04403
   0.04450
   0.04471
   0.04466
   0.04437
   0.04382
   0.04302
   0.04198
   0.04070
   0.03919
   0.03745
   0.03550
   0.03335
   0.03101
   0.02850
   0.02582
   0.02300
   0.02004
   0.01698
   0.01381
   0.01057
   0.00726
   0.00392
   0.00055
  -0.00282
  -0.00617
  -0.00949
  -0.01276
  -0.01595
  -0.01905
  -0.02204
  -0.02491
  -0.02764
  -0.03021
  -0.03261
  -0.03482
  -0.03683
  -0.03864
  -0.04023
  -0.04158
  -0.04271
  -0.04358
  -0.04422
  -0.04459
  -0.04472
  -0.04459
  -0.04421
  -0.04358
  -0.04270
  -0.04158
  -0.04022
  -0.03863
  -0.03682
  -0.03481
  -0.03259
  -0.03020
  -0.02762
  -0.02490
  -0.02203
  -0.01903
  -0.01593
  -0.01274
  -0.00947
  -0.00615
  -0.00280
   0.00057
   0.00394
   0.00728
   0.01059
   0.01383
   0.01699
   0.02006
   0.02301
   0.02584
   0.02851
   0.03103
   0.03337
   0.03551
   0.03746
   0.03919
   0.04070
   0.04198
   0.04303
   0.04382
   0.04437
   0.04467
   0.04471
   0.04449
   0.04403
   0.04331
   0.04235
   0.04115
   0.03971
   0.03805
   0.03617
   0.03409
   0.03181
   0.02936
   0.02673
   0.02396
   0.02104
   0.01801
   0.01488
   0.01166
   0.00837
   0.00504
   0.00168
  -0.00169
  -0.00506
  -0.00839
  -0.01167
  -0.01489
  -0.01803
  -0.02106
  -0.02397
  -0.02675
  -0.02937
  -0.03183
  -0.03410
  -0.03619
  -0.03806
  -0.03972
  -0.04116
  -0.04236
  -0.04332
  -0.04403
  -0.04450
  -0.04471
  -0.04466
  -0.04437
  -0.04382
  -0.04302
  -0.04198
  -0.04070
  -0.03919
  -0.03745
  -0.03550
  -0.03335
  -0.03101
  -0.02850
  -0.02582
  -0.02300
  -0.02004
  -0.01698
  -0.01381
  -0.01057
  -0.00726
  -0.00392
  -0.00055
   0.00282
   0.00617
   0.00949
   0.01276
   0.01595
   0.01905
   0.02204
   0.02491
   0.02764
   0.03021
   0.03261
   0.03482
   0.03683
   0.03864
   0.04023
   0.04158
   0.04271
   0.04358
   0.04422
   0.04459
   0.04472
   0.04459
   0.04421
   0.04358
   0.04270
   0.04158
   0.04022
   0.03863
   0.03682
   0.03481
   0.03259
   0.03020
   0.02762
   0.02490
   0.02203
   0.01903
   0.01593
   0.01274
   0.00947
   0.00615
   0.00280
  -0.00057
  -0.00394
  -0.00728
  -0.01059
  -0.01383
  -0.01699
  -0.02006
  -0.02301
  -0.02584
  -0.02851
  -0.03103
  -0.03337
  -0.03551
  -0.03746
  -0.03919
  -0.04070
  -0.04198
  -0.04303
  -0.04382
  -0.04437
  -0.04467
  -0.04471
  -0.04449
  -0.04403
  -0.04331
  -0.04235
  -0.04115
  -0.03971
  -0.03805
  -0.03617
  -0.03409
  -0.03181
  -0.02936
  -0.02673
  -0.02396
  -0.02104
  -0.01801
  -0.01488
  -0.01166
  -0.00837
  -0.00504
  -0.00168
   0.00169
   0.00506
   0.00839
   0.01167
   0.01489
   0.01803
   0.02106
   0.02397
   0.02675
   0.02937
   0.03183
   0.03410
   0.03619
   0.03806
   0.03972
   0.04116
   0.04236
   0.04332
   0.04403
   0.04450
   0.04471
   0.04466
   0.04437
   0.04382
   0.04302
   0.04198
   0.04070
   0.03919
   0.03745
   0.03550
   0.03335
   0.03101
   0.02850
   0.02582
   0.02300
   0.02004
   0.01698
   0.01381
   0.01057
   0.00726
   0.00392
   0.00055
  -0.00282
  -0.00617
  -0.00949
  -0.01276
  -0.01595
  -0.01905
  -0.02204
  -0.02491
  -0.02764
  -0.03021
  -0.03261
  -0.03482
  -0.03683
  -0.03864
  -0.04023
  -0.04158
  -0.04271
  -0.04358
  -0.04422
  -0.04459
  -0.04472
  -0.04459
  -0.04421
  -0.04358
  -0.04270
  -0.04158
  -0.04022
  -0.03863
  -0.03682
  -0.03481
  -0.03259
  -0.03020
  -0.02762
  -0.02490
  -0.02203
  -0.01903
  -0.01593
  -0.01274
  -0.00947
  -0.00615
  -0.00280
   0.00057
   0.00394
   0.00728
   0.01059
   0.01383
   0.01699
   0.02006
   0.02301
   0.02584
   0.02851
   0.03103
   0.03337
   0.03551
   0.03746
   0.03919
   0.04070
   0.04198
   0.04303
   0.04382
   0.04437
   0.04467
   0.04471
   0.04449
   0.04403
   0.04331
   0.04235
   0.04115
   0.03971
   0.03805
   0.03617
   0.03409
   0.03181
   0.02936
   0.02673
   0.02396
   0.02104
   0.01801
   0.01488
   0.01166
   0.00837
   0.00504
   0.00168
  -0.00169
  -0.00506
  -0.00839
  -0.01167
  -0.01489
  -0.01803
  -0.02106
  -0.02397
  -0.02675
  -0.02937
  -0.03183
  -0.03410
  -0.03619
  -0.03806
  -0.03972
  -0.04116
  -0.04236
  -0.04332
  -0.04403
  -0.04450
  -0.04471
  -0.04466
  -0.04437
  -0.04382
  -0.04302
  -0.04198
  -0.04070
  -0.03919
  -0.03745
  -0.03550
  -0.03335
  -0.03101
  -0.02850
  -0.02582
  -0.02300
  -0.02004
  -0.01698
  -0.01381
  -0.01057
  -0.00726
  -0.00392
  -0.00055
   0.00282
   0.00617
   0.00949
   0.01276
   0.01595
   0.01905
   0.02204
   0.02491
   0.02764
   0.03021
   0.03261
   0.03482
   0.03683
   0.03864
   0.04023
   0.04158
   0.04271
   0.04358
   0.04422
   0.04459
   0.04472
   0.04459
   0.04421
   0.04358
   0.04270
   0.04158
   0.04022
   0.03863
   0.03682
   0.03481
   0.03259
   0.03020
   0.02762
   0.02490
   0.02203
   0.01903
   0.01593
   0.01274
   0.00947
   0.00615
   0.00280
  -0.00057
  -0.00394
  -0.00728
  -0.01059
  -0.01383
  -0.01699
  -0.02006
  -0.02301
  -0.02584
  -0.02851
  -0.03103
  -0.03337
  -0.03551
  -0.03746
  -0.03919
  -0.04070
  -0.04198
  -0.04303
  -0.04382
  -0.04437
  -0.04467
  -0.04471
  -0.04449
  -0.04403
  -0.04331
  -0.04235
  -0.04115
  -0.03971
  -0.03805
  -0.03617
  -0.03409
  -0.03181
  -0.02936
  -0.02673
  -0.02396
  -0.02104
  -0.01801
  -0.01488
  -0.01166
  -0.00837
  -0.00504
  -0.00168
   0.00169
   0.00506
   0.00839
   0.01167
   0.01489
   0.01803
   0.02106
   0.02397
   0.02675
   0.02937
   0.03183
   0.03410
   0.03619
   0.03806
   0.03972
   0.04116
   0.04236
   0.04332
   0.04403
   0.04450
   0.04471
   0.04466
   0.04437
   0.04382
   0.04302
   0.04198
   0.04070
   0.03919
   0.03745
   0.03550
   0.03335
   0.03101
   0.02850
   0.02582
   0.02300
   0.02004
   0.01698
   0.01381
   0.01057
   0.00726
   0.00392
   0.00055
  -0.00282
  -0.00617
  -0.00949
  -0.01276
  -0.01595
  -0.01905
  -0.02204
  -0.02491
  -0.02764
  -0.03021
  -0.03261
  -0.03482
  -0.03683
  -0.03864
  -0.04023
  -0.04158
  -0.04271
  -0.04358
  -0.04422
  -0.04459
  -0.04472
  -0.04459
  -0.04421
  -0.04358
  -0.04270
  -0.04158
  -0.04022
  -0.03863
  -0.03682
  -0.03481
  -0.03259
  -0.03020
  -0.02762
  -0.02490
  -0.02203
  -0.01903
  -0.01593
  -0.01274
  -0.00947
  -0.00615
  -0.00280
   0.00057
   0.00394
   0.00728
   0.01059
   0.01383
   0.01699
   0.02006
   0.02301
   0.02584
   0.02851
   0.03103
   0.03337
   0.03551
   0.03746
   0.03919
   0.04070
   0.04198
   0.04303
   0.04382
   0.04437
   0.04467
   0.04471
   0.04449
   0.04403
   0.04331
   0.04235
   0.04115
   0.03971
   0.03805
   0.03617
   0.03409
   0.03181
   0.02936
   0.02673
   0.02396
   0.02104
   0.01801
   0.01488
   0.01166
   0.00837
   0.00504
   0.00168
  -0.00169
  -0.00506
  -0.00839
  -0.01167
  -0.01489
  -0.01803
  -0.02106
  -0.02397
  -0.02675
  -0.02937
  -0.03183
  -0.03410
  -0.03619
  -0.03806
  -0.03972
  -0.04116
  -0.04236
  -0.04332
  -0.04403
  -0.04450
  -0.04471
  -0.04466
  -0.04437
  -0.04382
  -0.04302
  -0.04198
  -0.04070
  -0.03919
  -0.03745
  -0.03550
  -0.03335
  -0.03101
  -0.02850
  -0.02582
  -0.02300
  -0.02004
  -0.01698
  -0.01381
  -0.01057
  -0.00726
  -0.00392
  -0.00055
   0.00282
   0.00617
   0.00949
   0.01276
   0.01595
   0.01905
   0.02204
   0.02491
   0.02764
   0.03021
   0.03261
   0.03482
   0.03683
   0.03864
   0.04023
   0.04158
   0.04271
   0.04358
   0.04422
   0.04459
   0.04472
   0.04459
   0.04421
   0.04358
   0.04270
   0.04158
   0.04022
   0.03863
   0.03682
   0.03481
   0.03259
   0.03020
   0.02762
   0.02490
   0.02203
   0.01903
   0.01593
   0.01274
   0.00947
   0.00615
   0.00280
  -0.00057
  -0.00394
  -0.00728
  -0.01059
  -0.01383
  -0.01699
  -0.02006
  -0.02301
  -0.02584
  -0.02851
  -0.03103
  -0.03337
  -0.03551
  -0.03746
  -0.03919
  -0.04070
  -0.04198
  -0.04303
  -0.04382
  -0.04437
  -0.04467
  -0.04471
  -0.04449
  -0.04403
  -0.04331
  -0.04235
  -0.04115
  -0.03971
  -0.03805
  -0.03617
  -0.03409
  -0.03181
  -0.02936
  -0.02673
  -0.02396
  -0.02104
  -0.01801
  -0.01488
  -0.01166
  -0.00837
  -0.00504
  -0.00168
   0.00169
   0.00506
   0.00839
   0.01167
   0.01489
   0.01803
   0.02106
   0.02397
   0.02675
   0.02937
   0.03183
   0.03410
   0.03619
   0.03806
   0.03972
   0.04116
   0.04236
   0.04332
   0.04403
   0.04450
   0.04471
   0.04466
   0.04437
   0.04382
   0.04302
   0.04198
   0.04070
   0.03919
   0.03745
   0.03550
   0.03335
   0.03101
   0.02850
   0.02582
   0.02300
   0.02004
   0.01698
   0.01381
   0.01057
   0.00726
   0.00392
   0.00055
  -0.00282
  -0.00617
  -0.00949
  -0.01276
  -0.01595
  -0.01905
  -0.02204
  -0.02491
  -0.02764
  -0.03021
  -0.03261
  -0.03482
  -0.03683
  -0.03864
  -0.04023
  -0.04158
  -0.04271
  -0.04358
  -0.04422
  -0.04459
  -0.04472
