   0.04030
  -0.03247
  -0.01716
   0.04470
  -0.01471
  -0.03422
   0.03910
   0.00635
  -0.04362
   0.02475
   0.02598
  -0.04327
   0.00486
   0.03981
  -0.03323
  -0.01612
   0.04472
  -0.01576
  -0.03348
   0.03963
   0.00523
  -0.04336
   0.02568
   0.02506
  -0.04354
   0.00598
   0.03928
  -0.03398
  -0.01506
   0.04471
  -0.01681
  -0.03273
   0.04014
   0.00412
  -0.04307
   0.02659
   0.02412
  -0.04378
   0.00709
   0.03873
  -0.03470
  -0.01400
   0.04467
  -0.01785
  -0.03195
   0.04062
   0.00300
  -0.04276
   0.02748
   0.02317
  -0.04400
   0.00819
   0.03816
  -0.03539
  -0.01293
   0.04461
  -0.01887
  -0.03116
   0.04108
   0.00187
  -0.04242
   0.02836
   0.02220
  -0.04419
   0.00930
   0.03756
  -0.03607
  -0.01185
   0.04451
  -0.01988
  -0.03034
   0.04151
   0.00075
  -0.04205
   0.02922
   0.02122
  -0.04434
   0.01039
   0.03694
  -0.03672
  -0.01076
   0.04439
  -0.02088
  -0.02951
   0.04192
  -0.00037
  -0.04165
   0.03006
   0.02022
  -0.04448
   0.01148
   0.03629
  -0.03735
  -0.00967
   0.04424
  -0.02187
  -0.02865
   0.04229
  -0.00150
  -0.04123
   0.03088
   0.01921
  -0.04458
   0.01257
   0.03562
  -0.03796
  -0.00857
   0.04406
  -0.02284
  -0.02778
   0.04265
  -0.00262
  -0.04078
   0.03169
   0.01819
  -0.04465
   0.01364
   0.03493
  -0.03854
  -0.00746
   0.04386
  -0.02380
  -0.02689
   0.04297
  -0.00374
  -0.04030
   0.03247
   0.01716
  -0.04470
   0.01471
   0.03422
  -0.03910
  -0.00635
   0.04362
  -0.02475
  -0.02598
   0.04327
  -0.00486
  -0.03981
   0.03323
   0.01612
  -0.04472
   0.01576
   0.03348
  -0.03963
  -0.00523
   0.04336
  -0.02568
  -0.02506
   0.04354
  -0.00598
  -0.03928
   0.03398
   0.01506
  -0.04471
   0.01681
   0.03273
  -0.04014
  -0.00412
   0.04307
  -0.02659
  -0.02412
   0.04378
  -0.00709
  -0.03873
   0.03470
   0.01400
  -0.04467
   0.01785
   0.03195
  -0.04062
  -0.00300
   0.04276
  -0.02748
  -0.02317
   0.04400
  -0.00819
  -0.03816
   0.03539
   0.01293
  -0.04461
   0.01887
   0.03116
  -0.04108
  -0.00187
   0.04242
  -0.02836
  -0.02220
   0.04419
  -0.00930
  -0.03756
   0.03607
   0.01185
  -0.04451
   0.01988
   0.03034
  -0.04151
  -0.00075
   0.04205
  -0.02922
  -0.02122
   0.04434
  -0.01039
  -0.03694
   0.03672
   0.01076
  -0.04439
   0.02088
   0.02951
  -0.04192
   0.00037
   0.04165
  -0.03006
  -0.02022
   0.04448
  -0.01148
  -0.03629
   0.03735
   0.00967
  -0.04424
   0.02187
   0.02865
  -0.04229
   0.00150
   0.04123
  -0.03088
  -0.01921
   0.04458
  -0.01257
  -0.03562
   0.03796
   0.00857
  -0.04406
   0.02284
   0.02778
  -0.04265
   0.00262
   0.04078
  -0.03169
  -0.01819
   0.04465
  -0.01364
  -0.03493
   0.03854
   0.00746
  -0.04386
   0.02380
   0.02689
  -0.04297
   0.00374
   0.04030
  -0.03247
  -0.01716
   0.04470
  -0.01471
  -0.03422
   0.03910
   0.00635
  -0.04362
   0.02475
   0.02598
  -0.04327
   0.00486
   0.03981
  -0.03323
  -0.01612
   0.04472
  -0.01576
  -0.03348
   0.03963
   0.00523
  -0.04336
   0.02568
   0.02506
  -0.04354
   0.00598
   0.03928
  -0.03398
  -0.01506
   0.04471
  -0.01681
  -0.03273
   0.04014
   0.00412
  -0.04307
   0.02659
   0.02412
  -0.04378
   0.00709
   0.03873
  -0.03470
  -0.01400
   0.04467
  -0.01785
  -0.03195
   0.04062
   0.00300
  -0.04276
   0.02748
   0.02317
  -0.04400
   0.00819
   0.03816
  -0.03539
  -0.01293
   0.04461
  -0.01887
  -0.03116
   0.04108
   0.00187
  -0.04242
   0.02836
   0.02220
  -0.04419
   0.00930
   0.03756
  -0.03607
  -0.01185
   0.04451
  -0.01988
  -0.03034
   0.04151
   0.00075
  -0.04205
   0.02922
   0.02122
  -0.04434
   0.01039
   0.03694
  -0.03672
  -0.01076
   0.04439
  -0.02088
  -0.02951
   0.04192
  -0.00037
  -0.04165
   0.03006
   0.02022
  -0.04448
   0.01148
   0.03629
  -0.03735
  -0.00967
   0.04424
  -0.02187
  -0.02865
   0.04229
  -0.00150
  -0.04123
   0.03088
   0.01921
  -0.04458
   0.01257
   0.03562
  -0.03796
  -0.00857
   0.04406
  -0.02284
  -0.02778
   0.04265
  -0.00262
  -0.04078
   0.03169
   0.01819
  -0.04465
   0.01364
   0.03493
  -0.03854
  -0.00746
   0.04386
  -0.02380
  -0.02689
   0.04297
  -0.00374
  -0.04030
   0.03247
   0.01716
  -0.04470
   0.01471
   0.03422
  -0.03910
  -0.00635
   0.04362
  -0.02475
  -0.02598
   0.04327
  -0.00486
  -0.03981
   0.03323
   0.01612
  -0.04472
   0.01576
   0.03348
  -0.03963
  -0.00523
   0.04336
  -0.02568
  -0.02506
   0.04354
  -0.00598
  -0.03928
   0.03398
   0.01506
  -0.04471
   0.01681
   0.03273
  -0.04014
  -0.00412
   0.04307
  -0.02659
  -0.02412
   0.04378
  -0.00709
  -0.03873
   0.03470
   0.01400
  -0.04467
   0.01785
   0.03195
  -0.04062
  -0.00300
   0.04276
  -0.02748
  -0.02317
   0.04400
  -0.00819
  -0.03816
   0.03539
   0.01293
  -0.04461
   0.01887
   0.03116
  -0.04108
  -0.00187
   0.04242
  -0.02836
  -0.02220
   0.04419
  -0.00930
  -0.03756
   0.03607
   0.01185
  -0.04451
   0.01988
   0.03034
  -0.04151
  -0.00075
   0.04205
  -0.02922
  -0.02122
   0.04434
  -0.01039
  -0.03694
   0.03672
   0.01076
  -0.04439
   0.02088
   0.02951
  -0.04192
   0.00037
   0.04165
  -0.03006
  -0.02022
   0.04448
  -0.01148
  -0.03629
   0.03735
   0.00967
  -0.04424
   0.02187
   0.02865
  -0.04229
   0.00150
   0.04123
  -0.03088
  -0.01921
   0.04458
  -0.01257
  -0.03562
   0.03796
   0.00857
  -0.04406
   0.02284
   0.02778
  -0.04265
   0.00262
   0.04078
  -0.03169
  -0.01819
   0.04465
  -0.01364
  -0.03493
   0.03854
   0.00746
  -0.04386
   0.02380
   0.02689
  -0.04297
   0.00374
   0.04030
  -0.03247
  -0.01716
   0.04470
  -0.01471
  -0.03422
   0.03910
   0.00635
  -0.04362
   0.02475
   0.02598
  -0.04327
   0.00486
   0.03981
  -0.03323
  -0.01612
   0.04472
  -0.01576
  -0.03348
   0.03963
   0.00523
  -0.04336
   0.02568
   0.02506
  -0.04354
   0.00598
   0.03928
  -0.03398
  -0.01506
   0.04471
  -0.01681
  -0.03273
   0.04014
   0.00412
  -0.04307
   0.02659
   0.02412
  -0.04378
   0.00709
   0.03873
  -0.03470
  -0.01400
   0.04467
  -0.01785
  -0.03195
   0.04062
   0.00300
  -0.04276
   0.02748
   0.02317
  -0.04400
   0.00819
   0.03816
  -0.03539
  -0.01293
   0.04461
  -0.01887
  -0.03116
   0.04108
   0.00187
  -0.04242
   0.02836
   0.02220
  -0.04419
   0.00930
   0.03756
  -0.03607
  -0.01185
   0.04451
  -0.01988
  -0.03034
   0.04151
   0.00075
  -0.04205
   0.02922
   0.02122
  -0.04434
   0.01039
   0.03694
  -0.03672
  -0.01076
   0.04439
  -0.02088
  -0.02951
   0.04192
  -0.00037
  -0.04165
   0.03006
   0.02022
  -0.04448
   0.01148
   0.03629
  -0.03735
  -0.00967
   0.04424
  -0.02187
  -0.02865
   0.04229
  -0.00150
  -0.04123
   0.03088
   0.01921
  -0.04458
   0.01257
   0.03562
  -0.03796
  -0.00857
   0.04406
  -0.02284
  -0.02778
   0.04265
  -0.00262
  -0.04078
   0.03169
   0.01819
  -0.04465
   0.01364
   0.03493
  -0.03854
  -0.00746
   0.04386
  -0.02380
  -0.02689
   0.04297
  -0.00374
  -0.04030
   0.03247
   0.01716
  -0.04470
   0.01471
   0.03422
  -0.03910
  -0.00635
   0.04362
  -0.02475
  -0.02598
   0.04327
  -0.00486
  -0.03981
   0.03323
   0.01612
  -0.04472
   0.01576
   0.03348
  -0.03963
  -0.00523
   0.04336
  -0.02568
  -0.02506
   0.04354
  -0.00598
  -0.03928
   0.03398
   0.01506
  -0.04471
   0.01681
   0.03273
  -0.04014
  -0.00412
   0.04307
  -0.02659
  -0.02412
   0.04378
  -0.00709
  -0.03873
   0.03470
   0.01400
  -0.04467
   0.01785
   0.03195
  -0.04062
  -0.00300
   0.04276
  -0.02748
  -0.02317
   0.04400
  -0.00819
  -0.03816
   0.03539
   0.01293
  -0.04461
   0.01887
   0.03116
  -0.04108
  -0.00187
   0.04242
  -0.02836
  -0.02220
   0.04419
  -0.00930
  -0.03756
   0.03607
   0.01185
  -0.04451
   0.01988
   0.03034
  -0.04151
  -0.00075
   0.04205
  -0.02922
  -0.02122
   0.04434
  -0.01039
  -0.03694
   0.03672
   0.01076
  -0.04439
   0.02088
   0.02951
  -0.04192
   0.00037
   0.04165
  -0.03006
  -0.02022
   0.04448
  -0.01148
  -0.03629
   0.03735
   0.00967
  -0.04424
   0.02187
   0.02865
  -0.04229
   0.00150
   0.04123
  -0.03088
  -0.01921
   0.04458
  -0.01257
  -0.03562
   0.03796
   0.00857
  -0.04406
   0.02284
   0.02778
  -0.04265
   0.00262
   0.04078
  -0.03169
  -0.01819
   0.04465
  -0.01364
  -0.03493
   0.03854
   0.00746
  -0.04386
   0.02380
   0.02689
  -0.04297
   0.00374
   0.04030
  -0.03247
  -0.01716
   0.04470
  -0.01471
  -0.03422
   0.03910
   0.00635
  -0.04362
   0.02475
   0.02598
  -0.04327
   0.00486
   0.03981
  -0.03323
  -0.01612
   0.04472
  -0.01576
  -0.03348
   0.03963
   0.00523
  -0.04336
   0.02568
   0.02506
  -0.04354
   0.00598
   0.03928
  -0.03398
  -0.01506
   0.04471
  -0.01681
  -0.03273
   0.04014
   0.00412
  -0.04307
   0.02659
   0.02412
  -0.04378
   0.00709
   0.03873
  -0.03470
  -0.01400
   0.04467
  -0.01785
  -0.03195
   0.04062
   0.00300
  -0.04276
   0.02748
   0.02317
  -0.04400
   0.00819
   0.03816
  -0.03539
  -0.01293
   0.04461
  -0.01887
  -0.03116
   0.04108
   0.00187
  -0.04242
   0.02836
   0.02220
  -0.04419
   0.00930
   0.03756
  -0.03607
  -0.01185
   0.04451
  -0.01988
  -0.03034
   0.04151
   0.00075
  -0.04205
   0.02922
   0.02122
  -0.04434
   0.01039
   0.03694
  -0.03672
  -0.01076
   0.04439
  -0.02088
  -0.02951
   0.04192
  -0.00037
  -0.04165
   0.03006
   0.02022
  -0.04448
   0.01148
   0.03629
  -0.03735
  -0.00967
   0.04424
  -0.02187
  -0.02865
   0.04229
  -0.00150
  -0.04123
   0.03088
   0.01921
  -0.04458
   0.01257
   0.03562
  -0.03796
  -0.00857
   0.04406
  -0.02284
  -0.02778
   0.04265
  -0.00262
  -0.04078
   0.03169
   0.01819
  -0.04465
   0.01364
   0.03493
  -0.03854
  -0.00746
   0.04386
  -0.02380
  -0.02689
   0.04297
  -0.00374
  -0.04030
   0.03247
   0.01716
  -0.04470
   0.01471
   0.03422
  -0.03910
  -0.00635
   0.04362
  -0.02475
  -0.02598
   0.04327
  -0.00486
  -0.03981
   0.03323
   0.01612
  -0.04472
   0.01576
   0.03348
  -0.03963
  -0.00523
   0.04336
  -0.02568
  -0.02506
   0.04354
  -0.00598
  -0.03928
   0.03398
   0.01506
  -0.04471
   0.01681
   0.03273
  -0.04014
  -0.00412
   0.04307
  -0.02659
  -0.02412
   0.04378
  -0.00709
  -0.03873
   0.03470
   0.01400
  -0.04467
   0.01785
   0.03195
  -0.04062
  -0.00300
   0.04276
  -0.02748
  -0.02317
   0.04400
  -0.00819
  -0.03816
   0.03539
   0.01293
  -0.04461
   0.01887
   0.03116
  -0.04108
  -0.00187
   0.04242
  -0.02836
  -0.02220
   0.04419
  -0.00930
  -0.03756
   0.03607
   0.01185
  -0.04451
   0.01988
   0.03034
  -0.04151
  -0.00075
   0.04205
  -0.02922
  -0.02122
   0.04434
  -0.01039
  -0.03694
   0.03672
   0.01076
  -0.04439
   0.02088
   0.02951
  -0.04192
   0.00037
   0.04165
  -0.03006
  -0.02022
   0.04448
  -0.01148
  -0.03629
   0.03735
   0.00967
  -0.04424
   0.02187
   0.02865
  -0.04229
   0.00150
   0.04123
  -0.03088
  -0.01921
   0.04458
  -0.01257
  -0.03562
   0.03796
   0.00857
  -0.04406
   0.02284
   0.02778
  -0.04265
   0.00262
   0.04078
  -0.03169
  -0.01819
   0.04465
  -0.01364
  -0.03493
   0.03854
   0.00746
  -0.04386
   0.02380
   0.02689
  -0.04297
   0.00374
