   0.04420
  -0.01069
  -0.04232
   0.01812
   0.03913
  -0.02500
  -0.03474
   0.03110
   0.02928
  -0.03625
  -0.02291
   0.04027
   0.01583
  -0.04305
  -0.00827
   0.04451
   0.00045
  -0.04459
   0.00739
   0.04329
  -0.01499
  -0.04065
   0.02214
   0.03676
  -0.02860
  -0.03174
   0.03417
   0.02573
  -0.03869
  -0.01894
   0.04202
   0.01155
  -0.04405
  -0.00381
   0.04472
  -0.00404
  -0.04401
   0.01178
   0.04194
  -0.01915
  -0.03858
   0.02592
   0.03402
  -0.03190
  -0.02842
   0.03690
   0.02193
  -0.04075
  -0.01477
   0.04335
   0.00716
  -0.04460
   0.00068
   0.04448
  -0.00849
  -0.04299
   0.01605
   0.04017
  -0.02311
  -0.03611
   0.02945
   0.03094
  -0.03489
  -0.02481
   0.03925
   0.01791
  -0.04239
  -0.01046
   0.04423
   0.00269
  -0.04470
   0.00516
   0.04380
  -0.01286
  -0.04154
   0.02016
   0.03800
  -0.02683
  -0.03328
   0.03268
   0.02754
  -0.03752
  -0.02095
   0.04120
   0.01371
  -0.04361
  -0.00605
   0.04467
  -0.00180
  -0.04435
   0.00959
   0.04267
  -0.01709
  -0.03967
   0.02406
   0.03544
  -0.03029
  -0.03012
   0.03558
   0.02386
  -0.03977
  -0.01688
   0.04274
   0.00937
  -0.04438
  -0.00157
   0.04466
  -0.00628
  -0.04356
   0.01393
   0.04111
  -0.02115
  -0.03739
   0.02772
   0.03252
  -0.03344
  -0.02665
   0.03812
   0.01995
  -0.04162
  -0.01263
   0.04384
   0.00493
  -0.04471
   0.00292
   0.04420
  -0.01069
  -0.04232
   0.01812
   0.03913
  -0.02500
  -0.03474
   0.03110
   0.02928
  -0.03625
  -0.02291
   0.04027
   0.01583
  -0.04305
  -0.00827
   0.04451
   0.00045
  -0.04459
   0.00739
   0.04329
  -0.01499
  -0.04065
   0.02214
   0.03676
  -0.02860
  -0.03174
   0.03417
   0.02573
  -0.03869
  -0.01894
   0.04202
   0.01155
  -0.04405
  -0.00381
   0.04472
  -0.00404
  -0.04401
   0.01178
   0.04194
  -0.01915
  -0.03858
   0.02592
   0.03402
  -0.03190
  -0.02842
   0.03690
   0.02193
  -0.04075
  -0.01477
   0.04335
   0.00716
  -0.04460
   0.00068
   0.04448
  -0.00849
  -0.04299
   0.01605
   0.04017
  -0.02311
  -0.03611
   0.02945
   0.03094
  -0.03489
  -0.02481
   0.03925
   0.01791
  -0.04239
  -0.01046
   0.04423
   0.00269
  -0.04470
   0.00516
   0.04380
  -0.01286
  -0.04154
   0.02016
   0.03800
  -0.02683
  -0.03328
   0.03268
   0.02754
  -0.03752
  -0.02095
   0.04120
   0.01371
  -0.04361
  -0.00605
   0.04467
  -0.00180
  -0.04435
   0.00959
   0.04267
  -0.01709
  -0.03967
   0.02406
   0.03544
  -0.03029
  -0.03012
   0.03558
   0.02386
  -0.03977
  -0.01688
   0.04274
   0.00937
  -0.04438
  -0.00157
   0.04466
  -0.00628
  -0.04356
   0.01393
   0.04111
  -0.02115
  -0.03739
   0.02772
   0.03252
  -0.03344
  -0.02665
   0.03812
   0.01995
  -0.04162
  -0.01263
   0.04384
   0.00493
  -0.04471
   0.00292
   0.04420
  -0.01069
  -0.04232
   0.01812
   0.03913
  -0.02500
  -0.03474
   0.03110
   0.02928
  -0.03625
  -0.02291
   0.04027
   0.01583
  -0.04305
  -0.00827
   0.04451
   0.00045
  -0.04459
   0.00739
   0.04329
  -0.01499
  -0.04065
   0.02214
   0.03676
  -0.02860
  -0.03174
   0.03417
   0.02573
  -0.03869
  -0.01894
   0.04202
   0.01155
  -0.04405
  -0.00381
   0.04472
  -0.00404
  -0.04401
   0.01178
   0.04194
  -0.01915
  -0.03858
   0.02592
   0.03402
  -0.03190
  -0.02842
   0.03690
   0.02193
  -0.04075
  -0.01477
   0.04335
   0.00716
  -0.04460
   0.00068
   0.04448
  -0.00849
  -0.04299
   0.01605
   0.04017
  -0.02311
  -0.03611
   0.02945
   0.03094
  -0.03489
  -0.02481
   0.03925
   0.01791
  -0.04239
  -0.01046
   0.04423
   0.00269
  -0.04470
   0.00516
   0.04380
  -0.01286
  -0.04154
   0.02016
   0.03800
  -0.02683
  -0.03328
   0.03268
   0.02754
  -0.03752
  -0.02095
   0.04120
   0.01371
  -0.04361
  -0.00605
   0.04467
  -0.00180
  -0.04435
   0.00959
   0.04267
  -0.01709
  -0.03967
   0.02406
   0.03544
  -0.03029
  -0.03012
   0.03558
   0.02386
  -0.03977
  -0.01688
   0.04274
   0.00937
  -0.04438
  -0.00157
   0.04466
  -0.00628
  -0.04356
   0.01393
   0.04111
  -0.02115
  -0.03739
   0.02772
   0.03252
  -0.03344
  -0.02665
   0.03812
   0.01995
  -0.04162
  -0.01263
   0.04384
   0.00493
  -0.04471
   0.00292
   0.04420
  -0.01069
  -0.04232
   0.01812
   0.03913
  -0.02500
  -0.03474
   0.03110
   0.02928
  -0.03625
  -0.02291
   0.04027
   0.01583
  -0.04305
  -0.00827
   0.04451
   0.00045
  -0.04459
   0.00739
   0.04329
  -0.01499
  -0.04065
   0.02214
   0.03676
  -0.02860
  -0.03174
   0.03417
   0.02573
  -0.03869
  -0.01894
   0.04202
   0.01155
  -0.04405
  -0.00381
   0.04472
  -0.00404
  -0.04401
   0.01178
   0.04194
  -0.01915
  -0.03858
   0.02592
   0.03402
  -0.03190
  -0.02842
   0.03690
   0.02193
  -0.04075
  -0.01477
   0.04335
   0.00716
  -0.04460
   0.00068
   0.04448
  -0.00849
  -0.04299
   0.01605
   0.04017
  -0.02311
  -0.03611
   0.02945
   0.03094
  -0.03489
  -0.02481
   0.03925
   0.01791
  -0.04239
  -0.01046
   0.04423
   0.00269
  -0.04470
   0.00516
   0.04380
  -0.01286
  -0.04154
   0.02016
   0.03800
  -0.02683
  -0.03328
   0.03268
   0.02754
  -0.03752
  -0.02095
   0.04120
   0.01371
  -0.04361
  -0.00605
   0.04467
  -0.00180
  -0.04435
   0.00959
   0.04267
  -0.01709
  -0.03967
   0.02406
   0.03544
  -0.03029
  -0.03012
   0.03558
   0.02386
  -0.03977
  -0.01688
   0.04274
   0.00937
  -0.04438
  -0.00157
   0.04466
  -0.00628
  -0.04356
   0.01393
   0.04111
  -0.02115
  -0.03739
   0.02772
   0.03252
  -0.03344
  -0.02665
   0.03812
   0.01995
  -0.04162
  -0.01263
   0.04384
   0.00493
  -0.04471
   0.00292
   0.04420
  -0.01069
  -0.04232
   0.01812
   0.03913
  -0.02500
  -0.03474
   0.03110
   0.02928
  -0.03625
  -0.02291
   0.04027
   0.01583
  -0.04305
  -0.00827
   0.04451
   0.00045
  -0.04459
   0.00739
   0.04329
  -0.01499
  -0.04065
   0.02214
   0.03676
  -0.02860
  -0.03174
   0.03417
   0.02573
  -0.03869
  -0.01894
   0.04202
   0.01155
  -0.04405
  -0.00381
   0.04472
  -0.00404
  -0.04401
   0.01178
   0.04194
  -0.01915
  -0.03858
   0.02592
   0.03402
  -0.03190
  -0.02842
   0.03690
   0.02193
  -0.04075
  -0.01477
   0.04335
   0.00716
  -0.04460
   0.00068
   0.04448
  -0.00849
  -0.04299
   0.01605
   0.04017
  -0.02311
  -0.03611
   0.02945
   0.03094
  -0.03489
  -0.02481
   0.03925
   0.01791
  -0.04239
  -0.01046
   0.04423
   0.00269
  -0.04470
   0.00516
   0.04380
  -0.01286
  -0.04154
   0.02016
   0.03800
  -0.02683
  -0.03328
   0.03268
   0.02754
  -0.03752
  -0.02095
   0.04120
   0.01371
  -0.04361
  -0.00605
   0.04467
  -0.00180
  -0.04435
   0.00959
   0.04267
  -0.01709
  -0.03967
   0.02406
   0.03544
  -0.03029
  -0.03012
   0.03558
   0.02386
  -0.03977
  -0.01688
   0.04274
   0.00937
  -0.04438
  -0.00157
   0.04466
  -0.00628
  -0.04356
   0.01393
   0.04111
  -0.02115
  -0.03739
   0.02772
   0.03252
  -0.03344
  -0.02665
   0.03812
   0.01995
  -0.04162
  -0.01263
   0.04384
   0.00493
  -0.04471
   0.00292
   0.04420
  -0.01069
  -0.04232
   0.01812
   0.03913
  -0.02500
  -0.03474
   0.03110
   0.02928
  -0.03625
  -0.02291
   0.04027
   0.01583
  -0.04305
  -0.00827
   0.04451
   0.00045
  -0.04459
   0.00739
   0.04329
  -0.01499
  -0.04065
   0.02214
   0.03676
  -0.02860
  -0.03174
   0.03417
   0.02573
  -0.03869
  -0.01894
   0.04202
   0.01155
  -0.04405
  -0.00381
   0.04472
  -0.00404
  -0.04401
   0.01178
   0.04194
  -0.01915
  -0.03858
   0.02592
   0.03402
  -0.03190
  -0.02842
   0.03690
   0.02193
  -0.04075
  -0.01477
   0.04335
   0.00716
  -0.04460
   0.00068
   0.04448
  -0.00849
  -0.04299
   0.01605
   0.04017
  -0.02311
  -0.03611
   0.02945
   0.03094
  -0.03489
  -0.02481
   0.03925
   0.01791
  -0.04239
  -0.01046
   0.04423
   0.00269
  -0.04470
   0.00516
   0.04380
  -0.01286
  -0.04154
   0.02016
   0.03800
  -0.02683
  -0.03328
   0.03268
   0.02754
  -0.03752
  -0.02095
   0.04120
   0.01371
  -0.04361
  -0.00605
   0.04467
  -0.00180
  -0.04435
   0.00959
   0.04267
  -0.01709
  -0.03967
   0.02406
   0.03544
  -0.03029
  -0.03012
   0.03558
   0.02386
  -0.03977
  -0.01688
   0.04274
   0.00937
  -0.04438
  -0.00157
   0.04466
  -0.00628
  -0.04356
   0.01393
   0.04111
  -0.02115
  -0.03739
   0.02772
   0.03252
  -0.03344
  -0.02665
   0.03812
   0.01995
  -0.04162
  -0.01263
   0.04384
   0.00493
  -0.04471
   0.00292
   0.04420
  -0.01069
  -0.04232
   0.01812
   0.03913
  -0.02500
  -0.03474
   0.03110
   0.02928
  -0.03625
  -0.02291
   0.04027
   0.01583
  -0.04305
  -0.00827
   0.04451
   0.00045
  -0.04459
   0.00739
   0.04329
  -0.01499
  -0.04065
   0.02214
   0.03676
  -0.02860
  -0.03174
   0.03417
   0.02573
  -0.03869
  -0.01894
   0.04202
   0.01155
  -0.04405
  -0.00381
   0.04472
  -0.00404
  -0.04401
   0.01178
   0.04194
  -0.01915
  -0.03858
   0.02592
   0.03402
  -0.03190
  -0.02842
   0.03690
   0.02193
  -0.04075
  -0.01477
   0.04335
   0.00716
  -0.04460
   0.00068
   0.04448
  -0.00849
  -0.04299
   0.01605
   0.04017
  -0.02311
  -0.03611
   0.02945
   0.03094
  -0.03489
  -0.02481
   0.03925
   0.01791
  -0.04239
  -0.01046
   0.04423
   0.00269
  -0.04470
   0.00516
   0.04380
  -0.01286
  -0.04154
   0.02016
   0.03800
  -0.02683
  -0.03328
   0.03268
   0.02754
  -0.03752
  -0.02095
   0.04120
   0.01371
  -0.04361
  -0.00605
   0.04467
  -0.00180
  -0.04435
   0.00959
   0.04267
  -0.01709
  -0.03967
   0.02406
   0.03544
  -0.03029
  -0.03012
   0.03558
   0.02386
  -0.03977
  -0.01688
   0.04274
   0.00937
  -0.04438
  -0.00157
   0.04466
  -0.00628
  -0.04356
   0.01393
   0.04111
  -0.02115
  -0.03739
   0.02772
   0.03252
  -0.03344
  -0.02665
   0.03812
   0.01995
  -0.04162
  -0.01263
   0.04384
   0.00493
  -0.04471
   0.00292
   0.04420
  -0.01069
  -0.04232
   0.01812
   0.03913
  -0.02500
  -0.03474
   0.03110
   0.02928
  -0.03625
  -0.02291
   0.04027
   0.01583
  -0.04305
  -0.00827
   0.04451
   0.00045
  -0.04459
   0.00739
   0.04329
  -0.01499
  -0.04065
   0.02214
   0.03676
  -0.02860
  -0.03174
   0.03417
   0.02573
  -0.03869
  -0.01894
   0.04202
   0.01155
  -0.04405
  -0.00381
   0.04472
  -0.00404
  -0.04401
   0.01178
   0.04194
  -0.01915
  -0.03858
   0.02592
   0.03402
  -0.03190
  -0.02842
   0.03690
   0.02193
  -0.04075
  -0.01477
   0.04335
   0.00716
  -0.04460
   0.00068
   0.04448
  -0.00849
  -0.04299
   0.01605
   0.04017
  -0.02311
  -0.03611
   0.02945
   0.03094
  -0.03489
  -0.02481
   0.03925
   0.01791
  -0.04239
  -0.01046
   0.04423
   0.00269
  -0.04470
   0.00516
   0.04380
  -0.01286
  -0.04154
   0.02016
   0.03800
  -0.02683
  -0.03328
   0.03268
   0.02754
  -0.03752
  -0.02095
   0.04120
   0.01371
  -0.04361
  -0.00605
   0.04467
  -0.00180
  -0.04435
   0.00959
   0.04267
  -0.01709
  -0.03967
   0.02406
   0.03544
  -0.03029
  -0.03012
   0.03558
   0.02386
  -0.03977
  -0.01688
   0.04274
   0.00937
  -0.04438
  -0.00157
   0.04466
  -0.00628
  -0.04356
   0.01393
   0.04111
  -0.02115
  -0.03739
   0.02772
   0.03252
  -0.03344
  -0.02665
   0.03812
   0.01995
  -0.04162
  -0.01263
   0.04384
   0.00493
  -0.04471
   0.00292
