  -0.03290
  -0.04464
  -0.02903
   0.00437
   0.03509
   0.04431
   0.02639
  -0.00771
  -0.03708
  -0.04373
  -0.02359
   0.01100
   0.03886
   0.04290
   0.02066
  -0.01424
  -0.04041
  -0.04183
  -0.01762
   0.01739
   0.04174
   0.04052
   0.01447
  -0.02044
  -0.04283
  -0.03898
  -0.01124
   0.02338
   0.04368
   0.03721
   0.00795
  -0.02619
  -0.04428
  -0.03524
  -0.00461
   0.02884
   0.04463
   0.03306
   0.00125
  -0.03134
  -0.04472
  -0.03070
   0.00212
   0.03365
   0.04456
   0.02817
  -0.00548
  -0.03577
  -0.04415
  -0.02547
   0.00881
   0.03769
   0.04348
   0.02263
  -0.01209
  -0.03940
  -0.04257
  -0.01966
   0.01530
   0.04088
   0.04142
   0.01658
  -0.01842
  -0.04213
  -0.04003
  -0.01340
   0.02144
   0.04314
   0.03841
   0.01015
  -0.02433
  -0.04391
  -0.03658
  -0.00684
   0.02709
   0.04442
   0.03454
   0.00349
  -0.02969
  -0.04468
  -0.03230
  -0.00012
   0.03213
   0.04469
   0.02988
  -0.00325
  -0.03438
  -0.04445
  -0.02728
   0.00660
   0.03644
   0.04395
   0.02454
  -0.00991
  -0.03829
  -0.04320
  -0.02165
   0.01317
   0.03992
   0.04221
   0.01864
  -0.01635
  -0.04132
  -0.04098
  -0.01553
   0.01944
   0.04249
   0.03951
   0.01232
  -0.02242
  -0.04342
  -0.03782
  -0.00905
   0.02527
   0.04411
   0.03592
   0.00573
  -0.02798
  -0.04454
  -0.03381
  -0.00237
   0.03052
   0.04472
   0.03151
  -0.00100
  -0.03290
  -0.04464
  -0.02903
   0.00437
   0.03509
   0.04431
   0.02639
  -0.00771
  -0.03708
  -0.04373
  -0.02359
   0.01100
   0.03886
   0.04290
   0.02066
  -0.01424
  -0.04041
  -0.04183
  -0.01762
   0.01739
   0.04174
   0.04052
   0.01447
  -0.02044
  -0.04283
  -0.03898
  -0.01124
   0.02338
   0.04368
   0.03721
   0.00795
  -0.02619
  -0.04428
  -0.03524
  -0.00461
   0.02884
   0.04463
   0.03306
   0.00125
  -0.03134
  -0.04472
  -0.03070
   0.00212
   0.03365
   0.04456
   0.02817
  -0.00548
  -0.03577
  -0.04415
  -0.02547
   0.00881
   0.03769
   0.04348
   0.02263
  -0.01209
  -0.03940
  -0.04257
  -0.01966
   0.01530
   0.04088
   0.04142
   0.01658
  -0.01842
  -0.04213
  -0.04003
  -0.01340
   0.02144
   0.04314
   0.03841
   0.01015
  -0.02433
  -0.04391
  -0.03658
  -0.00684
   0.02709
   0.04442
   0.03454
   0.00349
  -0.02969
  -0.04468
  -0.03230
  -0.00012
   0.03213
   0.04469
   0.02988
  -0.00325
  -0.03438
  -0.04445
  -0.02728
   0.00660
   0.03644
   0.04395
   0.02454
  -0.00991
  -0.03829
  -0.04320
  -0.02165
   0.01317
   0.03992
   0.04221
   0.01864
  -0.01635
  -0.04132
  -0.04098
  -0.01553
   0.01944
   0.04249
   0.03951
   0.01232
  -0.02242
  -0.04342
  -0.03782
  -0.00905
   0.02527
   0.04411
   0.03592
   0.00573
  -0.02798
  -0.04454
  -0.03381
  -0.00237
   0.03052
   0.04472
   0.03151
  -0.00100
  -0.03290
  -0.04464
  -0.02903
   0.00437
   0.03509
   0.04431
   0.02639
  -0.00771
  -0.03708
  -0.04373
  -0.02359
   0.01100
   0.03886
   0.04290
   0.02066
  -0.01424
  -0.04041
  -0.04183
  -0.01762
   0.01739
   0.04174
   0.04052
   0.01447
  -0.02044
  -0.04283
  -0.03898
  -0.01124
   0.02338
   0.04368
   0.03721
   0.00795
  -0.02619
  -0.04428
  -0.03524
  -0.00461
   0.02884
   0.04463
   0.03306
   0.00125
  -0.03134
  -0.04472
  -0.03070
   0.00212
   0.03365
   0.04456
   0.02817
  -0.00548
  -0.03577
  -0.04415
  -0.02547
   0.00881
   0.03769
   0.04348
   0.02263
  -0.01209
  -0.03940
  -0.04257
  -0.01966
   0.01530
   0.04088
   0.04142
   0.01658
  -0.01842
  -0.04213
  -0.04003
  -0.01340
   0.02144
   0.04314
   0.03841
   0.01015
  -0.02433
  -0.04391
  -0.03658
  -0.00684
   0.02709
   0.04442
   0.03454
   0.00349
  -0.02969
  -0.04468
  -0.03230
  -0.00012
   0.03213
   0.04469
   0.02988
  -0.00325
  -0.03438
  -0.04445
  -0.02728
   0.00660
   0.03644
   0.04395
   0.02454
  -0.00991
  -0.03829
  -0.04320
  -0.02165
   0.01317
   0.03992
   0.04221
   0.01864
  -0.01635
  -0.04132
  -0.04098
  -0.01553
   0.01944
   0.04249
   0.03951
   0.01232
  -0.02242
  -0.04342
  -0.03782
  -0.00905
   0.02527
   0.04411
   0.03592
   0.00573
  -0.02798
  -0.04454
  -0.03381
  -0.00237
   0.03052
   0.04472
   0.03151
  -0.00100
  -0.03290
  -0.04464
  -0.02903
   0.00437
   0.03509
   0.04431
   0.02639
  -0.00771
  -0.03708
  -0.04373
  -0.02359
   0.01100
   0.03886
   0.04290
   0.02066
  -0.01424
  -0.04041
  -0.04183
  -0.01762
   0.01739
   0.04174
   0.04052
   0.01447
  -0.02044
  -0.04283
  -0.03898
  -0.01124
   0.02338
   0.04368
   0.03721
   0.00795
  -0.02619
  -0.04428
  -0.03524
  -0.00461
   0.02884
   0.04463
   0.03306
   0.00125
  -0.03134
  -0.04472
  -0.03070
   0.00212
   0.03365
   0.04456
   0.02817
  -0.00548
  -0.03577
  -0.04415
  -0.02547
   0.00881
   0.03769
   0.04348
   0.02263
  -0.01209
  -0.03940
  -0.04257
  -0.01966
   0.01530
   0.04088
   0.04142
   0.01658
  -0.01842
  -0.04213
  -0.04003
  -0.01340
   0.02144
   0.04314
   0.03841
   0.01015
  -0.02433
  -0.04391
  -0.03658
  -0.00684
   0.02709
   0.04442
   0.03454
   0.00349
  -0.02969
  -0.04468
  -0.03230
  -0.00012
   0.03213
   0.04469
   0.02988
  -0.00325
  -0.03438
  -0.04445
  -0.02728
   0.00660
   0.03644
   0.04395
   0.02454
  -0.00991
  -0.03829
  -0.04320
  -0.02165
   0.01317
   0.03992
   0.04221
   0.01864
  -0.01635
  -0.04132
  -0.04098
  -0.01553
   0.01944
   0.04249
   0.03951
   0.01232
  -0.02242
  -0.04342
  -0.03782
  -0.00905
   0.02527
   0.04411
   0.03592
   0.00573
  -0.02798
  -0.04454
  -0.03381
  -0.00237
   0.03052
   0.04472
   0.03151
  -0.00100
  -0.03290
  -0.04464
  -0.02903
   0.00437
   0.03509
   0.04431
   0.02639
  -0.00771
  -0.03708
  -0.04373
  -0.02359
   0.01100
   0.03886
   0.04290
   0.02066
  -0.01424
  -0.04041
  -0.04183
  -0.01762
   0.01739
   0.04174
   0.04052
   0.01447
  -0.02044
  -0.04283
  -0.03898
  -0.01124
   0.02338
   0.04368
   0.03721
   0.00795
  -0.02619
  -0.04428
  -0.03524
  -0.00461
   0.02884
   0.04463
   0.03306
   0.00125
  -0.03134
  -0.04472
  -0.03070
   0.00212
   0.03365
   0.04456
   0.02817
  -0.00548
  -0.03577
  -0.04415
  -0.02547
   0.00881
   0.03769
   0.04348
   0.02263
  -0.01209
  -0.03940
  -0.04257
  -0.01966
   0.01530
   0.04088
   0.04142
   0.01658
  -0.01842
  -0.04213
  -0.04003
  -0.01340
   0.02144
   0.04314
   0.03841
   0.01015
  -0.02433
  -0.04391
  -0.03658
  -0.00684
   0.02709
   0.04442
   0.03454
   0.00349
  -0.02969
  -0.04468
  -0.03230
  -0.00012
   0.03213
   0.04469
   0.02988
  -0.00325
  -0.03438
  -0.04445
  -0.02728
   0.00660
   0.03644
   0.04395
   0.02454
  -0.00991
  -0.03829
  -0.04320
  -0.02165
   0.01317
   0.03992
   0.04221
   0.01864
  -0.01635
  -0.04132
  -0.04098
  -0.01553
   0.01944
   0.04249
   0.03951
   0.01232
  -0.02242
  -0.04342
  -0.03782
  -0.00905
   0.02527
   0.04411
   0.03592
   0.00573
  -0.02798
  -0.04454
  -0.03381
  -0.00237
   0.03052
   0.04472
   0.03151
  -0.00100
  -0.03290
  -0.04464
  -0.02903
   0.00437
   0.03509
   0.04431
   0.02639
  -0.00771
  -0.03708
  -0.04373
  -0.02359
   0.01100
   0.03886
   0.04290
   0.02066
  -0.01424
  -0.04041
  -0.04183
  -0.01762
   0.01739
   0.04174
   0.04052
   0.01447
  -0.02044
  -0.04283
  -0.03898
  -0.01124
   0.02338
   0.04368
   0.03721
   0.00795
  -0.02619
  -0.04428
  -0.03524
  -0.00461
   0.02884
   0.04463
   0.03306
   0.00125
  -0.03134
  -0.04472
  -0.03070
   0.00212
   0.03365
   0.04456
   0.02817
  -0.00548
  -0.03577
  -0.04415
  -0.02547
   0.00881
   0.03769
   0.04348
   0.02263
  -0.01209
  -0.03940
  -0.04257
  -0.01966
   0.01530
   0.04088
   0.04142
   0.01658
  -0.01842
  -0.04213
  -0.04003
  -0.01340
   0.02144
   0.04314
   0.03841
   0.01015
  -0.02433
  -0.04391
  -0.03658
  -0.00684
   0.02709
   0.04442
   0.03454
   0.00349
  -0.02969
  -0.04468
  -0.03230
  -0.00012
   0.03213
   0.04469
   0.02988
  -0.00325
  -0.03438
  -0.04445
  -0.02728
   0.00660
   0.03644
   0.04395
   0.02454
  -0.00991
  -0.03829
  -0.04320
  -0.02165
   0.01317
   0.03992
   0.04221
   0.01864
  -0.01635
  -0.04132
  -0.04098
  -0.01553
   0.01944
   0.04249
   0.03951
   0.01232
  -0.02242
  -0.04342
  -0.03782
  -0.00905
   0.02527
   0.04411
   0.03592
   0.00573
  -0.02798
  -0.04454
  -0.03381
  -0.00237
   0.03052
   0.04472
   0.03151
  -0.00100
  -0.03290
  -0.04464
  -0.02903
   0.00437
   0.03509
   0.04431
   0.02639
  -0.00771
  -0.03708
  -0.04373
  -0.02359
   0.01100
   0.03886
   0.04290
   0.02066
  -0.01424
  -0.04041
  -0.04183
  -0.01762
   0.01739
   0.04174
   0.04052
   0.01447
  -0.02044
  -0.04283
  -0.03898
  -0.01124
   0.02338
   0.04368
   0.03721
   0.00795
  -0.02619
  -0.04428
  -0.03524
  -0.00461
   0.02884
   0.04463
   0.03306
   0.00125
  -0.03134
  -0.04472
  -0.03070
   0.00212
   0.03365
   0.04456
   0.02817
  -0.00548
  -0.03577
  -0.04415
  -0.02547
   0.00881
   0.03769
   0.04348
   0.02263
  -0.01209
  -0.03940
  -0.04257
  -0.01966
   0.01530
   0.04088
   0.04142
   0.01658
  -0.01842
  -0.04213
  -0.04003
  -0.01340
   0.02144
   0.04314
   0.03841
   0.01015
  -0.02433
  -0.04391
  -0.03658
  -0.00684
   0.02709
   0.04442
   0.03454
   0.00349
  -0.02969
  -0.04468
  -0.03230
  -0.00012
   0.03213
   0.04469
   0.02988
  -0.00325
  -0.03438
  -0.04445
  -0.02728
   0.00660
   0.03644
   0.04395
   0.02454
  -0.00991
  -0.03829
  -0.04320
  -0.02165
   0.01317
   0.03992
   0.04221
   0.01864
  -0.01635
  -0.04132
  -0.04098
  -0.01553
   0.01944
   0.04249
   0.03951
   0.01232
  -0.02242
  -0.04342
  -0.03782
  -0.00905
   0.02527
   0.04411
   0.03592
   0.00573
  -0.02798
  -0.04454
  -0.03381
  -0.00237
   0.03052
   0.04472
   0.03151
  -0.00100
  -0.03290
  -0.04464
  -0.02903
   0.00437
   0.03509
   0.04431
   0.02639
  -0.00771
  -0.03708
  -0.04373
  -0.02359
   0.01100
   0.03886
   0.04290
   0.02066
  -0.01424
  -0.04041
  -0.04183
  -0.01762
   0.01739
   0.04174
   0.04052
   0.01447
  -0.02044
  -0.04283
  -0.03898
  -0.01124
   0.02338
   0.04368
   0.03721
   0.00795
  -0.02619
  -0.04428
  -0.03524
  -0.00461
   0.02884
   0.04463
   0.03306
   0.00125
  -0.03134
  -0.04472
  -0.03070
   0.00212
   0.03365
   0.04456
   0.02817
  -0.00548
  -0.03577
  -0.04415
  -0.02547
   0.00881
   0.03769
   0.04348
   0.02263
  -0.01209
  -0.03940
  -0.04257
  -0.01966
   0.01530
   0.04088
   0.04142
   0.01658
  -0.01842
  -0.04213
  -0.04003
  -0.01340
   0.02144
   0.04314
   0.03841
   0.01015
  -0.02433
  -0.04391
  -0.03658
  -0.00684
   0.02709
   0.04442
   0.03454
   0.00349
  -0.02969
  -0.04468
  -0.03230
  -0.00012
   0.03213
   0.04469
   0.02988
  -0.00325
  -0.03438
  -0.04445
  -0.02728
   0.00660
   0.03644
   0.04395
   0.02454
  -0.00991
  -0.03829
  -0.04320
  -0.02165
   0.01317
   0.03992
   0.04221
   0.01864
  -0.01635
  -0.04132
  -0.04098
  -0.01553
   0.01944
   0.04249
   0.03951
   0.01232
  -0.02242
  -0.04342
  -0.03782
  -0.00905
   0.02527
   0.04411
   0.03592
   0.00573
  -0.02798
  -0.04454
  -0.03381
  -0.00237
   0.03052
   0.04472
   0.03151
  -0.00100
