   0.02408
  -0.01841
  -0.04419
  -0.02989
   0.01153
   0.04249
   0.03490
  -0.00435
  -0.03966
  -0.03898
  -0.00294
   0.03577
   0.04203
   0.01016
  -0.03092
  -0.04395
  -0.01711
   0.02526
   0.04471
   0.02360
  -0.01892
  -0.04428
  -0.02947
   0.01208
   0.04266
   0.03454
  -0.00491
  -0.03991
  -0.03870
  -0.00238
   0.03610
   0.04183
   0.00961
  -0.03133
  -0.04385
  -0.01659
   0.02572
   0.04469
   0.02312
  -0.01943
  -0.04435
  -0.02904
   0.01262
   0.04283
   0.03419
  -0.00547
  -0.04016
  -0.03842
  -0.00182
   0.03643
   0.04163
   0.00906
  -0.03173
  -0.04373
  -0.01607
   0.02618
   0.04467
   0.02264
  -0.01993
  -0.04442
  -0.02861
   0.01315
   0.04299
   0.03382
  -0.00603
  -0.04041
  -0.03813
  -0.00126
   0.03675
   0.04142
   0.00851
  -0.03212
  -0.04361
  -0.01554
   0.02663
   0.04464
   0.02215
  -0.02043
  -0.04448
  -0.02818
   0.01369
   0.04314
   0.03345
  -0.00658
  -0.04064
  -0.03783
  -0.00070
   0.03707
   0.04121
   0.00796
  -0.03251
  -0.04348
  -0.01501
   0.02708
   0.04460
   0.02166
  -0.02093
  -0.04454
  -0.02774
   0.01422
   0.04328
   0.03307
  -0.00714
  -0.04088
  -0.03753
  -0.00014
   0.03738
   0.04099
   0.00741
  -0.03289
  -0.04335
  -0.01448
   0.02752
   0.04456
   0.02117
  -0.02143
  -0.04458
  -0.02730
   0.01476
   0.04342
   0.03269
  -0.00769
  -0.04110
  -0.03722
   0.00043
   0.03769
   0.04076
   0.00685
  -0.03327
  -0.04321
  -0.01395
   0.02797
   0.04451
   0.02067
  -0.02192
  -0.04462
  -0.02685
   0.01529
   0.04355
   0.03231
  -0.00825
  -0.04132
  -0.03691
   0.00099
   0.03799
   0.04052
   0.00630
  -0.03364
  -0.04306
  -0.01341
   0.02840
   0.04445
   0.02017
  -0.02241
  -0.04466
  -0.02640
   0.01581
   0.04368
   0.03192
  -0.00880
  -0.04153
  -0.03659
   0.00155
   0.03828
   0.04028
   0.00574
  -0.03401
  -0.04290
  -0.01288
   0.02883
   0.04439
   0.01967
  -0.02289
  -0.04468
  -0.02594
   0.01634
   0.04379
   0.03152
  -0.00935
  -0.04174
  -0.03626
   0.00211
   0.03857
   0.04003
   0.00518
  -0.03437
  -0.04274
  -0.01234
   0.02926
   0.04431
   0.01916
  -0.02337
  -0.04470
  -0.02548
   0.01686
   0.04390
   0.03112
  -0.00990
  -0.04193
  -0.03593
   0.00267
   0.03885
   0.03978
   0.00462
  -0.03473
  -0.04257
  -0.01180
   0.02968
   0.04423
   0.01866
  -0.02385
  -0.04472
  -0.02502
   0.01738
   0.04401
   0.03071
  -0.01044
  -0.04213
  -0.03559
   0.00323
   0.03912
   0.03952
   0.00406
  -0.03508
  -0.04240
  -0.01125
   0.03010
   0.04415
   0.01814
  -0.02432
  -0.04472
  -0.02455
   0.01789
   0.04410
   0.03030
  -0.01099
  -0.04231
  -0.03525
   0.00379
   0.03939
   0.03925
   0.00350
  -0.03543
  -0.04222
  -0.01071
   0.03051
   0.04405
   0.01763
  -0.02479
  -0.04472
  -0.02408
   0.01841
   0.04419
   0.02989
  -0.01153
  -0.04249
  -0.03490
   0.00435
   0.03966
   0.03898
   0.00294
  -0.03577
  -0.04203
  -0.01016
   0.03092
   0.04395
   0.01711
  -0.02526
  -0.04471
  -0.02360
   0.01892
   0.04428
   0.02947
  -0.01208
  -0.04266
  -0.03454
   0.00491
   0.03991
   0.03870
   0.00238
  -0.03610
  -0.04183
  -0.00961
   0.03133
   0.04385
   0.01659
  -0.02572
  -0.04469
  -0.02312
   0.01943
   0.04435
   0.02904
  -0.01262
  -0.04283
  -0.03419
   0.00547
   0.04016
   0.03842
   0.00182
  -0.03643
  -0.04163
  -0.00906
   0.03173
   0.04373
   0.01607
  -0.02618
  -0.04467
  -0.02264
   0.01993
   0.04442
   0.02861
  -0.01315
  -0.04299
  -0.03382
   0.00603
   0.04041
   0.03813
   0.00126
  -0.03675
  -0.04142
  -0.00851
   0.03212
   0.04361
   0.01554
  -0.02663
  -0.04464
  -0.02215
   0.02043
   0.04448
   0.02818
  -0.01369
  -0.04314
  -0.03345
   0.00658
   0.04064
   0.03783
   0.00070
  -0.03707
  -0.04121
  -0.00796
   0.03251
   0.04348
   0.01501
  -0.02708
  -0.04460
  -0.02166
   0.02093
   0.04454
   0.02774
  -0.01422
  -0.04328
  -0.03307
   0.00714
   0.04088
   0.03753
   0.00014
  -0.03738
  -0.04099
  -0.00741
   0.03289
   0.04335
   0.01448
  -0.02752
  -0.04456
  -0.02117
   0.02143
   0.04458
   0.02730
  -0.01476
  -0.04342
  -0.03269
   0.00769
   0.04110
   0.03722
  -0.00043
  -0.03769
  -0.04076
  -0.00685
   0.03327
   0.04321
   0.01395
  -0.02797
  -0.04451
  -0.02067
   0.02192
   0.04462
   0.02685
  -0.01529
  -0.04355
  -0.03231
   0.00825
   0.04132
   0.03691
  -0.00099
  -0.03799
  -0.04052
  -0.00630
   0.03364
   0.04306
   0.01341
  -0.02840
  -0.04445
  -0.02017
   0.02241
   0.04466
   0.02640
  -0.01581
  -0.04368
  -0.03192
   0.00880
   0.04153
   0.03659
  -0.00155
  -0.03828
  -0.04028
  -0.00574
   0.03401
   0.04290
   0.01288
  -0.02883
  -0.04439
  -0.01967
   0.02289
   0.04468
   0.02594
  -0.01634
  -0.04379
  -0.03152
   0.00935
   0.04174
   0.03626
  -0.00211
  -0.03857
  -0.04003
  -0.00518
   0.03437
   0.04274
   0.01234
  -0.02926
  -0.04431
  -0.01916
   0.02337
   0.04470
   0.02548
  -0.01686
  -0.04390
  -0.03112
   0.00990
   0.04193
   0.03593
  -0.00267
  -0.03885
  -0.03978
  -0.00462
   0.03473
   0.04257
   0.01180
  -0.02968
  -0.04423
  -0.01866
   0.02385
   0.04472
   0.02502
  -0.01738
  -0.04401
  -0.03071
   0.01044
   0.04213
   0.03559
  -0.00323
  -0.03912
  -0.03952
  -0.00406
   0.03508
   0.04240
   0.01125
  -0.03010
  -0.04415
  -0.01814
   0.02432
   0.04472
   0.02455
  -0.01789
  -0.04410
  -0.03030
   0.01099
   0.04231
   0.03525
  -0.00379
  -0.03939
  -0.03925
  -0.00350
   0.03543
   0.04222
   0.01071
  -0.03051
  -0.04405
  -0.01763
   0.02479
   0.04472
   0.02408
  -0.01841
  -0.04419
  -0.02989
   0.01153
   0.04249
   0.03490
  -0.00435
  -0.03966
  -0.03898
  -0.00294
   0.03577
   0.04203
   0.01016
  -0.03092
  -0.04395
  -0.01711
   0.02526
   0.04471
   0.02360
  -0.01892
  -0.04428
  -0.02947
   0.01208
   0.04266
   0.03454
  -0.00491
  -0.03991
  -0.03870
  -0.00238
   0.03610
   0.04183
   0.00961
  -0.03133
  -0.04385
  -0.01659
   0.02572
   0.04469
   0.02312
  -0.01943
  -0.04435
  -0.02904
   0.01262
   0.04283
   0.03419
  -0.00547
  -0.04016
  -0.03842
  -0.00182
   0.03643
   0.04163
   0.00906
  -0.03173
  -0.04373
  -0.01607
   0.02618
   0.04467
   0.02264
  -0.01993
  -0.04442
  -0.02861
   0.01315
   0.04299
   0.03382
  -0.00603
  -0.04041
  -0.03813
  -0.00126
   0.03675
   0.04142
   0.00851
  -0.03212
  -0.04361
  -0.01554
   0.02663
   0.04464
   0.02215
  -0.02043
  -0.04448
  -0.02818
   0.01369
   0.04314
   0.03345
  -0.00658
  -0.04064
  -0.03783
  -0.00070
   0.03707
   0.04121
   0.00796
  -0.03251
  -0.04348
  -0.01501
   0.02708
   0.04460
   0.02166
  -0.02093
  -0.04454
  -0.02774
   0.01422
   0.04328
   0.03307
  -0.00714
  -0.04088
  -0.03753
  -0.00014
   0.03738
   0.04099
   0.00741
  -0.03289
  -0.04335
  -0.01448
   0.02752
   0.04456
   0.02117
  -0.02143
  -0.04458
  -0.02730
   0.01476
   0.04342
   0.03269
  -0.00769
  -0.04110
  -0.03722
   0.00043
   0.03769
   0.04076
   0.00685
  -0.03327
  -0.04321
  -0.01395
   0.02797
   0.04451
   0.02067
  -0.02192
  -0.04462
  -0.02685
   0.01529
   0.04355
   0.03231
  -0.00825
  -0.04132
  -0.03691
   0.00099
   0.03799
   0.04052
   0.00630
  -0.03364
  -0.04306
  -0.01341
   0.02840
   0.04445
   0.02017
  -0.02241
  -0.04466
  -0.02640
   0.01581
   0.04368
   0.03192
  -0.00880
  -0.04153
  -0.03659
   0.00155
   0.03828
   0.04028
   0.00574
  -0.03401
  -0.04290
  -0.01288
   0.02883
   0.04439
   0.01967
  -0.02289
  -0.04468
  -0.02594
   0.01634
   0.04379
   0.03152
  -0.00935
  -0.04174
  -0.03626
   0.00211
   0.03857
   0.04003
   0.00518
  -0.03437
  -0.04274
  -0.01234
   0.02926
   0.04431
   0.01916
  -0.02337
  -0.04470
  -0.02548
   0.01686
   0.04390
   0.03112
  -0.00990
  -0.04193
  -0.03593
   0.00267
   0.03885
   0.03978
   0.00462
  -0.03473
  -0.04257
  -0.01180
   0.02968
   0.04423
   0.01866
  -0.02385
  -0.04472
  -0.02502
   0.01738
   0.04401
   0.03071
  -0.01044
  -0.04213
  -0.03559
   0.00323
   0.03912
   0.03952
   0.00406
  -0.03508
  -0.04240
  -0.01125
   0.03010
   0.04415
   0.01814
  -0.02432
  -0.04472
  -0.02455
   0.01789
   0.04410
   0.03030
  -0.01099
  -0.04231
  -0.03525
   0.00379
   0.03939
   0.03925
   0.00350
  -0.03543
  -0.04222
  -0.01071
   0.03051
   0.04405
   0.01763
  -0.02479
  -0.04472
  -0.02408
   0.01841
   0.04419
   0.02989
  -0.01153
  -0.04249
  -0.03490
   0.00435
   0.03966
   0.03898
   0.00294
  -0.03577
  -0.04203
  -0.01016
   0.03092
   0.04395
   0.01711
  -0.02526
  -0.04471
  -0.02360
   0.01892
   0.04428
   0.02947
  -0.01208
  -0.04266
  -0.03454
   0.00491
   0.03991
   0.03870
   0.00238
  -0.03610
  -0.04183
  -0.00961
   0.03133
   0.04385
   0.01659
  -0.02572
  -0.04469
  -0.02312
   0.01943
   0.04435
   0.02904
  -0.01262
  -0.04283
  -0.03419
   0.00547
   0.04016
   0.03842
   0.00182
  -0.03643
  -0.04163
  -0.00906
   0.03173
   0.04373
   0.01607
  -0.02618
  -0.04467
  -0.02264
   0.01993
   0.04442
   0.02861
  -0.01315
  -0.04299
  -0.03382
   0.00603
   0.04041
   0.03813
   0.00126
  -0.03675
  -0.04142
  -0.00851
   0.03212
   0.04361
   0.01554
  -0.02663
  -0.04464
  -0.02215
   0.02043
   0.04448
   0.02818
  -0.01369
  -0.04314
  -0.03345
   0.00658
   0.04064
   0.03783
   0.00070
  -0.03707
  -0.04121
  -0.00796
   0.03251
   0.04348
   0.01501
  -0.02708
  -0.04460
  -0.02166
   0.02093
   0.04454
   0.02774
  -0.01422
  -0.04328
  -0.03307
   0.00714
   0.04088
   0.03753
   0.00014
  -0.03738
  -0.04099
  -0.00741
   0.03289
   0.04335
   0.01448
  -0.02752
  -0.04456
  -0.02117
   0.02143
   0.04458
   0.02730
  -0.01476
  -0.04342
  -0.03269
   0.00769
   0.04110
   0.03722
  -0.00043
  -0.03769
  -0.04076
  -0.00685
   0.03327
   0.04321
   0.01395
  -0.02797
  -0.04451
  -0.02067
   0.02192
   0.04462
   0.02685
  -0.01529
  -0.04355
  -0.03231
   0.00825
   0.04132
   0.03691
  -0.00099
  -0.03799
  -0.04052
  -0.00630
   0.03364
   0.04306
   0.01341
  -0.02840
  -0.04445
  -0.02017
   0.02241
   0.04466
   0.02640
  -0.01581
  -0.04368
  -0.03192
   0.00880
   0.04153
   0.03659
  -0.00155
  -0.03828
  -0.04028
  -0.00574
   0.03401
   0.04290
   0.01288
  -0.02883
  -0.04439
  -0.01967
   0.02289
   0.04468
   0.02594
  -0.01634
  -0.04379
  -0.03152
   0.00935
   0.04174
   0.03626
  -0.00211
  -0.03857
  -0.04003
  -0.00518
   0.03437
   0.04274
   0.01234
  -0.02926
  -0.04431
  -0.01916
   0.02337
   0.04470
   0.02548
  -0.01686
  -0.04390
  -0.03112
   0.00990
   0.04193
   0.03593
  -0.00267
  -0.03885
  -0.03978
  -0.00462
   0.03473
   0.04257
   0.01180
  -0.02968
  -0.04423
  -0.01866
   0.02385
   0.04472
   0.02502
  -0.01738
  -0.04401
  -0.03071
   0.01044
   0.04213
   0.03559
  -0.00323
  -0.03912
  -0.03952
  -0.00406
   0.03508
   0.04240
   0.01125
  -0.03010
  -0.04415
  -0.01814
   0.02432
   0.04472
   0.02455
  -0.01789
  -0.04410
  -0.03030
   0.01099
   0.04231
   0.03525
  -0.00379
  -0.03939
  -0.03925
  -0.00350
   0.03543
   0.04222
   0.01071
  -0.03051
  -0.04405
  -0.01763
   0.02479
   0.04472
