   0.02242
   0.03886
   0.04472
   0.03841
   0.02164
  -0.00101
  -0.02339
  -0.03940
  -0.04469
  -0.03782
  -0.02065
   0.00213
   0.02434
   0.03992
   0.04464
   0.03721
   0.01965
  -0.00326
  -0.02528
  -0.04042
  -0.04456
  -0.03657
  -0.01864
   0.00437
   0.02619
   0.04088
   0.04445
   0.03592
   0.01761
  -0.00549
  -0.02710
  -0.04133
  -0.04431
  -0.03523
  -0.01657
   0.00661
   0.02798
   0.04174
   0.04414
   0.03453
   0.01552
  -0.00772
  -0.02885
  -0.04213
  -0.04395
  -0.03381
  -0.01446
   0.00882
   0.02970
   0.04250
   0.04373
   0.03306
   0.01339
  -0.00992
  -0.03053
  -0.04283
  -0.04348
  -0.03229
  -0.01232
   0.01101
   0.03134
   0.04314
   0.04320
   0.03150
   0.01123
  -0.01210
  -0.03213
  -0.04343
  -0.04290
  -0.03070
  -0.01014
   0.01318
   0.03291
   0.04368
   0.04257
   0.02987
   0.00904
  -0.01425
  -0.03366
  -0.04391
  -0.04221
  -0.02902
  -0.00794
   0.01531
   0.03439
   0.04411
   0.04182
   0.02816
   0.00683
  -0.01636
  -0.03509
  -0.04428
  -0.04141
  -0.02728
  -0.00572
   0.01740
   0.03578
   0.04442
   0.04098
   0.02638
   0.00460
  -0.01843
  -0.03644
  -0.04454
  -0.04051
  -0.02546
  -0.00348
   0.01945
   0.03708
   0.04463
   0.04002
   0.02453
   0.00236
  -0.02045
  -0.03770
  -0.04469
  -0.03951
  -0.02358
  -0.00124
   0.02144
   0.03829
   0.04472
   0.03897
   0.02262
   0.00011
  -0.02242
  -0.03886
  -0.04472
  -0.03841
  -0.02164
   0.00101
   0.02339
   0.03940
   0.04469
   0.03782
   0.02065
  -0.00213
  -0.02434
  -0.03992
  -0.04464
  -0.03721
  -0.01965
   0.00326
   0.02528
   0.04042
   0.04456
   0.03657
   0.01864
  -0.00437
  -0.02619
  -0.04088
  -0.04445
  -0.03592
  -0.01761
   0.00549
   0.02710
   0.04133
   0.04431
   0.03523
   0.01657
  -0.00661
  -0.02798
  -0.04174
  -0.04414
  -0.03453
  -0.01552
   0.00772
   0.02885
   0.04213
   0.04395
   0.03381
   0.01446
  -0.00882
  -0.02970
  -0.04250
  -0.04373
  -0.03306
  -0.01339
   0.00992
   0.03053
   0.04283
   0.04348
   0.03229
   0.01232
  -0.01101
  -0.03134
  -0.04314
  -0.04320
  -0.03150
  -0.01123
   0.01210
   0.03213
   0.04343
   0.04290
   0.03070
   0.01014
  -0.01318
  -0.03291
  -0.04368
  -0.04257
  -0.02987
  -0.00904
   0.01425
   0.03366
   0.04391
   0.04221
   0.02902
   0.00794
  -0.01531
  -0.03439
  -0.04411
  -0.04182
  -0.02816
  -0.00683
   0.01636
   0.03509
   0.04428
   0.04141
   0.02728
   0.00572
  -0.01740
  -0.03578
  -0.04442
  -0.04098
  -0.02638
  -0.00460
   0.01843
   0.03644
   0.04454
   0.04051
   0.02546
   0.00348
  -0.01945
  -0.03708
  -0.04463
  -0.04002
  -0.02453
  -0.00236
   0.02045
   0.03770
   0.04469
   0.03951
   0.02358
   0.00124
  -0.02144
  -0.03829
  -0.04472
  -0.03897
  -0.02262
  -0.00011
   0.02242
   0.03886
   0.04472
   0.03841
   0.02164
  -0.00101
  -0.02339
  -0.03940
  -0.04469
  -0.03782
  -0.02065
   0.00213
   0.02434
   0.03992
   0.04464
   0.03721
   0.01965
  -0.00326
  -0.02528
  -0.04042
  -0.04456
  -0.03657
  -0.01864
   0.00437
   0.02619
   0.04088
   0.04445
   0.03592
   0.01761
  -0.00549
  -0.02710
  -0.04133
  -0.04431
  -0.03523
  -0.01657
   0.00661
   0.02798
   0.04174
   0.04414
   0.03453
   0.01552
  -0.00772
  -0.02885
  -0.04213
  -0.04395
  -0.03381
  -0.01446
   0.00882
   0.02970
   0.04250
   0.04373
   0.03306
   0.01339
  -0.00992
  -0.03053
  -0.04283
  -0.04348
  -0.03229
  -0.01232
   0.01101
   0.03134
   0.04314
   0.04320
   0.03150
   0.01123
  -0.01210
  -0.03213
  -0.04343
  -0.04290
  -0.03070
  -0.01014
   0.01318
   0.03291
   0.04368
   0.04257
   0.02987
   0.00904
  -0.01425
  -0.03366
  -0.04391
  -0.04221
  -0.02902
  -0.00794
   0.01531
   0.03439
   0.04411
   0.04182
   0.02816
   0.00683
  -0.01636
  -0.03509
  -0.04428
  -0.04141
  -0.02728
  -0.00572
   0.01740
   0.03578
   0.04442
   0.04098
   0.02638
   0.00460
  -0.01843
  -0.03644
  -0.04454
  -0.04051
  -0.02546
  -0.00348
   0.01945
   0.03708
   0.04463
   0.04002
   0.02453
   0.00236
  -0.02045
  -0.03770
  -0.04469
  -0.03951
  -0.02358
  -0.00124
   0.02144
   0.03829
   0.04472
   0.03897
   0.02262
   0.00011
  -0.02242
  -0.03886
  -0.04472
  -0.03841
  -0.02164
   0.00101
   0.02339
   0.03940
   0.04469
   0.03782
   0.02065
  -0.00213
  -0.02434
  -0.03992
  -0.04464
  -0.03721
  -0.01965
   0.00326
   0.02528
   0.04042
   0.04456
   0.03657
   0.01864
  -0.00437
  -0.02619
  -0.04088
  -0.04445
  -0.03592
  -0.01761
   0.00549
   0.02710
   0.04133
   0.04431
   0.03523
   0.01657
  -0.00661
  -0.02798
  -0.04174
  -0.04414
  -0.03453
  -0.01552
   0.00772
   0.02885
   0.04213
   0.04395
   0.03381
   0.01446
  -0.00882
  -0.02970
  -0.04250
  -0.04373
  -0.03306
  -0.01339
   0.00992
   0.03053
   0.04283
   0.04348
   0.03229
   0.01232
  -0.01101
  -0.03134
  -0.04314
  -0.04320
  -0.03150
  -0.01123
   0.01210
   0.03213
   0.04343
   0.04290
   0.03070
   0.01014
  -0.01318
  -0.03291
  -0.04368
  -0.04257
  -0.02987
  -0.00904
   0.01425
   0.03366
   0.04391
   0.04221
   0.02902
   0.00794
  -0.01531
  -0.03439
  -0.04411
  -0.04182
  -0.02816
  -0.00683
   0.01636
   0.03509
   0.04428
   0.04141
   0.02728
   0.00572
  -0.01740
  -0.03578
  -0.04442
  -0.04098
  -0.02638
  -0.00460
   0.01843
   0.03644
   0.04454
   0.04051
   0.02546
   0.00348
  -0.01945
  -0.03708
  -0.04463
  -0.04002
  -0.02453
  -0.00236
   0.02045
   0.03770
   0.04469
   0.03951
   0.02358
   0.00124
  -0.02144
  -0.03829
  -0.04472
  -0.03897
  -0.02262
  -0.00011
   0.02242
   0.03886
   0.04472
   0.03841
   0.02164
  -0.00101
  -0.02339
  -0.03940
  -0.04469
  -0.03782
  -0.02065
   0.00213
   0.02434
   0.03992
   0.04464
   0.03721
   0.01965
  -0.00326
  -0.02528
  -0.04042
  -0.04456
  -0.03657
  -0.01864
   0.00437
   0.02619
   0.04088
   0.04445
   0.03592
   0.01761
  -0.00549
  -0.02710
  -0.04133
  -0.04431
  -0.03523
  -0.01657
   0.00661
   0.02798
   0.04174
   0.04414
   0.03453
   0.01552
  -0.00772
  -0.02885
  -0.04213
  -0.04395
  -0.03381
  -0.01446
   0.00882
   0.02970
   0.04250
   0.04373
   0.03306
   0.01339
  -0.00992
  -0.03053
  -0.04283
  -0.04348
  -0.03229
  -0.01232
   0.01101
   0.03134
   0.04314
   0.04320
   0.03150
   0.01123
  -0.01210
  -0.03213
  -0.04343
  -0.04290
  -0.03070
  -0.01014
   0.01318
   0.03291
   0.04368
   0.04257
   0.02987
   0.00904
  -0.01425
  -0.03366
  -0.04391
  -0.04221
  -0.02902
  -0.00794
   0.01531
   0.03439
   0.04411
   0.04182
   0.02816
   0.00683
  -0.01636
  -0.03509
  -0.04428
  -0.04141
  -0.02728
  -0.00572
   0.01740
   0.03578
   0.04442
   0.04098
   0.02638
   0.00460
  -0.01843
  -0.03644
  -0.04454
  -0.04051
  -0.02546
  -0.00348
   0.01945
   0.03708
   0.04463
   0.04002
   0.02453
   0.00236
  -0.02045
  -0.03770
  -0.04469
  -0.03951
  -0.02358
  -0.00124
   0.02144
   0.03829
   0.04472
   0.03897
   0.02262
   0.00011
  -0.02242
  -0.03886
  -0.04472
  -0.03841
  -0.02164
   0.00101
   0.02339
   0.03940
   0.04469
   0.03782
   0.02065
  -0.00213
  -0.02434
  -0.03992
  -0.04464
  -0.03721
  -0.01965
   0.00326
   0.02528
   0.04042
   0.04456
   0.03657
   0.01864
  -0.00437
  -0.02619
  -0.04088
  -0.04445
  -0.03592
  -0.01761
   0.00549
   0.02710
   0.04133
   0.04431
   0.03523
   0.01657
  -0.00661
  -0.02798
  -0.04174
  -0.04414
  -0.03453
  -0.01552
   0.00772
   0.02885
   0.04213
   0.04395
   0.03381
   0.01446
  -0.00882
  -0.02970
  -0.04250
  -0.04373
  -0.03306
  -0.01339
   0.00992
   0.03053
   0.04283
   0.04348
   0.03229
   0.01232
  -0.01101
  -0.03134
  -0.04314
  -0.04320
  -0.03150
  -0.01123
   0.01210
   0.03213
   0.04343
   0.04290
   0.03070
   0.01014
  -0.01318
  -0.03291
  -0.04368
  -0.04257
  -0.02987
  -0.00904
   0.01425
   0.03366
   0.04391
   0.04221
   0.02902
   0.00794
  -0.01531
  -0.03439
  -0.04411
  -0.04182
  -0.02816
  -0.00683
   0.01636
   0.03509
   0.04428
   0.04141
   0.02728
   0.00572
  -0.01740
  -0.03578
  -0.04442
  -0.04098
  -0.02638
  -0.00460
   0.01843
   0.03644
   0.04454
   0.04051
   0.02546
   0.00348
  -0.01945
  -0.03708
  -0.04463
  -0.04002
  -0.02453
  -0.00236
   0.02045
   0.03770
   0.04469
   0.03951
   0.02358
   0.00124
  -0.02144
  -0.03829
  -0.04472
  -0.03897
  -0.02262
  -0.00011
   0.02242
   0.03886
   0.04472
   0.03841
   0.02164
  -0.00101
  -0.02339
  -0.03940
  -0.04469
  -0.03782
  -0.02065
   0.00213
   0.02434
   0.03992
   0.04464
   0.03721
   0.01965
  -0.00326
  -0.02528
  -0.04042
  -0.04456
  -0.03657
  -0.01864
   0.00437
   0.02619
   0.04088
   0.04445
   0.03592
   0.01761
  -0.00549
  -0.02710
  -0.04133
  -0.04431
  -0.03523
  -0.01657
   0.00661
   0.02798
   0.04174
   0.04414
   0.03453
   0.01552
  -0.00772
  -0.02885
  -0.04213
  -0.04395
  -0.03381
  -0.01446
   0.00882
   0.02970
   0.04250
   0.04373
   0.03306
   0.01339
  -0.00992
  -0.03053
  -0.04283
  -0.04348
  -0.03229
  -0.01232
   0.01101
   0.03134
   0.04314
   0.04320
   0.03150
   0.01123
  -0.01210
  -0.03213
  -0.04343
  -0.04290
  -0.03070
  -0.01014
   0.01318
   0.03291
   0.04368
   0.04257
   0.02987
   0.00904
  -0.01425
  -0.03366
  -0.04391
  -0.04221
  -0.02902
  -0.00794
   0.01531
   0.03439
   0.04411
   0.04182
   0.02816
   0.00683
  -0.01636
  -0.03509
  -0.04428
  -0.04141
  -0.02728
  -0.00572
   0.01740
   0.03578
   0.04442
   0.04098
   0.02638
   0.00460
  -0.01843
  -0.03644
  -0.04454
  -0.04051
  -0.02546
  -0.00348
   0.01945
   0.03708
   0.04463
   0.04002
   0.02453
   0.00236
  -0.02045
  -0.03770
  -0.04469
  -0.03951
  -0.02358
  -0.00124
   0.02144
   0.03829
   0.04472
   0.03897
   0.02262
   0.00011
  -0.02242
  -0.03886
  -0.04472
  -0.03841
  -0.02164
   0.00101
   0.02339
   0.03940
   0.04469
   0.03782
   0.02065
  -0.00213
  -0.02434
  -0.03992
  -0.04464
  -0.03721
  -0.01965
   0.00326
   0.02528
   0.04042
   0.04456
   0.03657
   0.01864
  -0.00437
  -0.02619
  -0.04088
  -0.04445
  -0.03592
  -0.01761
   0.00549
   0.02710
   0.04133
   0.04431
   0.03523
   0.01657
  -0.00661
  -0.02798
  -0.04174
  -0.04414
  -0.03453
  -0.01552
   0.00772
   0.02885
   0.04213
   0.04395
   0.03381
   0.01446
  -0.00882
  -0.02970
  -0.04250
  -0.04373
  -0.03306
  -0.01339
   0.00992
   0.03053
   0.04283
   0.04348
   0.03229
   0.01232
  -0.01101
  -0.03134
  -0.04314
  -0.04320
  -0.03150
  -0.01123
   0.01210
   0.03213
   0.04343
   0.04290
   0.03070
   0.01014
  -0.01318
  -0.03291
  -0.04368
  -0.04257
  -0.02987
  -0.00904
   0.01425
   0.03366
   0.04391
   0.04221
   0.02902
   0.00794
  -0.01531
  -0.03439
  -0.04411
  -0.04182
  -0.02816
  -0.00683
   0.01636
   0.03509
   0.04428
   0.04141
   0.02728
   0.00572
  -0.01740
  -0.03578
  -0.04442
  -0.04098
  -0.02638
  -0.00460
   0.01843
   0.03644
   0.04454
   0.04051
   0.02546
   0.00348
  -0.01945
  -0.03708
  -0.04463
  -0.04002
  -0.02453
  -0.00236
   0.02045
   0.03770
   0.04469
   0.03951
   0.02358
   0.00124
  -0.02144
  -0.03829
  -0.04472
  -0.03897
  -0.02262
  -0.00011
