   0.01855
   0.03200
  -0.04023
  -0.00474
   0.04345
  -0.02469
  -0.02672
   0.04279
  -0.00227
  -0.04125
   0.03022
   0.02078
  -0.04430
   0.00923
   0.03804
  -0.03501
  -0.01433
   0.04471
  -0.01596
  -0.03390
   0.03893
   0.00753
  -0.04403
   0.02230
   0.02892
  -0.04189
  -0.00054
   0.04226
  -0.02809
  -0.02323
   0.04383
  -0.00646
  -0.03945
   0.03319
   0.01696
  -0.04468
   0.01331
   0.03566
  -0.03747
  -0.01028
   0.04443
  -0.01982
  -0.03100
   0.04083
   0.00334
  -0.04309
   0.02585
   0.02558
  -0.04318
   0.00367
   0.04069
  -0.03124
  -0.01953
   0.04447
  -0.01060
  -0.03729
   0.03586
   0.01299
  -0.04466
   0.01727
   0.03297
  -0.03960
  -0.00614
   0.04376
  -0.02351
  -0.02783
   0.04236
  -0.00087
  -0.04178
   0.02917
   0.02201
  -0.04408
   0.00785
   0.03876
  -0.03411
  -0.01565
   0.04472
  -0.01464
  -0.03480
   0.03822
   0.00891
  -0.04425
   0.02107
   0.02998
  -0.04138
  -0.00194
   0.04270
  -0.02698
  -0.02441
   0.04352
  -0.00507
  -0.04009
   0.03223
   0.01825
  -0.04460
   0.01196
   0.03649
  -0.03668
  -0.01164
   0.04457
  -0.01855
  -0.03200
   0.04023
   0.00474
  -0.04345
   0.02469
   0.02672
  -0.04279
   0.00227
   0.04125
  -0.03022
  -0.02078
   0.04430
  -0.00923
  -0.03804
   0.03501
   0.01433
  -0.04471
   0.01596
   0.03390
  -0.03893
  -0.00753
   0.04403
  -0.02230
  -0.02892
   0.04189
   0.00054
  -0.04226
   0.02809
   0.02323
  -0.04383
   0.00646
   0.03945
  -0.03319
  -0.01696
   0.04468
  -0.01331
  -0.03566
   0.03747
   0.01028
  -0.04443
   0.01982
   0.03100
  -0.04083
  -0.00334
   0.04309
  -0.02585
  -0.02558
   0.04318
  -0.00367
  -0.04069
   0.03124
   0.01953
  -0.04447
   0.01060
   0.03729
  -0.03586
  -0.01299
   0.04466
  -0.01727
  -0.03297
   0.03960
   0.00614
  -0.04376
   0.02351
   0.02783
  -0.04236
   0.00087
   0.04178
  -0.02917
  -0.02201
   0.04408
  -0.00785
  -0.03876
   0.03411
   0.01565
  -0.04472
   0.01464
   0.03480
  -0.03822
  -0.00891
   0.04425
  -0.02107
  -0.02998
   0.04138
   0.00194
  -0.04270
   0.02698
   0.02441
  -0.04352
   0.00507
   0.04009
  -0.03223
  -0.01825
   0.04460
  -0.01196
  -0.03649
   0.03668
   0.01164
  -0.04457
   0.01855
   0.03200
  -0.04023
  -0.00474
   0.04345
  -0.02469
  -0.02672
   0.04279
  -0.00227
  -0.04125
   0.03022
   0.02078
  -0.04430
   0.00923
   0.03804
  -0.03501
  -0.01433
   0.04471
  -0.01596
  -0.03390
   0.03893
   0.00753
  -0.04403
   0.02230
   0.02892
  -0.04189
  -0.00054
   0.04226
  -0.02809
  -0.02323
   0.04383
  -0.00646
  -0.03945
   0.03319
   0.01696
  -0.04468
   0.01331
   0.03566
  -0.03747
  -0.01028
   0.04443
  -0.01982
  -0.03100
   0.04083
   0.00334
  -0.04309
   0.02585
   0.02558
  -0.04318
   0.00367
   0.04069
  -0.03124
  -0.01953
   0.04447
  -0.01060
  -0.03729
   0.03586
   0.01299
  -0.04466
   0.01727
   0.03297
  -0.03960
  -0.00614
   0.04376
  -0.02351
  -0.02783
   0.04236
  -0.00087
  -0.04178
   0.02917
   0.02201
  -0.04408
   0.00785
   0.03876
  -0.03411
  -0.01565
   0.04472
  -0.01464
  -0.03480
   0.03822
   0.00891
  -0.04425
   0.02107
   0.02998
  -0.04138
  -0.00194
   0.04270
  -0.02698
  -0.02441
   0.04352
  -0.00507
  -0.04009
   0.03223
   0.01825
  -0.04460
   0.01196
   0.03649
  -0.03668
  -0.01164
   0.04457
  -0.01855
  -0.03200
   0.04023
   0.00474
  -0.04345
   0.02469
   0.02672
  -0.04279
   0.00227
   0.04125
  -0.03022
  -0.02078
   0.04430
  -0.00923
  -0.03804
   0.03501
   0.01433
  -0.04471
   0.01596
   0.03390
  -0.03893
  -0.00753
   0.04403
  -0.02230
  -0.02892
   0.04189
   0.00054
  -0.04226
   0.02809
   0.02323
  -0.04383
   0.00646
   0.03945
  -0.03319
  -0.01696
   0.04468
  -0.01331
  -0.03566
   0.03747
   0.01028
  -0.04443
   0.01982
   0.03100
  -0.04083
  -0.00334
   0.04309
  -0.02585
  -0.02558
   0.04318
  -0.00367
  -0.04069
   0.03124
   0.01953
  -0.04447
   0.01060
   0.03729
  -0.03586
  -0.01299
   0.04466
  -0.01727
  -0.03297
   0.03960
   0.00614
  -0.04376
   0.02351
   0.02783
  -0.04236
   0.00087
   0.04178
  -0.02917
  -0.02201
   0.04408
  -0.00785
  -0.03876
   0.03411
   0.01565
  -0.04472
   0.01464
   0.03480
  -0.03822
  -0.00891
   0.04425
  -0.02107
  -0.02998
   0.04138
   0.00194
  -0.04270
   0.02698
   0.02441
  -0.04352
   0.00507
   0.04009
  -0.03223
  -0.01825
   0.04460
  -0.01196
  -0.03649
   0.03668
   0.01164
  -0.04457
   0.01855
   0.03200
  -0.04023
  -0.00474
   0.04345
  -0.02469
  -0.02672
   0.04279
  -0.00227
  -0.04125
   0.03022
   0.02078
  -0.04430
   0.00923
   0.03804
  -0.03501
  -0.01433
   0.04471
  -0.01596
  -0.03390
   0.03893
   0.00753
  -0.04403
   0.02230
   0.02892
  -0.04189
  -0.00054
   0.04226
  -0.02809
  -0.02323
   0.04383
  -0.00646
  -0.03945
   0.03319
   0.01696
  -0.04468
   0.01331
   0.03566
  -0.03747
  -0.01028
   0.04443
  -0.01982
  -0.03100
   0.04083
   0.00334
  -0.04309
   0.02585
   0.02558
  -0.04318
   0.00367
   0.04069
  -0.03124
  -0.01953
   0.04447
  -0.01060
  -0.03729
   0.03586
   0.01299
  -0.04466
   0.01727
   0.03297
  -0.03960
  -0.00614
   0.04376
  -0.02351
  -0.02783
   0.04236
  -0.00087
  -0.04178
   0.02917
   0.02201
  -0.04408
   0.00785
   0.03876
  -0.03411
  -0.01565
   0.04472
  -0.01464
  -0.03480
   0.03822
   0.00891
  -0.04425
   0.02107
   0.02998
  -0.04138
  -0.00194
   0.04270
  -0.02698
  -0.02441
   0.04352
  -0.00507
  -0.04009
   0.03223
   0.01825
  -0.04460
   0.01196
   0.03649
  -0.03668
  -0.01164
   0.04457
  -0.01855
  -0.03200
   0.04023
   0.00474
  -0.04345
   0.02469
   0.02672
  -0.04279
   0.00227
   0.04125
  -0.03022
  -0.02078
   0.04430
  -0.00923
  -0.03804
   0.03501
   0.01433
  -0.04471
   0.01596
   0.03390
  -0.03893
  -0.00753
   0.04403
  -0.02230
  -0.02892
   0.04189
   0.00054
  -0.04226
   0.02809
   0.02323
  -0.04383
   0.00646
   0.03945
  -0.03319
  -0.01696
   0.04468
  -0.01331
  -0.03566
   0.03747
   0.01028
  -0.04443
   0.01982
   0.03100
  -0.04083
  -0.00334
   0.04309
  -0.02585
  -0.02558
   0.04318
  -0.00367
  -0.04069
   0.03124
   0.01953
  -0.04447
   0.01060
   0.03729
  -0.03586
  -0.01299
   0.04466
  -0.01727
  -0.03297
   0.03960
   0.00614
  -0.04376
   0.02351
   0.02783
  -0.04236
   0.00087
   0.04178
  -0.02917
  -0.02201
   0.04408
  -0.00785
  -0.03876
   0.03411
   0.01565
  -0.04472
   0.01464
   0.03480
  -0.03822
  -0.00891
   0.04425
  -0.02107
  -0.02998
   0.04138
   0.00194
  -0.04270
   0.02698
   0.02441
  -0.04352
   0.00507
   0.04009
  -0.03223
  -0.01825
   0.04460
  -0.01196
  -0.03649
   0.03668
   0.01164
  -0.04457
   0.01855
   0.03200
  -0.04023
  -0.00474
   0.04345
  -0.02469
  -0.02672
   0.04279
  -0.00227
  -0.04125
   0.03022
   0.02078
  -0.04430
   0.00923
   0.03804
  -0.03501
  -0.01433
   0.04471
  -0.01596
  -0.03390
   0.03893
   0.00753
  -0.04403
   0.02230
   0.02892
  -0.04189
  -0.00054
   0.04226
  -0.02809
  -0.02323
   0.04383
  -0.00646
  -0.03945
   0.03319
   0.01696
  -0.04468
   0.01331
   0.03566
  -0.03747
  -0.01028
   0.04443
  -0.01982
  -0.03100
   0.04083
   0.00334
  -0.04309
   0.02585
   0.02558
  -0.04318
   0.00367
   0.04069
  -0.03124
  -0.01953
   0.04447
  -0.01060
  -0.03729
   0.03586
   0.01299
  -0.04466
   0.01727
   0.03297
  -0.03960
  -0.00614
   0.04376
  -0.02351
  -0.02783
   0.04236
  -0.00087
  -0.04178
   0.02917
   0.02201
  -0.04408
   0.00785
   0.03876
  -0.03411
  -0.01565
   0.04472
  -0.01464
  -0.03480
   0.03822
   0.00891
  -0.04425
   0.02107
   0.02998
  -0.04138
  -0.00194
   0.04270
  -0.02698
  -0.02441
   0.04352
  -0.00507
  -0.04009
   0.03223
   0.01825
  -0.04460
   0.01196
   0.03649
  -0.03668
  -0.01164
   0.04457
  -0.01855
  -0.03200
   0.04023
   0.00474
  -0.04345
   0.02469
   0.02672
  -0.04279
   0.00227
   0.04125
  -0.03022
  -0.02078
   0.04430
  -0.00923
  -0.03804
   0.03501
   0.01433
  -0.04471
   0.01596
   0.03390
  -0.03893
  -0.00753
   0.04403
  -0.02230
  -0.02892
   0.04189
   0.00054
  -0.04226
   0.02809
   0.02323
  -0.04383
   0.00646
   0.03945
  -0.03319
  -0.01696
   0.04468
  -0.01331
  -0.03566
   0.03747
   0.01028
  -0.04443
   0.01982
   0.03100
  -0.04083
  -0.00334
   0.04309
  -0.02585
  -0.02558
   0.04318
  -0.00367
  -0.04069
   0.03124
   0.01953
  -0.04447
   0.01060
   0.03729
  -0.03586
  -0.01299
   0.04466
  -0.01727
  -0.03297
   0.03960
   0.00614
  -0.04376
   0.02351
   0.02783
  -0.04236
   0.00087
   0.04178
  -0.02917
  -0.02201
   0.04408
  -0.00785
  -0.03876
   0.03411
   0.01565
  -0.04472
   0.01464
   0.03480
  -0.03822
  -0.00891
   0.04425
  -0.02107
  -0.02998
   0.04138
   0.00194
  -0.04270
   0.02698
   0.02441
  -0.04352
   0.00507
   0.04009
  -0.03223
  -0.01825
   0.04460
  -0.01196
  -0.03649
   0.03668
   0.01164
  -0.04457
   0.01855
   0.03200
  -0.04023
  -0.00474
   0.04345
  -0.02469
  -0.02672
   0.04279
  -0.00227
  -0.04125
   0.03022
   0.02078
  -0.04430
   0.00923
   0.03804
  -0.03501
  -0.01433
   0.04471
  -0.01596
  -0.03390
   0.03893
   0.00753
  -0.04403
   0.02230
   0.02892
  -0.04189
  -0.00054
   0.04226
  -0.02809
  -0.02323
   0.04383
  -0.00646
  -0.03945
   0.03319
   0.01696
  -0.04468
   0.01331
   0.03566
  -0.03747
  -0.01028
   0.04443
  -0.01982
  -0.03100
   0.04083
   0.00334
  -0.04309
   0.02585
   0.02558
  -0.04318
   0.00367
   0.04069
  -0.03124
  -0.01953
   0.04447
  -0.01060
  -0.03729
   0.03586
   0.01299
  -0.04466
   0.01727
   0.03297
  -0.03960
  -0.00614
   0.04376
  -0.02351
  -0.02783
   0.04236
  -0.00087
  -0.04178
   0.02917
   0.02201
  -0.04408
   0.00785
   0.03876
  -0.03411
  -0.01565
   0.04472
  -0.01464
  -0.03480
   0.03822
   0.00891
  -0.04425
   0.02107
   0.02998
  -0.04138
  -0.00194
   0.04270
  -0.02698
  -0.02441
   0.04352
  -0.00507
  -0.04009
   0.03223
   0.01825
  -0.04460
   0.01196
   0.03649
  -0.03668
  -0.01164
   0.04457
  -0.01855
  -0.03200
   0.04023
   0.00474
  -0.04345
   0.02469
   0.02672
  -0.04279
   0.00227
   0.04125
  -0.03022
  -0.02078
   0.04430
  -0.00923
  -0.03804
   0.03501
   0.01433
  -0.04471
   0.01596
   0.03390
  -0.03893
  -0.00753
   0.04403
  -0.02230
  -0.02892
   0.04189
   0.00054
  -0.04226
   0.02809
   0.02323
  -0.04383
   0.00646
   0.03945
  -0.03319
  -0.01696
   0.04468
  -0.01331
  -0.03566
   0.03747
   0.01028
  -0.04443
   0.01982
   0.03100
  -0.04083
  -0.00334
   0.04309
  -0.02585
  -0.02558
   0.04318
  -0.00367
  -0.04069
   0.03124
   0.01953
  -0.04447
   0.01060
   0.03729
  -0.03586
  -0.01299
   0.04466
  -0.01727
  -0.03297
   0.03960
   0.00614
  -0.04376
   0.02351
   0.02783
  -0.04236
   0.00087
   0.04178
  -0.02917
  -0.02201
   0.04408
  -0.00785
  -0.03876
   0.03411
   0.01565
  -0.04472
   0.01464
   0.03480
  -0.03822
  -0.00891
   0.04425
  -0.02107
  -0.02998
   0.04138
   0.00194
  -0.04270
   0.02698
   0.02441
  -0.04352
   0.00507
   0.04009
  -0.03223
  -0.01825
   0.04460
  -0.01196
  -0.03649
   0.03668
   0.01164
  -0.04457
