   0.04438
  -0.04353
   0.04219
  -0.04037
   0.03809
  -0.03537
   0.03225
  -0.02876
   0.02495
  -0.02085
   0.01651
  -0.01199
   0.00733
  -0.00258
  -0.00219
   0.00694
  -0.01161
   0.01615
  -0.02051
   0.02463
  -0.02847
   0.03198
  -0.03513
   0.03788
  -0.04020
   0.04206
  -0.04344
   0.04433
  -0.04471
   0.04458
  -0.04394
   0.04280
  -0.04117
   0.03908
  -0.03654
   0.03358
  -0.03024
   0.02656
  -0.02257
   0.01832
  -0.01387
   0.00926
  -0.00454
  -0.00023
   0.00499
  -0.00970
   0.01430
  -0.01874
   0.02296
  -0.02692
   0.03058
  -0.03388
   0.03680
  -0.03930
   0.04135
  -0.04293
   0.04402
  -0.04461
   0.04469
  -0.04426
   0.04333
  -0.04190
   0.04000
  -0.03764
   0.03485
  -0.03166
   0.02811
  -0.02424
   0.02010
  -0.01573
   0.01117
  -0.00649
   0.00174
   0.00304
  -0.00778
   0.01243
  -0.01694
   0.02125
  -0.02533
   0.02911
  -0.03256
   0.03565
  -0.03832
   0.04056
  -0.04234
   0.04363
  -0.04443
   0.04472
  -0.04450
   0.04377
  -0.04255
   0.04084
  -0.03866
   0.03605
  -0.03302
   0.02961
  -0.02587
   0.02184
  -0.01755
   0.01307
  -0.00843
   0.00370
   0.00107
  -0.00583
   0.01053
  -0.01510
   0.01950
  -0.02368
   0.02759
  -0.03119
   0.03442
  -0.03727
   0.03969
  -0.04166
   0.04316
  -0.04416
   0.04466
  -0.04465
   0.04413
  -0.04311
   0.04160
  -0.03961
   0.03717
  -0.03431
   0.03106
  -0.02745
   0.02353
  -0.01934
   0.01493
  -0.01035
   0.00566
  -0.00090
  -0.00388
   0.00860
  -0.01323
   0.01771
  -0.02199
   0.02602
  -0.02975
   0.03314
  -0.03615
   0.03875
  -0.04091
   0.04260
  -0.04381
   0.04452
  -0.04472
   0.04441
  -0.04359
   0.04228
  -0.04049
   0.03823
  -0.03554
   0.03244
  -0.02898
   0.02518
  -0.02110
   0.01677
  -0.01226
   0.00760
  -0.00286
  -0.00191
   0.00667
  -0.01134
   0.01589
  -0.02026
   0.02439
  -0.02825
   0.03178
  -0.03496
   0.03773
  -0.04008
   0.04196
  -0.04337
   0.04429
  -0.04470
   0.04460
  -0.04399
   0.04288
  -0.04128
   0.03921
  -0.03670
   0.03377
  -0.03045
   0.02678
  -0.02281
   0.01858
  -0.01414
   0.00953
  -0.00482
   0.00005
   0.00472
  -0.00943
   0.01404
  -0.01848
   0.02272
  -0.02670
   0.03037
  -0.03370
   0.03664
  -0.03916
   0.04124
  -0.04285
   0.04397
  -0.04459
   0.04470
  -0.04430
   0.04340
  -0.04200
   0.04012
  -0.03779
   0.03502
  -0.03186
   0.02833
  -0.02448
   0.02035
  -0.01599
   0.01144
  -0.00677
   0.00202
   0.00276
  -0.00750
   0.01216
  -0.01668
   0.02100
  -0.02509
   0.02890
  -0.03237
   0.03548
  -0.03818
   0.04044
  -0.04225
   0.04357
  -0.04440
   0.04472
  -0.04453
   0.04383
  -0.04263
   0.04095
  -0.03880
   0.03621
  -0.03321
   0.02982
  -0.02610
   0.02208
  -0.01781
   0.01333
  -0.00871
   0.00398
   0.00079
  -0.00555
   0.01025
  -0.01483
   0.01925
  -0.02344
   0.02737
  -0.03098
   0.03424
  -0.03712
   0.03956
  -0.04156
   0.04308
  -0.04412
   0.04465
  -0.04467
   0.04418
  -0.04319
   0.04170
  -0.03974
   0.03733
  -0.03449
   0.03126
  -0.02767
   0.02377
  -0.01960
   0.01520
  -0.01063
   0.00594
  -0.00118
  -0.00360
   0.00833
  -0.01297
   0.01745
  -0.02174
   0.02579
  -0.02954
   0.03295
  -0.03598
   0.03861
  -0.04080
   0.04252
  -0.04375
   0.04449
  -0.04472
   0.04444
  -0.04366
   0.04237
  -0.04061
   0.03838
  -0.03571
   0.03264
  -0.02919
   0.02541
  -0.02134
   0.01703
  -0.01253
   0.00788
  -0.00314
  -0.00163
   0.00639
  -0.01107
   0.01563
  -0.02001
   0.02416
  -0.02803
   0.03159
  -0.03478
   0.03758
  -0.03995
   0.04187
  -0.04330
   0.04425
  -0.04469
   0.04462
  -0.04404
   0.04296
  -0.04139
   0.03935
  -0.03686
   0.03395
  -0.03065
   0.02701
  -0.02305
   0.01883
  -0.01440
   0.00981
  -0.00510
   0.00033
   0.00444
  -0.00915
   0.01377
  -0.01823
   0.02248
  -0.02647
   0.03016
  -0.03351
   0.03648
  -0.03903
   0.04113
  -0.04277
   0.04392
  -0.04457
   0.04471
  -0.04434
   0.04347
  -0.04210
   0.04025
  -0.03794
   0.03520
  -0.03205
   0.02855
  -0.02471
   0.02060
  -0.01625
   0.01172
  -0.00705
   0.00230
   0.00248
  -0.00722
   0.01189
  -0.01641
   0.02076
  -0.02486
   0.02868
  -0.03218
   0.03530
  -0.03803
   0.04032
  -0.04215
   0.04351
  -0.04436
   0.04471
  -0.04455
   0.04389
  -0.04272
   0.04106
  -0.03894
   0.03638
  -0.03339
   0.03003
  -0.02633
   0.02233
  -0.01807
   0.01360
  -0.00898
   0.00426
   0.00051
  -0.00527
   0.00998
  -0.01457
   0.01899
  -0.02320
   0.02715
  -0.03078
   0.03406
  -0.03696
   0.03943
  -0.04146
   0.04301
  -0.04407
   0.04463
  -0.04468
   0.04422
  -0.04326
   0.04180
  -0.03987
   0.03748
  -0.03467
   0.03146
  -0.02789
   0.02401
  -0.01985
   0.01546
  -0.01090
   0.00621
  -0.00146
  -0.00332
   0.00805
  -0.01270
   0.01720
  -0.02150
   0.02556
  -0.02932
   0.03276
  -0.03582
   0.03847
  -0.04068
   0.04243
  -0.04369
   0.04446
  -0.04472
   0.04447
  -0.04372
   0.04246
  -0.04072
   0.03852
  -0.03588
   0.03283
  -0.02940
   0.02564
  -0.02159
   0.01729
  -0.01280
   0.00816
  -0.00342
  -0.00135
   0.00611
  -0.01080
   0.01536
  -0.01975
   0.02392
  -0.02781
   0.03139
  -0.03460
   0.03743
  -0.03982
   0.04177
  -0.04323
   0.04421
  -0.04468
   0.04464
  -0.04409
   0.04304
  -0.04150
   0.03948
  -0.03702
   0.03413
  -0.03086
   0.02723
  -0.02329
   0.01909
  -0.01467
   0.01008
  -0.00538
   0.00061
   0.00416
  -0.00888
   0.01350
  -0.01797
   0.02223
  -0.02624
   0.02995
  -0.03332
   0.03631
  -0.03889
   0.04102
  -0.04269
   0.04387
  -0.04454
   0.04471
  -0.04438
   0.04353
  -0.04219
   0.04037
  -0.03809
   0.03537
  -0.03225
   0.02876
  -0.02495
   0.02085
  -0.01651
   0.01199
  -0.00733
   0.00258
   0.00219
  -0.00694
   0.01161
  -0.01615
   0.02051
  -0.02463
   0.02847
  -0.03198
   0.03513
  -0.03788
   0.04020
  -0.04206
   0.04344
  -0.04433
   0.04471
  -0.04458
   0.04394
  -0.04280
   0.04117
  -0.03908
   0.03654
  -0.03358
   0.03024
  -0.02656
   0.02257
  -0.01832
   0.01387
  -0.00926
   0.00454
   0.00023
  -0.00499
   0.00970
  -0.01430
   0.01874
  -0.02296
   0.02692
  -0.03058
   0.03388
  -0.03680
   0.03930
  -0.04135
   0.04293
  -0.04402
   0.04461
  -0.04469
   0.04426
  -0.04333
   0.04190
  -0.04000
   0.03764
  -0.03485
   0.03166
  -0.02811
   0.02424
  -0.02010
   0.01573
  -0.01117
   0.00649
  -0.00174
  -0.00304
   0.00778
  -0.01243
   0.01694
  -0.02125
   0.02533
  -0.02911
   0.03256
  -0.03565
   0.03832
  -0.04056
   0.04234
  -0.04363
   0.04443
  -0.04472
   0.04450
  -0.04377
   0.04255
  -0.04084
   0.03866
  -0.03605
   0.03302
  -0.02961
   0.02587
  -0.02184
   0.01755
  -0.01307
   0.00843
  -0.00370
  -0.00107
   0.00583
  -0.01053
   0.01510
  -0.01950
   0.02368
  -0.02759
   0.03119
  -0.03442
   0.03727
  -0.03969
   0.04166
  -0.04316
   0.04416
  -0.04466
   0.04465
  -0.04413
   0.04311
  -0.04160
   0.03961
  -0.03717
   0.03431
  -0.03106
   0.02745
  -0.02353
   0.01934
  -0.01493
   0.01035
  -0.00566
   0.00090
   0.00388
  -0.00860
   0.01323
  -0.01771
   0.02199
  -0.02602
   0.02975
  -0.03314
   0.03615
  -0.03875
   0.04091
  -0.04260
   0.04381
  -0.04452
   0.04472
  -0.04441
   0.04359
  -0.04228
   0.04049
  -0.03823
   0.03554
  -0.03244
   0.02898
  -0.02518
   0.02110
  -0.01677
   0.01226
  -0.00760
   0.00286
   0.00191
  -0.00667
   0.01134
  -0.01589
   0.02026
  -0.02439
   0.02825
  -0.03178
   0.03496
  -0.03773
   0.04008
  -0.04196
   0.04337
  -0.04429
   0.04470
  -0.04460
   0.04399
  -0.04288
   0.04128
  -0.03921
   0.03670
  -0.03377
   0.03045
  -0.02678
   0.02281
  -0.01858
   0.01414
  -0.00953
   0.00482
  -0.00005
  -0.00472
   0.00943
  -0.01404
   0.01848
  -0.02272
   0.02670
  -0.03037
   0.03370
  -0.03664
   0.03916
  -0.04124
   0.04285
  -0.04397
   0.04459
  -0.04470
   0.04430
  -0.04340
   0.04200
  -0.04012
   0.03779
  -0.03502
   0.03186
  -0.02833
   0.02448
  -0.02035
   0.01599
  -0.01144
   0.00677
  -0.00202
  -0.00276
   0.00750
  -0.01216
   0.01668
  -0.02100
   0.02509
  -0.02890
   0.03237
  -0.03548
   0.03818
  -0.04044
   0.04225
  -0.04357
   0.04440
  -0.04472
   0.04453
  -0.04383
   0.04263
  -0.04095
   0.03880
  -0.03621
   0.03321
  -0.02982
   0.02610
  -0.02208
   0.01781
  -0.01333
   0.00871
  -0.00398
  -0.00079
   0.00555
  -0.01025
   0.01483
  -0.01925
   0.02344
  -0.02737
   0.03098
  -0.03424
   0.03712
  -0.03956
   0.04156
  -0.04308
   0.04412
  -0.04465
   0.04467
  -0.04418
   0.04319
  -0.04170
   0.03974
  -0.03733
   0.03449
  -0.03126
   0.02767
  -0.02377
   0.01960
  -0.01520
   0.01063
  -0.00594
   0.00118
   0.00360
  -0.00833
   0.01297
  -0.01745
   0.02174
  -0.02579
   0.02954
  -0.03295
   0.03598
  -0.03861
   0.04080
  -0.04252
   0.04375
  -0.04449
   0.04472
  -0.04444
   0.04366
  -0.04237
   0.04061
  -0.03838
   0.03571
  -0.03264
   0.02919
  -0.02541
   0.02134
  -0.01703
   0.01253
  -0.00788
   0.00314
   0.00163
  -0.00639
   0.01107
  -0.01563
   0.02001
  -0.02416
   0.02803
  -0.03159
   0.03478
  -0.03758
   0.03995
  -0.04187
   0.04330
  -0.04425
   0.04469
  -0.04462
   0.04404
  -0.04296
   0.04139
  -0.03935
   0.03686
  -0.03395
   0.03065
  -0.02701
   0.02305
  -0.01883
   0.01440
  -0.00981
   0.00510
  -0.00033
  -0.00444
   0.00915
  -0.01377
   0.01823
  -0.02248
   0.02647
  -0.03016
   0.03351
  -0.03648
   0.03903
  -0.04113
   0.04277
  -0.04392
   0.04457
  -0.04471
   0.04434
  -0.04347
   0.04210
  -0.04025
   0.03794
  -0.03520
   0.03205
  -0.02855
   0.02471
  -0.02060
   0.01625
  -0.01172
   0.00705
  -0.00230
  -0.00248
   0.00722
  -0.01189
   0.01641
  -0.02076
   0.02486
  -0.02868
   0.03218
  -0.03530
   0.03803
  -0.04032
   0.04215
  -0.04351
   0.04436
  -0.04471
   0.04455
  -0.04389
   0.04272
  -0.04106
   0.03894
  -0.03638
   0.03339
  -0.03003
   0.02633
  -0.02233
   0.01807
  -0.01360
   0.00898
  -0.00426
  -0.00051
   0.00527
  -0.00998
   0.01457
  -0.01899
   0.02320
  -0.02715
   0.03078
  -0.03406
   0.03696
  -0.03943
   0.04146
  -0.04301
   0.04407
  -0.04463
   0.04468
  -0.04422
   0.04326
  -0.04180
   0.03987
  -0.03748
   0.03467
  -0.03146
   0.02789
  -0.02401
   0.01985
  -0.01546
   0.01090
  -0.00621
   0.00146
   0.00332
  -0.00805
   0.01270
  -0.01720
   0.02150
  -0.02556
   0.02932
  -0.03276
   0.03582
  -0.03847
   0.04068
  -0.04243
   0.04369
  -0.04446
   0.04472
  -0.04447
   0.04372
  -0.04246
   0.04072
  -0.03852
   0.03588
  -0.03283
   0.02940
  -0.02564
   0.02159
  -0.01729
   0.01280
  -0.00816
   0.00342
   0.00135
  -0.00611
   0.01080
  -0.01536
   0.01975
  -0.02392
   0.02781
  -0.03139
   0.03460
  -0.03743
   0.03982
  -0.04177
   0.04323
  -0.04421
   0.04468
  -0.04464
   0.04409
  -0.04304
   0.04150
  -0.03948
   0.03702
  -0.03413
   0.03086
  -0.02723
   0.02329
  -0.01909
   0.01467
  -0.01008
   0.00538
  -0.00061
  -0.00416
   0.00888
  -0.01350
   0.01797
  -0.02223
   0.02624
  -0.02995
   0.03332
  -0.03631
   0.03889
  -0.04102
   0.04269
  -0.04387
   0.04454
  -0.04471
