   0.04294
   0.03790
   0.02998
   0.01978
   0.00809
  -0.00423
  -0.01622
  -0.02698
  -0.03569
  -0.04169
  -0.04452
  -0.04398
  -0.04009
  -0.03316
  -0.02371
  -0.01246
  -0.00026
   0.01195
   0.02326
   0.03280
   0.03986
   0.04388
   0.04457
   0.04188
   0.03600
   0.02740
   0.01671
   0.00475
  -0.00757
  -0.01931
  -0.02959
  -0.03762
  -0.04279
  -0.04471
  -0.04324
  -0.03848
  -0.03080
  -0.02079
  -0.00919
   0.00311
   0.01517
   0.02607
   0.03500
   0.04127
   0.04441
   0.04417
   0.04058
   0.03390
   0.02465
   0.01353
   0.00139
  -0.01087
  -0.02230
  -0.03203
  -0.03933
  -0.04365
  -0.04465
  -0.04226
  -0.03666
  -0.02828
  -0.01774
  -0.00587
   0.00646
   0.01829
   0.02874
   0.03700
   0.04245
   0.04468
   0.04351
   0.03904
   0.03161
   0.02177
   0.01029
  -0.00198
  -0.01410
  -0.02515
  -0.03429
  -0.04082
  -0.04426
  -0.04433
  -0.04104
  -0.03463
  -0.02558
  -0.01460
  -0.00251
   0.00977
   0.02131
   0.03124
   0.03879
   0.04339
   0.04470
   0.04261
   0.03729
   0.02914
   0.01877
   0.00698
  -0.00534
  -0.01726
  -0.02787
  -0.03636
  -0.04208
  -0.04462
  -0.04376
  -0.03958
  -0.03239
  -0.02275
  -0.01138
   0.00086
   0.01303
   0.02422
   0.03356
   0.04035
   0.04408
   0.04446
   0.04147
   0.03533
   0.02650
   0.01566
   0.00363
  -0.00867
  -0.02032
  -0.03042
  -0.03821
  -0.04310
  -0.04472
  -0.04294
  -0.03790
  -0.02998
  -0.01978
  -0.00809
   0.00423
   0.01622
   0.02698
   0.03569
   0.04169
   0.04452
   0.04398
   0.04009
   0.03316
   0.02371
   0.01246
   0.00026
  -0.01195
  -0.02326
  -0.03280
  -0.03986
  -0.04388
  -0.04457
  -0.04188
  -0.03600
  -0.02740
  -0.01671
  -0.00475
   0.00757
   0.01931
   0.02959
   0.03762
   0.04279
   0.04471
   0.04324
   0.03848
   0.03080
   0.02079
   0.00919
  -0.00311
  -0.01517
  -0.02607
  -0.03500
  -0.04127
  -0.04441
  -0.04417
  -0.04058
  -0.03390
  -0.02465
  -0.01353
  -0.00139
   0.01087
   0.02230
   0.03203
   0.03933
   0.04365
   0.04465
   0.04226
   0.03666
   0.02828
   0.01774
   0.00587
  -0.00646
  -0.01829
  -0.02874
  -0.03700
  -0.04245
  -0.04468
  -0.04351
  -0.03904
  -0.03161
  -0.02177
  -0.01029
   0.00198
   0.01410
   0.02515
   0.03429
   0.04082
   0.04426
   0.04433
   0.04104
   0.03463
   0.02558
   0.01460
   0.00251
  -0.00977
  -0.02131
  -0.03124
  -0.03879
  -0.04339
  -0.04470
  -0.04261
  -0.03729
  -0.02914
  -0.01877
  -0.00698
   0.00534
   0.01726
   0.02787
   0.03636
   0.04208
   0.04462
   0.04376
   0.03958
   0.03239
   0.02275
   0.01138
  -0.00086
  -0.01303
  -0.02422
  -0.03356
  -0.04035
  -0.04408
  -0.04446
  -0.04147
  -0.03533
  -0.02650
  -0.01566
  -0.00363
   0.00867
   0.02032
   0.03042
   0.03821
   0.04310
   0.04472
   0.04294
   0.03790
   0.02998
   0.01978
   0.00809
  -0.00423
  -0.01622
  -0.02698
  -0.03569
  -0.04169
  -0.04452
  -0.04398
  -0.04009
  -0.03316
  -0.02371
  -0.01246
  -0.00026
   0.01195
   0.02326
   0.03280
   0.03986
   0.04388
   0.04457
   0.04188
   0.03600
   0.02740
   0.01671
   0.00475
  -0.00757
  -0.01931
  -0.02959
  -0.03762
  -0.04279
  -0.04471
  -0.04324
  -0.03848
  -0.03080
  -0.02079
  -0.00919
   0.00311
   0.01517
   0.02607
   0.03500
   0.04127
   0.04441
   0.04417
   0.04058
   0.03390
   0.02465
   0.01353
   0.00139
  -0.01087
  -0.02230
  -0.03203
  -0.03933
  -0.04365
  -0.04465
  -0.04226
  -0.03666
  -0.02828
  -0.01774
  -0.00587
   0.00646
   0.01829
   0.02874
   0.03700
   0.04245
   0.04468
   0.04351
   0.03904
   0.03161
   0.02177
   0.01029
  -0.00198
  -0.01410
  -0.02515
  -0.03429
  -0.04082
  -0.04426
  -0.04433
  -0.04104
  -0.03463
  -0.02558
  -0.01460
  -0.00251
   0.00977
   0.02131
   0.03124
   0.03879
   0.04339
   0.04470
   0.04261
   0.03729
   0.02914
   0.01877
   0.00698
  -0.00534
  -0.01726
  -0.02787
  -0.03636
  -0.04208
  -0.04462
  -0.04376
  -0.03958
  -0.03239
  -0.02275
  -0.01138
   0.00086
   0.01303
   0.02422
   0.03356
   0.04035
   0.04408
   0.04446
   0.04147
   0.03533
   0.02650
   0.01566
   0.00363
  -0.00867
  -0.02032
  -0.03042
  -0.03821
  -0.04310
  -0.04472
  -0.04294
  -0.03790
  -0.02998
  -0.01978
  -0.00809
   0.00423
   0.01622
   0.02698
   0.03569
   0.04169
   0.04452
   0.04398
   0.04009
   0.03316
   0.02371
   0.01246
   0.00026
  -0.01195
  -0.02326
  -0.03280
  -0.03986
  -0.04388
  -0.04457
  -0.04188
  -0.03600
  -0.02740
  -0.01671
  -0.00475
   0.00757
   0.01931
   0.02959
   0.03762
   0.04279
   0.04471
   0.04324
   0.03848
   0.03080
   0.02079
   0.00919
  -0.00311
  -0.01517
  -0.02607
  -0.03500
  -0.04127
  -0.04441
  -0.04417
  -0.04058
  -0.03390
  -0.02465
  -0.01353
  -0.00139
   0.01087
   0.02230
   0.03203
   0.03933
   0.04365
   0.04465
   0.04226
   0.03666
   0.02828
   0.01774
   0.00587
  -0.00646
  -0.01829
  -0.02874
  -0.03700
  -0.04245
  -0.04468
  -0.04351
  -0.03904
  -0.03161
  -0.02177
  -0.01029
   0.00198
   0.01410
   0.02515
   0.03429
   0.04082
   0.04426
   0.04433
   0.04104
   0.03463
   0.02558
   0.01460
   0.00251
  -0.00977
  -0.02131
  -0.03124
  -0.03879
  -0.04339
  -0.04470
  -0.04261
  -0.03729
  -0.02914
  -0.01877
  -0.00698
   0.00534
   0.01726
   0.02787
   0.03636
   0.04208
   0.04462
   0.04376
   0.03958
   0.03239
   0.02275
   0.01138
  -0.00086
  -0.01303
  -0.02422
  -0.03356
  -0.04035
  -0.04408
  -0.04446
  -0.04147
  -0.03533
  -0.02650
  -0.01566
  -0.00363
   0.00867
   0.02032
   0.03042
   0.03821
   0.04310
   0.04472
   0.04294
   0.03790
   0.02998
   0.01978
   0.00809
  -0.00423
  -0.01622
  -0.02698
  -0.03569
  -0.04169
  -0.04452
  -0.04398
  -0.04009
  -0.03316
  -0.02371
  -0.01246
  -0.00026
   0.01195
   0.02326
   0.03280
   0.03986
   0.04388
   0.04457
   0.04188
   0.03600
   0.02740
   0.01671
   0.00475
  -0.00757
  -0.01931
  -0.02959
  -0.03762
  -0.04279
  -0.04471
  -0.04324
  -0.03848
  -0.03080
  -0.02079
  -0.00919
   0.00311
   0.01517
   0.02607
   0.03500
   0.04127
   0.04441
   0.04417
   0.04058
   0.03390
   0.02465
   0.01353
   0.00139
  -0.01087
  -0.02230
  -0.03203
  -0.03933
  -0.04365
  -0.04465
  -0.04226
  -0.03666
  -0.02828
  -0.01774
  -0.00587
   0.00646
   0.01829
   0.02874
   0.03700
   0.04245
   0.04468
   0.04351
   0.03904
   0.03161
   0.02177
   0.01029
  -0.00198
  -0.01410
  -0.02515
  -0.03429
  -0.04082
  -0.04426
  -0.04433
  -0.04104
  -0.03463
  -0.02558
  -0.01460
  -0.00251
   0.00977
   0.02131
   0.03124
   0.03879
   0.04339
   0.04470
   0.04261
   0.03729
   0.02914
   0.01877
   0.00698
  -0.00534
  -0.01726
  -0.02787
  -0.03636
  -0.04208
  -0.04462
  -0.04376
  -0.03958
  -0.03239
  -0.02275
  -0.01138
   0.00086
   0.01303
   0.02422
   0.03356
   0.04035
   0.04408
   0.04446
   0.04147
   0.03533
   0.02650
   0.01566
   0.00363
  -0.00867
  -0.02032
  -0.03042
  -0.03821
  -0.04310
  -0.04472
  -0.04294
  -0.03790
  -0.02998
  -0.01978
  -0.00809
   0.00423
   0.01622
   0.02698
   0.03569
   0.04169
   0.04452
   0.04398
   0.04009
   0.03316
   0.02371
   0.01246
   0.00026
  -0.01195
  -0.02326
  -0.03280
  -0.03986
  -0.04388
  -0.04457
  -0.04188
  -0.03600
  -0.02740
  -0.01671
  -0.00475
   0.00757
   0.01931
   0.02959
   0.03762
   0.04279
   0.04471
   0.04324
   0.03848
   0.03080
   0.02079
   0.00919
  -0.00311
  -0.01517
  -0.02607
  -0.03500
  -0.04127
  -0.04441
  -0.04417
  -0.04058
  -0.03390
  -0.02465
  -0.01353
  -0.00139
   0.01087
   0.02230
   0.03203
   0.03933
   0.04365
   0.04465
   0.04226
   0.03666
   0.02828
   0.01774
   0.00587
  -0.00646
  -0.01829
  -0.02874
  -0.03700
  -0.04245
  -0.04468
  -0.04351
  -0.03904
  -0.03161
  -0.02177
  -0.01029
   0.00198
   0.01410
   0.02515
   0.03429
   0.04082
   0.04426
   0.04433
   0.04104
   0.03463
   0.02558
   0.01460
   0.00251
  -0.00977
  -0.02131
  -0.03124
  -0.03879
  -0.04339
  -0.04470
  -0.04261
  -0.03729
  -0.02914
  -0.01877
  -0.00698
   0.00534
   0.01726
   0.02787
   0.03636
   0.04208
   0.04462
   0.04376
   0.03958
   0.03239
   0.02275
   0.01138
  -0.00086
  -0.01303
  -0.02422
  -0.03356
  -0.04035
  -0.04408
  -0.04446
  -0.04147
  -0.03533
  -0.02650
  -0.01566
  -0.00363
   0.00867
   0.02032
   0.03042
   0.03821
   0.04310
   0.04472
   0.04294
   0.03790
   0.02998
   0.01978
   0.00809
  -0.00423
  -0.01622
  -0.02698
  -0.03569
  -0.04169
  -0.04452
  -0.04398
  -0.04009
  -0.03316
  -0.02371
  -0.01246
  -0.00026
   0.01195
   0.02326
   0.03280
   0.03986
   0.04388
   0.04457
   0.04188
   0.03600
   0.02740
   0.01671
   0.00475
  -0.00757
  -0.01931
  -0.02959
  -0.03762
  -0.04279
  -0.04471
  -0.04324
  -0.03848
  -0.03080
  -0.02079
  -0.00919
   0.00311
   0.01517
   0.02607
   0.03500
   0.04127
   0.04441
   0.04417
   0.04058
   0.03390
   0.02465
   0.01353
   0.00139
  -0.01087
  -0.02230
  -0.03203
  -0.03933
  -0.04365
  -0.04465
  -0.04226
  -0.03666
  -0.02828
  -0.01774
  -0.00587
   0.00646
   0.01829
   0.02874
   0.03700
   0.04245
   0.04468
   0.04351
   0.03904
   0.03161
   0.02177
   0.01029
  -0.00198
  -0.01410
  -0.02515
  -0.03429
  -0.04082
  -0.04426
  -0.04433
  -0.04104
  -0.03463
  -0.02558
  -0.01460
  -0.00251
   0.00977
   0.02131
   0.03124
   0.03879
   0.04339
   0.04470
   0.04261
   0.03729
   0.02914
   0.01877
   0.00698
  -0.00534
  -0.01726
  -0.02787
  -0.03636
  -0.04208
  -0.04462
  -0.04376
  -0.03958
  -0.03239
  -0.02275
  -0.01138
   0.00086
   0.01303
   0.02422
   0.03356
   0.04035
   0.04408
   0.04446
   0.04147
   0.03533
   0.02650
   0.01566
   0.00363
  -0.00867
  -0.02032
  -0.03042
  -0.03821
  -0.04310
  -0.04472
  -0.04294
  -0.03790
  -0.02998
  -0.01978
  -0.00809
   0.00423
   0.01622
   0.02698
   0.03569
   0.04169
   0.04452
   0.04398
   0.04009
   0.03316
   0.02371
   0.01246
   0.00026
  -0.01195
  -0.02326
  -0.03280
  -0.03986
  -0.04388
  -0.04457
  -0.04188
  -0.03600
  -0.02740
  -0.01671
  -0.00475
   0.00757
   0.01931
   0.02959
   0.03762
   0.04279
   0.04471
   0.04324
   0.03848
   0.03080
   0.02079
   0.00919
  -0.00311
  -0.01517
  -0.02607
  -0.03500
  -0.04127
  -0.04441
  -0.04417
  -0.04058
  -0.03390
  -0.02465
  -0.01353
  -0.00139
   0.01087
   0.02230
   0.03203
   0.03933
   0.04365
   0.04465
   0.04226
   0.03666
   0.02828
   0.01774
   0.00587
  -0.00646
  -0.01829
  -0.02874
  -0.03700
  -0.04245
  -0.04468
  -0.04351
  -0.03904
  -0.03161
  -0.02177
  -0.01029
   0.00198
   0.01410
   0.02515
   0.03429
   0.04082
   0.04426
   0.04433
   0.04104
   0.03463
   0.02558
   0.01460
   0.00251
  -0.00977
  -0.02131
  -0.03124
  -0.03879
  -0.04339
  -0.04470
  -0.04261
  -0.03729
  -0.02914
  -0.01877
  -0.00698
   0.00534
   0.01726
   0.02787
   0.03636
   0.04208
   0.04462
   0.04376
   0.03958
   0.03239
   0.02275
   0.01138
  -0.00086
  -0.01303
  -0.02422
  -0.03356
  -0.04035
  -0.04408
  -0.04446
  -0.04147
  -0.03533
  -0.02650
  -0.01566
  -0.00363
   0.00867
   0.02032
   0.03042
   0.03821
   0.04310
   0.04472
