  -0.01543
  -0.03600
   0.03552
   0.01619
  -0.04455
   0.00867
   0.03971
  -0.03083
  -0.02251
   0.04339
  -0.00170
  -0.04244
   0.02538
   0.02828
  -0.04116
  -0.00531
   0.04412
  -0.01931
  -0.03335
   0.03792
   0.01219
  -0.04472
   0.01276
   0.03760
  -0.03374
  -0.01877
   0.04422
  -0.00590
  -0.04092
   0.02874
   0.02489
  -0.04262
  -0.00111
   0.04324
  -0.02302
  -0.03040
   0.03998
   0.00809
  -0.04449
   0.01674
   0.03515
  -0.03635
  -0.01487
   0.04465
  -0.01005
  -0.03905
   0.03183
   0.02128
  -0.04371
   0.00311
   0.04198
  -0.02653
  -0.02717
   0.04169
   0.00391
  -0.04387
   0.02057
   0.03240
  -0.03864
  -0.01083
   0.04469
  -0.01410
  -0.03682
   0.03465
   0.01749
  -0.04441
   0.00729
   0.04034
  -0.02980
  -0.02371
   0.04303
  -0.00030
  -0.04286
   0.02421
   0.02935
  -0.04059
  -0.00670
   0.04433
  -0.01803
  -0.03427
   0.03715
   0.01354
  -0.04471
   0.01141
   0.03834
  -0.03280
  -0.02004
   0.04398
  -0.00450
  -0.04147
   0.02764
   0.02605
  -0.04218
  -0.00251
   0.04358
  -0.02181
  -0.03141
   0.03933
   0.00946
  -0.04461
   0.01543
   0.03600
  -0.03552
  -0.01619
   0.04455
  -0.00867
  -0.03971
   0.03083
   0.02251
  -0.04339
   0.00170
   0.04244
  -0.02538
  -0.02828
   0.04116
   0.00531
  -0.04412
   0.01931
   0.03335
  -0.03792
  -0.01219
   0.04472
  -0.01276
  -0.03760
   0.03374
   0.01877
  -0.04422
   0.00590
   0.04092
  -0.02874
  -0.02489
   0.04262
   0.00111
  -0.04324
   0.02302
   0.03040
  -0.03998
  -0.00809
   0.04449
  -0.01674
  -0.03515
   0.03635
   0.01487
  -0.04465
   0.01005
   0.03905
  -0.03183
  -0.02128
   0.04371
  -0.00311
  -0.04198
   0.02653
   0.02717
  -0.04169
  -0.00391
   0.04387
  -0.02057
  -0.03240
   0.03864
   0.01083
  -0.04469
   0.01410
   0.03682
  -0.03465
  -0.01749
   0.04441
  -0.00729
  -0.04034
   0.02980
   0.02371
  -0.04303
   0.00030
   0.04286
  -0.02421
  -0.02935
   0.04059
   0.00670
  -0.04433
   0.01803
   0.03427
  -0.03715
  -0.01354
   0.04471
  -0.01141
  -0.03834
   0.03280
   0.02004
  -0.04398
   0.00450
   0.04147
  -0.02764
  -0.02605
   0.04218
   0.00251
  -0.04358
   0.02181
   0.03141
  -0.03933
  -0.00946
   0.04461
  -0.01543
  -0.03600
   0.03552
   0.01619
  -0.04455
   0.00867
   0.03971
  -0.03083
  -0.02251
   0.04339
  -0.00170
  -0.04244
   0.02538
   0.02828
  -0.04116
  -0.00531
   0.04412
  -0.01931
  -0.03335
   0.03792
   0.01219
  -0.04472
   0.01276
   0.03760
  -0.03374
  -0.01877
   0.04422
  -0.00590
  -0.04092
   0.02874
   0.02489
  -0.04262
  -0.00111
   0.04324
  -0.02302
  -0.03040
   0.03998
   0.00809
  -0.04449
   0.01674
   0.03515
  -0.03635
  -0.01487
   0.04465
  -0.01005
  -0.03905
   0.03183
   0.02128
  -0.04371
   0.00311
   0.04198
  -0.02653
  -0.02717
   0.04169
   0.00391
  -0.04387
   0.02057
   0.03240
  -0.03864
  -0.01083
   0.04469
  -0.01410
  -0.03682
   0.03465
   0.01749
  -0.04441
   0.00729
   0.04034
  -0.02980
  -0.02371
   0.04303
  -0.00030
  -0.04286
   0.02421
   0.02935
  -0.04059
  -0.00670
   0.04433
  -0.01803
  -0.03427
   0.03715
   0.01354
  -0.04471
   0.01141
   0.03834
  -0.03280
  -0.02004
   0.04398
  -0.00450
  -0.04147
   0.02764
   0.02605
  -0.04218
  -0.00251
   0.04358
  -0.02181
  -0.03141
   0.03933
   0.00946
  -0.04461
   0.01543
   0.03600
  -0.03552
  -0.01619
   0.04455
  -0.00867
  -0.03971
   0.03083
   0.02251
  -0.04339
   0.00170
   0.04244
  -0.02538
  -0.02828
   0.04116
   0.00531
  -0.04412
   0.01931
   0.03335
  -0.03792
  -0.01219
   0.04472
  -0.01276
  -0.03760
   0.03374
   0.01877
  -0.04422
   0.00590
   0.04092
  -0.02874
  -0.02489
   0.04262
   0.00111
  -0.04324
   0.02302
   0.03040
  -0.03998
  -0.00809
   0.04449
  -0.01674
  -0.03515
   0.03635
   0.01487
  -0.04465
   0.01005
   0.03905
  -0.03183
  -0.02128
   0.04371
  -0.00311
  -0.04198
   0.02653
   0.02717
  -0.04169
  -0.00391
   0.04387
  -0.02057
  -0.03240
   0.03864
   0.01083
  -0.04469
   0.01410
   0.03682
  -0.03465
  -0.01749
   0.04441
  -0.00729
  -0.04034
   0.02980
   0.02371
  -0.04303
   0.00030
   0.04286
  -0.02421
  -0.02935
   0.04059
   0.00670
  -0.04433
   0.01803
   0.03427
  -0.03715
  -0.01354
   0.04471
  -0.01141
  -0.03834
   0.03280
   0.02004
  -0.04398
   0.00450
   0.04147
  -0.02764
  -0.02605
   0.04218
   0.00251
  -0.04358
   0.02181
   0.03141
  -0.03933
  -0.00946
   0.04461
  -0.01543
  -0.03600
   0.03552
   0.01619
  -0.04455
   0.00867
   0.03971
  -0.03083
  -0.02251
   0.04339
  -0.00170
  -0.04244
   0.02538
   0.02828
  -0.04116
  -0.00531
   0.04412
  -0.01931
  -0.03335
   0.03792
   0.01219
  -0.04472
   0.01276
   0.03760
  -0.03374
  -0.01877
   0.04422
  -0.00590
  -0.04092
   0.02874
   0.02489
  -0.04262
  -0.00111
   0.04324
  -0.02302
  -0.03040
   0.03998
   0.00809
  -0.04449
   0.01674
   0.03515
  -0.03635
  -0.01487
   0.04465
  -0.01005
  -0.03905
   0.03183
   0.02128
  -0.04371
   0.00311
   0.04198
  -0.02653
  -0.02717
   0.04169
   0.00391
  -0.04387
   0.02057
   0.03240
  -0.03864
  -0.01083
   0.04469
  -0.01410
  -0.03682
   0.03465
   0.01749
  -0.04441
   0.00729
   0.04034
  -0.02980
  -0.02371
   0.04303
  -0.00030
  -0.04286
   0.02421
   0.02935
  -0.04059
  -0.00670
   0.04433
  -0.01803
  -0.03427
   0.03715
   0.01354
  -0.04471
   0.01141
   0.03834
  -0.03280
  -0.02004
   0.04398
  -0.00450
  -0.04147
   0.02764
   0.02605
  -0.04218
  -0.00251
   0.04358
  -0.02181
  -0.03141
   0.03933
   0.00946
  -0.04461
   0.01543
   0.03600
  -0.03552
  -0.01619
   0.04455
  -0.00867
  -0.03971
   0.03083
   0.02251
  -0.04339
   0.00170
   0.04244
  -0.02538
  -0.02828
   0.04116
   0.00531
  -0.04412
   0.01931
   0.03335
  -0.03792
  -0.01219
   0.04472
  -0.01276
  -0.03760
   0.03374
   0.01877
  -0.04422
   0.00590
   0.04092
  -0.02874
  -0.02489
   0.04262
   0.00111
  -0.04324
   0.02302
   0.03040
  -0.03998
  -0.00809
   0.04449
  -0.01674
  -0.03515
   0.03635
   0.01487
  -0.04465
   0.01005
   0.03905
  -0.03183
  -0.02128
   0.04371
  -0.00311
  -0.04198
   0.02653
   0.02717
  -0.04169
  -0.00391
   0.04387
  -0.02057
  -0.03240
   0.03864
   0.01083
  -0.04469
   0.01410
   0.03682
  -0.03465
  -0.01749
   0.04441
  -0.00729
  -0.04034
   0.02980
   0.02371
  -0.04303
   0.00030
   0.04286
  -0.02421
  -0.02935
   0.04059
   0.00670
  -0.04433
   0.01803
   0.03427
  -0.03715
  -0.01354
   0.04471
  -0.01141
  -0.03834
   0.03280
   0.02004
  -0.04398
   0.00450
   0.04147
  -0.02764
  -0.02605
   0.04218
   0.00251
  -0.04358
   0.02181
   0.03141
  -0.03933
  -0.00946
   0.04461
  -0.01543
  -0.03600
   0.03552
   0.01619
  -0.04455
   0.00867
   0.03971
  -0.03083
  -0.02251
   0.04339
  -0.00170
  -0.04244
   0.02538
   0.02828
  -0.04116
  -0.00531
   0.04412
  -0.01931
  -0.03335
   0.03792
   0.01219
  -0.04472
   0.01276
   0.03760
  -0.03374
  -0.01877
   0.04422
  -0.00590
  -0.04092
   0.02874
   0.02489
  -0.04262
  -0.00111
   0.04324
  -0.02302
  -0.03040
   0.03998
   0.00809
  -0.04449
   0.01674
   0.03515
  -0.03635
  -0.01487
   0.04465
  -0.01005
  -0.03905
   0.03183
   0.02128
  -0.04371
   0.00311
   0.04198
  -0.02653
  -0.02717
   0.04169
   0.00391
  -0.04387
   0.02057
   0.03240
  -0.03864
  -0.01083
   0.04469
  -0.01410
  -0.03682
   0.03465
   0.01749
  -0.04441
   0.00729
   0.04034
  -0.02980
  -0.02371
   0.04303
  -0.00030
  -0.04286
   0.02421
   0.02935
  -0.04059
  -0.00670
   0.04433
  -0.01803
  -0.03427
   0.03715
   0.01354
  -0.04471
   0.01141
   0.03834
  -0.03280
  -0.02004
   0.04398
  -0.00450
  -0.04147
   0.02764
   0.02605
  -0.04218
  -0.00251
   0.04358
  -0.02181
  -0.03141
   0.03933
   0.00946
  -0.04461
   0.01543
   0.03600
  -0.03552
  -0.01619
   0.04455
  -0.00867
  -0.03971
   0.03083
   0.02251
  -0.04339
   0.00170
   0.04244
  -0.02538
  -0.02828
   0.04116
   0.00531
  -0.04412
   0.01931
   0.03335
  -0.03792
  -0.01219
   0.04472
  -0.01276
  -0.03760
   0.03374
   0.01877
  -0.04422
   0.00590
   0.04092
  -0.02874
  -0.02489
   0.04262
   0.00111
  -0.04324
   0.02302
   0.03040
  -0.03998
  -0.00809
   0.04449
  -0.01674
  -0.03515
   0.03635
   0.01487
  -0.04465
   0.01005
   0.03905
  -0.03183
  -0.02128
   0.04371
  -0.00311
  -0.04198
   0.02653
   0.02717
  -0.04169
  -0.00391
   0.04387
  -0.02057
  -0.03240
   0.03864
   0.01083
  -0.04469
   0.01410
   0.03682
  -0.03465
  -0.01749
   0.04441
  -0.00729
  -0.04034
   0.02980
   0.02371
  -0.04303
   0.00030
   0.04286
  -0.02421
  -0.02935
   0.04059
   0.00670
  -0.04433
   0.01803
   0.03427
  -0.03715
  -0.01354
   0.04471
  -0.01141
  -0.03834
   0.03280
   0.02004
  -0.04398
   0.00450
   0.04147
  -0.02764
  -0.02605
   0.04218
   0.00251
  -0.04358
   0.02181
   0.03141
  -0.03933
  -0.00946
   0.04461
  -0.01543
  -0.03600
   0.03552
   0.01619
  -0.04455
   0.00867
   0.03971
  -0.03083
  -0.02251
   0.04339
  -0.00170
  -0.04244
   0.02538
   0.02828
  -0.04116
  -0.00531
   0.04412
  -0.01931
  -0.03335
   0.03792
   0.01219
  -0.04472
   0.01276
   0.03760
  -0.03374
  -0.01877
   0.04422
  -0.00590
  -0.04092
   0.02874
   0.02489
  -0.04262
  -0.00111
   0.04324
  -0.02302
  -0.03040
   0.03998
   0.00809
  -0.04449
   0.01674
   0.03515
  -0.03635
  -0.01487
   0.04465
  -0.01005
  -0.03905
   0.03183
   0.02128
  -0.04371
   0.00311
   0.04198
  -0.02653
  -0.02717
   0.04169
   0.00391
  -0.04387
   0.02057
   0.03240
  -0.03864
  -0.01083
   0.04469
  -0.01410
  -0.03682
   0.03465
   0.01749
  -0.04441
   0.00729
   0.04034
  -0.02980
  -0.02371
   0.04303
  -0.00030
  -0.04286
   0.02421
   0.02935
  -0.04059
  -0.00670
   0.04433
  -0.01803
  -0.03427
   0.03715
   0.01354
  -0.04471
   0.01141
   0.03834
  -0.03280
  -0.02004
   0.04398
  -0.00450
  -0.04147
   0.02764
   0.02605
  -0.04218
  -0.00251
   0.04358
  -0.02181
  -0.03141
   0.03933
   0.00946
  -0.04461
   0.01543
   0.03600
  -0.03552
  -0.01619
   0.04455
  -0.00867
  -0.03971
   0.03083
   0.02251
  -0.04339
   0.00170
   0.04244
  -0.02538
  -0.02828
   0.04116
   0.00531
  -0.04412
   0.01931
   0.03335
  -0.03792
  -0.01219
   0.04472
  -0.01276
  -0.03760
   0.03374
   0.01877
  -0.04422
   0.00590
   0.04092
  -0.02874
  -0.02489
   0.04262
   0.00111
  -0.04324
   0.02302
   0.03040
  -0.03998
  -0.00809
   0.04449
  -0.01674
  -0.03515
   0.03635
   0.01487
  -0.04465
   0.01005
   0.03905
  -0.03183
  -0.02128
   0.04371
  -0.00311
  -0.04198
   0.02653
   0.02717
  -0.04169
  -0.00391
   0.04387
  -0.02057
  -0.03240
   0.03864
   0.01083
  -0.04469
   0.01410
   0.03682
  -0.03465
  -0.01749
   0.04441
  -0.00729
  -0.04034
   0.02980
   0.02371
  -0.04303
   0.00030
   0.04286
  -0.02421
  -0.02935
   0.04059
   0.00670
  -0.04433
   0.01803
   0.03427
  -0.03715
  -0.01354
   0.04471
  -0.01141
  -0.03834
   0.03280
   0.02004
  -0.04398
   0.00450
   0.04147
  -0.02764
  -0.02605
   0.04218
   0.00251
  -0.04358
   0.02181
   0.03141
  -0.03933
  -0.00946
   0.04461
