  -0.03668
  -0.04226
  -0.01300
   0.02698
   0.04471
   0.02559
  -0.01463
  -0.04279
  -0.03567
   0.00086
   0.03668
   0.04226
   0.01300
  -0.02698
  -0.04471
  -0.02559
   0.01463
   0.04279
   0.03567
  -0.00086
  -0.03668
  -0.04226
  -0.01300
   0.02698
   0.04471
   0.02559
  -0.01463
  -0.04279
  -0.03567
   0.00086
   0.03668
   0.04226
   0.01300
  -0.02698
  -0.04471
  -0.02559
   0.01463
   0.04279
   0.03567
  -0.00086
  -0.03668
  -0.04226
  -0.01300
   0.02698
   0.04471
   0.02559
  -0.01463
  -0.04279
  -0.03567
   0.00086
   0.03668
   0.04226
   0.01300
  -0.02698
  -0.04471
  -0.02559
   0.01463
   0.04279
   0.03567
  -0.00086
  -0.03668
  -0.04226
  -0.01300
   0.02698
   0.04471
   0.02559
  -0.01463
  -0.04279
  -0.03567
   0.00086
   0.03668
   0.04226
   0.01300
  -0.02698
  -0.04471
  -0.02559
   0.01463
   0.04279
   0.03567
  -0.00086
  -0.03668
  -0.04226
  -0.01300
   0.02698
   0.04471
   0.02559
  -0.01463
  -0.04279
  -0.03567
   0.00086
   0.03668
   0.04226
   0.01300
  -0.02698
  -0.04471
  -0.02559
   0.01463
   0.04279
   0.03567
  -0.00086
  -0.03668
  -0.04226
  -0.01300
   0.02698
   0.04471
   0.02559
  -0.01463
  -0.04279
  -0.03567
   0.00086
   0.03668
   0.04226
   0.01300
  -0.02698
  -0.04471
  -0.02559
   0.01463
   0.04279
   0.03567
  -0.00086
  -0.03668
  -0.04226
  -0.01300
   0.02698
   0.04471
   0.02559
  -0.01463
  -0.04279
  -0.03567
   0.00086
   0.03668
   0.04226
   0.01300
  -0.02698
  -0.04471
  -0.02559
   0.01463
   0.04279
   0.03567
  -0.00086
  -0.03668
  -0.04226
  -0.01300
   0.02698
   0.04471
   0.02559
  -0.01463
  -0.04279
  -0.03567
   0.00086
   0.03668
   0.04226
   0.01300
  -0.02698
  -0.04471
  -0.02559
   0.01463
   0.04279
   0.03567
  -0.00086
  -0.03668
  -0.04226
  -0.01300
   0.02698
   0.04471
   0.02559
  -0.01463
  -0.04279
  -0.03567
   0.00086
   0.03668
   0.04226
   0.01300
  -0.02698
  -0.04471
  -0.02559
   0.01463
   0.04279
   0.03567
  -0.00086
  -0.03668
  -0.04226
  -0.01300
   0.02698
   0.04471
   0.02559
  -0.01463
  -0.04279
  -0.03567
   0.00086
   0.03668
   0.04226
   0.01300
  -0.02698
  -0.04471
  -0.02559
   0.01463
   0.04279
   0.03567
  -0.00086
  -0.03668
  -0.04226
  -0.01300
   0.02698
   0.04471
   0.02559
  -0.01463
  -0.04279
  -0.03567
   0.00086
   0.03668
   0.04226
   0.01300
  -0.02698
  -0.04471
  -0.02559
   0.01463
   0.04279
   0.03567
  -0.00086
  -0.03668
  -0.04226
  -0.01300
   0.02698
   0.04471
   0.02559
  -0.01463
  -0.04279
  -0.03567
   0.00086
   0.03668
   0.04226
   0.01300
  -0.02698
  -0.04471
  -0.02559
   0.01463
   0.04279
   0.03567
  -0.00086
  -0.03668
  -0.04226
  -0.01300
   0.02698
   0.04471
   0.02559
  -0.01463
  -0.04279
  -0.03567
   0.00086
   0.03668
   0.04226
   0.01300
  -0.02698
  -0.04471
  -0.02559
   0.01463
   0.04279
   0.03567
  -0.00086
  -0.03668
  -0.04226
  -0.01300
   0.02698
   0.04471
   0.02559
  -0.01463
  -0.04279
  -0.03567
   0.00086
   0.03668
   0.04226
   0.01300
  -0.02698
  -0.04471
  -0.02559
   0.01463
   0.04279
   0.03567
  -0.00086
  -0.03668
  -0.04226
  -0.01300
   0.02698
   0.04471
   0.02559
  -0.01463
  -0.04279
  -0.03567
   0.00086
   0.03668
   0.04226
   0.01300
  -0.02698
  -0.04471
  -0.02559
   0.01463
   0.04279
   0.03567
  -0.00086
  -0.03668
  -0.04226
  -0.01300
   0.02698
   0.04471
   0.02559
  -0.01463
  -0.04279
  -0.03567
   0.00086
   0.03668
   0.04226
   0.01300
  -0.02698
  -0.04471
  -0.02559
   0.01463
   0.04279
   0.03567
  -0.00086
  -0.03668
  -0.04226
  -0.01300
   0.02698
   0.04471
   0.02559
  -0.01463
  -0.04279
  -0.03567
   0.00086
   0.03668
   0.04226
   0.01300
  -0.02698
  -0.04471
  -0.02559
   0.01463
   0.04279
   0.03567
  -0.00086
  -0.03668
  -0.04226
  -0.01300
   0.02698
   0.04471
   0.02559
  -0.01463
  -0.04279
  -0.03567
   0.00086
   0.03668
   0.04226
   0.01300
  -0.02698
  -0.04471
  -0.02559
   0.01463
   0.04279
   0.03567
  -0.00086
  -0.03668
  -0.04226
  -0.01300
   0.02698
   0.04471
   0.02559
  -0.01463
  -0.04279
  -0.03567
   0.00086
   0.03668
   0.04226
   0.01300
  -0.02698
  -0.04471
  -0.02559
   0.01463
   0.04279
   0.03567
  -0.00086
  -0.03668
  -0.04226
  -0.01300
   0.02698
   0.04471
   0.02559
  -0.01463
  -0.04279
  -0.03567
   0.00086
   0.03668
   0.04226
   0.01300
  -0.02698
  -0.04471
  -0.02559
   0.01463
   0.04279
   0.03567
  -0.00086
  -0.03668
  -0.04226
  -0.01300
   0.02698
   0.04471
   0.02559
  -0.01463
  -0.04279
  -0.03567
   0.00086
   0.03668
   0.04226
   0.01300
  -0.02698
  -0.04471
  -0.02559
   0.01463
   0.04279
   0.03567
  -0.00086
  -0.03668
  -0.04226
  -0.01300
   0.02698
   0.04471
   0.02559
  -0.01463
  -0.04279
  -0.03567
   0.00086
   0.03668
   0.04226
   0.01300
  -0.02698
  -0.04471
  -0.02559
   0.01463
   0.04279
   0.03567
  -0.00086
  -0.03668
  -0.04226
  -0.01300
   0.02698
   0.04471
   0.02559
  -0.01463
  -0.04279
  -0.03567
   0.00086
   0.03668
   0.04226
   0.01300
  -0.02698
  -0.04471
  -0.02559
   0.01463
   0.04279
   0.03567
  -0.00086
  -0.03668
  -0.04226
  -0.01300
   0.02698
   0.04471
   0.02559
  -0.01463
  -0.04279
  -0.03567
   0.00086
   0.03668
   0.04226
   0.01300
  -0.02698
  -0.04471
  -0.02559
   0.01463
   0.04279
   0.03567
  -0.00086
  -0.03668
  -0.04226
  -0.01300
   0.02698
   0.04471
   0.02559
  -0.01463
  -0.04279
  -0.03567
   0.00086
   0.03668
   0.04226
   0.01300
  -0.02698
  -0.04471
  -0.02559
   0.01463
   0.04279
   0.03567
  -0.00086
  -0.03668
  -0.04226
  -0.01300
   0.02698
   0.04471
   0.02559
  -0.01463
  -0.04279
  -0.03567
   0.00086
   0.03668
   0.04226
   0.01300
  -0.02698
  -0.04471
  -0.02559
   0.01463
   0.04279
   0.03567
  -0.00086
  -0.03668
  -0.04226
  -0.01300
   0.02698
   0.04471
   0.02559
  -0.01463
  -0.04279
  -0.03567
   0.00086
   0.03668
   0.04226
   0.01300
  -0.02698
  -0.04471
  -0.02559
   0.01463
   0.04279
   0.03567
  -0.00086
  -0.03668
  -0.04226
  -0.01300
   0.02698
   0.04471
   0.02559
  -0.01463
  -0.04279
  -0.03567
   0.00086
   0.03668
   0.04226
   0.01300
  -0.02698
  -0.04471
  -0.02559
   0.01463
   0.04279
   0.03567
  -0.00086
  -0.03668
  -0.04226
  -0.01300
   0.02698
   0.04471
   0.02559
  -0.01463
  -0.04279
  -0.03567
   0.00086
   0.03668
   0.04226
   0.01300
  -0.02698
  -0.04471
  -0.02559
   0.01463
   0.04279
   0.03567
  -0.00086
  -0.03668
  -0.04226
  -0.01300
   0.02698
   0.04471
   0.02559
  -0.01463
  -0.04279
  -0.03567
   0.00086
   0.03668
   0.04226
   0.01300
  -0.02698
  -0.04471
  -0.02559
   0.01463
   0.04279
   0.03567
  -0.00086
  -0.03668
  -0.04226
  -0.01300
   0.02698
   0.04471
   0.02559
  -0.01463
  -0.04279
  -0.03567
   0.00086
   0.03668
   0.04226
   0.01300
  -0.02698
  -0.04471
  -0.02559
   0.01463
   0.04279
   0.03567
  -0.00086
  -0.03668
  -0.04226
  -0.01300
   0.02698
   0.04471
   0.02559
  -0.01463
  -0.04279
  -0.03567
   0.00086
   0.03668
   0.04226
   0.01300
  -0.02698
  -0.04471
  -0.02559
   0.01463
   0.04279
   0.03567
  -0.00086
  -0.03668
  -0.04226
  -0.01300
   0.02698
   0.04471
   0.02559
  -0.01463
  -0.04279
  -0.03567
   0.00086
   0.03668
   0.04226
   0.01300
  -0.02698
  -0.04471
  -0.02559
   0.01463
   0.04279
   0.03567
  -0.00086
  -0.03668
  -0.04226
  -0.01300
   0.02698
   0.04471
   0.02559
  -0.01463
  -0.04279
  -0.03567
   0.00086
   0.03668
   0.04226
   0.01300
  -0.02698
  -0.04471
  -0.02559
   0.01463
   0.04279
   0.03567
  -0.00086
  -0.03668
  -0.04226
  -0.01300
   0.02698
   0.04471
   0.02559
  -0.01463
  -0.04279
  -0.03567
   0.00086
   0.03668
   0.04226
   0.01300
  -0.02698
  -0.04471
  -0.02559
   0.01463
   0.04279
   0.03567
  -0.00086
  -0.03668
  -0.04226
  -0.01300
   0.02698
   0.04471
   0.02559
  -0.01463
  -0.04279
  -0.03567
   0.00086
   0.03668
   0.04226
   0.01300
  -0.02698
  -0.04471
  -0.02559
   0.01463
   0.04279
   0.03567
  -0.00086
  -0.03668
  -0.04226
  -0.01300
   0.02698
   0.04471
   0.02559
  -0.01463
  -0.04279
  -0.03567
   0.00086
   0.03668
   0.04226
   0.01300
  -0.02698
  -0.04471
  -0.02559
   0.01463
   0.04279
   0.03567
  -0.00086
  -0.03668
  -0.04226
  -0.01300
   0.02698
   0.04471
   0.02559
  -0.01463
  -0.04279
  -0.03567
   0.00086
   0.03668
   0.04226
   0.01300
  -0.02698
  -0.04471
  -0.02559
   0.01463
   0.04279
   0.03567
  -0.00086
  -0.03668
  -0.04226
  -0.01300
   0.02698
   0.04471
   0.02559
  -0.01463
  -0.04279
  -0.03567
   0.00086
   0.03668
   0.04226
   0.01300
  -0.02698
  -0.04471
  -0.02559
   0.01463
   0.04279
   0.03567
  -0.00086
  -0.03668
  -0.04226
  -0.01300
   0.02698
   0.04471
   0.02559
  -0.01463
  -0.04279
  -0.03567
   0.00086
   0.03668
   0.04226
   0.01300
  -0.02698
  -0.04471
  -0.02559
   0.01463
   0.04279
   0.03567
  -0.00086
  -0.03668
  -0.04226
  -0.01300
   0.02698
   0.04471
   0.02559
  -0.01463
  -0.04279
  -0.03567
   0.00086
   0.03668
   0.04226
   0.01300
  -0.02698
  -0.04471
  -0.02559
   0.01463
   0.04279
   0.03567
  -0.00086
  -0.03668
  -0.04226
  -0.01300
   0.02698
   0.04471
   0.02559
  -0.01463
  -0.04279
  -0.03567
   0.00086
   0.03668
   0.04226
   0.01300
  -0.02698
  -0.04471
  -0.02559
   0.01463
   0.04279
   0.03567
  -0.00086
  -0.03668
  -0.04226
  -0.01300
   0.02698
   0.04471
   0.02559
  -0.01463
  -0.04279
  -0.03567
   0.00086
   0.03668
   0.04226
   0.01300
  -0.02698
  -0.04471
  -0.02559
   0.01463
   0.04279
   0.03567
  -0.00086
  -0.03668
  -0.04226
  -0.01300
   0.02698
   0.04471
   0.02559
  -0.01463
  -0.04279
  -0.03567
   0.00086
   0.03668
   0.04226
   0.01300
  -0.02698
  -0.04471
  -0.02559
   0.01463
   0.04279
   0.03567
  -0.00086
  -0.03668
  -0.04226
  -0.01300
   0.02698
   0.04471
   0.02559
  -0.01463
  -0.04279
  -0.03567
   0.00086
   0.03668
   0.04226
   0.01300
  -0.02698
  -0.04471
  -0.02559
   0.01463
   0.04279
   0.03567
  -0.00086
  -0.03668
  -0.04226
  -0.01300
   0.02698
   0.04471
   0.02559
  -0.01463
  -0.04279
  -0.03567
   0.00086
   0.03668
   0.04226
   0.01300
  -0.02698
  -0.04471
  -0.02559
   0.01463
   0.04279
   0.03567
  -0.00086
  -0.03668
  -0.04226
  -0.01300
   0.02698
   0.04471
   0.02559
  -0.01463
  -0.04279
  -0.03567
   0.00086
   0.03668
   0.04226
   0.01300
  -0.02698
  -0.04471
  -0.02559
   0.01463
   0.04279
   0.03567
  -0.00086
  -0.03668
  -0.04226
  -0.01300
   0.02698
   0.04471
   0.02559
  -0.01463
  -0.04279
  -0.03567
   0.00086
   0.03668
   0.04226
   0.01300
  -0.02698
  -0.04471
  -0.02559
   0.01463
   0.04279
   0.03567
  -0.00086
  -0.03668
  -0.04226
  -0.01300
   0.02698
   0.04471
   0.02559
  -0.01463
  -0.04279
  -0.03567
   0.00086
   0.03668
   0.04226
   0.01300
  -0.02698
  -0.04471
  -0.02559
   0.01463
   0.04279
   0.03567
  -0.00086
  -0.03668
  -0.04226
  -0.01300
   0.02698
   0.04471
   0.02559
  -0.01463
  -0.04279
  -0.03567
   0.00086
   0.03668
   0.04226
   0.01300
  -0.02698
  -0.04471
  -0.02559
   0.01463
   0.04279
   0.03567
  -0.00086
