  -0.02694
  -0.04294
  -0.04189
  -0.02422
   0.00306
   0.02913
   0.04364
   0.04083
   0.02182
  -0.00585
  -0.03120
  -0.04417
  -0.03960
  -0.01932
   0.00863
   0.03315
   0.04452
   0.03822
   0.01675
  -0.01136
  -0.03497
  -0.04470
  -0.03669
  -0.01412
   0.01406
   0.03665
   0.04470
   0.03501
   0.01142
  -0.01670
  -0.03819
  -0.04453
  -0.03319
  -0.00869
   0.01927
   0.03957
   0.04418
   0.03124
   0.00591
  -0.02176
  -0.04080
  -0.04365
  -0.02917
  -0.00312
   0.02417
   0.04187
   0.04295
   0.02699
   0.00031
  -0.02649
  -0.04278
  -0.04209
  -0.02470
   0.00250
   0.02870
   0.04351
   0.04106
   0.02231
  -0.00530
  -0.03080
  -0.04407
  -0.03986
  -0.01983
   0.00807
   0.03277
   0.04446
   0.03851
   0.01727
  -0.01082
  -0.03462
  -0.04468
  -0.03701
  -0.01465
   0.01352
   0.03633
   0.04471
   0.03536
   0.01197
  -0.01617
  -0.03789
  -0.04457
  -0.03357
  -0.00924
   0.01876
   0.03931
   0.04426
   0.03164
   0.00647
  -0.02127
  -0.04057
  -0.04377
  -0.02960
  -0.00368
   0.02370
   0.04167
   0.04311
   0.02743
   0.00087
  -0.02603
  -0.04261
  -0.04227
  -0.02516
   0.00194
   0.02827
   0.04338
   0.04127
   0.02279
  -0.00474
  -0.03039
  -0.04398
  -0.04011
  -0.02033
   0.00752
   0.03239
   0.04440
   0.03879
   0.01779
  -0.01027
  -0.03426
  -0.04465
  -0.03732
  -0.01518
   0.01299
   0.03600
   0.04472
   0.03570
   0.01251
  -0.01565
  -0.03759
  -0.04462
  -0.03393
  -0.00979
   0.01825
   0.03904
   0.04434
   0.03204
   0.00703
  -0.02078
  -0.04033
  -0.04388
  -0.03002
  -0.00424
   0.02322
   0.04147
   0.04325
   0.02788
   0.00143
  -0.02558
  -0.04244
  -0.04245
  -0.02562
   0.00137
   0.02783
   0.04324
   0.04149
   0.02327
  -0.00418
  -0.02997
  -0.04387
  -0.04036
  -0.02083
   0.00697
   0.03200
   0.04433
   0.03907
   0.01830
  -0.00973
  -0.03390
  -0.04461
  -0.03762
  -0.01570
   0.01245
   0.03566
   0.04472
   0.03603
   0.01304
  -0.01512
  -0.03728
  -0.04465
  -0.03430
  -0.01033
   0.01773
   0.03876
   0.04441
   0.03243
   0.00758
  -0.02028
  -0.04009
  -0.04399
  -0.03043
  -0.00480
   0.02274
   0.04125
   0.04339
   0.02831
   0.00200
  -0.02511
  -0.04225
  -0.04263
  -0.02608
   0.00081
   0.02739
   0.04309
   0.04169
   0.02375
  -0.00362
  -0.02955
  -0.04376
  -0.04060
  -0.02132
   0.00641
   0.03160
   0.04425
   0.03934
   0.01881
  -0.00918
  -0.03353
  -0.04457
  -0.03793
  -0.01623
   0.01191
   0.03532
   0.04471
   0.03636
   0.01358
  -0.01459
  -0.03697
  -0.04468
  -0.03466
  -0.01088
   0.01722
   0.03848
   0.04447
   0.03281
   0.00813
  -0.01977
  -0.03983
  -0.04408
  -0.03084
  -0.00536
   0.02225
   0.04103
   0.04353
   0.02875
   0.00256
  -0.02465
  -0.04207
  -0.04279
  -0.02654
   0.00025
   0.02694
   0.04294
   0.04189
   0.02422
  -0.00306
  -0.02913
  -0.04364
  -0.04083
  -0.02182
   0.00585
   0.03120
   0.04417
   0.03960
   0.01932
  -0.00863
  -0.03315
  -0.04452
  -0.03822
  -0.01675
   0.01136
   0.03497
   0.04470
   0.03669
   0.01412
  -0.01406
  -0.03665
  -0.04470
  -0.03501
  -0.01142
   0.01670
   0.03819
   0.04453
   0.03319
   0.00869
  -0.01927
  -0.03957
  -0.04418
  -0.03124
  -0.00591
   0.02176
   0.04080
   0.04365
   0.02917
   0.00312
  -0.02417
  -0.04187
  -0.04295
  -0.02699
  -0.00031
   0.02649
   0.04278
   0.04209
   0.02470
  -0.00250
  -0.02870
  -0.04351
  -0.04106
  -0.02231
   0.00530
   0.03080
   0.04407
   0.03986
   0.01983
  -0.00807
  -0.03277
  -0.04446
  -0.03851
  -0.01727
   0.01082
   0.03462
   0.04468
   0.03701
   0.01465
  -0.01352
  -0.03633
  -0.04471
  -0.03536
  -0.01197
   0.01617
   0.03789
   0.04457
   0.03357
   0.00924
  -0.01876
  -0.03931
  -0.04426
  -0.03164
  -0.00647
   0.02127
   0.04057
   0.04377
   0.02960
   0.00368
  -0.02370
  -0.04167
  -0.04311
  -0.02743
  -0.00087
   0.02603
   0.04261
   0.04227
   0.02516
  -0.00194
  -0.02827
  -0.04338
  -0.04127
  -0.02279
   0.00474
   0.03039
   0.04398
   0.04011
   0.02033
  -0.00752
  -0.03239
  -0.04440
  -0.03879
  -0.01779
   0.01027
   0.03426
   0.04465
   0.03732
   0.01518
  -0.01299
  -0.03600
  -0.04472
  -0.03570
  -0.01251
   0.01565
   0.03759
   0.04462
   0.03393
   0.00979
  -0.01825
  -0.03904
  -0.04434
  -0.03204
  -0.00703
   0.02078
   0.04033
   0.04388
   0.03002
   0.00424
  -0.02322
  -0.04147
  -0.04325
  -0.02788
  -0.00143
   0.02558
   0.04244
   0.04245
   0.02562
  -0.00137
  -0.02783
  -0.04324
  -0.04149
  -0.02327
   0.00418
   0.02997
   0.04387
   0.04036
   0.02083
  -0.00697
  -0.03200
  -0.04433
  -0.03907
  -0.01830
   0.00973
   0.03390
   0.04461
   0.03762
   0.01570
  -0.01245
  -0.03566
  -0.04472
  -0.03603
  -0.01304
   0.01512
   0.03728
   0.04465
   0.03430
   0.01033
  -0.01773
  -0.03876
  -0.04441
  -0.03243
  -0.00758
   0.02028
   0.04009
   0.04399
   0.03043
   0.00480
  -0.02274
  -0.04125
  -0.04339
  -0.02831
  -0.00200
   0.02511
   0.04225
   0.04263
   0.02608
  -0.00081
  -0.02739
  -0.04309
  -0.04169
  -0.02375
   0.00362
   0.02955
   0.04376
   0.04060
   0.02132
  -0.00641
  -0.03160
  -0.04425
  -0.03934
  -0.01881
   0.00918
   0.03353
   0.04457
   0.03793
   0.01623
  -0.01191
  -0.03532
  -0.04471
  -0.03636
  -0.01358
   0.01459
   0.03697
   0.04468
   0.03466
   0.01088
  -0.01722
  -0.03848
  -0.04447
  -0.03281
  -0.00813
   0.01977
   0.03983
   0.04408
   0.03084
   0.00536
  -0.02225
  -0.04103
  -0.04353
  -0.02875
  -0.00256
   0.02465
   0.04207
   0.04279
   0.02654
  -0.00025
  -0.02694
  -0.04294
  -0.04189
  -0.02422
   0.00306
   0.02913
   0.04364
   0.04083
   0.02182
  -0.00585
  -0.03120
  -0.04417
  -0.03960
  -0.01932
   0.00863
   0.03315
   0.04452
   0.03822
   0.01675
  -0.01136
  -0.03497
  -0.04470
  -0.03669
  -0.01412
   0.01406
   0.03665
   0.04470
   0.03501
   0.01142
  -0.01670
  -0.03819
  -0.04453
  -0.03319
  -0.00869
   0.01927
   0.03957
   0.04418
   0.03124
   0.00591
  -0.02176
  -0.04080
  -0.04365
  -0.02917
  -0.00312
   0.02417
   0.04187
   0.04295
   0.02699
   0.00031
  -0.02649
  -0.04278
  -0.04209
  -0.02470
   0.00250
   0.02870
   0.04351
   0.04106
   0.02231
  -0.00530
  -0.03080
  -0.04407
  -0.03986
  -0.01983
   0.00807
   0.03277
   0.04446
   0.03851
   0.01727
  -0.01082
  -0.03462
  -0.04468
  -0.03701
  -0.01465
   0.01352
   0.03633
   0.04471
   0.03536
   0.01197
  -0.01617
  -0.03789
  -0.04457
  -0.03357
  -0.00924
   0.01876
   0.03931
   0.04426
   0.03164
   0.00647
  -0.02127
  -0.04057
  -0.04377
  -0.02960
  -0.00368
   0.02370
   0.04167
   0.04311
   0.02743
   0.00087
  -0.02603
  -0.04261
  -0.04227
  -0.02516
   0.00194
   0.02827
   0.04338
   0.04127
   0.02279
  -0.00474
  -0.03039
  -0.04398
  -0.04011
  -0.02033
   0.00752
   0.03239
   0.04440
   0.03879
   0.01779
  -0.01027
  -0.03426
  -0.04465
  -0.03732
  -0.01518
   0.01299
   0.03600
   0.04472
   0.03570
   0.01251
  -0.01565
  -0.03759
  -0.04462
  -0.03393
  -0.00979
   0.01825
   0.03904
   0.04434
   0.03204
   0.00703
  -0.02078
  -0.04033
  -0.04388
  -0.03002
  -0.00424
   0.02322
   0.04147
   0.04325
   0.02788
   0.00143
  -0.02558
  -0.04244
  -0.04245
  -0.02562
   0.00137
   0.02783
   0.04324
   0.04149
   0.02327
  -0.00418
  -0.02997
  -0.04387
  -0.04036
  -0.02083
   0.00697
   0.03200
   0.04433
   0.03907
   0.01830
  -0.00973
  -0.03390
  -0.04461
  -0.03762
  -0.01570
   0.01245
   0.03566
   0.04472
   0.03603
   0.01304
  -0.01512
  -0.03728
  -0.04465
  -0.03430
  -0.01033
   0.01773
   0.03876
   0.04441
   0.03243
   0.00758
  -0.02028
  -0.04009
  -0.04399
  -0.03043
  -0.00480
   0.02274
   0.04125
   0.04339
   0.02831
   0.00200
  -0.02511
  -0.04225
  -0.04263
  -0.02608
   0.00081
   0.02739
   0.04309
   0.04169
   0.02375
  -0.00362
  -0.02955
  -0.04376
  -0.04060
  -0.02132
   0.00641
   0.03160
   0.04425
   0.03934
   0.01881
  -0.00918
  -0.03353
  -0.04457
  -0.03793
  -0.01623
   0.01191
   0.03532
   0.04471
   0.03636
   0.01358
  -0.01459
  -0.03697
  -0.04468
  -0.03466
  -0.01088
   0.01722
   0.03848
   0.04447
   0.03281
   0.00813
  -0.01977
  -0.03983
  -0.04408
  -0.03084
  -0.00536
   0.02225
   0.04103
   0.04353
   0.02875
   0.00256
  -0.02465
  -0.04207
  -0.04279
  -0.02654
   0.00025
   0.02694
   0.04294
   0.04189
   0.02422
  -0.00306
  -0.02913
  -0.04364
  -0.04083
  -0.02182
   0.00585
   0.03120
   0.04417
   0.03960
   0.01932
  -0.00863
  -0.03315
  -0.04452
  -0.03822
  -0.01675
   0.01136
   0.03497
   0.04470
   0.03669
   0.01412
  -0.01406
  -0.03665
  -0.04470
  -0.03501
  -0.01142
   0.01670
   0.03819
   0.04453
   0.03319
   0.00869
  -0.01927
  -0.03957
  -0.04418
  -0.03124
  -0.00591
   0.02176
   0.04080
   0.04365
   0.02917
   0.00312
  -0.02417
  -0.04187
  -0.04295
  -0.02699
  -0.00031
   0.02649
   0.04278
   0.04209
   0.02470
  -0.00250
  -0.02870
  -0.04351
  -0.04106
  -0.02231
   0.00530
   0.03080
   0.04407
   0.03986
   0.01983
  -0.00807
  -0.03277
  -0.04446
  -0.03851
  -0.01727
   0.01082
   0.03462
   0.04468
   0.03701
   0.01465
  -0.01352
  -0.03633
  -0.04471
  -0.03536
  -0.01197
   0.01617
   0.03789
   0.04457
   0.03357
   0.00924
  -0.01876
  -0.03931
  -0.04426
  -0.03164
  -0.00647
   0.02127
   0.04057
   0.04377
   0.02960
   0.00368
  -0.02370
  -0.04167
  -0.04311
  -0.02743
  -0.00087
   0.02603
   0.04261
   0.04227
   0.02516
  -0.00194
  -0.02827
  -0.04338
  -0.04127
  -0.02279
   0.00474
   0.03039
   0.04398
   0.04011
   0.02033
  -0.00752
  -0.03239
  -0.04440
  -0.03879
  -0.01779
   0.01027
   0.03426
   0.04465
   0.03732
   0.01518
  -0.01299
  -0.03600
  -0.04472
  -0.03570
  -0.01251
   0.01565
   0.03759
   0.04462
   0.03393
   0.00979
  -0.01825
  -0.03904
  -0.04434
  -0.03204
  -0.00703
   0.02078
   0.04033
   0.04388
   0.03002
   0.00424
  -0.02322
  -0.04147
  -0.04325
  -0.02788
  -0.00143
   0.02558
   0.04244
   0.04245
   0.02562
  -0.00137
  -0.02783
  -0.04324
  -0.04149
  -0.02327
   0.00418
   0.02997
   0.04387
   0.04036
   0.02083
  -0.00697
  -0.03200
  -0.04433
  -0.03907
  -0.01830
   0.00973
   0.03390
   0.04461
   0.03762
   0.01570
  -0.01245
  -0.03566
  -0.04472
  -0.03603
  -0.01304
   0.01512
   0.03728
   0.04465
   0.03430
   0.01033
  -0.01773
  -0.03876
  -0.04441
  -0.03243
  -0.00758
   0.02028
   0.04009
   0.04399
   0.03043
   0.00480
  -0.02274
  -0.04125
  -0.04339
  -0.02831
  -0.00200
   0.02511
   0.04225
   0.04263
   0.02608
  -0.00081
  -0.02739
  -0.04309
  -0.04169
  -0.02375
   0.00362
   0.02955
   0.04376
   0.04060
   0.02132
  -0.00641
  -0.03160
  -0.04425
  -0.03934
  -0.01881
   0.00918
   0.03353
   0.04457
   0.03793
   0.01623
  -0.01191
  -0.03532
  -0.04471
  -0.03636
  -0.01358
   0.01459
   0.03697
   0.04468
   0.03466
   0.01088
  -0.01722
  -0.03848
  -0.04447
  -0.03281
  -0.00813
   0.01977
   0.03983
   0.04408
   0.03084
   0.00536
  -0.02225
  -0.04103
  -0.04353
  -0.02875
  -0.00256
   0.02465
   0.04207
   0.04279
   0.02654
  -0.00025
