   0.02623
  -0.01335
  -0.04219
  -0.03711
  -0.00218
   0.03450
   0.04344
   0.01744
  -0.02258
  -0.04444
  -0.03057
   0.00789
   0.04000
   0.03994
   0.00776
  -0.03066
  -0.04443
  -0.02247
   0.01756
   0.04347
   0.03442
  -0.00231
  -0.03718
  -0.04215
  -0.01322
   0.02634
   0.04472
   0.02713
  -0.01227
  -0.04181
  -0.03772
  -0.00330
   0.03377
   0.04369
   0.01847
  -0.02160
  -0.04430
  -0.03138
   0.00678
   0.03949
   0.04044
   0.00887
  -0.02983
  -0.04454
  -0.02343
   0.01652
   0.04319
   0.03512
  -0.00119
  -0.03655
  -0.04251
  -0.01429
   0.02542
   0.04469
   0.02802
  -0.01119
  -0.04140
  -0.03832
  -0.00442
   0.03303
   0.04392
   0.01949
  -0.02061
  -0.04414
  -0.03217
   0.00567
   0.03895
   0.04090
   0.00997
  -0.02899
  -0.04463
  -0.02438
   0.01548
   0.04289
   0.03581
  -0.00007
  -0.03589
  -0.04285
  -0.01535
   0.02449
   0.04464
   0.02889
  -0.01009
  -0.04096
  -0.03888
  -0.00554
   0.03226
   0.04412
   0.02049
  -0.01961
  -0.04394
  -0.03294
   0.00455
   0.03838
   0.04135
   0.01106
  -0.02812
  -0.04469
  -0.02531
   0.01442
   0.04255
   0.03647
   0.00106
  -0.03520
  -0.04316
  -0.01640
   0.02354
   0.04455
   0.02974
  -0.00900
  -0.04049
  -0.03943
  -0.00665
   0.03147
   0.04429
   0.02149
  -0.01859
  -0.04372
  -0.03369
   0.00343
   0.03779
   0.04176
   0.01214
  -0.02724
  -0.04472
  -0.02623
   0.01335
   0.04219
   0.03711
   0.00218
  -0.03450
  -0.04344
  -0.01744
   0.02258
   0.04444
   0.03057
  -0.00789
  -0.04000
  -0.03994
  -0.00776
   0.03066
   0.04443
   0.02247
  -0.01756
  -0.04347
  -0.03442
   0.00231
   0.03718
   0.04215
   0.01322
  -0.02634
  -0.04472
  -0.02713
   0.01227
   0.04181
   0.03772
   0.00330
  -0.03377
  -0.04369
  -0.01847
   0.02160
   0.04430
   0.03138
  -0.00678
  -0.03949
  -0.04044
  -0.00887
   0.02983
   0.04454
   0.02343
  -0.01652
  -0.04319
  -0.03512
   0.00119
   0.03655
   0.04251
   0.01429
  -0.02542
  -0.04469
  -0.02802
   0.01119
   0.04140
   0.03832
   0.00442
  -0.03303
  -0.04392
  -0.01949
   0.02061
   0.04414
   0.03217
  -0.00567
  -0.03895
  -0.04090
  -0.00997
   0.02899
   0.04463
   0.02438
  -0.01548
  -0.04289
  -0.03581
   0.00007
   0.03589
   0.04285
   0.01535
  -0.02449
  -0.04464
  -0.02889
   0.01009
   0.04096
   0.03888
   0.00554
  -0.03226
  -0.04412
  -0.02049
   0.01961
   0.04394
   0.03294
  -0.00455
  -0.03838
  -0.04135
  -0.01106
   0.02812
   0.04469
   0.02531
  -0.01442
  -0.04255
  -0.03647
  -0.00106
   0.03520
   0.04316
   0.01640
  -0.02354
  -0.04455
  -0.02974
   0.00900
   0.04049
   0.03943
   0.00665
  -0.03147
  -0.04429
  -0.02149
   0.01859
   0.04372
   0.03369
  -0.00343
  -0.03779
  -0.04176
  -0.01214
   0.02724
   0.04472
   0.02623
  -0.01335
  -0.04219
  -0.03711
  -0.00218
   0.03450
   0.04344
   0.01744
  -0.02258
  -0.04444
  -0.03057
   0.00789
   0.04000
   0.03994
   0.00776
  -0.03066
  -0.04443
  -0.02247
   0.01756
   0.04347
   0.03442
  -0.00231
  -0.03718
  -0.04215
  -0.01322
   0.02634
   0.04472
   0.02713
  -0.01227
  -0.04181
  -0.03772
  -0.00330
   0.03377
   0.04369
   0.01847
  -0.02160
  -0.04430
  -0.03138
   0.00678
   0.03949
   0.04044
   0.00887
  -0.02983
  -0.04454
  -0.02343
   0.01652
   0.04319
   0.03512
  -0.00119
  -0.03655
  -0.04251
  -0.01429
   0.02542
   0.04469
   0.02802
  -0.01119
  -0.04140
  -0.03832
  -0.00442
   0.03303
   0.04392
   0.01949
  -0.02061
  -0.04414
  -0.03217
   0.00567
   0.03895
   0.04090
   0.00997
  -0.02899
  -0.04463
  -0.02438
   0.01548
   0.04289
   0.03581
  -0.00007
  -0.03589
  -0.04285
  -0.01535
   0.02449
   0.04464
   0.02889
  -0.01009
  -0.04096
  -0.03888
  -0.00554
   0.03226
   0.04412
   0.02049
  -0.01961
  -0.04394
  -0.03294
   0.00455
   0.03838
   0.04135
   0.01106
  -0.02812
  -0.04469
  -0.02531
   0.01442
   0.04255
   0.03647
   0.00106
  -0.03520
  -0.04316
  -0.01640
   0.02354
   0.04455
   0.02974
  -0.00900
  -0.04049
  -0.03943
  -0.00665
   0.03147
   0.04429
   0.02149
  -0.01859
  -0.04372
  -0.03369
   0.00343
   0.03779
   0.04176
   0.01214
  -0.02724
  -0.04472
  -0.02623
   0.01335
   0.04219
   0.03711
   0.00218
  -0.03450
  -0.04344
  -0.01744
   0.02258
   0.04444
   0.03057
  -0.00789
  -0.04000
  -0.03994
  -0.00776
   0.03066
   0.04443
   0.02247
  -0.01756
  -0.04347
  -0.03442
   0.00231
   0.03718
   0.04215
   0.01322
  -0.02634
  -0.04472
  -0.02713
   0.01227
   0.04181
   0.03772
   0.00330
  -0.03377
  -0.04369
  -0.01847
   0.02160
   0.04430
   0.03138
  -0.00678
  -0.03949
  -0.04044
  -0.00887
   0.02983
   0.04454
   0.02343
  -0.01652
  -0.04319
  -0.03512
   0.00119
   0.03655
   0.04251
   0.01429
  -0.02542
  -0.04469
  -0.02802
   0.01119
   0.04140
   0.03832
   0.00442
  -0.03303
  -0.04392
  -0.01949
   0.02061
   0.04414
   0.03217
  -0.00567
  -0.03895
  -0.04090
  -0.00997
   0.02899
   0.04463
   0.02438
  -0.01548
  -0.04289
  -0.03581
   0.00007
   0.03589
   0.04285
   0.01535
  -0.02449
  -0.04464
  -0.02889
   0.01009
   0.04096
   0.03888
   0.00554
  -0.03226
  -0.04412
  -0.02049
   0.01961
   0.04394
   0.03294
  -0.00455
  -0.03838
  -0.04135
  -0.01106
   0.02812
   0.04469
   0.02531
  -0.01442
  -0.04255
  -0.03647
  -0.00106
   0.03520
   0.04316
   0.01640
  -0.02354
  -0.04455
  -0.02974
   0.00900
   0.04049
   0.03943
   0.00665
  -0.03147
  -0.04429
  -0.02149
   0.01859
   0.04372
   0.03369
  -0.00343
  -0.03779
  -0.04176
  -0.01214
   0.02724
   0.04472
   0.02623
  -0.01335
  -0.04219
  -0.03711
  -0.00218
   0.03450
   0.04344
   0.01744
  -0.02258
  -0.04444
  -0.03057
   0.00789
   0.04000
   0.03994
   0.00776
  -0.03066
  -0.04443
  -0.02247
   0.01756
   0.04347
   0.03442
  -0.00231
  -0.03718
  -0.04215
  -0.01322
   0.02634
   0.04472
   0.02713
  -0.01227
  -0.04181
  -0.03772
  -0.00330
   0.03377
   0.04369
   0.01847
  -0.02160
  -0.04430
  -0.03138
   0.00678
   0.03949
   0.04044
   0.00887
  -0.02983
  -0.04454
  -0.02343
   0.01652
   0.04319
   0.03512
  -0.00119
  -0.03655
  -0.04251
  -0.01429
   0.02542
   0.04469
   0.02802
  -0.01119
  -0.04140
  -0.03832
  -0.00442
   0.03303
   0.04392
   0.01949
  -0.02061
  -0.04414
  -0.03217
   0.00567
   0.03895
   0.04090
   0.00997
  -0.02899
  -0.04463
  -0.02438
   0.01548
   0.04289
   0.03581
  -0.00007
  -0.03589
  -0.04285
  -0.01535
   0.02449
   0.04464
   0.02889
  -0.01009
  -0.04096
  -0.03888
  -0.00554
   0.03226
   0.04412
   0.02049
  -0.01961
  -0.04394
  -0.03294
   0.00455
   0.03838
   0.04135
   0.01106
  -0.02812
  -0.04469
  -0.02531
   0.01442
   0.04255
   0.03647
   0.00106
  -0.03520
  -0.04316
  -0.01640
   0.02354
   0.04455
   0.02974
  -0.00900
  -0.04049
  -0.03943
  -0.00665
   0.03147
   0.04429
   0.02149
  -0.01859
  -0.04372
  -0.03369
   0.00343
   0.03779
   0.04176
   0.01214
  -0.02724
  -0.04472
  -0.02623
   0.01335
   0.04219
   0.03711
   0.00218
  -0.03450
  -0.04344
  -0.01744
   0.02258
   0.04444
   0.03057
  -0.00789
  -0.04000
  -0.03994
  -0.00776
   0.03066
   0.04443
   0.02247
  -0.01756
  -0.04347
  -0.03442
   0.00231
   0.03718
   0.04215
   0.01322
  -0.02634
  -0.04472
  -0.02713
   0.01227
   0.04181
   0.03772
   0.00330
  -0.03377
  -0.04369
  -0.01847
   0.02160
   0.04430
   0.03138
  -0.00678
  -0.03949
  -0.04044
  -0.00887
   0.02983
   0.04454
   0.02343
  -0.01652
  -0.04319
  -0.03512
   0.00119
   0.03655
   0.04251
   0.01429
  -0.02542
  -0.04469
  -0.02802
   0.01119
   0.04140
   0.03832
   0.00442
  -0.03303
  -0.04392
  -0.01949
   0.02061
   0.04414
   0.03217
  -0.00567
  -0.03895
  -0.04090
  -0.00997
   0.02899
   0.04463
   0.02438
  -0.01548
  -0.04289
  -0.03581
   0.00007
   0.03589
   0.04285
   0.01535
  -0.02449
  -0.04464
  -0.02889
   0.01009
   0.04096
   0.03888
   0.00554
  -0.03226
  -0.04412
  -0.02049
   0.01961
   0.04394
   0.03294
  -0.00455
  -0.03838
  -0.04135
  -0.01106
   0.02812
   0.04469
   0.02531
  -0.01442
  -0.04255
  -0.03647
  -0.00106
   0.03520
   0.04316
   0.01640
  -0.02354
  -0.04455
  -0.02974
   0.00900
   0.04049
   0.03943
   0.00665
  -0.03147
  -0.04429
  -0.02149
   0.01859
   0.04372
   0.03369
  -0.00343
  -0.03779
  -0.04176
  -0.01214
   0.02724
   0.04472
   0.02623
  -0.01335
  -0.04219
  -0.03711
  -0.00218
   0.03450
   0.04344
   0.01744
  -0.02258
  -0.04444
  -0.03057
   0.00789
   0.04000
   0.03994
   0.00776
  -0.03066
  -0.04443
  -0.02247
   0.01756
   0.04347
   0.03442
  -0.00231
  -0.03718
  -0.04215
  -0.01322
   0.02634
   0.04472
   0.02713
  -0.01227
  -0.04181
  -0.03772
  -0.00330
   0.03377
   0.04369
   0.01847
  -0.02160
  -0.04430
  -0.03138
   0.00678
   0.03949
   0.04044
   0.00887
  -0.02983
  -0.04454
  -0.02343
   0.01652
   0.04319
   0.03512
  -0.00119
  -0.03655
  -0.04251
  -0.01429
   0.02542
   0.04469
   0.02802
  -0.01119
  -0.04140
  -0.03832
  -0.00442
   0.03303
   0.04392
   0.01949
  -0.02061
  -0.04414
  -0.03217
   0.00567
   0.03895
   0.04090
   0.00997
  -0.02899
  -0.04463
  -0.02438
   0.01548
   0.04289
   0.03581
  -0.00007
  -0.03589
  -0.04285
  -0.01535
   0.02449
   0.04464
   0.02889
  -0.01009
  -0.04096
  -0.03888
  -0.00554
   0.03226
   0.04412
   0.02049
  -0.01961
  -0.04394
  -0.03294
   0.00455
   0.03838
   0.04135
   0.01106
  -0.02812
  -0.04469
  -0.02531
   0.01442
   0.04255
   0.03647
   0.00106
  -0.03520
  -0.04316
  -0.01640
   0.02354
   0.04455
   0.02974
  -0.00900
  -0.04049
  -0.03943
  -0.00665
   0.03147
   0.04429
   0.02149
  -0.01859
  -0.04372
  -0.03369
   0.00343
   0.03779
   0.04176
   0.01214
  -0.02724
  -0.04472
  -0.02623
   0.01335
   0.04219
   0.03711
   0.00218
  -0.03450
  -0.04344
  -0.01744
   0.02258
   0.04444
   0.03057
  -0.00789
  -0.04000
  -0.03994
  -0.00776
   0.03066
   0.04443
   0.02247
  -0.01756
  -0.04347
  -0.03442
   0.00231
   0.03718
   0.04215
   0.01322
  -0.02634
  -0.04472
  -0.02713
   0.01227
   0.04181
   0.03772
   0.00330
  -0.03377
  -0.04369
  -0.01847
   0.02160
   0.04430
   0.03138
  -0.00678
  -0.03949
  -0.04044
  -0.00887
   0.02983
   0.04454
   0.02343
  -0.01652
  -0.04319
  -0.03512
   0.00119
   0.03655
   0.04251
   0.01429
  -0.02542
  -0.04469
  -0.02802
   0.01119
   0.04140
   0.03832
   0.00442
  -0.03303
  -0.04392
  -0.01949
   0.02061
   0.04414
   0.03217
  -0.00567
  -0.03895
  -0.04090
  -0.00997
   0.02899
   0.04463
   0.02438
  -0.01548
  -0.04289
  -0.03581
   0.00007
   0.03589
   0.04285
   0.01535
  -0.02449
  -0.04464
  -0.02889
   0.01009
   0.04096
   0.03888
   0.00554
  -0.03226
  -0.04412
  -0.02049
   0.01961
   0.04394
   0.03294
  -0.00455
  -0.03838
  -0.04135
  -0.01106
   0.02812
   0.04469
   0.02531
  -0.01442
  -0.04255
  -0.03647
  -0.00106
   0.03520
   0.04316
   0.01640
  -0.02354
  -0.04455
  -0.02974
   0.00900
   0.04049
   0.03943
   0.00665
  -0.03147
  -0.04429
  -0.02149
   0.01859
   0.04372
   0.03369
  -0.00343
  -0.03779
  -0.04176
  -0.01214
   0.02724
   0.04472
