  -0.01558
   0.03311
  -0.04322
   0.04367
  -0.03434
   0.01733
   0.00355
  -0.02364
   0.03844
  -0.04464
   0.04086
  -0.02793
   0.00875
   0.01238
  -0.03075
   0.04223
  -0.04427
   0.03640
  -0.02039
  -0.00018
   0.02072
  -0.03661
   0.04432
  -0.04211
   0.03048
  -0.01203
  -0.00911
   0.02821
  -0.04100
   0.04462
  -0.03826
   0.02333
  -0.00319
  -0.01767
   0.03457
  -0.04374
   0.04313
  -0.03286
   0.01524
   0.00579
  -0.02552
   0.03954
  -0.04472
   0.03989
  -0.02614
   0.00654
   0.01453
  -0.03234
   0.04292
  -0.04389
   0.03505
  -0.01836
  -0.00243
   0.02268
  -0.03786
   0.04456
  -0.04130
   0.02880
  -0.00985
  -0.01130
   0.02992
  -0.04185
   0.04441
  -0.03704
   0.02138
  -0.00094
  -0.01971
   0.03596
  -0.04416
   0.04248
  -0.03129
   0.01311
   0.00801
  -0.02733
   0.04054
  -0.04468
   0.03883
  -0.02428
   0.00431
   0.01663
  -0.03385
   0.04350
  -0.04341
   0.03361
  -0.01629
  -0.00467
   0.02459
  -0.03901
   0.04470
  -0.04039
   0.02704
  -0.00765
  -0.01346
   0.03155
  -0.04259
   0.04410
  -0.03574
   0.01938
   0.00131
  -0.02170
   0.03725
  -0.04446
   0.04172
  -0.02965
   0.01094
   0.01021
  -0.02908
   0.04144
  -0.04453
   0.03766
  -0.02236
   0.00206
   0.01870
  -0.03528
   0.04396
  -0.04281
   0.03209
  -0.01418
  -0.00690
   0.02643
  -0.04006
   0.04472
  -0.03937
   0.02522
  -0.00542
  -0.01558
   0.03311
  -0.04322
   0.04367
  -0.03434
   0.01733
   0.00355
  -0.02364
   0.03844
  -0.04464
   0.04086
  -0.02793
   0.00875
   0.01238
  -0.03075
   0.04223
  -0.04427
   0.03640
  -0.02039
  -0.00018
   0.02072
  -0.03661
   0.04432
  -0.04211
   0.03048
  -0.01203
  -0.00911
   0.02821
  -0.04100
   0.04462
  -0.03826
   0.02333
  -0.00319
  -0.01767
   0.03457
  -0.04374
   0.04313
  -0.03286
   0.01524
   0.00579
  -0.02552
   0.03954
  -0.04472
   0.03989
  -0.02614
   0.00654
   0.01453
  -0.03234
   0.04292
  -0.04389
   0.03505
  -0.01836
  -0.00243
   0.02268
  -0.03786
   0.04456
  -0.04130
   0.02880
  -0.00985
  -0.01130
   0.02992
  -0.04185
   0.04441
  -0.03704
   0.02138
  -0.00094
  -0.01971
   0.03596
  -0.04416
   0.04248
  -0.03129
   0.01311
   0.00801
  -0.02733
   0.04054
  -0.04468
   0.03883
  -0.02428
   0.00431
   0.01663
  -0.03385
   0.04350
  -0.04341
   0.03361
  -0.01629
  -0.00467
   0.02459
  -0.03901
   0.04470
  -0.04039
   0.02704
  -0.00765
  -0.01346
   0.03155
  -0.04259
   0.04410
  -0.03574
   0.01938
   0.00131
  -0.02170
   0.03725
  -0.04446
   0.04172
  -0.02965
   0.01094
   0.01021
  -0.02908
   0.04144
  -0.04453
   0.03766
  -0.02236
   0.00206
   0.01870
  -0.03528
   0.04396
  -0.04281
   0.03209
  -0.01418
  -0.00690
   0.02643
  -0.04006
   0.04472
  -0.03937
   0.02522
  -0.00542
  -0.01558
   0.03311
  -0.04322
   0.04367
  -0.03434
   0.01733
   0.00355
  -0.02364
   0.03844
  -0.04464
   0.04086
  -0.02793
   0.00875
   0.01238
  -0.03075
   0.04223
  -0.04427
   0.03640
  -0.02039
  -0.00018
   0.02072
  -0.03661
   0.04432
  -0.04211
   0.03048
  -0.01203
  -0.00911
   0.02821
  -0.04100
   0.04462
  -0.03826
   0.02333
  -0.00319
  -0.01767
   0.03457
  -0.04374
   0.04313
  -0.03286
   0.01524
   0.00579
  -0.02552
   0.03954
  -0.04472
   0.03989
  -0.02614
   0.00654
   0.01453
  -0.03234
   0.04292
  -0.04389
   0.03505
  -0.01836
  -0.00243
   0.02268
  -0.03786
   0.04456
  -0.04130
   0.02880
  -0.00985
  -0.01130
   0.02992
  -0.04185
   0.04441
  -0.03704
   0.02138
  -0.00094
  -0.01971
   0.03596
  -0.04416
   0.04248
  -0.03129
   0.01311
   0.00801
  -0.02733
   0.04054
  -0.04468
   0.03883
  -0.02428
   0.00431
   0.01663
  -0.03385
   0.04350
  -0.04341
   0.03361
  -0.01629
  -0.00467
   0.02459
  -0.03901
   0.04470
  -0.04039
   0.02704
  -0.00765
  -0.01346
   0.03155
  -0.04259
   0.04410
  -0.03574
   0.01938
   0.00131
  -0.02170
   0.03725
  -0.04446
   0.04172
  -0.02965
   0.01094
   0.01021
  -0.02908
   0.04144
  -0.04453
   0.03766
  -0.02236
   0.00206
   0.01870
  -0.03528
   0.04396
  -0.04281
   0.03209
  -0.01418
  -0.00690
   0.02643
  -0.04006
   0.04472
  -0.03937
   0.02522
  -0.00542
  -0.01558
   0.03311
  -0.04322
   0.04367
  -0.03434
   0.01733
   0.00355
  -0.02364
   0.03844
  -0.04464
   0.04086
  -0.02793
   0.00875
   0.01238
  -0.03075
   0.04223
  -0.04427
   0.03640
  -0.02039
  -0.00018
   0.02072
  -0.03661
   0.04432
  -0.04211
   0.03048
  -0.01203
  -0.00911
   0.02821
  -0.04100
   0.04462
  -0.03826
   0.02333
  -0.00319
  -0.01767
   0.03457
  -0.04374
   0.04313
  -0.03286
   0.01524
   0.00579
  -0.02552
   0.03954
  -0.04472
   0.03989
  -0.02614
   0.00654
   0.01453
  -0.03234
   0.04292
  -0.04389
   0.03505
  -0.01836
  -0.00243
   0.02268
  -0.03786
   0.04456
  -0.04130
   0.02880
  -0.00985
  -0.01130
   0.02992
  -0.04185
   0.04441
  -0.03704
   0.02138
  -0.00094
  -0.01971
   0.03596
  -0.04416
   0.04248
  -0.03129
   0.01311
   0.00801
  -0.02733
   0.04054
  -0.04468
   0.03883
  -0.02428
   0.00431
   0.01663
  -0.03385
   0.04350
  -0.04341
   0.03361
  -0.01629
  -0.00467
   0.02459
  -0.03901
   0.04470
  -0.04039
   0.02704
  -0.00765
  -0.01346
   0.03155
  -0.04259
   0.04410
  -0.03574
   0.01938
   0.00131
  -0.02170
   0.03725
  -0.04446
   0.04172
  -0.02965
   0.01094
   0.01021
  -0.02908
   0.04144
  -0.04453
   0.03766
  -0.02236
   0.00206
   0.01870
  -0.03528
   0.04396
  -0.04281
   0.03209
  -0.01418
  -0.00690
   0.02643
  -0.04006
   0.04472
  -0.03937
   0.02522
  -0.00542
  -0.01558
   0.03311
  -0.04322
   0.04367
  -0.03434
   0.01733
   0.00355
  -0.02364
   0.03844
  -0.04464
   0.04086
  -0.02793
   0.00875
   0.01238
  -0.03075
   0.04223
  -0.04427
   0.03640
  -0.02039
  -0.00018
   0.02072
  -0.03661
   0.04432
  -0.04211
   0.03048
  -0.01203
  -0.00911
   0.02821
  -0.04100
   0.04462
  -0.03826
   0.02333
  -0.00319
  -0.01767
   0.03457
  -0.04374
   0.04313
  -0.03286
   0.01524
   0.00579
  -0.02552
   0.03954
  -0.04472
   0.03989
  -0.02614
   0.00654
   0.01453
  -0.03234
   0.04292
  -0.04389
   0.03505
  -0.01836
  -0.00243
   0.02268
  -0.03786
   0.04456
  -0.04130
   0.02880
  -0.00985
  -0.01130
   0.02992
  -0.04185
   0.04441
  -0.03704
   0.02138
  -0.00094
  -0.01971
   0.03596
  -0.04416
   0.04248
  -0.03129
   0.01311
   0.00801
  -0.02733
   0.04054
  -0.04468
   0.03883
  -0.02428
   0.00431
   0.01663
  -0.03385
   0.04350
  -0.04341
   0.03361
  -0.01629
  -0.00467
   0.02459
  -0.03901
   0.04470
  -0.04039
   0.02704
  -0.00765
  -0.01346
   0.03155
  -0.04259
   0.04410
  -0.03574
   0.01938
   0.00131
  -0.02170
   0.03725
  -0.04446
   0.04172
  -0.02965
   0.01094
   0.01021
  -0.02908
   0.04144
  -0.04453
   0.03766
  -0.02236
   0.00206
   0.01870
  -0.03528
   0.04396
  -0.04281
   0.03209
  -0.01418
  -0.00690
   0.02643
  -0.04006
   0.04472
  -0.03937
   0.02522
  -0.00542
  -0.01558
   0.03311
  -0.04322
   0.04367
  -0.03434
   0.01733
   0.00355
  -0.02364
   0.03844
  -0.04464
   0.04086
  -0.02793
   0.00875
   0.01238
  -0.03075
   0.04223
  -0.04427
   0.03640
  -0.02039
  -0.00018
   0.02072
  -0.03661
   0.04432
  -0.04211
   0.03048
  -0.01203
  -0.00911
   0.02821
  -0.04100
   0.04462
  -0.03826
   0.02333
  -0.00319
  -0.01767
   0.03457
  -0.04374
   0.04313
  -0.03286
   0.01524
   0.00579
  -0.02552
   0.03954
  -0.04472
   0.03989
  -0.02614
   0.00654
   0.01453
  -0.03234
   0.04292
  -0.04389
   0.03505
  -0.01836
  -0.00243
   0.02268
  -0.03786
   0.04456
  -0.04130
   0.02880
  -0.00985
  -0.01130
   0.02992
  -0.04185
   0.04441
  -0.03704
   0.02138
  -0.00094
  -0.01971
   0.03596
  -0.04416
   0.04248
  -0.03129
   0.01311
   0.00801
  -0.02733
   0.04054
  -0.04468
   0.03883
  -0.02428
   0.00431
   0.01663
  -0.03385
   0.04350
  -0.04341
   0.03361
  -0.01629
  -0.00467
   0.02459
  -0.03901
   0.04470
  -0.04039
   0.02704
  -0.00765
  -0.01346
   0.03155
  -0.04259
   0.04410
  -0.03574
   0.01938
   0.00131
  -0.02170
   0.03725
  -0.04446
   0.04172
  -0.02965
   0.01094
   0.01021
  -0.02908
   0.04144
  -0.04453
   0.03766
  -0.02236
   0.00206
   0.01870
  -0.03528
   0.04396
  -0.04281
   0.03209
  -0.01418
  -0.00690
   0.02643
  -0.04006
   0.04472
  -0.03937
   0.02522
  -0.00542
  -0.01558
   0.03311
  -0.04322
   0.04367
  -0.03434
   0.01733
   0.00355
  -0.02364
   0.03844
  -0.04464
   0.04086
  -0.02793
   0.00875
   0.01238
  -0.03075
   0.04223
  -0.04427
   0.03640
  -0.02039
  -0.00018
   0.02072
  -0.03661
   0.04432
  -0.04211
   0.03048
  -0.01203
  -0.00911
   0.02821
  -0.04100
   0.04462
  -0.03826
   0.02333
  -0.00319
  -0.01767
   0.03457
  -0.04374
   0.04313
  -0.03286
   0.01524
   0.00579
  -0.02552
   0.03954
  -0.04472
   0.03989
  -0.02614
   0.00654
   0.01453
  -0.03234
   0.04292
  -0.04389
   0.03505
  -0.01836
  -0.00243
   0.02268
  -0.03786
   0.04456
  -0.04130
   0.02880
  -0.00985
  -0.01130
   0.02992
  -0.04185
   0.04441
  -0.03704
   0.02138
  -0.00094
  -0.01971
   0.03596
  -0.04416
   0.04248
  -0.03129
   0.01311
   0.00801
  -0.02733
   0.04054
  -0.04468
   0.03883
  -0.02428
   0.00431
   0.01663
  -0.03385
   0.04350
  -0.04341
   0.03361
  -0.01629
  -0.00467
   0.02459
  -0.03901
   0.04470
  -0.04039
   0.02704
  -0.00765
  -0.01346
   0.03155
  -0.04259
   0.04410
  -0.03574
   0.01938
   0.00131
  -0.02170
   0.03725
  -0.04446
   0.04172
  -0.02965
   0.01094
   0.01021
  -0.02908
   0.04144
  -0.04453
   0.03766
  -0.02236
   0.00206
   0.01870
  -0.03528
   0.04396
  -0.04281
   0.03209
  -0.01418
  -0.00690
   0.02643
  -0.04006
   0.04472
  -0.03937
   0.02522
  -0.00542
  -0.01558
   0.03311
  -0.04322
   0.04367
  -0.03434
   0.01733
   0.00355
  -0.02364
   0.03844
  -0.04464
   0.04086
  -0.02793
   0.00875
   0.01238
  -0.03075
   0.04223
  -0.04427
   0.03640
  -0.02039
  -0.00018
   0.02072
  -0.03661
   0.04432
  -0.04211
   0.03048
  -0.01203
  -0.00911
   0.02821
  -0.04100
   0.04462
  -0.03826
   0.02333
  -0.00319
  -0.01767
   0.03457
  -0.04374
   0.04313
  -0.03286
   0.01524
   0.00579
  -0.02552
   0.03954
  -0.04472
   0.03989
  -0.02614
   0.00654
   0.01453
  -0.03234
   0.04292
  -0.04389
   0.03505
  -0.01836
  -0.00243
   0.02268
  -0.03786
   0.04456
  -0.04130
   0.02880
  -0.00985
  -0.01130
   0.02992
  -0.04185
   0.04441
  -0.03704
   0.02138
  -0.00094
  -0.01971
   0.03596
  -0.04416
   0.04248
  -0.03129
   0.01311
   0.00801
  -0.02733
   0.04054
  -0.04468
   0.03883
  -0.02428
   0.00431
   0.01663
  -0.03385
   0.04350
  -0.04341
   0.03361
  -0.01629
  -0.00467
   0.02459
  -0.03901
   0.04470
  -0.04039
   0.02704
  -0.00765
  -0.01346
   0.03155
  -0.04259
   0.04410
  -0.03574
   0.01938
   0.00131
  -0.02170
   0.03725
  -0.04446
   0.04172
  -0.02965
   0.01094
   0.01021
  -0.02908
   0.04144
  -0.04453
   0.03766
  -0.02236
   0.00206
   0.01870
  -0.03528
   0.04396
  -0.04281
   0.03209
  -0.01418
  -0.00690
   0.02643
  -0.04006
   0.04472
  -0.03937
   0.02522
  -0.00542
