  -0.02536
   0.01648
   0.04371
   0.03220
  -0.00784
  -0.04094
  -0.03775
  -0.00111
   0.03652
   0.04178
   0.01002
  -0.03062
  -0.04412
  -0.01852
   0.02350
   0.04469
   0.02628
  -0.01543
  -0.04346
  -0.03297
   0.00673
   0.04047
   0.03834
   0.00223
  -0.03586
  -0.04217
  -0.01111
   0.02980
   0.04429
   0.01954
  -0.02253
  -0.04463
  -0.02718
   0.01437
   0.04318
   0.03372
  -0.00562
  -0.03998
  -0.03891
  -0.00335
   0.03517
   0.04253
   0.01219
  -0.02895
  -0.04443
  -0.02054
   0.02156
   0.04455
   0.02806
  -0.01330
  -0.04287
  -0.03445
   0.00450
   0.03946
   0.03945
   0.00447
  -0.03447
  -0.04286
  -0.01327
   0.02808
   0.04455
   0.02153
  -0.02057
  -0.04444
  -0.02893
   0.01222
   0.04254
   0.03516
  -0.00338
  -0.03892
  -0.03997
  -0.00559
   0.03374
   0.04317
   0.01434
  -0.02720
  -0.04463
  -0.02251
   0.01956
   0.04430
   0.02977
  -0.01114
  -0.04218
  -0.03584
   0.00226
   0.03836
   0.04046
   0.00670
  -0.03299
  -0.04345
  -0.01540
   0.02630
   0.04469
   0.02347
  -0.01854
  -0.04413
  -0.03060
   0.01004
   0.04179
   0.03650
  -0.00114
  -0.03777
  -0.04093
  -0.00781
   0.03222
   0.04370
   0.01645
  -0.02538
  -0.04472
  -0.02442
   0.01752
   0.04393
   0.03141
  -0.00895
  -0.04138
  -0.03714
   0.00001
   0.03715
   0.04137
   0.00892
  -0.03143
  -0.04393
  -0.01749
   0.02445
   0.04472
   0.02536
  -0.01648
  -0.04371
  -0.03220
   0.00784
   0.04094
   0.03775
   0.00111
  -0.03652
  -0.04178
  -0.01002
   0.03062
   0.04412
   0.01852
  -0.02350
  -0.04469
  -0.02628
   0.01543
   0.04346
   0.03297
  -0.00673
  -0.04047
  -0.03834
  -0.00223
   0.03586
   0.04217
   0.01111
  -0.02980
  -0.04429
  -0.01954
   0.02253
   0.04463
   0.02718
  -0.01437
  -0.04318
  -0.03372
   0.00562
   0.03998
   0.03891
   0.00335
  -0.03517
  -0.04253
  -0.01219
   0.02895
   0.04443
   0.02054
  -0.02156
  -0.04455
  -0.02806
   0.01330
   0.04287
   0.03445
  -0.00450
  -0.03946
  -0.03945
  -0.00447
   0.03447
   0.04286
   0.01327
  -0.02808
  -0.04455
  -0.02153
   0.02057
   0.04444
   0.02893
  -0.01222
  -0.04254
  -0.03516
   0.00338
   0.03892
   0.03997
   0.00559
  -0.03374
  -0.04317
  -0.01434
   0.02720
   0.04463
   0.02251
  -0.01956
  -0.04430
  -0.02977
   0.01114
   0.04218
   0.03584
  -0.00226
  -0.03836
  -0.04046
  -0.00670
   0.03299
   0.04345
   0.01540
  -0.02630
  -0.04469
  -0.02347
   0.01854
   0.04413
   0.03060
  -0.01004
  -0.04179
  -0.03650
   0.00114
   0.03777
   0.04093
   0.00781
  -0.03222
  -0.04370
  -0.01645
   0.02538
   0.04472
   0.02442
  -0.01752
  -0.04393
  -0.03141
   0.00895
   0.04138
   0.03714
  -0.00001
  -0.03715
  -0.04137
  -0.00892
   0.03143
   0.04393
   0.01749
  -0.02445
  -0.04472
  -0.02536
   0.01648
   0.04371
   0.03220
  -0.00784
  -0.04094
  -0.03775
  -0.00111
   0.03652
   0.04178
   0.01002
  -0.03062
  -0.04412
  -0.01852
   0.02350
   0.04469
   0.02628
  -0.01543
  -0.04346
  -0.03297
   0.00673
   0.04047
   0.03834
   0.00223
  -0.03586
  -0.04217
  -0.01111
   0.02980
   0.04429
   0.01954
  -0.02253
  -0.04463
  -0.02718
   0.01437
   0.04318
   0.03372
  -0.00562
  -0.03998
  -0.03891
  -0.00335
   0.03517
   0.04253
   0.01219
  -0.02895
  -0.04443
  -0.02054
   0.02156
   0.04455
   0.02806
  -0.01330
  -0.04287
  -0.03445
   0.00450
   0.03946
   0.03945
   0.00447
  -0.03447
  -0.04286
  -0.01327
   0.02808
   0.04455
   0.02153
  -0.02057
  -0.04444
  -0.02893
   0.01222
   0.04254
   0.03516
  -0.00338
  -0.03892
  -0.03997
  -0.00559
   0.03374
   0.04317
   0.01434
  -0.02720
  -0.04463
  -0.02251
   0.01956
   0.04430
   0.02977
  -0.01114
  -0.04218
  -0.03584
   0.00226
   0.03836
   0.04046
   0.00670
  -0.03299
  -0.04345
  -0.01540
   0.02630
   0.04469
   0.02347
  -0.01854
  -0.04413
  -0.03060
   0.01004
   0.04179
   0.03650
  -0.00114
  -0.03777
  -0.04093
  -0.00781
   0.03222
   0.04370
   0.01645
  -0.02538
  -0.04472
  -0.02442
   0.01752
   0.04393
   0.03141
  -0.00895
  -0.04138
  -0.03714
   0.00001
   0.03715
   0.04137
   0.00892
  -0.03143
  -0.04393
  -0.01749
   0.02445
   0.04472
   0.02536
  -0.01648
  -0.04371
  -0.03220
   0.00784
   0.04094
   0.03775
   0.00111
  -0.03652
  -0.04178
  -0.01002
   0.03062
   0.04412
   0.01852
  -0.02350
  -0.04469
  -0.02628
   0.01543
   0.04346
   0.03297
  -0.00673
  -0.04047
  -0.03834
  -0.00223
   0.03586
   0.04217
   0.01111
  -0.02980
  -0.04429
  -0.01954
   0.02253
   0.04463
   0.02718
  -0.01437
  -0.04318
  -0.03372
   0.00562
   0.03998
   0.03891
   0.00335
  -0.03517
  -0.04253
  -0.01219
   0.02895
   0.04443
   0.02054
  -0.02156
  -0.04455
  -0.02806
   0.01330
   0.04287
   0.03445
  -0.00450
  -0.03946
  -0.03945
  -0.00447
   0.03447
   0.04286
   0.01327
  -0.02808
  -0.04455
  -0.02153
   0.02057
   0.04444
   0.02893
  -0.01222
  -0.04254
  -0.03516
   0.00338
   0.03892
   0.03997
   0.00559
  -0.03374
  -0.04317
  -0.01434
   0.02720
   0.04463
   0.02251
  -0.01956
  -0.04430
  -0.02977
   0.01114
   0.04218
   0.03584
  -0.00226
  -0.03836
  -0.04046
  -0.00670
   0.03299
   0.04345
   0.01540
  -0.02630
  -0.04469
  -0.02347
   0.01854
   0.04413
   0.03060
  -0.01004
  -0.04179
  -0.03650
   0.00114
   0.03777
   0.04093
   0.00781
  -0.03222
  -0.04370
  -0.01645
   0.02538
   0.04472
   0.02442
  -0.01752
  -0.04393
  -0.03141
   0.00895
   0.04138
   0.03714
  -0.00001
  -0.03715
  -0.04137
  -0.00892
   0.03143
   0.04393
   0.01749
  -0.02445
  -0.04472
  -0.02536
   0.01648
   0.04371
   0.03220
  -0.00784
  -0.04094
  -0.03775
  -0.00111
   0.03652
   0.04178
   0.01002
  -0.03062
  -0.04412
  -0.01852
   0.02350
   0.04469
   0.02628
  -0.01543
  -0.04346
  -0.03297
   0.00673
   0.04047
   0.03834
   0.00223
  -0.03586
  -0.04217
  -0.01111
   0.02980
   0.04429
   0.01954
  -0.02253
  -0.04463
  -0.02718
   0.01437
   0.04318
   0.03372
  -0.00562
  -0.03998
  -0.03891
  -0.00335
   0.03517
   0.04253
   0.01219
  -0.02895
  -0.04443
  -0.02054
   0.02156
   0.04455
   0.02806
  -0.01330
  -0.04287
  -0.03445
   0.00450
   0.03946
   0.03945
   0.00447
  -0.03447
  -0.04286
  -0.01327
   0.02808
   0.04455
   0.02153
  -0.02057
  -0.04444
  -0.02893
   0.01222
   0.04254
   0.03516
  -0.00338
  -0.03892
  -0.03997
  -0.00559
   0.03374
   0.04317
   0.01434
  -0.02720
  -0.04463
  -0.02251
   0.01956
   0.04430
   0.02977
  -0.01114
  -0.04218
  -0.03584
   0.00226
   0.03836
   0.04046
   0.00670
  -0.03299
  -0.04345
  -0.01540
   0.02630
   0.04469
   0.02347
  -0.01854
  -0.04413
  -0.03060
   0.01004
   0.04179
   0.03650
  -0.00114
  -0.03777
  -0.04093
  -0.00781
   0.03222
   0.04370
   0.01645
  -0.02538
  -0.04472
  -0.02442
   0.01752
   0.04393
   0.03141
  -0.00895
  -0.04138
  -0.03714
   0.00001
   0.03715
   0.04137
   0.00892
  -0.03143
  -0.04393
  -0.01749
   0.02445
   0.04472
   0.02536
  -0.01648
  -0.04371
  -0.03220
   0.00784
   0.04094
   0.03775
   0.00111
  -0.03652
  -0.04178
  -0.01002
   0.03062
   0.04412
   0.01852
  -0.02350
  -0.04469
  -0.02628
   0.01543
   0.04346
   0.03297
  -0.00673
  -0.04047
  -0.03834
  -0.00223
   0.03586
   0.04217
   0.01111
  -0.02980
  -0.04429
  -0.01954
   0.02253
   0.04463
   0.02718
  -0.01437
  -0.04318
  -0.03372
   0.00562
   0.03998
   0.03891
   0.00335
  -0.03517
  -0.04253
  -0.01219
   0.02895
   0.04443
   0.02054
  -0.02156
  -0.04455
  -0.02806
   0.01330
   0.04287
   0.03445
  -0.00450
  -0.03946
  -0.03945
  -0.00447
   0.03447
   0.04286
   0.01327
  -0.02808
  -0.04455
  -0.02153
   0.02057
   0.04444
   0.02893
  -0.01222
  -0.04254
  -0.03516
   0.00338
   0.03892
   0.03997
   0.00559
  -0.03374
  -0.04317
  -0.01434
   0.02720
   0.04463
   0.02251
  -0.01956
  -0.04430
  -0.02977
   0.01114
   0.04218
   0.03584
  -0.00226
  -0.03836
  -0.04046
  -0.00670
   0.03299
   0.04345
   0.01540
  -0.02630
  -0.04469
  -0.02347
   0.01854
   0.04413
   0.03060
  -0.01004
  -0.04179
  -0.03650
   0.00114
   0.03777
   0.04093
   0.00781
  -0.03222
  -0.04370
  -0.01645
   0.02538
   0.04472
   0.02442
  -0.01752
  -0.04393
  -0.03141
   0.00895
   0.04138
   0.03714
  -0.00001
  -0.03715
  -0.04137
  -0.00892
   0.03143
   0.04393
   0.01749
  -0.02445
  -0.04472
  -0.02536
   0.01648
   0.04371
   0.03220
  -0.00784
  -0.04094
  -0.03775
  -0.00111
   0.03652
   0.04178
   0.01002
  -0.03062
  -0.04412
  -0.01852
   0.02350
   0.04469
   0.02628
  -0.01543
  -0.04346
  -0.03297
   0.00673
   0.04047
   0.03834
   0.00223
  -0.03586
  -0.04217
  -0.01111
   0.02980
   0.04429
   0.01954
  -0.02253
  -0.04463
  -0.02718
   0.01437
   0.04318
   0.03372
  -0.00562
  -0.03998
  -0.03891
  -0.00335
   0.03517
   0.04253
   0.01219
  -0.02895
  -0.04443
  -0.02054
   0.02156
   0.04455
   0.02806
  -0.01330
  -0.04287
  -0.03445
   0.00450
   0.03946
   0.03945
   0.00447
  -0.03447
  -0.04286
  -0.01327
   0.02808
   0.04455
   0.02153
  -0.02057
  -0.04444
  -0.02893
   0.01222
   0.04254
   0.03516
  -0.00338
  -0.03892
  -0.03997
  -0.00559
   0.03374
   0.04317
   0.01434
  -0.02720
  -0.04463
  -0.02251
   0.01956
   0.04430
   0.02977
  -0.01114
  -0.04218
  -0.03584
   0.00226
   0.03836
   0.04046
   0.00670
  -0.03299
  -0.04345
  -0.01540
   0.02630
   0.04469
   0.02347
  -0.01854
  -0.04413
  -0.03060
   0.01004
   0.04179
   0.03650
  -0.00114
  -0.03777
  -0.04093
  -0.00781
   0.03222
   0.04370
   0.01645
  -0.02538
  -0.04472
  -0.02442
   0.01752
   0.04393
   0.03141
  -0.00895
  -0.04138
  -0.03714
   0.00001
   0.03715
   0.04137
   0.00892
  -0.03143
  -0.04393
  -0.01749
   0.02445
   0.04472
   0.02536
  -0.01648
  -0.04371
  -0.03220
   0.00784
   0.04094
   0.03775
   0.00111
  -0.03652
  -0.04178
  -0.01002
   0.03062
   0.04412
   0.01852
  -0.02350
  -0.04469
  -0.02628
   0.01543
   0.04346
   0.03297
  -0.00673
  -0.04047
  -0.03834
  -0.00223
   0.03586
   0.04217
   0.01111
  -0.02980
  -0.04429
  -0.01954
   0.02253
   0.04463
   0.02718
  -0.01437
  -0.04318
  -0.03372
   0.00562
   0.03998
   0.03891
   0.00335
  -0.03517
  -0.04253
  -0.01219
   0.02895
   0.04443
   0.02054
  -0.02156
  -0.04455
  -0.02806
   0.01330
   0.04287
   0.03445
  -0.00450
  -0.03946
  -0.03945
  -0.00447
   0.03447
   0.04286
   0.01327
  -0.02808
  -0.04455
  -0.02153
   0.02057
   0.04444
   0.02893
  -0.01222
  -0.04254
  -0.03516
   0.00338
   0.03892
   0.03997
   0.00559
  -0.03374
  -0.04317
  -0.01434
   0.02720
   0.04463
   0.02251
  -0.01956
  -0.04430
  -0.02977
   0.01114
   0.04218
   0.03584
  -0.00226
  -0.03836
  -0.04046
  -0.00670
   0.03299
   0.04345
   0.01540
  -0.02630
  -0.04469
  -0.02347
   0.01854
   0.04413
   0.03060
  -0.01004
  -0.04179
  -0.03650
   0.00114
   0.03777
   0.04093
   0.00781
  -0.03222
  -0.04370
  -0.01645
   0.02538
   0.04472
   0.02442
  -0.01752
  -0.04393
  -0.03141
   0.00895
   0.04138
   0.03714
  -0.00001
  -0.03715
  -0.04137
  -0.00892
   0.03143
   0.04393
   0.01749
  -0.02445
  -0.04472
