   0.04397
  -0.04186
   0.03846
  -0.03387
   0.02823
  -0.02173
   0.01455
  -0.00693
  -0.00091
   0.00873
  -0.01627
   0.02331
  -0.02963
   0.03503
  -0.03936
   0.04247
  -0.04427
   0.04470
  -0.04375
   0.04145
  -0.03787
   0.03312
  -0.02735
   0.02074
  -0.01348
   0.00581
   0.00204
  -0.00982
   0.01731
  -0.02426
   0.03046
  -0.03572
   0.03988
  -0.04281
   0.04441
  -0.04465
   0.04350
  -0.04102
   0.03726
  -0.03236
   0.02646
  -0.01974
   0.01241
  -0.00470
  -0.00316
   0.01092
  -0.01834
   0.02520
  -0.03127
   0.03639
  -0.04038
   0.04312
  -0.04453
   0.04457
  -0.04323
   0.04055
  -0.03663
   0.03157
  -0.02554
   0.01872
  -0.01133
   0.00358
   0.00428
  -0.01200
   0.01936
  -0.02612
   0.03207
  -0.03703
   0.04085
  -0.04340
   0.04462
  -0.04446
   0.04293
  -0.04007
   0.03597
  -0.03077
   0.02461
  -0.01770
   0.01023
  -0.00246
  -0.00540
   0.01308
  -0.02037
   0.02702
  -0.03284
   0.03765
  -0.04129
   0.04366
  -0.04468
   0.04432
  -0.04260
   0.03956
  -0.03529
   0.02994
  -0.02367
   0.01666
  -0.00914
   0.00133
   0.00651
  -0.01415
   0.02136
  -0.02791
   0.03359
  -0.03824
   0.04171
  -0.04389
   0.04471
  -0.04416
   0.04224
  -0.03902
   0.03459
  -0.02910
   0.02270
  -0.01561
   0.00803
  -0.00021
  -0.00762
   0.01522
  -0.02234
   0.02878
  -0.03432
   0.03881
  -0.04210
   0.04409
  -0.04472
   0.04397
  -0.04186
   0.03846
  -0.03387
   0.02823
  -0.02173
   0.01455
  -0.00693
  -0.00091
   0.00873
  -0.01627
   0.02331
  -0.02963
   0.03503
  -0.03936
   0.04247
  -0.04427
   0.04470
  -0.04375
   0.04145
  -0.03787
   0.03312
  -0.02735
   0.02074
  -0.01348
   0.00581
   0.00204
  -0.00982
   0.01731
  -0.02426
   0.03046
  -0.03572
   0.03988
  -0.04281
   0.04441
  -0.04465
   0.04350
  -0.04102
   0.03726
  -0.03236
   0.02646
  -0.01974
   0.01241
  -0.00470
  -0.00316
   0.01092
  -0.01834
   0.02520
  -0.03127
   0.03639
  -0.04038
   0.04312
  -0.04453
   0.04457
  -0.04323
   0.04055
  -0.03663
   0.03157
  -0.02554
   0.01872
  -0.01133
   0.00358
   0.00428
  -0.01200
   0.01936
  -0.02612
   0.03207
  -0.03703
   0.04085
  -0.04340
   0.04462
  -0.04446
   0.04293
  -0.04007
   0.03597
  -0.03077
   0.02461
  -0.01770
   0.01023
  -0.00246
  -0.00540
   0.01308
  -0.02037
   0.02702
  -0.03284
   0.03765
  -0.04129
   0.04366
  -0.04468
   0.04432
  -0.04260
   0.03956
  -0.03529
   0.02994
  -0.02367
   0.01666
  -0.00914
   0.00133
   0.00651
  -0.01415
   0.02136
  -0.02791
   0.03359
  -0.03824
   0.04171
  -0.04389
   0.04471
  -0.04416
   0.04224
  -0.03902
   0.03459
  -0.02910
   0.02270
  -0.01561
   0.00803
  -0.00021
  -0.00762
   0.01522
  -0.02234
   0.02878
  -0.03432
   0.03881
  -0.04210
   0.04409
  -0.04472
   0.04397
  -0.04186
   0.03846
  -0.03387
   0.02823
  -0.02173
   0.01455
  -0.00693
  -0.00091
   0.00873
  -0.01627
   0.02331
  -0.02963
   0.03503
  -0.03936
   0.04247
  -0.04427
   0.04470
  -0.04375
   0.04145
  -0.03787
   0.03312
  -0.02735
   0.02074
  -0.01348
   0.00581
   0.00204
  -0.00982
   0.01731
  -0.02426
   0.03046
  -0.03572
   0.03988
  -0.04281
   0.04441
  -0.04465
   0.04350
  -0.04102
   0.03726
  -0.03236
   0.02646
  -0.01974
   0.01241
  -0.00470
  -0.00316
   0.01092
  -0.01834
   0.02520
  -0.03127
   0.03639
  -0.04038
   0.04312
  -0.04453
   0.04457
  -0.04323
   0.04055
  -0.03663
   0.03157
  -0.02554
   0.01872
  -0.01133
   0.00358
   0.00428
  -0.01200
   0.01936
  -0.02612
   0.03207
  -0.03703
   0.04085
  -0.04340
   0.04462
  -0.04446
   0.04293
  -0.04007
   0.03597
  -0.03077
   0.02461
  -0.01770
   0.01023
  -0.00246
  -0.00540
   0.01308
  -0.02037
   0.02702
  -0.03284
   0.03765
  -0.04129
   0.04366
  -0.04468
   0.04432
  -0.04260
   0.03956
  -0.03529
   0.02994
  -0.02367
   0.01666
  -0.00914
   0.00133
   0.00651
  -0.01415
   0.02136
  -0.02791
   0.03359
  -0.03824
   0.04171
  -0.04389
   0.04471
  -0.04416
   0.04224
  -0.03902
   0.03459
  -0.02910
   0.02270
  -0.01561
   0.00803
  -0.00021
  -0.00762
   0.01522
  -0.02234
   0.02878
  -0.03432
   0.03881
  -0.04210
   0.04409
  -0.04472
   0.04397
  -0.04186
   0.03846
  -0.03387
   0.02823
  -0.02173
   0.01455
  -0.00693
  -0.00091
   0.00873
  -0.01627
   0.02331
  -0.02963
   0.03503
  -0.03936
   0.04247
  -0.04427
   0.04470
  -0.04375
   0.04145
  -0.03787
   0.03312
  -0.02735
   0.02074
  -0.01348
   0.00581
   0.00204
  -0.00982
   0.01731
  -0.02426
   0.03046
  -0.03572
   0.03988
  -0.04281
   0.04441
  -0.04465
   0.04350
  -0.04102
   0.03726
  -0.03236
   0.02646
  -0.01974
   0.01241
  -0.00470
  -0.00316
   0.01092
  -0.01834
   0.02520
  -0.03127
   0.03639
  -0.04038
   0.04312
  -0.04453
   0.04457
  -0.04323
   0.04055
  -0.03663
   0.03157
  -0.02554
   0.01872
  -0.01133
   0.00358
   0.00428
  -0.01200
   0.01936
  -0.02612
   0.03207
  -0.03703
   0.04085
  -0.04340
   0.04462
  -0.04446
   0.04293
  -0.04007
   0.03597
  -0.03077
   0.02461
  -0.01770
   0.01023
  -0.00246
  -0.00540
   0.01308
  -0.02037
   0.02702
  -0.03284
   0.03765
  -0.04129
   0.04366
  -0.04468
   0.04432
  -0.04260
   0.03956
  -0.03529
   0.02994
  -0.02367
   0.01666
  -0.00914
   0.00133
   0.00651
  -0.01415
   0.02136
  -0.02791
   0.03359
  -0.03824
   0.04171
  -0.04389
   0.04471
  -0.04416
   0.04224
  -0.03902
   0.03459
  -0.02910
   0.02270
  -0.01561
   0.00803
  -0.00021
  -0.00762
   0.01522
  -0.02234
   0.02878
  -0.03432
   0.03881
  -0.04210
   0.04409
  -0.04472
   0.04397
  -0.04186
   0.03846
  -0.03387
   0.02823
  -0.02173
   0.01455
  -0.00693
  -0.00091
   0.00873
  -0.01627
   0.02331
  -0.02963
   0.03503
  -0.03936
   0.04247
  -0.04427
   0.04470
  -0.04375
   0.04145
  -0.03787
   0.03312
  -0.02735
   0.02074
  -0.01348
   0.00581
   0.00204
  -0.00982
   0.01731
  -0.02426
   0.03046
  -0.03572
   0.03988
  -0.04281
   0.04441
  -0.04465
   0.04350
  -0.04102
   0.03726
  -0.03236
   0.02646
  -0.01974
   0.01241
  -0.00470
  -0.00316
   0.01092
  -0.01834
   0.02520
  -0.03127
   0.03639
  -0.04038
   0.04312
  -0.04453
   0.04457
  -0.04323
   0.04055
  -0.03663
   0.03157
  -0.02554
   0.01872
  -0.01133
   0.00358
   0.00428
  -0.01200
   0.01936
  -0.02612
   0.03207
  -0.03703
   0.04085
  -0.04340
   0.04462
  -0.04446
   0.04293
  -0.04007
   0.03597
  -0.03077
   0.02461
  -0.01770
   0.01023
  -0.00246
  -0.00540
   0.01308
  -0.02037
   0.02702
  -0.03284
   0.03765
  -0.04129
   0.04366
  -0.04468
   0.04432
  -0.04260
   0.03956
  -0.03529
   0.02994
  -0.02367
   0.01666
  -0.00914
   0.00133
   0.00651
  -0.01415
   0.02136
  -0.02791
   0.03359
  -0.03824
   0.04171
  -0.04389
   0.04471
  -0.04416
   0.04224
  -0.03902
   0.03459
  -0.02910
   0.02270
  -0.01561
   0.00803
  -0.00021
  -0.00762
   0.01522
  -0.02234
   0.02878
  -0.03432
   0.03881
  -0.04210
   0.04409
  -0.04472
   0.04397
  -0.04186
   0.03846
  -0.03387
   0.02823
  -0.02173
   0.01455
  -0.00693
  -0.00091
   0.00873
  -0.01627
   0.02331
  -0.02963
   0.03503
  -0.03936
   0.04247
  -0.04427
   0.04470
  -0.04375
   0.04145
  -0.03787
   0.03312
  -0.02735
   0.02074
  -0.01348
   0.00581
   0.00204
  -0.00982
   0.01731
  -0.02426
   0.03046
  -0.03572
   0.03988
  -0.04281
   0.04441
  -0.04465
   0.04350
  -0.04102
   0.03726
  -0.03236
   0.02646
  -0.01974
   0.01241
  -0.00470
  -0.00316
   0.01092
  -0.01834
   0.02520
  -0.03127
   0.03639
  -0.04038
   0.04312
  -0.04453
   0.04457
  -0.04323
   0.04055
  -0.03663
   0.03157
  -0.02554
   0.01872
  -0.01133
   0.00358
   0.00428
  -0.01200
   0.01936
  -0.02612
   0.03207
  -0.03703
   0.04085
  -0.04340
   0.04462
  -0.04446
   0.04293
  -0.04007
   0.03597
  -0.03077
   0.02461
  -0.01770
   0.01023
  -0.00246
  -0.00540
   0.01308
  -0.02037
   0.02702
  -0.03284
   0.03765
  -0.04129
   0.04366
  -0.04468
   0.04432
  -0.04260
   0.03956
  -0.03529
   0.02994
  -0.02367
   0.01666
  -0.00914
   0.00133
   0.00651
  -0.01415
   0.02136
  -0.02791
   0.03359
  -0.03824
   0.04171
  -0.04389
   0.04471
  -0.04416
   0.04224
  -0.03902
   0.03459
  -0.02910
   0.02270
  -0.01561
   0.00803
  -0.00021
  -0.00762
   0.01522
  -0.02234
   0.02878
  -0.03432
   0.03881
  -0.04210
   0.04409
  -0.04472
   0.04397
  -0.04186
   0.03846
  -0.03387
   0.02823
  -0.02173
   0.01455
  -0.00693
  -0.00091
   0.00873
  -0.01627
   0.02331
  -0.02963
   0.03503
  -0.03936
   0.04247
  -0.04427
   0.04470
  -0.04375
   0.04145
  -0.03787
   0.03312
  -0.02735
   0.02074
  -0.01348
   0.00581
   0.00204
  -0.00982
   0.01731
  -0.02426
   0.03046
  -0.03572
   0.03988
  -0.04281
   0.04441
  -0.04465
   0.04350
  -0.04102
   0.03726
  -0.03236
   0.02646
  -0.01974
   0.01241
  -0.00470
  -0.00316
   0.01092
  -0.01834
   0.02520
  -0.03127
   0.03639
  -0.04038
   0.04312
  -0.04453
   0.04457
  -0.04323
   0.04055
  -0.03663
   0.03157
  -0.02554
   0.01872
  -0.01133
   0.00358
   0.00428
  -0.01200
   0.01936
  -0.02612
   0.03207
  -0.03703
   0.04085
  -0.04340
   0.04462
  -0.04446
   0.04293
  -0.04007
   0.03597
  -0.03077
   0.02461
  -0.01770
   0.01023
  -0.00246
  -0.00540
   0.01308
  -0.02037
   0.02702
  -0.03284
   0.03765
  -0.04129
   0.04366
  -0.04468
   0.04432
  -0.04260
   0.03956
  -0.03529
   0.02994
  -0.02367
   0.01666
  -0.00914
   0.00133
   0.00651
  -0.01415
   0.02136
  -0.02791
   0.03359
  -0.03824
   0.04171
  -0.04389
   0.04471
  -0.04416
   0.04224
  -0.03902
   0.03459
  -0.02910
   0.02270
  -0.01561
   0.00803
  -0.00021
  -0.00762
   0.01522
  -0.02234
   0.02878
  -0.03432
   0.03881
  -0.04210
   0.04409
  -0.04472
   0.04397
  -0.04186
   0.03846
  -0.03387
   0.02823
  -0.02173
   0.01455
  -0.00693
  -0.00091
   0.00873
  -0.01627
   0.02331
  -0.02963
   0.03503
  -0.03936
   0.04247
  -0.04427
   0.04470
  -0.04375
   0.04145
  -0.03787
   0.03312
  -0.02735
   0.02074
  -0.01348
   0.00581
   0.00204
  -0.00982
   0.01731
  -0.02426
   0.03046
  -0.03572
   0.03988
  -0.04281
   0.04441
  -0.04465
   0.04350
  -0.04102
   0.03726
  -0.03236
   0.02646
  -0.01974
   0.01241
  -0.00470
  -0.00316
   0.01092
  -0.01834
   0.02520
  -0.03127
   0.03639
  -0.04038
   0.04312
  -0.04453
   0.04457
  -0.04323
   0.04055
  -0.03663
   0.03157
  -0.02554
   0.01872
  -0.01133
   0.00358
   0.00428
  -0.01200
   0.01936
  -0.02612
   0.03207
  -0.03703
   0.04085
  -0.04340
   0.04462
  -0.04446
   0.04293
  -0.04007
   0.03597
  -0.03077
   0.02461
  -0.01770
   0.01023
  -0.00246
  -0.00540
   0.01308
  -0.02037
   0.02702
  -0.03284
   0.03765
  -0.04129
   0.04366
  -0.04468
   0.04432
  -0.04260
   0.03956
  -0.03529
   0.02994
  -0.02367
   0.01666
  -0.00914
   0.00133
   0.00651
  -0.01415
   0.02136
  -0.02791
   0.03359
  -0.03824
   0.04171
  -0.04389
   0.04471
  -0.04416
   0.04224
  -0.03902
   0.03459
  -0.02910
   0.02270
  -0.01561
   0.00803
  -0.00021
  -0.00762
   0.01522
  -0.02234
   0.02878
  -0.03432
   0.03881
  -0.04210
   0.04409
  -0.04472
