  -0.01655
  -0.03155
   0.04162
  -0.00150
  -0.04042
   0.03361
   0.01373
  -0.04451
   0.02163
   0.02733
  -0.04334
   0.00709
   0.03771
  -0.03704
  -0.00828
   0.04362
  -0.02637
  -0.02268
   0.04438
  -0.01257
  -0.03440
   0.03989
   0.00271
  -0.04204
   0.03069
   0.01767
  -0.04472
   0.01785
   0.03054
  -0.04211
   0.00291
   0.03980
  -0.03452
  -0.01238
   0.04436
  -0.02285
  -0.02621
   0.04367
  -0.00848
  -0.03693
   0.03781
   0.00690
  -0.04329
   0.02749
   0.02146
  -0.04453
   0.01391
   0.03348
  -0.04051
  -0.00131
   0.04154
  -0.03169
  -0.01637
   0.04470
  -0.01913
  -0.02950
   0.04256
  -0.00431
  -0.03914
   0.03540
   0.01103
  -0.04416
   0.02405
   0.02506
  -0.04395
   0.00985
   0.03612
  -0.03854
  -0.00551
   0.04292
  -0.02858
  -0.02022
   0.04464
  -0.01524
  -0.03253
   0.04108
  -0.00010
  -0.04100
   0.03267
   0.01506
  -0.04463
   0.02039
   0.02843
  -0.04297
   0.00570
   0.03844
  -0.03624
  -0.00966
   0.04391
  -0.02522
  -0.02388
   0.04419
  -0.01122
  -0.03528
   0.03924
   0.00411
  -0.04250
   0.02965
   0.01895
  -0.04470
   0.01655
   0.03155
  -0.04162
   0.00150
   0.04042
  -0.03361
  -0.01373
   0.04451
  -0.02163
  -0.02733
   0.04334
  -0.00709
  -0.03771
   0.03704
   0.00828
  -0.04362
   0.02637
   0.02268
  -0.04438
   0.01257
   0.03440
  -0.03989
  -0.00271
   0.04204
  -0.03069
  -0.01767
   0.04472
  -0.01785
  -0.03054
   0.04211
  -0.00291
  -0.03980
   0.03452
   0.01238
  -0.04436
   0.02285
   0.02621
  -0.04367
   0.00848
   0.03693
  -0.03781
  -0.00690
   0.04329
  -0.02749
  -0.02146
   0.04453
  -0.01391
  -0.03348
   0.04051
   0.00131
  -0.04154
   0.03169
   0.01637
  -0.04470
   0.01913
   0.02950
  -0.04256
   0.00431
   0.03914
  -0.03540
  -0.01103
   0.04416
  -0.02405
  -0.02506
   0.04395
  -0.00985
  -0.03612
   0.03854
   0.00551
  -0.04292
   0.02858
   0.02022
  -0.04464
   0.01524
   0.03253
  -0.04108
   0.00010
   0.04100
  -0.03267
  -0.01506
   0.04463
  -0.02039
  -0.02843
   0.04297
  -0.00570
  -0.03844
   0.03624
   0.00966
  -0.04391
   0.02522
   0.02388
  -0.04419
   0.01122
   0.03528
  -0.03924
  -0.00411
   0.04250
  -0.02965
  -0.01895
   0.04470
  -0.01655
  -0.03155
   0.04162
  -0.00150
  -0.04042
   0.03361
   0.01373
  -0.04451
   0.02163
   0.02733
  -0.04334
   0.00709
   0.03771
  -0.03704
  -0.00828
   0.04362
  -0.02637
  -0.02268
   0.04438
  -0.01257
  -0.03440
   0.03989
   0.00271
  -0.04204
   0.03069
   0.01767
  -0.04472
   0.01785
   0.03054
  -0.04211
   0.00291
   0.03980
  -0.03452
  -0.01238
   0.04436
  -0.02285
  -0.02621
   0.04367
  -0.00848
  -0.03693
   0.03781
   0.00690
  -0.04329
   0.02749
   0.02146
  -0.04453
   0.01391
   0.03348
  -0.04051
  -0.00131
   0.04154
  -0.03169
  -0.01637
   0.04470
  -0.01913
  -0.02950
   0.04256
  -0.00431
  -0.03914
   0.03540
   0.01103
  -0.04416
   0.02405
   0.02506
  -0.04395
   0.00985
   0.03612
  -0.03854
  -0.00551
   0.04292
  -0.02858
  -0.02022
   0.04464
  -0.01524
  -0.03253
   0.04108
  -0.00010
  -0.04100
   0.03267
   0.01506
  -0.04463
   0.02039
   0.02843
  -0.04297
   0.00570
   0.03844
  -0.03624
  -0.00966
   0.04391
  -0.02522
  -0.02388
   0.04419
  -0.01122
  -0.03528
   0.03924
   0.00411
  -0.04250
   0.02965
   0.01895
  -0.04470
   0.01655
   0.03155
  -0.04162
   0.00150
   0.04042
  -0.03361
  -0.01373
   0.04451
  -0.02163
  -0.02733
   0.04334
  -0.00709
  -0.03771
   0.03704
   0.00828
  -0.04362
   0.02637
   0.02268
  -0.04438
   0.01257
   0.03440
  -0.03989
  -0.00271
   0.04204
  -0.03069
  -0.01767
   0.04472
  -0.01785
  -0.03054
   0.04211
  -0.00291
  -0.03980
   0.03452
   0.01238
  -0.04436
   0.02285
   0.02621
  -0.04367
   0.00848
   0.03693
  -0.03781
  -0.00690
   0.04329
  -0.02749
  -0.02146
   0.04453
  -0.01391
  -0.03348
   0.04051
   0.00131
  -0.04154
   0.03169
   0.01637
  -0.04470
   0.01913
   0.02950
  -0.04256
   0.00431
   0.03914
  -0.03540
  -0.01103
   0.04416
  -0.02405
  -0.02506
   0.04395
  -0.00985
  -0.03612
   0.03854
   0.00551
  -0.04292
   0.02858
   0.02022
  -0.04464
   0.01524
   0.03253
  -0.04108
   0.00010
   0.04100
  -0.03267
  -0.01506
   0.04463
  -0.02039
  -0.02843
   0.04297
  -0.00570
  -0.03844
   0.03624
   0.00966
  -0.04391
   0.02522
   0.02388
  -0.04419
   0.01122
   0.03528
  -0.03924
  -0.00411
   0.04250
  -0.02965
  -0.01895
   0.04470
  -0.01655
  -0.03155
   0.04162
  -0.00150
  -0.04042
   0.03361
   0.01373
  -0.04451
   0.02163
   0.02733
  -0.04334
   0.00709
   0.03771
  -0.03704
  -0.00828
   0.04362
  -0.02637
  -0.02268
   0.04438
  -0.01257
  -0.03440
   0.03989
   0.00271
  -0.04204
   0.03069
   0.01767
  -0.04472
   0.01785
   0.03054
  -0.04211
   0.00291
   0.03980
  -0.03452
  -0.01238
   0.04436
  -0.02285
  -0.02621
   0.04367
  -0.00848
  -0.03693
   0.03781
   0.00690
  -0.04329
   0.02749
   0.02146
  -0.04453
   0.01391
   0.03348
  -0.04051
  -0.00131
   0.04154
  -0.03169
  -0.01637
   0.04470
  -0.01913
  -0.02950
   0.04256
  -0.00431
  -0.03914
   0.03540
   0.01103
  -0.04416
   0.02405
   0.02506
  -0.04395
   0.00985
   0.03612
  -0.03854
  -0.00551
   0.04292
  -0.02858
  -0.02022
   0.04464
  -0.01524
  -0.03253
   0.04108
  -0.00010
  -0.04100
   0.03267
   0.01506
  -0.04463
   0.02039
   0.02843
  -0.04297
   0.00570
   0.03844
  -0.03624
  -0.00966
   0.04391
  -0.02522
  -0.02388
   0.04419
  -0.01122
  -0.03528
   0.03924
   0.00411
  -0.04250
   0.02965
   0.01895
  -0.04470
   0.01655
   0.03155
  -0.04162
   0.00150
   0.04042
  -0.03361
  -0.01373
   0.04451
  -0.02163
  -0.02733
   0.04334
  -0.00709
  -0.03771
   0.03704
   0.00828
  -0.04362
   0.02637
   0.02268
  -0.04438
   0.01257
   0.03440
  -0.03989
  -0.00271
   0.04204
  -0.03069
  -0.01767
   0.04472
  -0.01785
  -0.03054
   0.04211
  -0.00291
  -0.03980
   0.03452
   0.01238
  -0.04436
   0.02285
   0.02621
  -0.04367
   0.00848
   0.03693
  -0.03781
  -0.00690
   0.04329
  -0.02749
  -0.02146
   0.04453
  -0.01391
  -0.03348
   0.04051
   0.00131
  -0.04154
   0.03169
   0.01637
  -0.04470
   0.01913
   0.02950
  -0.04256
   0.00431
   0.03914
  -0.03540
  -0.01103
   0.04416
  -0.02405
  -0.02506
   0.04395
  -0.00985
  -0.03612
   0.03854
   0.00551
  -0.04292
   0.02858
   0.02022
  -0.04464
   0.01524
   0.03253
  -0.04108
   0.00010
   0.04100
  -0.03267
  -0.01506
   0.04463
  -0.02039
  -0.02843
   0.04297
  -0.00570
  -0.03844
   0.03624
   0.00966
  -0.04391
   0.02522
   0.02388
  -0.04419
   0.01122
   0.03528
  -0.03924
  -0.00411
   0.04250
  -0.02965
  -0.01895
   0.04470
  -0.01655
  -0.03155
   0.04162
  -0.00150
  -0.04042
   0.03361
   0.01373
  -0.04451
   0.02163
   0.02733
  -0.04334
   0.00709
   0.03771
  -0.03704
  -0.00828
   0.04362
  -0.02637
  -0.02268
   0.04438
  -0.01257
  -0.03440
   0.03989
   0.00271
  -0.04204
   0.03069
   0.01767
  -0.04472
   0.01785
   0.03054
  -0.04211
   0.00291
   0.03980
  -0.03452
  -0.01238
   0.04436
  -0.02285
  -0.02621
   0.04367
  -0.00848
  -0.03693
   0.03781
   0.00690
  -0.04329
   0.02749
   0.02146
  -0.04453
   0.01391
   0.03348
  -0.04051
  -0.00131
   0.04154
  -0.03169
  -0.01637
   0.04470
  -0.01913
  -0.02950
   0.04256
  -0.00431
  -0.03914
   0.03540
   0.01103
  -0.04416
   0.02405
   0.02506
  -0.04395
   0.00985
   0.03612
  -0.03854
  -0.00551
   0.04292
  -0.02858
  -0.02022
   0.04464
  -0.01524
  -0.03253
   0.04108
  -0.00010
  -0.04100
   0.03267
   0.01506
  -0.04463
   0.02039
   0.02843
  -0.04297
   0.00570
   0.03844
  -0.03624
  -0.00966
   0.04391
  -0.02522
  -0.02388
   0.04419
  -0.01122
  -0.03528
   0.03924
   0.00411
  -0.04250
   0.02965
   0.01895
  -0.04470
   0.01655
   0.03155
  -0.04162
   0.00150
   0.04042
  -0.03361
  -0.01373
   0.04451
  -0.02163
  -0.02733
   0.04334
  -0.00709
  -0.03771
   0.03704
   0.00828
  -0.04362
   0.02637
   0.02268
  -0.04438
   0.01257
   0.03440
  -0.03989
  -0.00271
   0.04204
  -0.03069
  -0.01767
   0.04472
  -0.01785
  -0.03054
   0.04211
  -0.00291
  -0.03980
   0.03452
   0.01238
  -0.04436
   0.02285
   0.02621
  -0.04367
   0.00848
   0.03693
  -0.03781
  -0.00690
   0.04329
  -0.02749
  -0.02146
   0.04453
  -0.01391
  -0.03348
   0.04051
   0.00131
  -0.04154
   0.03169
   0.01637
  -0.04470
   0.01913
   0.02950
  -0.04256
   0.00431
   0.03914
  -0.03540
  -0.01103
   0.04416
  -0.02405
  -0.02506
   0.04395
  -0.00985
  -0.03612
   0.03854
   0.00551
  -0.04292
   0.02858
   0.02022
  -0.04464
   0.01524
   0.03253
  -0.04108
   0.00010
   0.04100
  -0.03267
  -0.01506
   0.04463
  -0.02039
  -0.02843
   0.04297
  -0.00570
  -0.03844
   0.03624
   0.00966
  -0.04391
   0.02522
   0.02388
  -0.04419
   0.01122
   0.03528
  -0.03924
  -0.00411
   0.04250
  -0.02965
  -0.01895
   0.04470
  -0.01655
  -0.03155
   0.04162
  -0.00150
  -0.04042
   0.03361
   0.01373
  -0.04451
   0.02163
   0.02733
  -0.04334
   0.00709
   0.03771
  -0.03704
  -0.00828
   0.04362
  -0.02637
  -0.02268
   0.04438
  -0.01257
  -0.03440
   0.03989
   0.00271
  -0.04204
   0.03069
   0.01767
  -0.04472
   0.01785
   0.03054
  -0.04211
   0.00291
   0.03980
  -0.03452
  -0.01238
   0.04436
  -0.02285
  -0.02621
   0.04367
  -0.00848
  -0.03693
   0.03781
   0.00690
  -0.04329
   0.02749
   0.02146
  -0.04453
   0.01391
   0.03348
  -0.04051
  -0.00131
   0.04154
  -0.03169
  -0.01637
   0.04470
  -0.01913
  -0.02950
   0.04256
  -0.00431
  -0.03914
   0.03540
   0.01103
  -0.04416
   0.02405
   0.02506
  -0.04395
   0.00985
   0.03612
  -0.03854
  -0.00551
   0.04292
  -0.02858
  -0.02022
   0.04464
  -0.01524
  -0.03253
   0.04108
  -0.00010
  -0.04100
   0.03267
   0.01506
  -0.04463
   0.02039
   0.02843
  -0.04297
   0.00570
   0.03844
  -0.03624
  -0.00966
   0.04391
  -0.02522
  -0.02388
   0.04419
  -0.01122
  -0.03528
   0.03924
   0.00411
  -0.04250
   0.02965
   0.01895
  -0.04470
   0.01655
   0.03155
  -0.04162
   0.00150
   0.04042
  -0.03361
  -0.01373
   0.04451
  -0.02163
  -0.02733
   0.04334
  -0.00709
  -0.03771
   0.03704
   0.00828
  -0.04362
   0.02637
   0.02268
  -0.04438
   0.01257
   0.03440
  -0.03989
  -0.00271
   0.04204
  -0.03069
  -0.01767
   0.04472
  -0.01785
  -0.03054
   0.04211
  -0.00291
  -0.03980
   0.03452
   0.01238
  -0.04436
   0.02285
   0.02621
  -0.04367
   0.00848
   0.03693
  -0.03781
  -0.00690
   0.04329
  -0.02749
  -0.02146
   0.04453
  -0.01391
  -0.03348
   0.04051
   0.00131
  -0.04154
   0.03169
   0.01637
  -0.04470
   0.01913
   0.02950
  -0.04256
   0.00431
   0.03914
  -0.03540
  -0.01103
   0.04416
  -0.02405
  -0.02506
   0.04395
  -0.00985
  -0.03612
   0.03854
   0.00551
  -0.04292
   0.02858
   0.02022
  -0.04464
   0.01524
   0.03253
  -0.04108
   0.00010
   0.04100
  -0.03267
  -0.01506
   0.04463
  -0.02039
  -0.02843
   0.04297
  -0.00570
  -0.03844
   0.03624
   0.00966
  -0.04391
   0.02522
   0.02388
  -0.04419
   0.01122
   0.03528
  -0.03924
  -0.00411
   0.04250
  -0.02965
  -0.01895
   0.04470
