   0.03442
  -0.00555
  -0.02633
   0.04394
  -0.03773
   0.01107
   0.02159
  -0.04255
   0.04044
  -0.01641
  -0.01652
   0.04049
  -0.04251
   0.02149
   0.01118
  -0.03779
   0.04392
  -0.02624
  -0.00566
   0.03449
  -0.04463
   0.03057
   0.00006
  -0.03066
   0.04464
  -0.03442
   0.00555
   0.02633
  -0.04394
   0.03773
  -0.01107
  -0.02159
   0.04255
  -0.04044
   0.01641
   0.01652
  -0.04049
   0.04251
  -0.02149
  -0.01118
   0.03779
  -0.04392
   0.02624
   0.00566
  -0.03449
   0.04463
  -0.03057
  -0.00006
   0.03066
  -0.04464
   0.03442
  -0.00555
  -0.02633
   0.04394
  -0.03773
   0.01107
   0.02159
  -0.04255
   0.04044
  -0.01641
  -0.01652
   0.04049
  -0.04251
   0.02149
   0.01118
  -0.03779
   0.04392
  -0.02624
  -0.00566
   0.03449
  -0.04463
   0.03057
   0.00006
  -0.03066
   0.04464
  -0.03442
   0.00555
   0.02633
  -0.04394
   0.03773
  -0.01107
  -0.02159
   0.04255
  -0.04044
   0.01641
   0.01652
  -0.04049
   0.04251
  -0.02149
  -0.01118
   0.03779
  -0.04392
   0.02624
   0.00566
  -0.03449
   0.04463
  -0.03057
  -0.00006
   0.03066
  -0.04464
   0.03442
  -0.00555
  -0.02633
   0.04394
  -0.03773
   0.01107
   0.02159
  -0.04255
   0.04044
  -0.01641
  -0.01652
   0.04049
  -0.04251
   0.02149
   0.01118
  -0.03779
   0.04392
  -0.02624
  -0.00566
   0.03449
  -0.04463
   0.03057
   0.00006
  -0.03066
   0.04464
  -0.03442
   0.00555
   0.02633
  -0.04394
   0.03773
  -0.01107
  -0.02159
   0.04255
  -0.04044
   0.01641
   0.01652
  -0.04049
   0.04251
  -0.02149
  -0.01118
   0.03779
  -0.04392
   0.02624
   0.00566
  -0.03449
   0.04463
  -0.03057
  -0.00006
   0.03066
  -0.04464
   0.03442
  -0.00555
  -0.02633
   0.04394
  -0.03773
   0.01107
   0.02159
  -0.04255
   0.04044
  -0.01641
  -0.01652
   0.04049
  -0.04251
   0.02149
   0.01118
  -0.03779
   0.04392
  -0.02624
  -0.00566
   0.03449
  -0.04463
   0.03057
   0.00006
  -0.03066
   0.04464
  -0.03442
   0.00555
   0.02633
  -0.04394
   0.03773
  -0.01107
  -0.02159
   0.04255
  -0.04044
   0.01641
   0.01652
  -0.04049
   0.04251
  -0.02149
  -0.01118
   0.03779
  -0.04392
   0.02624
   0.00566
  -0.03449
   0.04463
  -0.03057
  -0.00006
   0.03066
  -0.04464
   0.03442
  -0.00555
  -0.02633
   0.04394
  -0.03773
   0.01107
   0.02159
  -0.04255
   0.04044
  -0.01641
  -0.01652
   0.04049
  -0.04251
   0.02149
   0.01118
  -0.03779
   0.04392
  -0.02624
  -0.00566
   0.03449
  -0.04463
   0.03057
   0.00006
  -0.03066
   0.04464
  -0.03442
   0.00555
   0.02633
  -0.04394
   0.03773
  -0.01107
  -0.02159
   0.04255
  -0.04044
   0.01641
   0.01652
  -0.04049
   0.04251
  -0.02149
  -0.01118
   0.03779
  -0.04392
   0.02624
   0.00566
  -0.03449
   0.04463
  -0.03057
  -0.00006
   0.03066
  -0.04464
   0.03442
  -0.00555
  -0.02633
   0.04394
  -0.03773
   0.01107
   0.02159
  -0.04255
   0.04044
  -0.01641
  -0.01652
   0.04049
  -0.04251
   0.02149
   0.01118
  -0.03779
   0.04392
  -0.02624
  -0.00566
   0.03449
  -0.04463
   0.03057
   0.00006
  -0.03066
   0.04464
  -0.03442
   0.00555
   0.02633
  -0.04394
   0.03773
  -0.01107
  -0.02159
   0.04255
  -0.04044
   0.01641
   0.01652
  -0.04049
   0.04251
  -0.02149
  -0.01118
   0.03779
  -0.04392
   0.02624
   0.00566
  -0.03449
   0.04463
  -0.03057
  -0.00006
   0.03066
  -0.04464
   0.03442
  -0.00555
  -0.02633
   0.04394
  -0.03773
   0.01107
   0.02159
  -0.04255
   0.04044
  -0.01641
  -0.01652
   0.04049
  -0.04251
   0.02149
   0.01118
  -0.03779
   0.04392
  -0.02624
  -0.00566
   0.03449
  -0.04463
   0.03057
   0.00006
  -0.03066
   0.04464
  -0.03442
   0.00555
   0.02633
  -0.04394
   0.03773
  -0.01107
  -0.02159
   0.04255
  -0.04044
   0.01641
   0.01652
  -0.04049
   0.04251
  -0.02149
  -0.01118
   0.03779
  -0.04392
   0.02624
   0.00566
  -0.03449
   0.04463
  -0.03057
  -0.00006
   0.03066
  -0.04464
   0.03442
  -0.00555
  -0.02633
   0.04394
  -0.03773
   0.01107
   0.02159
  -0.04255
   0.04044
  -0.01641
  -0.01652
   0.04049
  -0.04251
   0.02149
   0.01118
  -0.03779
   0.04392
  -0.02624
  -0.00566
   0.03449
  -0.04463
   0.03057
   0.00006
  -0.03066
   0.04464
  -0.03442
   0.00555
   0.02633
  -0.04394
   0.03773
  -0.01107
  -0.02159
   0.04255
  -0.04044
   0.01641
   0.01652
  -0.04049
   0.04251
  -0.02149
  -0.01118
   0.03779
  -0.04392
   0.02624
   0.00566
  -0.03449
   0.04463
  -0.03057
  -0.00006
   0.03066
  -0.04464
   0.03442
  -0.00555
  -0.02633
   0.04394
  -0.03773
   0.01107
   0.02159
  -0.04255
   0.04044
  -0.01641
  -0.01652
   0.04049
  -0.04251
   0.02149
   0.01118
  -0.03779
   0.04392
  -0.02624
  -0.00566
   0.03449
  -0.04463
   0.03057
   0.00006
  -0.03066
   0.04464
  -0.03442
   0.00555
   0.02633
  -0.04394
   0.03773
  -0.01107
  -0.02159
   0.04255
  -0.04044
   0.01641
   0.01652
  -0.04049
   0.04251
  -0.02149
  -0.01118
   0.03779
  -0.04392
   0.02624
   0.00566
  -0.03449
   0.04463
  -0.03057
  -0.00006
   0.03066
  -0.04464
   0.03442
  -0.00555
  -0.02633
   0.04394
  -0.03773
   0.01107
   0.02159
  -0.04255
   0.04044
  -0.01641
  -0.01652
   0.04049
  -0.04251
   0.02149
   0.01118
  -0.03779
   0.04392
  -0.02624
  -0.00566
   0.03449
  -0.04463
   0.03057
   0.00006
  -0.03066
   0.04464
  -0.03442
   0.00555
   0.02633
  -0.04394
   0.03773
  -0.01107
  -0.02159
   0.04255
  -0.04044
   0.01641
   0.01652
  -0.04049
   0.04251
  -0.02149
  -0.01118
   0.03779
  -0.04392
   0.02624
   0.00566
  -0.03449
   0.04463
  -0.03057
  -0.00006
   0.03066
  -0.04464
   0.03442
  -0.00555
  -0.02633
   0.04394
  -0.03773
   0.01107
   0.02159
  -0.04255
   0.04044
  -0.01641
  -0.01652
   0.04049
  -0.04251
   0.02149
   0.01118
  -0.03779
   0.04392
  -0.02624
  -0.00566
   0.03449
  -0.04463
   0.03057
   0.00006
  -0.03066
   0.04464
  -0.03442
   0.00555
   0.02633
  -0.04394
   0.03773
  -0.01107
  -0.02159
   0.04255
  -0.04044
   0.01641
   0.01652
  -0.04049
   0.04251
  -0.02149
  -0.01118
   0.03779
  -0.04392
   0.02624
   0.00566
  -0.03449
   0.04463
  -0.03057
  -0.00006
   0.03066
  -0.04464
   0.03442
  -0.00555
  -0.02633
   0.04394
  -0.03773
   0.01107
   0.02159
  -0.04255
   0.04044
  -0.01641
  -0.01652
   0.04049
  -0.04251
   0.02149
   0.01118
  -0.03779
   0.04392
  -0.02624
  -0.00566
   0.03449
  -0.04463
   0.03057
   0.00006
  -0.03066
   0.04464
  -0.03442
   0.00555
   0.02633
  -0.04394
   0.03773
  -0.01107
  -0.02159
   0.04255
  -0.04044
   0.01641
   0.01652
  -0.04049
   0.04251
  -0.02149
  -0.01118
   0.03779
  -0.04392
   0.02624
   0.00566
  -0.03449
   0.04463
  -0.03057
  -0.00006
   0.03066
  -0.04464
   0.03442
  -0.00555
  -0.02633
   0.04394
  -0.03773
   0.01107
   0.02159
  -0.04255
   0.04044
  -0.01641
  -0.01652
   0.04049
  -0.04251
   0.02149
   0.01118
  -0.03779
   0.04392
  -0.02624
  -0.00566
   0.03449
  -0.04463
   0.03057
   0.00006
  -0.03066
   0.04464
  -0.03442
   0.00555
   0.02633
  -0.04394
   0.03773
  -0.01107
  -0.02159
   0.04255
  -0.04044
   0.01641
   0.01652
  -0.04049
   0.04251
  -0.02149
  -0.01118
   0.03779
  -0.04392
   0.02624
   0.00566
  -0.03449
   0.04463
  -0.03057
  -0.00006
   0.03066
  -0.04464
   0.03442
  -0.00555
  -0.02633
   0.04394
  -0.03773
   0.01107
   0.02159
  -0.04255
   0.04044
  -0.01641
  -0.01652
   0.04049
  -0.04251
   0.02149
   0.01118
  -0.03779
   0.04392
  -0.02624
  -0.00566
   0.03449
  -0.04463
   0.03057
   0.00006
  -0.03066
   0.04464
  -0.03442
   0.00555
   0.02633
  -0.04394
   0.03773
  -0.01107
  -0.02159
   0.04255
  -0.04044
   0.01641
   0.01652
  -0.04049
   0.04251
  -0.02149
  -0.01118
   0.03779
  -0.04392
   0.02624
   0.00566
  -0.03449
   0.04463
  -0.03057
  -0.00006
   0.03066
  -0.04464
   0.03442
  -0.00555
  -0.02633
   0.04394
  -0.03773
   0.01107
   0.02159
  -0.04255
   0.04044
  -0.01641
  -0.01652
   0.04049
  -0.04251
   0.02149
   0.01118
  -0.03779
   0.04392
  -0.02624
  -0.00566
   0.03449
  -0.04463
   0.03057
   0.00006
  -0.03066
   0.04464
  -0.03442
   0.00555
   0.02633
  -0.04394
   0.03773
  -0.01107
  -0.02159
   0.04255
  -0.04044
   0.01641
   0.01652
  -0.04049
   0.04251
  -0.02149
  -0.01118
   0.03779
  -0.04392
   0.02624
   0.00566
  -0.03449
   0.04463
  -0.03057
  -0.00006
   0.03066
  -0.04464
   0.03442
  -0.00555
  -0.02633
   0.04394
  -0.03773
   0.01107
   0.02159
  -0.04255
   0.04044
  -0.01641
  -0.01652
   0.04049
  -0.04251
   0.02149
   0.01118
  -0.03779
   0.04392
  -0.02624
  -0.00566
   0.03449
  -0.04463
   0.03057
   0.00006
  -0.03066
   0.04464
  -0.03442
   0.00555
   0.02633
  -0.04394
   0.03773
  -0.01107
  -0.02159
   0.04255
  -0.04044
   0.01641
   0.01652
  -0.04049
   0.04251
  -0.02149
  -0.01118
   0.03779
  -0.04392
   0.02624
   0.00566
  -0.03449
   0.04463
  -0.03057
  -0.00006
   0.03066
  -0.04464
   0.03442
  -0.00555
  -0.02633
   0.04394
  -0.03773
   0.01107
   0.02159
  -0.04255
   0.04044
  -0.01641
  -0.01652
   0.04049
  -0.04251
   0.02149
   0.01118
  -0.03779
   0.04392
  -0.02624
  -0.00566
   0.03449
  -0.04463
   0.03057
   0.00006
  -0.03066
   0.04464
  -0.03442
   0.00555
   0.02633
  -0.04394
   0.03773
  -0.01107
  -0.02159
   0.04255
  -0.04044
   0.01641
   0.01652
  -0.04049
   0.04251
  -0.02149
  -0.01118
   0.03779
  -0.04392
   0.02624
   0.00566
  -0.03449
   0.04463
  -0.03057
  -0.00006
   0.03066
  -0.04464
   0.03442
  -0.00555
  -0.02633
   0.04394
  -0.03773
   0.01107
   0.02159
  -0.04255
   0.04044
  -0.01641
  -0.01652
   0.04049
  -0.04251
   0.02149
   0.01118
  -0.03779
   0.04392
  -0.02624
  -0.00566
   0.03449
  -0.04463
   0.03057
   0.00006
  -0.03066
   0.04464
  -0.03442
   0.00555
   0.02633
  -0.04394
   0.03773
  -0.01107
  -0.02159
   0.04255
  -0.04044
   0.01641
   0.01652
  -0.04049
   0.04251
  -0.02149
  -0.01118
   0.03779
  -0.04392
   0.02624
   0.00566
  -0.03449
   0.04463
  -0.03057
  -0.00006
   0.03066
  -0.04464
   0.03442
  -0.00555
  -0.02633
   0.04394
  -0.03773
   0.01107
   0.02159
  -0.04255
   0.04044
  -0.01641
  -0.01652
   0.04049
  -0.04251
   0.02149
   0.01118
  -0.03779
   0.04392
  -0.02624
  -0.00566
   0.03449
  -0.04463
   0.03057
   0.00006
  -0.03066
   0.04464
  -0.03442
   0.00555
   0.02633
  -0.04394
   0.03773
  -0.01107
  -0.02159
   0.04255
  -0.04044
   0.01641
   0.01652
  -0.04049
   0.04251
  -0.02149
  -0.01118
   0.03779
  -0.04392
   0.02624
   0.00566
  -0.03449
   0.04463
  -0.03057
  -0.00006
   0.03066
  -0.04464
   0.03442
  -0.00555
  -0.02633
   0.04394
  -0.03773
   0.01107
   0.02159
  -0.04255
   0.04044
  -0.01641
  -0.01652
   0.04049
  -0.04251
   0.02149
   0.01118
  -0.03779
   0.04392
  -0.02624
  -0.00566
   0.03449
  -0.04463
   0.03057
   0.00006
  -0.03066
   0.04464
  -0.03442
   0.00555
   0.02633
  -0.04394
   0.03773
  -0.01107
  -0.02159
   0.04255
  -0.04044
   0.01641
   0.01652
  -0.04049
   0.04251
  -0.02149
  -0.01118
   0.03779
  -0.04392
   0.02624
   0.00566
  -0.03449
   0.04463
  -0.03057
  -0.00006
   0.03066
  -0.04464
