  -0.03382
  -0.04431
  -0.02479
   0.01152
   0.04003
   0.04143
   0.01476
  -0.02191
  -0.04373
  -0.03594
  -0.00380
   0.03091
   0.04468
   0.02819
  -0.00740
  -0.03798
  -0.04283
  -0.01867
   0.01814
   0.04266
   0.03828
   0.00797
  -0.02774
  -0.04466
  -0.03133
   0.00322
   0.03559
   0.04385
   0.02241
  -0.01421
  -0.04121
  -0.04029
  -0.01208
   0.02431
   0.04423
   0.03419
   0.00099
  -0.03288
  -0.04448
  -0.02595
   0.01016
   0.03939
   0.04194
   0.01608
  -0.02067
  -0.04342
  -0.03675
  -0.00519
   0.02988
   0.04472
   0.02926
  -0.00602
  -0.03722
  -0.04321
  -0.01993
   0.01685
   0.04222
   0.03899
   0.00935
  -0.02662
  -0.04456
  -0.03232
   0.00182
   0.03472
   0.04410
   0.02361
  -0.01287
  -0.04064
  -0.04088
  -0.01343
   0.02312
   0.04400
   0.03508
   0.00239
  -0.03191
  -0.04461
  -0.02708
   0.00879
   0.03870
   0.04240
   0.01738
  -0.01942
  -0.04306
  -0.03754
  -0.00659
   0.02882
   0.04471
   0.03031
  -0.00462
  -0.03642
  -0.04355
  -0.02118
   0.01554
   0.04173
   0.03966
   0.01072
  -0.02548
  -0.04442
  -0.03327
   0.00041
   0.03382
   0.04431
   0.02479
  -0.01152
  -0.04003
  -0.04143
  -0.01476
   0.02191
   0.04373
   0.03594
   0.00380
  -0.03091
  -0.04468
  -0.02819
   0.00740
   0.03798
   0.04283
   0.01867
  -0.01814
  -0.04266
  -0.03828
  -0.00797
   0.02774
   0.04466
   0.03133
  -0.00322
  -0.03559
  -0.04385
  -0.02241
   0.01421
   0.04121
   0.04029
   0.01208
  -0.02431
  -0.04423
  -0.03419
  -0.00099
   0.03288
   0.04448
   0.02595
  -0.01016
  -0.03939
  -0.04194
  -0.01608
   0.02067
   0.04342
   0.03675
   0.00519
  -0.02988
  -0.04472
  -0.02926
   0.00602
   0.03722
   0.04321
   0.01993
  -0.01685
  -0.04222
  -0.03899
  -0.00935
   0.02662
   0.04456
   0.03232
  -0.00182
  -0.03472
  -0.04410
  -0.02361
   0.01287
   0.04064
   0.04088
   0.01343
  -0.02312
  -0.04400
  -0.03508
  -0.00239
   0.03191
   0.04461
   0.02708
  -0.00879
  -0.03870
  -0.04240
  -0.01738
   0.01942
   0.04306
   0.03754
   0.00659
  -0.02882
  -0.04471
  -0.03031
   0.00462
   0.03642
   0.04355
   0.02118
  -0.01554
  -0.04173
  -0.03966
  -0.01072
   0.02548
   0.04442
   0.03327
  -0.00041
  -0.03382
  -0.04431
  -0.02479
   0.01152
   0.04003
   0.04143
   0.01476
  -0.02191
  -0.04373
  -0.03594
  -0.00380
   0.03091
   0.04468
   0.02819
  -0.00740
  -0.03798
  -0.04283
  -0.01867
   0.01814
   0.04266
   0.03828
   0.00797
  -0.02774
  -0.04466
  -0.03133
   0.00322
   0.03559
   0.04385
   0.02241
  -0.01421
  -0.04121
  -0.04029
  -0.01208
   0.02431
   0.04423
   0.03419
   0.00099
  -0.03288
  -0.04448
  -0.02595
   0.01016
   0.03939
   0.04194
   0.01608
  -0.02067
  -0.04342
  -0.03675
  -0.00519
   0.02988
   0.04472
   0.02926
  -0.00602
  -0.03722
  -0.04321
  -0.01993
   0.01685
   0.04222
   0.03899
   0.00935
  -0.02662
  -0.04456
  -0.03232
   0.00182
   0.03472
   0.04410
   0.02361
  -0.01287
  -0.04064
  -0.04088
  -0.01343
   0.02312
   0.04400
   0.03508
   0.00239
  -0.03191
  -0.04461
  -0.02708
   0.00879
   0.03870
   0.04240
   0.01738
  -0.01942
  -0.04306
  -0.03754
  -0.00659
   0.02882
   0.04471
   0.03031
  -0.00462
  -0.03642
  -0.04355
  -0.02118
   0.01554
   0.04173
   0.03966
   0.01072
  -0.02548
  -0.04442
  -0.03327
   0.00041
   0.03382
   0.04431
   0.02479
  -0.01152
  -0.04003
  -0.04143
  -0.01476
   0.02191
   0.04373
   0.03594
   0.00380
  -0.03091
  -0.04468
  -0.02819
   0.00740
   0.03798
   0.04283
   0.01867
  -0.01814
  -0.04266
  -0.03828
  -0.00797
   0.02774
   0.04466
   0.03133
  -0.00322
  -0.03559
  -0.04385
  -0.02241
   0.01421
   0.04121
   0.04029
   0.01208
  -0.02431
  -0.04423
  -0.03419
  -0.00099
   0.03288
   0.04448
   0.02595
  -0.01016
  -0.03939
  -0.04194
  -0.01608
   0.02067
   0.04342
   0.03675
   0.00519
  -0.02988
  -0.04472
  -0.02926
   0.00602
   0.03722
   0.04321
   0.01993
  -0.01685
  -0.04222
  -0.03899
  -0.00935
   0.02662
   0.04456
   0.03232
  -0.00182
  -0.03472
  -0.04410
  -0.02361
   0.01287
   0.04064
   0.04088
   0.01343
  -0.02312
  -0.04400
  -0.03508
  -0.00239
   0.03191
   0.04461
   0.02708
  -0.00879
  -0.03870
  -0.04240
  -0.01738
   0.01942
   0.04306
   0.03754
   0.00659
  -0.02882
  -0.04471
  -0.03031
   0.00462
   0.03642
   0.04355
   0.02118
  -0.01554
  -0.04173
  -0.03966
  -0.01072
   0.02548
   0.04442
   0.03327
  -0.00041
  -0.03382
  -0.04431
  -0.02479
   0.01152
   0.04003
   0.04143
   0.01476
  -0.02191
  -0.04373
  -0.03594
  -0.00380
   0.03091
   0.04468
   0.02819
  -0.00740
  -0.03798
  -0.04283
  -0.01867
   0.01814
   0.04266
   0.03828
   0.00797
  -0.02774
  -0.04466
  -0.03133
   0.00322
   0.03559
   0.04385
   0.02241
  -0.01421
  -0.04121
  -0.04029
  -0.01208
   0.02431
   0.04423
   0.03419
   0.00099
  -0.03288
  -0.04448
  -0.02595
   0.01016
   0.03939
   0.04194
   0.01608
  -0.02067
  -0.04342
  -0.03675
  -0.00519
   0.02988
   0.04472
   0.02926
  -0.00602
  -0.03722
  -0.04321
  -0.01993
   0.01685
   0.04222
   0.03899
   0.00935
  -0.02662
  -0.04456
  -0.03232
   0.00182
   0.03472
   0.04410
   0.02361
  -0.01287
  -0.04064
  -0.04088
  -0.01343
   0.02312
   0.04400
   0.03508
   0.00239
  -0.03191
  -0.04461
  -0.02708
   0.00879
   0.03870
   0.04240
   0.01738
  -0.01942
  -0.04306
  -0.03754
  -0.00659
   0.02882
   0.04471
   0.03031
  -0.00462
  -0.03642
  -0.04355
  -0.02118
   0.01554
   0.04173
   0.03966
   0.01072
  -0.02548
  -0.04442
  -0.03327
   0.00041
   0.03382
   0.04431
   0.02479
  -0.01152
  -0.04003
  -0.04143
  -0.01476
   0.02191
   0.04373
   0.03594
   0.00380
  -0.03091
  -0.04468
  -0.02819
   0.00740
   0.03798
   0.04283
   0.01867
  -0.01814
  -0.04266
  -0.03828
  -0.00797
   0.02774
   0.04466
   0.03133
  -0.00322
  -0.03559
  -0.04385
  -0.02241
   0.01421
   0.04121
   0.04029
   0.01208
  -0.02431
  -0.04423
  -0.03419
  -0.00099
   0.03288
   0.04448
   0.02595
  -0.01016
  -0.03939
  -0.04194
  -0.01608
   0.02067
   0.04342
   0.03675
   0.00519
  -0.02988
  -0.04472
  -0.02926
   0.00602
   0.03722
   0.04321
   0.01993
  -0.01685
  -0.04222
  -0.03899
  -0.00935
   0.02662
   0.04456
   0.03232
  -0.00182
  -0.03472
  -0.04410
  -0.02361
   0.01287
   0.04064
   0.04088
   0.01343
  -0.02312
  -0.04400
  -0.03508
  -0.00239
   0.03191
   0.04461
   0.02708
  -0.00879
  -0.03870
  -0.04240
  -0.01738
   0.01942
   0.04306
   0.03754
   0.00659
  -0.02882
  -0.04471
  -0.03031
   0.00462
   0.03642
   0.04355
   0.02118
  -0.01554
  -0.04173
  -0.03966
  -0.01072
   0.02548
   0.04442
   0.03327
  -0.00041
  -0.03382
  -0.04431
  -0.02479
   0.01152
   0.04003
   0.04143
   0.01476
  -0.02191
  -0.04373
  -0.03594
  -0.00380
   0.03091
   0.04468
   0.02819
  -0.00740
  -0.03798
  -0.04283
  -0.01867
   0.01814
   0.04266
   0.03828
   0.00797
  -0.02774
  -0.04466
  -0.03133
   0.00322
   0.03559
   0.04385
   0.02241
  -0.01421
  -0.04121
  -0.04029
  -0.01208
   0.02431
   0.04423
   0.03419
   0.00099
  -0.03288
  -0.04448
  -0.02595
   0.01016
   0.03939
   0.04194
   0.01608
  -0.02067
  -0.04342
  -0.03675
  -0.00519
   0.02988
   0.04472
   0.02926
  -0.00602
  -0.03722
  -0.04321
  -0.01993
   0.01685
   0.04222
   0.03899
   0.00935
  -0.02662
  -0.04456
  -0.03232
   0.00182
   0.03472
   0.04410
   0.02361
  -0.01287
  -0.04064
  -0.04088
  -0.01343
   0.02312
   0.04400
   0.03508
   0.00239
  -0.03191
  -0.04461
  -0.02708
   0.00879
   0.03870
   0.04240
   0.01738
  -0.01942
  -0.04306
  -0.03754
  -0.00659
   0.02882
   0.04471
   0.03031
  -0.00462
  -0.03642
  -0.04355
  -0.02118
   0.01554
   0.04173
   0.03966
   0.01072
  -0.02548
  -0.04442
  -0.03327
   0.00041
   0.03382
   0.04431
   0.02479
  -0.01152
  -0.04003
  -0.04143
  -0.01476
   0.02191
   0.04373
   0.03594
   0.00380
  -0.03091
  -0.04468
  -0.02819
   0.00740
   0.03798
   0.04283
   0.01867
  -0.01814
  -0.04266
  -0.03828
  -0.00797
   0.02774
   0.04466
   0.03133
  -0.00322
  -0.03559
  -0.04385
  -0.02241
   0.01421
   0.04121
   0.04029
   0.01208
  -0.02431
  -0.04423
  -0.03419
  -0.00099
   0.03288
   0.04448
   0.02595
  -0.01016
  -0.03939
  -0.04194
  -0.01608
   0.02067
   0.04342
   0.03675
   0.00519
  -0.02988
  -0.04472
  -0.02926
   0.00602
   0.03722
   0.04321
   0.01993
  -0.01685
  -0.04222
  -0.03899
  -0.00935
   0.02662
   0.04456
   0.03232
  -0.00182
  -0.03472
  -0.04410
  -0.02361
   0.01287
   0.04064
   0.04088
   0.01343
  -0.02312
  -0.04400
  -0.03508
  -0.00239
   0.03191
   0.04461
   0.02708
  -0.00879
  -0.03870
  -0.04240
  -0.01738
   0.01942
   0.04306
   0.03754
   0.00659
  -0.02882
  -0.04471
  -0.03031
   0.00462
   0.03642
   0.04355
   0.02118
  -0.01554
  -0.04173
  -0.03966
  -0.01072
   0.02548
   0.04442
   0.03327
  -0.00041
  -0.03382
  -0.04431
  -0.02479
   0.01152
   0.04003
   0.04143
   0.01476
  -0.02191
  -0.04373
  -0.03594
  -0.00380
   0.03091
   0.04468
   0.02819
  -0.00740
  -0.03798
  -0.04283
  -0.01867
   0.01814
   0.04266
   0.03828
   0.00797
  -0.02774
  -0.04466
  -0.03133
   0.00322
   0.03559
   0.04385
   0.02241
  -0.01421
  -0.04121
  -0.04029
  -0.01208
   0.02431
   0.04423
   0.03419
   0.00099
  -0.03288
  -0.04448
  -0.02595
   0.01016
   0.03939
   0.04194
   0.01608
  -0.02067
  -0.04342
  -0.03675
  -0.00519
   0.02988
   0.04472
   0.02926
  -0.00602
  -0.03722
  -0.04321
  -0.01993
   0.01685
   0.04222
   0.03899
   0.00935
  -0.02662
  -0.04456
  -0.03232
   0.00182
   0.03472
   0.04410
   0.02361
  -0.01287
  -0.04064
  -0.04088
  -0.01343
   0.02312
   0.04400
   0.03508
   0.00239
  -0.03191
  -0.04461
  -0.02708
   0.00879
   0.03870
   0.04240
   0.01738
  -0.01942
  -0.04306
  -0.03754
  -0.00659
   0.02882
   0.04471
   0.03031
  -0.00462
  -0.03642
  -0.04355
  -0.02118
   0.01554
   0.04173
   0.03966
   0.01072
  -0.02548
  -0.04442
  -0.03327
   0.00041
   0.03382
   0.04431
   0.02479
  -0.01152
  -0.04003
  -0.04143
  -0.01476
   0.02191
   0.04373
   0.03594
   0.00380
  -0.03091
  -0.04468
  -0.02819
   0.00740
   0.03798
   0.04283
   0.01867
  -0.01814
  -0.04266
  -0.03828
  -0.00797
   0.02774
   0.04466
   0.03133
  -0.00322
  -0.03559
  -0.04385
  -0.02241
   0.01421
   0.04121
   0.04029
   0.01208
  -0.02431
  -0.04423
  -0.03419
  -0.00099
   0.03288
   0.04448
   0.02595
  -0.01016
  -0.03939
  -0.04194
  -0.01608
   0.02067
   0.04342
   0.03675
   0.00519
  -0.02988
  -0.04472
  -0.02926
   0.00602
   0.03722
   0.04321
   0.01993
  -0.01685
  -0.04222
  -0.03899
  -0.00935
   0.02662
   0.04456
   0.03232
  -0.00182
  -0.03472
  -0.04410
  -0.02361
   0.01287
   0.04064
   0.04088
   0.01343
  -0.02312
  -0.04400
  -0.03508
  -0.00239
   0.03191
   0.04461
   0.02708
  -0.00879
  -0.03870
  -0.04240
  -0.01738
   0.01942
   0.04306
   0.03754
   0.00659
  -0.02882
  -0.04471
  -0.03031
   0.00462
   0.03642
   0.04355
   0.02118
  -0.01554
  -0.04173
  -0.03966
  -0.01072
   0.02548
   0.04442
   0.03327
  -0.00041
