   0.02491
   0.04158
   0.04358
   0.03020
   0.00616
  -0.02006
  -0.03919
  -0.04450
  -0.03410
  -0.01166
   0.01489
   0.03618
   0.04471
   0.03745
   0.01698
  -0.00948
  -0.03260
  -0.04421
  -0.04022
  -0.02203
   0.00393
   0.02851
   0.04302
   0.04235
   0.02674
   0.00168
  -0.02397
  -0.04116
  -0.04382
  -0.03102
  -0.00727
   0.01904
   0.03864
   0.04459
   0.03481
   0.01274
  -0.01382
  -0.03551
  -0.04467
  -0.03806
  -0.01802
   0.00838
   0.03182
   0.04403
   0.04070
   0.02300
  -0.00281
  -0.02763
  -0.04270
  -0.04270
  -0.02763
  -0.00280
   0.02301
   0.04070
   0.04403
   0.03182
   0.00838
  -0.01802
  -0.03806
  -0.04466
  -0.03551
  -0.01382
   0.01275
   0.03482
   0.04459
   0.03863
   0.01904
  -0.00728
  -0.03102
  -0.04382
  -0.04115
  -0.02396
   0.00169
   0.02674
   0.04236
   0.04302
   0.02850
   0.00393
  -0.02204
  -0.04022
  -0.04421
  -0.03260
  -0.00948
   0.01699
   0.03746
   0.04471
   0.03618
   0.01488
  -0.01167
  -0.03410
  -0.04450
  -0.03919
  -0.02005
   0.00617
   0.03020
   0.04358
   0.04158
   0.02490
  -0.00057
  -0.02583
  -0.04198
  -0.04332
  -0.02936
  -0.00504
   0.02105
   0.03972
   0.04437
   0.03336
   0.01057
  -0.01594
  -0.03683
  -0.04472
  -0.03683
  -0.01594
   0.01058
   0.03336
   0.04437
   0.03972
   0.02105
  -0.00505
  -0.02937
  -0.04332
  -0.04198
  -0.02583
  -0.00056
   0.02491
   0.04158
   0.04358
   0.03020
   0.00616
  -0.02006
  -0.03919
  -0.04450
  -0.03410
  -0.01166
   0.01489
   0.03618
   0.04471
   0.03745
   0.01698
  -0.00948
  -0.03260
  -0.04421
  -0.04022
  -0.02203
   0.00393
   0.02851
   0.04302
   0.04235
   0.02674
   0.00168
  -0.02397
  -0.04116
  -0.04382
  -0.03102
  -0.00727
   0.01904
   0.03864
   0.04459
   0.03481
   0.01274
  -0.01382
  -0.03551
  -0.04467
  -0.03806
  -0.01802
   0.00838
   0.03182
   0.04403
   0.04070
   0.02300
  -0.00281
  -0.02763
  -0.04270
  -0.04270
  -0.02763
  -0.00280
   0.02301
   0.04070
   0.04403
   0.03182
   0.00838
  -0.01802
  -0.03806
  -0.04466
  -0.03551
  -0.01382
   0.01275
   0.03482
   0.04459
   0.03863
   0.01904
  -0.00728
  -0.03102
  -0.04382
  -0.04115
  -0.02396
   0.00169
   0.02674
   0.04236
   0.04302
   0.02850
   0.00393
  -0.02204
  -0.04022
  -0.04421
  -0.03260
  -0.00948
   0.01699
   0.03746
   0.04471
   0.03618
   0.01488
  -0.01167
  -0.03410
  -0.04450
  -0.03919
  -0.02005
   0.00617
   0.03020
   0.04358
   0.04158
   0.02490
  -0.00057
  -0.02583
  -0.04198
  -0.04332
  -0.02936
  -0.00504
   0.02105
   0.03972
   0.04437
   0.03336
   0.01057
  -0.01594
  -0.03683
  -0.04472
  -0.03683
  -0.01594
   0.01058
   0.03336
   0.04437
   0.03972
   0.02105
  -0.00505
  -0.02937
  -0.04332
  -0.04198
  -0.02583
  -0.00056
   0.02491
   0.04158
   0.04358
   0.03020
   0.00616
  -0.02006
  -0.03919
  -0.04450
  -0.03410
  -0.01166
   0.01489
   0.03618
   0.04471
   0.03745
   0.01698
  -0.00948
  -0.03260
  -0.04421
  -0.04022
  -0.02203
   0.00393
   0.02851
   0.04302
   0.04235
   0.02674
   0.00168
  -0.02397
  -0.04116
  -0.04382
  -0.03102
  -0.00727
   0.01904
   0.03864
   0.04459
   0.03481
   0.01274
  -0.01382
  -0.03551
  -0.04467
  -0.03806
  -0.01802
   0.00838
   0.03182
   0.04403
   0.04070
   0.02300
  -0.00281
  -0.02763
  -0.04270
  -0.04270
  -0.02763
  -0.00280
   0.02301
   0.04070
   0.04403
   0.03182
   0.00838
  -0.01802
  -0.03806
  -0.04466
  -0.03551
  -0.01382
   0.01275
   0.03482
   0.04459
   0.03863
   0.01904
  -0.00728
  -0.03102
  -0.04382
  -0.04115
  -0.02396
   0.00169
   0.02674
   0.04236
   0.04302
   0.02850
   0.00393
  -0.02204
  -0.04022
  -0.04421
  -0.03260
  -0.00948
   0.01699
   0.03746
   0.04471
   0.03618
   0.01488
  -0.01167
  -0.03410
  -0.04450
  -0.03919
  -0.02005
   0.00617
   0.03020
   0.04358
   0.04158
   0.02490
  -0.00057
  -0.02583
  -0.04198
  -0.04332
  -0.02936
  -0.00504
   0.02105
   0.03972
   0.04437
   0.03336
   0.01057
  -0.01594
  -0.03683
  -0.04472
  -0.03683
  -0.01594
   0.01058
   0.03336
   0.04437
   0.03972
   0.02105
  -0.00505
  -0.02937
  -0.04332
  -0.04198
  -0.02583
  -0.00056
   0.02491
   0.04158
   0.04358
   0.03020
   0.00616
  -0.02006
  -0.03919
  -0.04450
  -0.03410
  -0.01166
   0.01489
   0.03618
   0.04471
   0.03745
   0.01698
  -0.00948
  -0.03260
  -0.04421
  -0.04022
  -0.02203
   0.00393
   0.02851
   0.04302
   0.04235
   0.02674
   0.00168
  -0.02397
  -0.04116
  -0.04382
  -0.03102
  -0.00727
   0.01904
   0.03864
   0.04459
   0.03481
   0.01274
  -0.01382
  -0.03551
  -0.04467
  -0.03806
  -0.01802
   0.00838
   0.03182
   0.04403
   0.04070
   0.02300
  -0.00281
  -0.02763
  -0.04270
  -0.04270
  -0.02763
  -0.00280
   0.02301
   0.04070
   0.04403
   0.03182
   0.00838
  -0.01802
  -0.03806
  -0.04466
  -0.03551
  -0.01382
   0.01275
   0.03482
   0.04459
   0.03863
   0.01904
  -0.00728
  -0.03102
  -0.04382
  -0.04115
  -0.02396
   0.00169
   0.02674
   0.04236
   0.04302
   0.02850
   0.00393
  -0.02204
  -0.04022
  -0.04421
  -0.03260
  -0.00948
   0.01699
   0.03746
   0.04471
   0.03618
   0.01488
  -0.01167
  -0.03410
  -0.04450
  -0.03919
  -0.02005
   0.00617
   0.03020
   0.04358
   0.04158
   0.02490
  -0.00057
  -0.02583
  -0.04198
  -0.04332
  -0.02936
  -0.00504
   0.02105
   0.03972
   0.04437
   0.03336
   0.01057
  -0.01594
  -0.03683
  -0.04472
  -0.03683
  -0.01594
   0.01058
   0.03336
   0.04437
   0.03972
   0.02105
  -0.00505
  -0.02937
  -0.04332
  -0.04198
  -0.02583
  -0.00056
   0.02491
   0.04158
   0.04358
   0.03020
   0.00616
  -0.02006
  -0.03919
  -0.04450
  -0.03410
  -0.01166
   0.01489
   0.03618
   0.04471
   0.03745
   0.01698
  -0.00948
  -0.03260
  -0.04421
  -0.04022
  -0.02203
   0.00393
   0.02851
   0.04302
   0.04235
   0.02674
   0.00168
  -0.02397
  -0.04116
  -0.04382
  -0.03102
  -0.00727
   0.01904
   0.03864
   0.04459
   0.03481
   0.01274
  -0.01382
  -0.03551
  -0.04467
  -0.03806
  -0.01802
   0.00838
   0.03182
   0.04403
   0.04070
   0.02300
  -0.00281
  -0.02763
  -0.04270
  -0.04270
  -0.02763
  -0.00280
   0.02301
   0.04070
   0.04403
   0.03182
   0.00838
  -0.01802
  -0.03806
  -0.04466
  -0.03551
  -0.01382
   0.01275
   0.03482
   0.04459
   0.03863
   0.01904
  -0.00728
  -0.03102
  -0.04382
  -0.04115
  -0.02396
   0.00169
   0.02674
   0.04236
   0.04302
   0.02850
   0.00393
  -0.02204
  -0.04022
  -0.04421
  -0.03260
  -0.00948
   0.01699
   0.03746
   0.04471
   0.03618
   0.01488
  -0.01167
  -0.03410
  -0.04450
  -0.03919
  -0.02005
   0.00617
   0.03020
   0.04358
   0.04158
   0.02490
  -0.00057
  -0.02583
  -0.04198
  -0.04332
  -0.02936
  -0.00504
   0.02105
   0.03972
   0.04437
   0.03336
   0.01057
  -0.01594
  -0.03683
  -0.04472
  -0.03683
  -0.01594
   0.01058
   0.03336
   0.04437
   0.03972
   0.02105
  -0.00505
  -0.02937
  -0.04332
  -0.04198
  -0.02583
  -0.00056
   0.02491
   0.04158
   0.04358
   0.03020
   0.00616
  -0.02006
  -0.03919
  -0.04450
  -0.03410
  -0.01166
   0.01489
   0.03618
   0.04471
   0.03745
   0.01698
  -0.00948
  -0.03260
  -0.04421
  -0.04022
  -0.02203
   0.00393
   0.02851
   0.04302
   0.04235
   0.02674
   0.00168
  -0.02397
  -0.04116
  -0.04382
  -0.03102
  -0.00727
   0.01904
   0.03864
   0.04459
   0.03481
   0.01274
  -0.01382
  -0.03551
  -0.04467
  -0.03806
  -0.01802
   0.00838
   0.03182
   0.04403
   0.04070
   0.02300
  -0.00281
  -0.02763
  -0.04270
  -0.04270
  -0.02763
  -0.00280
   0.02301
   0.04070
   0.04403
   0.03182
   0.00838
  -0.01802
  -0.03806
  -0.04466
  -0.03551
  -0.01382
   0.01275
   0.03482
   0.04459
   0.03863
   0.01904
  -0.00728
  -0.03102
  -0.04382
  -0.04115
  -0.02396
   0.00169
   0.02674
   0.04236
   0.04302
   0.02850
   0.00393
  -0.02204
  -0.04022
  -0.04421
  -0.03260
  -0.00948
   0.01699
   0.03746
   0.04471
   0.03618
   0.01488
  -0.01167
  -0.03410
  -0.04450
  -0.03919
  -0.02005
   0.00617
   0.03020
   0.04358
   0.04158
   0.02490
  -0.00057
  -0.02583
  -0.04198
  -0.04332
  -0.02936
  -0.00504
   0.02105
   0.03972
   0.04437
   0.03336
   0.01057
  -0.01594
  -0.03683
  -0.04472
  -0.03683
  -0.01594
   0.01058
   0.03336
   0.04437
   0.03972
   0.02105
  -0.00505
  -0.02937
  -0.04332
  -0.04198
  -0.02583
  -0.00056
   0.02491
   0.04158
   0.04358
   0.03020
   0.00616
  -0.02006
  -0.03919
  -0.04450
  -0.03410
  -0.01166
   0.01489
   0.03618
   0.04471
   0.03745
   0.01698
  -0.00948
  -0.03260
  -0.04421
  -0.04022
  -0.02203
   0.00393
   0.02851
   0.04302
   0.04235
   0.02674
   0.00168
  -0.02397
  -0.04116
  -0.04382
  -0.03102
  -0.00727
   0.01904
   0.03864
   0.04459
   0.03481
   0.01274
  -0.01382
  -0.03551
  -0.04467
  -0.03806
  -0.01802
   0.00838
   0.03182
   0.04403
   0.04070
   0.02300
  -0.00281
  -0.02763
  -0.04270
  -0.04270
  -0.02763
  -0.00280
   0.02301
   0.04070
   0.04403
   0.03182
   0.00838
  -0.01802
  -0.03806
  -0.04466
  -0.03551
  -0.01382
   0.01275
   0.03482
   0.04459
   0.03863
   0.01904
  -0.00728
  -0.03102
  -0.04382
  -0.04115
  -0.02396
   0.00169
   0.02674
   0.04236
   0.04302
   0.02850
   0.00393
  -0.02204
  -0.04022
  -0.04421
  -0.03260
  -0.00948
   0.01699
   0.03746
   0.04471
   0.03618
   0.01488
  -0.01167
  -0.03410
  -0.04450
  -0.03919
  -0.02005
   0.00617
   0.03020
   0.04358
   0.04158
   0.02490
  -0.00057
  -0.02583
  -0.04198
  -0.04332
  -0.02936
  -0.00504
   0.02105
   0.03972
   0.04437
   0.03336
   0.01057
  -0.01594
  -0.03683
  -0.04472
  -0.03683
  -0.01594
   0.01058
   0.03336
   0.04437
   0.03972
   0.02105
  -0.00505
  -0.02937
  -0.04332
  -0.04198
  -0.02583
  -0.00056
   0.02491
   0.04158
   0.04358
   0.03020
   0.00616
  -0.02006
  -0.03919
  -0.04450
  -0.03410
  -0.01166
   0.01489
   0.03618
   0.04471
   0.03745
   0.01698
  -0.00948
  -0.03260
  -0.04421
  -0.04022
  -0.02203
   0.00393
   0.02851
   0.04302
   0.04235
   0.02674
   0.00168
  -0.02397
  -0.04116
  -0.04382
  -0.03102
  -0.00727
   0.01904
   0.03864
   0.04459
   0.03481
   0.01274
  -0.01382
  -0.03551
  -0.04467
  -0.03806
  -0.01802
   0.00838
   0.03182
   0.04403
   0.04070
   0.02300
  -0.00281
  -0.02763
  -0.04270
  -0.04270
  -0.02763
  -0.00280
   0.02301
   0.04070
   0.04403
   0.03182
   0.00838
  -0.01802
  -0.03806
  -0.04466
  -0.03551
  -0.01382
   0.01275
   0.03482
   0.04459
   0.03863
   0.01904
  -0.00728
  -0.03102
  -0.04382
  -0.04115
  -0.02396
   0.00169
   0.02674
   0.04236
   0.04302
   0.02850
   0.00393
  -0.02204
  -0.04022
  -0.04421
  -0.03260
  -0.00948
   0.01699
   0.03746
   0.04471
   0.03618
   0.01488
  -0.01167
  -0.03410
  -0.04450
  -0.03919
  -0.02005
   0.00617
   0.03020
   0.04358
   0.04158
   0.02490
  -0.00057
  -0.02583
  -0.04198
  -0.04332
  -0.02936
  -0.00504
   0.02105
   0.03972
   0.04437
   0.03336
   0.01057
  -0.01594
  -0.03683
  -0.04472
  -0.03683
  -0.01594
   0.01058
   0.03336
   0.04437
   0.03972
   0.02105
  -0.00505
  -0.02937
  -0.04332
  -0.04198
  -0.02583
  -0.00056
