   0.03765
  -0.04007
   0.00358
   0.03639
  -0.04101
   0.00581
   0.03504
  -0.04186
   0.00803
   0.03359
  -0.04260
   0.01023
   0.03207
  -0.04323
   0.01241
   0.03046
  -0.04375
   0.01455
   0.02878
  -0.04416
   0.01666
   0.02702
  -0.04446
   0.01872
   0.02520
  -0.04465
   0.02074
   0.02331
  -0.04472
   0.02270
   0.02136
  -0.04468
   0.02461
   0.01936
  -0.04453
   0.02645
   0.01731
  -0.04427
   0.02823
   0.01522
  -0.04389
   0.02994
   0.01309
  -0.04340
   0.03157
   0.01092
  -0.04281
   0.03312
   0.00873
  -0.04210
   0.03459
   0.00651
  -0.04129
   0.03597
   0.00428
  -0.04038
   0.03726
   0.00204
  -0.03936
   0.03846
  -0.00021
  -0.03824
   0.03955
  -0.00245
  -0.03703
   0.04055
  -0.00470
  -0.03572
   0.04145
  -0.00692
  -0.03433
   0.04224
  -0.00913
  -0.03284
   0.04293
  -0.01132
  -0.03128
   0.04350
  -0.01348
  -0.02963
   0.04397
  -0.01561
  -0.02791
   0.04432
  -0.01769
  -0.02612
   0.04457
  -0.01974
  -0.02426
   0.04470
  -0.02173
  -0.02234
   0.04471
  -0.02366
  -0.02037
   0.04462
  -0.02554
  -0.01834
   0.04441
  -0.02735
  -0.01627
   0.04409
  -0.02910
  -0.01416
   0.04366
  -0.03077
  -0.01201
   0.04312
  -0.03236
  -0.00983
   0.04247
  -0.03387
  -0.00762
   0.04171
  -0.03529
  -0.00540
   0.04085
  -0.03663
  -0.00316
   0.03988
  -0.03787
  -0.00092
   0.03881
  -0.03902
   0.00133
   0.03765
  -0.04007
   0.00358
   0.03639
  -0.04101
   0.00581
   0.03504
  -0.04186
   0.00803
   0.03359
  -0.04260
   0.01023
   0.03207
  -0.04323
   0.01241
   0.03046
  -0.04375
   0.01455
   0.02878
  -0.04416
   0.01666
   0.02702
  -0.04446
   0.01872
   0.02520
  -0.04465
   0.02074
   0.02331
  -0.04472
   0.02270
   0.02136
  -0.04468
   0.02461
   0.01936
  -0.04453
   0.02645
   0.01731
  -0.04427
   0.02823
   0.01522
  -0.04389
   0.02994
   0.01309
  -0.04340
   0.03157
   0.01092
  -0.04281
   0.03312
   0.00873
  -0.04210
   0.03459
   0.00651
  -0.04129
   0.03597
   0.00428
  -0.04038
   0.03726
   0.00204
  -0.03936
   0.03846
  -0.00021
  -0.03824
   0.03955
  -0.00245
  -0.03703
   0.04055
  -0.00470
  -0.03572
   0.04145
  -0.00692
  -0.03433
   0.04224
  -0.00913
  -0.03284
   0.04293
  -0.01132
  -0.03128
   0.04350
  -0.01348
  -0.02963
   0.04397
  -0.01561
  -0.02791
   0.04432
  -0.01769
  -0.02612
   0.04457
  -0.01974
  -0.02426
   0.04470
  -0.02173
  -0.02234
   0.04471
  -0.02366
  -0.02037
   0.04462
  -0.02554
  -0.01834
   0.04441
  -0.02735
  -0.01627
   0.04409
  -0.02910
  -0.01416
   0.04366
  -0.03077
  -0.01201
   0.04312
  -0.03236
  -0.00983
   0.04247
  -0.03387
  -0.00762
   0.04171
  -0.03529
  -0.00540
   0.04085
  -0.03663
  -0.00316
   0.03988
  -0.03787
  -0.00092
   0.03881
  -0.03902
   0.00133
   0.03765
  -0.04007
   0.00358
   0.03639
  -0.04101
   0.00581
   0.03504
  -0.04186
   0.00803
   0.03359
  -0.04260
   0.01023
   0.03207
  -0.04323
   0.01241
   0.03046
  -0.04375
   0.01455
   0.02878
  -0.04416
   0.01666
   0.02702
  -0.04446
   0.01872
   0.02520
  -0.04465
   0.02074
   0.02331
  -0.04472
   0.02270
   0.02136
  -0.04468
   0.02461
   0.01936
  -0.04453
   0.02645
   0.01731
  -0.04427
   0.02823
   0.01522
  -0.04389
   0.02994
   0.01309
  -0.04340
   0.03157
   0.01092
  -0.04281
   0.03312
   0.00873
  -0.04210
   0.03459
   0.00651
  -0.04129
   0.03597
   0.00428
  -0.04038
   0.03726
   0.00204
  -0.03936
   0.03846
  -0.00021
  -0.03824
   0.03955
  -0.00245
  -0.03703
   0.04055
  -0.00470
  -0.03572
   0.04145
  -0.00692
  -0.03433
   0.04224
  -0.00913
  -0.03284
   0.04293
  -0.01132
  -0.03128
   0.04350
  -0.01348
  -0.02963
   0.04397
  -0.01561
  -0.02791
   0.04432
  -0.01769
  -0.02612
   0.04457
  -0.01974
  -0.02426
   0.04470
  -0.02173
  -0.02234
   0.04471
  -0.02366
  -0.02037
   0.04462
  -0.02554
  -0.01834
   0.04441
  -0.02735
  -0.01627
   0.04409
  -0.02910
  -0.01416
   0.04366
  -0.03077
  -0.01201
   0.04312
  -0.03236
  -0.00983
   0.04247
  -0.03387
  -0.00762
   0.04171
  -0.03529
  -0.00540
   0.04085
  -0.03663
  -0.00316
   0.03988
  -0.03787
  -0.00092
   0.03881
  -0.03902
   0.00133
   0.03765
  -0.04007
   0.00358
   0.03639
  -0.04101
   0.00581
   0.03504
  -0.04186
   0.00803
   0.03359
  -0.04260
   0.01023
   0.03207
  -0.04323
   0.01241
   0.03046
  -0.04375
   0.01455
   0.02878
  -0.04416
   0.01666
   0.02702
  -0.04446
   0.01872
   0.02520
  -0.04465
   0.02074
   0.02331
  -0.04472
   0.02270
   0.02136
  -0.04468
   0.02461
   0.01936
  -0.04453
   0.02645
   0.01731
  -0.04427
   0.02823
   0.01522
  -0.04389
   0.02994
   0.01309
  -0.04340
   0.03157
   0.01092
  -0.04281
   0.03312
   0.00873
  -0.04210
   0.03459
   0.00651
  -0.04129
   0.03597
   0.00428
  -0.04038
   0.03726
   0.00204
  -0.03936
   0.03846
  -0.00021
  -0.03824
   0.03955
  -0.00245
  -0.03703
   0.04055
  -0.00470
  -0.03572
   0.04145
  -0.00692
  -0.03433
   0.04224
  -0.00913
  -0.03284
   0.04293
  -0.01132
  -0.03128
   0.04350
  -0.01348
  -0.02963
   0.04397
  -0.01561
  -0.02791
   0.04432
  -0.01769
  -0.02612
   0.04457
  -0.01974
  -0.02426
   0.04470
  -0.02173
  -0.02234
   0.04471
  -0.02366
  -0.02037
   0.04462
  -0.02554
  -0.01834
   0.04441
  -0.02735
  -0.01627
   0.04409
  -0.02910
  -0.01416
   0.04366
  -0.03077
  -0.01201
   0.04312
  -0.03236
  -0.00983
   0.04247
  -0.03387
  -0.00762
   0.04171
  -0.03529
  -0.00540
   0.04085
  -0.03663
  -0.00316
   0.03988
  -0.03787
  -0.00092
   0.03881
  -0.03902
   0.00133
   0.03765
  -0.04007
   0.00358
   0.03639
  -0.04101
   0.00581
   0.03504
  -0.04186
   0.00803
   0.03359
  -0.04260
   0.01023
   0.03207
  -0.04323
   0.01241
   0.03046
  -0.04375
   0.01455
   0.02878
  -0.04416
   0.01666
   0.02702
  -0.04446
   0.01872
   0.02520
  -0.04465
   0.02074
   0.02331
  -0.04472
   0.02270
   0.02136
  -0.04468
   0.02461
   0.01936
  -0.04453
   0.02645
   0.01731
  -0.04427
   0.02823
   0.01522
  -0.04389
   0.02994
   0.01309
  -0.04340
   0.03157
   0.01092
  -0.04281
   0.03312
   0.00873
  -0.04210
   0.03459
   0.00651
  -0.04129
   0.03597
   0.00428
  -0.04038
   0.03726
   0.00204
  -0.03936
   0.03846
  -0.00021
  -0.03824
   0.03955
  -0.00245
  -0.03703
   0.04055
  -0.00470
  -0.03572
   0.04145
  -0.00692
  -0.03433
   0.04224
  -0.00913
  -0.03284
   0.04293
  -0.01132
  -0.03128
   0.04350
  -0.01348
  -0.02963
   0.04397
  -0.01561
  -0.02791
   0.04432
  -0.01769
  -0.02612
   0.04457
  -0.01974
  -0.02426
   0.04470
  -0.02173
  -0.02234
   0.04471
  -0.02366
  -0.02037
   0.04462
  -0.02554
  -0.01834
   0.04441
  -0.02735
  -0.01627
   0.04409
  -0.02910
  -0.01416
   0.04366
  -0.03077
  -0.01201
   0.04312
  -0.03236
  -0.00983
   0.04247
  -0.03387
  -0.00762
   0.04171
  -0.03529
  -0.00540
   0.04085
  -0.03663
  -0.00316
   0.03988
  -0.03787
  -0.00092
   0.03881
  -0.03902
   0.00133
   0.03765
  -0.04007
   0.00358
   0.03639
  -0.04101
   0.00581
   0.03504
  -0.04186
   0.00803
   0.03359
  -0.04260
   0.01023
   0.03207
  -0.04323
   0.01241
   0.03046
  -0.04375
   0.01455
   0.02878
  -0.04416
   0.01666
   0.02702
  -0.04446
   0.01872
   0.02520
  -0.04465
   0.02074
   0.02331
  -0.04472
   0.02270
   0.02136
  -0.04468
   0.02461
   0.01936
  -0.04453
   0.02645
   0.01731
  -0.04427
   0.02823
   0.01522
  -0.04389
   0.02994
   0.01309
  -0.04340
   0.03157
   0.01092
  -0.04281
   0.03312
   0.00873
  -0.04210
   0.03459
   0.00651
  -0.04129
   0.03597
   0.00428
  -0.04038
   0.03726
   0.00204
  -0.03936
   0.03846
  -0.00021
  -0.03824
   0.03955
  -0.00245
  -0.03703
   0.04055
  -0.00470
  -0.03572
   0.04145
  -0.00692
  -0.03433
   0.04224
  -0.00913
  -0.03284
   0.04293
  -0.01132
  -0.03128
   0.04350
  -0.01348
  -0.02963
   0.04397
  -0.01561
  -0.02791
   0.04432
  -0.01769
  -0.02612
   0.04457
  -0.01974
  -0.02426
   0.04470
  -0.02173
  -0.02234
   0.04471
  -0.02366
  -0.02037
   0.04462
  -0.02554
  -0.01834
   0.04441
  -0.02735
  -0.01627
   0.04409
  -0.02910
  -0.01416
   0.04366
  -0.03077
  -0.01201
   0.04312
  -0.03236
  -0.00983
   0.04247
  -0.03387
  -0.00762
   0.04171
  -0.03529
  -0.00540
   0.04085
  -0.03663
  -0.00316
   0.03988
  -0.03787
  -0.00092
   0.03881
  -0.03902
   0.00133
   0.03765
  -0.04007
   0.00358
   0.03639
  -0.04101
   0.00581
   0.03504
  -0.04186
   0.00803
   0.03359
  -0.04260
   0.01023
   0.03207
  -0.04323
   0.01241
   0.03046
  -0.04375
   0.01455
   0.02878
  -0.04416
   0.01666
   0.02702
  -0.04446
   0.01872
   0.02520
  -0.04465
   0.02074
   0.02331
  -0.04472
   0.02270
   0.02136
  -0.04468
   0.02461
   0.01936
  -0.04453
   0.02645
   0.01731
  -0.04427
   0.02823
   0.01522
  -0.04389
   0.02994
   0.01309
  -0.04340
   0.03157
   0.01092
  -0.04281
   0.03312
   0.00873
  -0.04210
   0.03459
   0.00651
  -0.04129
   0.03597
   0.00428
  -0.04038
   0.03726
   0.00204
  -0.03936
   0.03846
  -0.00021
  -0.03824
   0.03955
  -0.00245
  -0.03703
   0.04055
  -0.00470
  -0.03572
   0.04145
  -0.00692
  -0.03433
   0.04224
  -0.00913
  -0.03284
   0.04293
  -0.01132
  -0.03128
   0.04350
  -0.01348
  -0.02963
   0.04397
  -0.01561
  -0.02791
   0.04432
  -0.01769
  -0.02612
   0.04457
  -0.01974
  -0.02426
   0.04470
  -0.02173
  -0.02234
   0.04471
  -0.02366
  -0.02037
   0.04462
  -0.02554
  -0.01834
   0.04441
  -0.02735
  -0.01627
   0.04409
  -0.02910
  -0.01416
   0.04366
  -0.03077
  -0.01201
   0.04312
  -0.03236
  -0.00983
   0.04247
  -0.03387
  -0.00762
   0.04171
  -0.03529
  -0.00540
   0.04085
  -0.03663
  -0.00316
   0.03988
  -0.03787
  -0.00092
   0.03881
  -0.03902
   0.00133
   0.03765
  -0.04007
   0.00358
   0.03639
  -0.04101
   0.00581
   0.03504
  -0.04186
   0.00803
   0.03359
  -0.04260
   0.01023
   0.03207
  -0.04323
   0.01241
   0.03046
  -0.04375
   0.01455
   0.02878
  -0.04416
   0.01666
   0.02702
  -0.04446
   0.01872
   0.02520
  -0.04465
   0.02074
   0.02331
  -0.04472
   0.02270
   0.02136
  -0.04468
   0.02461
   0.01936
  -0.04453
   0.02645
   0.01731
  -0.04427
   0.02823
   0.01522
  -0.04389
   0.02994
   0.01309
  -0.04340
   0.03157
   0.01092
  -0.04281
   0.03312
   0.00873
  -0.04210
   0.03459
   0.00651
  -0.04129
   0.03597
   0.00428
  -0.04038
   0.03726
   0.00204
  -0.03936
   0.03846
  -0.00021
  -0.03824
   0.03955
  -0.00245
  -0.03703
   0.04055
  -0.00470
  -0.03572
   0.04145
  -0.00692
  -0.03433
   0.04224
  -0.00913
  -0.03284
   0.04293
  -0.01132
  -0.03128
   0.04350
  -0.01348
  -0.02963
   0.04397
  -0.01561
  -0.02791
   0.04432
  -0.01769
  -0.02612
   0.04457
  -0.01974
  -0.02426
   0.04470
  -0.02173
  -0.02234
   0.04471
  -0.02366
  -0.02037
   0.04462
  -0.02554
  -0.01834
   0.04441
  -0.02735
  -0.01627
   0.04409
  -0.02910
  -0.01416
   0.04366
  -0.03077
  -0.01201
   0.04312
  -0.03236
  -0.00983
   0.04247
  -0.03387
  -0.00762
   0.04171
  -0.03529
  -0.00540
   0.04085
  -0.03663
  -0.00316
   0.03988
  -0.03787
  -0.00092
   0.03881
  -0.03902
   0.00133
