  -0.00546
   0.04298
  -0.02818
  -0.02092
   0.04456
  -0.01396
  -0.03364
   0.04029
   0.00210
  -0.04193
   0.03072
   0.01788
  -0.04472
   0.01712
   0.03132
  -0.04163
   0.00127
   0.04064
  -0.03308
  -0.01475
   0.04462
  -0.02018
  -0.02883
   0.04275
  -0.00463
  -0.03912
   0.03525
   0.01152
  -0.04427
   0.02313
   0.02617
  -0.04361
   0.00797
   0.03738
  -0.03723
  -0.00824
   0.04367
  -0.02595
  -0.02336
   0.04424
  -0.01126
  -0.03542
   0.03899
   0.00490
  -0.04282
   0.02862
   0.02042
  -0.04461
   0.01449
   0.03326
  -0.04053
  -0.00154
   0.04173
  -0.03113
  -0.01737
   0.04472
  -0.01764
  -0.03092
   0.04184
  -0.00183
  -0.04040
   0.03346
   0.01421
  -0.04458
   0.02068
   0.02839
  -0.04291
   0.00519
   0.03884
  -0.03560
  -0.01098
   0.04419
  -0.02361
  -0.02571
   0.04374
  -0.00852
  -0.03706
   0.03753
   0.00768
  -0.04355
   0.02640
   0.02288
  -0.04431
   0.01181
   0.03507
  -0.03926
  -0.00434
   0.04266
  -0.02905
  -0.01992
   0.04464
  -0.01502
  -0.03288
   0.04076
   0.00098
  -0.04153
   0.03153
   0.01685
  -0.04472
   0.01815
   0.03051
  -0.04203
   0.00239
   0.04016
  -0.03383
  -0.01368
   0.04454
  -0.02118
  -0.02796
   0.04306
  -0.00575
  -0.03856
   0.03593
   0.01043
  -0.04410
   0.02409
   0.02525
  -0.04385
   0.00907
   0.03675
  -0.03784
  -0.00713
   0.04342
  -0.02686
  -0.02240
   0.04439
  -0.01235
  -0.03472
   0.03953
   0.00378
  -0.04249
   0.02947
   0.01942
  -0.04467
   0.01555
   0.03250
  -0.04099
  -0.00042
   0.04132
  -0.03192
  -0.01633
   0.04470
  -0.01866
  -0.03009
   0.04222
  -0.00295
  -0.03991
   0.03419
   0.01314
  -0.04448
   0.02167
   0.02752
  -0.04321
   0.00631
   0.03827
  -0.03627
  -0.00989
   0.04401
  -0.02456
  -0.02478
   0.04396
  -0.00962
  -0.03642
   0.03813
   0.00657
  -0.04328
   0.02730
   0.02191
  -0.04445
   0.01289
   0.03437
  -0.03979
  -0.00322
   0.04231
  -0.02989
  -0.01891
   0.04469
  -0.01608
  -0.03211
   0.04121
  -0.00015
  -0.04110
   0.03231
   0.01580
  -0.04468
   0.01917
   0.02968
  -0.04240
   0.00351
   0.03965
  -0.03455
  -0.01261
   0.04442
  -0.02216
  -0.02707
   0.04335
  -0.00686
  -0.03798
   0.03659
   0.00934
  -0.04390
   0.02503
   0.02431
  -0.04406
   0.01017
   0.03609
  -0.03842
  -0.00602
   0.04313
  -0.02775
  -0.02142
   0.04451
  -0.01342
  -0.03400
   0.04004
   0.00266
  -0.04212
   0.03031
   0.01840
  -0.04471
   0.01660
   0.03172
  -0.04143
   0.00071
   0.04087
  -0.03270
  -0.01528
   0.04466
  -0.01968
  -0.02925
   0.04258
  -0.00407
  -0.03939
   0.03491
   0.01207
  -0.04435
   0.02265
   0.02662
  -0.04349
   0.00742
   0.03768
  -0.03691
  -0.00879
   0.04379
  -0.02549
  -0.02384
   0.04415
  -0.01072
  -0.03576
   0.03871
   0.00546
  -0.04298
   0.02818
   0.02092
  -0.04456
   0.01396
   0.03364
  -0.04029
  -0.00210
   0.04193
  -0.03072
  -0.01788
   0.04472
  -0.01712
  -0.03132
   0.04163
  -0.00127
  -0.04064
   0.03308
   0.01475
  -0.04462
   0.02018
   0.02883
  -0.04275
   0.00463
   0.03912
  -0.03525
  -0.01152
   0.04427
  -0.02313
  -0.02617
   0.04361
  -0.00797
  -0.03738
   0.03723
   0.00824
  -0.04367
   0.02595
   0.02336
  -0.04424
   0.01126
   0.03542
  -0.03899
  -0.00490
   0.04282
  -0.02862
  -0.02042
   0.04461
  -0.01449
  -0.03326
   0.04053
   0.00154
  -0.04173
   0.03113
   0.01737
  -0.04472
   0.01764
   0.03092
  -0.04184
   0.00183
   0.04040
  -0.03346
  -0.01421
   0.04458
  -0.02068
  -0.02839
   0.04291
  -0.00519
  -0.03884
   0.03560
   0.01098
  -0.04419
   0.02361
   0.02571
  -0.04374
   0.00852
   0.03706
  -0.03753
  -0.00768
   0.04355
  -0.02640
  -0.02288
   0.04431
  -0.01181
  -0.03507
   0.03926
   0.00434
  -0.04266
   0.02905
   0.01992
  -0.04464
   0.01502
   0.03288
  -0.04076
  -0.00098
   0.04153
  -0.03153
  -0.01685
   0.04472
  -0.01815
  -0.03051
   0.04203
  -0.00239
  -0.04016
   0.03383
   0.01368
  -0.04454
   0.02118
   0.02796
  -0.04306
   0.00575
   0.03856
  -0.03593
  -0.01043
   0.04410
  -0.02409
  -0.02525
   0.04385
  -0.00907
  -0.03675
   0.03784
   0.00713
  -0.04342
   0.02686
   0.02240
  -0.04439
   0.01235
   0.03472
  -0.03953
  -0.00378
   0.04249
  -0.02947
  -0.01942
   0.04467
  -0.01555
  -0.03250
   0.04099
   0.00042
  -0.04132
   0.03192
   0.01633
  -0.04470
   0.01866
   0.03009
  -0.04222
   0.00295
   0.03991
  -0.03419
  -0.01314
   0.04448
  -0.02167
  -0.02752
   0.04321
  -0.00631
  -0.03827
   0.03627
   0.00989
  -0.04401
   0.02456
   0.02478
  -0.04396
   0.00962
   0.03642
  -0.03813
  -0.00657
   0.04328
  -0.02730
  -0.02191
   0.04445
  -0.01289
  -0.03437
   0.03979
   0.00322
  -0.04231
   0.02989
   0.01891
  -0.04469
   0.01608
   0.03211
  -0.04121
   0.00015
   0.04110
  -0.03231
  -0.01580
   0.04468
  -0.01917
  -0.02968
   0.04240
  -0.00351
  -0.03965
   0.03455
   0.01261
  -0.04442
   0.02216
   0.02707
  -0.04335
   0.00686
   0.03798
  -0.03659
  -0.00934
   0.04390
  -0.02503
  -0.02431
   0.04406
  -0.01017
  -0.03609
   0.03842
   0.00602
  -0.04313
   0.02775
   0.02142
  -0.04451
   0.01342
   0.03400
  -0.04004
  -0.00266
   0.04212
  -0.03031
  -0.01840
   0.04471
  -0.01660
  -0.03172
   0.04143
  -0.00071
  -0.04087
   0.03270
   0.01528
  -0.04466
   0.01968
   0.02925
  -0.04258
   0.00407
   0.03939
  -0.03491
  -0.01207
   0.04435
  -0.02265
  -0.02662
   0.04349
  -0.00742
  -0.03768
   0.03691
   0.00879
  -0.04379
   0.02549
   0.02384
  -0.04415
   0.01072
   0.03576
  -0.03871
  -0.00546
   0.04298
  -0.02818
  -0.02092
   0.04456
  -0.01396
  -0.03364
   0.04029
   0.00210
  -0.04193
   0.03072
   0.01788
  -0.04472
   0.01712
   0.03132
  -0.04163
   0.00127
   0.04064
  -0.03308
  -0.01475
   0.04462
  -0.02018
  -0.02883
   0.04275
  -0.00463
  -0.03912
   0.03525
   0.01152
  -0.04427
   0.02313
   0.02617
  -0.04361
   0.00797
   0.03738
  -0.03723
  -0.00824
   0.04367
  -0.02595
  -0.02336
   0.04424
  -0.01126
  -0.03542
   0.03899
   0.00490
  -0.04282
   0.02862
   0.02042
  -0.04461
   0.01449
   0.03326
  -0.04053
  -0.00154
   0.04173
  -0.03113
  -0.01737
   0.04472
  -0.01764
  -0.03092
   0.04184
  -0.00183
  -0.04040
   0.03346
   0.01421
  -0.04458
   0.02068
   0.02839
  -0.04291
   0.00519
   0.03884
  -0.03560
  -0.01098
   0.04419
  -0.02361
  -0.02571
   0.04374
  -0.00852
  -0.03706
   0.03753
   0.00768
  -0.04355
   0.02640
   0.02288
  -0.04431
   0.01181
   0.03507
  -0.03926
  -0.00434
   0.04266
  -0.02905
  -0.01992
   0.04464
  -0.01502
  -0.03288
   0.04076
   0.00098
  -0.04153
   0.03153
   0.01685
  -0.04472
   0.01815
   0.03051
  -0.04203
   0.00239
   0.04016
  -0.03383
  -0.01368
   0.04454
  -0.02118
  -0.02796
   0.04306
  -0.00575
  -0.03856
   0.03593
   0.01043
  -0.04410
   0.02409
   0.02525
  -0.04385
   0.00907
   0.03675
  -0.03784
  -0.00713
   0.04342
  -0.02686
  -0.02240
   0.04439
  -0.01235
  -0.03472
   0.03953
   0.00378
  -0.04249
   0.02947
   0.01942
  -0.04467
   0.01555
   0.03250
  -0.04099
  -0.00042
   0.04132
  -0.03192
  -0.01633
   0.04470
  -0.01866
  -0.03009
   0.04222
  -0.00295
  -0.03991
   0.03419
   0.01314
  -0.04448
   0.02167
   0.02752
  -0.04321
   0.00631
   0.03827
  -0.03627
  -0.00989
   0.04401
  -0.02456
  -0.02478
   0.04396
  -0.00962
  -0.03642
   0.03813
   0.00657
  -0.04328
   0.02730
   0.02191
  -0.04445
   0.01289
   0.03437
  -0.03979
  -0.00322
   0.04231
  -0.02989
  -0.01891
   0.04469
  -0.01608
  -0.03211
   0.04121
  -0.00015
  -0.04110
   0.03231
   0.01580
  -0.04468
   0.01917
   0.02968
  -0.04240
   0.00351
   0.03965
  -0.03455
  -0.01261
   0.04442
  -0.02216
  -0.02707
   0.04335
  -0.00686
  -0.03798
   0.03659
   0.00934
  -0.04390
   0.02503
   0.02431
  -0.04406
   0.01017
   0.03609
  -0.03842
  -0.00602
   0.04313
  -0.02775
  -0.02142
   0.04451
  -0.01342
  -0.03400
   0.04004
   0.00266
  -0.04212
   0.03031
   0.01840
  -0.04471
   0.01660
   0.03172
  -0.04143
   0.00071
   0.04087
  -0.03270
  -0.01528
   0.04466
  -0.01968
  -0.02925
   0.04258
  -0.00407
  -0.03939
   0.03491
   0.01207
  -0.04435
   0.02265
   0.02662
  -0.04349
   0.00742
   0.03768
  -0.03691
  -0.00879
   0.04379
  -0.02549
  -0.02384
   0.04415
  -0.01072
  -0.03576
   0.03871
   0.00546
  -0.04298
   0.02818
   0.02092
  -0.04456
   0.01396
   0.03364
  -0.04029
  -0.00210
   0.04193
  -0.03072
  -0.01788
   0.04472
  -0.01712
  -0.03132
   0.04163
  -0.00127
  -0.04064
   0.03308
   0.01475
  -0.04462
   0.02018
   0.02883
  -0.04275
   0.00463
   0.03912
  -0.03525
  -0.01152
   0.04427
  -0.02313
  -0.02617
   0.04361
  -0.00797
  -0.03738
   0.03723
   0.00824
  -0.04367
   0.02595
   0.02336
  -0.04424
   0.01126
   0.03542
  -0.03899
  -0.00490
   0.04282
  -0.02862
  -0.02042
   0.04461
  -0.01449
  -0.03326
   0.04053
   0.00154
  -0.04173
   0.03113
   0.01737
  -0.04472
   0.01764
   0.03092
  -0.04184
   0.00183
   0.04040
  -0.03346
  -0.01421
   0.04458
  -0.02068
  -0.02839
   0.04291
  -0.00519
  -0.03884
   0.03560
   0.01098
  -0.04419
   0.02361
   0.02571
  -0.04374
   0.00852
   0.03706
  -0.03753
  -0.00768
   0.04355
  -0.02640
  -0.02288
   0.04431
  -0.01181
  -0.03507
   0.03926
   0.00434
  -0.04266
   0.02905
   0.01992
  -0.04464
   0.01502
   0.03288
  -0.04076
  -0.00098
   0.04153
  -0.03153
  -0.01685
   0.04472
  -0.01815
  -0.03051
   0.04203
  -0.00239
  -0.04016
   0.03383
   0.01368
  -0.04454
   0.02118
   0.02796
  -0.04306
   0.00575
   0.03856
  -0.03593
  -0.01043
   0.04410
  -0.02409
  -0.02525
   0.04385
  -0.00907
  -0.03675
   0.03784
   0.00713
  -0.04342
   0.02686
   0.02240
  -0.04439
   0.01235
   0.03472
  -0.03953
  -0.00378
   0.04249
  -0.02947
  -0.01942
   0.04467
  -0.01555
  -0.03250
   0.04099
   0.00042
  -0.04132
   0.03192
   0.01633
  -0.04470
   0.01866
   0.03009
  -0.04222
   0.00295
   0.03991
  -0.03419
  -0.01314
   0.04448
  -0.02167
  -0.02752
   0.04321
  -0.00631
  -0.03827
   0.03627
   0.00989
  -0.04401
   0.02456
   0.02478
  -0.04396
   0.00962
   0.03642
  -0.03813
  -0.00657
   0.04328
  -0.02730
  -0.02191
   0.04445
  -0.01289
  -0.03437
   0.03979
   0.00322
  -0.04231
   0.02989
   0.01891
  -0.04469
   0.01608
   0.03211
  -0.04121
   0.00015
   0.04110
  -0.03231
  -0.01580
   0.04468
  -0.01917
  -0.02968
   0.04240
  -0.00351
  -0.03965
   0.03455
   0.01261
  -0.04442
   0.02216
   0.02707
  -0.04335
   0.00686
   0.03798
  -0.03659
  -0.00934
   0.04390
  -0.02503
  -0.02431
   0.04406
  -0.01017
  -0.03609
   0.03842
   0.00602
  -0.04313
   0.02775
   0.02142
  -0.04451
   0.01342
   0.03400
  -0.04004
  -0.00266
   0.04212
  -0.03031
  -0.01840
   0.04471
  -0.01660
  -0.03172
   0.04143
  -0.00071
  -0.04087
   0.03270
   0.01528
  -0.04466
   0.01968
   0.02925
  -0.04258
   0.00407
   0.03939
  -0.03491
  -0.01207
   0.04435
  -0.02265
  -0.02662
   0.04349
  -0.00742
  -0.03768
   0.03691
   0.00879
  -0.04379
   0.02549
   0.02384
  -0.04415
   0.01072
   0.03576
  -0.03871
