  -0.04110
  -0.03270
   0.01475
   0.04458
   0.02118
  -0.02752
  -0.04335
  -0.00741
   0.03738
   0.03753
  -0.00713
  -0.04328
  -0.02774
   0.02092
   0.04460
   0.01502
  -0.03250
  -0.04121
  -0.00070
   0.04064
   0.03345
  -0.01368
  -0.04448
  -0.02216
   0.02662
   0.04361
   0.00852
  -0.03675
  -0.03813
   0.00602
   0.04298
   0.02862
  -0.01992
  -0.04467
  -0.01607
   0.03172
   0.04163
   0.00183
  -0.04016
  -0.03419
   0.01261
   0.04435
   0.02313
  -0.02571
  -0.04385
  -0.00962
   0.03610
   0.03871
  -0.00491
  -0.04266
  -0.02947
   0.01891
   0.04471
   0.01712
  -0.03092
  -0.04203
  -0.00295
   0.03965
   0.03490
  -0.01153
  -0.04419
  -0.02408
   0.02479
   0.04406
   0.01072
  -0.03542
  -0.03926
   0.00379
   0.04231
   0.03031
  -0.01789
  -0.04472
  -0.01815
   0.03010
   0.04240
   0.00407
  -0.03912
  -0.03559
   0.01044
   0.04401
   0.02502
  -0.02384
  -0.04424
  -0.01180
   0.03472
   0.03978
  -0.00267
  -0.04193
  -0.03112
   0.01685
   0.04470
   0.01917
  -0.02926
  -0.04275
  -0.00519
   0.03856
   0.03626
  -0.00934
  -0.04379
  -0.02595
   0.02288
   0.04439
   0.01288
  -0.03400
  -0.04028
   0.00154
   0.04153
   0.03192
  -0.01581
  -0.04466
  -0.02018
   0.02840
   0.04306
   0.00630
  -0.03798
  -0.03691
   0.00824
   0.04355
   0.02685
  -0.02191
  -0.04451
  -0.01396
   0.03326
   0.04076
  -0.00042
  -0.04110
  -0.03270
   0.01475
   0.04458
   0.02118
  -0.02752
  -0.04335
  -0.00741
   0.03738
   0.03753
  -0.00713
  -0.04328
  -0.02774
   0.02092
   0.04460
   0.01502
  -0.03250
  -0.04121
  -0.00070
   0.04064
   0.03345
  -0.01368
  -0.04448
  -0.02216
   0.02662
   0.04361
   0.00852
  -0.03675
  -0.03813
   0.00602
   0.04298
   0.02862
  -0.01992
  -0.04467
  -0.01607
   0.03172
   0.04163
   0.00183
  -0.04016
  -0.03419
   0.01261
   0.04435
   0.02313
  -0.02571
  -0.04385
  -0.00962
   0.03610
   0.03871
  -0.00491
  -0.04266
  -0.02947
   0.01891
   0.04471
   0.01712
  -0.03092
  -0.04203
  -0.00295
   0.03965
   0.03490
  -0.01153
  -0.04419
  -0.02408
   0.02479
   0.04406
   0.01072
  -0.03542
  -0.03926
   0.00379
   0.04231
   0.03031
  -0.01789
  -0.04472
  -0.01815
   0.03010
   0.04240
   0.00407
  -0.03912
  -0.03559
   0.01044
   0.04401
   0.02502
  -0.02384
  -0.04424
  -0.01180
   0.03472
   0.03978
  -0.00267
  -0.04193
  -0.03112
   0.01685
   0.04470
   0.01917
  -0.02926
  -0.04275
  -0.00519
   0.03856
   0.03626
  -0.00934
  -0.04379
  -0.02595
   0.02288
   0.04439
   0.01288
  -0.03400
  -0.04028
   0.00154
   0.04153
   0.03192
  -0.01581
  -0.04466
  -0.02018
   0.02840
   0.04306
   0.00630
  -0.03798
  -0.03691
   0.00824
   0.04355
   0.02685
  -0.02191
  -0.04451
  -0.01396
   0.03326
   0.04076
  -0.00042
  -0.04110
  -0.03270
   0.01475
   0.04458
   0.02118
  -0.02752
  -0.04335
  -0.00741
   0.03738
   0.03753
  -0.00713
  -0.04328
  -0.02774
   0.02092
   0.04460
   0.01502
  -0.03250
  -0.04121
  -0.00070
   0.04064
   0.03345
  -0.01368
  -0.04448
  -0.02216
   0.02662
   0.04361
   0.00852
  -0.03675
  -0.03813
   0.00602
   0.04298
   0.02862
  -0.01992
  -0.04467
  -0.01607
   0.03172
   0.04163
   0.00183
  -0.04016
  -0.03419
   0.01261
   0.04435
   0.02313
  -0.02571
  -0.04385
  -0.00962
   0.03610
   0.03871
  -0.00491
  -0.04266
  -0.02947
   0.01891
   0.04471
   0.01712
  -0.03092
  -0.04203
  -0.00295
   0.03965
   0.03490
  -0.01153
  -0.04419
  -0.02408
   0.02479
   0.04406
   0.01072
  -0.03542
  -0.03926
   0.00379
   0.04231
   0.03031
  -0.01789
  -0.04472
  -0.01815
   0.03010
   0.04240
   0.00407
  -0.03912
  -0.03559
   0.01044
   0.04401
   0.02502
  -0.02384
  -0.04424
  -0.01180
   0.03472
   0.03978
  -0.00267
  -0.04193
  -0.03112
   0.01685
   0.04470
   0.01917
  -0.02926
  -0.04275
  -0.00519
   0.03856
   0.03626
  -0.00934
  -0.04379
  -0.02595
   0.02288
   0.04439
   0.01288
  -0.03400
  -0.04028
   0.00154
   0.04153
   0.03192
  -0.01581
  -0.04466
  -0.02018
   0.02840
   0.04306
   0.00630
  -0.03798
  -0.03691
   0.00824
   0.04355
   0.02685
  -0.02191
  -0.04451
  -0.01396
   0.03326
   0.04076
  -0.00042
  -0.04110
  -0.03270
   0.01475
   0.04458
   0.02118
  -0.02752
  -0.04335
  -0.00741
   0.03738
   0.03753
  -0.00713
  -0.04328
  -0.02774
   0.02092
   0.04460
   0.01502
  -0.03250
  -0.04121
  -0.00070
   0.04064
   0.03345
  -0.01368
  -0.04448
  -0.02216
   0.02662
   0.04361
   0.00852
  -0.03675
  -0.03813
   0.00602
   0.04298
   0.02862
  -0.01992
  -0.04467
  -0.01607
   0.03172
   0.04163
   0.00183
  -0.04016
  -0.03419
   0.01261
   0.04435
   0.02313
  -0.02571
  -0.04385
  -0.00962
   0.03610
   0.03871
  -0.00491
  -0.04266
  -0.02947
   0.01891
   0.04471
   0.01712
  -0.03092
  -0.04203
  -0.00295
   0.03965
   0.03490
  -0.01153
  -0.04419
  -0.02408
   0.02479
   0.04406
   0.01072
  -0.03542
  -0.03926
   0.00379
   0.04231
   0.03031
  -0.01789
  -0.04472
  -0.01815
   0.03010
   0.04240
   0.00407
  -0.03912
  -0.03559
   0.01044
   0.04401
   0.02502
  -0.02384
  -0.04424
  -0.01180
   0.03472
   0.03978
  -0.00267
  -0.04193
  -0.03112
   0.01685
   0.04470
   0.01917
  -0.02926
  -0.04275
  -0.00519
   0.03856
   0.03626
  -0.00934
  -0.04379
  -0.02595
   0.02288
   0.04439
   0.01288
  -0.03400
  -0.04028
   0.00154
   0.04153
   0.03192
  -0.01581
  -0.04466
  -0.02018
   0.02840
   0.04306
   0.00630
  -0.03798
  -0.03691
   0.00824
   0.04355
   0.02685
  -0.02191
  -0.04451
  -0.01396
   0.03326
   0.04076
  -0.00042
  -0.04110
  -0.03270
   0.01475
   0.04458
   0.02118
  -0.02752
  -0.04335
  -0.00741
   0.03738
   0.03753
  -0.00713
  -0.04328
  -0.02774
   0.02092
   0.04460
   0.01502
  -0.03250
  -0.04121
  -0.00070
   0.04064
   0.03345
  -0.01368
  -0.04448
  -0.02216
   0.02662
   0.04361
   0.00852
  -0.03675
  -0.03813
   0.00602
   0.04298
   0.02862
  -0.01992
  -0.04467
  -0.01607
   0.03172
   0.04163
   0.00183
  -0.04016
  -0.03419
   0.01261
   0.04435
   0.02313
  -0.02571
  -0.04385
  -0.00962
   0.03610
   0.03871
  -0.00491
  -0.04266
  -0.02947
   0.01891
   0.04471
   0.01712
  -0.03092
  -0.04203
  -0.00295
   0.03965
   0.03490
  -0.01153
  -0.04419
  -0.02408
   0.02479
   0.04406
   0.01072
  -0.03542
  -0.03926
   0.00379
   0.04231
   0.03031
  -0.01789
  -0.04472
  -0.01815
   0.03010
   0.04240
   0.00407
  -0.03912
  -0.03559
   0.01044
   0.04401
   0.02502
  -0.02384
  -0.04424
  -0.01180
   0.03472
   0.03978
  -0.00267
  -0.04193
  -0.03112
   0.01685
   0.04470
   0.01917
  -0.02926
  -0.04275
  -0.00519
   0.03856
   0.03626
  -0.00934
  -0.04379
  -0.02595
   0.02288
   0.04439
   0.01288
  -0.03400
  -0.04028
   0.00154
   0.04153
   0.03192
  -0.01581
  -0.04466
  -0.02018
   0.02840
   0.04306
   0.00630
  -0.03798
  -0.03691
   0.00824
   0.04355
   0.02685
  -0.02191
  -0.04451
  -0.01396
   0.03326
   0.04076
  -0.00042
  -0.04110
  -0.03270
   0.01475
   0.04458
   0.02118
  -0.02752
  -0.04335
  -0.00741
   0.03738
   0.03753
  -0.00713
  -0.04328
  -0.02774
   0.02092
   0.04460
   0.01502
  -0.03250
  -0.04121
  -0.00070
   0.04064
   0.03345
  -0.01368
  -0.04448
  -0.02216
   0.02662
   0.04361
   0.00852
  -0.03675
  -0.03813
   0.00602
   0.04298
   0.02862
  -0.01992
  -0.04467
  -0.01607
   0.03172
   0.04163
   0.00183
  -0.04016
  -0.03419
   0.01261
   0.04435
   0.02313
  -0.02571
  -0.04385
  -0.00962
   0.03610
   0.03871
  -0.00491
  -0.04266
  -0.02947
   0.01891
   0.04471
   0.01712
  -0.03092
  -0.04203
  -0.00295
   0.03965
   0.03490
  -0.01153
  -0.04419
  -0.02408
   0.02479
   0.04406
   0.01072
  -0.03542
  -0.03926
   0.00379
   0.04231
   0.03031
  -0.01789
  -0.04472
  -0.01815
   0.03010
   0.04240
   0.00407
  -0.03912
  -0.03559
   0.01044
   0.04401
   0.02502
  -0.02384
  -0.04424
  -0.01180
   0.03472
   0.03978
  -0.00267
  -0.04193
  -0.03112
   0.01685
   0.04470
   0.01917
  -0.02926
  -0.04275
  -0.00519
   0.03856
   0.03626
  -0.00934
  -0.04379
  -0.02595
   0.02288
   0.04439
   0.01288
  -0.03400
  -0.04028
   0.00154
   0.04153
   0.03192
  -0.01581
  -0.04466
  -0.02018
   0.02840
   0.04306
   0.00630
  -0.03798
  -0.03691
   0.00824
   0.04355
   0.02685
  -0.02191
  -0.04451
  -0.01396
   0.03326
   0.04076
  -0.00042
  -0.04110
  -0.03270
   0.01475
   0.04458
   0.02118
  -0.02752
  -0.04335
  -0.00741
   0.03738
   0.03753
  -0.00713
  -0.04328
  -0.02774
   0.02092
   0.04460
   0.01502
  -0.03250
  -0.04121
  -0.00070
   0.04064
   0.03345
  -0.01368
  -0.04448
  -0.02216
   0.02662
   0.04361
   0.00852
  -0.03675
  -0.03813
   0.00602
   0.04298
   0.02862
  -0.01992
  -0.04467
  -0.01607
   0.03172
   0.04163
   0.00183
  -0.04016
  -0.03419
   0.01261
   0.04435
   0.02313
  -0.02571
  -0.04385
  -0.00962
   0.03610
   0.03871
  -0.00491
  -0.04266
  -0.02947
   0.01891
   0.04471
   0.01712
  -0.03092
  -0.04203
  -0.00295
   0.03965
   0.03490
  -0.01153
  -0.04419
  -0.02408
   0.02479
   0.04406
   0.01072
  -0.03542
  -0.03926
   0.00379
   0.04231
   0.03031
  -0.01789
  -0.04472
  -0.01815
   0.03010
   0.04240
   0.00407
  -0.03912
  -0.03559
   0.01044
   0.04401
   0.02502
  -0.02384
  -0.04424
  -0.01180
   0.03472
   0.03978
  -0.00267
  -0.04193
  -0.03112
   0.01685
   0.04470
   0.01917
  -0.02926
  -0.04275
  -0.00519
   0.03856
   0.03626
  -0.00934
  -0.04379
  -0.02595
   0.02288
   0.04439
   0.01288
  -0.03400
  -0.04028
   0.00154
   0.04153
   0.03192
  -0.01581
  -0.04466
  -0.02018
   0.02840
   0.04306
   0.00630
  -0.03798
  -0.03691
   0.00824
   0.04355
   0.02685
  -0.02191
  -0.04451
  -0.01396
   0.03326
   0.04076
  -0.00042
  -0.04110
  -0.03270
   0.01475
   0.04458
   0.02118
  -0.02752
  -0.04335
  -0.00741
   0.03738
   0.03753
  -0.00713
  -0.04328
  -0.02774
   0.02092
   0.04460
   0.01502
  -0.03250
  -0.04121
  -0.00070
   0.04064
   0.03345
  -0.01368
  -0.04448
  -0.02216
   0.02662
   0.04361
   0.00852
  -0.03675
  -0.03813
   0.00602
   0.04298
   0.02862
  -0.01992
  -0.04467
  -0.01607
   0.03172
   0.04163
   0.00183
  -0.04016
  -0.03419
   0.01261
   0.04435
   0.02313
  -0.02571
  -0.04385
  -0.00962
   0.03610
   0.03871
  -0.00491
  -0.04266
  -0.02947
   0.01891
   0.04471
   0.01712
  -0.03092
  -0.04203
  -0.00295
   0.03965
   0.03490
  -0.01153
  -0.04419
  -0.02408
   0.02479
   0.04406
   0.01072
  -0.03542
  -0.03926
   0.00379
   0.04231
   0.03031
  -0.01789
  -0.04472
  -0.01815
   0.03010
   0.04240
   0.00407
  -0.03912
  -0.03559
   0.01044
   0.04401
   0.02502
  -0.02384
  -0.04424
  -0.01180
   0.03472
   0.03978
  -0.00267
  -0.04193
  -0.03112
   0.01685
   0.04470
   0.01917
  -0.02926
  -0.04275
  -0.00519
   0.03856
   0.03626
  -0.00934
  -0.04379
  -0.02595
   0.02288
   0.04439
   0.01288
  -0.03400
  -0.04028
   0.00154
   0.04153
   0.03192
  -0.01581
  -0.04466
  -0.02018
   0.02840
   0.04306
   0.00630
  -0.03798
  -0.03691
   0.00824
   0.04355
   0.02685
  -0.02191
  -0.04451
  -0.01396
   0.03326
   0.04076
  -0.00042
