  -0.01391
  -0.02659
  -0.03656
  -0.04281
  -0.04470
  -0.04205
  -0.03511
  -0.02459
  -0.01157
   0.00262
   0.01655
   0.02879
   0.03811
   0.04354
   0.04454
   0.04101
   0.03330
   0.02220
   0.00884
  -0.00542
  -0.01913
  -0.03089
  -0.03950
  -0.04410
  -0.04420
  -0.03980
  -0.03136
  -0.01972
  -0.00607
   0.00820
   0.02163
   0.03286
   0.04074
   0.04448
   0.04368
   0.03845
   0.02929
   0.01716
   0.00327
  -0.01094
  -0.02404
  -0.03470
  -0.04182
  -0.04468
  -0.04300
  -0.03693
  -0.02711
  -0.01453
  -0.00047
   0.01364
   0.02636
   0.03640
   0.04273
   0.04471
   0.04214
   0.03528
   0.02483
   0.01184
  -0.00234
  -0.01629
  -0.02858
  -0.03796
  -0.04347
  -0.04456
  -0.04112
  -0.03348
  -0.02244
  -0.00911
   0.00514
   0.01887
   0.03068
   0.03937
   0.04405
   0.04424
   0.03993
   0.03156
   0.01997
   0.00635
  -0.00792
  -0.02138
  -0.03267
  -0.04062
  -0.04445
  -0.04374
  -0.03859
  -0.02950
  -0.01742
  -0.00355
   0.01067
   0.02381
   0.03452
   0.04172
   0.04467
   0.04307
   0.03709
   0.02734
   0.01479
   0.00075
  -0.01337
  -0.02614
  -0.03624
  -0.04265
  -0.04472
  -0.04223
  -0.03545
  -0.02506
  -0.01212
   0.00206
   0.01603
   0.02836
   0.03781
   0.04341
   0.04459
   0.04123
   0.03367
   0.02268
   0.00939
  -0.00486
  -0.01862
  -0.03048
  -0.03924
  -0.04400
  -0.04428
  -0.04006
  -0.03175
  -0.02022
  -0.00662
   0.00764
   0.02113
   0.03247
   0.04051
   0.04441
   0.04380
   0.03873
   0.02971
   0.01767
   0.00383
  -0.01040
  -0.02357
  -0.03434
  -0.04162
  -0.04466
  -0.04315
  -0.03725
  -0.02756
  -0.01506
  -0.00103
   0.01311
   0.02591
   0.03607
   0.04256
   0.04472
   0.04233
   0.03562
   0.02529
   0.01239
  -0.00178
  -0.01576
  -0.02814
  -0.03766
  -0.04334
  -0.04461
  -0.04133
  -0.03385
  -0.02293
  -0.00966
   0.00458
   0.01836
   0.03027
   0.03910
   0.04395
   0.04432
   0.04018
   0.03195
   0.02047
   0.00690
  -0.00737
  -0.02089
  -0.03228
  -0.04039
  -0.04438
  -0.04386
  -0.03887
  -0.02992
  -0.01793
  -0.00411
   0.01012
   0.02333
   0.03416
   0.04151
   0.04464
   0.04322
   0.03740
   0.02778
   0.01532
   0.00131
  -0.01284
  -0.02568
  -0.03590
  -0.04247
  -0.04472
  -0.04241
  -0.03579
  -0.02552
  -0.01266
   0.00150
   0.01550
   0.02793
   0.03751
   0.04327
   0.04463
   0.04144
   0.03404
   0.02317
   0.00994
  -0.00430
  -0.01811
  -0.03006
  -0.03896
  -0.04389
  -0.04436
  -0.04030
  -0.03215
  -0.02072
  -0.00718
   0.00709
   0.02064
   0.03208
   0.04026
   0.04434
   0.04391
   0.03901
   0.03013
   0.01819
   0.00439
  -0.00985
  -0.02309
  -0.03398
  -0.04141
  -0.04462
  -0.04329
  -0.03756
  -0.02800
  -0.01559
  -0.00159
   0.01257
   0.02545
   0.03574
   0.04239
   0.04472
   0.04250
   0.03596
   0.02575
   0.01292
  -0.00122
  -0.01524
  -0.02771
  -0.03735
  -0.04320
  -0.04464
  -0.04155
  -0.03422
  -0.02341
  -0.01021
   0.00402
   0.01785
   0.02986
   0.03882
   0.04384
   0.04439
   0.04042
   0.03234
   0.02097
   0.00746
  -0.00681
  -0.02039
  -0.03189
  -0.04014
  -0.04431
  -0.04396
  -0.03914
  -0.03034
  -0.01845
  -0.00467
   0.00957
   0.02285
   0.03379
   0.04130
   0.04460
   0.04336
   0.03771
   0.02822
   0.01585
   0.00187
  -0.01230
  -0.02522
  -0.03557
  -0.04230
  -0.04472
  -0.04259
  -0.03612
  -0.02598
  -0.01319
   0.00094
   0.01497
   0.02748
   0.03720
   0.04312
   0.04466
   0.04165
   0.03440
   0.02364
   0.01048
  -0.00374
  -0.01759
  -0.02965
  -0.03868
  -0.04378
  -0.04442
  -0.04054
  -0.03254
  -0.02121
  -0.00773
   0.00653
   0.02014
   0.03169
   0.04002
   0.04427
   0.04401
   0.03928
   0.03054
   0.01870
   0.00495
  -0.00930
  -0.02260
  -0.03361
  -0.04119
  -0.04458
  -0.04343
  -0.03786
  -0.02843
  -0.01611
  -0.00215
   0.01203
   0.02498
   0.03539
   0.04220
   0.04472
   0.04267
   0.03629
   0.02621
   0.01346
  -0.00066
  -0.01471
  -0.02726
  -0.03704
  -0.04305
  -0.04467
  -0.04175
  -0.03458
  -0.02388
  -0.01076
   0.00346
   0.01733
   0.02943
   0.03854
   0.04372
   0.04446
   0.04066
   0.03273
   0.02146
   0.00801
  -0.00626
  -0.01989
  -0.03149
  -0.03989
  -0.04423
  -0.04406
  -0.03941
  -0.03075
  -0.01896
  -0.00523
   0.00902
   0.02236
   0.03342
   0.04108
   0.04456
   0.04350
   0.03801
   0.02865
   0.01637
   0.00243
  -0.01176
  -0.02475
  -0.03522
  -0.04211
  -0.04471
  -0.04276
  -0.03645
  -0.02644
  -0.01373
   0.00038
   0.01444
   0.02704
   0.03688
   0.04297
   0.04469
   0.04185
   0.03475
   0.02412
   0.01103
  -0.00318
  -0.01707
  -0.02922
  -0.03840
  -0.04366
  -0.04449
  -0.04078
  -0.03292
  -0.02171
  -0.00829
   0.00598
   0.01963
   0.03129
   0.03976
   0.04419
   0.04411
   0.03954
   0.03095
   0.01921
   0.00551
  -0.00875
  -0.02212
  -0.03324
  -0.04097
  -0.04453
  -0.04356
  -0.03816
  -0.02886
  -0.01664
  -0.00271
   0.01149
   0.02451
   0.03505
   0.04201
   0.04470
   0.04284
   0.03662
   0.02666
   0.01400
  -0.00009
  -0.01418
  -0.02681
  -0.03672
  -0.04289
  -0.04470
  -0.04195
  -0.03493
  -0.02436
  -0.01130
   0.00290
   0.01681
   0.02901
   0.03825
   0.04360
   0.04451
   0.04089
   0.03311
   0.02195
   0.00856
  -0.00570
  -0.01938
  -0.03109
  -0.03963
  -0.04414
  -0.04416
  -0.03968
  -0.03116
  -0.01946
  -0.00579
   0.00847
   0.02187
   0.03305
   0.04086
   0.04450
   0.04362
   0.03830
   0.02908
   0.01690
   0.00299
  -0.01121
  -0.02428
  -0.03487
  -0.04192
  -0.04469
  -0.04292
  -0.03678
  -0.02689
  -0.01426
  -0.00019
   0.01391
   0.02659
   0.03656
   0.04281
   0.04470
   0.04205
   0.03511
   0.02459
   0.01157
  -0.00262
  -0.01655
  -0.02879
  -0.03811
  -0.04354
  -0.04454
  -0.04101
  -0.03330
  -0.02220
  -0.00884
   0.00542
   0.01913
   0.03089
   0.03950
   0.04410
   0.04420
   0.03980
   0.03136
   0.01972
   0.00607
  -0.00820
  -0.02163
  -0.03286
  -0.04074
  -0.04448
  -0.04368
  -0.03845
  -0.02929
  -0.01716
  -0.00327
   0.01094
   0.02404
   0.03470
   0.04182
   0.04468
   0.04300
   0.03693
   0.02711
   0.01453
   0.00047
  -0.01364
  -0.02636
  -0.03640
  -0.04273
  -0.04471
  -0.04214
  -0.03528
  -0.02483
  -0.01184
   0.00234
   0.01629
   0.02858
   0.03796
   0.04347
   0.04456
   0.04112
   0.03348
   0.02244
   0.00911
  -0.00514
  -0.01887
  -0.03068
  -0.03937
  -0.04405
  -0.04424
  -0.03993
  -0.03156
  -0.01997
  -0.00635
   0.00792
   0.02138
   0.03267
   0.04062
   0.04445
   0.04374
   0.03859
   0.02950
   0.01742
   0.00355
  -0.01067
  -0.02381
  -0.03452
  -0.04172
  -0.04467
  -0.04307
  -0.03709
  -0.02734
  -0.01479
  -0.00075
   0.01337
   0.02614
   0.03624
   0.04265
   0.04472
   0.04223
   0.03545
   0.02506
   0.01212
  -0.00206
  -0.01603
  -0.02836
  -0.03781
  -0.04341
  -0.04459
  -0.04123
  -0.03367
  -0.02268
  -0.00939
   0.00486
   0.01862
   0.03048
   0.03924
   0.04400
   0.04428
   0.04006
   0.03175
   0.02022
   0.00662
  -0.00764
  -0.02113
  -0.03247
  -0.04051
  -0.04441
  -0.04380
  -0.03873
  -0.02971
  -0.01767
  -0.00383
   0.01040
   0.02357
   0.03434
   0.04162
   0.04466
   0.04315
   0.03725
   0.02756
   0.01506
   0.00103
  -0.01311
  -0.02591
  -0.03607
  -0.04256
  -0.04472
  -0.04233
  -0.03562
  -0.02529
  -0.01239
   0.00178
   0.01576
   0.02814
   0.03766
   0.04334
   0.04461
   0.04133
   0.03385
   0.02293
   0.00966
  -0.00458
  -0.01836
  -0.03027
  -0.03910
  -0.04395
  -0.04432
  -0.04018
  -0.03195
  -0.02047
  -0.00690
   0.00737
   0.02089
   0.03228
   0.04039
   0.04438
   0.04386
   0.03887
   0.02992
   0.01793
   0.00411
  -0.01012
  -0.02333
  -0.03416
  -0.04151
  -0.04464
  -0.04322
  -0.03740
  -0.02778
  -0.01532
  -0.00131
   0.01284
   0.02568
   0.03590
   0.04247
   0.04472
   0.04241
   0.03579
   0.02552
   0.01266
  -0.00150
  -0.01550
  -0.02793
  -0.03751
  -0.04327
  -0.04463
  -0.04144
  -0.03404
  -0.02317
  -0.00994
   0.00430
   0.01811
   0.03006
   0.03896
   0.04389
   0.04436
   0.04030
   0.03215
   0.02072
   0.00718
  -0.00709
  -0.02064
  -0.03208
  -0.04026
  -0.04434
  -0.04391
  -0.03901
  -0.03013
  -0.01819
  -0.00439
   0.00985
   0.02309
   0.03398
   0.04141
   0.04462
   0.04329
   0.03756
   0.02800
   0.01559
   0.00159
  -0.01257
  -0.02545
  -0.03574
  -0.04239
  -0.04472
  -0.04250
  -0.03596
  -0.02575
  -0.01292
   0.00122
   0.01524
   0.02771
   0.03735
   0.04320
   0.04464
   0.04155
   0.03422
   0.02341
   0.01021
  -0.00402
  -0.01785
  -0.02986
  -0.03882
  -0.04384
  -0.04439
  -0.04042
  -0.03234
  -0.02097
  -0.00746
   0.00681
   0.02039
   0.03189
   0.04014
   0.04431
   0.04396
   0.03914
   0.03034
   0.01845
   0.00467
  -0.00957
  -0.02285
  -0.03379
  -0.04130
  -0.04460
  -0.04336
  -0.03771
  -0.02822
  -0.01585
  -0.00187
   0.01230
   0.02522
   0.03557
   0.04230
   0.04472
   0.04259
   0.03612
   0.02598
   0.01319
  -0.00094
  -0.01497
  -0.02748
  -0.03720
  -0.04312
  -0.04466
  -0.04165
  -0.03440
  -0.02364
  -0.01048
   0.00374
   0.01759
   0.02965
   0.03868
   0.04378
   0.04442
   0.04054
   0.03254
   0.02121
   0.00773
  -0.00653
  -0.02014
  -0.03169
  -0.04002
  -0.04427
  -0.04401
  -0.03928
  -0.03054
  -0.01870
  -0.00495
   0.00930
   0.02260
   0.03361
   0.04119
   0.04458
   0.04343
   0.03786
   0.02843
   0.01611
   0.00215
  -0.01203
  -0.02498
  -0.03539
  -0.04220
  -0.04472
  -0.04267
  -0.03629
  -0.02621
  -0.01346
   0.00066
   0.01471
   0.02726
   0.03704
   0.04305
   0.04467
   0.04175
   0.03458
   0.02388
   0.01076
  -0.00346
  -0.01733
  -0.02943
  -0.03854
  -0.04372
  -0.04446
  -0.04066
  -0.03273
  -0.02146
  -0.00801
   0.00626
   0.01989
   0.03149
   0.03989
   0.04423
   0.04406
   0.03941
   0.03075
   0.01896
   0.00523
  -0.00902
  -0.02236
  -0.03342
  -0.04108
  -0.04456
  -0.04350
  -0.03801
  -0.02865
  -0.01637
  -0.00243
   0.01176
   0.02475
   0.03522
   0.04211
   0.04471
   0.04276
   0.03645
   0.02644
   0.01373
  -0.00038
  -0.01444
  -0.02704
  -0.03688
  -0.04297
  -0.04469
  -0.04185
  -0.03475
  -0.02412
  -0.01103
   0.00318
   0.01707
   0.02922
   0.03840
   0.04366
   0.04449
   0.04078
   0.03292
   0.02171
   0.00829
  -0.00598
  -0.01963
  -0.03129
  -0.03976
  -0.04419
  -0.04411
  -0.03954
  -0.03095
  -0.01921
  -0.00551
   0.00875
   0.02212
   0.03324
   0.04097
   0.04453
   0.04356
   0.03816
   0.02886
   0.01664
   0.00271
  -0.01149
  -0.02451
  -0.03505
  -0.04201
  -0.04470
  -0.04284
  -0.03662
  -0.02666
  -0.01400
   0.00009
   0.01418
   0.02681
   0.03672
   0.04289
   0.04470
   0.04195
   0.03493
   0.02436
   0.01130
  -0.00290
  -0.01681
  -0.02901
  -0.03825
  -0.04360
  -0.04451
  -0.04089
  -0.03311
  -0.02195
  -0.00856
   0.00570
   0.01938
   0.03109
   0.03963
   0.04414
   0.04416
   0.03968
   0.03116
   0.01946
   0.00579
  -0.00847
  -0.02187
  -0.03305
  -0.04086
  -0.04450
  -0.04362
  -0.03830
  -0.02908
  -0.01690
  -0.00299
   0.01121
   0.02428
   0.03487
   0.04192
   0.04469
   0.04292
   0.03678
   0.02689
   0.01426
   0.00019
