  -0.04187
  -0.03389
  -0.02176
  -0.00696
   0.00869
   0.02328
   0.03501
   0.04246
   0.04470
   0.04146
   0.03315
   0.02077
   0.00585
  -0.00979
  -0.02423
  -0.03570
  -0.04280
  -0.04465
  -0.04103
  -0.03238
  -0.01977
  -0.00473
   0.01088
   0.02517
   0.03637
   0.04311
   0.04457
   0.04057
   0.03160
   0.01875
   0.00361
  -0.01197
  -0.02609
  -0.03701
  -0.04339
  -0.04446
  -0.04008
  -0.03079
  -0.01773
  -0.00249
   0.01305
   0.02699
   0.03763
   0.04365
   0.04433
   0.03957
   0.02997
   0.01669
   0.00137
  -0.01412
  -0.02788
  -0.03822
  -0.04388
  -0.04417
  -0.03904
  -0.02912
  -0.01564
  -0.00024
   0.01518
   0.02875
   0.03879
   0.04409
   0.04397
   0.03848
   0.02826
   0.01458
  -0.00088
  -0.01624
  -0.02960
  -0.03934
  -0.04426
  -0.04376
  -0.03789
  -0.02738
  -0.01352
   0.00200
   0.01728
   0.03044
   0.03986
   0.04441
   0.04351
   0.03728
   0.02648
   0.01244
  -0.00312
  -0.01831
  -0.03125
  -0.04036
  -0.04453
  -0.04324
  -0.03665
  -0.02557
  -0.01136
   0.00424
   0.01933
   0.03204
   0.04083
   0.04462
   0.04294
   0.03599
   0.02464
   0.01027
  -0.00536
  -0.02034
  -0.03282
  -0.04128
  -0.04468
  -0.04261
  -0.03531
  -0.02369
  -0.00917
   0.00648
   0.02133
   0.03357
   0.04170
   0.04471
   0.04225
   0.03461
   0.02273
   0.00807
  -0.00759
  -0.02231
  -0.03430
  -0.04209
  -0.04472
  -0.04187
  -0.03389
  -0.02176
  -0.00696
   0.00869
   0.02328
   0.03501
   0.04246
   0.04470
   0.04146
   0.03315
   0.02077
   0.00585
  -0.00979
  -0.02423
  -0.03570
  -0.04280
  -0.04465
  -0.04103
  -0.03238
  -0.01977
  -0.00473
   0.01088
   0.02517
   0.03637
   0.04311
   0.04457
   0.04057
   0.03160
   0.01875
   0.00361
  -0.01197
  -0.02609
  -0.03701
  -0.04339
  -0.04446
  -0.04008
  -0.03079
  -0.01773
  -0.00249
   0.01305
   0.02699
   0.03763
   0.04365
   0.04433
   0.03957
   0.02997
   0.01669
   0.00137
  -0.01412
  -0.02788
  -0.03822
  -0.04388
  -0.04417
  -0.03904
  -0.02912
  -0.01564
  -0.00024
   0.01518
   0.02875
   0.03879
   0.04409
   0.04397
   0.03848
   0.02826
   0.01458
  -0.00088
  -0.01624
  -0.02960
  -0.03934
  -0.04426
  -0.04376
  -0.03789
  -0.02738
  -0.01352
   0.00200
   0.01728
   0.03044
   0.03986
   0.04441
   0.04351
   0.03728
   0.02648
   0.01244
  -0.00312
  -0.01831
  -0.03125
  -0.04036
  -0.04453
  -0.04324
  -0.03665
  -0.02557
  -0.01136
   0.00424
   0.01933
   0.03204
   0.04083
   0.04462
   0.04294
   0.03599
   0.02464
   0.01027
  -0.00536
  -0.02034
  -0.03282
  -0.04128
  -0.04468
  -0.04261
  -0.03531
  -0.02369
  -0.00917
   0.00648
   0.02133
   0.03357
   0.04170
   0.04471
   0.04225
   0.03461
   0.02273
   0.00807
  -0.00759
  -0.02231
  -0.03430
  -0.04209
  -0.04472
  -0.04187
  -0.03389
  -0.02176
  -0.00696
   0.00869
   0.02328
   0.03501
   0.04246
   0.04470
   0.04146
   0.03315
   0.02077
   0.00585
  -0.00979
  -0.02423
  -0.03570
  -0.04280
  -0.04465
  -0.04103
  -0.03238
  -0.01977
  -0.00473
   0.01088
   0.02517
   0.03637
   0.04311
   0.04457
   0.04057
   0.03160
   0.01875
   0.00361
  -0.01197
  -0.02609
  -0.03701
  -0.04339
  -0.04446
  -0.04008
  -0.03079
  -0.01773
  -0.00249
   0.01305
   0.02699
   0.03763
   0.04365
   0.04433
   0.03957
   0.02997
   0.01669
   0.00137
  -0.01412
  -0.02788
  -0.03822
  -0.04388
  -0.04417
  -0.03904
  -0.02912
  -0.01564
  -0.00024
   0.01518
   0.02875
   0.03879
   0.04409
   0.04397
   0.03848
   0.02826
   0.01458
  -0.00088
  -0.01624
  -0.02960
  -0.03934
  -0.04426
  -0.04376
  -0.03789
  -0.02738
  -0.01352
   0.00200
   0.01728
   0.03044
   0.03986
   0.04441
   0.04351
   0.03728
   0.02648
   0.01244
  -0.00312
  -0.01831
  -0.03125
  -0.04036
  -0.04453
  -0.04324
  -0.03665
  -0.02557
  -0.01136
   0.00424
   0.01933
   0.03204
   0.04083
   0.04462
   0.04294
   0.03599
   0.02464
   0.01027
  -0.00536
  -0.02034
  -0.03282
  -0.04128
  -0.04468
  -0.04261
  -0.03531
  -0.02369
  -0.00917
   0.00648
   0.02133
   0.03357
   0.04170
   0.04471
   0.04225
   0.03461
   0.02273
   0.00807
  -0.00759
  -0.02231
  -0.03430
  -0.04209
  -0.04472
  -0.04187
  -0.03389
  -0.02176
  -0.00696
   0.00869
   0.02328
   0.03501
   0.04246
   0.04470
   0.04146
   0.03315
   0.02077
   0.00585
  -0.00979
  -0.02423
  -0.03570
  -0.04280
  -0.04465
  -0.04103
  -0.03238
  -0.01977
  -0.00473
   0.01088
   0.02517
   0.03637
   0.04311
   0.04457
   0.04057
   0.03160
   0.01875
   0.00361
  -0.01197
  -0.02609
  -0.03701
  -0.04339
  -0.04446
  -0.04008
  -0.03079
  -0.01773
  -0.00249
   0.01305
   0.02699
   0.03763
   0.04365
   0.04433
   0.03957
   0.02997
   0.01669
   0.00137
  -0.01412
  -0.02788
  -0.03822
  -0.04388
  -0.04417
  -0.03904
  -0.02912
  -0.01564
  -0.00024
   0.01518
   0.02875
   0.03879
   0.04409
   0.04397
   0.03848
   0.02826
   0.01458
  -0.00088
  -0.01624
  -0.02960
  -0.03934
  -0.04426
  -0.04376
  -0.03789
  -0.02738
  -0.01352
   0.00200
   0.01728
   0.03044
   0.03986
   0.04441
   0.04351
   0.03728
   0.02648
   0.01244
  -0.00312
  -0.01831
  -0.03125
  -0.04036
  -0.04453
  -0.04324
  -0.03665
  -0.02557
  -0.01136
   0.00424
   0.01933
   0.03204
   0.04083
   0.04462
   0.04294
   0.03599
   0.02464
   0.01027
  -0.00536
  -0.02034
  -0.03282
  -0.04128
  -0.04468
  -0.04261
  -0.03531
  -0.02369
  -0.00917
   0.00648
   0.02133
   0.03357
   0.04170
   0.04471
   0.04225
   0.03461
   0.02273
   0.00807
  -0.00759
  -0.02231
  -0.03430
  -0.04209
  -0.04472
  -0.04187
  -0.03389
  -0.02176
  -0.00696
   0.00869
   0.02328
   0.03501
   0.04246
   0.04470
   0.04146
   0.03315
   0.02077
   0.00585
  -0.00979
  -0.02423
  -0.03570
  -0.04280
  -0.04465
  -0.04103
  -0.03238
  -0.01977
  -0.00473
   0.01088
   0.02517
   0.03637
   0.04311
   0.04457
   0.04057
   0.03160
   0.01875
   0.00361
  -0.01197
  -0.02609
  -0.03701
  -0.04339
  -0.04446
  -0.04008
  -0.03079
  -0.01773
  -0.00249
   0.01305
   0.02699
   0.03763
   0.04365
   0.04433
   0.03957
   0.02997
   0.01669
   0.00137
  -0.01412
  -0.02788
  -0.03822
  -0.04388
  -0.04417
  -0.03904
  -0.02912
  -0.01564
  -0.00024
   0.01518
   0.02875
   0.03879
   0.04409
   0.04397
   0.03848
   0.02826
   0.01458
  -0.00088
  -0.01624
  -0.02960
  -0.03934
  -0.04426
  -0.04376
  -0.03789
  -0.02738
  -0.01352
   0.00200
   0.01728
   0.03044
   0.03986
   0.04441
   0.04351
   0.03728
   0.02648
   0.01244
  -0.00312
  -0.01831
  -0.03125
  -0.04036
  -0.04453
  -0.04324
  -0.03665
  -0.02557
  -0.01136
   0.00424
   0.01933
   0.03204
   0.04083
   0.04462
   0.04294
   0.03599
   0.02464
   0.01027
  -0.00536
  -0.02034
  -0.03282
  -0.04128
  -0.04468
  -0.04261
  -0.03531
  -0.02369
  -0.00917
   0.00648
   0.02133
   0.03357
   0.04170
   0.04471
   0.04225
   0.03461
   0.02273
   0.00807
  -0.00759
  -0.02231
  -0.03430
  -0.04209
  -0.04472
  -0.04187
  -0.03389
  -0.02176
  -0.00696
   0.00869
   0.02328
   0.03501
   0.04246
   0.04470
   0.04146
   0.03315
   0.02077
   0.00585
  -0.00979
  -0.02423
  -0.03570
  -0.04280
  -0.04465
  -0.04103
  -0.03238
  -0.01977
  -0.00473
   0.01088
   0.02517
   0.03637
   0.04311
   0.04457
   0.04057
   0.03160
   0.01875
   0.00361
  -0.01197
  -0.02609
  -0.03701
  -0.04339
  -0.04446
  -0.04008
  -0.03079
  -0.01773
  -0.00249
   0.01305
   0.02699
   0.03763
   0.04365
   0.04433
   0.03957
   0.02997
   0.01669
   0.00137
  -0.01412
  -0.02788
  -0.03822
  -0.04388
  -0.04417
  -0.03904
  -0.02912
  -0.01564
  -0.00024
   0.01518
   0.02875
   0.03879
   0.04409
   0.04397
   0.03848
   0.02826
   0.01458
  -0.00088
  -0.01624
  -0.02960
  -0.03934
  -0.04426
  -0.04376
  -0.03789
  -0.02738
  -0.01352
   0.00200
   0.01728
   0.03044
   0.03986
   0.04441
   0.04351
   0.03728
   0.02648
   0.01244
  -0.00312
  -0.01831
  -0.03125
  -0.04036
  -0.04453
  -0.04324
  -0.03665
  -0.02557
  -0.01136
   0.00424
   0.01933
   0.03204
   0.04083
   0.04462
   0.04294
   0.03599
   0.02464
   0.01027
  -0.00536
  -0.02034
  -0.03282
  -0.04128
  -0.04468
  -0.04261
  -0.03531
  -0.02369
  -0.00917
   0.00648
   0.02133
   0.03357
   0.04170
   0.04471
   0.04225
   0.03461
   0.02273
   0.00807
  -0.00759
  -0.02231
  -0.03430
  -0.04209
  -0.04472
  -0.04187
  -0.03389
  -0.02176
  -0.00696
   0.00869
   0.02328
   0.03501
   0.04246
   0.04470
   0.04146
   0.03315
   0.02077
   0.00585
  -0.00979
  -0.02423
  -0.03570
  -0.04280
  -0.04465
  -0.04103
  -0.03238
  -0.01977
  -0.00473
   0.01088
   0.02517
   0.03637
   0.04311
   0.04457
   0.04057
   0.03160
   0.01875
   0.00361
  -0.01197
  -0.02609
  -0.03701
  -0.04339
  -0.04446
  -0.04008
  -0.03079
  -0.01773
  -0.00249
   0.01305
   0.02699
   0.03763
   0.04365
   0.04433
   0.03957
   0.02997
   0.01669
   0.00137
  -0.01412
  -0.02788
  -0.03822
  -0.04388
  -0.04417
  -0.03904
  -0.02912
  -0.01564
  -0.00024
   0.01518
   0.02875
   0.03879
   0.04409
   0.04397
   0.03848
   0.02826
   0.01458
  -0.00088
  -0.01624
  -0.02960
  -0.03934
  -0.04426
  -0.04376
  -0.03789
  -0.02738
  -0.01352
   0.00200
   0.01728
   0.03044
   0.03986
   0.04441
   0.04351
   0.03728
   0.02648
   0.01244
  -0.00312
  -0.01831
  -0.03125
  -0.04036
  -0.04453
  -0.04324
  -0.03665
  -0.02557
  -0.01136
   0.00424
   0.01933
   0.03204
   0.04083
   0.04462
   0.04294
   0.03599
   0.02464
   0.01027
  -0.00536
  -0.02034
  -0.03282
  -0.04128
  -0.04468
  -0.04261
  -0.03531
  -0.02369
  -0.00917
   0.00648
   0.02133
   0.03357
   0.04170
   0.04471
   0.04225
   0.03461
   0.02273
   0.00807
  -0.00759
  -0.02231
  -0.03430
  -0.04209
  -0.04472
  -0.04187
  -0.03389
  -0.02176
  -0.00696
   0.00869
   0.02328
   0.03501
   0.04246
   0.04470
   0.04146
   0.03315
   0.02077
   0.00585
  -0.00979
  -0.02423
  -0.03570
  -0.04280
  -0.04465
  -0.04103
  -0.03238
  -0.01977
  -0.00473
   0.01088
   0.02517
   0.03637
   0.04311
   0.04457
   0.04057
   0.03160
   0.01875
   0.00361
  -0.01197
  -0.02609
  -0.03701
  -0.04339
  -0.04446
  -0.04008
  -0.03079
  -0.01773
  -0.00249
   0.01305
   0.02699
   0.03763
   0.04365
   0.04433
   0.03957
   0.02997
   0.01669
   0.00137
  -0.01412
  -0.02788
  -0.03822
  -0.04388
  -0.04417
  -0.03904
  -0.02912
  -0.01564
  -0.00024
   0.01518
   0.02875
   0.03879
   0.04409
   0.04397
   0.03848
   0.02826
   0.01458
  -0.00088
  -0.01624
  -0.02960
  -0.03934
  -0.04426
  -0.04376
  -0.03789
  -0.02738
  -0.01352
   0.00200
   0.01728
   0.03044
   0.03986
   0.04441
   0.04351
   0.03728
   0.02648
   0.01244
  -0.00312
  -0.01831
  -0.03125
  -0.04036
  -0.04453
  -0.04324
  -0.03665
  -0.02557
  -0.01136
   0.00424
   0.01933
   0.03204
   0.04083
   0.04462
   0.04294
   0.03599
   0.02464
   0.01027
  -0.00536
  -0.02034
  -0.03282
  -0.04128
  -0.04468
  -0.04261
  -0.03531
  -0.02369
  -0.00917
   0.00648
   0.02133
   0.03357
   0.04170
   0.04471
   0.04225
   0.03461
   0.02273
   0.00807
  -0.00759
  -0.02231
  -0.03430
  -0.04209
  -0.04472
