  -0.03893
   0.02399
  -0.00340
  -0.01799
   0.03514
  -0.04402
   0.04254
  -0.03105
   0.01224
   0.00945
  -0.02891
   0.04157
  -0.04444
   0.03685
  -0.02058
  -0.00053
   0.02151
  -0.03744
   0.04455
  -0.04117
   0.02810
  -0.00841
  -0.01325
   0.03180
  -0.04286
   0.04383
  -0.03448
   0.01702
   0.00445
  -0.02487
   0.03944
  -0.04472
   0.03947
  -0.02493
   0.00452
   0.01695
  -0.03444
   0.04381
  -0.04288
   0.03185
  -0.01332
  -0.00835
   0.02804
  -0.04114
   0.04455
  -0.03747
   0.02158
  -0.00060
  -0.02052
   0.03681
  -0.04443
   0.04159
  -0.02896
   0.00952
   0.01217
  -0.03100
   0.04252
  -0.04404
   0.03519
  -0.01805
  -0.00333
   0.02393
  -0.03890
   0.04471
  -0.03999
   0.02586
  -0.00564
  -0.01591
   0.03371
  -0.04357
   0.04318
  -0.03262
   0.01439
   0.00724
  -0.02716
   0.04069
  -0.04464
   0.03808
  -0.02255
   0.00172
   0.01952
  -0.03616
   0.04429
  -0.04199
   0.02981
  -0.01061
  -0.01109
   0.03018
  -0.04216
   0.04422
  -0.03587
   0.01907
   0.00221
  -0.02298
   0.03833
  -0.04466
   0.04048
  -0.02677
   0.00675
   0.01485
  -0.03296
   0.04331
  -0.04346
   0.03338
  -0.01545
  -0.00613
   0.02626
  -0.04021
   0.04469
  -0.03865
   0.02352
  -0.00284
  -0.01850
   0.03549
  -0.04412
   0.04237
  -0.03064
   0.01170
   0.01000
  -0.02934
   0.04177
  -0.04437
   0.03653
  -0.02008
  -0.00109
   0.02200
  -0.03774
   0.04459
  -0.04095
   0.02766
  -0.00786
  -0.01379
   0.03219
  -0.04301
   0.04371
  -0.03412
   0.01650
   0.00501
  -0.02534
   0.03970
  -0.04472
   0.03921
  -0.02447
   0.00396
   0.01747
  -0.03479
   0.04392
  -0.04271
   0.03145
  -0.01278
  -0.00890
   0.02848
  -0.04136
   0.04450
  -0.03717
   0.02108
  -0.00004
  -0.02102
   0.03713
  -0.04449
   0.04138
  -0.02853
   0.00897
   0.01271
  -0.03140
   0.04269
  -0.04394
   0.03484
  -0.01754
  -0.00389
   0.02441
  -0.03917
   0.04472
  -0.03973
   0.02540
  -0.00508
  -0.01643
   0.03407
  -0.04370
   0.04303
  -0.03224
   0.01385
   0.00779
  -0.02760
   0.04092
  -0.04460
   0.03778
  -0.02207
   0.00116
   0.02002
  -0.03649
   0.04436
  -0.04180
   0.02939
  -0.01006
  -0.01163
   0.03059
  -0.04234
   0.04413
  -0.03553
   0.01856
   0.00277
  -0.02346
   0.03862
  -0.04469
   0.04024
  -0.02632
   0.00620
   0.01538
  -0.03334
   0.04344
  -0.04333
   0.03301
  -0.01492
  -0.00668
   0.02671
  -0.04045
   0.04467
  -0.03837
   0.02304
  -0.00228
  -0.01901
   0.03583
  -0.04421
   0.04218
  -0.03023
   0.01116
   0.01054
  -0.02976
   0.04197
  -0.04430
   0.03620
  -0.01958
  -0.00165
   0.02249
  -0.03804
   0.04463
  -0.04072
   0.02722
  -0.00731
  -0.01432
   0.03258
  -0.04316
   0.04359
  -0.03375
   0.01597
   0.00557
  -0.02580
   0.03996
  -0.04471
   0.03893
  -0.02399
   0.00340
   0.01799
  -0.03514
   0.04402
  -0.04254
   0.03105
  -0.01224
  -0.00945
   0.02891
  -0.04157
   0.04444
  -0.03685
   0.02058
   0.00053
  -0.02151
   0.03744
  -0.04455
   0.04117
  -0.02810
   0.00841
   0.01325
  -0.03180
   0.04286
  -0.04383
   0.03448
  -0.01702
  -0.00445
   0.02487
  -0.03944
   0.04472
  -0.03947
   0.02493
  -0.00452
  -0.01695
   0.03444
  -0.04381
   0.04288
  -0.03185
   0.01332
   0.00835
  -0.02804
   0.04114
  -0.04455
   0.03747
  -0.02158
   0.00060
   0.02052
  -0.03681
   0.04443
  -0.04159
   0.02896
  -0.00952
  -0.01217
   0.03100
  -0.04252
   0.04404
  -0.03519
   0.01805
   0.00333
  -0.02393
   0.03890
  -0.04471
   0.03999
  -0.02586
   0.00564
   0.01591
  -0.03371
   0.04357
  -0.04318
   0.03262
  -0.01439
  -0.00724
   0.02716
  -0.04069
   0.04464
  -0.03808
   0.02255
  -0.00172
  -0.01952
   0.03616
  -0.04429
   0.04199
  -0.02981
   0.01061
   0.01109
  -0.03018
   0.04216
  -0.04422
   0.03587
  -0.01907
  -0.00221
   0.02298
  -0.03833
   0.04466
  -0.04048
   0.02677
  -0.00675
  -0.01485
   0.03296
  -0.04331
   0.04346
  -0.03338
   0.01545
   0.00613
  -0.02626
   0.04021
  -0.04469
   0.03865
  -0.02352
   0.00284
   0.01850
  -0.03549
   0.04412
  -0.04237
   0.03064
  -0.01170
  -0.01000
   0.02934
  -0.04177
   0.04437
  -0.03653
   0.02008
   0.00109
  -0.02200
   0.03774
  -0.04459
   0.04095
  -0.02766
   0.00786
   0.01379
  -0.03219
   0.04301
  -0.04371
   0.03412
  -0.01650
  -0.00501
   0.02534
  -0.03970
   0.04472
  -0.03921
   0.02447
  -0.00396
  -0.01747
   0.03479
  -0.04392
   0.04271
  -0.03145
   0.01278
   0.00890
  -0.02848
   0.04136
  -0.04450
   0.03717
  -0.02108
   0.00004
   0.02102
  -0.03713
   0.04449
  -0.04138
   0.02853
  -0.00897
  -0.01271
   0.03140
  -0.04269
   0.04394
  -0.03484
   0.01754
   0.00389
  -0.02441
   0.03917
  -0.04472
   0.03973
  -0.02540
   0.00508
   0.01643
  -0.03407
   0.04370
  -0.04303
   0.03224
  -0.01385
  -0.00779
   0.02760
  -0.04092
   0.04460
  -0.03778
   0.02207
  -0.00116
  -0.02002
   0.03649
  -0.04436
   0.04180
  -0.02939
   0.01006
   0.01163
  -0.03059
   0.04234
  -0.04413
   0.03553
  -0.01856
  -0.00277
   0.02346
  -0.03862
   0.04469
  -0.04024
   0.02632
  -0.00620
  -0.01538
   0.03334
  -0.04344
   0.04333
  -0.03301
   0.01492
   0.00668
  -0.02671
   0.04045
  -0.04467
   0.03837
  -0.02304
   0.00228
   0.01901
  -0.03583
   0.04421
  -0.04218
   0.03023
  -0.01116
  -0.01054
   0.02976
  -0.04197
   0.04430
  -0.03620
   0.01958
   0.00165
  -0.02249
   0.03804
  -0.04463
   0.04072
  -0.02722
   0.00731
   0.01432
  -0.03258
   0.04316
  -0.04359
   0.03375
  -0.01597
  -0.00557
   0.02580
  -0.03996
   0.04471
  -0.03893
   0.02399
  -0.00340
  -0.01799
   0.03514
  -0.04402
   0.04254
  -0.03105
   0.01224
   0.00945
  -0.02891
   0.04157
  -0.04444
   0.03685
  -0.02058
  -0.00053
   0.02151
  -0.03744
   0.04455
  -0.04117
   0.02810
  -0.00841
  -0.01325
   0.03180
  -0.04286
   0.04383
  -0.03448
   0.01702
   0.00445
  -0.02487
   0.03944
  -0.04472
   0.03947
  -0.02493
   0.00452
   0.01695
  -0.03444
   0.04381
  -0.04288
   0.03185
  -0.01332
  -0.00835
   0.02804
  -0.04114
   0.04455
  -0.03747
   0.02158
  -0.00060
  -0.02052
   0.03681
  -0.04443
   0.04159
  -0.02896
   0.00952
   0.01217
  -0.03100
   0.04252
  -0.04404
   0.03519
  -0.01805
  -0.00333
   0.02393
  -0.03890
   0.04471
  -0.03999
   0.02586
  -0.00564
  -0.01591
   0.03371
  -0.04357
   0.04318
  -0.03262
   0.01439
   0.00724
  -0.02716
   0.04069
  -0.04464
   0.03808
  -0.02255
   0.00172
   0.01952
  -0.03616
   0.04429
  -0.04199
   0.02981
  -0.01061
  -0.01109
   0.03018
  -0.04216
   0.04422
  -0.03587
   0.01907
   0.00221
  -0.02298
   0.03833
  -0.04466
   0.04048
  -0.02677
   0.00675
   0.01485
  -0.03296
   0.04331
  -0.04346
   0.03338
  -0.01545
  -0.00613
   0.02626
  -0.04021
   0.04469
  -0.03865
   0.02352
  -0.00284
  -0.01850
   0.03549
  -0.04412
   0.04237
  -0.03064
   0.01170
   0.01000
  -0.02934
   0.04177
  -0.04437
   0.03653
  -0.02008
  -0.00109
   0.02200
  -0.03774
   0.04459
  -0.04095
   0.02766
  -0.00786
  -0.01379
   0.03219
  -0.04301
   0.04371
  -0.03412
   0.01650
   0.00501
  -0.02534
   0.03970
  -0.04472
   0.03921
  -0.02447
   0.00396
   0.01747
  -0.03479
   0.04392
  -0.04271
   0.03145
  -0.01278
  -0.00890
   0.02848
  -0.04136
   0.04450
  -0.03717
   0.02108
  -0.00004
  -0.02102
   0.03713
  -0.04449
   0.04138
  -0.02853
   0.00897
   0.01271
  -0.03140
   0.04269
  -0.04394
   0.03484
  -0.01754
  -0.00389
   0.02441
  -0.03917
   0.04472
  -0.03973
   0.02540
  -0.00508
  -0.01643
   0.03407
  -0.04370
   0.04303
  -0.03224
   0.01385
   0.00779
  -0.02760
   0.04092
  -0.04460
   0.03778
  -0.02207
   0.00116
   0.02002
  -0.03649
   0.04436
  -0.04180
   0.02939
  -0.01006
  -0.01163
   0.03059
  -0.04234
   0.04413
  -0.03553
   0.01856
   0.00277
  -0.02346
   0.03862
  -0.04469
   0.04024
  -0.02632
   0.00620
   0.01538
  -0.03334
   0.04344
  -0.04333
   0.03301
  -0.01492
  -0.00668
   0.02671
  -0.04045
   0.04467
  -0.03837
   0.02304
  -0.00228
  -0.01901
   0.03583
  -0.04421
   0.04218
  -0.03023
   0.01116
   0.01054
  -0.02976
   0.04197
  -0.04430
   0.03620
  -0.01958
  -0.00165
   0.02249
  -0.03804
   0.04463
  -0.04072
   0.02722
  -0.00731
  -0.01432
   0.03258
  -0.04316
   0.04359
  -0.03375
   0.01597
   0.00557
  -0.02580
   0.03996
  -0.04471
   0.03893
  -0.02399
   0.00340
   0.01799
  -0.03514
   0.04402
  -0.04254
   0.03105
  -0.01224
  -0.00945
   0.02891
  -0.04157
   0.04444
  -0.03685
   0.02058
   0.00053
  -0.02151
   0.03744
  -0.04455
   0.04117
  -0.02810
   0.00841
   0.01325
  -0.03180
   0.04286
  -0.04383
   0.03448
  -0.01702
  -0.00445
   0.02487
  -0.03944
   0.04472
  -0.03947
   0.02493
  -0.00452
  -0.01695
   0.03444
  -0.04381
   0.04288
  -0.03185
   0.01332
   0.00835
  -0.02804
   0.04114
  -0.04455
   0.03747
  -0.02158
   0.00060
   0.02052
  -0.03681
   0.04443
  -0.04159
   0.02896
  -0.00952
  -0.01217
   0.03100
  -0.04252
   0.04404
  -0.03519
   0.01805
   0.00333
  -0.02393
   0.03890
  -0.04471
   0.03999
  -0.02586
   0.00564
   0.01591
  -0.03371
   0.04357
  -0.04318
   0.03262
  -0.01439
  -0.00724
   0.02716
  -0.04069
   0.04464
  -0.03808
   0.02255
  -0.00172
  -0.01952
   0.03616
  -0.04429
   0.04199
  -0.02981
   0.01061
   0.01109
  -0.03018
   0.04216
  -0.04422
   0.03587
  -0.01907
  -0.00221
   0.02298
  -0.03833
   0.04466
  -0.04048
   0.02677
  -0.00675
  -0.01485
   0.03296
  -0.04331
   0.04346
  -0.03338
   0.01545
   0.00613
  -0.02626
   0.04021
  -0.04469
   0.03865
  -0.02352
   0.00284
   0.01850
  -0.03549
   0.04412
  -0.04237
   0.03064
  -0.01170
  -0.01000
   0.02934
  -0.04177
   0.04437
  -0.03653
   0.02008
   0.00109
  -0.02200
   0.03774
  -0.04459
   0.04095
  -0.02766
   0.00786
   0.01379
  -0.03219
   0.04301
  -0.04371
   0.03412
  -0.01650
  -0.00501
   0.02534
  -0.03970
   0.04472
  -0.03921
   0.02447
  -0.00396
  -0.01747
   0.03479
  -0.04392
   0.04271
  -0.03145
   0.01278
   0.00890
  -0.02848
   0.04136
  -0.04450
   0.03717
  -0.02108
   0.00004
   0.02102
  -0.03713
   0.04449
  -0.04138
   0.02853
  -0.00897
  -0.01271
   0.03140
  -0.04269
   0.04394
  -0.03484
   0.01754
   0.00389
  -0.02441
   0.03917
  -0.04472
   0.03973
  -0.02540
   0.00508
   0.01643
  -0.03407
   0.04370
  -0.04303
   0.03224
  -0.01385
  -0.00779
   0.02760
  -0.04092
   0.04460
  -0.03778
   0.02207
  -0.00116
  -0.02002
   0.03649
  -0.04436
   0.04180
  -0.02939
   0.01006
   0.01163
  -0.03059
   0.04234
  -0.04413
   0.03553
  -0.01856
  -0.00277
   0.02346
  -0.03862
   0.04469
  -0.04024
   0.02632
  -0.00620
  -0.01538
   0.03334
  -0.04344
   0.04333
  -0.03301
   0.01492
   0.00668
  -0.02671
   0.04045
  -0.04467
   0.03837
  -0.02304
   0.00228
   0.01901
  -0.03583
   0.04421
  -0.04218
   0.03023
  -0.01116
  -0.01054
   0.02976
  -0.04197
   0.04430
  -0.03620
   0.01958
   0.00165
  -0.02249
   0.03804
  -0.04463
   0.04072
  -0.02722
   0.00731
   0.01432
  -0.03258
   0.04316
  -0.04359
   0.03375
  -0.01597
  -0.00557
   0.02580
  -0.03996
   0.04471
