   0.04114
   0.03185
  -0.01695
  -0.04472
  -0.01702
   0.03179
   0.04117
  -0.00052
  -0.04157
  -0.03105
   0.01798
   0.04471
   0.01597
  -0.03257
  -0.04072
   0.00165
   0.04197
   0.03023
  -0.01901
  -0.04467
  -0.01492
   0.03333
   0.04024
  -0.00277
  -0.04234
  -0.02939
   0.02002
   0.04460
   0.01386
  -0.03407
  -0.03974
   0.00389
   0.04269
   0.02854
  -0.02102
  -0.04450
  -0.01278
   0.03479
   0.03921
  -0.00501
  -0.04301
  -0.02766
   0.02200
   0.04437
   0.01170
  -0.03549
  -0.03866
   0.00612
   0.04331
   0.02677
  -0.02297
  -0.04422
  -0.01061
   0.03616
   0.03808
  -0.00724
  -0.04357
  -0.02586
   0.02393
   0.04404
   0.00952
  -0.03681
  -0.03748
   0.00834
   0.04381
   0.02494
  -0.02487
  -0.04383
  -0.00842
   0.03743
   0.03685
  -0.00944
  -0.04402
  -0.02400
   0.02580
   0.04359
   0.00731
  -0.03804
  -0.03620
   0.01054
   0.04421
   0.02304
  -0.02671
  -0.04333
  -0.00620
   0.03862
   0.03553
  -0.01163
  -0.04436
  -0.02207
   0.02760
   0.04303
   0.00509
  -0.03917
  -0.03484
   0.01271
   0.04449
   0.02108
  -0.02848
  -0.04271
  -0.00397
   0.03970
   0.03412
  -0.01378
  -0.04459
  -0.02009
   0.02933
   0.04237
   0.00285
  -0.04021
  -0.03338
   0.01485
   0.04466
   0.01908
  -0.03017
  -0.04199
  -0.00172
   0.04069
   0.03263
  -0.01590
  -0.04471
  -0.01805
   0.03099
   0.04159
   0.00060
  -0.04114
  -0.03185
   0.01695
   0.04472
   0.01702
  -0.03179
  -0.04117
   0.00052
   0.04157
   0.03105
  -0.01798
  -0.04471
  -0.01597
   0.03257
   0.04072
  -0.00165
  -0.04197
  -0.03023
   0.01901
   0.04467
   0.01492
  -0.03333
  -0.04024
   0.00277
   0.04234
   0.02939
  -0.02002
  -0.04460
  -0.01386
   0.03407
   0.03974
  -0.00389
  -0.04269
  -0.02854
   0.02102
   0.04450
   0.01278
  -0.03479
  -0.03921
   0.00501
   0.04301
   0.02766
  -0.02200
  -0.04437
  -0.01170
   0.03549
   0.03866
  -0.00612
  -0.04331
  -0.02677
   0.02297
   0.04422
   0.01061
  -0.03616
  -0.03808
   0.00724
   0.04357
   0.02586
  -0.02393
  -0.04404
  -0.00952
   0.03681
   0.03748
  -0.00834
  -0.04381
  -0.02494
   0.02487
   0.04383
   0.00842
  -0.03743
  -0.03685
   0.00944
   0.04402
   0.02400
  -0.02580
  -0.04359
  -0.00731
   0.03804
   0.03620
  -0.01054
  -0.04421
  -0.02304
   0.02671
   0.04333
   0.00620
  -0.03862
  -0.03553
   0.01163
   0.04436
   0.02207
  -0.02760
  -0.04303
  -0.00509
   0.03917
   0.03484
  -0.01271
  -0.04449
  -0.02108
   0.02848
   0.04271
   0.00397
  -0.03970
  -0.03412
   0.01378
   0.04459
   0.02009
  -0.02933
  -0.04237
  -0.00285
   0.04021
   0.03338
  -0.01485
  -0.04466
  -0.01908
   0.03017
   0.04199
   0.00172
  -0.04069
  -0.03263
   0.01590
   0.04471
   0.01805
  -0.03099
  -0.04159
  -0.00060
   0.04114
   0.03185
  -0.01695
  -0.04472
  -0.01702
   0.03179
   0.04117
  -0.00052
  -0.04157
  -0.03105
   0.01798
   0.04471
   0.01597
  -0.03257
  -0.04072
   0.00165
   0.04197
   0.03023
  -0.01901
  -0.04467
  -0.01492
   0.03333
   0.04024
  -0.00277
  -0.04234
  -0.02939
   0.02002
   0.04460
   0.01386
  -0.03407
  -0.03974
   0.00389
   0.04269
   0.02854
  -0.02102
  -0.04450
  -0.01278
   0.03479
   0.03921
  -0.00501
  -0.04301
  -0.02766
   0.02200
   0.04437
   0.01170
  -0.03549
  -0.03866
   0.00612
   0.04331
   0.02677
  -0.02297
  -0.04422
  -0.01061
   0.03616
   0.03808
  -0.00724
  -0.04357
  -0.02586
   0.02393
   0.04404
   0.00952
  -0.03681
  -0.03748
   0.00834
   0.04381
   0.02494
  -0.02487
  -0.04383
  -0.00842
   0.03743
   0.03685
  -0.00944
  -0.04402
  -0.02400
   0.02580
   0.04359
   0.00731
  -0.03804
  -0.03620
   0.01054
   0.04421
   0.02304
  -0.02671
  -0.04333
  -0.00620
   0.03862
   0.03553
  -0.01163
  -0.04436
  -0.02207
   0.02760
   0.04303
   0.00509
  -0.03917
  -0.03484
   0.01271
   0.04449
   0.02108
  -0.02848
  -0.04271
  -0.00397
   0.03970
   0.03412
  -0.01378
  -0.04459
  -0.02009
   0.02933
   0.04237
   0.00285
  -0.04021
  -0.03338
   0.01485
   0.04466
   0.01908
  -0.03017
  -0.04199
  -0.00172
   0.04069
   0.03263
  -0.01590
  -0.04471
  -0.01805
   0.03099
   0.04159
   0.00060
  -0.04114
  -0.03185
   0.01695
   0.04472
   0.01702
  -0.03179
  -0.04117
   0.00052
   0.04157
   0.03105
  -0.01798
  -0.04471
  -0.01597
   0.03257
   0.04072
  -0.00165
  -0.04197
  -0.03023
   0.01901
   0.04467
   0.01492
  -0.03333
  -0.04024
   0.00277
   0.04234
   0.02939
  -0.02002
  -0.04460
  -0.01386
   0.03407
   0.03974
  -0.00389
  -0.04269
  -0.02854
   0.02102
   0.04450
   0.01278
  -0.03479
  -0.03921
   0.00501
   0.04301
   0.02766
  -0.02200
  -0.04437
  -0.01170
   0.03549
   0.03866
  -0.00612
  -0.04331
  -0.02677
   0.02297
   0.04422
   0.01061
  -0.03616
  -0.03808
   0.00724
   0.04357
   0.02586
  -0.02393
  -0.04404
  -0.00952
   0.03681
   0.03748
  -0.00834
  -0.04381
  -0.02494
   0.02487
   0.04383
   0.00842
  -0.03743
  -0.03685
   0.00944
   0.04402
   0.02400
  -0.02580
  -0.04359
  -0.00731
   0.03804
   0.03620
  -0.01054
  -0.04421
  -0.02304
   0.02671
   0.04333
   0.00620
  -0.03862
  -0.03553
   0.01163
   0.04436
   0.02207
  -0.02760
  -0.04303
  -0.00509
   0.03917
   0.03484
  -0.01271
  -0.04449
  -0.02108
   0.02848
   0.04271
   0.00397
  -0.03970
  -0.03412
   0.01378
   0.04459
   0.02009
  -0.02933
  -0.04237
  -0.00285
   0.04021
   0.03338
  -0.01485
  -0.04466
  -0.01908
   0.03017
   0.04199
   0.00172
  -0.04069
  -0.03263
   0.01590
   0.04471
   0.01805
  -0.03099
  -0.04159
  -0.00060
   0.04114
   0.03185
  -0.01695
  -0.04472
  -0.01702
   0.03179
   0.04117
  -0.00052
  -0.04157
  -0.03105
   0.01798
   0.04471
   0.01597
  -0.03257
  -0.04072
   0.00165
   0.04197
   0.03023
  -0.01901
  -0.04467
  -0.01492
   0.03333
   0.04024
  -0.00277
  -0.04234
  -0.02939
   0.02002
   0.04460
   0.01386
  -0.03407
  -0.03974
   0.00389
   0.04269
   0.02854
  -0.02102
  -0.04450
  -0.01278
   0.03479
   0.03921
  -0.00501
  -0.04301
  -0.02766
   0.02200
   0.04437
   0.01170
  -0.03549
  -0.03866
   0.00612
   0.04331
   0.02677
  -0.02297
  -0.04422
  -0.01061
   0.03616
   0.03808
  -0.00724
  -0.04357
  -0.02586
   0.02393
   0.04404
   0.00952
  -0.03681
  -0.03748
   0.00834
   0.04381
   0.02494
  -0.02487
  -0.04383
  -0.00842
   0.03743
   0.03685
  -0.00944
  -0.04402
  -0.02400
   0.02580
   0.04359
   0.00731
  -0.03804
  -0.03620
   0.01054
   0.04421
   0.02304
  -0.02671
  -0.04333
  -0.00620
   0.03862
   0.03553
  -0.01163
  -0.04436
  -0.02207
   0.02760
   0.04303
   0.00509
  -0.03917
  -0.03484
   0.01271
   0.04449
   0.02108
  -0.02848
  -0.04271
  -0.00397
   0.03970
   0.03412
  -0.01378
  -0.04459
  -0.02009
   0.02933
   0.04237
   0.00285
  -0.04021
  -0.03338
   0.01485
   0.04466
   0.01908
  -0.03017
  -0.04199
  -0.00172
   0.04069
   0.03263
  -0.01590
  -0.04471
  -0.01805
   0.03099
   0.04159
   0.00060
  -0.04114
  -0.03185
   0.01695
   0.04472
   0.01702
  -0.03179
  -0.04117
   0.00052
   0.04157
   0.03105
  -0.01798
  -0.04471
  -0.01597
   0.03257
   0.04072
  -0.00165
  -0.04197
  -0.03023
   0.01901
   0.04467
   0.01492
  -0.03333
  -0.04024
   0.00277
   0.04234
   0.02939
  -0.02002
  -0.04460
  -0.01386
   0.03407
   0.03974
  -0.00389
  -0.04269
  -0.02854
   0.02102
   0.04450
   0.01278
  -0.03479
  -0.03921
   0.00501
   0.04301
   0.02766
  -0.02200
  -0.04437
  -0.01170
   0.03549
   0.03866
  -0.00612
  -0.04331
  -0.02677
   0.02297
   0.04422
   0.01061
  -0.03616
  -0.03808
   0.00724
   0.04357
   0.02586
  -0.02393
  -0.04404
  -0.00952
   0.03681
   0.03748
  -0.00834
  -0.04381
  -0.02494
   0.02487
   0.04383
   0.00842
  -0.03743
  -0.03685
   0.00944
   0.04402
   0.02400
  -0.02580
  -0.04359
  -0.00731
   0.03804
   0.03620
  -0.01054
  -0.04421
  -0.02304
   0.02671
   0.04333
   0.00620
  -0.03862
  -0.03553
   0.01163
   0.04436
   0.02207
  -0.02760
  -0.04303
  -0.00509
   0.03917
   0.03484
  -0.01271
  -0.04449
  -0.02108
   0.02848
   0.04271
   0.00397
  -0.03970
  -0.03412
   0.01378
   0.04459
   0.02009
  -0.02933
  -0.04237
  -0.00285
   0.04021
   0.03338
  -0.01485
  -0.04466
  -0.01908
   0.03017
   0.04199
   0.00172
  -0.04069
  -0.03263
   0.01590
   0.04471
   0.01805
  -0.03099
  -0.04159
  -0.00060
   0.04114
   0.03185
  -0.01695
  -0.04472
  -0.01702
   0.03179
   0.04117
  -0.00052
  -0.04157
  -0.03105
   0.01798
   0.04471
   0.01597
  -0.03257
  -0.04072
   0.00165
   0.04197
   0.03023
  -0.01901
  -0.04467
  -0.01492
   0.03333
   0.04024
  -0.00277
  -0.04234
  -0.02939
   0.02002
   0.04460
   0.01386
  -0.03407
  -0.03974
   0.00389
   0.04269
   0.02854
  -0.02102
  -0.04450
  -0.01278
   0.03479
   0.03921
  -0.00501
  -0.04301
  -0.02766
   0.02200
   0.04437
   0.01170
  -0.03549
  -0.03866
   0.00612
   0.04331
   0.02677
  -0.02297
  -0.04422
  -0.01061
   0.03616
   0.03808
  -0.00724
  -0.04357
  -0.02586
   0.02393
   0.04404
   0.00952
  -0.03681
  -0.03748
   0.00834
   0.04381
   0.02494
  -0.02487
  -0.04383
  -0.00842
   0.03743
   0.03685
  -0.00944
  -0.04402
  -0.02400
   0.02580
   0.04359
   0.00731
  -0.03804
  -0.03620
   0.01054
   0.04421
   0.02304
  -0.02671
  -0.04333
  -0.00620
   0.03862
   0.03553
  -0.01163
  -0.04436
  -0.02207
   0.02760
   0.04303
   0.00509
  -0.03917
  -0.03484
   0.01271
   0.04449
   0.02108
  -0.02848
  -0.04271
  -0.00397
   0.03970
   0.03412
  -0.01378
  -0.04459
  -0.02009
   0.02933
   0.04237
   0.00285
  -0.04021
  -0.03338
   0.01485
   0.04466
   0.01908
  -0.03017
  -0.04199
  -0.00172
   0.04069
   0.03263
  -0.01590
  -0.04471
  -0.01805
   0.03099
   0.04159
   0.00060
  -0.04114
  -0.03185
   0.01695
   0.04472
   0.01702
  -0.03179
  -0.04117
   0.00052
   0.04157
   0.03105
  -0.01798
  -0.04471
  -0.01597
   0.03257
   0.04072
  -0.00165
  -0.04197
  -0.03023
   0.01901
   0.04467
   0.01492
  -0.03333
  -0.04024
   0.00277
   0.04234
   0.02939
  -0.02002
  -0.04460
  -0.01386
   0.03407
   0.03974
  -0.00389
  -0.04269
  -0.02854
   0.02102
   0.04450
   0.01278
  -0.03479
  -0.03921
   0.00501
   0.04301
   0.02766
  -0.02200
  -0.04437
  -0.01170
   0.03549
   0.03866
  -0.00612
  -0.04331
  -0.02677
   0.02297
   0.04422
   0.01061
  -0.03616
  -0.03808
   0.00724
   0.04357
   0.02586
  -0.02393
  -0.04404
  -0.00952
   0.03681
   0.03748
  -0.00834
  -0.04381
  -0.02494
   0.02487
   0.04383
   0.00842
  -0.03743
  -0.03685
   0.00944
   0.04402
   0.02400
  -0.02580
  -0.04359
  -0.00731
   0.03804
   0.03620
  -0.01054
  -0.04421
  -0.02304
   0.02671
   0.04333
   0.00620
  -0.03862
  -0.03553
   0.01163
   0.04436
   0.02207
  -0.02760
  -0.04303
  -0.00509
   0.03917
   0.03484
  -0.01271
  -0.04449
  -0.02108
   0.02848
   0.04271
   0.00397
  -0.03970
  -0.03412
   0.01378
   0.04459
   0.02009
  -0.02933
  -0.04237
  -0.00285
   0.04021
   0.03338
  -0.01485
  -0.04466
  -0.01908
   0.03017
   0.04199
   0.00172
  -0.04069
  -0.03263
   0.01590
   0.04471
   0.01805
  -0.03099
  -0.04159
  -0.00060
