   0.02429
  -0.04141
   0.04362
  -0.03012
   0.00577
   0.02065
  -0.03964
   0.04435
  -0.03310
   0.00992
   0.01683
  -0.03752
   0.04470
  -0.03578
   0.01398
   0.01285
  -0.03506
   0.04464
  -0.03815
   0.01792
   0.00877
  -0.03229
   0.04419
  -0.04017
   0.02169
   0.00460
  -0.02924
   0.04334
  -0.04184
   0.02528
   0.00039
  -0.02592
   0.04212
  -0.04314
   0.02864
  -0.00382
  -0.02238
   0.04051
  -0.04406
   0.03174
  -0.00799
  -0.01863
   0.03855
  -0.04459
   0.03457
  -0.01210
  -0.01472
   0.03625
  -0.04472
   0.03708
  -0.01610
  -0.01068
   0.03362
  -0.04445
   0.03927
  -0.01995
  -0.00655
   0.03070
  -0.04379
   0.04111
  -0.02363
  -0.00236
   0.02750
  -0.04274
   0.04258
  -0.02710
   0.00185
   0.02406
  -0.04131
   0.04368
  -0.03033
   0.00605
   0.02040
  -0.03951
   0.04439
  -0.03329
   0.01019
   0.01657
  -0.03736
   0.04470
  -0.03595
   0.01425
   0.01258
  -0.03488
   0.04462
  -0.03829
   0.01817
   0.00849
  -0.03210
   0.04414
  -0.04030
   0.02194
   0.00432
  -0.02902
   0.04327
  -0.04194
   0.02551
   0.00011
  -0.02569
   0.04202
  -0.04322
   0.02885
  -0.00410
  -0.02213
   0.04039
  -0.04411
   0.03194
  -0.00827
  -0.01838
   0.03841
  -0.04461
   0.03474
  -0.01237
  -0.01446
   0.03608
  -0.04471
   0.03724
  -0.01636
  -0.01041
   0.03343
  -0.04442
   0.03940
  -0.02020
  -0.00627
   0.03049
  -0.04373
   0.04122
  -0.02387
  -0.00208
   0.02728
  -0.04265
   0.04267
  -0.02732
   0.00214
   0.02382
  -0.04120
   0.04374
  -0.03053
   0.00633
   0.02015
  -0.03938
   0.04442
  -0.03347
   0.01047
   0.01631
  -0.03721
   0.04471
  -0.03611
   0.01451
   0.01231
  -0.03471
   0.04460
  -0.03844
   0.01843
   0.00821
  -0.03190
   0.04410
  -0.04042
   0.02218
   0.00404
  -0.02881
   0.04320
  -0.04204
   0.02574
  -0.00017
  -0.02546
   0.04192
  -0.04329
   0.02907
  -0.00438
  -0.02189
   0.04027
  -0.04415
   0.03214
  -0.00855
  -0.01812
   0.03826
  -0.04463
   0.03492
  -0.01264
  -0.01419
   0.03591
  -0.04470
   0.03739
  -0.01662
  -0.01014
   0.03325
  -0.04438
   0.03954
  -0.02045
  -0.00599
   0.03028
  -0.04367
   0.04133
  -0.02411
  -0.00180
   0.02705
  -0.04257
   0.04275
  -0.02754
   0.00242
   0.02358
  -0.04109
   0.04380
  -0.03074
   0.00661
   0.01990
  -0.03924
   0.04445
  -0.03366
   0.01074
   0.01604
  -0.03705
   0.04472
  -0.03628
   0.01478
   0.01204
  -0.03453
   0.04458
  -0.03858
   0.01869
   0.00794
  -0.03170
   0.04405
  -0.04054
   0.02243
   0.00376
  -0.02859
   0.04313
  -0.04213
   0.02597
  -0.00045
  -0.02523
   0.04182
  -0.04336
   0.02928
  -0.00466
  -0.02164
   0.04015
  -0.04420
   0.03233
  -0.00882
  -0.01786
   0.03812
  -0.04464
   0.03509
  -0.01291
  -0.01393
   0.03575
  -0.04469
   0.03755
  -0.01688
  -0.00986
   0.03306
  -0.04435
   0.03967
  -0.02070
  -0.00572
   0.03008
  -0.04361
   0.04143
  -0.02434
  -0.00152
   0.02683
  -0.04248
   0.04283
  -0.02776
   0.00270
   0.02334
  -0.04098
   0.04385
  -0.03094
   0.00689
   0.01965
  -0.03911
   0.04448
  -0.03384
   0.01101
   0.01578
  -0.03689
   0.04472
  -0.03644
   0.01504
   0.01177
  -0.03435
   0.04456
  -0.03872
   0.01894
   0.00766
  -0.03150
   0.04400
  -0.04065
   0.02267
   0.00348
  -0.02838
   0.04305
  -0.04223
   0.02620
  -0.00073
  -0.02500
   0.04172
  -0.04343
   0.02949
  -0.00494
  -0.02140
   0.04002
  -0.04424
   0.03252
  -0.00910
  -0.01761
   0.03797
  -0.04466
   0.03527
  -0.01318
  -0.01366
   0.03558
  -0.04468
   0.03770
  -0.01714
  -0.00959
   0.03287
  -0.04431
   0.03980
  -0.02095
  -0.00544
   0.02987
  -0.04354
   0.04154
  -0.02458
  -0.00124
   0.02660
  -0.04239
   0.04291
  -0.02798
   0.00298
   0.02310
  -0.04086
   0.04391
  -0.03114
   0.00716
   0.01940
  -0.03897
   0.04451
  -0.03403
   0.01129
   0.01552
  -0.03673
   0.04472
  -0.03661
   0.01531
   0.01150
  -0.03417
   0.04453
  -0.03886
   0.01919
   0.00738
  -0.03130
   0.04395
  -0.04077
   0.02291
   0.00320
  -0.02816
   0.04298
  -0.04232
   0.02642
  -0.00101
  -0.02476
   0.04162
  -0.04349
   0.02970
  -0.00522
  -0.02115
   0.03990
  -0.04428
   0.03272
  -0.00937
  -0.01735
   0.03782
  -0.04467
   0.03544
  -0.01345
  -0.01339
   0.03541
  -0.04467
   0.03785
  -0.01740
  -0.00932
   0.03268
  -0.04427
   0.03992
  -0.02120
  -0.00516
   0.02966
  -0.04348
   0.04164
  -0.02481
  -0.00095
   0.02638
  -0.04230
   0.04299
  -0.02820
   0.00326
   0.02286
  -0.04075
   0.04396
  -0.03134
   0.00744
   0.01914
  -0.03883
   0.04454
  -0.03421
   0.01156
   0.01525
  -0.03657
   0.04472
  -0.03677
   0.01557
   0.01123
  -0.03399
   0.04451
  -0.03900
   0.01945
   0.00711
  -0.03110
   0.04390
  -0.04089
   0.02315
   0.00292
  -0.02794
   0.04290
  -0.04241
   0.02665
  -0.00129
  -0.02453
   0.04152
  -0.04356
   0.02991
  -0.00549
  -0.02090
   0.03977
  -0.04432
   0.03291
  -0.00965
  -0.01709
   0.03767
  -0.04469
   0.03561
  -0.01371
  -0.01312
   0.03523
  -0.04466
   0.03800
  -0.01766
  -0.00904
   0.03248
  -0.04423
   0.04005
  -0.02145
  -0.00488
   0.02945
  -0.04341
   0.04174
  -0.02504
  -0.00067
   0.02615
  -0.04221
   0.04307
  -0.02842
   0.00354
   0.02262
  -0.04063
   0.04401
  -0.03154
   0.00772
   0.01889
  -0.03869
   0.04456
  -0.03439
   0.01183
   0.01499
  -0.03641
   0.04472
  -0.03693
   0.01583
   0.01096
  -0.03380
   0.04448
  -0.03914
   0.01970
   0.00683
  -0.03090
   0.04384
  -0.04100
   0.02339
   0.00264
  -0.02772
   0.04282
  -0.04250
   0.02687
  -0.00157
  -0.02429
   0.04141
  -0.04362
   0.03012
  -0.00577
  -0.02065
   0.03964
  -0.04435
   0.03310
  -0.00992
  -0.01683
   0.03752
  -0.04470
   0.03578
  -0.01398
  -0.01285
   0.03506
  -0.04464
   0.03815
  -0.01792
  -0.00877
   0.03229
  -0.04419
   0.04017
  -0.02169
  -0.00460
   0.02924
  -0.04334
   0.04184
  -0.02528
  -0.00039
   0.02592
  -0.04212
   0.04314
  -0.02864
   0.00382
   0.02238
  -0.04051
   0.04406
  -0.03174
   0.00799
   0.01863
  -0.03855
   0.04459
  -0.03457
   0.01210
   0.01472
  -0.03625
   0.04472
  -0.03708
   0.01610
   0.01068
  -0.03362
   0.04445
  -0.03927
   0.01995
   0.00655
  -0.03070
   0.04379
  -0.04111
   0.02363
   0.00236
  -0.02750
   0.04274
  -0.04258
   0.02710
  -0.00185
  -0.02406
   0.04131
  -0.04368
   0.03033
  -0.00605
  -0.02040
   0.03951
  -0.04439
   0.03329
  -0.01019
  -0.01657
   0.03736
  -0.04470
   0.03595
  -0.01425
  -0.01258
   0.03488
  -0.04462
   0.03829
  -0.01817
  -0.00849
   0.03210
  -0.04414
   0.04030
  -0.02194
  -0.00432
   0.02902
  -0.04327
   0.04194
  -0.02551
  -0.00011
   0.02569
  -0.04202
   0.04322
  -0.02885
   0.00410
   0.02213
  -0.04039
   0.04411
  -0.03194
   0.00827
   0.01838
  -0.03841
   0.04461
  -0.03474
   0.01237
   0.01446
  -0.03608
   0.04471
  -0.03724
   0.01636
   0.01041
  -0.03343
   0.04442
  -0.03940
   0.02020
   0.00627
  -0.03049
   0.04373
  -0.04122
   0.02387
   0.00208
  -0.02728
   0.04265
  -0.04267
   0.02732
  -0.00214
  -0.02382
   0.04120
  -0.04374
   0.03053
  -0.00633
  -0.02015
   0.03938
  -0.04442
   0.03347
  -0.01047
  -0.01631
   0.03721
  -0.04471
   0.03611
  -0.01451
  -0.01231
   0.03471
  -0.04460
   0.03844
  -0.01843
  -0.00821
   0.03190
  -0.04410
   0.04042
  -0.02218
  -0.00404
   0.02881
  -0.04320
   0.04204
  -0.02574
   0.00017
   0.02546
  -0.04192
   0.04329
  -0.02907
   0.00438
   0.02189
  -0.04027
   0.04415
  -0.03214
   0.00855
   0.01812
  -0.03826
   0.04463
  -0.03492
   0.01264
   0.01419
  -0.03591
   0.04470
  -0.03739
   0.01662
   0.01014
  -0.03325
   0.04438
  -0.03954
   0.02045
   0.00599
  -0.03028
   0.04367
  -0.04133
   0.02411
   0.00180
  -0.02705
   0.04257
  -0.04275
   0.02754
  -0.00242
  -0.02358
   0.04109
  -0.04380
   0.03074
  -0.00661
  -0.01990
   0.03924
  -0.04445
   0.03366
  -0.01074
  -0.01604
   0.03705
  -0.04472
   0.03628
  -0.01478
  -0.01204
   0.03453
  -0.04458
   0.03858
  -0.01869
  -0.00794
   0.03170
  -0.04405
   0.04054
  -0.02243
  -0.00376
   0.02859
  -0.04313
   0.04213
  -0.02597
   0.00045
   0.02523
  -0.04182
   0.04336
  -0.02928
   0.00466
   0.02164
  -0.04015
   0.04420
  -0.03233
   0.00882
   0.01786
  -0.03812
   0.04464
  -0.03509
   0.01291
   0.01393
  -0.03575
   0.04469
  -0.03755
   0.01688
   0.00986
  -0.03306
   0.04435
  -0.03967
   0.02070
   0.00572
  -0.03008
   0.04361
  -0.04143
   0.02434
   0.00152
  -0.02683
   0.04248
  -0.04283
   0.02776
  -0.00270
  -0.02334
   0.04098
  -0.04385
   0.03094
  -0.00689
  -0.01965
   0.03911
  -0.04448
   0.03384
  -0.01101
  -0.01578
   0.03689
  -0.04472
   0.03644
  -0.01504
  -0.01177
   0.03435
  -0.04456
   0.03872
  -0.01894
  -0.00766
   0.03150
  -0.04400
   0.04065
  -0.02267
  -0.00348
   0.02838
  -0.04305
   0.04223
  -0.02620
   0.00073
   0.02500
  -0.04172
   0.04343
  -0.02949
   0.00494
   0.02140
  -0.04002
   0.04424
  -0.03252
   0.00910
   0.01761
  -0.03797
   0.04466
  -0.03527
   0.01318
   0.01366
  -0.03558
   0.04468
  -0.03770
   0.01714
   0.00959
  -0.03287
   0.04431
  -0.03980
   0.02095
   0.00544
  -0.02987
   0.04354
  -0.04154
   0.02458
   0.00124
  -0.02660
   0.04239
  -0.04291
   0.02798
  -0.00298
  -0.02310
   0.04086
  -0.04391
   0.03114
  -0.00716
  -0.01940
   0.03897
  -0.04451
   0.03403
  -0.01129
  -0.01552
   0.03673
  -0.04472
   0.03661
  -0.01531
  -0.01150
   0.03417
  -0.04453
   0.03886
  -0.01919
  -0.00738
   0.03130
  -0.04395
   0.04077
  -0.02291
  -0.00320
   0.02816
  -0.04298
   0.04232
  -0.02642
   0.00101
   0.02476
  -0.04162
   0.04349
  -0.02970
   0.00522
   0.02115
  -0.03990
   0.04428
  -0.03272
   0.00937
   0.01735
  -0.03782
   0.04467
  -0.03544
   0.01345
   0.01339
  -0.03541
   0.04467
  -0.03785
   0.01740
   0.00932
  -0.03268
   0.04427
  -0.03992
   0.02120
   0.00516
  -0.02966
   0.04348
  -0.04164
   0.02481
   0.00095
  -0.02638
   0.04230
  -0.04299
   0.02820
  -0.00326
  -0.02286
   0.04075
  -0.04396
   0.03134
  -0.00744
  -0.01914
   0.03883
  -0.04454
   0.03421
  -0.01156
  -0.01525
   0.03657
  -0.04472
   0.03677
  -0.01557
  -0.01123
   0.03399
  -0.04451
   0.03900
  -0.01945
  -0.00711
   0.03110
  -0.04390
   0.04089
  -0.02315
  -0.00292
   0.02794
  -0.04290
   0.04241
  -0.02665
   0.00129
   0.02453
  -0.04152
   0.04356
  -0.02991
   0.00549
   0.02090
  -0.03977
   0.04432
  -0.03291
   0.00965
   0.01709
  -0.03767
   0.04469
  -0.03561
   0.01371
   0.01312
  -0.03523
   0.04466
  -0.03800
   0.01766
   0.00904
  -0.03248
   0.04423
  -0.04005
   0.02145
   0.00488
  -0.02945
   0.04341
  -0.04174
   0.02504
   0.00067
  -0.02615
   0.04221
  -0.04307
   0.02842
  -0.00354
  -0.02262
   0.04063
  -0.04401
   0.03154
  -0.00772
  -0.01889
   0.03869
  -0.04456
   0.03439
  -0.01183
  -0.01499
   0.03641
  -0.04472
   0.03693
  -0.01583
  -0.01096
   0.03380
  -0.04448
   0.03914
  -0.01970
  -0.00683
   0.03090
  -0.04384
   0.04100
  -0.02339
  -0.00264
   0.02772
  -0.04282
   0.04250
  -0.02687
   0.00157
