  -0.04189
   0.03319
  -0.01983
   0.00368
   0.01299
  -0.02783
   0.03876
  -0.04425
   0.04352
  -0.03669
   0.02469
  -0.00923
  -0.00752
   0.02322
  -0.03566
   0.04309
  -0.04447
   0.03960
  -0.02917
   0.01465
   0.00194
  -0.01825
   0.03200
  -0.04125
   0.04471
  -0.04189
   0.03319
  -0.01983
   0.00368
   0.01299
  -0.02783
   0.03876
  -0.04425
   0.04352
  -0.03669
   0.02469
  -0.00923
  -0.00752
   0.02322
  -0.03566
   0.04309
  -0.04447
   0.03960
  -0.02917
   0.01465
   0.00194
  -0.01825
   0.03200
  -0.04125
   0.04471
  -0.04189
   0.03319
  -0.01983
   0.00368
   0.01299
  -0.02783
   0.03876
  -0.04425
   0.04352
  -0.03669
   0.02469
  -0.00923
  -0.00752
   0.02322
  -0.03566
   0.04309
  -0.04447
   0.03960
  -0.02917
   0.01465
   0.00194
  -0.01825
   0.03200
  -0.04125
   0.04471
  -0.04189
   0.03319
  -0.01983
   0.00368
   0.01299
  -0.02783
   0.03876
  -0.04425
   0.04352
  -0.03669
   0.02469
  -0.00923
  -0.00752
   0.02322
  -0.03566
   0.04309
  -0.04447
   0.03960
  -0.02917
   0.01465
   0.00194
  -0.01825
   0.03200
  -0.04125
   0.04471
  -0.04189
   0.03319
  -0.01983
   0.00368
   0.01299
  -0.02783
   0.03876
  -0.04425
   0.04352
  -0.03669
   0.02469
  -0.00923
  -0.00752
   0.02322
  -0.03566
   0.04309
  -0.04447
   0.03960
  -0.02917
   0.01465
   0.00194
  -0.01825
   0.03200
  -0.04125
   0.04471
  -0.04189
   0.03319
  -0.01983
   0.00368
   0.01299
  -0.02783
   0.03876
  -0.04425
   0.04352
  -0.03669
   0.02469
  -0.00923
  -0.00752
   0.02322
  -0.03566
   0.04309
  -0.04447
   0.03960
  -0.02917
   0.01465
   0.00194
  -0.01825
   0.03200
  -0.04125
   0.04471
  -0.04189
   0.03319
  -0.01983
   0.00368
   0.01299
  -0.02783
   0.03876
  -0.04425
   0.04352
  -0.03669
   0.02469
  -0.00923
  -0.00752
   0.02322
  -0.03566
   0.04309
  -0.04447
   0.03960
  -0.02917
   0.01465
   0.00194
  -0.01825
   0.03200
  -0.04125
   0.04471
  -0.04189
   0.03319
  -0.01983
   0.00368
   0.01299
  -0.02783
   0.03876
  -0.04425
   0.04352
  -0.03669
   0.02469
  -0.00923
  -0.00752
   0.02322
  -0.03566
   0.04309
  -0.04447
   0.03960
  -0.02917
   0.01465
   0.00194
  -0.01825
   0.03200
  -0.04125
   0.04471
  -0.04189
   0.03319
  -0.01983
   0.00368
   0.01299
  -0.02783
   0.03876
  -0.04425
   0.04352
  -0.03669
   0.02469
  -0.00923
  -0.00752
   0.02322
  -0.03566
   0.04309
  -0.04447
   0.03960
  -0.02917
   0.01465
   0.00194
  -0.01825
   0.03200
  -0.04125
   0.04471
  -0.04189
   0.03319
  -0.01983
   0.00368
   0.01299
  -0.02783
   0.03876
  -0.04425
   0.04352
  -0.03669
   0.02469
  -0.00923
  -0.00752
   0.02322
  -0.03566
   0.04309
  -0.04447
   0.03960
  -0.02917
   0.01465
   0.00194
  -0.01825
   0.03200
  -0.04125
   0.04471
  -0.04189
   0.03319
  -0.01983
   0.00368
   0.01299
  -0.02783
   0.03876
  -0.04425
   0.04352
  -0.03669
   0.02469
  -0.00923
  -0.00752
   0.02322
  -0.03566
   0.04309
  -0.04447
   0.03960
  -0.02917
   0.01465
   0.00194
  -0.01825
   0.03200
  -0.04125
   0.04471
  -0.04189
   0.03319
  -0.01983
   0.00368
   0.01299
  -0.02783
   0.03876
  -0.04425
   0.04352
  -0.03669
   0.02469
  -0.00923
  -0.00752
   0.02322
  -0.03566
   0.04309
  -0.04447
   0.03960
  -0.02917
   0.01465
   0.00194
  -0.01825
   0.03200
  -0.04125
   0.04471
  -0.04189
   0.03319
  -0.01983
   0.00368
   0.01299
  -0.02783
   0.03876
  -0.04425
   0.04352
  -0.03669
   0.02469
  -0.00923
  -0.00752
   0.02322
  -0.03566
   0.04309
  -0.04447
   0.03960
  -0.02917
   0.01465
   0.00194
  -0.01825
   0.03200
  -0.04125
   0.04471
  -0.04189
   0.03319
  -0.01983
   0.00368
   0.01299
  -0.02783
   0.03876
  -0.04425
   0.04352
  -0.03669
   0.02469
  -0.00923
  -0.00752
   0.02322
  -0.03566
   0.04309
  -0.04447
   0.03960
  -0.02917
   0.01465
   0.00194
  -0.01825
   0.03200
  -0.04125
   0.04471
  -0.04189
   0.03319
  -0.01983
   0.00368
   0.01299
  -0.02783
   0.03876
  -0.04425
   0.04352
  -0.03669
   0.02469
  -0.00923
  -0.00752
   0.02322
  -0.03566
   0.04309
  -0.04447
   0.03960
  -0.02917
   0.01465
   0.00194
  -0.01825
   0.03200
  -0.04125
   0.04471
  -0.04189
   0.03319
  -0.01983
   0.00368
   0.01299
  -0.02783
   0.03876
  -0.04425
   0.04352
  -0.03669
   0.02469
  -0.00923
  -0.00752
   0.02322
  -0.03566
   0.04309
  -0.04447
   0.03960
  -0.02917
   0.01465
   0.00194
  -0.01825
   0.03200
  -0.04125
   0.04471
  -0.04189
   0.03319
  -0.01983
   0.00368
   0.01299
  -0.02783
   0.03876
  -0.04425
   0.04352
  -0.03669
   0.02469
  -0.00923
  -0.00752
   0.02322
  -0.03566
   0.04309
  -0.04447
   0.03960
  -0.02917
   0.01465
   0.00194
  -0.01825
   0.03200
  -0.04125
   0.04471
  -0.04189
   0.03319
  -0.01983
   0.00368
   0.01299
  -0.02783
   0.03876
  -0.04425
   0.04352
  -0.03669
   0.02469
  -0.00923
  -0.00752
   0.02322
  -0.03566
   0.04309
  -0.04447
   0.03960
  -0.02917
   0.01465
   0.00194
  -0.01825
   0.03200
  -0.04125
   0.04471
  -0.04189
   0.03319
  -0.01983
   0.00368
   0.01299
  -0.02783
   0.03876
  -0.04425
   0.04352
  -0.03669
   0.02469
  -0.00923
  -0.00752
   0.02322
  -0.03566
   0.04309
  -0.04447
   0.03960
  -0.02917
   0.01465
   0.00194
  -0.01825
   0.03200
  -0.04125
   0.04471
  -0.04189
   0.03319
  -0.01983
   0.00368
   0.01299
  -0.02783
   0.03876
  -0.04425
   0.04352
  -0.03669
   0.02469
  -0.00923
  -0.00752
   0.02322
  -0.03566
   0.04309
  -0.04447
   0.03960
  -0.02917
   0.01465
   0.00194
  -0.01825
   0.03200
  -0.04125
   0.04471
  -0.04189
   0.03319
  -0.01983
   0.00368
   0.01299
  -0.02783
   0.03876
  -0.04425
   0.04352
  -0.03669
   0.02469
  -0.00923
  -0.00752
   0.02322
  -0.03566
   0.04309
  -0.04447
   0.03960
  -0.02917
   0.01465
   0.00194
  -0.01825
   0.03200
  -0.04125
   0.04471
  -0.04189
   0.03319
  -0.01983
   0.00368
   0.01299
  -0.02783
   0.03876
  -0.04425
   0.04352
  -0.03669
   0.02469
  -0.00923
  -0.00752
   0.02322
  -0.03566
   0.04309
  -0.04447
   0.03960
  -0.02917
   0.01465
   0.00194
  -0.01825
   0.03200
  -0.04125
   0.04471
  -0.04189
   0.03319
  -0.01983
   0.00368
   0.01299
  -0.02783
   0.03876
  -0.04425
   0.04352
  -0.03669
   0.02469
  -0.00923
  -0.00752
   0.02322
  -0.03566
   0.04309
  -0.04447
   0.03960
  -0.02917
   0.01465
   0.00194
  -0.01825
   0.03200
  -0.04125
   0.04471
  -0.04189
   0.03319
  -0.01983
   0.00368
   0.01299
  -0.02783
   0.03876
  -0.04425
   0.04352
  -0.03669
   0.02469
  -0.00923
  -0.00752
   0.02322
  -0.03566
   0.04309
  -0.04447
   0.03960
  -0.02917
   0.01465
   0.00194
  -0.01825
   0.03200
  -0.04125
   0.04471
  -0.04189
   0.03319
  -0.01983
   0.00368
   0.01299
  -0.02783
   0.03876
  -0.04425
   0.04352
  -0.03669
   0.02469
  -0.00923
  -0.00752
   0.02322
  -0.03566
   0.04309
  -0.04447
   0.03960
  -0.02917
   0.01465
   0.00194
  -0.01825
   0.03200
  -0.04125
   0.04471
  -0.04189
   0.03319
  -0.01983
   0.00368
   0.01299
  -0.02783
   0.03876
  -0.04425
   0.04352
  -0.03669
   0.02469
  -0.00923
  -0.00752
   0.02322
  -0.03566
   0.04309
  -0.04447
   0.03960
  -0.02917
   0.01465
   0.00194
  -0.01825
   0.03200
  -0.04125
   0.04471
  -0.04189
   0.03319
  -0.01983
   0.00368
   0.01299
  -0.02783
   0.03876
  -0.04425
   0.04352
  -0.03669
   0.02469
  -0.00923
  -0.00752
   0.02322
  -0.03566
   0.04309
  -0.04447
   0.03960
  -0.02917
   0.01465
   0.00194
  -0.01825
   0.03200
  -0.04125
   0.04471
  -0.04189
   0.03319
  -0.01983
   0.00368
   0.01299
  -0.02783
   0.03876
  -0.04425
   0.04352
  -0.03669
   0.02469
  -0.00923
  -0.00752
   0.02322
  -0.03566
   0.04309
  -0.04447
   0.03960
  -0.02917
   0.01465
   0.00194
  -0.01825
   0.03200
  -0.04125
   0.04471
  -0.04189
   0.03319
  -0.01983
   0.00368
   0.01299
  -0.02783
   0.03876
  -0.04425
   0.04352
  -0.03669
   0.02469
  -0.00923
  -0.00752
   0.02322
  -0.03566
   0.04309
  -0.04447
   0.03960
  -0.02917
   0.01465
   0.00194
  -0.01825
   0.03200
  -0.04125
   0.04471
  -0.04189
   0.03319
  -0.01983
   0.00368
   0.01299
  -0.02783
   0.03876
  -0.04425
   0.04352
  -0.03669
   0.02469
  -0.00923
  -0.00752
   0.02322
  -0.03566
   0.04309
  -0.04447
   0.03960
  -0.02917
   0.01465
   0.00194
  -0.01825
   0.03200
  -0.04125
   0.04471
  -0.04189
   0.03319
  -0.01983
   0.00368
   0.01299
  -0.02783
   0.03876
  -0.04425
   0.04352
  -0.03669
   0.02469
  -0.00923
  -0.00752
   0.02322
  -0.03566
   0.04309
  -0.04447
   0.03960
  -0.02917
   0.01465
   0.00194
  -0.01825
   0.03200
  -0.04125
   0.04471
  -0.04189
   0.03319
  -0.01983
   0.00368
   0.01299
  -0.02783
   0.03876
  -0.04425
   0.04352
  -0.03669
   0.02469
  -0.00923
  -0.00752
   0.02322
  -0.03566
   0.04309
  -0.04447
   0.03960
  -0.02917
   0.01465
   0.00194
  -0.01825
   0.03200
  -0.04125
   0.04471
  -0.04189
   0.03319
  -0.01983
   0.00368
   0.01299
  -0.02783
   0.03876
  -0.04425
   0.04352
  -0.03669
   0.02469
  -0.00923
  -0.00752
   0.02322
  -0.03566
   0.04309
  -0.04447
   0.03960
  -0.02917
   0.01465
   0.00194
  -0.01825
   0.03200
  -0.04125
   0.04471
  -0.04189
   0.03319
  -0.01983
   0.00368
   0.01299
  -0.02783
   0.03876
  -0.04425
   0.04352
  -0.03669
   0.02469
  -0.00923
  -0.00752
   0.02322
  -0.03566
   0.04309
  -0.04447
   0.03960
  -0.02917
   0.01465
   0.00194
  -0.01825
   0.03200
  -0.04125
   0.04471
  -0.04189
   0.03319
  -0.01983
   0.00368
   0.01299
  -0.02783
   0.03876
  -0.04425
   0.04352
  -0.03669
   0.02469
  -0.00923
  -0.00752
   0.02322
  -0.03566
   0.04309
  -0.04447
   0.03960
  -0.02917
   0.01465
   0.00194
  -0.01825
   0.03200
  -0.04125
   0.04471
  -0.04189
   0.03319
  -0.01983
   0.00368
   0.01299
  -0.02783
   0.03876
  -0.04425
   0.04352
  -0.03669
   0.02469
  -0.00923
  -0.00752
   0.02322
  -0.03566
   0.04309
  -0.04447
   0.03960
  -0.02917
   0.01465
   0.00194
  -0.01825
   0.03200
  -0.04125
   0.04471
  -0.04189
   0.03319
  -0.01983
   0.00368
   0.01299
  -0.02783
   0.03876
  -0.04425
   0.04352
  -0.03669
   0.02469
  -0.00923
  -0.00752
   0.02322
  -0.03566
   0.04309
  -0.04447
   0.03960
  -0.02917
   0.01465
   0.00194
  -0.01825
   0.03200
  -0.04125
   0.04471
  -0.04189
   0.03319
  -0.01983
   0.00368
   0.01299
  -0.02783
   0.03876
  -0.04425
   0.04352
  -0.03669
   0.02469
  -0.00923
  -0.00752
   0.02322
  -0.03566
   0.04309
  -0.04447
   0.03960
  -0.02917
   0.01465
   0.00194
  -0.01825
   0.03200
  -0.04125
   0.04471
  -0.04189
   0.03319
  -0.01983
   0.00368
   0.01299
  -0.02783
   0.03876
  -0.04425
   0.04352
  -0.03669
   0.02469
  -0.00923
  -0.00752
   0.02322
  -0.03566
   0.04309
  -0.04447
   0.03960
  -0.02917
   0.01465
   0.00194
  -0.01825
   0.03200
  -0.04125
   0.04471
  -0.04189
   0.03319
  -0.01983
   0.00368
   0.01299
  -0.02783
   0.03876
  -0.04425
   0.04352
  -0.03669
   0.02469
  -0.00923
  -0.00752
   0.02322
  -0.03566
   0.04309
  -0.04447
   0.03960
  -0.02917
   0.01465
   0.00194
  -0.01825
   0.03200
  -0.04125
   0.04471
