   0.03506
   0.04343
   0.01818
  -0.02114
  -0.04410
  -0.03291
   0.00375
   0.03751
   0.04223
   0.01425
  -0.02476
  -0.04460
  -0.02992
   0.00793
   0.03964
   0.04066
   0.01020
  -0.02815
  -0.04471
  -0.02665
   0.01204
   0.04141
   0.03872
   0.00606
  -0.03130
  -0.04442
  -0.02316
   0.01604
   0.04282
   0.03645
   0.00186
  -0.03417
  -0.04374
  -0.01945
   0.01990
   0.04384
   0.03385
  -0.00235
  -0.03673
  -0.04267
  -0.01558
   0.02358
   0.04448
   0.03094
  -0.00655
  -0.03897
  -0.04122
  -0.01156
   0.02705
   0.04472
   0.02777
  -0.01068
  -0.04086
  -0.03941
  -0.00745
   0.03028
   0.04456
   0.02435
  -0.01472
  -0.04239
  -0.03724
  -0.00326
   0.03324
   0.04401
   0.02071
  -0.01863
  -0.04354
  -0.03475
   0.00095
   0.03591
   0.04307
   0.01689
  -0.02237
  -0.04431
  -0.03194
   0.00515
   0.03826
   0.04175
   0.01291
  -0.02592
  -0.04468
  -0.02886
   0.00931
   0.04027
   0.04005
   0.00883
  -0.02923
  -0.04466
  -0.02551
   0.01339
   0.04192
   0.03800
   0.00466
  -0.03229
  -0.04424
  -0.02194
   0.01734
   0.04320
   0.03561
   0.00046
  -0.03506
  -0.04343
  -0.01818
   0.02114
   0.04410
   0.03291
  -0.00375
  -0.03751
  -0.04223
  -0.01425
   0.02476
   0.04460
   0.02992
  -0.00793
  -0.03964
  -0.04066
  -0.01020
   0.02815
   0.04471
   0.02665
  -0.01204
  -0.04141
  -0.03872
  -0.00606
   0.03130
   0.04442
   0.02316
  -0.01604
  -0.04282
  -0.03645
  -0.00186
   0.03417
   0.04374
   0.01945
  -0.01990
  -0.04384
  -0.03385
   0.00235
   0.03673
   0.04267
   0.01558
  -0.02358
  -0.04448
  -0.03094
   0.00655
   0.03897
   0.04122
   0.01156
  -0.02705
  -0.04472
  -0.02777
   0.01068
   0.04086
   0.03941
   0.00745
  -0.03028
  -0.04456
  -0.02435
   0.01472
   0.04239
   0.03724
   0.00326
  -0.03324
  -0.04401
  -0.02071
   0.01863
   0.04354
   0.03475
  -0.00095
  -0.03591
  -0.04307
  -0.01689
   0.02237
   0.04431
   0.03194
  -0.00515
  -0.03826
  -0.04175
  -0.01291
   0.02592
   0.04468
   0.02886
  -0.00931
  -0.04027
  -0.04005
  -0.00883
   0.02923
   0.04466
   0.02551
  -0.01339
  -0.04192
  -0.03800
  -0.00466
   0.03229
   0.04424
   0.02194
  -0.01734
  -0.04320
  -0.03561
  -0.00046
   0.03506
   0.04343
   0.01818
  -0.02114
  -0.04410
  -0.03291
   0.00375
   0.03751
   0.04223
   0.01425
  -0.02476
  -0.04460
  -0.02992
   0.00793
   0.03964
   0.04066
   0.01020
  -0.02815
  -0.04471
  -0.02665
   0.01204
   0.04141
   0.03872
   0.00606
  -0.03130
  -0.04442
  -0.02316
   0.01604
   0.04282
   0.03645
   0.00186
  -0.03417
  -0.04374
  -0.01945
   0.01990
   0.04384
   0.03385
  -0.00235
  -0.03673
  -0.04267
  -0.01558
   0.02358
   0.04448
   0.03094
  -0.00655
  -0.03897
  -0.04122
  -0.01156
   0.02705
   0.04472
   0.02777
  -0.01068
  -0.04086
  -0.03941
  -0.00745
   0.03028
   0.04456
   0.02435
  -0.01472
  -0.04239
  -0.03724
  -0.00326
   0.03324
   0.04401
   0.02071
  -0.01863
  -0.04354
  -0.03475
   0.00095
   0.03591
   0.04307
   0.01689
  -0.02237
  -0.04431
  -0.03194
   0.00515
   0.03826
   0.04175
   0.01291
  -0.02592
  -0.04468
  -0.02886
   0.00931
   0.04027
   0.04005
   0.00883
  -0.02923
  -0.04466
  -0.02551
   0.01339
   0.04192
   0.03800
   0.00466
  -0.03229
  -0.04424
  -0.02194
   0.01734
   0.04320
   0.03561
   0.00046
  -0.03506
  -0.04343
  -0.01818
   0.02114
   0.04410
   0.03291
  -0.00375
  -0.03751
  -0.04223
  -0.01425
   0.02476
   0.04460
   0.02992
  -0.00793
  -0.03964
  -0.04066
  -0.01020
   0.02815
   0.04471
   0.02665
  -0.01204
  -0.04141
  -0.03872
  -0.00606
   0.03130
   0.04442
   0.02316
  -0.01604
  -0.04282
  -0.03645
  -0.00186
   0.03417
   0.04374
   0.01945
  -0.01990
  -0.04384
  -0.03385
   0.00235
   0.03673
   0.04267
   0.01558
  -0.02358
  -0.04448
  -0.03094
   0.00655
   0.03897
   0.04122
   0.01156
  -0.02705
  -0.04472
  -0.02777
   0.01068
   0.04086
   0.03941
   0.00745
  -0.03028
  -0.04456
  -0.02435
   0.01472
   0.04239
   0.03724
   0.00326
  -0.03324
  -0.04401
  -0.02071
   0.01863
   0.04354
   0.03475
  -0.00095
  -0.03591
  -0.04307
  -0.01689
   0.02237
   0.04431
   0.03194
  -0.00515
  -0.03826
  -0.04175
  -0.01291
   0.02592
   0.04468
   0.02886
  -0.00931
  -0.04027
  -0.04005
  -0.00883
   0.02923
   0.04466
   0.02551
  -0.01339
  -0.04192
  -0.03800
  -0.00466
   0.03229
   0.04424
   0.02194
  -0.01734
  -0.04320
  -0.03561
  -0.00046
   0.03506
   0.04343
   0.01818
  -0.02114
  -0.04410
  -0.03291
   0.00375
   0.03751
   0.04223
   0.01425
  -0.02476
  -0.04460
  -0.02992
   0.00793
   0.03964
   0.04066
   0.01020
  -0.02815
  -0.04471
  -0.02665
   0.01204
   0.04141
   0.03872
   0.00606
  -0.03130
  -0.04442
  -0.02316
   0.01604
   0.04282
   0.03645
   0.00186
  -0.03417
  -0.04374
  -0.01945
   0.01990
   0.04384
   0.03385
  -0.00235
  -0.03673
  -0.04267
  -0.01558
   0.02358
   0.04448
   0.03094
  -0.00655
  -0.03897
  -0.04122
  -0.01156
   0.02705
   0.04472
   0.02777
  -0.01068
  -0.04086
  -0.03941
  -0.00745
   0.03028
   0.04456
   0.02435
  -0.01472
  -0.04239
  -0.03724
  -0.00326
   0.03324
   0.04401
   0.02071
  -0.01863
  -0.04354
  -0.03475
   0.00095
   0.03591
   0.04307
   0.01689
  -0.02237
  -0.04431
  -0.03194
   0.00515
   0.03826
   0.04175
   0.01291
  -0.02592
  -0.04468
  -0.02886
   0.00931
   0.04027
   0.04005
   0.00883
  -0.02923
  -0.04466
  -0.02551
   0.01339
   0.04192
   0.03800
   0.00466
  -0.03229
  -0.04424
  -0.02194
   0.01734
   0.04320
   0.03561
   0.00046
  -0.03506
  -0.04343
  -0.01818
   0.02114
   0.04410
   0.03291
  -0.00375
  -0.03751
  -0.04223
  -0.01425
   0.02476
   0.04460
   0.02992
  -0.00793
  -0.03964
  -0.04066
  -0.01020
   0.02815
   0.04471
   0.02665
  -0.01204
  -0.04141
  -0.03872
  -0.00606
   0.03130
   0.04442
   0.02316
  -0.01604
  -0.04282
  -0.03645
  -0.00186
   0.03417
   0.04374
   0.01945
  -0.01990
  -0.04384
  -0.03385
   0.00235
   0.03673
   0.04267
   0.01558
  -0.02358
  -0.04448
  -0.03094
   0.00655
   0.03897
   0.04122
   0.01156
  -0.02705
  -0.04472
  -0.02777
   0.01068
   0.04086
   0.03941
   0.00745
  -0.03028
  -0.04456
  -0.02435
   0.01472
   0.04239
   0.03724
   0.00326
  -0.03324
  -0.04401
  -0.02071
   0.01863
   0.04354
   0.03475
  -0.00095
  -0.03591
  -0.04307
  -0.01689
   0.02237
   0.04431
   0.03194
  -0.00515
  -0.03826
  -0.04175
  -0.01291
   0.02592
   0.04468
   0.02886
  -0.00931
  -0.04027
  -0.04005
  -0.00883
   0.02923
   0.04466
   0.02551
  -0.01339
  -0.04192
  -0.03800
  -0.00466
   0.03229
   0.04424
   0.02194
  -0.01734
  -0.04320
  -0.03561
  -0.00046
   0.03506
   0.04343
   0.01818
  -0.02114
  -0.04410
  -0.03291
   0.00375
   0.03751
   0.04223
   0.01425
  -0.02476
  -0.04460
  -0.02992
   0.00793
   0.03964
   0.04066
   0.01020
  -0.02815
  -0.04471
  -0.02665
   0.01204
   0.04141
   0.03872
   0.00606
  -0.03130
  -0.04442
  -0.02316
   0.01604
   0.04282
   0.03645
   0.00186
  -0.03417
  -0.04374
  -0.01945
   0.01990
   0.04384
   0.03385
  -0.00235
  -0.03673
  -0.04267
  -0.01558
   0.02358
   0.04448
   0.03094
  -0.00655
  -0.03897
  -0.04122
  -0.01156
   0.02705
   0.04472
   0.02777
  -0.01068
  -0.04086
  -0.03941
  -0.00745
   0.03028
   0.04456
   0.02435
  -0.01472
  -0.04239
  -0.03724
  -0.00326
   0.03324
   0.04401
   0.02071
  -0.01863
  -0.04354
  -0.03475
   0.00095
   0.03591
   0.04307
   0.01689
  -0.02237
  -0.04431
  -0.03194
   0.00515
   0.03826
   0.04175
   0.01291
  -0.02592
  -0.04468
  -0.02886
   0.00931
   0.04027
   0.04005
   0.00883
  -0.02923
  -0.04466
  -0.02551
   0.01339
   0.04192
   0.03800
   0.00466
  -0.03229
  -0.04424
  -0.02194
   0.01734
   0.04320
   0.03561
   0.00046
  -0.03506
  -0.04343
  -0.01818
   0.02114
   0.04410
   0.03291
  -0.00375
  -0.03751
  -0.04223
  -0.01425
   0.02476
   0.04460
   0.02992
  -0.00793
  -0.03964
  -0.04066
  -0.01020
   0.02815
   0.04471
   0.02665
  -0.01204
  -0.04141
  -0.03872
  -0.00606
   0.03130
   0.04442
   0.02316
  -0.01604
  -0.04282
  -0.03645
  -0.00186
   0.03417
   0.04374
   0.01945
  -0.01990
  -0.04384
  -0.03385
   0.00235
   0.03673
   0.04267
   0.01558
  -0.02358
  -0.04448
  -0.03094
   0.00655
   0.03897
   0.04122
   0.01156
  -0.02705
  -0.04472
  -0.02777
   0.01068
   0.04086
   0.03941
   0.00745
  -0.03028
  -0.04456
  -0.02435
   0.01472
   0.04239
   0.03724
   0.00326
  -0.03324
  -0.04401
  -0.02071
   0.01863
   0.04354
   0.03475
  -0.00095
  -0.03591
  -0.04307
  -0.01689
   0.02237
   0.04431
   0.03194
  -0.00515
  -0.03826
  -0.04175
  -0.01291
   0.02592
   0.04468
   0.02886
  -0.00931
  -0.04027
  -0.04005
  -0.00883
   0.02923
   0.04466
   0.02551
  -0.01339
  -0.04192
  -0.03800
  -0.00466
   0.03229
   0.04424
   0.02194
  -0.01734
  -0.04320
  -0.03561
  -0.00046
   0.03506
   0.04343
   0.01818
  -0.02114
  -0.04410
  -0.03291
   0.00375
   0.03751
   0.04223
   0.01425
  -0.02476
  -0.04460
  -0.02992
   0.00793
   0.03964
   0.04066
   0.01020
  -0.02815
  -0.04471
  -0.02665
   0.01204
   0.04141
   0.03872
   0.00606
  -0.03130
  -0.04442
  -0.02316
   0.01604
   0.04282
   0.03645
   0.00186
  -0.03417
  -0.04374
  -0.01945
   0.01990
   0.04384
   0.03385
  -0.00235
  -0.03673
  -0.04267
  -0.01558
   0.02358
   0.04448
   0.03094
  -0.00655
  -0.03897
  -0.04122
  -0.01156
   0.02705
   0.04472
   0.02777
  -0.01068
  -0.04086
  -0.03941
  -0.00745
   0.03028
   0.04456
   0.02435
  -0.01472
  -0.04239
  -0.03724
  -0.00326
   0.03324
   0.04401
   0.02071
  -0.01863
  -0.04354
  -0.03475
   0.00095
   0.03591
   0.04307
   0.01689
  -0.02237
  -0.04431
  -0.03194
   0.00515
   0.03826
   0.04175
   0.01291
  -0.02592
  -0.04468
  -0.02886
   0.00931
   0.04027
   0.04005
   0.00883
  -0.02923
  -0.04466
  -0.02551
   0.01339
   0.04192
   0.03800
   0.00466
  -0.03229
  -0.04424
  -0.02194
   0.01734
   0.04320
   0.03561
   0.00046
  -0.03506
  -0.04343
  -0.01818
   0.02114
   0.04410
   0.03291
  -0.00375
  -0.03751
  -0.04223
  -0.01425
   0.02476
   0.04460
   0.02992
  -0.00793
  -0.03964
  -0.04066
  -0.01020
   0.02815
   0.04471
   0.02665
  -0.01204
  -0.04141
  -0.03872
  -0.00606
   0.03130
   0.04442
   0.02316
  -0.01604
  -0.04282
  -0.03645
  -0.00186
   0.03417
   0.04374
   0.01945
  -0.01990
  -0.04384
  -0.03385
   0.00235
   0.03673
   0.04267
   0.01558
  -0.02358
  -0.04448
  -0.03094
   0.00655
   0.03897
   0.04122
   0.01156
  -0.02705
  -0.04472
  -0.02777
   0.01068
   0.04086
   0.03941
   0.00745
  -0.03028
  -0.04456
  -0.02435
   0.01472
   0.04239
   0.03724
   0.00326
  -0.03324
  -0.04401
  -0.02071
   0.01863
   0.04354
   0.03475
  -0.00095
  -0.03591
  -0.04307
  -0.01689
   0.02237
   0.04431
   0.03194
  -0.00515
  -0.03826
  -0.04175
  -0.01291
   0.02592
   0.04468
   0.02886
  -0.00931
  -0.04027
  -0.04005
  -0.00883
   0.02923
   0.04466
   0.02551
  -0.01339
  -0.04192
  -0.03800
  -0.00466
   0.03229
   0.04424
   0.02194
  -0.01734
  -0.04320
  -0.03561
  -0.00046
