   0.03714
   0.01646
  -0.01003
  -0.03299
  -0.04430
  -0.03997
  -0.02154
   0.00449
   0.02894
   0.04317
   0.04217
   0.02628
   0.00112
  -0.02444
  -0.04137
  -0.04370
  -0.03061
  -0.00671
   0.01955
   0.03892
   0.04455
   0.03446
   0.01220
  -0.01436
  -0.03585
  -0.04469
  -0.03776
  -0.01750
   0.00893
   0.03222
   0.04413
   0.04046
   0.02252
  -0.00337
  -0.02807
  -0.04287
  -0.04253
  -0.02718
  -0.00224
   0.02349
   0.04093
   0.04393
   0.03142
   0.00782
  -0.01853
  -0.03835
  -0.04463
  -0.03516
  -0.01328
   0.01329
   0.03517
   0.04463
   0.03835
   0.01853
  -0.00783
  -0.03143
  -0.04393
  -0.04093
  -0.02348
   0.00225
   0.02719
   0.04253
   0.04287
   0.02807
   0.00337
  -0.02253
  -0.04047
  -0.04413
  -0.03221
  -0.00893
   0.01751
   0.03776
   0.04469
   0.03584
   0.01435
  -0.01221
  -0.03446
  -0.04455
  -0.03891
  -0.01955
   0.00672
   0.03062
   0.04371
   0.04137
   0.02443
  -0.00113
  -0.02629
  -0.04217
  -0.04317
  -0.02893
  -0.00448
   0.02155
   0.03998
   0.04429
   0.03298
   0.01003
  -0.01647
  -0.03715
  -0.04472
  -0.03651
  -0.01541
   0.01113
   0.03373
   0.04444
   0.03946
   0.02055
  -0.00561
  -0.02979
  -0.04345
  -0.04178
  -0.02537
   0.00000
   0.02537
   0.04179
   0.04345
   0.02978
   0.00560
  -0.02056
  -0.03946
  -0.04444
  -0.03373
  -0.01112
   0.01542
   0.03651
   0.04472
   0.03714
   0.01646
  -0.01003
  -0.03299
  -0.04430
  -0.03997
  -0.02154
   0.00449
   0.02894
   0.04317
   0.04217
   0.02628
   0.00112
  -0.02444
  -0.04137
  -0.04370
  -0.03061
  -0.00671
   0.01955
   0.03892
   0.04455
   0.03446
   0.01220
  -0.01436
  -0.03585
  -0.04469
  -0.03776
  -0.01750
   0.00893
   0.03222
   0.04413
   0.04046
   0.02252
  -0.00337
  -0.02807
  -0.04287
  -0.04253
  -0.02718
  -0.00224
   0.02349
   0.04093
   0.04393
   0.03142
   0.00782
  -0.01853
  -0.03835
  -0.04463
  -0.03516
  -0.01328
   0.01329
   0.03517
   0.04463
   0.03835
   0.01853
  -0.00783
  -0.03143
  -0.04393
  -0.04093
  -0.02348
   0.00225
   0.02719
   0.04253
   0.04287
   0.02807
   0.00337
  -0.02253
  -0.04047
  -0.04413
  -0.03221
  -0.00893
   0.01751
   0.03776
   0.04469
   0.03584
   0.01435
  -0.01221
  -0.03446
  -0.04455
  -0.03891
  -0.01955
   0.00672
   0.03062
   0.04371
   0.04137
   0.02443
  -0.00113
  -0.02629
  -0.04217
  -0.04317
  -0.02893
  -0.00448
   0.02155
   0.03998
   0.04429
   0.03298
   0.01003
  -0.01647
  -0.03715
  -0.04472
  -0.03651
  -0.01541
   0.01113
   0.03373
   0.04444
   0.03946
   0.02055
  -0.00561
  -0.02979
  -0.04345
  -0.04178
  -0.02537
   0.00000
   0.02537
   0.04179
   0.04345
   0.02978
   0.00560
  -0.02056
  -0.03946
  -0.04444
  -0.03373
  -0.01112
   0.01542
   0.03651
   0.04472
   0.03714
   0.01646
  -0.01003
  -0.03299
  -0.04430
  -0.03997
  -0.02154
   0.00449
   0.02894
   0.04317
   0.04217
   0.02628
   0.00112
  -0.02444
  -0.04137
  -0.04370
  -0.03061
  -0.00671
   0.01955
   0.03892
   0.04455
   0.03446
   0.01220
  -0.01436
  -0.03585
  -0.04469
  -0.03776
  -0.01750
   0.00893
   0.03222
   0.04413
   0.04046
   0.02252
  -0.00337
  -0.02807
  -0.04287
  -0.04253
  -0.02718
  -0.00224
   0.02349
   0.04093
   0.04393
   0.03142
   0.00782
  -0.01853
  -0.03835
  -0.04463
  -0.03516
  -0.01328
   0.01329
   0.03517
   0.04463
   0.03835
   0.01853
  -0.00783
  -0.03143
  -0.04393
  -0.04093
  -0.02348
   0.00225
   0.02719
   0.04253
   0.04287
   0.02807
   0.00337
  -0.02253
  -0.04047
  -0.04413
  -0.03221
  -0.00893
   0.01751
   0.03776
   0.04469
   0.03584
   0.01435
  -0.01221
  -0.03446
  -0.04455
  -0.03891
  -0.01955
   0.00672
   0.03062
   0.04371
   0.04137
   0.02443
  -0.00113
  -0.02629
  -0.04217
  -0.04317
  -0.02893
  -0.00448
   0.02155
   0.03998
   0.04429
   0.03298
   0.01003
  -0.01647
  -0.03715
  -0.04472
  -0.03651
  -0.01541
   0.01113
   0.03373
   0.04444
   0.03946
   0.02055
  -0.00561
  -0.02979
  -0.04345
  -0.04178
  -0.02537
   0.00000
   0.02537
   0.04179
   0.04345
   0.02978
   0.00560
  -0.02056
  -0.03946
  -0.04444
  -0.03373
  -0.01112
   0.01542
   0.03651
   0.04472
   0.03714
   0.01646
  -0.01003
  -0.03299
  -0.04430
  -0.03997
  -0.02154
   0.00449
   0.02894
   0.04317
   0.04217
   0.02628
   0.00112
  -0.02444
  -0.04137
  -0.04370
  -0.03061
  -0.00671
   0.01955
   0.03892
   0.04455
   0.03446
   0.01220
  -0.01436
  -0.03585
  -0.04469
  -0.03776
  -0.01750
   0.00893
   0.03222
   0.04413
   0.04046
   0.02252
  -0.00337
  -0.02807
  -0.04287
  -0.04253
  -0.02718
  -0.00224
   0.02349
   0.04093
   0.04393
   0.03142
   0.00782
  -0.01853
  -0.03835
  -0.04463
  -0.03516
  -0.01328
   0.01329
   0.03517
   0.04463
   0.03835
   0.01853
  -0.00783
  -0.03143
  -0.04393
  -0.04093
  -0.02348
   0.00225
   0.02719
   0.04253
   0.04287
   0.02807
   0.00337
  -0.02253
  -0.04047
  -0.04413
  -0.03221
  -0.00893
   0.01751
   0.03776
   0.04469
   0.03584
   0.01435
  -0.01221
  -0.03446
  -0.04455
  -0.03891
  -0.01955
   0.00672
   0.03062
   0.04371
   0.04137
   0.02443
  -0.00113
  -0.02629
  -0.04217
  -0.04317
  -0.02893
  -0.00448
   0.02155
   0.03998
   0.04429
   0.03298
   0.01003
  -0.01647
  -0.03715
  -0.04472
  -0.03651
  -0.01541
   0.01113
   0.03373
   0.04444
   0.03946
   0.02055
  -0.00561
  -0.02979
  -0.04345
  -0.04178
  -0.02537
   0.00000
   0.02537
   0.04179
   0.04345
   0.02978
   0.00560
  -0.02056
  -0.03946
  -0.04444
  -0.03373
  -0.01112
   0.01542
   0.03651
   0.04472
   0.03714
   0.01646
  -0.01003
  -0.03299
  -0.04430
  -0.03997
  -0.02154
   0.00449
   0.02894
   0.04317
   0.04217
   0.02628
   0.00112
  -0.02444
  -0.04137
  -0.04370
  -0.03061
  -0.00671
   0.01955
   0.03892
   0.04455
   0.03446
   0.01220
  -0.01436
  -0.03585
  -0.04469
  -0.03776
  -0.01750
   0.00893
   0.03222
   0.04413
   0.04046
   0.02252
  -0.00337
  -0.02807
  -0.04287
  -0.04253
  -0.02718
  -0.00224
   0.02349
   0.04093
   0.04393
   0.03142
   0.00782
  -0.01853
  -0.03835
  -0.04463
  -0.03516
  -0.01328
   0.01329
   0.03517
   0.04463
   0.03835
   0.01853
  -0.00783
  -0.03143
  -0.04393
  -0.04093
  -0.02348
   0.00225
   0.02719
   0.04253
   0.04287
   0.02807
   0.00337
  -0.02253
  -0.04047
  -0.04413
  -0.03221
  -0.00893
   0.01751
   0.03776
   0.04469
   0.03584
   0.01435
  -0.01221
  -0.03446
  -0.04455
  -0.03891
  -0.01955
   0.00672
   0.03062
   0.04371
   0.04137
   0.02443
  -0.00113
  -0.02629
  -0.04217
  -0.04317
  -0.02893
  -0.00448
   0.02155
   0.03998
   0.04429
   0.03298
   0.01003
  -0.01647
  -0.03715
  -0.04472
  -0.03651
  -0.01541
   0.01113
   0.03373
   0.04444
   0.03946
   0.02055
  -0.00561
  -0.02979
  -0.04345
  -0.04178
  -0.02537
   0.00000
   0.02537
   0.04179
   0.04345
   0.02978
   0.00560
  -0.02056
  -0.03946
  -0.04444
  -0.03373
  -0.01112
   0.01542
   0.03651
   0.04472
   0.03714
   0.01646
  -0.01003
  -0.03299
  -0.04430
  -0.03997
  -0.02154
   0.00449
   0.02894
   0.04317
   0.04217
   0.02628
   0.00112
  -0.02444
  -0.04137
  -0.04370
  -0.03061
  -0.00671
   0.01955
   0.03892
   0.04455
   0.03446
   0.01220
  -0.01436
  -0.03585
  -0.04469
  -0.03776
  -0.01750
   0.00893
   0.03222
   0.04413
   0.04046
   0.02252
  -0.00337
  -0.02807
  -0.04287
  -0.04253
  -0.02718
  -0.00224
   0.02349
   0.04093
   0.04393
   0.03142
   0.00782
  -0.01853
  -0.03835
  -0.04463
  -0.03516
  -0.01328
   0.01329
   0.03517
   0.04463
   0.03835
   0.01853
  -0.00783
  -0.03143
  -0.04393
  -0.04093
  -0.02348
   0.00225
   0.02719
   0.04253
   0.04287
   0.02807
   0.00337
  -0.02253
  -0.04047
  -0.04413
  -0.03221
  -0.00893
   0.01751
   0.03776
   0.04469
   0.03584
   0.01435
  -0.01221
  -0.03446
  -0.04455
  -0.03891
  -0.01955
   0.00672
   0.03062
   0.04371
   0.04137
   0.02443
  -0.00113
  -0.02629
  -0.04217
  -0.04317
  -0.02893
  -0.00448
   0.02155
   0.03998
   0.04429
   0.03298
   0.01003
  -0.01647
  -0.03715
  -0.04472
  -0.03651
  -0.01541
   0.01113
   0.03373
   0.04444
   0.03946
   0.02055
  -0.00561
  -0.02979
  -0.04345
  -0.04178
  -0.02537
   0.00000
   0.02537
   0.04179
   0.04345
   0.02978
   0.00560
  -0.02056
  -0.03946
  -0.04444
  -0.03373
  -0.01112
   0.01542
   0.03651
   0.04472
   0.03714
   0.01646
  -0.01003
  -0.03299
  -0.04430
  -0.03997
  -0.02154
   0.00449
   0.02894
   0.04317
   0.04217
   0.02628
   0.00112
  -0.02444
  -0.04137
  -0.04370
  -0.03061
  -0.00671
   0.01955
   0.03892
   0.04455
   0.03446
   0.01220
  -0.01436
  -0.03585
  -0.04469
  -0.03776
  -0.01750
   0.00893
   0.03222
   0.04413
   0.04046
   0.02252
  -0.00337
  -0.02807
  -0.04287
  -0.04253
  -0.02718
  -0.00224
   0.02349
   0.04093
   0.04393
   0.03142
   0.00782
  -0.01853
  -0.03835
  -0.04463
  -0.03516
  -0.01328
   0.01329
   0.03517
   0.04463
   0.03835
   0.01853
  -0.00783
  -0.03143
  -0.04393
  -0.04093
  -0.02348
   0.00225
   0.02719
   0.04253
   0.04287
   0.02807
   0.00337
  -0.02253
  -0.04047
  -0.04413
  -0.03221
  -0.00893
   0.01751
   0.03776
   0.04469
   0.03584
   0.01435
  -0.01221
  -0.03446
  -0.04455
  -0.03891
  -0.01955
   0.00672
   0.03062
   0.04371
   0.04137
   0.02443
  -0.00113
  -0.02629
  -0.04217
  -0.04317
  -0.02893
  -0.00448
   0.02155
   0.03998
   0.04429
   0.03298
   0.01003
  -0.01647
  -0.03715
  -0.04472
  -0.03651
  -0.01541
   0.01113
   0.03373
   0.04444
   0.03946
   0.02055
  -0.00561
  -0.02979
  -0.04345
  -0.04178
  -0.02537
   0.00000
   0.02537
   0.04179
   0.04345
   0.02978
   0.00560
  -0.02056
  -0.03946
  -0.04444
  -0.03373
  -0.01112
   0.01542
   0.03651
   0.04472
   0.03714
   0.01646
  -0.01003
  -0.03299
  -0.04430
  -0.03997
  -0.02154
   0.00449
   0.02894
   0.04317
   0.04217
   0.02628
   0.00112
  -0.02444
  -0.04137
  -0.04370
  -0.03061
  -0.00671
   0.01955
   0.03892
   0.04455
   0.03446
   0.01220
  -0.01436
  -0.03585
  -0.04469
  -0.03776
  -0.01750
   0.00893
   0.03222
   0.04413
   0.04046
   0.02252
  -0.00337
  -0.02807
  -0.04287
  -0.04253
  -0.02718
  -0.00224
   0.02349
   0.04093
   0.04393
   0.03142
   0.00782
  -0.01853
  -0.03835
  -0.04463
  -0.03516
  -0.01328
   0.01329
   0.03517
   0.04463
   0.03835
   0.01853
  -0.00783
  -0.03143
  -0.04393
  -0.04093
  -0.02348
   0.00225
   0.02719
   0.04253
   0.04287
   0.02807
   0.00337
  -0.02253
  -0.04047
  -0.04413
  -0.03221
  -0.00893
   0.01751
   0.03776
   0.04469
   0.03584
   0.01435
  -0.01221
  -0.03446
  -0.04455
  -0.03891
  -0.01955
   0.00672
   0.03062
   0.04371
   0.04137
   0.02443
  -0.00113
  -0.02629
  -0.04217
  -0.04317
  -0.02893
  -0.00448
   0.02155
   0.03998
   0.04429
   0.03298
   0.01003
  -0.01647
  -0.03715
  -0.04472
  -0.03651
  -0.01541
   0.01113
   0.03373
   0.04444
   0.03946
   0.02055
  -0.00561
  -0.02979
  -0.04345
  -0.04178
  -0.02537
   0.00000
   0.02537
   0.04179
   0.04345
   0.02978
   0.00560
  -0.02056
  -0.03946
  -0.04444
  -0.03373
  -0.01112
   0.01542
   0.03651
   0.04472
