   0.00794
  -0.01631
   0.02406
  -0.03090
   0.03657
  -0.04086
   0.04361
  -0.04470
   0.04411
  -0.04184
   0.03800
  -0.03271
   0.02619
  -0.01868
   0.01046
  -0.00185
  -0.00683
   0.01526
  -0.02311
   0.03008
  -0.03592
   0.04039
  -0.04334
   0.04466
  -0.04428
   0.04223
  -0.03858
   0.03347
  -0.02710
   0.01970
  -0.01155
   0.00297
   0.00572
  -0.01420
   0.02214
  -0.02924
   0.03524
  -0.03990
   0.04305
  -0.04458
   0.04442
  -0.04258
   0.03913
  -0.03420
   0.02798
  -0.02070
   0.01264
  -0.00409
  -0.00460
   0.01313
  -0.02115
   0.02838
  -0.03453
   0.03938
  -0.04274
   0.04448
  -0.04454
   0.04291
  -0.03967
   0.03492
  -0.02885
   0.02169
  -0.01371
   0.00521
   0.00348
  -0.01205
   0.02016
  -0.02750
   0.03381
  -0.03883
   0.04239
  -0.04435
   0.04463
  -0.04322
   0.04017
  -0.03561
   0.02970
  -0.02267
   0.01478
  -0.00633
  -0.00236
   0.01096
  -0.01915
   0.02661
  -0.03306
   0.03826
  -0.04202
   0.04419
  -0.04469
   0.04349
  -0.04065
   0.03628
  -0.03053
   0.02363
  -0.01583
   0.00744
   0.00124
  -0.00987
   0.01812
  -0.02569
   0.03229
  -0.03767
   0.04162
  -0.04400
   0.04472
  -0.04374
   0.04111
  -0.03692
   0.03134
  -0.02457
   0.01688
  -0.00854
  -0.00012
   0.00877
  -0.01709
   0.02477
  -0.03151
   0.03705
  -0.04120
   0.04379
  -0.04472
   0.04396
  -0.04154
   0.03755
  -0.03213
   0.02551
  -0.01791
   0.00964
  -0.00101
  -0.00766
   0.01605
  -0.02382
   0.03070
  -0.03641
   0.04075
  -0.04354
   0.04469
  -0.04415
   0.04194
  -0.03814
   0.03290
  -0.02642
   0.01894
  -0.01074
   0.00213
   0.00655
  -0.01499
   0.02286
  -0.02987
   0.03575
  -0.04027
   0.04327
  -0.04464
   0.04432
  -0.04232
   0.03872
  -0.03366
   0.02732
  -0.01995
   0.01182
  -0.00325
  -0.00544
   0.01393
  -0.02189
   0.02903
  -0.03506
   0.03977
  -0.04298
   0.04456
  -0.04445
   0.04267
  -0.03927
   0.03438
  -0.02820
   0.02095
  -0.01290
   0.00437
   0.00432
  -0.01286
   0.02090
  -0.02816
   0.03435
  -0.03925
   0.04265
  -0.04445
   0.04456
  -0.04299
   0.03979
  -0.03509
   0.02906
  -0.02193
   0.01398
  -0.00549
  -0.00320
   0.01178
  -0.01990
   0.02728
  -0.03362
   0.03869
  -0.04230
   0.04431
  -0.04464
   0.04329
  -0.04029
   0.03578
  -0.02991
   0.02291
  -0.01504
   0.00660
   0.00208
  -0.01069
   0.01889
  -0.02638
   0.03287
  -0.03812
   0.04192
  -0.04414
   0.04470
  -0.04356
   0.04077
  -0.03644
   0.03073
  -0.02387
   0.01609
  -0.00771
  -0.00096
   0.00959
  -0.01787
   0.02546
  -0.03210
   0.03752
  -0.04152
   0.04395
  -0.04472
   0.04380
  -0.04122
   0.03708
  -0.03154
   0.02481
  -0.01714
   0.00882
  -0.00017
  -0.00849
   0.01683
  -0.02453
   0.03131
  -0.03689
   0.04109
  -0.04373
   0.04472
  -0.04401
   0.04164
  -0.03770
   0.03233
  -0.02574
   0.01817
  -0.00992
   0.00129
   0.00739
  -0.01578
   0.02358
  -0.03049
   0.03625
  -0.04063
   0.04348
  -0.04468
   0.04420
  -0.04204
   0.03829
  -0.03309
   0.02665
  -0.01919
   0.01101
  -0.00241
  -0.00628
   0.01473
  -0.02262
   0.02966
  -0.03558
   0.04015
  -0.04320
   0.04462
  -0.04435
   0.04241
  -0.03886
   0.03384
  -0.02754
   0.02020
  -0.01210
   0.00353
   0.00516
  -0.01366
   0.02165
  -0.02881
   0.03489
  -0.03964
   0.04290
  -0.04453
   0.04448
  -0.04275
   0.03940
  -0.03456
   0.02842
  -0.02120
   0.01317
  -0.00465
  -0.00404
   0.01259
  -0.02066
   0.02794
  -0.03417
   0.03911
  -0.04257
   0.04442
  -0.04459
   0.04307
  -0.03992
   0.03527
  -0.02928
   0.02218
  -0.01424
   0.00577
   0.00292
  -0.01151
   0.01965
  -0.02706
   0.03344
  -0.03855
   0.04221
  -0.04427
   0.04466
  -0.04336
   0.04042
  -0.03595
   0.03012
  -0.02315
   0.01530
  -0.00688
  -0.00180
   0.01042
  -0.01864
   0.02615
  -0.03268
   0.03797
  -0.04183
   0.04410
  -0.04470
   0.04362
  -0.04088
   0.03660
  -0.03094
   0.02410
  -0.01636
   0.00799
   0.00068
  -0.00932
   0.01761
  -0.02523
   0.03190
  -0.03736
   0.04141
  -0.04390
   0.04472
  -0.04385
   0.04133
  -0.03724
   0.03174
  -0.02504
   0.01740
  -0.00909
   0.00045
   0.00822
  -0.01657
   0.02430
  -0.03110
   0.03674
  -0.04098
   0.04367
  -0.04471
   0.04406
  -0.04174
   0.03785
  -0.03252
   0.02596
  -0.01843
   0.01019
  -0.00157
  -0.00711
   0.01552
  -0.02335
   0.03029
  -0.03608
   0.04051
  -0.04341
   0.04467
  -0.04424
   0.04213
  -0.03843
   0.03328
  -0.02687
   0.01944
  -0.01128
   0.00269
   0.00600
  -0.01446
   0.02238
  -0.02945
   0.03541
  -0.04003
   0.04313
  -0.04460
   0.04439
  -0.04250
   0.03900
  -0.03402
   0.02776
  -0.02045
   0.01237
  -0.00381
  -0.00488
   0.01339
  -0.02140
   0.02860
  -0.03471
   0.03951
  -0.04282
   0.04451
  -0.04451
   0.04283
  -0.03953
   0.03474
  -0.02863
   0.02144
  -0.01344
   0.00493
   0.00376
  -0.01232
   0.02041
  -0.02772
   0.03399
  -0.03897
   0.04248
  -0.04438
   0.04461
  -0.04314
   0.04005
  -0.03544
   0.02949
  -0.02242
   0.01451
  -0.00605
  -0.00264
   0.01123
  -0.01940
   0.02683
  -0.03325
   0.03841
  -0.04212
   0.04423
  -0.04467
   0.04343
  -0.04054
   0.03611
  -0.03032
   0.02339
  -0.01557
   0.00716
   0.00152
  -0.01014
   0.01838
  -0.02592
   0.03249
  -0.03782
   0.04173
  -0.04405
   0.04471
  -0.04368
   0.04100
  -0.03676
   0.03114
  -0.02434
   0.01662
  -0.00827
  -0.00040
   0.00904
  -0.01735
   0.02500
  -0.03170
   0.03721
  -0.04131
   0.04384
  -0.04472
   0.04391
  -0.04143
   0.03739
  -0.03194
   0.02527
  -0.01765
   0.00937
  -0.00073
  -0.00794
   0.01631
  -0.02406
   0.03090
  -0.03657
   0.04086
  -0.04361
   0.04470
  -0.04411
   0.04184
  -0.03800
   0.03271
  -0.02619
   0.01868
  -0.01046
   0.00185
   0.00683
  -0.01526
   0.02311
  -0.03008
   0.03592
  -0.04039
   0.04334
  -0.04466
   0.04428
  -0.04223
   0.03858
  -0.03347
   0.02710
  -0.01970
   0.01155
  -0.00297
  -0.00572
   0.01420
  -0.02214
   0.02924
  -0.03524
   0.03990
  -0.04305
   0.04458
  -0.04442
   0.04258
  -0.03913
   0.03420
  -0.02798
   0.02070
  -0.01264
   0.00409
   0.00460
  -0.01313
   0.02115
  -0.02838
   0.03453
  -0.03938
   0.04274
  -0.04448
   0.04454
  -0.04291
   0.03967
  -0.03492
   0.02885
  -0.02169
   0.01371
  -0.00521
  -0.00348
   0.01205
  -0.02016
   0.02750
  -0.03381
   0.03883
  -0.04239
   0.04435
  -0.04463
   0.04322
  -0.04017
   0.03561
  -0.02970
   0.02267
  -0.01478
   0.00633
   0.00236
  -0.01096
   0.01915
  -0.02661
   0.03306
  -0.03826
   0.04202
  -0.04419
   0.04469
  -0.04349
   0.04065
  -0.03628
   0.03053
  -0.02363
   0.01583
  -0.00744
  -0.00124
   0.00987
  -0.01812
   0.02569
  -0.03229
   0.03767
  -0.04162
   0.04400
  -0.04472
   0.04374
  -0.04111
   0.03692
  -0.03134
   0.02457
  -0.01688
   0.00854
   0.00012
  -0.00877
   0.01709
  -0.02477
   0.03151
  -0.03705
   0.04120
  -0.04379
   0.04472
  -0.04396
   0.04154
  -0.03755
   0.03213
  -0.02551
   0.01791
  -0.00964
   0.00101
   0.00766
  -0.01605
   0.02382
  -0.03070
   0.03641
  -0.04075
   0.04354
  -0.04469
   0.04415
  -0.04194
   0.03814
  -0.03290
   0.02642
  -0.01894
   0.01074
  -0.00213
  -0.00655
   0.01499
  -0.02286
   0.02987
  -0.03575
   0.04027
  -0.04327
   0.04464
  -0.04432
   0.04232
  -0.03872
   0.03366
  -0.02732
   0.01995
  -0.01182
   0.00325
   0.00544
  -0.01393
   0.02189
  -0.02903
   0.03506
  -0.03977
   0.04298
  -0.04456
   0.04445
  -0.04267
   0.03927
  -0.03438
   0.02820
  -0.02095
   0.01290
  -0.00437
  -0.00432
   0.01286
  -0.02090
   0.02816
  -0.03435
   0.03925
  -0.04265
   0.04445
  -0.04456
   0.04299
  -0.03979
   0.03509
  -0.02906
   0.02193
  -0.01398
   0.00549
   0.00320
  -0.01178
   0.01990
  -0.02728
   0.03362
  -0.03869
   0.04230
  -0.04431
   0.04464
  -0.04329
   0.04029
  -0.03578
   0.02991
  -0.02291
   0.01504
  -0.00660
  -0.00208
   0.01069
  -0.01889
   0.02638
  -0.03287
   0.03812
  -0.04192
   0.04414
  -0.04470
   0.04356
  -0.04077
   0.03644
  -0.03073
   0.02387
  -0.01609
   0.00771
   0.00096
  -0.00959
   0.01787
  -0.02546
   0.03210
  -0.03752
   0.04152
  -0.04395
   0.04472
  -0.04380
   0.04122
  -0.03708
   0.03154
  -0.02481
   0.01714
  -0.00882
   0.00017
   0.00849
  -0.01683
   0.02453
  -0.03131
   0.03689
  -0.04109
   0.04373
  -0.04472
   0.04401
  -0.04164
   0.03770
  -0.03233
   0.02574
  -0.01817
   0.00992
  -0.00129
  -0.00739
   0.01578
  -0.02358
   0.03049
  -0.03625
   0.04063
  -0.04348
   0.04468
  -0.04420
   0.04204
  -0.03829
   0.03309
  -0.02665
   0.01919
  -0.01101
   0.00241
   0.00628
  -0.01473
   0.02262
  -0.02966
   0.03558
  -0.04015
   0.04320
  -0.04462
   0.04435
  -0.04241
   0.03886
  -0.03384
   0.02754
  -0.02020
   0.01210
  -0.00353
  -0.00516
   0.01366
  -0.02165
   0.02881
  -0.03489
   0.03964
  -0.04290
   0.04453
  -0.04448
   0.04275
  -0.03940
   0.03456
  -0.02842
   0.02120
  -0.01317
   0.00465
   0.00404
  -0.01259
   0.02066
  -0.02794
   0.03417
  -0.03911
   0.04257
  -0.04442
   0.04459
  -0.04307
   0.03992
  -0.03527
   0.02928
  -0.02218
   0.01424
  -0.00577
  -0.00292
   0.01151
  -0.01965
   0.02706
  -0.03344
   0.03855
  -0.04221
   0.04427
  -0.04466
   0.04336
  -0.04042
   0.03595
  -0.03012
   0.02315
  -0.01530
   0.00688
   0.00180
  -0.01042
   0.01864
  -0.02615
   0.03268
  -0.03797
   0.04183
  -0.04410
   0.04470
  -0.04362
   0.04088
  -0.03660
   0.03094
  -0.02410
   0.01636
  -0.00799
  -0.00068
   0.00932
  -0.01761
   0.02523
  -0.03190
   0.03736
  -0.04141
   0.04390
  -0.04472
   0.04385
  -0.04133
   0.03724
  -0.03174
   0.02504
  -0.01740
   0.00909
  -0.00045
  -0.00822
   0.01657
  -0.02430
   0.03110
  -0.03674
   0.04098
  -0.04367
   0.04471
  -0.04406
   0.04174
  -0.03785
   0.03252
  -0.02596
   0.01843
  -0.01019
   0.00157
   0.00711
  -0.01552
   0.02335
  -0.03029
   0.03608
  -0.04051
   0.04341
  -0.04467
   0.04424
  -0.04213
   0.03843
  -0.03328
   0.02687
  -0.01944
   0.01128
  -0.00269
  -0.00600
   0.01446
  -0.02238
   0.02945
  -0.03541
   0.04003
  -0.04313
   0.04460
  -0.04439
   0.04250
  -0.03900
   0.03402
  -0.02776
   0.02045
  -0.01237
   0.00381
   0.00488
  -0.01339
   0.02140
  -0.02860
   0.03471
  -0.03951
   0.04282
  -0.04451
   0.04451
  -0.04283
   0.03953
  -0.03474
   0.02863
  -0.02144
   0.01344
  -0.00493
  -0.00376
   0.01232
  -0.02041
   0.02772
  -0.03399
   0.03897
  -0.04248
   0.04438
  -0.04461
   0.04314
  -0.04005
   0.03544
  -0.02949
   0.02242
  -0.01451
   0.00605
   0.00264
  -0.01123
   0.01940
  -0.02683
   0.03325
  -0.03841
   0.04212
  -0.04423
   0.04467
  -0.04343
   0.04054
  -0.03611
   0.03032
  -0.02339
   0.01557
  -0.00716
  -0.00152
   0.01014
  -0.01838
   0.02592
  -0.03249
   0.03782
  -0.04173
   0.04405
  -0.04471
   0.04368
  -0.04100
   0.03676
  -0.03114
   0.02434
  -0.01662
   0.00827
   0.00040
  -0.00904
   0.01735
  -0.02500
   0.03170
  -0.03721
   0.04131
  -0.04384
   0.04472
  -0.04391
   0.04143
  -0.03739
   0.03194
  -0.02527
   0.01765
  -0.00937
   0.00073
