   0.03046
   0.04464
   0.03424
   0.00498
  -0.02702
  -0.04414
  -0.03695
  -0.00942
   0.02330
   0.04319
   0.03929
   0.01376
  -0.01935
  -0.04181
  -0.04124
  -0.01796
   0.01521
   0.04000
   0.04277
   0.02198
  -0.01091
  -0.03779
  -0.04386
  -0.02578
   0.00650
   0.03520
   0.04452
   0.02931
  -0.00203
  -0.03226
  -0.04472
  -0.03256
  -0.00246
   0.02899
   0.04447
   0.03547
   0.00693
  -0.02542
  -0.04378
  -0.03802
  -0.01133
   0.02160
   0.04264
   0.04019
   0.01562
  -0.01756
  -0.04107
  -0.04196
  -0.01974
   0.01335
   0.03909
   0.04330
   0.02367
  -0.00900
  -0.03671
  -0.04420
  -0.02736
   0.00455
   0.03396
   0.04466
   0.03077
  -0.00007
  -0.03087
  -0.04467
  -0.03387
  -0.00442
   0.02746
   0.04422
   0.03663
   0.00887
  -0.02378
  -0.04333
  -0.03902
  -0.01322
   0.01986
   0.04200
   0.04102
   0.01744
  -0.01574
  -0.04025
  -0.04260
  -0.02149
   0.01146
   0.03809
   0.04375
   0.02532
  -0.00706
  -0.03555
  -0.04446
  -0.02889
   0.00259
   0.03264
   0.04472
   0.03217
   0.00190
  -0.02941
  -0.04453
  -0.03512
  -0.00638
   0.02588
   0.04389
   0.03772
   0.01079
  -0.02209
  -0.04280
  -0.03994
  -0.01509
   0.01808
   0.04129
   0.04176
   0.01924
  -0.01388
  -0.03936
  -0.04316
  -0.02319
   0.00954
   0.03702
   0.04412
   0.02691
  -0.00511
  -0.03432
  -0.04463
  -0.03036
   0.00063
   0.03127
   0.04469
   0.03350
   0.00386
  -0.02790
  -0.04430
  -0.03631
  -0.00832
   0.02425
   0.04347
   0.03874
   0.01268
  -0.02036
  -0.04219
  -0.04079
  -0.01692
   0.01626
   0.04049
   0.04242
   0.02099
  -0.01200
  -0.03838
  -0.04363
  -0.02485
   0.00761
   0.03589
   0.04440
   0.02846
  -0.00315
  -0.03303
  -0.04471
  -0.03178
  -0.00134
   0.02983
   0.04458
   0.03477
   0.00582
  -0.02634
  -0.04399
  -0.03742
  -0.01024
   0.02258
   0.04296
   0.03969
   0.01456
  -0.01859
  -0.04150
  -0.04156
  -0.01873
   0.01441
   0.03962
   0.04301
   0.02271
  -0.01009
  -0.03734
  -0.04402
  -0.02646
   0.00567
   0.03468
   0.04459
   0.02995
  -0.00119
  -0.03167
  -0.04471
  -0.03313
  -0.00330
   0.02834
   0.04438
   0.03598
   0.00776
  -0.02472
  -0.04360
  -0.03846
  -0.01214
   0.02086
   0.04238
   0.04056
   0.01640
  -0.01678
  -0.04073
  -0.04224
  -0.02050
   0.01254
   0.03867
   0.04350
   0.02438
  -0.00817
  -0.03622
  -0.04432
  -0.02802
   0.00371
   0.03340
   0.04470
   0.03138
   0.00078
  -0.03025
  -0.04462
  -0.03442
  -0.00526
   0.02679
   0.04409
   0.03711
   0.00969
  -0.02306
  -0.04312
  -0.03943
  -0.01402
   0.01910
   0.04171
   0.04135
   0.01822
  -0.01495
  -0.03988
  -0.04285
  -0.02222
   0.01064
   0.03764
   0.04392
   0.02601
  -0.00623
  -0.03503
  -0.04454
  -0.02953
   0.00175
   0.03206
   0.04472
   0.03275
   0.00274
  -0.02877
  -0.04444
  -0.03564
  -0.00721
   0.02519
   0.04372
   0.03817
   0.01160
  -0.02136
  -0.04255
  -0.04032
  -0.01588
   0.01730
   0.04096
   0.04206
   0.01999
  -0.01308
  -0.03895
  -0.04337
  -0.02391
   0.00872
   0.03655
   0.04425
   0.02758
  -0.00427
  -0.03377
  -0.04468
  -0.03097
  -0.00022
   0.03066
   0.04465
   0.03406
   0.00470
  -0.02724
  -0.04418
  -0.03679
  -0.00914
   0.02354
   0.04326
   0.03916
   0.01349
  -0.01961
  -0.04191
  -0.04113
  -0.01770
   0.01547
   0.04013
   0.04268
   0.02173
  -0.01118
  -0.03794
  -0.04381
  -0.02555
   0.00678
   0.03538
   0.04449
   0.02910
  -0.00231
  -0.03245
  -0.04472
  -0.03236
  -0.00218
   0.02920
   0.04450
   0.03530
   0.00665
  -0.02565
  -0.04383
  -0.03787
  -0.01106
   0.02185
   0.04272
   0.04007
   0.01535
  -0.01782
  -0.04118
  -0.04186
  -0.01949
   0.01361
   0.03922
   0.04323
   0.02343
  -0.00927
  -0.03687
  -0.04416
  -0.02714
   0.00483
   0.03414
   0.04465
   0.03057
  -0.00035
  -0.03107
  -0.04468
  -0.03369
  -0.00414
   0.02768
   0.04426
   0.03647
   0.00859
  -0.02402
  -0.04340
  -0.03888
  -0.01295
   0.02011
   0.04210
   0.04090
   0.01718
  -0.01600
  -0.04037
  -0.04251
  -0.02124
   0.01173
   0.03824
   0.04369
   0.02508
  -0.00734
  -0.03572
  -0.04443
  -0.02867
   0.00287
   0.03284
   0.04472
   0.03197
   0.00162
  -0.02962
  -0.04455
  -0.03495
  -0.00610
   0.02611
   0.04394
   0.03757
   0.01051
  -0.02234
  -0.04288
  -0.03982
  -0.01482
   0.01833
   0.04140
   0.04166
   0.01898
  -0.01415
  -0.03949
  -0.04308
  -0.02295
   0.00982
   0.03718
   0.04407
   0.02669
  -0.00539
  -0.03450
  -0.04461
  -0.03015
   0.00091
   0.03147
   0.04470
   0.03332
   0.00358
  -0.02812
  -0.04434
  -0.03614
  -0.00804
   0.02449
   0.04353
   0.03860
   0.01241
  -0.02061
  -0.04229
  -0.04067
  -0.01666
   0.01652
   0.04061
   0.04233
   0.02074
  -0.01227
  -0.03853
  -0.04357
  -0.02462
   0.00789
   0.03605
   0.04436
   0.02824
  -0.00343
  -0.03322
  -0.04471
  -0.03158
  -0.00106
   0.03004
   0.04460
   0.03460
   0.00554
  -0.02657
  -0.04404
  -0.03727
  -0.00997
   0.02282
   0.04304
   0.03956
   0.01429
  -0.01885
  -0.04160
  -0.04145
  -0.01847
   0.01468
   0.03975
   0.04293
   0.02247
  -0.01037
  -0.03749
  -0.04397
  -0.02623
   0.00595
   0.03485
   0.04457
   0.02974
  -0.00147
  -0.03187
  -0.04471
  -0.03294
  -0.00302
   0.02856
   0.04441
   0.03581
   0.00749
  -0.02496
  -0.04366
  -0.03832
  -0.01187
   0.02111
   0.04247
   0.04044
   0.01614
  -0.01704
  -0.04084
  -0.04215
  -0.02025
   0.01281
   0.03881
   0.04344
   0.02414
  -0.00844
  -0.03638
  -0.04429
  -0.02780
   0.00399
   0.03359
   0.04469
   0.03118
   0.00050
  -0.03046
  -0.04464
  -0.03424
  -0.00498
   0.02702
   0.04414
   0.03695
   0.00942
  -0.02330
  -0.04319
  -0.03929
  -0.01376
   0.01935
   0.04181
   0.04124
   0.01796
  -0.01521
  -0.04000
  -0.04277
  -0.02198
   0.01091
   0.03779
   0.04386
   0.02578
  -0.00650
  -0.03520
  -0.04452
  -0.02931
   0.00203
   0.03226
   0.04472
   0.03256
   0.00246
  -0.02899
  -0.04447
  -0.03547
  -0.00693
   0.02542
   0.04378
   0.03802
   0.01133
  -0.02160
  -0.04264
  -0.04019
  -0.01562
   0.01756
   0.04107
   0.04196
   0.01974
  -0.01335
  -0.03909
  -0.04330
  -0.02367
   0.00900
   0.03671
   0.04420
   0.02736
  -0.00455
  -0.03396
  -0.04466
  -0.03077
   0.00007
   0.03087
   0.04467
   0.03387
   0.00442
  -0.02746
  -0.04422
  -0.03663
  -0.00887
   0.02378
   0.04333
   0.03902
   0.01322
  -0.01986
  -0.04200
  -0.04102
  -0.01744
   0.01574
   0.04025
   0.04260
   0.02149
  -0.01146
  -0.03809
  -0.04375
  -0.02532
   0.00706
   0.03555
   0.04446
   0.02889
  -0.00259
  -0.03264
  -0.04472
  -0.03217
  -0.00190
   0.02941
   0.04453
   0.03512
   0.00638
  -0.02588
  -0.04389
  -0.03772
  -0.01079
   0.02209
   0.04280
   0.03994
   0.01509
  -0.01808
  -0.04129
  -0.04176
  -0.01924
   0.01388
   0.03936
   0.04316
   0.02319
  -0.00954
  -0.03702
  -0.04412
  -0.02691
   0.00511
   0.03432
   0.04463
   0.03036
  -0.00063
  -0.03127
  -0.04469
  -0.03350
  -0.00386
   0.02790
   0.04430
   0.03631
   0.00832
  -0.02425
  -0.04347
  -0.03874
  -0.01268
   0.02036
   0.04219
   0.04079
   0.01692
  -0.01626
  -0.04049
  -0.04242
  -0.02099
   0.01200
   0.03838
   0.04363
   0.02485
  -0.00761
  -0.03589
  -0.04440
  -0.02846
   0.00315
   0.03303
   0.04471
   0.03178
   0.00134
  -0.02983
  -0.04458
  -0.03477
  -0.00582
   0.02634
   0.04399
   0.03742
   0.01024
  -0.02258
  -0.04296
  -0.03969
  -0.01456
   0.01859
   0.04150
   0.04156
   0.01873
  -0.01441
  -0.03962
  -0.04301
  -0.02271
   0.01009
   0.03734
   0.04402
   0.02646
  -0.00567
  -0.03468
  -0.04459
  -0.02995
   0.00119
   0.03167
   0.04471
   0.03313
   0.00330
  -0.02834
  -0.04438
  -0.03598
  -0.00776
   0.02472
   0.04360
   0.03846
   0.01214
  -0.02086
  -0.04238
  -0.04056
  -0.01640
   0.01678
   0.04073
   0.04224
   0.02050
  -0.01254
  -0.03867
  -0.04350
  -0.02438
   0.00817
   0.03622
   0.04432
   0.02802
  -0.00371
  -0.03340
  -0.04470
  -0.03138
  -0.00078
   0.03025
   0.04462
   0.03442
   0.00526
  -0.02679
  -0.04409
  -0.03711
  -0.00969
   0.02306
   0.04312
   0.03943
   0.01402
  -0.01910
  -0.04171
  -0.04135
  -0.01822
   0.01495
   0.03988
   0.04285
   0.02222
  -0.01064
  -0.03764
  -0.04392
  -0.02601
   0.00623
   0.03503
   0.04454
   0.02953
  -0.00175
  -0.03206
  -0.04472
  -0.03275
  -0.00274
   0.02877
   0.04444
   0.03564
   0.00721
  -0.02519
  -0.04372
  -0.03817
  -0.01160
   0.02136
   0.04255
   0.04032
   0.01588
  -0.01730
  -0.04096
  -0.04206
  -0.01999
   0.01308
   0.03895
   0.04337
   0.02391
  -0.00872
  -0.03655
  -0.04425
  -0.02758
   0.00427
   0.03377
   0.04468
   0.03097
   0.00022
  -0.03066
  -0.04465
  -0.03406
  -0.00470
   0.02724
   0.04418
   0.03679
   0.00914
  -0.02354
  -0.04326
  -0.03916
  -0.01349
   0.01961
   0.04191
   0.04113
   0.01770
  -0.01547
  -0.04013
  -0.04268
  -0.02173
   0.01118
   0.03794
   0.04381
   0.02555
  -0.00678
  -0.03538
  -0.04449
  -0.02910
   0.00231
   0.03245
   0.04472
   0.03236
   0.00218
  -0.02920
  -0.04450
  -0.03530
  -0.00665
   0.02565
   0.04383
   0.03787
   0.01106
  -0.02185
  -0.04272
  -0.04007
  -0.01535
   0.01782
   0.04118
   0.04186
   0.01949
  -0.01361
  -0.03922
  -0.04323
  -0.02343
   0.00927
   0.03687
   0.04416
   0.02714
  -0.00483
  -0.03414
  -0.04465
  -0.03057
   0.00035
   0.03107
   0.04468
   0.03369
   0.00414
  -0.02768
  -0.04426
  -0.03647
  -0.00859
   0.02402
   0.04340
   0.03888
   0.01295
  -0.02011
  -0.04210
  -0.04090
  -0.01718
   0.01600
   0.04037
   0.04251
   0.02124
  -0.01173
  -0.03824
  -0.04369
  -0.02508
   0.00734
   0.03572
   0.04443
   0.02867
  -0.00287
  -0.03284
  -0.04472
  -0.03197
  -0.00162
   0.02962
   0.04455
   0.03495
   0.00610
  -0.02611
  -0.04394
  -0.03757
  -0.01051
   0.02234
   0.04288
   0.03982
   0.01482
  -0.01833
  -0.04140
  -0.04166
  -0.01898
   0.01415
   0.03949
   0.04308
   0.02295
  -0.00982
  -0.03718
  -0.04407
  -0.02669
   0.00539
   0.03450
   0.04461
   0.03015
  -0.00091
  -0.03147
  -0.04470
  -0.03332
  -0.00358
   0.02812
   0.04434
   0.03614
   0.00804
  -0.02449
  -0.04353
  -0.03860
  -0.01241
   0.02061
   0.04229
   0.04067
   0.01666
  -0.01652
  -0.04061
  -0.04233
  -0.02074
   0.01227
   0.03853
   0.04357
   0.02462
  -0.00789
  -0.03605
  -0.04436
  -0.02824
   0.00343
   0.03322
   0.04471
   0.03158
   0.00106
  -0.03004
  -0.04460
  -0.03460
  -0.00554
   0.02657
   0.04404
   0.03727
   0.00997
  -0.02282
  -0.04304
  -0.03956
  -0.01429
   0.01885
   0.04160
   0.04145
   0.01847
  -0.01468
  -0.03975
  -0.04293
  -0.02247
   0.01037
   0.03749
   0.04397
   0.02623
  -0.00595
  -0.03485
  -0.04457
  -0.02974
   0.00147
   0.03187
   0.04471
   0.03294
   0.00302
  -0.02856
  -0.04441
  -0.03581
  -0.00749
   0.02496
   0.04366
   0.03832
   0.01187
  -0.02111
  -0.04247
  -0.04044
  -0.01614
   0.01704
   0.04084
   0.04215
   0.02025
  -0.01281
  -0.03881
  -0.04344
  -0.02414
   0.00844
   0.03638
   0.04429
   0.02780
  -0.00399
  -0.03359
  -0.04469
  -0.03118
  -0.00050
