  -0.04210
   0.00804
   0.04471
   0.00650
  -0.04260
  -0.02036
   0.03598
   0.03206
  -0.02555
  -0.04037
   0.01242
   0.04441
   0.00203
  -0.04375
  -0.01626
   0.03846
   0.02877
  -0.02910
  -0.03824
   0.01666
   0.04366
  -0.00246
  -0.04446
  -0.01200
   0.04056
   0.02519
  -0.03236
  -0.03572
   0.02075
   0.04247
  -0.00693
  -0.04472
  -0.00761
   0.04224
   0.02135
  -0.03530
  -0.03284
   0.02462
   0.04084
  -0.01133
  -0.04453
  -0.00315
   0.04350
   0.01730
  -0.03788
  -0.02962
   0.02824
   0.03881
  -0.01562
  -0.04389
   0.00134
   0.04432
   0.01308
  -0.04007
  -0.02611
   0.03158
   0.03638
  -0.01974
  -0.04280
   0.00582
   0.04470
   0.00872
  -0.04186
  -0.02234
   0.03460
   0.03359
  -0.02367
  -0.04129
   0.01024
   0.04462
   0.00427
  -0.04323
  -0.01833
   0.03727
   0.03046
  -0.02736
  -0.03935
   0.01456
   0.04409
  -0.00022
  -0.04416
  -0.01415
   0.03956
   0.02701
  -0.03077
  -0.03702
   0.01873
   0.04312
  -0.00470
  -0.04465
  -0.00982
   0.04145
   0.02330
  -0.03387
  -0.03432
   0.02271
   0.04171
  -0.00914
  -0.04468
  -0.00539
   0.04293
   0.01935
  -0.03663
  -0.03127
   0.02646
   0.03988
  -0.01349
  -0.04426
  -0.00091
   0.04397
   0.01521
  -0.03902
  -0.02790
   0.02995
   0.03764
  -0.01770
  -0.04340
   0.00358
   0.04457
   0.01091
  -0.04102
  -0.02425
   0.03313
   0.03503
  -0.02173
  -0.04210
   0.00804
   0.04471
   0.00650
  -0.04260
  -0.02036
   0.03598
   0.03206
  -0.02555
  -0.04037
   0.01242
   0.04441
   0.00203
  -0.04375
  -0.01626
   0.03846
   0.02877
  -0.02910
  -0.03824
   0.01666
   0.04366
  -0.00246
  -0.04446
  -0.01200
   0.04056
   0.02519
  -0.03236
  -0.03572
   0.02075
   0.04247
  -0.00693
  -0.04472
  -0.00761
   0.04224
   0.02135
  -0.03530
  -0.03284
   0.02462
   0.04084
  -0.01133
  -0.04453
  -0.00315
   0.04350
   0.01730
  -0.03788
  -0.02962
   0.02824
   0.03881
  -0.01562
  -0.04389
   0.00134
   0.04432
   0.01308
  -0.04007
  -0.02611
   0.03158
   0.03638
  -0.01974
  -0.04280
   0.00582
   0.04470
   0.00872
  -0.04186
  -0.02234
   0.03460
   0.03359
  -0.02367
  -0.04129
   0.01024
   0.04462
   0.00427
  -0.04323
  -0.01833
   0.03727
   0.03046
  -0.02736
  -0.03935
   0.01456
   0.04409
  -0.00022
  -0.04416
  -0.01415
   0.03956
   0.02701
  -0.03077
  -0.03702
   0.01873
   0.04312
  -0.00470
  -0.04465
  -0.00982
   0.04145
   0.02330
  -0.03387
  -0.03432
   0.02271
   0.04171
  -0.00914
  -0.04468
  -0.00539
   0.04293
   0.01935
  -0.03663
  -0.03127
   0.02646
   0.03988
  -0.01349
  -0.04426
  -0.00091
   0.04397
   0.01521
  -0.03902
  -0.02790
   0.02995
   0.03764
  -0.01770
  -0.04340
   0.00358
   0.04457
   0.01091
  -0.04102
  -0.02425
   0.03313
   0.03503
  -0.02173
  -0.04210
   0.00804
   0.04471
   0.00650
  -0.04260
  -0.02036
   0.03598
   0.03206
  -0.02555
  -0.04037
   0.01242
   0.04441
   0.00203
  -0.04375
  -0.01626
   0.03846
   0.02877
  -0.02910
  -0.03824
   0.01666
   0.04366
  -0.00246
  -0.04446
  -0.01200
   0.04056
   0.02519
  -0.03236
  -0.03572
   0.02075
   0.04247
  -0.00693
  -0.04472
  -0.00761
   0.04224
   0.02135
  -0.03530
  -0.03284
   0.02462
   0.04084
  -0.01133
  -0.04453
  -0.00315
   0.04350
   0.01730
  -0.03788
  -0.02962
   0.02824
   0.03881
  -0.01562
  -0.04389
   0.00134
   0.04432
   0.01308
  -0.04007
  -0.02611
   0.03158
   0.03638
  -0.01974
  -0.04280
   0.00582
   0.04470
   0.00872
  -0.04186
  -0.02234
   0.03460
   0.03359
  -0.02367
  -0.04129
   0.01024
   0.04462
   0.00427
  -0.04323
  -0.01833
   0.03727
   0.03046
  -0.02736
  -0.03935
   0.01456
   0.04409
  -0.00022
  -0.04416
  -0.01415
   0.03956
   0.02701
  -0.03077
  -0.03702
   0.01873
   0.04312
  -0.00470
  -0.04465
  -0.00982
   0.04145
   0.02330
  -0.03387
  -0.03432
   0.02271
   0.04171
  -0.00914
  -0.04468
  -0.00539
   0.04293
   0.01935
  -0.03663
  -0.03127
   0.02646
   0.03988
  -0.01349
  -0.04426
  -0.00091
   0.04397
   0.01521
  -0.03902
  -0.02790
   0.02995
   0.03764
  -0.01770
  -0.04340
   0.00358
   0.04457
   0.01091
  -0.04102
  -0.02425
   0.03313
   0.03503
  -0.02173
  -0.04210
   0.00804
   0.04471
   0.00650
  -0.04260
  -0.02036
   0.03598
   0.03206
  -0.02555
  -0.04037
   0.01242
   0.04441
   0.00203
  -0.04375
  -0.01626
   0.03846
   0.02877
  -0.02910
  -0.03824
   0.01666
   0.04366
  -0.00246
  -0.04446
  -0.01200
   0.04056
   0.02519
  -0.03236
  -0.03572
   0.02075
   0.04247
  -0.00693
  -0.04472
  -0.00761
   0.04224
   0.02135
  -0.03530
  -0.03284
   0.02462
   0.04084
  -0.01133
  -0.04453
  -0.00315
   0.04350
   0.01730
  -0.03788
  -0.02962
   0.02824
   0.03881
  -0.01562
  -0.04389
   0.00134
   0.04432
   0.01308
  -0.04007
  -0.02611
   0.03158
   0.03638
  -0.01974
  -0.04280
   0.00582
   0.04470
   0.00872
  -0.04186
  -0.02234
   0.03460
   0.03359
  -0.02367
  -0.04129
   0.01024
   0.04462
   0.00427
  -0.04323
  -0.01833
   0.03727
   0.03046
  -0.02736
  -0.03935
   0.01456
   0.04409
  -0.00022
  -0.04416
  -0.01415
   0.03956
   0.02701
  -0.03077
  -0.03702
   0.01873
   0.04312
  -0.00470
  -0.04465
  -0.00982
   0.04145
   0.02330
  -0.03387
  -0.03432
   0.02271
   0.04171
  -0.00914
  -0.04468
  -0.00539
   0.04293
   0.01935
  -0.03663
  -0.03127
   0.02646
   0.03988
  -0.01349
  -0.04426
  -0.00091
   0.04397
   0.01521
  -0.03902
  -0.02790
   0.02995
   0.03764
  -0.01770
  -0.04340
   0.00358
   0.04457
   0.01091
  -0.04102
  -0.02425
   0.03313
   0.03503
  -0.02173
  -0.04210
   0.00804
   0.04471
   0.00650
  -0.04260
  -0.02036
   0.03598
   0.03206
  -0.02555
  -0.04037
   0.01242
   0.04441
   0.00203
  -0.04375
  -0.01626
   0.03846
   0.02877
  -0.02910
  -0.03824
   0.01666
   0.04366
  -0.00246
  -0.04446
  -0.01200
   0.04056
   0.02519
  -0.03236
  -0.03572
   0.02075
   0.04247
  -0.00693
  -0.04472
  -0.00761
   0.04224
   0.02135
  -0.03530
  -0.03284
   0.02462
   0.04084
  -0.01133
  -0.04453
  -0.00315
   0.04350
   0.01730
  -0.03788
  -0.02962
   0.02824
   0.03881
  -0.01562
  -0.04389
   0.00134
   0.04432
   0.01308
  -0.04007
  -0.02611
   0.03158
   0.03638
  -0.01974
  -0.04280
   0.00582
   0.04470
   0.00872
  -0.04186
  -0.02234
   0.03460
   0.03359
  -0.02367
  -0.04129
   0.01024
   0.04462
   0.00427
  -0.04323
  -0.01833
   0.03727
   0.03046
  -0.02736
  -0.03935
   0.01456
   0.04409
  -0.00022
  -0.04416
  -0.01415
   0.03956
   0.02701
  -0.03077
  -0.03702
   0.01873
   0.04312
  -0.00470
  -0.04465
  -0.00982
   0.04145
   0.02330
  -0.03387
  -0.03432
   0.02271
   0.04171
  -0.00914
  -0.04468
  -0.00539
   0.04293
   0.01935
  -0.03663
  -0.03127
   0.02646
   0.03988
  -0.01349
  -0.04426
  -0.00091
   0.04397
   0.01521
  -0.03902
  -0.02790
   0.02995
   0.03764
  -0.01770
  -0.04340
   0.00358
   0.04457
   0.01091
  -0.04102
  -0.02425
   0.03313
   0.03503
  -0.02173
  -0.04210
   0.00804
   0.04471
   0.00650
  -0.04260
  -0.02036
   0.03598
   0.03206
  -0.02555
  -0.04037
   0.01242
   0.04441
   0.00203
  -0.04375
  -0.01626
   0.03846
   0.02877
  -0.02910
  -0.03824
   0.01666
   0.04366
  -0.00246
  -0.04446
  -0.01200
   0.04056
   0.02519
  -0.03236
  -0.03572
   0.02075
   0.04247
  -0.00693
  -0.04472
  -0.00761
   0.04224
   0.02135
  -0.03530
  -0.03284
   0.02462
   0.04084
  -0.01133
  -0.04453
  -0.00315
   0.04350
   0.01730
  -0.03788
  -0.02962
   0.02824
   0.03881
  -0.01562
  -0.04389
   0.00134
   0.04432
   0.01308
  -0.04007
  -0.02611
   0.03158
   0.03638
  -0.01974
  -0.04280
   0.00582
   0.04470
   0.00872
  -0.04186
  -0.02234
   0.03460
   0.03359
  -0.02367
  -0.04129
   0.01024
   0.04462
   0.00427
  -0.04323
  -0.01833
   0.03727
   0.03046
  -0.02736
  -0.03935
   0.01456
   0.04409
  -0.00022
  -0.04416
  -0.01415
   0.03956
   0.02701
  -0.03077
  -0.03702
   0.01873
   0.04312
  -0.00470
  -0.04465
  -0.00982
   0.04145
   0.02330
  -0.03387
  -0.03432
   0.02271
   0.04171
  -0.00914
  -0.04468
  -0.00539
   0.04293
   0.01935
  -0.03663
  -0.03127
   0.02646
   0.03988
  -0.01349
  -0.04426
  -0.00091
   0.04397
   0.01521
  -0.03902
  -0.02790
   0.02995
   0.03764
  -0.01770
  -0.04340
   0.00358
   0.04457
   0.01091
  -0.04102
  -0.02425
   0.03313
   0.03503
  -0.02173
  -0.04210
   0.00804
   0.04471
   0.00650
  -0.04260
  -0.02036
   0.03598
   0.03206
  -0.02555
  -0.04037
   0.01242
   0.04441
   0.00203
  -0.04375
  -0.01626
   0.03846
   0.02877
  -0.02910
  -0.03824
   0.01666
   0.04366
  -0.00246
  -0.04446
  -0.01200
   0.04056
   0.02519
  -0.03236
  -0.03572
   0.02075
   0.04247
  -0.00693
  -0.04472
  -0.00761
   0.04224
   0.02135
  -0.03530
  -0.03284
   0.02462
   0.04084
  -0.01133
  -0.04453
  -0.00315
   0.04350
   0.01730
  -0.03788
  -0.02962
   0.02824
   0.03881
  -0.01562
  -0.04389
   0.00134
   0.04432
   0.01308
  -0.04007
  -0.02611
   0.03158
   0.03638
  -0.01974
  -0.04280
   0.00582
   0.04470
   0.00872
  -0.04186
  -0.02234
   0.03460
   0.03359
  -0.02367
  -0.04129
   0.01024
   0.04462
   0.00427
  -0.04323
  -0.01833
   0.03727
   0.03046
  -0.02736
  -0.03935
   0.01456
   0.04409
  -0.00022
  -0.04416
  -0.01415
   0.03956
   0.02701
  -0.03077
  -0.03702
   0.01873
   0.04312
  -0.00470
  -0.04465
  -0.00982
   0.04145
   0.02330
  -0.03387
  -0.03432
   0.02271
   0.04171
  -0.00914
  -0.04468
  -0.00539
   0.04293
   0.01935
  -0.03663
  -0.03127
   0.02646
   0.03988
  -0.01349
  -0.04426
  -0.00091
   0.04397
   0.01521
  -0.03902
  -0.02790
   0.02995
   0.03764
  -0.01770
  -0.04340
   0.00358
   0.04457
   0.01091
  -0.04102
  -0.02425
   0.03313
   0.03503
  -0.02173
  -0.04210
   0.00804
   0.04471
   0.00650
  -0.04260
  -0.02036
   0.03598
   0.03206
  -0.02555
  -0.04037
   0.01242
   0.04441
   0.00203
  -0.04375
  -0.01626
   0.03846
   0.02877
  -0.02910
  -0.03824
   0.01666
   0.04366
  -0.00246
  -0.04446
  -0.01200
   0.04056
   0.02519
  -0.03236
  -0.03572
   0.02075
   0.04247
  -0.00693
  -0.04472
  -0.00761
   0.04224
   0.02135
  -0.03530
  -0.03284
   0.02462
   0.04084
  -0.01133
  -0.04453
  -0.00315
   0.04350
   0.01730
  -0.03788
  -0.02962
   0.02824
   0.03881
  -0.01562
  -0.04389
   0.00134
   0.04432
   0.01308
  -0.04007
  -0.02611
   0.03158
   0.03638
  -0.01974
  -0.04280
   0.00582
   0.04470
   0.00872
  -0.04186
  -0.02234
   0.03460
   0.03359
  -0.02367
  -0.04129
   0.01024
   0.04462
   0.00427
  -0.04323
  -0.01833
   0.03727
   0.03046
  -0.02736
  -0.03935
   0.01456
   0.04409
  -0.00022
  -0.04416
  -0.01415
   0.03956
   0.02701
  -0.03077
  -0.03702
   0.01873
   0.04312
  -0.00470
  -0.04465
  -0.00982
   0.04145
   0.02330
  -0.03387
  -0.03432
   0.02271
   0.04171
  -0.00914
  -0.04468
  -0.00539
   0.04293
   0.01935
  -0.03663
  -0.03127
   0.02646
   0.03988
  -0.01349
  -0.04426
  -0.00091
   0.04397
   0.01521
  -0.03902
  -0.02790
   0.02995
   0.03764
  -0.01770
  -0.04340
   0.00358
   0.04457
   0.01091
  -0.04102
  -0.02425
   0.03313
   0.03503
  -0.02173
