   0.00918
   0.04218
  -0.02028
  -0.03684
   0.02998
   0.02895
  -0.03760
  -0.01906
   0.04261
   0.00785
  -0.04468
   0.00391
   0.04365
  -0.01539
  -0.03960
   0.02581
   0.03281
  -0.03444
  -0.02374
   0.04069
   0.01304
  -0.04412
  -0.00143
   0.04450
  -0.01028
  -0.04179
   0.02128
   0.03619
  -0.03080
  -0.02809
   0.03819
   0.01804
  -0.04294
  -0.00674
   0.04471
  -0.00502
  -0.04339
   0.01644
   0.03906
  -0.02672
  -0.03203
   0.03515
   0.02278
  -0.04114
  -0.01196
   0.04429
   0.00030
  -0.04437
   0.01137
   0.04138
  -0.02226
  -0.03552
   0.03161
   0.02721
  -0.03877
  -0.01701
   0.04324
   0.00563
  -0.04472
   0.00614
   0.04311
  -0.01748
  -0.03851
   0.02761
   0.03124
  -0.03583
  -0.02181
   0.04157
   0.01087
  -0.04443
   0.00082
   0.04422
  -0.01245
  -0.04094
   0.02323
   0.03483
  -0.03239
  -0.02631
   0.03931
   0.01596
  -0.04351
  -0.00451
   0.04470
  -0.00725
  -0.04279
   0.01851
   0.03792
  -0.02849
  -0.03043
   0.03649
   0.02082
  -0.04197
  -0.00978
   0.04455
  -0.00194
  -0.04404
   0.01353
   0.04047
  -0.02418
  -0.03411
   0.03316
   0.02539
  -0.03984
  -0.01491
   0.04376
   0.00339
  -0.04465
   0.00836
   0.04245
  -0.01953
  -0.03731
   0.02935
   0.02959
  -0.03713
  -0.01982
   0.04235
   0.00868
  -0.04463
   0.00307
   0.04383
  -0.01460
  -0.03998
   0.02512
   0.03337
  -0.03390
  -0.02445
   0.04033
   0.01384
  -0.04398
  -0.00227
   0.04457
  -0.00946
  -0.04209
   0.02053
   0.03668
  -0.03018
  -0.02874
   0.03775
   0.01881
  -0.04270
  -0.00757
   0.04469
  -0.00419
  -0.04359
   0.01565
   0.03947
  -0.02604
  -0.03262
   0.03462
   0.02351
  -0.04081
  -0.01277
   0.04417
   0.00115
  -0.04447
   0.01055
   0.04169
  -0.02152
  -0.03603
   0.03100
   0.02787
  -0.03834
  -0.01778
   0.04302
   0.00646
  -0.04472
   0.00530
   0.04332
  -0.01670
  -0.03893
   0.02695
   0.03184
  -0.03532
  -0.02254
   0.04125
   0.01169
  -0.04433
  -0.00002
   0.04434
  -0.01164
  -0.04127
   0.02250
   0.03535
  -0.03180
  -0.02698
   0.03890
   0.01675
  -0.04331
  -0.00535
   0.04472
  -0.00642
  -0.04303
   0.01774
   0.03836
  -0.02783
  -0.03104
   0.03600
   0.02156
  -0.04168
  -0.01060
   0.04446
  -0.00110
  -0.04417
   0.01272
   0.04083
  -0.02347
  -0.03465
   0.03258
   0.02608
  -0.03945
  -0.01570
   0.04358
   0.00423
  -0.04469
   0.00753
   0.04271
  -0.01877
  -0.03777
   0.02870
   0.03022
  -0.03666
  -0.02057
   0.04207
   0.00950
  -0.04457
   0.00222
   0.04399
  -0.01380
  -0.04035
   0.02442
   0.03393
  -0.03334
  -0.02516
   0.03996
   0.01464
  -0.04382
  -0.00311
   0.04463
  -0.00863
  -0.04236
   0.01978
   0.03716
  -0.02956
  -0.02938
   0.03729
   0.01957
  -0.04244
  -0.00840
   0.04465
  -0.00335
  -0.04377
   0.01486
   0.03986
  -0.02535
  -0.03319
   0.03408
   0.02422
  -0.04046
  -0.01357
   0.04403
   0.00199
  -0.04455
   0.00973
   0.04199
  -0.02078
  -0.03652
   0.03039
   0.02852
  -0.03790
  -0.01855
   0.04278
   0.00730
  -0.04470
   0.00447
   0.04352
  -0.01592
  -0.03934
   0.02627
   0.03242
  -0.03480
  -0.02327
   0.04092
   0.01250
  -0.04421
  -0.00087
   0.04444
  -0.01083
  -0.04159
   0.02177
   0.03586
  -0.03121
  -0.02765
   0.03848
   0.01752
  -0.04309
  -0.00618
   0.04472
  -0.00558
  -0.04325
   0.01696
   0.03879
  -0.02717
  -0.03164
   0.03549
   0.02230
  -0.04136
  -0.01142
   0.04437
  -0.00026
  -0.04430
   0.01191
   0.04116
  -0.02275
  -0.03518
   0.03200
   0.02676
  -0.03904
  -0.01648
   0.04338
   0.00507
  -0.04471
   0.00670
   0.04295
  -0.01800
  -0.03822
   0.02805
   0.03083
  -0.03617
  -0.02132
   0.04178
   0.01033
  -0.04449
   0.00138
   0.04413
  -0.01299
  -0.04071
   0.02371
   0.03447
  -0.03278
  -0.02585
   0.03958
   0.01543
  -0.04364
  -0.00395
   0.04468
  -0.00780
  -0.04263
   0.01902
   0.03762
  -0.02892
  -0.03001
   0.03682
   0.02032
  -0.04216
  -0.00923
   0.04459
  -0.00250
  -0.04393
   0.01406
   0.04023
  -0.02465
  -0.03375
   0.03353
   0.02492
  -0.04009
  -0.01437
   0.04387
   0.00283
  -0.04462
   0.00891
   0.04227
  -0.02003
  -0.03700
   0.02977
   0.02917
  -0.03744
  -0.01932
   0.04253
   0.00813
  -0.04466
   0.00363
   0.04371
  -0.01513
  -0.03973
   0.02558
   0.03300
  -0.03426
  -0.02398
   0.04057
   0.01331
  -0.04408
  -0.00171
   0.04453
  -0.01001
  -0.04189
   0.02103
   0.03636
  -0.03060
  -0.02831
   0.03805
   0.01830
  -0.04286
  -0.00702
   0.04471
  -0.00474
  -0.04346
   0.01618
   0.03920
  -0.02649
  -0.03223
   0.03498
   0.02303
  -0.04103
  -0.01223
   0.04425
   0.00059
  -0.04441
   0.01110
   0.04149
  -0.02202
  -0.03569
   0.03141
   0.02743
  -0.03862
  -0.01727
   0.04317
   0.00591
  -0.04472
   0.00586
   0.04318
  -0.01722
  -0.03865
   0.02739
   0.03144
  -0.03566
  -0.02206
   0.04147
   0.01114
  -0.04440
   0.00054
   0.04426
  -0.01218
  -0.04105
   0.02299
   0.03500
  -0.03220
  -0.02653
   0.03918
   0.01622
  -0.04345
  -0.00479
   0.04471
  -0.00697
  -0.04287
   0.01825
   0.03807
  -0.02827
  -0.03063
   0.03633
   0.02107
  -0.04188
  -0.01005
   0.04452
  -0.00166
  -0.04408
   0.01326
   0.04059
  -0.02394
  -0.03429
   0.03297
   0.02562
  -0.03971
  -0.01517
   0.04370
   0.00367
  -0.04467
   0.00808
   0.04254
  -0.01927
  -0.03747
   0.02913
   0.02980
  -0.03698
  -0.02007
   0.04226
   0.00895
  -0.04461
   0.00279
   0.04388
  -0.01433
  -0.04011
   0.02489
   0.03356
  -0.03372
  -0.02469
   0.04021
   0.01411
  -0.04392
  -0.00255
   0.04460
  -0.00918
  -0.04218
   0.02028
   0.03684
  -0.02998
  -0.02895
   0.03760
   0.01906
  -0.04261
  -0.00785
   0.04468
  -0.00391
  -0.04365
   0.01539
   0.03960
  -0.02581
  -0.03281
   0.03444
   0.02374
  -0.04069
  -0.01304
   0.04412
   0.00143
  -0.04450
   0.01028
   0.04179
  -0.02128
  -0.03619
   0.03080
   0.02809
  -0.03819
  -0.01804
   0.04294
   0.00674
  -0.04471
   0.00502
   0.04339
  -0.01644
  -0.03906
   0.02672
   0.03203
  -0.03515
  -0.02278
   0.04114
   0.01196
  -0.04429
  -0.00030
   0.04437
  -0.01137
  -0.04138
   0.02226
   0.03552
  -0.03161
  -0.02721
   0.03877
   0.01701
  -0.04324
  -0.00563
   0.04472
  -0.00614
  -0.04311
   0.01748
   0.03851
  -0.02761
  -0.03124
   0.03583
   0.02181
  -0.04157
  -0.01087
   0.04443
  -0.00082
  -0.04422
   0.01245
   0.04094
  -0.02323
  -0.03483
   0.03239
   0.02631
  -0.03931
  -0.01596
   0.04351
   0.00451
  -0.04470
   0.00725
   0.04279
  -0.01851
  -0.03792
   0.02849
   0.03043
  -0.03649
  -0.02082
   0.04197
   0.00978
  -0.04455
   0.00194
   0.04404
  -0.01353
  -0.04047
   0.02418
   0.03411
  -0.03316
  -0.02539
   0.03984
   0.01491
  -0.04376
  -0.00339
   0.04465
  -0.00836
  -0.04245
   0.01953
   0.03731
  -0.02935
  -0.02959
   0.03713
   0.01982
  -0.04235
  -0.00868
   0.04463
  -0.00307
  -0.04383
   0.01460
   0.03998
  -0.02512
  -0.03337
   0.03390
   0.02445
  -0.04033
  -0.01384
   0.04398
   0.00227
  -0.04457
   0.00946
   0.04209
  -0.02053
  -0.03668
   0.03018
   0.02874
  -0.03775
  -0.01881
   0.04270
   0.00757
  -0.04469
   0.00419
   0.04359
  -0.01565
  -0.03947
   0.02604
   0.03262
  -0.03462
  -0.02351
   0.04081
   0.01277
  -0.04417
  -0.00115
   0.04447
  -0.01055
  -0.04169
   0.02152
   0.03603
  -0.03100
  -0.02787
   0.03834
   0.01778
  -0.04302
  -0.00646
   0.04472
  -0.00530
  -0.04332
   0.01670
   0.03893
  -0.02695
  -0.03184
   0.03532
   0.02254
  -0.04125
  -0.01169
   0.04433
   0.00002
  -0.04434
   0.01164
   0.04127
  -0.02250
  -0.03535
   0.03180
   0.02698
  -0.03890
  -0.01675
   0.04331
   0.00535
  -0.04472
   0.00642
   0.04303
  -0.01774
  -0.03836
   0.02783
   0.03104
  -0.03600
  -0.02156
   0.04168
   0.01060
  -0.04446
   0.00110
   0.04417
  -0.01272
  -0.04083
   0.02347
   0.03465
  -0.03258
  -0.02608
   0.03945
   0.01570
  -0.04358
  -0.00423
   0.04469
  -0.00753
  -0.04271
   0.01877
   0.03777
  -0.02870
  -0.03022
   0.03666
   0.02057
  -0.04207
  -0.00950
   0.04457
  -0.00222
  -0.04399
   0.01380
   0.04035
  -0.02442
  -0.03393
   0.03334
   0.02516
  -0.03996
  -0.01464
   0.04382
   0.00311
  -0.04463
   0.00863
   0.04236
  -0.01978
  -0.03716
   0.02956
   0.02938
  -0.03729
  -0.01957
   0.04244
   0.00840
  -0.04465
   0.00335
   0.04377
  -0.01486
  -0.03986
   0.02535
   0.03319
  -0.03408
  -0.02422
   0.04046
   0.01357
  -0.04403
  -0.00199
   0.04455
  -0.00973
  -0.04199
   0.02078
   0.03652
  -0.03039
  -0.02852
   0.03790
   0.01855
  -0.04278
  -0.00730
   0.04470
  -0.00447
  -0.04352
   0.01592
   0.03934
  -0.02627
  -0.03242
   0.03480
   0.02327
  -0.04092
  -0.01250
   0.04421
   0.00087
  -0.04444
   0.01083
   0.04159
  -0.02177
  -0.03586
   0.03121
   0.02765
  -0.03848
  -0.01752
   0.04309
   0.00618
  -0.04472
   0.00558
   0.04325
  -0.01696
  -0.03879
   0.02717
   0.03164
  -0.03549
  -0.02230
   0.04136
   0.01142
  -0.04437
   0.00026
   0.04430
  -0.01191
  -0.04116
   0.02275
   0.03518
  -0.03200
  -0.02676
   0.03904
   0.01648
  -0.04338
  -0.00507
   0.04471
  -0.00670
  -0.04295
   0.01800
   0.03822
  -0.02805
  -0.03083
   0.03617
   0.02132
  -0.04178
  -0.01033
   0.04449
  -0.00138
  -0.04413
   0.01299
   0.04071
  -0.02371
  -0.03447
   0.03278
   0.02585
  -0.03958
  -0.01543
   0.04364
   0.00395
  -0.04468
   0.00780
   0.04263
  -0.01902
  -0.03762
   0.02892
   0.03001
  -0.03682
  -0.02032
   0.04216
   0.00923
  -0.04459
   0.00250
   0.04393
  -0.01406
  -0.04023
   0.02465
   0.03375
  -0.03353
  -0.02492
   0.04009
   0.01437
  -0.04387
  -0.00283
   0.04462
  -0.00891
  -0.04227
   0.02003
   0.03700
  -0.02977
  -0.02917
   0.03744
   0.01932
  -0.04253
  -0.00813
   0.04466
  -0.00363
  -0.04371
   0.01513
   0.03973
  -0.02558
  -0.03300
   0.03426
   0.02398
  -0.04057
  -0.01331
   0.04408
   0.00171
  -0.04453
   0.01001
   0.04189
  -0.02103
  -0.03636
   0.03060
   0.02831
  -0.03805
  -0.01830
   0.04286
   0.00702
  -0.04471
   0.00474
   0.04346
  -0.01618
  -0.03920
   0.02649
   0.03223
  -0.03498
  -0.02303
   0.04103
   0.01223
  -0.04425
  -0.00059
   0.04441
  -0.01110
  -0.04149
   0.02202
   0.03569
  -0.03141
  -0.02743
   0.03862
   0.01727
  -0.04317
  -0.00591
   0.04472
  -0.00586
  -0.04318
   0.01722
   0.03865
  -0.02739
  -0.03144
   0.03566
   0.02206
  -0.04147
  -0.01114
   0.04440
  -0.00054
  -0.04426
   0.01218
   0.04105
  -0.02299
  -0.03500
   0.03220
   0.02653
  -0.03918
  -0.01622
   0.04345
   0.00479
  -0.04471
   0.00697
   0.04287
  -0.01825
  -0.03807
   0.02827
   0.03063
  -0.03633
  -0.02107
   0.04188
   0.01005
  -0.04452
   0.00166
   0.04408
  -0.01326
  -0.04059
   0.02394
   0.03429
  -0.03297
  -0.02562
   0.03971
   0.01517
  -0.04370
  -0.00367
   0.04467
  -0.00808
  -0.04254
   0.01927
   0.03747
  -0.02913
  -0.02980
   0.03698
   0.02007
  -0.04226
  -0.00895
   0.04461
  -0.00279
  -0.04388
   0.01433
   0.04011
  -0.02489
  -0.03356
   0.03372
   0.02469
  -0.04021
  -0.01411
   0.04392
   0.00255
  -0.04460
