  -0.04040
   0.02500
  -0.00265
  -0.02045
   0.03785
  -0.04470
   0.03911
  -0.02262
  -0.00016
   0.02291
  -0.03927
   0.04469
  -0.03767
   0.02016
   0.00297
  -0.02527
   0.04053
  -0.04451
   0.03608
  -0.01761
  -0.00577
   0.02754
  -0.04164
   0.04414
  -0.03435
   0.01499
   0.00854
  -0.02970
   0.04258
  -0.04361
   0.03249
  -0.01232
  -0.01128
   0.03174
  -0.04336
   0.04290
  -0.03049
   0.00960
   0.01397
  -0.03365
   0.04396
  -0.04202
   0.02838
  -0.00683
  -0.01661
   0.03544
  -0.04439
   0.04098
  -0.02615
   0.00405
   0.01919
  -0.03708
   0.04464
  -0.03977
   0.02382
  -0.00124
  -0.02169
   0.03858
  -0.04472
   0.03841
  -0.02140
  -0.00157
   0.02410
  -0.03992
   0.04462
  -0.03690
   0.01889
   0.00437
  -0.02642
   0.04111
  -0.04435
   0.03524
  -0.01631
  -0.00716
   0.02863
  -0.04213
   0.04390
  -0.03344
   0.01366
   0.00992
  -0.03073
   0.04299
  -0.04328
   0.03151
  -0.01096
  -0.01263
   0.03271
  -0.04368
   0.04248
  -0.02945
   0.00822
   0.01530
  -0.03456
   0.04420
  -0.04152
   0.02728
  -0.00544
  -0.01791
   0.03628
  -0.04454
   0.04040
  -0.02500
   0.00265
   0.02045
  -0.03785
   0.04470
  -0.03911
   0.02262
   0.00016
  -0.02291
   0.03927
  -0.04469
   0.03767
  -0.02016
  -0.00297
   0.02527
  -0.04053
   0.04451
  -0.03608
   0.01761
   0.00577
  -0.02754
   0.04164
  -0.04414
   0.03435
  -0.01499
  -0.00854
   0.02970
  -0.04258
   0.04361
  -0.03249
   0.01232
   0.01128
  -0.03174
   0.04336
  -0.04290
   0.03049
  -0.00960
  -0.01397
   0.03365
  -0.04396
   0.04202
  -0.02838
   0.00683
   0.01661
  -0.03544
   0.04439
  -0.04098
   0.02615
  -0.00405
  -0.01919
   0.03708
  -0.04464
   0.03977
  -0.02382
   0.00124
   0.02169
  -0.03858
   0.04472
  -0.03841
   0.02140
   0.00157
  -0.02410
   0.03992
  -0.04462
   0.03690
  -0.01889
  -0.00437
   0.02642
  -0.04111
   0.04435
  -0.03524
   0.01631
   0.00716
  -0.02863
   0.04213
  -0.04390
   0.03344
  -0.01366
  -0.00992
   0.03073
  -0.04299
   0.04328
  -0.03151
   0.01096
   0.01263
  -0.03271
   0.04368
  -0.04248
   0.02945
  -0.00822
  -0.01530
   0.03456
  -0.04420
   0.04152
  -0.02728
   0.00544
   0.01791
  -0.03628
   0.04454
  -0.04040
   0.02500
  -0.00265
  -0.02045
   0.03785
  -0.04470
   0.03911
  -0.02262
  -0.00016
   0.02291
  -0.03927
   0.04469
  -0.03767
   0.02016
   0.00297
  -0.02527
   0.04053
  -0.04451
   0.03608
  -0.01761
  -0.00577
   0.02754
  -0.04164
   0.04414
  -0.03435
   0.01499
   0.00854
  -0.02970
   0.04258
  -0.04361
   0.03249
  -0.01232
  -0.01128
   0.03174
  -0.04336
   0.04290
  -0.03049
   0.00960
   0.01397
  -0.03365
   0.04396
  -0.04202
   0.02838
  -0.00683
  -0.01661
   0.03544
  -0.04439
   0.04098
  -0.02615
   0.00405
   0.01919
  -0.03708
   0.04464
  -0.03977
   0.02382
  -0.00124
  -0.02169
   0.03858
  -0.04472
   0.03841
  -0.02140
  -0.00157
   0.02410
  -0.03992
   0.04462
  -0.03690
   0.01889
   0.00437
  -0.02642
   0.04111
  -0.04435
   0.03524
  -0.01631
  -0.00716
   0.02863
  -0.04213
   0.04390
  -0.03344
   0.01366
   0.00992
  -0.03073
   0.04299
  -0.04328
   0.03151
  -0.01096
  -0.01263
   0.03271
  -0.04368
   0.04248
  -0.02945
   0.00822
   0.01530
  -0.03456
   0.04420
  -0.04152
   0.02728
  -0.00544
  -0.01791
   0.03628
  -0.04454
   0.04040
  -0.02500
   0.00265
   0.02045
  -0.03785
   0.04470
  -0.03911
   0.02262
   0.00016
  -0.02291
   0.03927
  -0.04469
   0.03767
  -0.02016
  -0.00297
   0.02527
  -0.04053
   0.04451
  -0.03608
   0.01761
   0.00577
  -0.02754
   0.04164
  -0.04414
   0.03435
  -0.01499
  -0.00854
   0.02970
  -0.04258
   0.04361
  -0.03249
   0.01232
   0.01128
  -0.03174
   0.04336
  -0.04290
   0.03049
  -0.00960
  -0.01397
   0.03365
  -0.04396
   0.04202
  -0.02838
   0.00683
   0.01661
  -0.03544
   0.04439
  -0.04098
   0.02615
  -0.00405
  -0.01919
   0.03708
  -0.04464
   0.03977
  -0.02382
   0.00124
   0.02169
  -0.03858
   0.04472
  -0.03841
   0.02140
   0.00157
  -0.02410
   0.03992
  -0.04462
   0.03690
  -0.01889
  -0.00437
   0.02642
  -0.04111
   0.04435
  -0.03524
   0.01631
   0.00716
  -0.02863
   0.04213
  -0.04390
   0.03344
  -0.01366
  -0.00992
   0.03073
  -0.04299
   0.04328
  -0.03151
   0.01096
   0.01263
  -0.03271
   0.04368
  -0.04248
   0.02945
  -0.00822
  -0.01530
   0.03456
  -0.04420
   0.04152
  -0.02728
   0.00544
   0.01791
  -0.03628
   0.04454
  -0.04040
   0.02500
  -0.00265
  -0.02045
   0.03785
  -0.04470
   0.03911
  -0.02262
  -0.00016
   0.02291
  -0.03927
   0.04469
  -0.03767
   0.02016
   0.00297
  -0.02527
   0.04053
  -0.04451
   0.03608
  -0.01761
  -0.00577
   0.02754
  -0.04164
   0.04414
  -0.03435
   0.01499
   0.00854
  -0.02970
   0.04258
  -0.04361
   0.03249
  -0.01232
  -0.01128
   0.03174
  -0.04336
   0.04290
  -0.03049
   0.00960
   0.01397
  -0.03365
   0.04396
  -0.04202
   0.02838
  -0.00683
  -0.01661
   0.03544
  -0.04439
   0.04098
  -0.02615
   0.00405
   0.01919
  -0.03708
   0.04464
  -0.03977
   0.02382
  -0.00124
  -0.02169
   0.03858
  -0.04472
   0.03841
  -0.02140
  -0.00157
   0.02410
  -0.03992
   0.04462
  -0.03690
   0.01889
   0.00437
  -0.02642
   0.04111
  -0.04435
   0.03524
  -0.01631
  -0.00716
   0.02863
  -0.04213
   0.04390
  -0.03344
   0.01366
   0.00992
  -0.03073
   0.04299
  -0.04328
   0.03151
  -0.01096
  -0.01263
   0.03271
  -0.04368
   0.04248
  -0.02945
   0.00822
   0.01530
  -0.03456
   0.04420
  -0.04152
   0.02728
  -0.00544
  -0.01791
   0.03628
  -0.04454
   0.04040
  -0.02500
   0.00265
   0.02045
  -0.03785
   0.04470
  -0.03911
   0.02262
   0.00016
  -0.02291
   0.03927
  -0.04469
   0.03767
  -0.02016
  -0.00297
   0.02527
  -0.04053
   0.04451
  -0.03608
   0.01761
   0.00577
  -0.02754
   0.04164
  -0.04414
   0.03435
  -0.01499
  -0.00854
   0.02970
  -0.04258
   0.04361
  -0.03249
   0.01232
   0.01128
  -0.03174
   0.04336
  -0.04290
   0.03049
  -0.00960
  -0.01397
   0.03365
  -0.04396
   0.04202
  -0.02838
   0.00683
   0.01661
  -0.03544
   0.04439
  -0.04098
   0.02615
  -0.00405
  -0.01919
   0.03708
  -0.04464
   0.03977
  -0.02382
   0.00124
   0.02169
  -0.03858
   0.04472
  -0.03841
   0.02140
   0.00157
  -0.02410
   0.03992
  -0.04462
   0.03690
  -0.01889
  -0.00437
   0.02642
  -0.04111
   0.04435
  -0.03524
   0.01631
   0.00716
  -0.02863
   0.04213
  -0.04390
   0.03344
  -0.01366
  -0.00992
   0.03073
  -0.04299
   0.04328
  -0.03151
   0.01096
   0.01263
  -0.03271
   0.04368
  -0.04248
   0.02945
  -0.00822
  -0.01530
   0.03456
  -0.04420
   0.04152
  -0.02728
   0.00544
   0.01791
  -0.03628
   0.04454
  -0.04040
   0.02500
  -0.00265
  -0.02045
   0.03785
  -0.04470
   0.03911
  -0.02262
  -0.00016
   0.02291
  -0.03927
   0.04469
  -0.03767
   0.02016
   0.00297
  -0.02527
   0.04053
  -0.04451
   0.03608
  -0.01761
  -0.00577
   0.02754
  -0.04164
   0.04414
  -0.03435
   0.01499
   0.00854
  -0.02970
   0.04258
  -0.04361
   0.03249
  -0.01232
  -0.01128
   0.03174
  -0.04336
   0.04290
  -0.03049
   0.00960
   0.01397
  -0.03365
   0.04396
  -0.04202
   0.02838
  -0.00683
  -0.01661
   0.03544
  -0.04439
   0.04098
  -0.02615
   0.00405
   0.01919
  -0.03708
   0.04464
  -0.03977
   0.02382
  -0.00124
  -0.02169
   0.03858
  -0.04472
   0.03841
  -0.02140
  -0.00157
   0.02410
  -0.03992
   0.04462
  -0.03690
   0.01889
   0.00437
  -0.02642
   0.04111
  -0.04435
   0.03524
  -0.01631
  -0.00716
   0.02863
  -0.04213
   0.04390
  -0.03344
   0.01366
   0.00992
  -0.03073
   0.04299
  -0.04328
   0.03151
  -0.01096
  -0.01263
   0.03271
  -0.04368
   0.04248
  -0.02945
   0.00822
   0.01530
  -0.03456
   0.04420
  -0.04152
   0.02728
  -0.00544
  -0.01791
   0.03628
  -0.04454
   0.04040
  -0.02500
   0.00265
   0.02045
  -0.03785
   0.04470
  -0.03911
   0.02262
   0.00016
  -0.02291
   0.03927
  -0.04469
   0.03767
  -0.02016
  -0.00297
   0.02527
  -0.04053
   0.04451
  -0.03608
   0.01761
   0.00577
  -0.02754
   0.04164
  -0.04414
   0.03435
  -0.01499
  -0.00854
   0.02970
  -0.04258
   0.04361
  -0.03249
   0.01232
   0.01128
  -0.03174
   0.04336
  -0.04290
   0.03049
  -0.00960
  -0.01397
   0.03365
  -0.04396
   0.04202
  -0.02838
   0.00683
   0.01661
  -0.03544
   0.04439
  -0.04098
   0.02615
  -0.00405
  -0.01919
   0.03708
  -0.04464
   0.03977
  -0.02382
   0.00124
   0.02169
  -0.03858
   0.04472
  -0.03841
   0.02140
   0.00157
  -0.02410
   0.03992
  -0.04462
   0.03690
  -0.01889
  -0.00437
   0.02642
  -0.04111
   0.04435
  -0.03524
   0.01631
   0.00716
  -0.02863
   0.04213
  -0.04390
   0.03344
  -0.01366
  -0.00992
   0.03073
  -0.04299
   0.04328
  -0.03151
   0.01096
   0.01263
  -0.03271
   0.04368
  -0.04248
   0.02945
  -0.00822
  -0.01530
   0.03456
  -0.04420
   0.04152
  -0.02728
   0.00544
   0.01791
  -0.03628
   0.04454
  -0.04040
   0.02500
  -0.00265
  -0.02045
   0.03785
  -0.04470
   0.03911
  -0.02262
  -0.00016
   0.02291
  -0.03927
   0.04469
  -0.03767
   0.02016
   0.00297
  -0.02527
   0.04053
  -0.04451
   0.03608
  -0.01761
  -0.00577
   0.02754
  -0.04164
   0.04414
  -0.03435
   0.01499
   0.00854
  -0.02970
   0.04258
  -0.04361
   0.03249
  -0.01232
  -0.01128
   0.03174
  -0.04336
   0.04290
  -0.03049
   0.00960
   0.01397
  -0.03365
   0.04396
  -0.04202
   0.02838
  -0.00683
  -0.01661
   0.03544
  -0.04439
   0.04098
  -0.02615
   0.00405
   0.01919
  -0.03708
   0.04464
  -0.03977
   0.02382
  -0.00124
  -0.02169
   0.03858
  -0.04472
   0.03841
  -0.02140
  -0.00157
   0.02410
  -0.03992
   0.04462
  -0.03690
   0.01889
   0.00437
  -0.02642
   0.04111
  -0.04435
   0.03524
  -0.01631
  -0.00716
   0.02863
  -0.04213
   0.04390
  -0.03344
   0.01366
   0.00992
  -0.03073
   0.04299
  -0.04328
   0.03151
  -0.01096
  -0.01263
   0.03271
  -0.04368
   0.04248
  -0.02945
   0.00822
   0.01530
  -0.03456
   0.04420
  -0.04152
   0.02728
  -0.00544
  -0.01791
   0.03628
  -0.04454
   0.04040
  -0.02500
   0.00265
   0.02045
  -0.03785
   0.04470
  -0.03911
   0.02262
   0.00016
  -0.02291
   0.03927
  -0.04469
   0.03767
  -0.02016
  -0.00297
   0.02527
  -0.04053
   0.04451
  -0.03608
   0.01761
   0.00577
  -0.02754
   0.04164
  -0.04414
   0.03435
  -0.01499
  -0.00854
   0.02970
  -0.04258
   0.04361
  -0.03249
   0.01232
   0.01128
  -0.03174
   0.04336
  -0.04290
   0.03049
  -0.00960
  -0.01397
   0.03365
  -0.04396
   0.04202
  -0.02838
   0.00683
   0.01661
  -0.03544
   0.04439
  -0.04098
   0.02615
  -0.00405
  -0.01919
   0.03708
  -0.04464
   0.03977
  -0.02382
   0.00124
   0.02169
  -0.03858
   0.04472
  -0.03841
   0.02140
   0.00157
  -0.02410
   0.03992
  -0.04462
   0.03690
  -0.01889
  -0.00437
   0.02642
  -0.04111
   0.04435
  -0.03524
   0.01631
   0.00716
  -0.02863
   0.04213
  -0.04390
   0.03344
  -0.01366
  -0.00992
   0.03073
  -0.04299
   0.04328
  -0.03151
   0.01096
   0.01263
  -0.03271
   0.04368
  -0.04248
   0.02945
  -0.00822
  -0.01530
   0.03456
  -0.04420
   0.04152
  -0.02728
   0.00544
   0.01791
  -0.03628
   0.04454
