   0.02836
   0.04389
   0.03928
   0.01664
  -0.01364
  -0.03766
  -0.04439
  -0.03075
  -0.00299
   0.02614
   0.04327
   0.04054
   0.01921
  -0.01094
  -0.03607
  -0.04464
  -0.03273
  -0.00579
   0.02381
   0.04247
   0.04165
   0.02171
  -0.00820
  -0.03434
  -0.04472
  -0.03458
  -0.00856
   0.02138
   0.04151
   0.04259
   0.02412
  -0.00542
  -0.03247
  -0.04462
  -0.03629
  -0.01130
   0.01887
   0.04039
   0.04336
   0.02644
  -0.00262
  -0.03048
  -0.04435
  -0.03786
  -0.01400
   0.01629
   0.03910
   0.04396
   0.02865
   0.00019
  -0.02836
  -0.04389
  -0.03928
  -0.01664
   0.01364
   0.03766
   0.04439
   0.03075
   0.00299
  -0.02614
  -0.04327
  -0.04054
  -0.01921
   0.01094
   0.03607
   0.04464
   0.03273
   0.00579
  -0.02381
  -0.04247
  -0.04165
  -0.02171
   0.00820
   0.03434
   0.04472
   0.03458
   0.00856
  -0.02138
  -0.04151
  -0.04259
  -0.02412
   0.00542
   0.03247
   0.04462
   0.03629
   0.01130
  -0.01887
  -0.04039
  -0.04336
  -0.02644
   0.00262
   0.03048
   0.04435
   0.03786
   0.01400
  -0.01629
  -0.03910
  -0.04396
  -0.02865
  -0.00019
   0.02836
   0.04389
   0.03928
   0.01664
  -0.01364
  -0.03766
  -0.04439
  -0.03075
  -0.00299
   0.02614
   0.04327
   0.04054
   0.01921
  -0.01094
  -0.03607
  -0.04464
  -0.03273
  -0.00579
   0.02381
   0.04247
   0.04165
   0.02171
  -0.00820
  -0.03434
  -0.04472
  -0.03458
  -0.00856
   0.02138
   0.04151
   0.04259
   0.02412
  -0.00542
  -0.03247
  -0.04462
  -0.03629
  -0.01130
   0.01887
   0.04039
   0.04336
   0.02644
  -0.00262
  -0.03048
  -0.04435
  -0.03786
  -0.01400
   0.01629
   0.03910
   0.04396
   0.02865
   0.00019
  -0.02836
  -0.04389
  -0.03928
  -0.01664
   0.01364
   0.03766
   0.04439
   0.03075
   0.00299
  -0.02614
  -0.04327
  -0.04054
  -0.01921
   0.01094
   0.03607
   0.04464
   0.03273
   0.00579
  -0.02381
  -0.04247
  -0.04165
  -0.02171
   0.00820
   0.03434
   0.04472
   0.03458
   0.00856
  -0.02138
  -0.04151
  -0.04259
  -0.02412
   0.00542
   0.03247
   0.04462
   0.03629
   0.01130
  -0.01887
  -0.04039
  -0.04336
  -0.02644
   0.00262
   0.03048
   0.04435
   0.03786
   0.01400
  -0.01629
  -0.03910
  -0.04396
  -0.02865
  -0.00019
   0.02836
   0.04389
   0.03928
   0.01664
  -0.01364
  -0.03766
  -0.04439
  -0.03075
  -0.00299
   0.02614
   0.04327
   0.04054
   0.01921
  -0.01094
  -0.03607
  -0.04464
  -0.03273
  -0.00579
   0.02381
   0.04247
   0.04165
   0.02171
  -0.00820
  -0.03434
  -0.04472
  -0.03458
  -0.00856
   0.02138
   0.04151
   0.04259
   0.02412
  -0.00542
  -0.03247
  -0.04462
  -0.03629
  -0.01130
   0.01887
   0.04039
   0.04336
   0.02644
  -0.00262
  -0.03048
  -0.04435
  -0.03786
  -0.01400
   0.01629
   0.03910
   0.04396
   0.02865
   0.00019
  -0.02836
  -0.04389
  -0.03928
  -0.01664
   0.01364
   0.03766
   0.04439
   0.03075
   0.00299
  -0.02614
  -0.04327
  -0.04054
  -0.01921
   0.01094
   0.03607
   0.04464
   0.03273
   0.00579
  -0.02381
  -0.04247
  -0.04165
  -0.02171
   0.00820
   0.03434
   0.04472
   0.03458
   0.00856
  -0.02138
  -0.04151
  -0.04259
  -0.02412
   0.00542
   0.03247
   0.04462
   0.03629
   0.01130
  -0.01887
  -0.04039
  -0.04336
  -0.02644
   0.00262
   0.03048
   0.04435
   0.03786
   0.01400
  -0.01629
  -0.03910
  -0.04396
  -0.02865
  -0.00019
   0.02836
   0.04389
   0.03928
   0.01664
  -0.01364
  -0.03766
  -0.04439
  -0.03075
  -0.00299
   0.02614
   0.04327
   0.04054
   0.01921
  -0.01094
  -0.03607
  -0.04464
  -0.03273
  -0.00579
   0.02381
   0.04247
   0.04165
   0.02171
  -0.00820
  -0.03434
  -0.04472
  -0.03458
  -0.00856
   0.02138
   0.04151
   0.04259
   0.02412
  -0.00542
  -0.03247
  -0.04462
  -0.03629
  -0.01130
   0.01887
   0.04039
   0.04336
   0.02644
  -0.00262
  -0.03048
  -0.04435
  -0.03786
  -0.01400
   0.01629
   0.03910
   0.04396
   0.02865
   0.00019
  -0.02836
  -0.04389
  -0.03928
  -0.01664
   0.01364
   0.03766
   0.04439
   0.03075
   0.00299
  -0.02614
  -0.04327
  -0.04054
  -0.01921
   0.01094
   0.03607
   0.04464
   0.03273
   0.00579
  -0.02381
  -0.04247
  -0.04165
  -0.02171
   0.00820
   0.03434
   0.04472
   0.03458
   0.00856
  -0.02138
  -0.04151
  -0.04259
  -0.02412
   0.00542
   0.03247
   0.04462
   0.03629
   0.01130
  -0.01887
  -0.04039
  -0.04336
  -0.02644
   0.00262
   0.03048
   0.04435
   0.03786
   0.01400
  -0.01629
  -0.03910
  -0.04396
  -0.02865
  -0.00019
   0.02836
   0.04389
   0.03928
   0.01664
  -0.01364
  -0.03766
  -0.04439
  -0.03075
  -0.00299
   0.02614
   0.04327
   0.04054
   0.01921
  -0.01094
  -0.03607
  -0.04464
  -0.03273
  -0.00579
   0.02381
   0.04247
   0.04165
   0.02171
  -0.00820
  -0.03434
  -0.04472
  -0.03458
  -0.00856
   0.02138
   0.04151
   0.04259
   0.02412
  -0.00542
  -0.03247
  -0.04462
  -0.03629
  -0.01130
   0.01887
   0.04039
   0.04336
   0.02644
  -0.00262
  -0.03048
  -0.04435
  -0.03786
  -0.01400
   0.01629
   0.03910
   0.04396
   0.02865
   0.00019
  -0.02836
  -0.04389
  -0.03928
  -0.01664
   0.01364
   0.03766
   0.04439
   0.03075
   0.00299
  -0.02614
  -0.04327
  -0.04054
  -0.01921
   0.01094
   0.03607
   0.04464
   0.03273
   0.00579
  -0.02381
  -0.04247
  -0.04165
  -0.02171
   0.00820
   0.03434
   0.04472
   0.03458
   0.00856
  -0.02138
  -0.04151
  -0.04259
  -0.02412
   0.00542
   0.03247
   0.04462
   0.03629
   0.01130
  -0.01887
  -0.04039
  -0.04336
  -0.02644
   0.00262
   0.03048
   0.04435
   0.03786
   0.01400
  -0.01629
  -0.03910
  -0.04396
  -0.02865
  -0.00019
   0.02836
   0.04389
   0.03928
   0.01664
  -0.01364
  -0.03766
  -0.04439
  -0.03075
  -0.00299
   0.02614
   0.04327
   0.04054
   0.01921
  -0.01094
  -0.03607
  -0.04464
  -0.03273
  -0.00579
   0.02381
   0.04247
   0.04165
   0.02171
  -0.00820
  -0.03434
  -0.04472
  -0.03458
  -0.00856
   0.02138
   0.04151
   0.04259
   0.02412
  -0.00542
  -0.03247
  -0.04462
  -0.03629
  -0.01130
   0.01887
   0.04039
   0.04336
   0.02644
  -0.00262
  -0.03048
  -0.04435
  -0.03786
  -0.01400
   0.01629
   0.03910
   0.04396
   0.02865
   0.00019
  -0.02836
  -0.04389
  -0.03928
  -0.01664
   0.01364
   0.03766
   0.04439
   0.03075
   0.00299
  -0.02614
  -0.04327
  -0.04054
  -0.01921
   0.01094
   0.03607
   0.04464
   0.03273
   0.00579
  -0.02381
  -0.04247
  -0.04165
  -0.02171
   0.00820
   0.03434
   0.04472
   0.03458
   0.00856
  -0.02138
  -0.04151
  -0.04259
  -0.02412
   0.00542
   0.03247
   0.04462
   0.03629
   0.01130
  -0.01887
  -0.04039
  -0.04336
  -0.02644
   0.00262
   0.03048
   0.04435
   0.03786
   0.01400
  -0.01629
  -0.03910
  -0.04396
  -0.02865
  -0.00019
   0.02836
   0.04389
   0.03928
   0.01664
  -0.01364
  -0.03766
  -0.04439
  -0.03075
  -0.00299
   0.02614
   0.04327
   0.04054
   0.01921
  -0.01094
  -0.03607
  -0.04464
  -0.03273
  -0.00579
   0.02381
   0.04247
   0.04165
   0.02171
  -0.00820
  -0.03434
  -0.04472
  -0.03458
  -0.00856
   0.02138
   0.04151
   0.04259
   0.02412
  -0.00542
  -0.03247
  -0.04462
  -0.03629
  -0.01130
   0.01887
   0.04039
   0.04336
   0.02644
  -0.00262
  -0.03048
  -0.04435
  -0.03786
  -0.01400
   0.01629
   0.03910
   0.04396
   0.02865
   0.00019
  -0.02836
  -0.04389
  -0.03928
  -0.01664
   0.01364
   0.03766
   0.04439
   0.03075
   0.00299
  -0.02614
  -0.04327
  -0.04054
  -0.01921
   0.01094
   0.03607
   0.04464
   0.03273
   0.00579
  -0.02381
  -0.04247
  -0.04165
  -0.02171
   0.00820
   0.03434
   0.04472
   0.03458
   0.00856
  -0.02138
  -0.04151
  -0.04259
  -0.02412
   0.00542
   0.03247
   0.04462
   0.03629
   0.01130
  -0.01887
  -0.04039
  -0.04336
  -0.02644
   0.00262
   0.03048
   0.04435
   0.03786
   0.01400
  -0.01629
  -0.03910
  -0.04396
  -0.02865
  -0.00019
   0.02836
   0.04389
   0.03928
   0.01664
  -0.01364
  -0.03766
  -0.04439
  -0.03075
  -0.00299
   0.02614
   0.04327
   0.04054
   0.01921
  -0.01094
  -0.03607
  -0.04464
  -0.03273
  -0.00579
   0.02381
   0.04247
   0.04165
   0.02171
  -0.00820
  -0.03434
  -0.04472
  -0.03458
  -0.00856
   0.02138
   0.04151
   0.04259
   0.02412
  -0.00542
  -0.03247
  -0.04462
  -0.03629
  -0.01130
   0.01887
   0.04039
   0.04336
   0.02644
  -0.00262
  -0.03048
  -0.04435
  -0.03786
  -0.01400
   0.01629
   0.03910
   0.04396
   0.02865
   0.00019
  -0.02836
  -0.04389
  -0.03928
  -0.01664
   0.01364
   0.03766
   0.04439
   0.03075
   0.00299
  -0.02614
  -0.04327
  -0.04054
  -0.01921
   0.01094
   0.03607
   0.04464
   0.03273
   0.00579
  -0.02381
  -0.04247
  -0.04165
  -0.02171
   0.00820
   0.03434
   0.04472
   0.03458
   0.00856
  -0.02138
  -0.04151
  -0.04259
  -0.02412
   0.00542
   0.03247
   0.04462
   0.03629
   0.01130
  -0.01887
  -0.04039
  -0.04336
  -0.02644
   0.00262
   0.03048
   0.04435
   0.03786
   0.01400
  -0.01629
  -0.03910
  -0.04396
  -0.02865
  -0.00019
   0.02836
   0.04389
   0.03928
   0.01664
  -0.01364
  -0.03766
  -0.04439
  -0.03075
  -0.00299
   0.02614
   0.04327
   0.04054
   0.01921
  -0.01094
  -0.03607
  -0.04464
  -0.03273
  -0.00579
   0.02381
   0.04247
   0.04165
   0.02171
  -0.00820
  -0.03434
  -0.04472
  -0.03458
  -0.00856
   0.02138
   0.04151
   0.04259
   0.02412
  -0.00542
  -0.03247
  -0.04462
  -0.03629
  -0.01130
   0.01887
   0.04039
   0.04336
   0.02644
  -0.00262
  -0.03048
  -0.04435
  -0.03786
  -0.01400
   0.01629
   0.03910
   0.04396
   0.02865
   0.00019
  -0.02836
  -0.04389
  -0.03928
  -0.01664
   0.01364
   0.03766
   0.04439
   0.03075
   0.00299
  -0.02614
  -0.04327
  -0.04054
  -0.01921
   0.01094
   0.03607
   0.04464
   0.03273
   0.00579
  -0.02381
  -0.04247
  -0.04165
  -0.02171
   0.00820
   0.03434
   0.04472
   0.03458
   0.00856
  -0.02138
  -0.04151
  -0.04259
  -0.02412
   0.00542
   0.03247
   0.04462
   0.03629
   0.01130
  -0.01887
  -0.04039
  -0.04336
  -0.02644
   0.00262
   0.03048
   0.04435
   0.03786
   0.01400
  -0.01629
  -0.03910
  -0.04396
  -0.02865
  -0.00019
   0.02836
   0.04389
   0.03928
   0.01664
  -0.01364
  -0.03766
  -0.04439
  -0.03075
  -0.00299
   0.02614
   0.04327
   0.04054
   0.01921
  -0.01094
  -0.03607
  -0.04464
  -0.03273
  -0.00579
   0.02381
   0.04247
   0.04165
   0.02171
  -0.00820
  -0.03434
  -0.04472
  -0.03458
  -0.00856
   0.02138
   0.04151
   0.04259
   0.02412
  -0.00542
  -0.03247
  -0.04462
  -0.03629
  -0.01130
   0.01887
   0.04039
   0.04336
   0.02644
  -0.00262
  -0.03048
  -0.04435
  -0.03786
  -0.01400
   0.01629
   0.03910
   0.04396
   0.02865
   0.00019
  -0.02836
  -0.04389
  -0.03928
  -0.01664
   0.01364
   0.03766
   0.04439
   0.03075
   0.00299
  -0.02614
  -0.04327
  -0.04054
  -0.01921
   0.01094
   0.03607
   0.04464
   0.03273
   0.00579
  -0.02381
  -0.04247
  -0.04165
  -0.02171
   0.00820
   0.03434
   0.04472
   0.03458
   0.00856
  -0.02138
  -0.04151
  -0.04259
  -0.02412
   0.00542
   0.03247
   0.04462
   0.03629
   0.01130
  -0.01887
  -0.04039
  -0.04336
  -0.02644
   0.00262
   0.03048
   0.04435
   0.03786
   0.01400
  -0.01629
  -0.03910
  -0.04396
  -0.02865
  -0.00019
