  -0.01205
   0.03979
   0.02795
  -0.02863
  -0.03938
   0.01290
   0.04453
   0.00489
  -0.04258
  -0.02190
   0.03383
   0.03541
  -0.01969
  -0.04328
   0.00241
   0.04424
   0.01526
  -0.03814
  -0.03050
   0.02596
   0.04087
  -0.00964
  -0.04472
  -0.00822
   0.04143
   0.02477
  -0.03154
  -0.03737
   0.01661
   0.04400
   0.00097
  -0.04362
  -0.01839
   0.03627
   0.03288
  -0.02314
  -0.04212
   0.00632
   0.04464
   0.01151
  -0.04004
  -0.02751
   0.02906
   0.03911
  -0.01344
  -0.04448
  -0.00433
   0.04275
   0.02141
  -0.03420
  -0.03507
   0.02019
   0.04313
  -0.00297
  -0.04432
  -0.01473
   0.03843
   0.03008
  -0.02641
  -0.04064
   0.01018
   0.04470
   0.00767
  -0.04164
  -0.02430
   0.03193
   0.03706
  -0.01713
  -0.04390
  -0.00040
   0.04374
   0.01787
  -0.03660
  -0.03249
   0.02362
   0.04193
  -0.00687
  -0.04467
  -0.01097
   0.04029
   0.02706
  -0.02948
  -0.03884
   0.01397
   0.04442
   0.00377
  -0.04291
  -0.02091
   0.03456
   0.03471
  -0.02069
  -0.04298
   0.00353
   0.04439
   0.01420
  -0.03872
  -0.02967
   0.02687
   0.04040
  -0.01073
  -0.04468
  -0.00712
   0.04184
   0.02383
  -0.03232
  -0.03674
   0.01765
   0.04379
  -0.00016
  -0.04385
  -0.01736
   0.03692
   0.03210
  -0.02410
  -0.04173
   0.00743
   0.04470
   0.01042
  -0.04053
  -0.02661
   0.02990
   0.03856
  -0.01450
  -0.04435
  -0.00321
   0.04307
   0.02041
  -0.03491
  -0.03436
   0.02119
   0.04282
  -0.00409
  -0.04445
  -0.01367
   0.03899
   0.02924
  -0.02731
  -0.04015
   0.01128
   0.04466
   0.00656
  -0.04204
  -0.02335
   0.03271
   0.03642
  -0.01816
  -0.04367
   0.00072
   0.04396
   0.01684
  -0.03723
  -0.03171
   0.02457
   0.04152
  -0.00798
  -0.04471
  -0.00988
   0.04077
   0.02616
  -0.03032
  -0.03827
   0.01503
   0.04427
   0.00265
  -0.04321
  -0.01991
   0.03526
   0.03399
  -0.02168
  -0.04266
   0.00465
   0.04451
   0.01313
  -0.03927
  -0.02882
   0.02776
   0.03990
  -0.01182
  -0.04462
  -0.00601
   0.04222
   0.02287
  -0.03309
  -0.03609
   0.01868
   0.04355
  -0.00128
  -0.04406
  -0.01632
   0.03754
   0.03131
  -0.02504
  -0.04131
   0.00854
   0.04472
   0.00933
  -0.04099
  -0.02570
   0.03073
   0.03797
  -0.01556
  -0.04419
  -0.00209
   0.04336
   0.01941
  -0.03560
  -0.03363
   0.02217
   0.04248
  -0.00520
  -0.04456
  -0.01259
   0.03953
   0.02838
  -0.02819
  -0.03965
   0.01236
   0.04458
   0.00545
  -0.04241
  -0.02239
   0.03346
   0.03575
  -0.01918
  -0.04341
   0.00184
   0.04415
   0.01579
  -0.03784
  -0.03091
   0.02550
   0.04109
  -0.00909
  -0.04472
  -0.00878
   0.04122
   0.02524
  -0.03114
  -0.03767
   0.01609
   0.04410
   0.00153
  -0.04349
  -0.01890
   0.03594
   0.03325
  -0.02266
  -0.04230
   0.00576
   0.04461
   0.01205
  -0.03979
  -0.02795
   0.02863
   0.03938
  -0.01290
  -0.04453
  -0.00489
   0.04258
   0.02190
  -0.03383
  -0.03541
   0.01969
   0.04328
  -0.00241
  -0.04424
  -0.01526
   0.03814
   0.03050
  -0.02596
  -0.04087
   0.00964
   0.04472
   0.00822
  -0.04143
  -0.02477
   0.03154
   0.03737
  -0.01661
  -0.04400
  -0.00097
   0.04362
   0.01839
  -0.03627
  -0.03288
   0.02314
   0.04212
  -0.00632
  -0.04464
  -0.01151
   0.04004
   0.02751
  -0.02906
  -0.03911
   0.01344
   0.04448
   0.00433
  -0.04275
  -0.02141
   0.03420
   0.03507
  -0.02019
  -0.04313
   0.00297
   0.04432
   0.01473
  -0.03843
  -0.03008
   0.02641
   0.04064
  -0.01018
  -0.04470
  -0.00767
   0.04164
   0.02430
  -0.03193
  -0.03706
   0.01713
   0.04390
   0.00040
  -0.04374
  -0.01787
   0.03660
   0.03249
  -0.02362
  -0.04193
   0.00687
   0.04467
   0.01097
  -0.04029
  -0.02706
   0.02948
   0.03884
  -0.01397
  -0.04442
  -0.00377
   0.04291
   0.02091
  -0.03456
  -0.03471
   0.02069
   0.04298
  -0.00353
  -0.04439
  -0.01420
   0.03872
   0.02967
  -0.02687
  -0.04040
   0.01073
   0.04468
   0.00712
  -0.04184
  -0.02383
   0.03232
   0.03674
  -0.01765
  -0.04379
   0.00016
   0.04385
   0.01736
  -0.03692
  -0.03210
   0.02410
   0.04173
  -0.00743
  -0.04470
  -0.01042
   0.04053
   0.02661
  -0.02990
  -0.03856
   0.01450
   0.04435
   0.00321
  -0.04307
  -0.02041
   0.03491
   0.03436
  -0.02119
  -0.04282
   0.00409
   0.04445
   0.01367
  -0.03899
  -0.02924
   0.02731
   0.04015
  -0.01128
  -0.04466
  -0.00656
   0.04204
   0.02335
  -0.03271
  -0.03642
   0.01816
   0.04367
  -0.00072
  -0.04396
  -0.01684
   0.03723
   0.03171
  -0.02457
  -0.04152
   0.00798
   0.04471
   0.00988
  -0.04077
  -0.02616
   0.03032
   0.03827
  -0.01503
  -0.04427
  -0.00265
   0.04321
   0.01991
  -0.03526
  -0.03399
   0.02168
   0.04266
  -0.00465
  -0.04451
  -0.01313
   0.03927
   0.02882
  -0.02776
  -0.03990
   0.01182
   0.04462
   0.00601
  -0.04222
  -0.02287
   0.03309
   0.03609
  -0.01868
  -0.04355
   0.00128
   0.04406
   0.01632
  -0.03754
  -0.03131
   0.02504
   0.04131
  -0.00854
  -0.04472
  -0.00933
   0.04099
   0.02570
  -0.03073
  -0.03797
   0.01556
   0.04419
   0.00209
  -0.04336
  -0.01941
   0.03560
   0.03363
  -0.02217
  -0.04248
   0.00520
   0.04456
   0.01259
  -0.03953
  -0.02838
   0.02819
   0.03965
  -0.01236
  -0.04458
  -0.00545
   0.04241
   0.02239
  -0.03346
  -0.03575
   0.01918
   0.04341
  -0.00184
  -0.04415
  -0.01579
   0.03784
   0.03091
  -0.02550
  -0.04109
   0.00909
   0.04472
   0.00878
  -0.04122
  -0.02524
   0.03114
   0.03767
  -0.01609
  -0.04410
  -0.00153
   0.04349
   0.01890
  -0.03594
  -0.03325
   0.02266
   0.04230
  -0.00576
  -0.04461
  -0.01205
   0.03979
   0.02795
  -0.02863
  -0.03938
   0.01290
   0.04453
   0.00489
  -0.04258
  -0.02190
   0.03383
   0.03541
  -0.01969
  -0.04328
   0.00241
   0.04424
   0.01526
  -0.03814
  -0.03050
   0.02596
   0.04087
  -0.00964
  -0.04472
  -0.00822
   0.04143
   0.02477
  -0.03154
  -0.03737
   0.01661
   0.04400
   0.00097
  -0.04362
  -0.01839
   0.03627
   0.03288
  -0.02314
  -0.04212
   0.00632
   0.04464
   0.01151
  -0.04004
  -0.02751
   0.02906
   0.03911
  -0.01344
  -0.04448
  -0.00433
   0.04275
   0.02141
  -0.03420
  -0.03507
   0.02019
   0.04313
  -0.00297
  -0.04432
  -0.01473
   0.03843
   0.03008
  -0.02641
  -0.04064
   0.01018
   0.04470
   0.00767
  -0.04164
  -0.02430
   0.03193
   0.03706
  -0.01713
  -0.04390
  -0.00040
   0.04374
   0.01787
  -0.03660
  -0.03249
   0.02362
   0.04193
  -0.00687
  -0.04467
  -0.01097
   0.04029
   0.02706
  -0.02948
  -0.03884
   0.01397
   0.04442
   0.00377
  -0.04291
  -0.02091
   0.03456
   0.03471
  -0.02069
  -0.04298
   0.00353
   0.04439
   0.01420
  -0.03872
  -0.02967
   0.02687
   0.04040
  -0.01073
  -0.04468
  -0.00712
   0.04184
   0.02383
  -0.03232
  -0.03674
   0.01765
   0.04379
  -0.00016
  -0.04385
  -0.01736
   0.03692
   0.03210
  -0.02410
  -0.04173
   0.00743
   0.04470
   0.01042
  -0.04053
  -0.02661
   0.02990
   0.03856
  -0.01450
  -0.04435
  -0.00321
   0.04307
   0.02041
  -0.03491
  -0.03436
   0.02119
   0.04282
  -0.00409
  -0.04445
  -0.01367
   0.03899
   0.02924
  -0.02731
  -0.04015
   0.01128
   0.04466
   0.00656
  -0.04204
  -0.02335
   0.03271
   0.03642
  -0.01816
  -0.04367
   0.00072
   0.04396
   0.01684
  -0.03723
  -0.03171
   0.02457
   0.04152
  -0.00798
  -0.04471
  -0.00988
   0.04077
   0.02616
  -0.03032
  -0.03827
   0.01503
   0.04427
   0.00265
  -0.04321
  -0.01991
   0.03526
   0.03399
  -0.02168
  -0.04266
   0.00465
   0.04451
   0.01313
  -0.03927
  -0.02882
   0.02776
   0.03990
  -0.01182
  -0.04462
  -0.00601
   0.04222
   0.02287
  -0.03309
  -0.03609
   0.01868
   0.04355
  -0.00128
  -0.04406
  -0.01632
   0.03754
   0.03131
  -0.02504
  -0.04131
   0.00854
   0.04472
   0.00933
  -0.04099
  -0.02570
   0.03073
   0.03797
  -0.01556
  -0.04419
  -0.00209
   0.04336
   0.01941
  -0.03560
  -0.03363
   0.02217
   0.04248
  -0.00520
  -0.04456
  -0.01259
   0.03953
   0.02838
  -0.02819
  -0.03965
   0.01236
   0.04458
   0.00545
  -0.04241
  -0.02239
   0.03346
   0.03575
  -0.01918
  -0.04341
   0.00184
   0.04415
   0.01579
  -0.03784
  -0.03091
   0.02550
   0.04109
  -0.00909
  -0.04472
  -0.00878
   0.04122
   0.02524
  -0.03114
  -0.03767
   0.01609
   0.04410
   0.00153
  -0.04349
  -0.01890
   0.03594
   0.03325
  -0.02266
  -0.04230
   0.00576
   0.04461
   0.01205
  -0.03979
  -0.02795
   0.02863
   0.03938
  -0.01290
  -0.04453
  -0.00489
   0.04258
   0.02190
  -0.03383
  -0.03541
   0.01969
   0.04328
  -0.00241
  -0.04424
  -0.01526
   0.03814
   0.03050
  -0.02596
  -0.04087
   0.00964
   0.04472
   0.00822
  -0.04143
  -0.02477
   0.03154
   0.03737
  -0.01661
  -0.04400
  -0.00097
   0.04362
   0.01839
  -0.03627
  -0.03288
   0.02314
   0.04212
  -0.00632
  -0.04464
  -0.01151
   0.04004
   0.02751
  -0.02906
  -0.03911
   0.01344
   0.04448
   0.00433
  -0.04275
  -0.02141
   0.03420
   0.03507
  -0.02019
  -0.04313
   0.00297
   0.04432
   0.01473
  -0.03843
  -0.03008
   0.02641
   0.04064
  -0.01018
  -0.04470
  -0.00767
   0.04164
   0.02430
  -0.03193
  -0.03706
   0.01713
   0.04390
   0.00040
  -0.04374
  -0.01787
   0.03660
   0.03249
  -0.02362
  -0.04193
   0.00687
   0.04467
   0.01097
  -0.04029
  -0.02706
   0.02948
   0.03884
  -0.01397
  -0.04442
  -0.00377
   0.04291
   0.02091
  -0.03456
  -0.03471
   0.02069
   0.04298
  -0.00353
  -0.04439
  -0.01420
   0.03872
   0.02967
  -0.02687
  -0.04040
   0.01073
   0.04468
   0.00712
  -0.04184
  -0.02383
   0.03232
   0.03674
  -0.01765
  -0.04379
   0.00016
   0.04385
   0.01736
  -0.03692
  -0.03210
   0.02410
   0.04173
  -0.00743
  -0.04470
  -0.01042
   0.04053
   0.02661
  -0.02990
  -0.03856
   0.01450
   0.04435
   0.00321
  -0.04307
  -0.02041
   0.03491
   0.03436
  -0.02119
  -0.04282
   0.00409
   0.04445
   0.01367
  -0.03899
  -0.02924
   0.02731
   0.04015
  -0.01128
  -0.04466
  -0.00656
   0.04204
   0.02335
  -0.03271
  -0.03642
   0.01816
   0.04367
  -0.00072
  -0.04396
  -0.01684
   0.03723
   0.03171
  -0.02457
  -0.04152
   0.00798
   0.04471
   0.00988
  -0.04077
  -0.02616
   0.03032
   0.03827
  -0.01503
  -0.04427
  -0.00265
   0.04321
   0.01991
  -0.03526
  -0.03399
   0.02168
   0.04266
  -0.00465
  -0.04451
  -0.01313
   0.03927
   0.02882
  -0.02776
  -0.03990
   0.01182
   0.04462
   0.00601
  -0.04222
  -0.02287
   0.03309
   0.03609
  -0.01868
  -0.04355
   0.00128
   0.04406
   0.01632
  -0.03754
  -0.03131
   0.02504
   0.04131
  -0.00854
  -0.04472
  -0.00933
   0.04099
   0.02570
  -0.03073
  -0.03797
   0.01556
   0.04419
   0.00209
  -0.04336
  -0.01941
   0.03560
   0.03363
  -0.02217
  -0.04248
   0.00520
   0.04456
   0.01259
  -0.03953
  -0.02838
   0.02819
   0.03965
  -0.01236
  -0.04458
  -0.00545
   0.04241
   0.02239
  -0.03346
  -0.03575
   0.01918
   0.04341
  -0.00184
  -0.04415
  -0.01579
   0.03784
   0.03091
  -0.02550
  -0.04109
   0.00909
   0.04472
   0.00878
  -0.04122
  -0.02524
   0.03114
   0.03767
  -0.01609
  -0.04410
  -0.00153
   0.04349
   0.01890
  -0.03594
  -0.03325
   0.02266
   0.04230
  -0.00576
  -0.04461
