   0.00406
  -0.04415
   0.01790
   0.03525
  -0.03543
  -0.01762
   0.04419
  -0.00436
  -0.04203
   0.02526
   0.02946
  -0.03991
  -0.00961
   0.04469
  -0.01262
  -0.03842
   0.03173
   0.02264
  -0.04299
  -0.00126
   0.04361
  -0.02044
  -0.03345
   0.03707
   0.01501
  -0.04454
   0.00714
   0.04098
  -0.02753
  -0.02729
   0.04110
   0.00685
  -0.04451
   0.01529
   0.03690
  -0.03364
  -0.02017
   0.04368
  -0.00155
  -0.04290
   0.02289
   0.03152
  -0.03857
  -0.01233
   0.04470
  -0.00990
  -0.03978
   0.02969
   0.02501
  -0.04213
  -0.00406
   0.04415
  -0.01790
  -0.03525
   0.03543
   0.01762
  -0.04419
   0.00436
   0.04203
  -0.02526
  -0.02946
   0.03991
   0.00961
  -0.04469
   0.01262
   0.03842
  -0.03173
  -0.02264
   0.04299
   0.00126
  -0.04361
   0.02044
   0.03345
  -0.03707
  -0.01501
   0.04454
  -0.00714
  -0.04098
   0.02753
   0.02729
  -0.04110
  -0.00685
   0.04451
  -0.01529
  -0.03690
   0.03364
   0.02017
  -0.04368
   0.00155
   0.04290
  -0.02289
  -0.03152
   0.03857
   0.01233
  -0.04470
   0.00990
   0.03978
  -0.02969
  -0.02501
   0.04213
   0.00406
  -0.04415
   0.01790
   0.03525
  -0.03543
  -0.01762
   0.04419
  -0.00436
  -0.04203
   0.02526
   0.02946
  -0.03991
  -0.00961
   0.04469
  -0.01262
  -0.03842
   0.03173
   0.02264
  -0.04299
  -0.00126
   0.04361
  -0.02044
  -0.03345
   0.03707
   0.01501
  -0.04454
   0.00714
   0.04098
  -0.02753
  -0.02729
   0.04110
   0.00685
  -0.04451
   0.01529
   0.03690
  -0.03364
  -0.02017
   0.04368
  -0.00155
  -0.04290
   0.02289
   0.03152
  -0.03857
  -0.01233
   0.04470
  -0.00990
  -0.03978
   0.02969
   0.02501
  -0.04213
  -0.00406
   0.04415
  -0.01790
  -0.03525
   0.03543
   0.01762
  -0.04419
   0.00436
   0.04203
  -0.02526
  -0.02946
   0.03991
   0.00961
  -0.04469
   0.01262
   0.03842
  -0.03173
  -0.02264
   0.04299
   0.00126
  -0.04361
   0.02044
   0.03345
  -0.03707
  -0.01501
   0.04454
  -0.00714
  -0.04098
   0.02753
   0.02729
  -0.04110
  -0.00685
   0.04451
  -0.01529
  -0.03690
   0.03364
   0.02017
  -0.04368
   0.00155
   0.04290
  -0.02289
  -0.03152
   0.03857
   0.01233
  -0.04470
   0.00990
   0.03978
  -0.02969
  -0.02501
   0.04213
   0.00406
  -0.04415
   0.01790
   0.03525
  -0.03543
  -0.01762
   0.04419
  -0.00436
  -0.04203
   0.02526
   0.02946
  -0.03991
  -0.00961
   0.04469
  -0.01262
  -0.03842
   0.03173
   0.02264
  -0.04299
  -0.00126
   0.04361
  -0.02044
  -0.03345
   0.03707
   0.01501
  -0.04454
   0.00714
   0.04098
  -0.02753
  -0.02729
   0.04110
   0.00685
  -0.04451
   0.01529
   0.03690
  -0.03364
  -0.02017
   0.04368
  -0.00155
  -0.04290
   0.02289
   0.03152
  -0.03857
  -0.01233
   0.04470
  -0.00990
  -0.03978
   0.02969
   0.02501
  -0.04213
  -0.00406
   0.04415
  -0.01790
  -0.03525
   0.03543
   0.01762
  -0.04419
   0.00436
   0.04203
  -0.02526
  -0.02946
   0.03991
   0.00961
  -0.04469
   0.01262
   0.03842
  -0.03173
  -0.02264
   0.04299
   0.00126
  -0.04361
   0.02044
   0.03345
  -0.03707
  -0.01501
   0.04454
  -0.00714
  -0.04098
   0.02753
   0.02729
  -0.04110
  -0.00685
   0.04451
  -0.01529
  -0.03690
   0.03364
   0.02017
  -0.04368
   0.00155
   0.04290
  -0.02289
  -0.03152
   0.03857
   0.01233
  -0.04470
   0.00990
   0.03978
  -0.02969
  -0.02501
   0.04213
   0.00406
  -0.04415
   0.01790
   0.03525
  -0.03543
  -0.01762
   0.04419
  -0.00436
  -0.04203
   0.02526
   0.02946
  -0.03991
  -0.00961
   0.04469
  -0.01262
  -0.03842
   0.03173
   0.02264
  -0.04299
  -0.00126
   0.04361
  -0.02044
  -0.03345
   0.03707
   0.01501
  -0.04454
   0.00714
   0.04098
  -0.02753
  -0.02729
   0.04110
   0.00685
  -0.04451
   0.01529
   0.03690
  -0.03364
  -0.02017
   0.04368
  -0.00155
  -0.04290
   0.02289
   0.03152
  -0.03857
  -0.01233
   0.04470
  -0.00990
  -0.03978
   0.02969
   0.02501
  -0.04213
  -0.00406
   0.04415
  -0.01790
  -0.03525
   0.03543
   0.01762
  -0.04419
   0.00436
   0.04203
  -0.02526
  -0.02946
   0.03991
   0.00961
  -0.04469
   0.01262
   0.03842
  -0.03173
  -0.02264
   0.04299
   0.00126
  -0.04361
   0.02044
   0.03345
  -0.03707
  -0.01501
   0.04454
  -0.00714
  -0.04098
   0.02753
   0.02729
  -0.04110
  -0.00685
   0.04451
  -0.01529
  -0.03690
   0.03364
   0.02017
  -0.04368
   0.00155
   0.04290
  -0.02289
  -0.03152
   0.03857
   0.01233
  -0.04470
   0.00990
   0.03978
  -0.02969
  -0.02501
   0.04213
   0.00406
  -0.04415
   0.01790
   0.03525
  -0.03543
  -0.01762
   0.04419
  -0.00436
  -0.04203
   0.02526
   0.02946
  -0.03991
  -0.00961
   0.04469
  -0.01262
  -0.03842
   0.03173
   0.02264
  -0.04299
  -0.00126
   0.04361
  -0.02044
  -0.03345
   0.03707
   0.01501
  -0.04454
   0.00714
   0.04098
  -0.02753
  -0.02729
   0.04110
   0.00685
  -0.04451
   0.01529
   0.03690
  -0.03364
  -0.02017
   0.04368
  -0.00155
  -0.04290
   0.02289
   0.03152
  -0.03857
  -0.01233
   0.04470
  -0.00990
  -0.03978
   0.02969
   0.02501
  -0.04213
  -0.00406
   0.04415
  -0.01790
  -0.03525
   0.03543
   0.01762
  -0.04419
   0.00436
   0.04203
  -0.02526
  -0.02946
   0.03991
   0.00961
  -0.04469
   0.01262
   0.03842
  -0.03173
  -0.02264
   0.04299
   0.00126
  -0.04361
   0.02044
   0.03345
  -0.03707
  -0.01501
   0.04454
  -0.00714
  -0.04098
   0.02753
   0.02729
  -0.04110
  -0.00685
   0.04451
  -0.01529
  -0.03690
   0.03364
   0.02017
  -0.04368
   0.00155
   0.04290
  -0.02289
  -0.03152
   0.03857
   0.01233
  -0.04470
   0.00990
   0.03978
  -0.02969
  -0.02501
   0.04213
   0.00406
  -0.04415
   0.01790
   0.03525
  -0.03543
  -0.01762
   0.04419
  -0.00436
  -0.04203
   0.02526
   0.02946
  -0.03991
  -0.00961
   0.04469
  -0.01262
  -0.03842
   0.03173
   0.02264
  -0.04299
  -0.00126
   0.04361
  -0.02044
  -0.03345
   0.03707
   0.01501
  -0.04454
   0.00714
   0.04098
  -0.02753
  -0.02729
   0.04110
   0.00685
  -0.04451
   0.01529
   0.03690
  -0.03364
  -0.02017
   0.04368
  -0.00155
  -0.04290
   0.02289
   0.03152
  -0.03857
  -0.01233
   0.04470
  -0.00990
  -0.03978
   0.02969
   0.02501
  -0.04213
  -0.00406
   0.04415
  -0.01790
  -0.03525
   0.03543
   0.01762
  -0.04419
   0.00436
   0.04203
  -0.02526
  -0.02946
   0.03991
   0.00961
  -0.04469
   0.01262
   0.03842
  -0.03173
  -0.02264
   0.04299
   0.00126
  -0.04361
   0.02044
   0.03345
  -0.03707
  -0.01501
   0.04454
  -0.00714
  -0.04098
   0.02753
   0.02729
  -0.04110
  -0.00685
   0.04451
  -0.01529
  -0.03690
   0.03364
   0.02017
  -0.04368
   0.00155
   0.04290
  -0.02289
  -0.03152
   0.03857
   0.01233
  -0.04470
   0.00990
   0.03978
  -0.02969
  -0.02501
   0.04213
   0.00406
  -0.04415
   0.01790
   0.03525
  -0.03543
  -0.01762
   0.04419
  -0.00436
  -0.04203
   0.02526
   0.02946
  -0.03991
  -0.00961
   0.04469
  -0.01262
  -0.03842
   0.03173
   0.02264
  -0.04299
  -0.00126
   0.04361
  -0.02044
  -0.03345
   0.03707
   0.01501
  -0.04454
   0.00714
   0.04098
  -0.02753
  -0.02729
   0.04110
   0.00685
  -0.04451
   0.01529
   0.03690
  -0.03364
  -0.02017
   0.04368
  -0.00155
  -0.04290
   0.02289
   0.03152
  -0.03857
  -0.01233
   0.04470
  -0.00990
  -0.03978
   0.02969
   0.02501
  -0.04213
  -0.00406
   0.04415
  -0.01790
  -0.03525
   0.03543
   0.01762
  -0.04419
   0.00436
   0.04203
  -0.02526
  -0.02946
   0.03991
   0.00961
  -0.04469
   0.01262
   0.03842
  -0.03173
  -0.02264
   0.04299
   0.00126
  -0.04361
   0.02044
   0.03345
  -0.03707
  -0.01501
   0.04454
  -0.00714
  -0.04098
   0.02753
   0.02729
  -0.04110
  -0.00685
   0.04451
  -0.01529
  -0.03690
   0.03364
   0.02017
  -0.04368
   0.00155
   0.04290
  -0.02289
  -0.03152
   0.03857
   0.01233
  -0.04470
   0.00990
   0.03978
  -0.02969
  -0.02501
   0.04213
   0.00406
  -0.04415
   0.01790
   0.03525
  -0.03543
  -0.01762
   0.04419
  -0.00436
  -0.04203
   0.02526
   0.02946
  -0.03991
  -0.00961
   0.04469
  -0.01262
  -0.03842
   0.03173
   0.02264
  -0.04299
  -0.00126
   0.04361
  -0.02044
  -0.03345
   0.03707
   0.01501
  -0.04454
   0.00714
   0.04098
  -0.02753
  -0.02729
   0.04110
   0.00685
  -0.04451
   0.01529
   0.03690
  -0.03364
  -0.02017
   0.04368
  -0.00155
  -0.04290
   0.02289
   0.03152
  -0.03857
  -0.01233
   0.04470
  -0.00990
  -0.03978
   0.02969
   0.02501
  -0.04213
  -0.00406
   0.04415
  -0.01790
  -0.03525
   0.03543
   0.01762
  -0.04419
   0.00436
   0.04203
  -0.02526
  -0.02946
   0.03991
   0.00961
  -0.04469
   0.01262
   0.03842
  -0.03173
  -0.02264
   0.04299
   0.00126
  -0.04361
   0.02044
   0.03345
  -0.03707
  -0.01501
   0.04454
  -0.00714
  -0.04098
   0.02753
   0.02729
  -0.04110
  -0.00685
   0.04451
  -0.01529
  -0.03690
   0.03364
   0.02017
  -0.04368
   0.00155
   0.04290
  -0.02289
  -0.03152
   0.03857
   0.01233
  -0.04470
   0.00990
   0.03978
  -0.02969
  -0.02501
   0.04213
   0.00406
  -0.04415
   0.01790
   0.03525
  -0.03543
  -0.01762
   0.04419
  -0.00436
  -0.04203
   0.02526
   0.02946
  -0.03991
  -0.00961
   0.04469
  -0.01262
  -0.03842
   0.03173
   0.02264
  -0.04299
  -0.00126
   0.04361
  -0.02044
  -0.03345
   0.03707
   0.01501
  -0.04454
   0.00714
   0.04098
  -0.02753
  -0.02729
   0.04110
   0.00685
  -0.04451
   0.01529
   0.03690
  -0.03364
  -0.02017
   0.04368
  -0.00155
  -0.04290
   0.02289
   0.03152
  -0.03857
  -0.01233
   0.04470
  -0.00990
  -0.03978
   0.02969
   0.02501
  -0.04213
  -0.00406
   0.04415
  -0.01790
  -0.03525
   0.03543
   0.01762
  -0.04419
   0.00436
   0.04203
  -0.02526
  -0.02946
   0.03991
   0.00961
  -0.04469
   0.01262
   0.03842
  -0.03173
  -0.02264
   0.04299
   0.00126
  -0.04361
   0.02044
   0.03345
  -0.03707
  -0.01501
   0.04454
  -0.00714
  -0.04098
   0.02753
   0.02729
  -0.04110
  -0.00685
   0.04451
  -0.01529
  -0.03690
   0.03364
   0.02017
  -0.04368
   0.00155
   0.04290
  -0.02289
  -0.03152
   0.03857
   0.01233
  -0.04470
   0.00990
   0.03978
  -0.02969
  -0.02501
   0.04213
   0.00406
  -0.04415
   0.01790
   0.03525
  -0.03543
  -0.01762
   0.04419
  -0.00436
  -0.04203
   0.02526
   0.02946
  -0.03991
  -0.00961
   0.04469
  -0.01262
  -0.03842
   0.03173
   0.02264
  -0.04299
  -0.00126
   0.04361
  -0.02044
  -0.03345
   0.03707
   0.01501
  -0.04454
   0.00714
   0.04098
  -0.02753
  -0.02729
   0.04110
   0.00685
  -0.04451
   0.01529
   0.03690
  -0.03364
  -0.02017
   0.04368
  -0.00155
  -0.04290
   0.02289
   0.03152
  -0.03857
  -0.01233
   0.04470
  -0.00990
  -0.03978
   0.02969
   0.02501
  -0.04213
  -0.00406
   0.04415
  -0.01790
  -0.03525
   0.03543
   0.01762
  -0.04419
   0.00436
   0.04203
  -0.02526
  -0.02946
   0.03991
   0.00961
  -0.04469
   0.01262
   0.03842
  -0.03173
  -0.02264
   0.04299
   0.00126
  -0.04361
   0.02044
   0.03345
  -0.03707
  -0.01501
   0.04454
  -0.00714
  -0.04098
   0.02753
   0.02729
  -0.04110
  -0.00685
   0.04451
  -0.01529
  -0.03690
   0.03364
   0.02017
  -0.04368
   0.00155
   0.04290
  -0.02289
  -0.03152
   0.03857
   0.01233
  -0.04470
   0.00990
   0.03978
  -0.02969
  -0.02501
   0.04213
