  -0.01763
   0.03051
   0.04222
   0.00351
  -0.03939
  -0.03525
   0.01098
   0.04410
   0.02455
  -0.02432
  -0.04415
  -0.01126
   0.03508
   0.03952
  -0.00323
  -0.04212
  -0.03072
   0.01737
   0.04472
   0.01866
  -0.02968
  -0.04258
  -0.00463
   0.03885
   0.03593
  -0.00989
  -0.04390
  -0.02549
   0.02336
   0.04431
   0.01234
  -0.03437
  -0.04004
   0.00210
   0.04173
   0.03152
  -0.01633
  -0.04468
  -0.01968
   0.02883
   0.04291
   0.00575
  -0.03828
  -0.03659
   0.00879
   0.04367
   0.02640
  -0.02240
  -0.04445
  -0.01342
   0.03364
   0.04053
  -0.00098
  -0.04132
  -0.03231
   0.01528
   0.04462
   0.02068
  -0.02796
  -0.04321
  -0.00686
   0.03768
   0.03722
  -0.00769
  -0.04342
  -0.02730
   0.02142
   0.04456
   0.01449
  -0.03289
  -0.04099
  -0.00014
   0.04087
   0.03308
  -0.01422
  -0.04454
  -0.02167
   0.02707
   0.04349
   0.00797
  -0.03707
  -0.03784
   0.00658
   0.04314
   0.02818
  -0.02043
  -0.04464
  -0.01555
   0.03211
   0.04142
   0.00127
  -0.04040
  -0.03382
   0.01315
   0.04442
   0.02265
  -0.02617
  -0.04373
  -0.00907
   0.03643
   0.03842
  -0.00546
  -0.04283
  -0.02905
   0.01942
   0.04469
   0.01660
  -0.03132
  -0.04184
  -0.00239
   0.03991
   0.03455
  -0.01207
  -0.04427
  -0.02361
   0.02525
   0.04396
   0.01017
  -0.03576
  -0.03899
   0.00435
   0.04249
   0.02989
  -0.01840
  -0.04472
  -0.01763
   0.03051
   0.04222
   0.00351
  -0.03939
  -0.03525
   0.01098
   0.04410
   0.02455
  -0.02432
  -0.04415
  -0.01126
   0.03508
   0.03952
  -0.00323
  -0.04212
  -0.03072
   0.01737
   0.04472
   0.01866
  -0.02968
  -0.04258
  -0.00463
   0.03885
   0.03593
  -0.00989
  -0.04390
  -0.02549
   0.02336
   0.04431
   0.01234
  -0.03437
  -0.04004
   0.00210
   0.04173
   0.03152
  -0.01633
  -0.04468
  -0.01968
   0.02883
   0.04291
   0.00575
  -0.03828
  -0.03659
   0.00879
   0.04367
   0.02640
  -0.02240
  -0.04445
  -0.01342
   0.03364
   0.04053
  -0.00098
  -0.04132
  -0.03231
   0.01528
   0.04462
   0.02068
  -0.02796
  -0.04321
  -0.00686
   0.03768
   0.03722
  -0.00769
  -0.04342
  -0.02730
   0.02142
   0.04456
   0.01449
  -0.03289
  -0.04099
  -0.00014
   0.04087
   0.03308
  -0.01422
  -0.04454
  -0.02167
   0.02707
   0.04349
   0.00797
  -0.03707
  -0.03784
   0.00658
   0.04314
   0.02818
  -0.02043
  -0.04464
  -0.01555
   0.03211
   0.04142
   0.00127
  -0.04040
  -0.03382
   0.01315
   0.04442
   0.02265
  -0.02617
  -0.04373
  -0.00907
   0.03643
   0.03842
  -0.00546
  -0.04283
  -0.02905
   0.01942
   0.04469
   0.01660
  -0.03132
  -0.04184
  -0.00239
   0.03991
   0.03455
  -0.01207
  -0.04427
  -0.02361
   0.02525
   0.04396
   0.01017
  -0.03576
  -0.03899
   0.00435
   0.04249
   0.02989
  -0.01840
  -0.04472
  -0.01763
   0.03051
   0.04222
   0.00351
  -0.03939
  -0.03525
   0.01098
   0.04410
   0.02455
  -0.02432
  -0.04415
  -0.01126
   0.03508
   0.03952
  -0.00323
  -0.04212
  -0.03072
   0.01737
   0.04472
   0.01866
  -0.02968
  -0.04258
  -0.00463
   0.03885
   0.03593
  -0.00989
  -0.04390
  -0.02549
   0.02336
   0.04431
   0.01234
  -0.03437
  -0.04004
   0.00210
   0.04173
   0.03152
  -0.01633
  -0.04468
  -0.01968
   0.02883
   0.04291
   0.00575
  -0.03828
  -0.03659
   0.00879
   0.04367
   0.02640
  -0.02240
  -0.04445
  -0.01342
   0.03364
   0.04053
  -0.00098
  -0.04132
  -0.03231
   0.01528
   0.04462
   0.02068
  -0.02796
  -0.04321
  -0.00686
   0.03768
   0.03722
  -0.00769
  -0.04342
  -0.02730
   0.02142
   0.04456
   0.01449
  -0.03289
  -0.04099
  -0.00014
   0.04087
   0.03308
  -0.01422
  -0.04454
  -0.02167
   0.02707
   0.04349
   0.00797
  -0.03707
  -0.03784
   0.00658
   0.04314
   0.02818
  -0.02043
  -0.04464
  -0.01555
   0.03211
   0.04142
   0.00127
  -0.04040
  -0.03382
   0.01315
   0.04442
   0.02265
  -0.02617
  -0.04373
  -0.00907
   0.03643
   0.03842
  -0.00546
  -0.04283
  -0.02905
   0.01942
   0.04469
   0.01660
  -0.03132
  -0.04184
  -0.00239
   0.03991
   0.03455
  -0.01207
  -0.04427
  -0.02361
   0.02525
   0.04396
   0.01017
  -0.03576
  -0.03899
   0.00435
   0.04249
   0.02989
  -0.01840
  -0.04472
  -0.01763
   0.03051
   0.04222
   0.00351
  -0.03939
  -0.03525
   0.01098
   0.04410
   0.02455
  -0.02432
  -0.04415
  -0.01126
   0.03508
   0.03952
  -0.00323
  -0.04212
  -0.03072
   0.01737
   0.04472
   0.01866
  -0.02968
  -0.04258
  -0.00463
   0.03885
   0.03593
  -0.00989
  -0.04390
  -0.02549
   0.02336
   0.04431
   0.01234
  -0.03437
  -0.04004
   0.00210
   0.04173
   0.03152
  -0.01633
  -0.04468
  -0.01968
   0.02883
   0.04291
   0.00575
  -0.03828
  -0.03659
   0.00879
   0.04367
   0.02640
  -0.02240
  -0.04445
  -0.01342
   0.03364
   0.04053
  -0.00098
  -0.04132
  -0.03231
   0.01528
   0.04462
   0.02068
  -0.02796
  -0.04321
  -0.00686
   0.03768
   0.03722
  -0.00769
  -0.04342
  -0.02730
   0.02142
   0.04456
   0.01449
  -0.03289
  -0.04099
  -0.00014
   0.04087
   0.03308
  -0.01422
  -0.04454
  -0.02167
   0.02707
   0.04349
   0.00797
  -0.03707
  -0.03784
   0.00658
   0.04314
   0.02818
  -0.02043
  -0.04464
  -0.01555
   0.03211
   0.04142
   0.00127
  -0.04040
  -0.03382
   0.01315
   0.04442
   0.02265
  -0.02617
  -0.04373
  -0.00907
   0.03643
   0.03842
  -0.00546
  -0.04283
  -0.02905
   0.01942
   0.04469
   0.01660
  -0.03132
  -0.04184
  -0.00239
   0.03991
   0.03455
  -0.01207
  -0.04427
  -0.02361
   0.02525
   0.04396
   0.01017
  -0.03576
  -0.03899
   0.00435
   0.04249
   0.02989
  -0.01840
  -0.04472
  -0.01763
   0.03051
   0.04222
   0.00351
  -0.03939
  -0.03525
   0.01098
   0.04410
   0.02455
  -0.02432
  -0.04415
  -0.01126
   0.03508
   0.03952
  -0.00323
  -0.04212
  -0.03072
   0.01737
   0.04472
   0.01866
  -0.02968
  -0.04258
  -0.00463
   0.03885
   0.03593
  -0.00989
  -0.04390
  -0.02549
   0.02336
   0.04431
   0.01234
  -0.03437
  -0.04004
   0.00210
   0.04173
   0.03152
  -0.01633
  -0.04468
  -0.01968
   0.02883
   0.04291
   0.00575
  -0.03828
  -0.03659
   0.00879
   0.04367
   0.02640
  -0.02240
  -0.04445
  -0.01342
   0.03364
   0.04053
  -0.00098
  -0.04132
  -0.03231
   0.01528
   0.04462
   0.02068
  -0.02796
  -0.04321
  -0.00686
   0.03768
   0.03722
  -0.00769
  -0.04342
  -0.02730
   0.02142
   0.04456
   0.01449
  -0.03289
  -0.04099
  -0.00014
   0.04087
   0.03308
  -0.01422
  -0.04454
  -0.02167
   0.02707
   0.04349
   0.00797
  -0.03707
  -0.03784
   0.00658
   0.04314
   0.02818
  -0.02043
  -0.04464
  -0.01555
   0.03211
   0.04142
   0.00127
  -0.04040
  -0.03382
   0.01315
   0.04442
   0.02265
  -0.02617
  -0.04373
  -0.00907
   0.03643
   0.03842
  -0.00546
  -0.04283
  -0.02905
   0.01942
   0.04469
   0.01660
  -0.03132
  -0.04184
  -0.00239
   0.03991
   0.03455
  -0.01207
  -0.04427
  -0.02361
   0.02525
   0.04396
   0.01017
  -0.03576
  -0.03899
   0.00435
   0.04249
   0.02989
  -0.01840
  -0.04472
  -0.01763
   0.03051
   0.04222
   0.00351
  -0.03939
  -0.03525
   0.01098
   0.04410
   0.02455
  -0.02432
  -0.04415
  -0.01126
   0.03508
   0.03952
  -0.00323
  -0.04212
  -0.03072
   0.01737
   0.04472
   0.01866
  -0.02968
  -0.04258
  -0.00463
   0.03885
   0.03593
  -0.00989
  -0.04390
  -0.02549
   0.02336
   0.04431
   0.01234
  -0.03437
  -0.04004
   0.00210
   0.04173
   0.03152
  -0.01633
  -0.04468
  -0.01968
   0.02883
   0.04291
   0.00575
  -0.03828
  -0.03659
   0.00879
   0.04367
   0.02640
  -0.02240
  -0.04445
  -0.01342
   0.03364
   0.04053
  -0.00098
  -0.04132
  -0.03231
   0.01528
   0.04462
   0.02068
  -0.02796
  -0.04321
  -0.00686
   0.03768
   0.03722
  -0.00769
  -0.04342
  -0.02730
   0.02142
   0.04456
   0.01449
  -0.03289
  -0.04099
  -0.00014
   0.04087
   0.03308
  -0.01422
  -0.04454
  -0.02167
   0.02707
   0.04349
   0.00797
  -0.03707
  -0.03784
   0.00658
   0.04314
   0.02818
  -0.02043
  -0.04464
  -0.01555
   0.03211
   0.04142
   0.00127
  -0.04040
  -0.03382
   0.01315
   0.04442
   0.02265
  -0.02617
  -0.04373
  -0.00907
   0.03643
   0.03842
  -0.00546
  -0.04283
  -0.02905
   0.01942
   0.04469
   0.01660
  -0.03132
  -0.04184
  -0.00239
   0.03991
   0.03455
  -0.01207
  -0.04427
  -0.02361
   0.02525
   0.04396
   0.01017
  -0.03576
  -0.03899
   0.00435
   0.04249
   0.02989
  -0.01840
  -0.04472
  -0.01763
   0.03051
   0.04222
   0.00351
  -0.03939
  -0.03525
   0.01098
   0.04410
   0.02455
  -0.02432
  -0.04415
  -0.01126
   0.03508
   0.03952
  -0.00323
  -0.04212
  -0.03072
   0.01737
   0.04472
   0.01866
  -0.02968
  -0.04258
  -0.00463
   0.03885
   0.03593
  -0.00989
  -0.04390
  -0.02549
   0.02336
   0.04431
   0.01234
  -0.03437
  -0.04004
   0.00210
   0.04173
   0.03152
  -0.01633
  -0.04468
  -0.01968
   0.02883
   0.04291
   0.00575
  -0.03828
  -0.03659
   0.00879
   0.04367
   0.02640
  -0.02240
  -0.04445
  -0.01342
   0.03364
   0.04053
  -0.00098
  -0.04132
  -0.03231
   0.01528
   0.04462
   0.02068
  -0.02796
  -0.04321
  -0.00686
   0.03768
   0.03722
  -0.00769
  -0.04342
  -0.02730
   0.02142
   0.04456
   0.01449
  -0.03289
  -0.04099
  -0.00014
   0.04087
   0.03308
  -0.01422
  -0.04454
  -0.02167
   0.02707
   0.04349
   0.00797
  -0.03707
  -0.03784
   0.00658
   0.04314
   0.02818
  -0.02043
  -0.04464
  -0.01555
   0.03211
   0.04142
   0.00127
  -0.04040
  -0.03382
   0.01315
   0.04442
   0.02265
  -0.02617
  -0.04373
  -0.00907
   0.03643
   0.03842
  -0.00546
  -0.04283
  -0.02905
   0.01942
   0.04469
   0.01660
  -0.03132
  -0.04184
  -0.00239
   0.03991
   0.03455
  -0.01207
  -0.04427
  -0.02361
   0.02525
   0.04396
   0.01017
  -0.03576
  -0.03899
   0.00435
   0.04249
   0.02989
  -0.01840
  -0.04472
  -0.01763
   0.03051
   0.04222
   0.00351
  -0.03939
  -0.03525
   0.01098
   0.04410
   0.02455
  -0.02432
  -0.04415
  -0.01126
   0.03508
   0.03952
  -0.00323
  -0.04212
  -0.03072
   0.01737
   0.04472
   0.01866
  -0.02968
  -0.04258
  -0.00463
   0.03885
   0.03593
  -0.00989
  -0.04390
  -0.02549
   0.02336
   0.04431
   0.01234
  -0.03437
  -0.04004
   0.00210
   0.04173
   0.03152
  -0.01633
  -0.04468
  -0.01968
   0.02883
   0.04291
   0.00575
  -0.03828
  -0.03659
   0.00879
   0.04367
   0.02640
  -0.02240
  -0.04445
  -0.01342
   0.03364
   0.04053
  -0.00098
  -0.04132
  -0.03231
   0.01528
   0.04462
   0.02068
  -0.02796
  -0.04321
  -0.00686
   0.03768
   0.03722
  -0.00769
  -0.04342
  -0.02730
   0.02142
   0.04456
   0.01449
  -0.03289
  -0.04099
  -0.00014
   0.04087
   0.03308
  -0.01422
  -0.04454
  -0.02167
   0.02707
   0.04349
   0.00797
  -0.03707
  -0.03784
   0.00658
   0.04314
   0.02818
  -0.02043
  -0.04464
  -0.01555
   0.03211
   0.04142
   0.00127
  -0.04040
  -0.03382
   0.01315
   0.04442
   0.02265
  -0.02617
  -0.04373
  -0.00907
   0.03643
   0.03842
  -0.00546
  -0.04283
  -0.02905
   0.01942
   0.04469
   0.01660
  -0.03132
  -0.04184
  -0.00239
   0.03991
   0.03455
  -0.01207
  -0.04427
  -0.02361
   0.02525
   0.04396
   0.01017
  -0.03576
  -0.03899
   0.00435
   0.04249
   0.02989
  -0.01840
  -0.04472
