   0.04263
   0.02418
  -0.03001
  -0.03983
   0.00923
   0.04465
   0.01406
  -0.03732
  -0.03353
   0.01982
   0.04387
   0.00306
  -0.04227
  -0.02511
   0.02917
   0.04033
  -0.00813
  -0.04457
  -0.01512
   0.03668
   0.03426
  -0.01881
  -0.04407
  -0.00418
   0.04189
   0.02604
  -0.02831
  -0.04081
   0.00702
   0.04447
   0.01618
  -0.03603
  -0.03497
   0.01779
   0.04425
   0.00530
  -0.04149
  -0.02694
   0.02743
   0.04125
  -0.00591
  -0.04434
  -0.01722
   0.03535
   0.03566
  -0.01675
  -0.04440
  -0.00641
   0.04105
   0.02783
  -0.02654
  -0.04167
   0.00479
   0.04417
   0.01825
  -0.03465
  -0.03633
   0.01570
   0.04452
   0.00752
  -0.04060
  -0.02870
   0.02562
   0.04207
  -0.00368
  -0.04399
  -0.01927
   0.03393
   0.03697
  -0.01464
  -0.04461
  -0.00863
   0.04011
   0.02955
  -0.02469
  -0.04244
   0.00255
   0.04377
   0.02028
  -0.03319
  -0.03759
   0.01358
   0.04468
   0.00973
  -0.03960
  -0.03039
   0.02375
   0.04278
  -0.00143
  -0.04352
  -0.02127
   0.03243
   0.03819
  -0.01250
  -0.04471
  -0.01082
   0.03907
   0.03120
  -0.02279
  -0.04309
   0.00031
   0.04325
   0.02226
  -0.03164
  -0.03876
   0.01142
   0.04472
   0.01191
  -0.03851
  -0.03200
   0.02181
   0.04338
   0.00082
  -0.04295
  -0.02322
   0.03084
   0.03931
  -0.01033
  -0.04470
  -0.01299
   0.03792
   0.03277
  -0.02083
  -0.04364
  -0.00194
   0.04263
   0.02418
  -0.03001
  -0.03983
   0.00923
   0.04465
   0.01406
  -0.03732
  -0.03353
   0.01982
   0.04387
   0.00306
  -0.04227
  -0.02511
   0.02917
   0.04033
  -0.00813
  -0.04457
  -0.01512
   0.03668
   0.03426
  -0.01881
  -0.04407
  -0.00418
   0.04189
   0.02604
  -0.02831
  -0.04081
   0.00702
   0.04447
   0.01618
  -0.03603
  -0.03497
   0.01779
   0.04425
   0.00530
  -0.04149
  -0.02694
   0.02743
   0.04125
  -0.00591
  -0.04434
  -0.01722
   0.03535
   0.03566
  -0.01675
  -0.04440
  -0.00641
   0.04105
   0.02783
  -0.02654
  -0.04167
   0.00479
   0.04417
   0.01825
  -0.03465
  -0.03633
   0.01570
   0.04452
   0.00752
  -0.04060
  -0.02870
   0.02562
   0.04207
  -0.00368
  -0.04399
  -0.01927
   0.03393
   0.03697
  -0.01464
  -0.04461
  -0.00863
   0.04011
   0.02955
  -0.02469
  -0.04244
   0.00255
   0.04377
   0.02028
  -0.03319
  -0.03759
   0.01358
   0.04468
   0.00973
  -0.03960
  -0.03039
   0.02375
   0.04278
  -0.00143
  -0.04352
  -0.02127
   0.03243
   0.03819
  -0.01250
  -0.04471
  -0.01082
   0.03907
   0.03120
  -0.02279
  -0.04309
   0.00031
   0.04325
   0.02226
  -0.03164
  -0.03876
   0.01142
   0.04472
   0.01191
  -0.03851
  -0.03200
   0.02181
   0.04338
   0.00082
  -0.04295
  -0.02322
   0.03084
   0.03931
  -0.01033
  -0.04470
  -0.01299
   0.03792
   0.03277
  -0.02083
  -0.04364
  -0.00194
   0.04263
   0.02418
  -0.03001
  -0.03983
   0.00923
   0.04465
   0.01406
  -0.03732
  -0.03353
   0.01982
   0.04387
   0.00306
  -0.04227
  -0.02511
   0.02917
   0.04033
  -0.00813
  -0.04457
  -0.01512
   0.03668
   0.03426
  -0.01881
  -0.04407
  -0.00418
   0.04189
   0.02604
  -0.02831
  -0.04081
   0.00702
   0.04447
   0.01618
  -0.03603
  -0.03497
   0.01779
   0.04425
   0.00530
  -0.04149
  -0.02694
   0.02743
   0.04125
  -0.00591
  -0.04434
  -0.01722
   0.03535
   0.03566
  -0.01675
  -0.04440
  -0.00641
   0.04105
   0.02783
  -0.02654
  -0.04167
   0.00479
   0.04417
   0.01825
  -0.03465
  -0.03633
   0.01570
   0.04452
   0.00752
  -0.04060
  -0.02870
   0.02562
   0.04207
  -0.00368
  -0.04399
  -0.01927
   0.03393
   0.03697
  -0.01464
  -0.04461
  -0.00863
   0.04011
   0.02955
  -0.02469
  -0.04244
   0.00255
   0.04377
   0.02028
  -0.03319
  -0.03759
   0.01358
   0.04468
   0.00973
  -0.03960
  -0.03039
   0.02375
   0.04278
  -0.00143
  -0.04352
  -0.02127
   0.03243
   0.03819
  -0.01250
  -0.04471
  -0.01082
   0.03907
   0.03120
  -0.02279
  -0.04309
   0.00031
   0.04325
   0.02226
  -0.03164
  -0.03876
   0.01142
   0.04472
   0.01191
  -0.03851
  -0.03200
   0.02181
   0.04338
   0.00082
  -0.04295
  -0.02322
   0.03084
   0.03931
  -0.01033
  -0.04470
  -0.01299
   0.03792
   0.03277
  -0.02083
  -0.04364
  -0.00194
   0.04263
   0.02418
  -0.03001
  -0.03983
   0.00923
   0.04465
   0.01406
  -0.03732
  -0.03353
   0.01982
   0.04387
   0.00306
  -0.04227
  -0.02511
   0.02917
   0.04033
  -0.00813
  -0.04457
  -0.01512
   0.03668
   0.03426
  -0.01881
  -0.04407
  -0.00418
   0.04189
   0.02604
  -0.02831
  -0.04081
   0.00702
   0.04447
   0.01618
  -0.03603
  -0.03497
   0.01779
   0.04425
   0.00530
  -0.04149
  -0.02694
   0.02743
   0.04125
  -0.00591
  -0.04434
  -0.01722
   0.03535
   0.03566
  -0.01675
  -0.04440
  -0.00641
   0.04105
   0.02783
  -0.02654
  -0.04167
   0.00479
   0.04417
   0.01825
  -0.03465
  -0.03633
   0.01570
   0.04452
   0.00752
  -0.04060
  -0.02870
   0.02562
   0.04207
  -0.00368
  -0.04399
  -0.01927
   0.03393
   0.03697
  -0.01464
  -0.04461
  -0.00863
   0.04011
   0.02955
  -0.02469
  -0.04244
   0.00255
   0.04377
   0.02028
  -0.03319
  -0.03759
   0.01358
   0.04468
   0.00973
  -0.03960
  -0.03039
   0.02375
   0.04278
  -0.00143
  -0.04352
  -0.02127
   0.03243
   0.03819
  -0.01250
  -0.04471
  -0.01082
   0.03907
   0.03120
  -0.02279
  -0.04309
   0.00031
   0.04325
   0.02226
  -0.03164
  -0.03876
   0.01142
   0.04472
   0.01191
  -0.03851
  -0.03200
   0.02181
   0.04338
   0.00082
  -0.04295
  -0.02322
   0.03084
   0.03931
  -0.01033
  -0.04470
  -0.01299
   0.03792
   0.03277
  -0.02083
  -0.04364
  -0.00194
   0.04263
   0.02418
  -0.03001
  -0.03983
   0.00923
   0.04465
   0.01406
  -0.03732
  -0.03353
   0.01982
   0.04387
   0.00306
  -0.04227
  -0.02511
   0.02917
   0.04033
  -0.00813
  -0.04457
  -0.01512
   0.03668
   0.03426
  -0.01881
  -0.04407
  -0.00418
   0.04189
   0.02604
  -0.02831
  -0.04081
   0.00702
   0.04447
   0.01618
  -0.03603
  -0.03497
   0.01779
   0.04425
   0.00530
  -0.04149
  -0.02694
   0.02743
   0.04125
  -0.00591
  -0.04434
  -0.01722
   0.03535
   0.03566
  -0.01675
  -0.04440
  -0.00641
   0.04105
   0.02783
  -0.02654
  -0.04167
   0.00479
   0.04417
   0.01825
  -0.03465
  -0.03633
   0.01570
   0.04452
   0.00752
  -0.04060
  -0.02870
   0.02562
   0.04207
  -0.00368
  -0.04399
  -0.01927
   0.03393
   0.03697
  -0.01464
  -0.04461
  -0.00863
   0.04011
   0.02955
  -0.02469
  -0.04244
   0.00255
   0.04377
   0.02028
  -0.03319
  -0.03759
   0.01358
   0.04468
   0.00973
  -0.03960
  -0.03039
   0.02375
   0.04278
  -0.00143
  -0.04352
  -0.02127
   0.03243
   0.03819
  -0.01250
  -0.04471
  -0.01082
   0.03907
   0.03120
  -0.02279
  -0.04309
   0.00031
   0.04325
   0.02226
  -0.03164
  -0.03876
   0.01142
   0.04472
   0.01191
  -0.03851
  -0.03200
   0.02181
   0.04338
   0.00082
  -0.04295
  -0.02322
   0.03084
   0.03931
  -0.01033
  -0.04470
  -0.01299
   0.03792
   0.03277
  -0.02083
  -0.04364
  -0.00194
   0.04263
   0.02418
  -0.03001
  -0.03983
   0.00923
   0.04465
   0.01406
  -0.03732
  -0.03353
   0.01982
   0.04387
   0.00306
  -0.04227
  -0.02511
   0.02917
   0.04033
  -0.00813
  -0.04457
  -0.01512
   0.03668
   0.03426
  -0.01881
  -0.04407
  -0.00418
   0.04189
   0.02604
  -0.02831
  -0.04081
   0.00702
   0.04447
   0.01618
  -0.03603
  -0.03497
   0.01779
   0.04425
   0.00530
  -0.04149
  -0.02694
   0.02743
   0.04125
  -0.00591
  -0.04434
  -0.01722
   0.03535
   0.03566
  -0.01675
  -0.04440
  -0.00641
   0.04105
   0.02783
  -0.02654
  -0.04167
   0.00479
   0.04417
   0.01825
  -0.03465
  -0.03633
   0.01570
   0.04452
   0.00752
  -0.04060
  -0.02870
   0.02562
   0.04207
  -0.00368
  -0.04399
  -0.01927
   0.03393
   0.03697
  -0.01464
  -0.04461
  -0.00863
   0.04011
   0.02955
  -0.02469
  -0.04244
   0.00255
   0.04377
   0.02028
  -0.03319
  -0.03759
   0.01358
   0.04468
   0.00973
  -0.03960
  -0.03039
   0.02375
   0.04278
  -0.00143
  -0.04352
  -0.02127
   0.03243
   0.03819
  -0.01250
  -0.04471
  -0.01082
   0.03907
   0.03120
  -0.02279
  -0.04309
   0.00031
   0.04325
   0.02226
  -0.03164
  -0.03876
   0.01142
   0.04472
   0.01191
  -0.03851
  -0.03200
   0.02181
   0.04338
   0.00082
  -0.04295
  -0.02322
   0.03084
   0.03931
  -0.01033
  -0.04470
  -0.01299
   0.03792
   0.03277
  -0.02083
  -0.04364
  -0.00194
   0.04263
   0.02418
  -0.03001
  -0.03983
   0.00923
   0.04465
   0.01406
  -0.03732
  -0.03353
   0.01982
   0.04387
   0.00306
  -0.04227
  -0.02511
   0.02917
   0.04033
  -0.00813
  -0.04457
  -0.01512
   0.03668
   0.03426
  -0.01881
  -0.04407
  -0.00418
   0.04189
   0.02604
  -0.02831
  -0.04081
   0.00702
   0.04447
   0.01618
  -0.03603
  -0.03497
   0.01779
   0.04425
   0.00530
  -0.04149
  -0.02694
   0.02743
   0.04125
  -0.00591
  -0.04434
  -0.01722
   0.03535
   0.03566
  -0.01675
  -0.04440
  -0.00641
   0.04105
   0.02783
  -0.02654
  -0.04167
   0.00479
   0.04417
   0.01825
  -0.03465
  -0.03633
   0.01570
   0.04452
   0.00752
  -0.04060
  -0.02870
   0.02562
   0.04207
  -0.00368
  -0.04399
  -0.01927
   0.03393
   0.03697
  -0.01464
  -0.04461
  -0.00863
   0.04011
   0.02955
  -0.02469
  -0.04244
   0.00255
   0.04377
   0.02028
  -0.03319
  -0.03759
   0.01358
   0.04468
   0.00973
  -0.03960
  -0.03039
   0.02375
   0.04278
  -0.00143
  -0.04352
  -0.02127
   0.03243
   0.03819
  -0.01250
  -0.04471
  -0.01082
   0.03907
   0.03120
  -0.02279
  -0.04309
   0.00031
   0.04325
   0.02226
  -0.03164
  -0.03876
   0.01142
   0.04472
   0.01191
  -0.03851
  -0.03200
   0.02181
   0.04338
   0.00082
  -0.04295
  -0.02322
   0.03084
   0.03931
  -0.01033
  -0.04470
  -0.01299
   0.03792
   0.03277
  -0.02083
  -0.04364
  -0.00194
   0.04263
   0.02418
  -0.03001
  -0.03983
   0.00923
   0.04465
   0.01406
  -0.03732
  -0.03353
   0.01982
   0.04387
   0.00306
  -0.04227
  -0.02511
   0.02917
   0.04033
  -0.00813
  -0.04457
  -0.01512
   0.03668
   0.03426
  -0.01881
  -0.04407
  -0.00418
   0.04189
   0.02604
  -0.02831
  -0.04081
   0.00702
   0.04447
   0.01618
  -0.03603
  -0.03497
   0.01779
   0.04425
   0.00530
  -0.04149
  -0.02694
   0.02743
   0.04125
  -0.00591
  -0.04434
  -0.01722
   0.03535
   0.03566
  -0.01675
  -0.04440
  -0.00641
   0.04105
   0.02783
  -0.02654
  -0.04167
   0.00479
   0.04417
   0.01825
  -0.03465
  -0.03633
   0.01570
   0.04452
   0.00752
  -0.04060
  -0.02870
   0.02562
   0.04207
  -0.00368
  -0.04399
  -0.01927
   0.03393
   0.03697
  -0.01464
  -0.04461
  -0.00863
   0.04011
   0.02955
  -0.02469
  -0.04244
   0.00255
   0.04377
   0.02028
  -0.03319
  -0.03759
   0.01358
   0.04468
   0.00973
  -0.03960
  -0.03039
   0.02375
   0.04278
  -0.00143
  -0.04352
  -0.02127
   0.03243
   0.03819
  -0.01250
  -0.04471
  -0.01082
   0.03907
   0.03120
  -0.02279
  -0.04309
   0.00031
   0.04325
   0.02226
  -0.03164
  -0.03876
   0.01142
   0.04472
   0.01191
  -0.03851
  -0.03200
   0.02181
   0.04338
   0.00082
  -0.04295
  -0.02322
   0.03084
   0.03931
  -0.01033
  -0.04470
  -0.01299
   0.03792
   0.03277
  -0.02083
  -0.04364
  -0.00194
