  -0.01685
   0.02925
  -0.03856
   0.04379
  -0.04439
   0.04029
  -0.03192
   0.02018
  -0.00631
  -0.00824
   0.02191
  -0.03326
   0.04110
  -0.04458
   0.04335
  -0.03754
   0.02775
  -0.01502
   0.00071
   0.01368
  -0.02662
   0.03675
  -0.04298
   0.04467
  -0.04163
   0.03419
  -0.02313
   0.00962
   0.00490
  -0.01891
   0.03092
  -0.03965
   0.04419
  -0.04406
   0.03926
  -0.03031
   0.01815
  -0.00407
  -0.01043
   0.02384
  -0.03472
   0.04193
  -0.04470
   0.04275
  -0.03627
   0.02595
  -0.01289
  -0.00154
   0.01580
  -0.02839
   0.03798
  -0.04355
   0.04451
  -0.04076
   0.03270
  -0.02118
   0.00742
   0.00713
  -0.02092
   0.03250
  -0.04064
   0.04448
  -0.04361
   0.03813
  -0.02862
   0.01608
  -0.00183
  -0.01261
   0.02571
  -0.03609
   0.04266
  -0.04471
   0.04203
  -0.03491
   0.02409
  -0.01072
  -0.00378
   0.01788
  -0.03009
   0.03912
  -0.04401
   0.04424
  -0.03979
   0.03113
  -0.01917
   0.00519
   0.00934
  -0.02288
   0.03400
  -0.04153
   0.04466
  -0.04306
   0.03691
  -0.02686
   0.01396
   0.00042
  -0.01475
   0.02752
  -0.03738
   0.04328
  -0.04461
   0.04121
  -0.03346
   0.02216
  -0.00852
  -0.00602
   0.01992
  -0.03172
   0.04016
  -0.04435
   0.04385
  -0.03871
   0.02947
  -0.01712
   0.00295
   0.01152
  -0.02478
   0.03542
  -0.04231
   0.04472
  -0.04240
   0.03560
  -0.02503
   0.01181
   0.00266
  -0.01685
   0.02925
  -0.03856
   0.04379
  -0.04439
   0.04029
  -0.03192
   0.02018
  -0.00631
  -0.00824
   0.02191
  -0.03326
   0.04110
  -0.04458
   0.04335
  -0.03754
   0.02775
  -0.01502
   0.00071
   0.01368
  -0.02662
   0.03675
  -0.04298
   0.04467
  -0.04163
   0.03419
  -0.02313
   0.00962
   0.00490
  -0.01891
   0.03092
  -0.03965
   0.04419
  -0.04406
   0.03926
  -0.03031
   0.01815
  -0.00407
  -0.01043
   0.02384
  -0.03472
   0.04193
  -0.04470
   0.04275
  -0.03627
   0.02595
  -0.01289
  -0.00154
   0.01580
  -0.02839
   0.03798
  -0.04355
   0.04451
  -0.04076
   0.03270
  -0.02118
   0.00742
   0.00713
  -0.02092
   0.03250
  -0.04064
   0.04448
  -0.04361
   0.03813
  -0.02862
   0.01608
  -0.00183
  -0.01261
   0.02571
  -0.03609
   0.04266
  -0.04471
   0.04203
  -0.03491
   0.02409
  -0.01072
  -0.00378
   0.01788
  -0.03009
   0.03912
  -0.04401
   0.04424
  -0.03979
   0.03113
  -0.01917
   0.00519
   0.00934
  -0.02288
   0.03400
  -0.04153
   0.04466
  -0.04306
   0.03691
  -0.02686
   0.01396
   0.00042
  -0.01475
   0.02752
  -0.03738
   0.04328
  -0.04461
   0.04121
  -0.03346
   0.02216
  -0.00852
  -0.00602
   0.01992
  -0.03172
   0.04016
  -0.04435
   0.04385
  -0.03871
   0.02947
  -0.01712
   0.00295
   0.01152
  -0.02478
   0.03542
  -0.04231
   0.04472
  -0.04240
   0.03560
  -0.02503
   0.01181
   0.00266
  -0.01685
   0.02925
  -0.03856
   0.04379
  -0.04439
   0.04029
  -0.03192
   0.02018
  -0.00631
  -0.00824
   0.02191
  -0.03326
   0.04110
  -0.04458
   0.04335
  -0.03754
   0.02775
  -0.01502
   0.00071
   0.01368
  -0.02662
   0.03675
  -0.04298
   0.04467
  -0.04163
   0.03419
  -0.02313
   0.00962
   0.00490
  -0.01891
   0.03092
  -0.03965
   0.04419
  -0.04406
   0.03926
  -0.03031
   0.01815
  -0.00407
  -0.01043
   0.02384
  -0.03472
   0.04193
  -0.04470
   0.04275
  -0.03627
   0.02595
  -0.01289
  -0.00154
   0.01580
  -0.02839
   0.03798
  -0.04355
   0.04451
  -0.04076
   0.03270
  -0.02118
   0.00742
   0.00713
  -0.02092
   0.03250
  -0.04064
   0.04448
  -0.04361
   0.03813
  -0.02862
   0.01608
  -0.00183
  -0.01261
   0.02571
  -0.03609
   0.04266
  -0.04471
   0.04203
  -0.03491
   0.02409
  -0.01072
  -0.00378
   0.01788
  -0.03009
   0.03912
  -0.04401
   0.04424
  -0.03979
   0.03113
  -0.01917
   0.00519
   0.00934
  -0.02288
   0.03400
  -0.04153
   0.04466
  -0.04306
   0.03691
  -0.02686
   0.01396
   0.00042
  -0.01475
   0.02752
  -0.03738
   0.04328
  -0.04461
   0.04121
  -0.03346
   0.02216
  -0.00852
  -0.00602
   0.01992
  -0.03172
   0.04016
  -0.04435
   0.04385
  -0.03871
   0.02947
  -0.01712
   0.00295
   0.01152
  -0.02478
   0.03542
  -0.04231
   0.04472
  -0.04240
   0.03560
  -0.02503
   0.01181
   0.00266
  -0.01685
   0.02925
  -0.03856
   0.04379
  -0.04439
   0.04029
  -0.03192
   0.02018
  -0.00631
  -0.00824
   0.02191
  -0.03326
   0.04110
  -0.04458
   0.04335
  -0.03754
   0.02775
  -0.01502
   0.00071
   0.01368
  -0.02662
   0.03675
  -0.04298
   0.04467
  -0.04163
   0.03419
  -0.02313
   0.00962
   0.00490
  -0.01891
   0.03092
  -0.03965
   0.04419
  -0.04406
   0.03926
  -0.03031
   0.01815
  -0.00407
  -0.01043
   0.02384
  -0.03472
   0.04193
  -0.04470
   0.04275
  -0.03627
   0.02595
  -0.01289
  -0.00154
   0.01580
  -0.02839
   0.03798
  -0.04355
   0.04451
  -0.04076
   0.03270
  -0.02118
   0.00742
   0.00713
  -0.02092
   0.03250
  -0.04064
   0.04448
  -0.04361
   0.03813
  -0.02862
   0.01608
  -0.00183
  -0.01261
   0.02571
  -0.03609
   0.04266
  -0.04471
   0.04203
  -0.03491
   0.02409
  -0.01072
  -0.00378
   0.01788
  -0.03009
   0.03912
  -0.04401
   0.04424
  -0.03979
   0.03113
  -0.01917
   0.00519
   0.00934
  -0.02288
   0.03400
  -0.04153
   0.04466
  -0.04306
   0.03691
  -0.02686
   0.01396
   0.00042
  -0.01475
   0.02752
  -0.03738
   0.04328
  -0.04461
   0.04121
  -0.03346
   0.02216
  -0.00852
  -0.00602
   0.01992
  -0.03172
   0.04016
  -0.04435
   0.04385
  -0.03871
   0.02947
  -0.01712
   0.00295
   0.01152
  -0.02478
   0.03542
  -0.04231
   0.04472
  -0.04240
   0.03560
  -0.02503
   0.01181
   0.00266
  -0.01685
   0.02925
  -0.03856
   0.04379
  -0.04439
   0.04029
  -0.03192
   0.02018
  -0.00631
  -0.00824
   0.02191
  -0.03326
   0.04110
  -0.04458
   0.04335
  -0.03754
   0.02775
  -0.01502
   0.00071
   0.01368
  -0.02662
   0.03675
  -0.04298
   0.04467
  -0.04163
   0.03419
  -0.02313
   0.00962
   0.00490
  -0.01891
   0.03092
  -0.03965
   0.04419
  -0.04406
   0.03926
  -0.03031
   0.01815
  -0.00407
  -0.01043
   0.02384
  -0.03472
   0.04193
  -0.04470
   0.04275
  -0.03627
   0.02595
  -0.01289
  -0.00154
   0.01580
  -0.02839
   0.03798
  -0.04355
   0.04451
  -0.04076
   0.03270
  -0.02118
   0.00742
   0.00713
  -0.02092
   0.03250
  -0.04064
   0.04448
  -0.04361
   0.03813
  -0.02862
   0.01608
  -0.00183
  -0.01261
   0.02571
  -0.03609
   0.04266
  -0.04471
   0.04203
  -0.03491
   0.02409
  -0.01072
  -0.00378
   0.01788
  -0.03009
   0.03912
  -0.04401
   0.04424
  -0.03979
   0.03113
  -0.01917
   0.00519
   0.00934
  -0.02288
   0.03400
  -0.04153
   0.04466
  -0.04306
   0.03691
  -0.02686
   0.01396
   0.00042
  -0.01475
   0.02752
  -0.03738
   0.04328
  -0.04461
   0.04121
  -0.03346
   0.02216
  -0.00852
  -0.00602
   0.01992
  -0.03172
   0.04016
  -0.04435
   0.04385
  -0.03871
   0.02947
  -0.01712
   0.00295
   0.01152
  -0.02478
   0.03542
  -0.04231
   0.04472
  -0.04240
   0.03560
  -0.02503
   0.01181
   0.00266
  -0.01685
   0.02925
  -0.03856
   0.04379
  -0.04439
   0.04029
  -0.03192
   0.02018
  -0.00631
  -0.00824
   0.02191
  -0.03326
   0.04110
  -0.04458
   0.04335
  -0.03754
   0.02775
  -0.01502
   0.00071
   0.01368
  -0.02662
   0.03675
  -0.04298
   0.04467
  -0.04163
   0.03419
  -0.02313
   0.00962
   0.00490
  -0.01891
   0.03092
  -0.03965
   0.04419
  -0.04406
   0.03926
  -0.03031
   0.01815
  -0.00407
  -0.01043
   0.02384
  -0.03472
   0.04193
  -0.04470
   0.04275
  -0.03627
   0.02595
  -0.01289
  -0.00154
   0.01580
  -0.02839
   0.03798
  -0.04355
   0.04451
  -0.04076
   0.03270
  -0.02118
   0.00742
   0.00713
  -0.02092
   0.03250
  -0.04064
   0.04448
  -0.04361
   0.03813
  -0.02862
   0.01608
  -0.00183
  -0.01261
   0.02571
  -0.03609
   0.04266
  -0.04471
   0.04203
  -0.03491
   0.02409
  -0.01072
  -0.00378
   0.01788
  -0.03009
   0.03912
  -0.04401
   0.04424
  -0.03979
   0.03113
  -0.01917
   0.00519
   0.00934
  -0.02288
   0.03400
  -0.04153
   0.04466
  -0.04306
   0.03691
  -0.02686
   0.01396
   0.00042
  -0.01475
   0.02752
  -0.03738
   0.04328
  -0.04461
   0.04121
  -0.03346
   0.02216
  -0.00852
  -0.00602
   0.01992
  -0.03172
   0.04016
  -0.04435
   0.04385
  -0.03871
   0.02947
  -0.01712
   0.00295
   0.01152
  -0.02478
   0.03542
  -0.04231
   0.04472
  -0.04240
   0.03560
  -0.02503
   0.01181
   0.00266
  -0.01685
   0.02925
  -0.03856
   0.04379
  -0.04439
   0.04029
  -0.03192
   0.02018
  -0.00631
  -0.00824
   0.02191
  -0.03326
   0.04110
  -0.04458
   0.04335
  -0.03754
   0.02775
  -0.01502
   0.00071
   0.01368
  -0.02662
   0.03675
  -0.04298
   0.04467
  -0.04163
   0.03419
  -0.02313
   0.00962
   0.00490
  -0.01891
   0.03092
  -0.03965
   0.04419
  -0.04406
   0.03926
  -0.03031
   0.01815
  -0.00407
  -0.01043
   0.02384
  -0.03472
   0.04193
  -0.04470
   0.04275
  -0.03627
   0.02595
  -0.01289
  -0.00154
   0.01580
  -0.02839
   0.03798
  -0.04355
   0.04451
  -0.04076
   0.03270
  -0.02118
   0.00742
   0.00713
  -0.02092
   0.03250
  -0.04064
   0.04448
  -0.04361
   0.03813
  -0.02862
   0.01608
  -0.00183
  -0.01261
   0.02571
  -0.03609
   0.04266
  -0.04471
   0.04203
  -0.03491
   0.02409
  -0.01072
  -0.00378
   0.01788
  -0.03009
   0.03912
  -0.04401
   0.04424
  -0.03979
   0.03113
  -0.01917
   0.00519
   0.00934
  -0.02288
   0.03400
  -0.04153
   0.04466
  -0.04306
   0.03691
  -0.02686
   0.01396
   0.00042
  -0.01475
   0.02752
  -0.03738
   0.04328
  -0.04461
   0.04121
  -0.03346
   0.02216
  -0.00852
  -0.00602
   0.01992
  -0.03172
   0.04016
  -0.04435
   0.04385
  -0.03871
   0.02947
  -0.01712
   0.00295
   0.01152
  -0.02478
   0.03542
  -0.04231
   0.04472
  -0.04240
   0.03560
  -0.02503
   0.01181
   0.00266
  -0.01685
   0.02925
  -0.03856
   0.04379
  -0.04439
   0.04029
  -0.03192
   0.02018
  -0.00631
  -0.00824
   0.02191
  -0.03326
   0.04110
  -0.04458
   0.04335
  -0.03754
   0.02775
  -0.01502
   0.00071
   0.01368
  -0.02662
   0.03675
  -0.04298
   0.04467
  -0.04163
   0.03419
  -0.02313
   0.00962
   0.00490
  -0.01891
   0.03092
  -0.03965
   0.04419
  -0.04406
   0.03926
  -0.03031
   0.01815
  -0.00407
  -0.01043
   0.02384
  -0.03472
   0.04193
  -0.04470
   0.04275
  -0.03627
   0.02595
  -0.01289
  -0.00154
   0.01580
  -0.02839
   0.03798
  -0.04355
   0.04451
  -0.04076
   0.03270
  -0.02118
   0.00742
   0.00713
  -0.02092
   0.03250
  -0.04064
   0.04448
  -0.04361
   0.03813
  -0.02862
   0.01608
  -0.00183
  -0.01261
   0.02571
  -0.03609
   0.04266
  -0.04471
   0.04203
  -0.03491
   0.02409
  -0.01072
  -0.00378
   0.01788
  -0.03009
   0.03912
  -0.04401
   0.04424
  -0.03979
   0.03113
  -0.01917
   0.00519
   0.00934
  -0.02288
   0.03400
  -0.04153
   0.04466
  -0.04306
   0.03691
  -0.02686
   0.01396
   0.00042
  -0.01475
   0.02752
  -0.03738
   0.04328
  -0.04461
   0.04121
  -0.03346
   0.02216
  -0.00852
  -0.00602
   0.01992
  -0.03172
   0.04016
  -0.04435
   0.04385
  -0.03871
   0.02947
  -0.01712
   0.00295
   0.01152
  -0.02478
   0.03542
  -0.04231
   0.04472
  -0.04240
   0.03560
  -0.02503
   0.01181
   0.00266
