  -0.01341
   0.03543
   0.03783
  -0.00936
  -0.04428
  -0.02116
   0.02969
   0.04163
  -0.00100
  -0.04231
  -0.02817
   0.02290
   0.04395
   0.00740
  -0.03885
  -0.03418
   0.01529
   0.04472
   0.01553
  -0.03401
  -0.03898
   0.00715
   0.04391
   0.02312
  -0.02797
  -0.04240
  -0.00125
   0.04153
   0.02988
  -0.02094
  -0.04431
  -0.00961
   0.03769
   0.03559
  -0.01316
  -0.04466
  -0.01762
   0.03251
   0.04003
  -0.00492
  -0.04342
  -0.02501
   0.02618
   0.04306
   0.00350
  -0.04065
  -0.03151
   0.01893
   0.04456
   0.01179
  -0.03643
  -0.03690
   0.01100
   0.04448
   0.01966
  -0.03093
  -0.04098
   0.00268
   0.04283
   0.02684
  -0.02433
  -0.04361
  -0.00573
   0.03966
   0.03307
  -0.01687
  -0.04469
  -0.01394
   0.03508
   0.03812
  -0.00881
  -0.04419
  -0.02166
   0.02927
   0.04183
  -0.00043
  -0.04213
  -0.02860
   0.02241
   0.04405
   0.00795
  -0.03857
  -0.03454
   0.01476
   0.04472
   0.01606
  -0.03365
  -0.03925
   0.00659
   0.04379
   0.02360
  -0.02753
  -0.04257
  -0.00181
   0.04132
   0.03030
  -0.02044
  -0.04438
  -0.01015
   0.03739
   0.03592
  -0.01262
  -0.04462
  -0.01814
   0.03212
   0.04028
  -0.00436
  -0.04328
  -0.02547
   0.02573
   0.04321
   0.00406
  -0.04041
  -0.03191
   0.01841
   0.04460
   0.01233
  -0.03610
  -0.03722
   0.01045
   0.04442
   0.02017
  -0.03052
  -0.04120
   0.00212
   0.04266
   0.02729
  -0.02385
  -0.04373
  -0.00629
   0.03940
   0.03344
  -0.01634
  -0.04471
  -0.01447
   0.03473
   0.03842
  -0.00825
  -0.04410
  -0.02215
   0.02884
   0.04203
   0.00013
  -0.04194
  -0.02903
   0.02192
   0.04415
   0.00851
  -0.03828
  -0.03489
   0.01423
   0.04470
   0.01658
  -0.03327
  -0.03952
   0.00604
   0.04368
   0.02407
  -0.02709
  -0.04274
  -0.00237
   0.04110
   0.03071
  -0.01994
  -0.04445
  -0.01070
   0.03707
   0.03626
  -0.01208
  -0.04458
  -0.01865
   0.03173
   0.04052
  -0.00380
  -0.04314
  -0.02593
   0.02526
   0.04335
   0.00462
  -0.04017
  -0.03230
   0.01790
   0.04464
   0.01287
  -0.03577
  -0.03753
   0.00990
   0.04435
   0.02067
  -0.03011
  -0.04142
   0.00156
   0.04249
   0.02773
  -0.02338
  -0.04385
  -0.00684
   0.03913
   0.03382
  -0.01582
  -0.04472
  -0.01500
   0.03438
   0.03870
  -0.00770
  -0.04401
  -0.02263
   0.02841
   0.04221
   0.00069
  -0.04174
  -0.02946
   0.02143
   0.04423
   0.00906
  -0.03799
  -0.03524
   0.01370
   0.04468
   0.01710
  -0.03290
  -0.03978
   0.00548
   0.04355
   0.02454
  -0.02664
  -0.04290
  -0.00294
   0.04088
   0.03111
  -0.01943
  -0.04451
  -0.01125
   0.03676
   0.03658
  -0.01154
  -0.04454
  -0.01916
   0.03133
   0.04075
  -0.00324
  -0.04299
  -0.02639
   0.02480
   0.04348
   0.00517
  -0.03992
  -0.03269
   0.01738
   0.04467
   0.01341
  -0.03543
  -0.03783
   0.00936
   0.04428
   0.02116
  -0.02969
  -0.04163
   0.00100
   0.04231
   0.02817
  -0.02290
  -0.04395
  -0.00740
   0.03885
   0.03418
  -0.01529
  -0.04472
  -0.01553
   0.03401
   0.03898
  -0.00715
  -0.04391
  -0.02312
   0.02797
   0.04240
   0.00125
  -0.04153
  -0.02988
   0.02094
   0.04431
   0.00961
  -0.03769
  -0.03559
   0.01316
   0.04466
   0.01762
  -0.03251
  -0.04003
   0.00492
   0.04342
   0.02501
  -0.02618
  -0.04306
  -0.00350
   0.04065
   0.03151
  -0.01893
  -0.04456
  -0.01179
   0.03643
   0.03690
  -0.01100
  -0.04448
  -0.01966
   0.03093
   0.04098
  -0.00268
  -0.04283
  -0.02684
   0.02433
   0.04361
   0.00573
  -0.03966
  -0.03307
   0.01687
   0.04469
   0.01394
  -0.03508
  -0.03812
   0.00881
   0.04419
   0.02166
  -0.02927
  -0.04183
   0.00043
   0.04213
   0.02860
  -0.02241
  -0.04405
  -0.00795
   0.03857
   0.03454
  -0.01476
  -0.04472
  -0.01606
   0.03365
   0.03925
  -0.00659
  -0.04379
  -0.02360
   0.02753
   0.04257
   0.00181
  -0.04132
  -0.03030
   0.02044
   0.04438
   0.01015
  -0.03739
  -0.03592
   0.01262
   0.04462
   0.01814
  -0.03212
  -0.04028
   0.00436
   0.04328
   0.02547
  -0.02573
  -0.04321
  -0.00406
   0.04041
   0.03191
  -0.01841
  -0.04460
  -0.01233
   0.03610
   0.03722
  -0.01045
  -0.04442
  -0.02017
   0.03052
   0.04120
  -0.00212
  -0.04266
  -0.02729
   0.02385
   0.04373
   0.00629
  -0.03940
  -0.03344
   0.01634
   0.04471
   0.01447
  -0.03473
  -0.03842
   0.00825
   0.04410
   0.02215
  -0.02884
  -0.04203
  -0.00013
   0.04194
   0.02903
  -0.02192
  -0.04415
  -0.00851
   0.03828
   0.03489
  -0.01423
  -0.04470
  -0.01658
   0.03327
   0.03952
  -0.00604
  -0.04368
  -0.02407
   0.02709
   0.04274
   0.00237
  -0.04110
  -0.03071
   0.01994
   0.04445
   0.01070
  -0.03707
  -0.03626
   0.01208
   0.04458
   0.01865
  -0.03173
  -0.04052
   0.00380
   0.04314
   0.02593
  -0.02526
  -0.04335
  -0.00462
   0.04017
   0.03230
  -0.01790
  -0.04464
  -0.01287
   0.03577
   0.03753
  -0.00990
  -0.04435
  -0.02067
   0.03011
   0.04142
  -0.00156
  -0.04249
  -0.02773
   0.02338
   0.04385
   0.00684
  -0.03913
  -0.03382
   0.01582
   0.04472
   0.01500
  -0.03438
  -0.03870
   0.00770
   0.04401
   0.02263
  -0.02841
  -0.04221
  -0.00069
   0.04174
   0.02946
  -0.02143
  -0.04423
  -0.00906
   0.03799
   0.03524
  -0.01370
  -0.04468
  -0.01710
   0.03290
   0.03978
  -0.00548
  -0.04355
  -0.02454
   0.02664
   0.04290
   0.00294
  -0.04088
  -0.03111
   0.01943
   0.04451
   0.01125
  -0.03676
  -0.03658
   0.01154
   0.04454
   0.01916
  -0.03133
  -0.04075
   0.00324
   0.04299
   0.02639
  -0.02480
  -0.04348
  -0.00517
   0.03992
   0.03269
  -0.01738
  -0.04467
  -0.01341
   0.03543
   0.03783
  -0.00936
  -0.04428
  -0.02116
   0.02969
   0.04163
  -0.00100
  -0.04231
  -0.02817
   0.02290
   0.04395
   0.00740
  -0.03885
  -0.03418
   0.01529
   0.04472
   0.01553
  -0.03401
  -0.03898
   0.00715
   0.04391
   0.02312
  -0.02797
  -0.04240
  -0.00125
   0.04153
   0.02988
  -0.02094
  -0.04431
  -0.00961
   0.03769
   0.03559
  -0.01316
  -0.04466
  -0.01762
   0.03251
   0.04003
  -0.00492
  -0.04342
  -0.02501
   0.02618
   0.04306
   0.00350
  -0.04065
  -0.03151
   0.01893
   0.04456
   0.01179
  -0.03643
  -0.03690
   0.01100
   0.04448
   0.01966
  -0.03093
  -0.04098
   0.00268
   0.04283
   0.02684
  -0.02433
  -0.04361
  -0.00573
   0.03966
   0.03307
  -0.01687
  -0.04469
  -0.01394
   0.03508
   0.03812
  -0.00881
  -0.04419
  -0.02166
   0.02927
   0.04183
  -0.00043
  -0.04213
  -0.02860
   0.02241
   0.04405
   0.00795
  -0.03857
  -0.03454
   0.01476
   0.04472
   0.01606
  -0.03365
  -0.03925
   0.00659
   0.04379
   0.02360
  -0.02753
  -0.04257
  -0.00181
   0.04132
   0.03030
  -0.02044
  -0.04438
  -0.01015
   0.03739
   0.03592
  -0.01262
  -0.04462
  -0.01814
   0.03212
   0.04028
  -0.00436
  -0.04328
  -0.02547
   0.02573
   0.04321
   0.00406
  -0.04041
  -0.03191
   0.01841
   0.04460
   0.01233
  -0.03610
  -0.03722
   0.01045
   0.04442
   0.02017
  -0.03052
  -0.04120
   0.00212
   0.04266
   0.02729
  -0.02385
  -0.04373
  -0.00629
   0.03940
   0.03344
  -0.01634
  -0.04471
  -0.01447
   0.03473
   0.03842
  -0.00825
  -0.04410
  -0.02215
   0.02884
   0.04203
   0.00013
  -0.04194
  -0.02903
   0.02192
   0.04415
   0.00851
  -0.03828
  -0.03489
   0.01423
   0.04470
   0.01658
  -0.03327
  -0.03952
   0.00604
   0.04368
   0.02407
  -0.02709
  -0.04274
  -0.00237
   0.04110
   0.03071
  -0.01994
  -0.04445
  -0.01070
   0.03707
   0.03626
  -0.01208
  -0.04458
  -0.01865
   0.03173
   0.04052
  -0.00380
  -0.04314
  -0.02593
   0.02526
   0.04335
   0.00462
  -0.04017
  -0.03230
   0.01790
   0.04464
   0.01287
  -0.03577
  -0.03753
   0.00990
   0.04435
   0.02067
  -0.03011
  -0.04142
   0.00156
   0.04249
   0.02773
  -0.02338
  -0.04385
  -0.00684
   0.03913
   0.03382
  -0.01582
  -0.04472
  -0.01500
   0.03438
   0.03870
  -0.00770
  -0.04401
  -0.02263
   0.02841
   0.04221
   0.00069
  -0.04174
  -0.02946
   0.02143
   0.04423
   0.00906
  -0.03799
  -0.03524
   0.01370
   0.04468
   0.01710
  -0.03290
  -0.03978
   0.00548
   0.04355
   0.02454
  -0.02664
  -0.04290
  -0.00294
   0.04088
   0.03111
  -0.01943
  -0.04451
  -0.01125
   0.03676
   0.03658
  -0.01154
  -0.04454
  -0.01916
   0.03133
   0.04075
  -0.00324
  -0.04299
  -0.02639
   0.02480
   0.04348
   0.00517
  -0.03992
  -0.03269
   0.01738
   0.04467
   0.01341
  -0.03543
  -0.03783
   0.00936
   0.04428
   0.02116
  -0.02969
  -0.04163
   0.00100
   0.04231
   0.02817
  -0.02290
  -0.04395
  -0.00740
   0.03885
   0.03418
  -0.01529
  -0.04472
  -0.01553
   0.03401
   0.03898
  -0.00715
  -0.04391
  -0.02312
   0.02797
   0.04240
   0.00125
  -0.04153
  -0.02988
   0.02094
   0.04431
   0.00961
  -0.03769
  -0.03559
   0.01316
   0.04466
   0.01762
  -0.03251
  -0.04003
   0.00492
   0.04342
   0.02501
  -0.02618
  -0.04306
  -0.00350
   0.04065
   0.03151
  -0.01893
  -0.04456
  -0.01179
   0.03643
   0.03690
  -0.01100
  -0.04448
  -0.01966
   0.03093
   0.04098
  -0.00268
  -0.04283
  -0.02684
   0.02433
   0.04361
   0.00573
  -0.03966
  -0.03307
   0.01687
   0.04469
   0.01394
  -0.03508
  -0.03812
   0.00881
   0.04419
   0.02166
  -0.02927
  -0.04183
   0.00043
   0.04213
   0.02860
  -0.02241
  -0.04405
  -0.00795
   0.03857
   0.03454
  -0.01476
  -0.04472
  -0.01606
   0.03365
   0.03925
  -0.00659
  -0.04379
  -0.02360
   0.02753
   0.04257
   0.00181
  -0.04132
  -0.03030
   0.02044
   0.04438
   0.01015
  -0.03739
  -0.03592
   0.01262
   0.04462
   0.01814
  -0.03212
  -0.04028
   0.00436
   0.04328
   0.02547
  -0.02573
  -0.04321
  -0.00406
   0.04041
   0.03191
  -0.01841
  -0.04460
  -0.01233
   0.03610
   0.03722
  -0.01045
  -0.04442
  -0.02017
   0.03052
   0.04120
  -0.00212
  -0.04266
  -0.02729
   0.02385
   0.04373
   0.00629
  -0.03940
  -0.03344
   0.01634
   0.04471
   0.01447
  -0.03473
  -0.03842
   0.00825
   0.04410
   0.02215
  -0.02884
  -0.04203
  -0.00013
   0.04194
   0.02903
  -0.02192
  -0.04415
  -0.00851
   0.03828
   0.03489
  -0.01423
  -0.04470
  -0.01658
   0.03327
   0.03952
  -0.00604
  -0.04368
  -0.02407
   0.02709
   0.04274
   0.00237
  -0.04110
  -0.03071
   0.01994
   0.04445
   0.01070
  -0.03707
  -0.03626
   0.01208
   0.04458
   0.01865
  -0.03173
  -0.04052
   0.00380
   0.04314
   0.02593
  -0.02526
  -0.04335
  -0.00462
   0.04017
   0.03230
  -0.01790
  -0.04464
  -0.01287
   0.03577
   0.03753
  -0.00990
  -0.04435
  -0.02067
   0.03011
   0.04142
  -0.00156
  -0.04249
  -0.02773
   0.02338
   0.04385
   0.00684
  -0.03913
  -0.03382
   0.01582
   0.04472
   0.01500
  -0.03438
  -0.03870
   0.00770
   0.04401
   0.02263
  -0.02841
  -0.04221
  -0.00069
   0.04174
   0.02946
  -0.02143
  -0.04423
  -0.00906
   0.03799
   0.03524
  -0.01370
  -0.04468
  -0.01710
   0.03290
   0.03978
  -0.00548
  -0.04355
  -0.02454
   0.02664
   0.04290
   0.00294
  -0.04088
  -0.03111
   0.01943
   0.04451
   0.01125
  -0.03676
  -0.03658
   0.01154
   0.04454
   0.01916
  -0.03133
  -0.04075
   0.00324
   0.04299
   0.02639
  -0.02480
  -0.04348
  -0.00517
   0.03992
   0.03269
  -0.01738
  -0.04467
