   0.03148
   0.04469
   0.02888
  -0.00568
  -0.03655
  -0.04369
  -0.02245
   0.01336
   0.04050
   0.04134
   0.01534
  -0.02062
  -0.04319
  -0.03772
  -0.00775
   0.02725
   0.04456
   0.03293
  -0.00008
  -0.03304
  -0.04454
  -0.02712
   0.00791
   0.03780
   0.04315
   0.02048
  -0.01549
  -0.04140
  -0.04043
  -0.01321
   0.02259
   0.04372
   0.03646
   0.00553
  -0.02900
  -0.04469
  -0.03137
   0.00233
   0.03451
   0.04428
   0.02530
  -0.01011
  -0.03896
  -0.04251
  -0.01846
   0.01758
   0.04220
   0.03942
   0.01104
  -0.02450
  -0.04414
  -0.03511
  -0.00329
   0.03067
   0.04472
   0.02973
  -0.00457
  -0.03590
  -0.04391
  -0.02342
   0.01228
   0.04001
   0.04176
   0.01639
  -0.01962
  -0.04289
  -0.03831
  -0.00885
   0.02635
   0.04444
   0.03368
   0.00104
  -0.03227
  -0.04463
  -0.02801
   0.00680
   0.03719
   0.04343
   0.02147
  -0.01443
  -0.04096
  -0.04090
  -0.01428
   0.02161
   0.04347
   0.03710
   0.00664
  -0.02813
  -0.04464
  -0.03216
   0.00120
   0.03378
   0.04443
   0.02622
  -0.00901
  -0.03839
  -0.04284
  -0.01948
   0.01654
   0.04181
   0.03994
   0.01213
  -0.02355
  -0.04394
  -0.03580
  -0.00441
   0.02984
   0.04472
   0.03056
  -0.00345
  -0.03521
  -0.04411
  -0.02437
   0.01120
   0.03949
   0.04215
   0.01743
  -0.01860
  -0.04256
  -0.03888
  -0.00995
   0.02544
   0.04431
   0.03441
   0.00217
  -0.03148
  -0.04469
  -0.02888
   0.00568
   0.03655
   0.04369
   0.02245
  -0.01336
  -0.04050
  -0.04134
  -0.01534
   0.02062
   0.04319
   0.03772
   0.00775
  -0.02725
  -0.04456
  -0.03293
   0.00008
   0.03304
   0.04454
   0.02712
  -0.00791
  -0.03780
  -0.04315
  -0.02048
   0.01549
   0.04140
   0.04043
   0.01321
  -0.02259
  -0.04372
  -0.03646
  -0.00553
   0.02900
   0.04469
   0.03137
  -0.00233
  -0.03451
  -0.04428
  -0.02530
   0.01011
   0.03896
   0.04251
   0.01846
  -0.01758
  -0.04220
  -0.03942
  -0.01104
   0.02450
   0.04414
   0.03511
   0.00329
  -0.03067
  -0.04472
  -0.02973
   0.00457
   0.03590
   0.04391
   0.02342
  -0.01228
  -0.04001
  -0.04176
  -0.01639
   0.01962
   0.04289
   0.03831
   0.00885
  -0.02635
  -0.04444
  -0.03368
  -0.00104
   0.03227
   0.04463
   0.02801
  -0.00680
  -0.03719
  -0.04343
  -0.02147
   0.01443
   0.04096
   0.04090
   0.01428
  -0.02161
  -0.04347
  -0.03710
  -0.00664
   0.02813
   0.04464
   0.03216
  -0.00120
  -0.03378
  -0.04443
  -0.02622
   0.00901
   0.03839
   0.04284
   0.01948
  -0.01654
  -0.04181
  -0.03994
  -0.01213
   0.02355
   0.04394
   0.03580
   0.00441
  -0.02984
  -0.04472
  -0.03056
   0.00345
   0.03521
   0.04411
   0.02437
  -0.01120
  -0.03949
  -0.04215
  -0.01743
   0.01860
   0.04256
   0.03888
   0.00995
  -0.02544
  -0.04431
  -0.03441
  -0.00217
   0.03148
   0.04469
   0.02888
  -0.00568
  -0.03655
  -0.04369
  -0.02245
   0.01336
   0.04050
   0.04134
   0.01534
  -0.02062
  -0.04319
  -0.03772
  -0.00775
   0.02725
   0.04456
   0.03293
  -0.00008
  -0.03304
  -0.04454
  -0.02712
   0.00791
   0.03780
   0.04315
   0.02048
  -0.01549
  -0.04140
  -0.04043
  -0.01321
   0.02259
   0.04372
   0.03646
   0.00553
  -0.02900
  -0.04469
  -0.03137
   0.00233
   0.03451
   0.04428
   0.02530
  -0.01011
  -0.03896
  -0.04251
  -0.01846
   0.01758
   0.04220
   0.03942
   0.01104
  -0.02450
  -0.04414
  -0.03511
  -0.00329
   0.03067
   0.04472
   0.02973
  -0.00457
  -0.03590
  -0.04391
  -0.02342
   0.01228
   0.04001
   0.04176
   0.01639
  -0.01962
  -0.04289
  -0.03831
  -0.00885
   0.02635
   0.04444
   0.03368
   0.00104
  -0.03227
  -0.04463
  -0.02801
   0.00680
   0.03719
   0.04343
   0.02147
  -0.01443
  -0.04096
  -0.04090
  -0.01428
   0.02161
   0.04347
   0.03710
   0.00664
  -0.02813
  -0.04464
  -0.03216
   0.00120
   0.03378
   0.04443
   0.02622
  -0.00901
  -0.03839
  -0.04284
  -0.01948
   0.01654
   0.04181
   0.03994
   0.01213
  -0.02355
  -0.04394
  -0.03580
  -0.00441
   0.02984
   0.04472
   0.03056
  -0.00345
  -0.03521
  -0.04411
  -0.02437
   0.01120
   0.03949
   0.04215
   0.01743
  -0.01860
  -0.04256
  -0.03888
  -0.00995
   0.02544
   0.04431
   0.03441
   0.00217
  -0.03148
  -0.04469
  -0.02888
   0.00568
   0.03655
   0.04369
   0.02245
  -0.01336
  -0.04050
  -0.04134
  -0.01534
   0.02062
   0.04319
   0.03772
   0.00775
  -0.02725
  -0.04456
  -0.03293
   0.00008
   0.03304
   0.04454
   0.02712
  -0.00791
  -0.03780
  -0.04315
  -0.02048
   0.01549
   0.04140
   0.04043
   0.01321
  -0.02259
  -0.04372
  -0.03646
  -0.00553
   0.02900
   0.04469
   0.03137
  -0.00233
  -0.03451
  -0.04428
  -0.02530
   0.01011
   0.03896
   0.04251
   0.01846
  -0.01758
  -0.04220
  -0.03942
  -0.01104
   0.02450
   0.04414
   0.03511
   0.00329
  -0.03067
  -0.04472
  -0.02973
   0.00457
   0.03590
   0.04391
   0.02342
  -0.01228
  -0.04001
  -0.04176
  -0.01639
   0.01962
   0.04289
   0.03831
   0.00885
  -0.02635
  -0.04444
  -0.03368
  -0.00104
   0.03227
   0.04463
   0.02801
  -0.00680
  -0.03719
  -0.04343
  -0.02147
   0.01443
   0.04096
   0.04090
   0.01428
  -0.02161
  -0.04347
  -0.03710
  -0.00664
   0.02813
   0.04464
   0.03216
  -0.00120
  -0.03378
  -0.04443
  -0.02622
   0.00901
   0.03839
   0.04284
   0.01948
  -0.01654
  -0.04181
  -0.03994
  -0.01213
   0.02355
   0.04394
   0.03580
   0.00441
  -0.02984
  -0.04472
  -0.03056
   0.00345
   0.03521
   0.04411
   0.02437
  -0.01120
  -0.03949
  -0.04215
  -0.01743
   0.01860
   0.04256
   0.03888
   0.00995
  -0.02544
  -0.04431
  -0.03441
  -0.00217
   0.03148
   0.04469
   0.02888
  -0.00568
  -0.03655
  -0.04369
  -0.02245
   0.01336
   0.04050
   0.04134
   0.01534
  -0.02062
  -0.04319
  -0.03772
  -0.00775
   0.02725
   0.04456
   0.03293
  -0.00008
  -0.03304
  -0.04454
  -0.02712
   0.00791
   0.03780
   0.04315
   0.02048
  -0.01549
  -0.04140
  -0.04043
  -0.01321
   0.02259
   0.04372
   0.03646
   0.00553
  -0.02900
  -0.04469
  -0.03137
   0.00233
   0.03451
   0.04428
   0.02530
  -0.01011
  -0.03896
  -0.04251
  -0.01846
   0.01758
   0.04220
   0.03942
   0.01104
  -0.02450
  -0.04414
  -0.03511
  -0.00329
   0.03067
   0.04472
   0.02973
  -0.00457
  -0.03590
  -0.04391
  -0.02342
   0.01228
   0.04001
   0.04176
   0.01639
  -0.01962
  -0.04289
  -0.03831
  -0.00885
   0.02635
   0.04444
   0.03368
   0.00104
  -0.03227
  -0.04463
  -0.02801
   0.00680
   0.03719
   0.04343
   0.02147
  -0.01443
  -0.04096
  -0.04090
  -0.01428
   0.02161
   0.04347
   0.03710
   0.00664
  -0.02813
  -0.04464
  -0.03216
   0.00120
   0.03378
   0.04443
   0.02622
  -0.00901
  -0.03839
  -0.04284
  -0.01948
   0.01654
   0.04181
   0.03994
   0.01213
  -0.02355
  -0.04394
  -0.03580
  -0.00441
   0.02984
   0.04472
   0.03056
  -0.00345
  -0.03521
  -0.04411
  -0.02437
   0.01120
   0.03949
   0.04215
   0.01743
  -0.01860
  -0.04256
  -0.03888
  -0.00995
   0.02544
   0.04431
   0.03441
   0.00217
  -0.03148
  -0.04469
  -0.02888
   0.00568
   0.03655
   0.04369
   0.02245
  -0.01336
  -0.04050
  -0.04134
  -0.01534
   0.02062
   0.04319
   0.03772
   0.00775
  -0.02725
  -0.04456
  -0.03293
   0.00008
   0.03304
   0.04454
   0.02712
  -0.00791
  -0.03780
  -0.04315
  -0.02048
   0.01549
   0.04140
   0.04043
   0.01321
  -0.02259
  -0.04372
  -0.03646
  -0.00553
   0.02900
   0.04469
   0.03137
  -0.00233
  -0.03451
  -0.04428
  -0.02530
   0.01011
   0.03896
   0.04251
   0.01846
  -0.01758
  -0.04220
  -0.03942
  -0.01104
   0.02450
   0.04414
   0.03511
   0.00329
  -0.03067
  -0.04472
  -0.02973
   0.00457
   0.03590
   0.04391
   0.02342
  -0.01228
  -0.04001
  -0.04176
  -0.01639
   0.01962
   0.04289
   0.03831
   0.00885
  -0.02635
  -0.04444
  -0.03368
  -0.00104
   0.03227
   0.04463
   0.02801
  -0.00680
  -0.03719
  -0.04343
  -0.02147
   0.01443
   0.04096
   0.04090
   0.01428
  -0.02161
  -0.04347
  -0.03710
  -0.00664
   0.02813
   0.04464
   0.03216
  -0.00120
  -0.03378
  -0.04443
  -0.02622
   0.00901
   0.03839
   0.04284
   0.01948
  -0.01654
  -0.04181
  -0.03994
  -0.01213
   0.02355
   0.04394
   0.03580
   0.00441
  -0.02984
  -0.04472
  -0.03056
   0.00345
   0.03521
   0.04411
   0.02437
  -0.01120
  -0.03949
  -0.04215
  -0.01743
   0.01860
   0.04256
   0.03888
   0.00995
  -0.02544
  -0.04431
  -0.03441
  -0.00217
   0.03148
   0.04469
   0.02888
  -0.00568
  -0.03655
  -0.04369
  -0.02245
   0.01336
   0.04050
   0.04134
   0.01534
  -0.02062
  -0.04319
  -0.03772
  -0.00775
   0.02725
   0.04456
   0.03293
  -0.00008
  -0.03304
  -0.04454
  -0.02712
   0.00791
   0.03780
   0.04315
   0.02048
  -0.01549
  -0.04140
  -0.04043
  -0.01321
   0.02259
   0.04372
   0.03646
   0.00553
  -0.02900
  -0.04469
  -0.03137
   0.00233
   0.03451
   0.04428
   0.02530
  -0.01011
  -0.03896
  -0.04251
  -0.01846
   0.01758
   0.04220
   0.03942
   0.01104
  -0.02450
  -0.04414
  -0.03511
  -0.00329
   0.03067
   0.04472
   0.02973
  -0.00457
  -0.03590
  -0.04391
  -0.02342
   0.01228
   0.04001
   0.04176
   0.01639
  -0.01962
  -0.04289
  -0.03831
  -0.00885
   0.02635
   0.04444
   0.03368
   0.00104
  -0.03227
  -0.04463
  -0.02801
   0.00680
   0.03719
   0.04343
   0.02147
  -0.01443
  -0.04096
  -0.04090
  -0.01428
   0.02161
   0.04347
   0.03710
   0.00664
  -0.02813
  -0.04464
  -0.03216
   0.00120
   0.03378
   0.04443
   0.02622
  -0.00901
  -0.03839
  -0.04284
  -0.01948
   0.01654
   0.04181
   0.03994
   0.01213
  -0.02355
  -0.04394
  -0.03580
  -0.00441
   0.02984
   0.04472
   0.03056
  -0.00345
  -0.03521
  -0.04411
  -0.02437
   0.01120
   0.03949
   0.04215
   0.01743
  -0.01860
  -0.04256
  -0.03888
  -0.00995
   0.02544
   0.04431
   0.03441
   0.00217
  -0.03148
  -0.04469
  -0.02888
   0.00568
   0.03655
   0.04369
   0.02245
  -0.01336
  -0.04050
  -0.04134
  -0.01534
   0.02062
   0.04319
   0.03772
   0.00775
  -0.02725
  -0.04456
  -0.03293
   0.00008
   0.03304
   0.04454
   0.02712
  -0.00791
  -0.03780
  -0.04315
  -0.02048
   0.01549
   0.04140
   0.04043
   0.01321
  -0.02259
  -0.04372
  -0.03646
  -0.00553
   0.02900
   0.04469
   0.03137
  -0.00233
  -0.03451
  -0.04428
  -0.02530
   0.01011
   0.03896
   0.04251
   0.01846
  -0.01758
  -0.04220
  -0.03942
  -0.01104
   0.02450
   0.04414
   0.03511
   0.00329
  -0.03067
  -0.04472
  -0.02973
   0.00457
   0.03590
   0.04391
   0.02342
  -0.01228
  -0.04001
  -0.04176
  -0.01639
   0.01962
   0.04289
   0.03831
   0.00885
  -0.02635
  -0.04444
  -0.03368
  -0.00104
   0.03227
   0.04463
   0.02801
  -0.00680
  -0.03719
  -0.04343
  -0.02147
   0.01443
   0.04096
   0.04090
   0.01428
  -0.02161
  -0.04347
  -0.03710
  -0.00664
   0.02813
   0.04464
   0.03216
  -0.00120
  -0.03378
  -0.04443
  -0.02622
   0.00901
   0.03839
   0.04284
   0.01948
  -0.01654
  -0.04181
  -0.03994
  -0.01213
   0.02355
   0.04394
   0.03580
   0.00441
  -0.02984
  -0.04472
  -0.03056
   0.00345
   0.03521
   0.04411
   0.02437
  -0.01120
  -0.03949
  -0.04215
  -0.01743
   0.01860
   0.04256
   0.03888
   0.00995
  -0.02544
  -0.04431
  -0.03441
  -0.00217
