   0.03107
  -0.03405
  -0.02680
   0.03742
   0.02210
  -0.04019
  -0.01705
   0.04233
   0.01173
  -0.04381
  -0.00623
   0.04459
   0.00063
  -0.04467
   0.00498
   0.04404
  -0.01051
  -0.04272
   0.01587
   0.04073
  -0.02099
  -0.03809
   0.02577
   0.03486
  -0.03015
  -0.03107
   0.03405
   0.02680
  -0.03742
  -0.02210
   0.04019
   0.01705
  -0.04233
  -0.01173
   0.04381
   0.00623
  -0.04459
  -0.00063
   0.04467
  -0.00498
  -0.04404
   0.01051
   0.04272
  -0.01587
  -0.04073
   0.02099
   0.03809
  -0.02577
  -0.03486
   0.03015
   0.03107
  -0.03405
  -0.02680
   0.03742
   0.02210
  -0.04019
  -0.01705
   0.04233
   0.01173
  -0.04381
  -0.00623
   0.04459
   0.00063
  -0.04467
   0.00498
   0.04404
  -0.01051
  -0.04272
   0.01587
   0.04073
  -0.02099
  -0.03809
   0.02577
   0.03486
  -0.03015
  -0.03107
   0.03405
   0.02680
  -0.03742
  -0.02210
   0.04019
   0.01705
  -0.04233
  -0.01173
   0.04381
   0.00623
  -0.04459
  -0.00063
   0.04467
  -0.00498
  -0.04404
   0.01051
   0.04272
  -0.01587
  -0.04073
   0.02099
   0.03809
  -0.02577
  -0.03486
   0.03015
   0.03107
  -0.03405
  -0.02680
   0.03742
   0.02210
  -0.04019
  -0.01705
   0.04233
   0.01173
  -0.04381
  -0.00623
   0.04459
   0.00063
  -0.04467
   0.00498
   0.04404
  -0.01051
  -0.04272
   0.01587
   0.04073
  -0.02099
  -0.03809
   0.02577
   0.03486
  -0.03015
  -0.03107
   0.03405
   0.02680
  -0.03742
  -0.02210
   0.04019
   0.01705
  -0.04233
  -0.01173
   0.04381
   0.00623
  -0.04459
  -0.00063
   0.04467
  -0.00498
  -0.04404
   0.01051
   0.04272
  -0.01587
  -0.04073
   0.02099
   0.03809
  -0.02577
  -0.03486
   0.03015
   0.03107
  -0.03405
  -0.02680
   0.03742
   0.02210
  -0.04019
  -0.01705
   0.04233
   0.01173
  -0.04381
  -0.00623
   0.04459
   0.00063
  -0.04467
   0.00498
   0.04404
  -0.01051
  -0.04272
   0.01587
   0.04073
  -0.02099
  -0.03809
   0.02577
   0.03486
  -0.03015
  -0.03107
   0.03405
   0.02680
  -0.03742
  -0.02210
   0.04019
   0.01705
  -0.04233
  -0.01173
   0.04381
   0.00623
  -0.04459
  -0.00063
   0.04467
  -0.00498
  -0.04404
   0.01051
   0.04272
  -0.01587
  -0.04073
   0.02099
   0.03809
  -0.02577
  -0.03486
   0.03015
   0.03107
  -0.03405
  -0.02680
   0.03742
   0.02210
  -0.04019
  -0.01705
   0.04233
   0.01173
  -0.04381
  -0.00623
   0.04459
   0.00063
  -0.04467
   0.00498
   0.04404
  -0.01051
  -0.04272
   0.01587
   0.04073
  -0.02099
  -0.03809
   0.02577
   0.03486
  -0.03015
  -0.03107
   0.03405
   0.02680
  -0.03742
  -0.02210
   0.04019
   0.01705
  -0.04233
  -0.01173
   0.04381
   0.00623
  -0.04459
  -0.00063
   0.04467
  -0.00498
  -0.04404
   0.01051
   0.04272
  -0.01587
  -0.04073
   0.02099
   0.03809
  -0.02577
  -0.03486
   0.03015
   0.03107
  -0.03405
  -0.02680
   0.03742
   0.02210
  -0.04019
  -0.01705
   0.04233
   0.01173
  -0.04381
  -0.00623
   0.04459
   0.00063
  -0.04467
   0.00498
   0.04404
  -0.01051
  -0.04272
   0.01587
   0.04073
  -0.02099
  -0.03809
   0.02577
   0.03486
  -0.03015
  -0.03107
   0.03405
   0.02680
  -0.03742
  -0.02210
   0.04019
   0.01705
  -0.04233
  -0.01173
   0.04381
   0.00623
  -0.04459
  -0.00063
   0.04467
  -0.00498
  -0.04404
   0.01051
   0.04272
  -0.01587
  -0.04073
   0.02099
   0.03809
  -0.02577
  -0.03486
   0.03015
   0.03107
  -0.03405
  -0.02680
   0.03742
   0.02210
  -0.04019
  -0.01705
   0.04233
   0.01173
  -0.04381
  -0.00623
   0.04459
   0.00063
  -0.04467
   0.00498
   0.04404
  -0.01051
  -0.04272
   0.01587
   0.04073
  -0.02099
  -0.03809
   0.02577
   0.03486
  -0.03015
  -0.03107
   0.03405
   0.02680
  -0.03742
  -0.02210
   0.04019
   0.01705
  -0.04233
  -0.01173
   0.04381
   0.00623
  -0.04459
  -0.00063
   0.04467
  -0.00498
  -0.04404
   0.01051
   0.04272
  -0.01587
  -0.04073
   0.02099
   0.03809
  -0.02577
  -0.03486
   0.03015
   0.03107
  -0.03405
  -0.02680
   0.03742
   0.02210
  -0.04019
  -0.01705
   0.04233
   0.01173
  -0.04381
  -0.00623
   0.04459
   0.00063
  -0.04467
   0.00498
   0.04404
  -0.01051
  -0.04272
   0.01587
   0.04073
  -0.02099
  -0.03809
   0.02577
   0.03486
  -0.03015
  -0.03107
   0.03405
   0.02680
  -0.03742
  -0.02210
   0.04019
   0.01705
  -0.04233
  -0.01173
   0.04381
   0.00623
  -0.04459
  -0.00063
   0.04467
  -0.00498
  -0.04404
   0.01051
   0.04272
  -0.01587
  -0.04073
   0.02099
   0.03809
  -0.02577
  -0.03486
   0.03015
   0.03107
  -0.03405
  -0.02680
   0.03742
   0.02210
  -0.04019
  -0.01705
   0.04233
   0.01173
  -0.04381
  -0.00623
   0.04459
   0.00063
  -0.04467
   0.00498
   0.04404
  -0.01051
  -0.04272
   0.01587
   0.04073
  -0.02099
  -0.03809
   0.02577
   0.03486
  -0.03015
  -0.03107
   0.03405
   0.02680
  -0.03742
  -0.02210
   0.04019
   0.01705
  -0.04233
  -0.01173
   0.04381
   0.00623
  -0.04459
  -0.00063
   0.04467
  -0.00498
  -0.04404
   0.01051
   0.04272
  -0.01587
  -0.04073
   0.02099
   0.03809
  -0.02577
  -0.03486
   0.03015
   0.03107
  -0.03405
  -0.02680
   0.03742
   0.02210
  -0.04019
  -0.01705
   0.04233
   0.01173
  -0.04381
  -0.00623
   0.04459
   0.00063
  -0.04467
   0.00498
   0.04404
  -0.01051
  -0.04272
   0.01587
   0.04073
  -0.02099
  -0.03809
   0.02577
   0.03486
  -0.03015
  -0.03107
   0.03405
   0.02680
  -0.03742
  -0.02210
   0.04019
   0.01705
  -0.04233
  -0.01173
   0.04381
   0.00623
  -0.04459
  -0.00063
   0.04467
  -0.00498
  -0.04404
   0.01051
   0.04272
  -0.01587
  -0.04073
   0.02099
   0.03809
  -0.02577
  -0.03486
   0.03015
   0.03107
  -0.03405
  -0.02680
   0.03742
   0.02210
  -0.04019
  -0.01705
   0.04233
   0.01173
  -0.04381
  -0.00623
   0.04459
   0.00063
  -0.04467
   0.00498
   0.04404
  -0.01051
  -0.04272
   0.01587
   0.04073
  -0.02099
  -0.03809
   0.02577
   0.03486
  -0.03015
  -0.03107
   0.03405
   0.02680
  -0.03742
  -0.02210
   0.04019
   0.01705
  -0.04233
  -0.01173
   0.04381
   0.00623
  -0.04459
  -0.00063
   0.04467
  -0.00498
  -0.04404
   0.01051
   0.04272
  -0.01587
  -0.04073
   0.02099
   0.03809
  -0.02577
  -0.03486
   0.03015
   0.03107
  -0.03405
  -0.02680
   0.03742
   0.02210
  -0.04019
  -0.01705
   0.04233
   0.01173
  -0.04381
  -0.00623
   0.04459
   0.00063
  -0.04467
   0.00498
   0.04404
  -0.01051
  -0.04272
   0.01587
   0.04073
  -0.02099
  -0.03809
   0.02577
   0.03486
  -0.03015
  -0.03107
   0.03405
   0.02680
  -0.03742
  -0.02210
   0.04019
   0.01705
  -0.04233
  -0.01173
   0.04381
   0.00623
  -0.04459
  -0.00063
   0.04467
  -0.00498
  -0.04404
   0.01051
   0.04272
  -0.01587
  -0.04073
   0.02099
   0.03809
  -0.02577
  -0.03486
   0.03015
   0.03107
  -0.03405
  -0.02680
   0.03742
   0.02210
  -0.04019
  -0.01705
   0.04233
   0.01173
  -0.04381
  -0.00623
   0.04459
   0.00063
  -0.04467
   0.00498
   0.04404
  -0.01051
  -0.04272
   0.01587
   0.04073
  -0.02099
  -0.03809
   0.02577
   0.03486
  -0.03015
  -0.03107
   0.03405
   0.02680
  -0.03742
  -0.02210
   0.04019
   0.01705
  -0.04233
  -0.01173
   0.04381
   0.00623
  -0.04459
  -0.00063
   0.04467
  -0.00498
  -0.04404
   0.01051
   0.04272
  -0.01587
  -0.04073
   0.02099
   0.03809
  -0.02577
  -0.03486
   0.03015
   0.03107
  -0.03405
  -0.02680
   0.03742
   0.02210
  -0.04019
  -0.01705
   0.04233
   0.01173
  -0.04381
  -0.00623
   0.04459
   0.00063
  -0.04467
   0.00498
   0.04404
  -0.01051
  -0.04272
   0.01587
   0.04073
  -0.02099
  -0.03809
   0.02577
   0.03486
  -0.03015
  -0.03107
   0.03405
   0.02680
  -0.03742
  -0.02210
   0.04019
   0.01705
  -0.04233
  -0.01173
   0.04381
   0.00623
  -0.04459
  -0.00063
   0.04467
  -0.00498
  -0.04404
   0.01051
   0.04272
  -0.01587
  -0.04073
   0.02099
   0.03809
  -0.02577
  -0.03486
   0.03015
   0.03107
  -0.03405
  -0.02680
   0.03742
   0.02210
  -0.04019
  -0.01705
   0.04233
   0.01173
  -0.04381
  -0.00623
   0.04459
   0.00063
  -0.04467
   0.00498
   0.04404
  -0.01051
  -0.04272
   0.01587
   0.04073
  -0.02099
  -0.03809
   0.02577
   0.03486
  -0.03015
  -0.03107
   0.03405
   0.02680
  -0.03742
  -0.02210
   0.04019
   0.01705
  -0.04233
  -0.01173
   0.04381
   0.00623
  -0.04459
  -0.00063
   0.04467
  -0.00498
  -0.04404
   0.01051
   0.04272
  -0.01587
  -0.04073
   0.02099
   0.03809
  -0.02577
  -0.03486
   0.03015
   0.03107
  -0.03405
  -0.02680
   0.03742
   0.02210
  -0.04019
  -0.01705
   0.04233
   0.01173
  -0.04381
  -0.00623
   0.04459
   0.00063
  -0.04467
   0.00498
   0.04404
  -0.01051
  -0.04272
   0.01587
   0.04073
  -0.02099
  -0.03809
   0.02577
   0.03486
  -0.03015
  -0.03107
   0.03405
   0.02680
  -0.03742
  -0.02210
   0.04019
   0.01705
  -0.04233
  -0.01173
   0.04381
   0.00623
  -0.04459
  -0.00063
   0.04467
  -0.00498
  -0.04404
   0.01051
   0.04272
  -0.01587
  -0.04073
   0.02099
   0.03809
  -0.02577
  -0.03486
   0.03015
   0.03107
  -0.03405
  -0.02680
   0.03742
   0.02210
  -0.04019
  -0.01705
   0.04233
   0.01173
  -0.04381
  -0.00623
   0.04459
   0.00063
  -0.04467
   0.00498
   0.04404
  -0.01051
  -0.04272
   0.01587
   0.04073
  -0.02099
  -0.03809
   0.02577
   0.03486
  -0.03015
  -0.03107
   0.03405
   0.02680
  -0.03742
  -0.02210
   0.04019
   0.01705
  -0.04233
  -0.01173
   0.04381
   0.00623
  -0.04459
  -0.00063
   0.04467
  -0.00498
  -0.04404
   0.01051
   0.04272
  -0.01587
  -0.04073
   0.02099
   0.03809
  -0.02577
  -0.03486
   0.03015
   0.03107
  -0.03405
  -0.02680
   0.03742
   0.02210
  -0.04019
  -0.01705
   0.04233
   0.01173
  -0.04381
  -0.00623
   0.04459
   0.00063
  -0.04467
   0.00498
   0.04404
  -0.01051
  -0.04272
   0.01587
   0.04073
  -0.02099
  -0.03809
   0.02577
   0.03486
  -0.03015
  -0.03107
   0.03405
   0.02680
  -0.03742
  -0.02210
   0.04019
   0.01705
  -0.04233
  -0.01173
   0.04381
   0.00623
  -0.04459
  -0.00063
   0.04467
  -0.00498
  -0.04404
   0.01051
   0.04272
  -0.01587
  -0.04073
   0.02099
   0.03809
  -0.02577
  -0.03486
   0.03015
   0.03107
  -0.03405
  -0.02680
   0.03742
   0.02210
  -0.04019
  -0.01705
   0.04233
   0.01173
  -0.04381
  -0.00623
   0.04459
   0.00063
  -0.04467
   0.00498
   0.04404
  -0.01051
  -0.04272
   0.01587
   0.04073
  -0.02099
  -0.03809
   0.02577
   0.03486
  -0.03015
  -0.03107
   0.03405
   0.02680
  -0.03742
  -0.02210
   0.04019
   0.01705
  -0.04233
  -0.01173
   0.04381
   0.00623
  -0.04459
  -0.00063
   0.04467
  -0.00498
  -0.04404
   0.01051
   0.04272
  -0.01587
  -0.04073
   0.02099
   0.03809
  -0.02577
  -0.03486
   0.03015
   0.03107
  -0.03405
  -0.02680
   0.03742
   0.02210
  -0.04019
  -0.01705
   0.04233
   0.01173
  -0.04381
  -0.00623
   0.04459
   0.00063
  -0.04467
   0.00498
   0.04404
  -0.01051
  -0.04272
   0.01587
   0.04073
  -0.02099
  -0.03809
   0.02577
   0.03486
  -0.03015
  -0.03107
   0.03405
   0.02680
  -0.03742
  -0.02210
   0.04019
   0.01705
  -0.04233
  -0.01173
   0.04381
   0.00623
  -0.04459
  -0.00063
   0.04467
  -0.00498
  -0.04404
   0.01051
   0.04272
  -0.01587
  -0.04073
   0.02099
   0.03809
  -0.02577
  -0.03486
   0.03015
