   0.02916
   0.00615
  -0.03729
   0.04318
  -0.01981
  -0.01697
   0.04226
  -0.03892
   0.00922
   0.02673
  -0.04457
   0.03222
   0.00195
  -0.03481
   0.04408
  -0.02350
  -0.01300
   0.04070
  -0.04082
   0.01330
   0.02324
  -0.04403
   0.03500
  -0.00226
  -0.03201
   0.04460
  -0.02697
  -0.00892
   0.03877
  -0.04236
   0.01725
   0.01954
  -0.04310
   0.03746
  -0.00645
  -0.02893
   0.04471
  -0.03021
  -0.00476
   0.03650
  -0.04352
   0.02106
   0.01567
  -0.04178
   0.03959
  -0.01059
  -0.02559
   0.04443
  -0.03318
  -0.00055
   0.03391
  -0.04430
   0.02468
   0.01165
  -0.04009
   0.04138
  -0.01463
  -0.02203
   0.04376
  -0.03585
   0.00366
   0.03101
  -0.04468
   0.02808
   0.00754
  -0.03805
   0.04279
  -0.01854
  -0.01826
   0.04270
  -0.03821
   0.00784
   0.02784
  -0.04466
   0.03123
   0.00336
  -0.03567
   0.04382
  -0.02229
  -0.01434
   0.04126
  -0.04023
   0.01195
   0.02443
  -0.04425
   0.03411
  -0.00085
  -0.03297
   0.04447
  -0.02584
  -0.01029
   0.03945
  -0.04189
   0.01595
   0.02079
  -0.04345
   0.03668
  -0.00506
  -0.02999
   0.04472
  -0.02916
  -0.00615
   0.03729
  -0.04318
   0.01981
   0.01697
  -0.04226
   0.03892
  -0.00922
  -0.02673
   0.04457
  -0.03222
  -0.00195
   0.03481
  -0.04408
   0.02350
   0.01300
  -0.04070
   0.04082
  -0.01330
  -0.02324
   0.04403
  -0.03500
   0.00226
   0.03201
  -0.04460
   0.02697
   0.00892
  -0.03877
   0.04236
  -0.01725
  -0.01954
   0.04310
  -0.03746
   0.00645
   0.02893
  -0.04471
   0.03021
   0.00476
  -0.03650
   0.04352
  -0.02106
  -0.01567
   0.04178
  -0.03959
   0.01059
   0.02559
  -0.04443
   0.03318
   0.00055
  -0.03391
   0.04430
  -0.02468
  -0.01165
   0.04009
  -0.04138
   0.01463
   0.02203
  -0.04376
   0.03585
  -0.00366
  -0.03101
   0.04468
  -0.02808
  -0.00754
   0.03805
  -0.04279
   0.01854
   0.01826
  -0.04270
   0.03821
  -0.00784
  -0.02784
   0.04466
  -0.03123
  -0.00336
   0.03567
  -0.04382
   0.02229
   0.01434
  -0.04126
   0.04023
  -0.01195
  -0.02443
   0.04425
  -0.03411
   0.00085
   0.03297
  -0.04447
   0.02584
   0.01029
  -0.03945
   0.04189
  -0.01595
  -0.02079
   0.04345
  -0.03668
   0.00506
   0.02999
  -0.04472
   0.02916
   0.00615
  -0.03729
   0.04318
  -0.01981
  -0.01697
   0.04226
  -0.03892
   0.00922
   0.02673
  -0.04457
   0.03222
   0.00195
  -0.03481
   0.04408
  -0.02350
  -0.01300
   0.04070
  -0.04082
   0.01330
   0.02324
  -0.04403
   0.03500
  -0.00226
  -0.03201
   0.04460
  -0.02697
  -0.00892
   0.03877
  -0.04236
   0.01725
   0.01954
  -0.04310
   0.03746
  -0.00645
  -0.02893
   0.04471
  -0.03021
  -0.00476
   0.03650
  -0.04352
   0.02106
   0.01567
  -0.04178
   0.03959
  -0.01059
  -0.02559
   0.04443
  -0.03318
  -0.00055
   0.03391
  -0.04430
   0.02468
   0.01165
  -0.04009
   0.04138
  -0.01463
  -0.02203
   0.04376
  -0.03585
   0.00366
   0.03101
  -0.04468
   0.02808
   0.00754
  -0.03805
   0.04279
  -0.01854
  -0.01826
   0.04270
  -0.03821
   0.00784
   0.02784
  -0.04466
   0.03123
   0.00336
  -0.03567
   0.04382
  -0.02229
  -0.01434
   0.04126
  -0.04023
   0.01195
   0.02443
  -0.04425
   0.03411
  -0.00085
  -0.03297
   0.04447
  -0.02584
  -0.01029
   0.03945
  -0.04189
   0.01595
   0.02079
  -0.04345
   0.03668
  -0.00506
  -0.02999
   0.04472
  -0.02916
  -0.00615
   0.03729
  -0.04318
   0.01981
   0.01697
  -0.04226
   0.03892
  -0.00922
  -0.02673
   0.04457
  -0.03222
  -0.00195
   0.03481
  -0.04408
   0.02350
   0.01300
  -0.04070
   0.04082
  -0.01330
  -0.02324
   0.04403
  -0.03500
   0.00226
   0.03201
  -0.04460
   0.02697
   0.00892
  -0.03877
   0.04236
  -0.01725
  -0.01954
   0.04310
  -0.03746
   0.00645
   0.02893
  -0.04471
   0.03021
   0.00476
  -0.03650
   0.04352
  -0.02106
  -0.01567
   0.04178
  -0.03959
   0.01059
   0.02559
  -0.04443
   0.03318
   0.00055
  -0.03391
   0.04430
  -0.02468
  -0.01165
   0.04009
  -0.04138
   0.01463
   0.02203
  -0.04376
   0.03585
  -0.00366
  -0.03101
   0.04468
  -0.02808
  -0.00754
   0.03805
  -0.04279
   0.01854
   0.01826
  -0.04270
   0.03821
  -0.00784
  -0.02784
   0.04466
  -0.03123
  -0.00336
   0.03567
  -0.04382
   0.02229
   0.01434
  -0.04126
   0.04023
  -0.01195
  -0.02443
   0.04425
  -0.03411
   0.00085
   0.03297
  -0.04447
   0.02584
   0.01029
  -0.03945
   0.04189
  -0.01595
  -0.02079
   0.04345
  -0.03668
   0.00506
   0.02999
  -0.04472
   0.02916
   0.00615
  -0.03729
   0.04318
  -0.01981
  -0.01697
   0.04226
  -0.03892
   0.00922
   0.02673
  -0.04457
   0.03222
   0.00195
  -0.03481
   0.04408
  -0.02350
  -0.01300
   0.04070
  -0.04082
   0.01330
   0.02324
  -0.04403
   0.03500
  -0.00226
  -0.03201
   0.04460
  -0.02697
  -0.00892
   0.03877
  -0.04236
   0.01725
   0.01954
  -0.04310
   0.03746
  -0.00645
  -0.02893
   0.04471
  -0.03021
  -0.00476
   0.03650
  -0.04352
   0.02106
   0.01567
  -0.04178
   0.03959
  -0.01059
  -0.02559
   0.04443
  -0.03318
  -0.00055
   0.03391
  -0.04430
   0.02468
   0.01165
  -0.04009
   0.04138
  -0.01463
  -0.02203
   0.04376
  -0.03585
   0.00366
   0.03101
  -0.04468
   0.02808
   0.00754
  -0.03805
   0.04279
  -0.01854
  -0.01826
   0.04270
  -0.03821
   0.00784
   0.02784
  -0.04466
   0.03123
   0.00336
  -0.03567
   0.04382
  -0.02229
  -0.01434
   0.04126
  -0.04023
   0.01195
   0.02443
  -0.04425
   0.03411
  -0.00085
  -0.03297
   0.04447
  -0.02584
  -0.01029
   0.03945
  -0.04189
   0.01595
   0.02079
  -0.04345
   0.03668
  -0.00506
  -0.02999
   0.04472
  -0.02916
  -0.00615
   0.03729
  -0.04318
   0.01981
   0.01697
  -0.04226
   0.03892
  -0.00922
  -0.02673
   0.04457
  -0.03222
  -0.00195
   0.03481
  -0.04408
   0.02350
   0.01300
  -0.04070
   0.04082
  -0.01330
  -0.02324
   0.04403
  -0.03500
   0.00226
   0.03201
  -0.04460
   0.02697
   0.00892
  -0.03877
   0.04236
  -0.01725
  -0.01954
   0.04310
  -0.03746
   0.00645
   0.02893
  -0.04471
   0.03021
   0.00476
  -0.03650
   0.04352
  -0.02106
  -0.01567
   0.04178
  -0.03959
   0.01059
   0.02559
  -0.04443
   0.03318
   0.00055
  -0.03391
   0.04430
  -0.02468
  -0.01165
   0.04009
  -0.04138
   0.01463
   0.02203
  -0.04376
   0.03585
  -0.00366
  -0.03101
   0.04468
  -0.02808
  -0.00754
   0.03805
  -0.04279
   0.01854
   0.01826
  -0.04270
   0.03821
  -0.00784
  -0.02784
   0.04466
  -0.03123
  -0.00336
   0.03567
  -0.04382
   0.02229
   0.01434
  -0.04126
   0.04023
  -0.01195
  -0.02443
   0.04425
  -0.03411
   0.00085
   0.03297
  -0.04447
   0.02584
   0.01029
  -0.03945
   0.04189
  -0.01595
  -0.02079
   0.04345
  -0.03668
   0.00506
   0.02999
  -0.04472
   0.02916
   0.00615
  -0.03729
   0.04318
  -0.01981
  -0.01697
   0.04226
  -0.03892
   0.00922
   0.02673
  -0.04457
   0.03222
   0.00195
  -0.03481
   0.04408
  -0.02350
  -0.01300
   0.04070
  -0.04082
   0.01330
   0.02324
  -0.04403
   0.03500
  -0.00226
  -0.03201
   0.04460
  -0.02697
  -0.00892
   0.03877
  -0.04236
   0.01725
   0.01954
  -0.04310
   0.03746
  -0.00645
  -0.02893
   0.04471
  -0.03021
  -0.00476
   0.03650
  -0.04352
   0.02106
   0.01567
  -0.04178
   0.03959
  -0.01059
  -0.02559
   0.04443
  -0.03318
  -0.00055
   0.03391
  -0.04430
   0.02468
   0.01165
  -0.04009
   0.04138
  -0.01463
  -0.02203
   0.04376
  -0.03585
   0.00366
   0.03101
  -0.04468
   0.02808
   0.00754
  -0.03805
   0.04279
  -0.01854
  -0.01826
   0.04270
  -0.03821
   0.00784
   0.02784
  -0.04466
   0.03123
   0.00336
  -0.03567
   0.04382
  -0.02229
  -0.01434
   0.04126
  -0.04023
   0.01195
   0.02443
  -0.04425
   0.03411
  -0.00085
  -0.03297
   0.04447
  -0.02584
  -0.01029
   0.03945
  -0.04189
   0.01595
   0.02079
  -0.04345
   0.03668
  -0.00506
  -0.02999
   0.04472
  -0.02916
  -0.00615
   0.03729
  -0.04318
   0.01981
   0.01697
  -0.04226
   0.03892
  -0.00922
  -0.02673
   0.04457
  -0.03222
  -0.00195
   0.03481
  -0.04408
   0.02350
   0.01300
  -0.04070
   0.04082
  -0.01330
  -0.02324
   0.04403
  -0.03500
   0.00226
   0.03201
  -0.04460
   0.02697
   0.00892
  -0.03877
   0.04236
  -0.01725
  -0.01954
   0.04310
  -0.03746
   0.00645
   0.02893
  -0.04471
   0.03021
   0.00476
  -0.03650
   0.04352
  -0.02106
  -0.01567
   0.04178
  -0.03959
   0.01059
   0.02559
  -0.04443
   0.03318
   0.00055
  -0.03391
   0.04430
  -0.02468
  -0.01165
   0.04009
  -0.04138
   0.01463
   0.02203
  -0.04376
   0.03585
  -0.00366
  -0.03101
   0.04468
  -0.02808
  -0.00754
   0.03805
  -0.04279
   0.01854
   0.01826
  -0.04270
   0.03821
  -0.00784
  -0.02784
   0.04466
  -0.03123
  -0.00336
   0.03567
  -0.04382
   0.02229
   0.01434
  -0.04126
   0.04023
  -0.01195
  -0.02443
   0.04425
  -0.03411
   0.00085
   0.03297
  -0.04447
   0.02584
   0.01029
  -0.03945
   0.04189
  -0.01595
  -0.02079
   0.04345
  -0.03668
   0.00506
   0.02999
  -0.04472
   0.02916
   0.00615
  -0.03729
   0.04318
  -0.01981
  -0.01697
   0.04226
  -0.03892
   0.00922
   0.02673
  -0.04457
   0.03222
   0.00195
  -0.03481
   0.04408
  -0.02350
  -0.01300
   0.04070
  -0.04082
   0.01330
   0.02324
  -0.04403
   0.03500
  -0.00226
  -0.03201
   0.04460
  -0.02697
  -0.00892
   0.03877
  -0.04236
   0.01725
   0.01954
  -0.04310
   0.03746
  -0.00645
  -0.02893
   0.04471
  -0.03021
  -0.00476
   0.03650
  -0.04352
   0.02106
   0.01567
  -0.04178
   0.03959
  -0.01059
  -0.02559
   0.04443
  -0.03318
  -0.00055
   0.03391
  -0.04430
   0.02468
   0.01165
  -0.04009
   0.04138
  -0.01463
  -0.02203
   0.04376
  -0.03585
   0.00366
   0.03101
  -0.04468
   0.02808
   0.00754
  -0.03805
   0.04279
  -0.01854
  -0.01826
   0.04270
  -0.03821
   0.00784
   0.02784
  -0.04466
   0.03123
   0.00336
  -0.03567
   0.04382
  -0.02229
  -0.01434
   0.04126
  -0.04023
   0.01195
   0.02443
  -0.04425
   0.03411
  -0.00085
  -0.03297
   0.04447
  -0.02584
  -0.01029
   0.03945
  -0.04189
   0.01595
   0.02079
  -0.04345
   0.03668
  -0.00506
  -0.02999
   0.04472
  -0.02916
  -0.00615
   0.03729
  -0.04318
   0.01981
   0.01697
  -0.04226
   0.03892
  -0.00922
  -0.02673
   0.04457
  -0.03222
  -0.00195
   0.03481
  -0.04408
   0.02350
   0.01300
  -0.04070
   0.04082
  -0.01330
  -0.02324
   0.04403
  -0.03500
   0.00226
   0.03201
  -0.04460
   0.02697
   0.00892
  -0.03877
   0.04236
  -0.01725
  -0.01954
   0.04310
  -0.03746
   0.00645
   0.02893
  -0.04471
   0.03021
   0.00476
  -0.03650
   0.04352
  -0.02106
  -0.01567
   0.04178
  -0.03959
   0.01059
   0.02559
  -0.04443
   0.03318
   0.00055
  -0.03391
   0.04430
  -0.02468
  -0.01165
   0.04009
  -0.04138
   0.01463
   0.02203
  -0.04376
   0.03585
  -0.00366
  -0.03101
   0.04468
  -0.02808
  -0.00754
   0.03805
  -0.04279
   0.01854
   0.01826
  -0.04270
   0.03821
  -0.00784
  -0.02784
   0.04466
  -0.03123
  -0.00336
   0.03567
  -0.04382
   0.02229
   0.01434
  -0.04126
   0.04023
  -0.01195
  -0.02443
   0.04425
  -0.03411
   0.00085
   0.03297
  -0.04447
   0.02584
   0.01029
  -0.03945
   0.04189
  -0.01595
  -0.02079
   0.04345
  -0.03668
   0.00506
   0.02999
  -0.04472
