   0.02959
  -0.00530
  -0.03665
  -0.04352
  -0.02132
   0.01512
   0.04147
   0.04011
   0.01196
  -0.02418
  -0.04417
  -0.03465
  -0.00199
   0.03200
   0.04462
   0.02743
  -0.00808
  -0.03819
  -0.04279
  -0.01881
   0.01774
   0.04244
   0.03879
   0.00923
  -0.02649
  -0.04452
  -0.03281
   0.00082
   0.03390
   0.04434
   0.02516
  -0.01082
  -0.03958
  -0.04189
  -0.01623
   0.02028
   0.04324
   0.03732
   0.00647
  -0.02870
  -0.04470
  -0.03084
   0.00362
   0.03566
   0.04388
   0.02279
  -0.01353
  -0.04081
  -0.04083
  -0.01358
   0.02274
   0.04387
   0.03569
   0.00367
  -0.03080
  -0.04470
  -0.02874
   0.00641
   0.03729
   0.04325
   0.02033
  -0.01618
  -0.04187
  -0.03960
  -0.01087
   0.02512
   0.04433
   0.03393
   0.00087
  -0.03277
  -0.04453
  -0.02653
   0.00918
   0.03876
   0.04245
   0.01778
  -0.01876
  -0.04278
  -0.03822
  -0.00813
   0.02739
   0.04461
   0.03204
  -0.00194
  -0.03462
  -0.04417
  -0.02422
   0.01191
   0.04009
   0.04149
   0.01517
  -0.02128
  -0.04351
  -0.03668
  -0.00535
   0.02956
   0.04472
   0.03001
  -0.00474
  -0.03633
  -0.04365
  -0.02181
   0.01459
   0.04125
   0.04036
   0.01250
  -0.02370
  -0.04407
  -0.03501
  -0.00255
   0.03160
   0.04465
   0.02787
  -0.00752
  -0.03790
  -0.04295
  -0.01932
   0.01722
   0.04226
   0.03907
   0.00978
  -0.02604
  -0.04446
  -0.03319
   0.00025
   0.03353
   0.04441
   0.02562
  -0.01028
  -0.03931
  -0.04209
  -0.01675
   0.01978
   0.04309
   0.03762
   0.00702
  -0.02827
  -0.04468
  -0.03124
   0.00306
   0.03532
   0.04399
   0.02327
  -0.01299
  -0.04057
  -0.04105
  -0.01411
   0.02226
   0.04376
   0.03603
   0.00423
  -0.03039
  -0.04471
  -0.02917
   0.00586
   0.03697
   0.04339
   0.02083
  -0.01565
  -0.04167
  -0.03986
  -0.01142
   0.02465
   0.04425
   0.03430
   0.00143
  -0.03239
  -0.04457
  -0.02698
   0.00863
   0.03848
   0.04263
   0.01830
  -0.01825
  -0.04261
  -0.03851
  -0.00868
   0.02694
   0.04457
   0.03243
  -0.00138
  -0.03426
  -0.04426
  -0.02469
   0.01137
   0.03984
   0.04169
   0.01570
  -0.02078
  -0.04338
  -0.03700
  -0.00591
   0.02913
   0.04471
   0.03043
  -0.00418
  -0.03600
  -0.04377
  -0.02230
   0.01406
   0.04103
   0.04059
   0.01304
  -0.02322
  -0.04398
  -0.03535
  -0.00311
   0.03120
   0.04468
   0.02831
  -0.00697
  -0.03759
  -0.04311
  -0.01982
   0.01670
   0.04207
   0.03934
   0.01033
  -0.02558
  -0.04440
  -0.03356
  -0.00031
   0.03315
   0.04447
   0.02608
  -0.00973
  -0.03904
  -0.04227
  -0.01727
   0.01927
   0.04294
   0.03792
   0.00758
  -0.02783
  -0.04465
  -0.03164
   0.00250
   0.03497
   0.04408
   0.02375
  -0.01245
  -0.04033
  -0.04127
  -0.01464
   0.02177
   0.04364
   0.03636
   0.00479
  -0.02997
  -0.04472
  -0.02959
   0.00530
   0.03665
   0.04352
   0.02132
  -0.01512
  -0.04147
  -0.04011
  -0.01196
   0.02418
   0.04417
   0.03465
   0.00199
  -0.03200
  -0.04462
  -0.02743
   0.00808
   0.03819
   0.04279
   0.01881
  -0.01774
  -0.04244
  -0.03879
  -0.00923
   0.02649
   0.04452
   0.03281
  -0.00082
  -0.03390
  -0.04434
  -0.02516
   0.01082
   0.03958
   0.04189
   0.01623
  -0.02028
  -0.04324
  -0.03732
  -0.00647
   0.02870
   0.04470
   0.03084
  -0.00362
  -0.03566
  -0.04388
  -0.02279
   0.01353
   0.04081
   0.04083
   0.01358
  -0.02274
  -0.04387
  -0.03569
  -0.00367
   0.03080
   0.04470
   0.02874
  -0.00641
  -0.03729
  -0.04325
  -0.02033
   0.01618
   0.04187
   0.03960
   0.01087
  -0.02512
  -0.04433
  -0.03393
  -0.00087
   0.03277
   0.04453
   0.02653
  -0.00918
  -0.03876
  -0.04245
  -0.01778
   0.01876
   0.04278
   0.03822
   0.00813
  -0.02739
  -0.04461
  -0.03204
   0.00194
   0.03462
   0.04417
   0.02422
  -0.01191
  -0.04009
  -0.04149
  -0.01517
   0.02128
   0.04351
   0.03668
   0.00535
  -0.02956
  -0.04472
  -0.03001
   0.00474
   0.03633
   0.04365
   0.02181
  -0.01459
  -0.04125
  -0.04036
  -0.01250
   0.02370
   0.04407
   0.03501
   0.00255
  -0.03160
  -0.04465
  -0.02787
   0.00752
   0.03790
   0.04295
   0.01932
  -0.01722
  -0.04226
  -0.03907
  -0.00978
   0.02604
   0.04446
   0.03319
  -0.00025
  -0.03353
  -0.04441
  -0.02562
   0.01028
   0.03931
   0.04209
   0.01675
  -0.01978
  -0.04309
  -0.03762
  -0.00702
   0.02827
   0.04468
   0.03124
  -0.00306
  -0.03532
  -0.04399
  -0.02327
   0.01299
   0.04057
   0.04105
   0.01411
  -0.02226
  -0.04376
  -0.03603
  -0.00423
   0.03039
   0.04471
   0.02917
  -0.00586
  -0.03697
  -0.04339
  -0.02083
   0.01565
   0.04167
   0.03986
   0.01142
  -0.02465
  -0.04425
  -0.03430
  -0.00143
   0.03239
   0.04457
   0.02698
  -0.00863
  -0.03848
  -0.04263
  -0.01830
   0.01825
   0.04261
   0.03851
   0.00868
  -0.02694
  -0.04457
  -0.03243
   0.00138
   0.03426
   0.04426
   0.02469
  -0.01137
  -0.03984
  -0.04169
  -0.01570
   0.02078
   0.04338
   0.03700
   0.00591
  -0.02913
  -0.04471
  -0.03043
   0.00418
   0.03600
   0.04377
   0.02230
  -0.01406
  -0.04103
  -0.04059
  -0.01304
   0.02322
   0.04398
   0.03535
   0.00311
  -0.03120
  -0.04468
  -0.02831
   0.00697
   0.03759
   0.04311
   0.01982
  -0.01670
  -0.04207
  -0.03934
  -0.01033
   0.02558
   0.04440
   0.03356
   0.00031
  -0.03315
  -0.04447
  -0.02608
   0.00973
   0.03904
   0.04227
   0.01727
  -0.01927
  -0.04294
  -0.03792
  -0.00758
   0.02783
   0.04465
   0.03164
  -0.00250
  -0.03497
  -0.04408
  -0.02375
   0.01245
   0.04033
   0.04127
   0.01464
  -0.02177
  -0.04364
  -0.03636
  -0.00479
   0.02997
   0.04472
   0.02959
  -0.00530
  -0.03665
  -0.04352
  -0.02132
   0.01512
   0.04147
   0.04011
   0.01196
  -0.02418
  -0.04417
  -0.03465
  -0.00199
   0.03200
   0.04462
   0.02743
  -0.00808
  -0.03819
  -0.04279
  -0.01881
   0.01774
   0.04244
   0.03879
   0.00923
  -0.02649
  -0.04452
  -0.03281
   0.00082
   0.03390
   0.04434
   0.02516
  -0.01082
  -0.03958
  -0.04189
  -0.01623
   0.02028
   0.04324
   0.03732
   0.00647
  -0.02870
  -0.04470
  -0.03084
   0.00362
   0.03566
   0.04388
   0.02279
  -0.01353
  -0.04081
  -0.04083
  -0.01358
   0.02274
   0.04387
   0.03569
   0.00367
  -0.03080
  -0.04470
  -0.02874
   0.00641
   0.03729
   0.04325
   0.02033
  -0.01618
  -0.04187
  -0.03960
  -0.01087
   0.02512
   0.04433
   0.03393
   0.00087
  -0.03277
  -0.04453
  -0.02653
   0.00918
   0.03876
   0.04245
   0.01778
  -0.01876
  -0.04278
  -0.03822
  -0.00813
   0.02739
   0.04461
   0.03204
  -0.00194
  -0.03462
  -0.04417
  -0.02422
   0.01191
   0.04009
   0.04149
   0.01517
  -0.02128
  -0.04351
  -0.03668
  -0.00535
   0.02956
   0.04472
   0.03001
  -0.00474
  -0.03633
  -0.04365
  -0.02181
   0.01459
   0.04125
   0.04036
   0.01250
  -0.02370
  -0.04407
  -0.03501
  -0.00255
   0.03160
   0.04465
   0.02787
  -0.00752
  -0.03790
  -0.04295
  -0.01932
   0.01722
   0.04226
   0.03907
   0.00978
  -0.02604
  -0.04446
  -0.03319
   0.00025
   0.03353
   0.04441
   0.02562
  -0.01028
  -0.03931
  -0.04209
  -0.01675
   0.01978
   0.04309
   0.03762
   0.00702
  -0.02827
  -0.04468
  -0.03124
   0.00306
   0.03532
   0.04399
   0.02327
  -0.01299
  -0.04057
  -0.04105
  -0.01411
   0.02226
   0.04376
   0.03603
   0.00423
  -0.03039
  -0.04471
  -0.02917
   0.00586
   0.03697
   0.04339
   0.02083
  -0.01565
  -0.04167
  -0.03986
  -0.01142
   0.02465
   0.04425
   0.03430
   0.00143
  -0.03239
  -0.04457
  -0.02698
   0.00863
   0.03848
   0.04263
   0.01830
  -0.01825
  -0.04261
  -0.03851
  -0.00868
   0.02694
   0.04457
   0.03243
  -0.00138
  -0.03426
  -0.04426
  -0.02469
   0.01137
   0.03984
   0.04169
   0.01570
  -0.02078
  -0.04338
  -0.03700
  -0.00591
   0.02913
   0.04471
   0.03043
  -0.00418
  -0.03600
  -0.04377
  -0.02230
   0.01406
   0.04103
   0.04059
   0.01304
  -0.02322
  -0.04398
  -0.03535
  -0.00311
   0.03120
   0.04468
   0.02831
  -0.00697
  -0.03759
  -0.04311
  -0.01982
   0.01670
   0.04207
   0.03934
   0.01033
  -0.02558
  -0.04440
  -0.03356
  -0.00031
   0.03315
   0.04447
   0.02608
  -0.00973
  -0.03904
  -0.04227
  -0.01727
   0.01927
   0.04294
   0.03792
   0.00758
  -0.02783
  -0.04465
  -0.03164
   0.00250
   0.03497
   0.04408
   0.02375
  -0.01245
  -0.04033
  -0.04127
  -0.01464
   0.02177
   0.04364
   0.03636
   0.00479
  -0.02997
  -0.04472
  -0.02959
   0.00530
   0.03665
   0.04352
   0.02132
  -0.01512
  -0.04147
  -0.04011
  -0.01196
   0.02418
   0.04417
   0.03465
   0.00199
  -0.03200
  -0.04462
  -0.02743
   0.00808
   0.03819
   0.04279
   0.01881
  -0.01774
  -0.04244
  -0.03879
  -0.00923
   0.02649
   0.04452
   0.03281
  -0.00082
  -0.03390
  -0.04434
  -0.02516
   0.01082
   0.03958
   0.04189
   0.01623
  -0.02028
  -0.04324
  -0.03732
  -0.00647
   0.02870
   0.04470
   0.03084
  -0.00362
  -0.03566
  -0.04388
  -0.02279
   0.01353
   0.04081
   0.04083
   0.01358
  -0.02274
  -0.04387
  -0.03569
  -0.00367
   0.03080
   0.04470
   0.02874
  -0.00641
  -0.03729
  -0.04325
  -0.02033
   0.01618
   0.04187
   0.03960
   0.01087
  -0.02512
  -0.04433
  -0.03393
  -0.00087
   0.03277
   0.04453
   0.02653
  -0.00918
  -0.03876
  -0.04245
  -0.01778
   0.01876
   0.04278
   0.03822
   0.00813
  -0.02739
  -0.04461
  -0.03204
   0.00194
   0.03462
   0.04417
   0.02422
  -0.01191
  -0.04009
  -0.04149
  -0.01517
   0.02128
   0.04351
   0.03668
   0.00535
  -0.02956
  -0.04472
  -0.03001
   0.00474
   0.03633
   0.04365
   0.02181
  -0.01459
  -0.04125
  -0.04036
  -0.01250
   0.02370
   0.04407
   0.03501
   0.00255
  -0.03160
  -0.04465
  -0.02787
   0.00752
   0.03790
   0.04295
   0.01932
  -0.01722
  -0.04226
  -0.03907
  -0.00978
   0.02604
   0.04446
   0.03319
  -0.00025
  -0.03353
  -0.04441
  -0.02562
   0.01028
   0.03931
   0.04209
   0.01675
  -0.01978
  -0.04309
  -0.03762
  -0.00702
   0.02827
   0.04468
   0.03124
  -0.00306
  -0.03532
  -0.04399
  -0.02327
   0.01299
   0.04057
   0.04105
   0.01411
  -0.02226
  -0.04376
  -0.03603
  -0.00423
   0.03039
   0.04471
   0.02917
  -0.00586
  -0.03697
  -0.04339
  -0.02083
   0.01565
   0.04167
   0.03986
   0.01142
  -0.02465
  -0.04425
  -0.03430
  -0.00143
   0.03239
   0.04457
   0.02698
  -0.00863
  -0.03848
  -0.04263
  -0.01830
   0.01825
   0.04261
   0.03851
   0.00868
  -0.02694
  -0.04457
  -0.03243
   0.00138
   0.03426
   0.04426
   0.02469
  -0.01137
  -0.03984
  -0.04169
  -0.01570
   0.02078
   0.04338
   0.03700
   0.00591
  -0.02913
  -0.04471
  -0.03043
   0.00418
   0.03600
   0.04377
   0.02230
  -0.01406
  -0.04103
  -0.04059
  -0.01304
   0.02322
   0.04398
   0.03535
   0.00311
  -0.03120
  -0.04468
  -0.02831
   0.00697
   0.03759
   0.04311
   0.01982
  -0.01670
  -0.04207
  -0.03934
  -0.01033
   0.02558
   0.04440
   0.03356
   0.00031
  -0.03315
  -0.04447
  -0.02608
   0.00973
   0.03904
   0.04227
   0.01727
  -0.01927
  -0.04294
  -0.03792
  -0.00758
   0.02783
   0.04465
   0.03164
  -0.00250
  -0.03497
  -0.04408
  -0.02375
   0.01245
   0.04033
   0.04127
   0.01464
  -0.02177
  -0.04364
  -0.03636
  -0.00479
   0.02997
   0.04472
