   0.03787
  -0.02295
   0.00302
   0.01756
  -0.03432
   0.04360
  -0.04337
   0.03369
  -0.01666
  -0.00400
   0.02378
  -0.03838
   0.04462
  -0.04113
   0.02867
  -0.00996
  -0.01091
   0.02941
  -0.04150
   0.04454
  -0.03787
   0.02295
  -0.00302
  -0.01756
   0.03432
  -0.04360
   0.04337
  -0.03369
   0.01666
   0.00400
  -0.02378
   0.03838
  -0.04462
   0.04113
  -0.02867
   0.00996
   0.01091
  -0.02941
   0.04150
  -0.04454
   0.03787
  -0.02295
   0.00302
   0.01756
  -0.03432
   0.04360
  -0.04337
   0.03369
  -0.01666
  -0.00400
   0.02378
  -0.03838
   0.04462
  -0.04113
   0.02867
  -0.00996
  -0.01091
   0.02941
  -0.04150
   0.04454
  -0.03787
   0.02295
  -0.00302
  -0.01756
   0.03432
  -0.04360
   0.04337
  -0.03369
   0.01666
   0.00400
  -0.02378
   0.03838
  -0.04462
   0.04113
  -0.02867
   0.00996
   0.01091
  -0.02941
   0.04150
  -0.04454
   0.03787
  -0.02295
   0.00302
   0.01756
  -0.03432
   0.04360
  -0.04337
   0.03369
  -0.01666
  -0.00400
   0.02378
  -0.03838
   0.04462
  -0.04113
   0.02867
  -0.00996
  -0.01091
   0.02941
  -0.04150
   0.04454
  -0.03787
   0.02295
  -0.00302
  -0.01756
   0.03432
  -0.04360
   0.04337
  -0.03369
   0.01666
   0.00400
  -0.02378
   0.03838
  -0.04462
   0.04113
  -0.02867
   0.00996
   0.01091
  -0.02941
   0.04150
  -0.04454
   0.03787
  -0.02295
   0.00302
   0.01756
  -0.03432
   0.04360
  -0.04337
   0.03369
  -0.01666
  -0.00400
   0.02378
  -0.03838
   0.04462
  -0.04113
   0.02867
  -0.00996
  -0.01091
   0.02941
  -0.04150
   0.04454
  -0.03787
   0.02295
  -0.00302
  -0.01756
   0.03432
  -0.04360
   0.04337
  -0.03369
   0.01666
   0.00400
  -0.02378
   0.03838
  -0.04462
   0.04113
  -0.02867
   0.00996
   0.01091
  -0.02941
   0.04150
  -0.04454
   0.03787
  -0.02295
   0.00302
   0.01756
  -0.03432
   0.04360
  -0.04337
   0.03369
  -0.01666
  -0.00400
   0.02378
  -0.03838
   0.04462
  -0.04113
   0.02867
  -0.00996
  -0.01091
   0.02941
  -0.04150
   0.04454
  -0.03787
   0.02295
  -0.00302
  -0.01756
   0.03432
  -0.04360
   0.04337
  -0.03369
   0.01666
   0.00400
  -0.02378
   0.03838
  -0.04462
   0.04113
  -0.02867
   0.00996
   0.01091
  -0.02941
   0.04150
  -0.04454
   0.03787
  -0.02295
   0.00302
   0.01756
  -0.03432
   0.04360
  -0.04337
   0.03369
  -0.01666
  -0.00400
   0.02378
  -0.03838
   0.04462
  -0.04113
   0.02867
  -0.00996
  -0.01091
   0.02941
  -0.04150
   0.04454
  -0.03787
   0.02295
  -0.00302
  -0.01756
   0.03432
  -0.04360
   0.04337
  -0.03369
   0.01666
   0.00400
  -0.02378
   0.03838
  -0.04462
   0.04113
  -0.02867
   0.00996
   0.01091
  -0.02941
   0.04150
  -0.04454
   0.03787
  -0.02295
   0.00302
   0.01756
  -0.03432
   0.04360
  -0.04337
   0.03369
  -0.01666
  -0.00400
   0.02378
  -0.03838
   0.04462
  -0.04113
   0.02867
  -0.00996
  -0.01091
   0.02941
  -0.04150
   0.04454
  -0.03787
   0.02295
  -0.00302
  -0.01756
   0.03432
  -0.04360
   0.04337
  -0.03369
   0.01666
   0.00400
  -0.02378
   0.03838
  -0.04462
   0.04113
  -0.02867
   0.00996
   0.01091
  -0.02941
   0.04150
  -0.04454
   0.03787
  -0.02295
   0.00302
   0.01756
  -0.03432
   0.04360
  -0.04337
   0.03369
  -0.01666
  -0.00400
   0.02378
  -0.03838
   0.04462
  -0.04113
   0.02867
  -0.00996
  -0.01091
   0.02941
  -0.04150
   0.04454
  -0.03787
   0.02295
  -0.00302
  -0.01756
   0.03432
  -0.04360
   0.04337
  -0.03369
   0.01666
   0.00400
  -0.02378
   0.03838
  -0.04462
   0.04113
  -0.02867
   0.00996
   0.01091
  -0.02941
   0.04150
  -0.04454
   0.03787
  -0.02295
   0.00302
   0.01756
  -0.03432
   0.04360
  -0.04337
   0.03369
  -0.01666
  -0.00400
   0.02378
  -0.03838
   0.04462
  -0.04113
   0.02867
  -0.00996
  -0.01091
   0.02941
  -0.04150
   0.04454
  -0.03787
   0.02295
  -0.00302
  -0.01756
   0.03432
  -0.04360
   0.04337
  -0.03369
   0.01666
   0.00400
  -0.02378
   0.03838
  -0.04462
   0.04113
  -0.02867
   0.00996
   0.01091
  -0.02941
   0.04150
  -0.04454
   0.03787
  -0.02295
   0.00302
   0.01756
  -0.03432
   0.04360
  -0.04337
   0.03369
  -0.01666
  -0.00400
   0.02378
  -0.03838
   0.04462
  -0.04113
   0.02867
  -0.00996
  -0.01091
   0.02941
  -0.04150
   0.04454
  -0.03787
   0.02295
  -0.00302
  -0.01756
   0.03432
  -0.04360
   0.04337
  -0.03369
   0.01666
   0.00400
  -0.02378
   0.03838
  -0.04462
   0.04113
  -0.02867
   0.00996
   0.01091
  -0.02941
   0.04150
  -0.04454
   0.03787
  -0.02295
   0.00302
   0.01756
  -0.03432
   0.04360
  -0.04337
   0.03369
  -0.01666
  -0.00400
   0.02378
  -0.03838
   0.04462
  -0.04113
   0.02867
  -0.00996
  -0.01091
   0.02941
  -0.04150
   0.04454
  -0.03787
   0.02295
  -0.00302
  -0.01756
   0.03432
  -0.04360
   0.04337
  -0.03369
   0.01666
   0.00400
  -0.02378
   0.03838
  -0.04462
   0.04113
  -0.02867
   0.00996
   0.01091
  -0.02941
   0.04150
  -0.04454
   0.03787
  -0.02295
   0.00302
   0.01756
  -0.03432
   0.04360
  -0.04337
   0.03369
  -0.01666
  -0.00400
   0.02378
  -0.03838
   0.04462
  -0.04113
   0.02867
  -0.00996
  -0.01091
   0.02941
  -0.04150
   0.04454
  -0.03787
   0.02295
  -0.00302
  -0.01756
   0.03432
  -0.04360
   0.04337
  -0.03369
   0.01666
   0.00400
  -0.02378
   0.03838
  -0.04462
   0.04113
  -0.02867
   0.00996
   0.01091
  -0.02941
   0.04150
  -0.04454
   0.03787
  -0.02295
   0.00302
   0.01756
  -0.03432
   0.04360
  -0.04337
   0.03369
  -0.01666
  -0.00400
   0.02378
  -0.03838
   0.04462
  -0.04113
   0.02867
  -0.00996
  -0.01091
   0.02941
  -0.04150
   0.04454
  -0.03787
   0.02295
  -0.00302
  -0.01756
   0.03432
  -0.04360
   0.04337
  -0.03369
   0.01666
   0.00400
  -0.02378
   0.03838
  -0.04462
   0.04113
  -0.02867
   0.00996
   0.01091
  -0.02941
   0.04150
  -0.04454
   0.03787
  -0.02295
   0.00302
   0.01756
  -0.03432
   0.04360
  -0.04337
   0.03369
  -0.01666
  -0.00400
   0.02378
  -0.03838
   0.04462
  -0.04113
   0.02867
  -0.00996
  -0.01091
   0.02941
  -0.04150
   0.04454
  -0.03787
   0.02295
  -0.00302
  -0.01756
   0.03432
  -0.04360
   0.04337
  -0.03369
   0.01666
   0.00400
  -0.02378
   0.03838
  -0.04462
   0.04113
  -0.02867
   0.00996
   0.01091
  -0.02941
   0.04150
  -0.04454
   0.03787
  -0.02295
   0.00302
   0.01756
  -0.03432
   0.04360
  -0.04337
   0.03369
  -0.01666
  -0.00400
   0.02378
  -0.03838
   0.04462
  -0.04113
   0.02867
  -0.00996
  -0.01091
   0.02941
  -0.04150
   0.04454
  -0.03787
   0.02295
  -0.00302
  -0.01756
   0.03432
  -0.04360
   0.04337
  -0.03369
   0.01666
   0.00400
  -0.02378
   0.03838
  -0.04462
   0.04113
  -0.02867
   0.00996
   0.01091
  -0.02941
   0.04150
  -0.04454
   0.03787
  -0.02295
   0.00302
   0.01756
  -0.03432
   0.04360
  -0.04337
   0.03369
  -0.01666
  -0.00400
   0.02378
  -0.03838
   0.04462
  -0.04113
   0.02867
  -0.00996
  -0.01091
   0.02941
  -0.04150
   0.04454
  -0.03787
   0.02295
  -0.00302
  -0.01756
   0.03432
  -0.04360
   0.04337
  -0.03369
   0.01666
   0.00400
  -0.02378
   0.03838
  -0.04462
   0.04113
  -0.02867
   0.00996
   0.01091
  -0.02941
   0.04150
  -0.04454
   0.03787
  -0.02295
   0.00302
   0.01756
  -0.03432
   0.04360
  -0.04337
   0.03369
  -0.01666
  -0.00400
   0.02378
  -0.03838
   0.04462
  -0.04113
   0.02867
  -0.00996
  -0.01091
   0.02941
  -0.04150
   0.04454
  -0.03787
   0.02295
  -0.00302
  -0.01756
   0.03432
  -0.04360
   0.04337
  -0.03369
   0.01666
   0.00400
  -0.02378
   0.03838
  -0.04462
   0.04113
  -0.02867
   0.00996
   0.01091
  -0.02941
   0.04150
  -0.04454
   0.03787
  -0.02295
   0.00302
   0.01756
  -0.03432
   0.04360
  -0.04337
   0.03369
  -0.01666
  -0.00400
   0.02378
  -0.03838
   0.04462
  -0.04113
   0.02867
  -0.00996
  -0.01091
   0.02941
  -0.04150
   0.04454
  -0.03787
   0.02295
  -0.00302
  -0.01756
   0.03432
  -0.04360
   0.04337
  -0.03369
   0.01666
   0.00400
  -0.02378
   0.03838
  -0.04462
   0.04113
  -0.02867
   0.00996
   0.01091
  -0.02941
   0.04150
  -0.04454
   0.03787
  -0.02295
   0.00302
   0.01756
  -0.03432
   0.04360
  -0.04337
   0.03369
  -0.01666
  -0.00400
   0.02378
  -0.03838
   0.04462
  -0.04113
   0.02867
  -0.00996
  -0.01091
   0.02941
  -0.04150
   0.04454
  -0.03787
   0.02295
  -0.00302
  -0.01756
   0.03432
  -0.04360
   0.04337
  -0.03369
   0.01666
   0.00400
  -0.02378
   0.03838
  -0.04462
   0.04113
  -0.02867
   0.00996
   0.01091
  -0.02941
   0.04150
  -0.04454
   0.03787
  -0.02295
   0.00302
   0.01756
  -0.03432
   0.04360
  -0.04337
   0.03369
  -0.01666
  -0.00400
   0.02378
  -0.03838
   0.04462
  -0.04113
   0.02867
  -0.00996
  -0.01091
   0.02941
  -0.04150
   0.04454
  -0.03787
   0.02295
  -0.00302
  -0.01756
   0.03432
  -0.04360
   0.04337
  -0.03369
   0.01666
   0.00400
  -0.02378
   0.03838
  -0.04462
   0.04113
  -0.02867
   0.00996
   0.01091
  -0.02941
   0.04150
  -0.04454
   0.03787
  -0.02295
   0.00302
   0.01756
  -0.03432
   0.04360
  -0.04337
   0.03369
  -0.01666
  -0.00400
   0.02378
  -0.03838
   0.04462
  -0.04113
   0.02867
  -0.00996
  -0.01091
   0.02941
  -0.04150
   0.04454
  -0.03787
   0.02295
  -0.00302
  -0.01756
   0.03432
  -0.04360
   0.04337
  -0.03369
   0.01666
   0.00400
  -0.02378
   0.03838
  -0.04462
   0.04113
  -0.02867
   0.00996
   0.01091
  -0.02941
   0.04150
  -0.04454
   0.03787
  -0.02295
   0.00302
   0.01756
  -0.03432
   0.04360
  -0.04337
   0.03369
  -0.01666
  -0.00400
   0.02378
  -0.03838
   0.04462
  -0.04113
   0.02867
  -0.00996
  -0.01091
   0.02941
  -0.04150
   0.04454
  -0.03787
   0.02295
  -0.00302
  -0.01756
   0.03432
  -0.04360
   0.04337
  -0.03369
   0.01666
   0.00400
  -0.02378
   0.03838
  -0.04462
   0.04113
  -0.02867
   0.00996
   0.01091
  -0.02941
   0.04150
  -0.04454
   0.03787
  -0.02295
   0.00302
   0.01756
  -0.03432
   0.04360
  -0.04337
   0.03369
  -0.01666
  -0.00400
   0.02378
  -0.03838
   0.04462
  -0.04113
   0.02867
  -0.00996
  -0.01091
   0.02941
  -0.04150
   0.04454
  -0.03787
   0.02295
  -0.00302
  -0.01756
   0.03432
  -0.04360
   0.04337
  -0.03369
   0.01666
   0.00400
  -0.02378
   0.03838
  -0.04462
   0.04113
  -0.02867
   0.00996
   0.01091
  -0.02941
   0.04150
  -0.04454
   0.03787
  -0.02295
   0.00302
   0.01756
  -0.03432
   0.04360
  -0.04337
   0.03369
  -0.01666
  -0.00400
   0.02378
  -0.03838
   0.04462
  -0.04113
   0.02867
  -0.00996
  -0.01091
   0.02941
  -0.04150
   0.04454
  -0.03787
   0.02295
  -0.00302
  -0.01756
   0.03432
  -0.04360
   0.04337
  -0.03369
   0.01666
   0.00400
  -0.02378
   0.03838
  -0.04462
   0.04113
  -0.02867
   0.00996
   0.01091
  -0.02941
   0.04150
  -0.04454
   0.03787
  -0.02295
   0.00302
   0.01756
  -0.03432
   0.04360
  -0.04337
   0.03369
  -0.01666
  -0.00400
   0.02378
  -0.03838
   0.04462
  -0.04113
   0.02867
  -0.00996
  -0.01091
   0.02941
  -0.04150
   0.04454
  -0.03787
   0.02295
  -0.00302
  -0.01756
   0.03432
  -0.04360
   0.04337
  -0.03369
   0.01666
   0.00400
  -0.02378
   0.03838
  -0.04462
   0.04113
  -0.02867
   0.00996
   0.01091
  -0.02941
   0.04150
  -0.04454
