   0.03922
   0.03772
  -0.00288
  -0.04050
  -0.03614
   0.00568
   0.04161
   0.03441
  -0.00845
  -0.04256
  -0.03255
   0.01119
   0.04333
   0.03056
  -0.01389
  -0.04394
  -0.02845
   0.01653
   0.04438
   0.02623
  -0.01911
  -0.04464
  -0.02390
   0.02161
   0.04472
   0.02148
  -0.02402
  -0.04463
  -0.01898
   0.02635
   0.04436
   0.01639
  -0.02856
  -0.04392
  -0.01375
   0.03067
   0.04330
   0.01105
  -0.03265
  -0.04251
  -0.00831
   0.03451
   0.04155
   0.00553
  -0.03622
  -0.04043
  -0.00274
   0.03780
   0.03915
  -0.00007
  -0.03922
  -0.03772
   0.00288
   0.04050
   0.03614
  -0.00568
  -0.04161
  -0.03441
   0.00845
   0.04256
   0.03255
  -0.01119
  -0.04333
  -0.03056
   0.01389
   0.04394
   0.02845
  -0.01653
  -0.04438
  -0.02623
   0.01911
   0.04464
   0.02390
  -0.02161
  -0.04472
  -0.02148
   0.02402
   0.04463
   0.01898
  -0.02635
  -0.04436
  -0.01639
   0.02856
   0.04392
   0.01375
  -0.03067
  -0.04330
  -0.01105
   0.03265
   0.04251
   0.00831
  -0.03451
  -0.04155
  -0.00553
   0.03622
   0.04043
   0.00274
  -0.03780
  -0.03915
   0.00007
   0.03922
   0.03772
  -0.00288
  -0.04050
  -0.03614
   0.00568
   0.04161
   0.03441
  -0.00845
  -0.04256
  -0.03255
   0.01119
   0.04333
   0.03056
  -0.01389
  -0.04394
  -0.02845
   0.01653
   0.04438
   0.02623
  -0.01911
  -0.04464
  -0.02390
   0.02161
   0.04472
   0.02148
  -0.02402
  -0.04463
  -0.01898
   0.02635
   0.04436
   0.01639
  -0.02856
  -0.04392
  -0.01375
   0.03067
   0.04330
   0.01105
  -0.03265
  -0.04251
  -0.00831
   0.03451
   0.04155
   0.00553
  -0.03622
  -0.04043
  -0.00274
   0.03780
   0.03915
  -0.00007
  -0.03922
  -0.03772
   0.00288
   0.04050
   0.03614
  -0.00568
  -0.04161
  -0.03441
   0.00845
   0.04256
   0.03255
  -0.01119
  -0.04333
  -0.03056
   0.01389
   0.04394
   0.02845
  -0.01653
  -0.04438
  -0.02623
   0.01911
   0.04464
   0.02390
  -0.02161
  -0.04472
  -0.02148
   0.02402
   0.04463
   0.01898
  -0.02635
  -0.04436
  -0.01639
   0.02856
   0.04392
   0.01375
  -0.03067
  -0.04330
  -0.01105
   0.03265
   0.04251
   0.00831
  -0.03451
  -0.04155
  -0.00553
   0.03622
   0.04043
   0.00274
  -0.03780
  -0.03915
   0.00007
   0.03922
   0.03772
  -0.00288
  -0.04050
  -0.03614
   0.00568
   0.04161
   0.03441
  -0.00845
  -0.04256
  -0.03255
   0.01119
   0.04333
   0.03056
  -0.01389
  -0.04394
  -0.02845
   0.01653
   0.04438
   0.02623
  -0.01911
  -0.04464
  -0.02390
   0.02161
   0.04472
   0.02148
  -0.02402
  -0.04463
  -0.01898
   0.02635
   0.04436
   0.01639
  -0.02856
  -0.04392
  -0.01375
   0.03067
   0.04330
   0.01105
  -0.03265
  -0.04251
  -0.00831
   0.03451
   0.04155
   0.00553
  -0.03622
  -0.04043
  -0.00274
   0.03780
   0.03915
  -0.00007
  -0.03922
  -0.03772
   0.00288
   0.04050
   0.03614
  -0.00568
  -0.04161
  -0.03441
   0.00845
   0.04256
   0.03255
  -0.01119
  -0.04333
  -0.03056
   0.01389
   0.04394
   0.02845
  -0.01653
  -0.04438
  -0.02623
   0.01911
   0.04464
   0.02390
  -0.02161
  -0.04472
  -0.02148
   0.02402
   0.04463
   0.01898
  -0.02635
  -0.04436
  -0.01639
   0.02856
   0.04392
   0.01375
  -0.03067
  -0.04330
  -0.01105
   0.03265
   0.04251
   0.00831
  -0.03451
  -0.04155
  -0.00553
   0.03622
   0.04043
   0.00274
  -0.03780
  -0.03915
   0.00007
   0.03922
   0.03772
  -0.00288
  -0.04050
  -0.03614
   0.00568
   0.04161
   0.03441
  -0.00845
  -0.04256
  -0.03255
   0.01119
   0.04333
   0.03056
  -0.01389
  -0.04394
  -0.02845
   0.01653
   0.04438
   0.02623
  -0.01911
  -0.04464
  -0.02390
   0.02161
   0.04472
   0.02148
  -0.02402
  -0.04463
  -0.01898
   0.02635
   0.04436
   0.01639
  -0.02856
  -0.04392
  -0.01375
   0.03067
   0.04330
   0.01105
  -0.03265
  -0.04251
  -0.00831
   0.03451
   0.04155
   0.00553
  -0.03622
  -0.04043
  -0.00274
   0.03780
   0.03915
  -0.00007
  -0.03922
  -0.03772
   0.00288
   0.04050
   0.03614
  -0.00568
  -0.04161
  -0.03441
   0.00845
   0.04256
   0.03255
  -0.01119
  -0.04333
  -0.03056
   0.01389
   0.04394
   0.02845
  -0.01653
  -0.04438
  -0.02623
   0.01911
   0.04464
   0.02390
  -0.02161
  -0.04472
  -0.02148
   0.02402
   0.04463
   0.01898
  -0.02635
  -0.04436
  -0.01639
   0.02856
   0.04392
   0.01375
  -0.03067
  -0.04330
  -0.01105
   0.03265
   0.04251
   0.00831
  -0.03451
  -0.04155
  -0.00553
   0.03622
   0.04043
   0.00274
  -0.03780
  -0.03915
   0.00007
   0.03922
   0.03772
  -0.00288
  -0.04050
  -0.03614
   0.00568
   0.04161
   0.03441
  -0.00845
  -0.04256
  -0.03255
   0.01119
   0.04333
   0.03056
  -0.01389
  -0.04394
  -0.02845
   0.01653
   0.04438
   0.02623
  -0.01911
  -0.04464
  -0.02390
   0.02161
   0.04472
   0.02148
  -0.02402
  -0.04463
  -0.01898
   0.02635
   0.04436
   0.01639
  -0.02856
  -0.04392
  -0.01375
   0.03067
   0.04330
   0.01105
  -0.03265
  -0.04251
  -0.00831
   0.03451
   0.04155
   0.00553
  -0.03622
  -0.04043
  -0.00274
   0.03780
   0.03915
  -0.00007
  -0.03922
  -0.03772
   0.00288
   0.04050
   0.03614
  -0.00568
  -0.04161
  -0.03441
   0.00845
   0.04256
   0.03255
  -0.01119
  -0.04333
  -0.03056
   0.01389
   0.04394
   0.02845
  -0.01653
  -0.04438
  -0.02623
   0.01911
   0.04464
   0.02390
  -0.02161
  -0.04472
  -0.02148
   0.02402
   0.04463
   0.01898
  -0.02635
  -0.04436
  -0.01639
   0.02856
   0.04392
   0.01375
  -0.03067
  -0.04330
  -0.01105
   0.03265
   0.04251
   0.00831
  -0.03451
  -0.04155
  -0.00553
   0.03622
   0.04043
   0.00274
  -0.03780
  -0.03915
   0.00007
   0.03922
   0.03772
  -0.00288
  -0.04050
  -0.03614
   0.00568
   0.04161
   0.03441
  -0.00845
  -0.04256
  -0.03255
   0.01119
   0.04333
   0.03056
  -0.01389
  -0.04394
  -0.02845
   0.01653
   0.04438
   0.02623
  -0.01911
  -0.04464
  -0.02390
   0.02161
   0.04472
   0.02148
  -0.02402
  -0.04463
  -0.01898
   0.02635
   0.04436
   0.01639
  -0.02856
  -0.04392
  -0.01375
   0.03067
   0.04330
   0.01105
  -0.03265
  -0.04251
  -0.00831
   0.03451
   0.04155
   0.00553
  -0.03622
  -0.04043
  -0.00274
   0.03780
   0.03915
  -0.00007
  -0.03922
  -0.03772
   0.00288
   0.04050
   0.03614
  -0.00568
  -0.04161
  -0.03441
   0.00845
   0.04256
   0.03255
  -0.01119
  -0.04333
  -0.03056
   0.01389
   0.04394
   0.02845
  -0.01653
  -0.04438
  -0.02623
   0.01911
   0.04464
   0.02390
  -0.02161
  -0.04472
  -0.02148
   0.02402
   0.04463
   0.01898
  -0.02635
  -0.04436
  -0.01639
   0.02856
   0.04392
   0.01375
  -0.03067
  -0.04330
  -0.01105
   0.03265
   0.04251
   0.00831
  -0.03451
  -0.04155
  -0.00553
   0.03622
   0.04043
   0.00274
  -0.03780
  -0.03915
   0.00007
   0.03922
   0.03772
  -0.00288
  -0.04050
  -0.03614
   0.00568
   0.04161
   0.03441
  -0.00845
  -0.04256
  -0.03255
   0.01119
   0.04333
   0.03056
  -0.01389
  -0.04394
  -0.02845
   0.01653
   0.04438
   0.02623
  -0.01911
  -0.04464
  -0.02390
   0.02161
   0.04472
   0.02148
  -0.02402
  -0.04463
  -0.01898
   0.02635
   0.04436
   0.01639
  -0.02856
  -0.04392
  -0.01375
   0.03067
   0.04330
   0.01105
  -0.03265
  -0.04251
  -0.00831
   0.03451
   0.04155
   0.00553
  -0.03622
  -0.04043
  -0.00274
   0.03780
   0.03915
  -0.00007
  -0.03922
  -0.03772
   0.00288
   0.04050
   0.03614
  -0.00568
  -0.04161
  -0.03441
   0.00845
   0.04256
   0.03255
  -0.01119
  -0.04333
  -0.03056
   0.01389
   0.04394
   0.02845
  -0.01653
  -0.04438
  -0.02623
   0.01911
   0.04464
   0.02390
  -0.02161
  -0.04472
  -0.02148
   0.02402
   0.04463
   0.01898
  -0.02635
  -0.04436
  -0.01639
   0.02856
   0.04392
   0.01375
  -0.03067
  -0.04330
  -0.01105
   0.03265
   0.04251
   0.00831
  -0.03451
  -0.04155
  -0.00553
   0.03622
   0.04043
   0.00274
  -0.03780
  -0.03915
   0.00007
   0.03922
   0.03772
  -0.00288
  -0.04050
  -0.03614
   0.00568
   0.04161
   0.03441
  -0.00845
  -0.04256
  -0.03255
   0.01119
   0.04333
   0.03056
  -0.01389
  -0.04394
  -0.02845
   0.01653
   0.04438
   0.02623
  -0.01911
  -0.04464
  -0.02390
   0.02161
   0.04472
   0.02148
  -0.02402
  -0.04463
  -0.01898
   0.02635
   0.04436
   0.01639
  -0.02856
  -0.04392
  -0.01375
   0.03067
   0.04330
   0.01105
  -0.03265
  -0.04251
  -0.00831
   0.03451
   0.04155
   0.00553
  -0.03622
  -0.04043
  -0.00274
   0.03780
   0.03915
  -0.00007
  -0.03922
  -0.03772
   0.00288
   0.04050
   0.03614
  -0.00568
  -0.04161
  -0.03441
   0.00845
   0.04256
   0.03255
  -0.01119
  -0.04333
  -0.03056
   0.01389
   0.04394
   0.02845
  -0.01653
  -0.04438
  -0.02623
   0.01911
   0.04464
   0.02390
  -0.02161
  -0.04472
  -0.02148
   0.02402
   0.04463
   0.01898
  -0.02635
  -0.04436
  -0.01639
   0.02856
   0.04392
   0.01375
  -0.03067
  -0.04330
  -0.01105
   0.03265
   0.04251
   0.00831
  -0.03451
  -0.04155
  -0.00553
   0.03622
   0.04043
   0.00274
  -0.03780
  -0.03915
   0.00007
   0.03922
   0.03772
  -0.00288
  -0.04050
  -0.03614
   0.00568
   0.04161
   0.03441
  -0.00845
  -0.04256
  -0.03255
   0.01119
   0.04333
   0.03056
  -0.01389
  -0.04394
  -0.02845
   0.01653
   0.04438
   0.02623
  -0.01911
  -0.04464
  -0.02390
   0.02161
   0.04472
   0.02148
  -0.02402
  -0.04463
  -0.01898
   0.02635
   0.04436
   0.01639
  -0.02856
  -0.04392
  -0.01375
   0.03067
   0.04330
   0.01105
  -0.03265
  -0.04251
  -0.00831
   0.03451
   0.04155
   0.00553
  -0.03622
  -0.04043
  -0.00274
   0.03780
   0.03915
  -0.00007
  -0.03922
  -0.03772
   0.00288
   0.04050
   0.03614
  -0.00568
  -0.04161
  -0.03441
   0.00845
   0.04256
   0.03255
  -0.01119
  -0.04333
  -0.03056
   0.01389
   0.04394
   0.02845
  -0.01653
  -0.04438
  -0.02623
   0.01911
   0.04464
   0.02390
  -0.02161
  -0.04472
  -0.02148
   0.02402
   0.04463
   0.01898
  -0.02635
  -0.04436
  -0.01639
   0.02856
   0.04392
   0.01375
  -0.03067
  -0.04330
  -0.01105
   0.03265
   0.04251
   0.00831
  -0.03451
  -0.04155
  -0.00553
   0.03622
   0.04043
   0.00274
  -0.03780
  -0.03915
   0.00007
   0.03922
   0.03772
  -0.00288
  -0.04050
  -0.03614
   0.00568
   0.04161
   0.03441
  -0.00845
  -0.04256
  -0.03255
   0.01119
   0.04333
   0.03056
  -0.01389
  -0.04394
  -0.02845
   0.01653
   0.04438
   0.02623
  -0.01911
  -0.04464
  -0.02390
   0.02161
   0.04472
   0.02148
  -0.02402
  -0.04463
  -0.01898
   0.02635
   0.04436
   0.01639
  -0.02856
  -0.04392
  -0.01375
   0.03067
   0.04330
   0.01105
  -0.03265
  -0.04251
  -0.00831
   0.03451
   0.04155
   0.00553
  -0.03622
  -0.04043
  -0.00274
   0.03780
   0.03915
  -0.00007
  -0.03922
  -0.03772
   0.00288
   0.04050
   0.03614
  -0.00568
  -0.04161
  -0.03441
   0.00845
   0.04256
   0.03255
  -0.01119
  -0.04333
  -0.03056
   0.01389
   0.04394
   0.02845
  -0.01653
  -0.04438
  -0.02623
   0.01911
   0.04464
   0.02390
  -0.02161
  -0.04472
  -0.02148
   0.02402
   0.04463
   0.01898
  -0.02635
  -0.04436
  -0.01639
   0.02856
   0.04392
   0.01375
  -0.03067
  -0.04330
  -0.01105
   0.03265
   0.04251
   0.00831
  -0.03451
  -0.04155
  -0.00553
   0.03622
   0.04043
   0.00274
  -0.03780
  -0.03915
   0.00007
