  -0.04395
  -0.04182
  -0.03839
  -0.03379
  -0.02814
  -0.02162
  -0.01444
  -0.00680
   0.00104
   0.00885
   0.01638
   0.02341
   0.02972
   0.03511
   0.03942
   0.04251
   0.04428
   0.04469
   0.04372
   0.04140
   0.03781
   0.03304
   0.02726
   0.02063
   0.01337
   0.00569
  -0.00216
  -0.00994
  -0.01742
  -0.02436
  -0.03055
  -0.03579
  -0.03993
  -0.04284
  -0.04443
  -0.04464
  -0.04347
  -0.04097
  -0.03719
  -0.03227
  -0.02636
  -0.01963
  -0.01229
  -0.00458
   0.00328
   0.01104
   0.01845
   0.02530
   0.03136
   0.03646
   0.04043
   0.04315
   0.04454
   0.04456
   0.04320
   0.04050
   0.03656
   0.03149
   0.02544
   0.01861
   0.01121
   0.00346
  -0.00440
  -0.01212
  -0.01947
  -0.02622
  -0.03215
  -0.03710
  -0.04090
  -0.04343
  -0.04463
  -0.04445
  -0.04289
  -0.04001
  -0.03590
  -0.03068
  -0.02451
  -0.01758
  -0.01011
  -0.00233
   0.00552
   0.01320
   0.02048
   0.02712
   0.03292
   0.03771
   0.04134
   0.04369
   0.04469
   0.04431
   0.04256
   0.03950
   0.03522
   0.02985
   0.02356
   0.01654
   0.00902
   0.00121
  -0.00663
  -0.01427
  -0.02147
  -0.02800
  -0.03367
  -0.03830
  -0.04175
  -0.04391
  -0.04472
  -0.04414
  -0.04220
  -0.03896
  -0.03451
  -0.02900
  -0.02260
  -0.01549
  -0.00791
  -0.00009
   0.00774
   0.01533
   0.02245
   0.02887
   0.03440
   0.03887
   0.04214
   0.04411
   0.04472
   0.04395
   0.04182
   0.03839
   0.03379
   0.02814
   0.02162
   0.01444
   0.00680
  -0.00104
  -0.00885
  -0.01638
  -0.02341
  -0.02972
  -0.03511
  -0.03942
  -0.04251
  -0.04428
  -0.04469
  -0.04372
  -0.04140
  -0.03781
  -0.03304
  -0.02726
  -0.02063
  -0.01337
  -0.00569
   0.00216
   0.00994
   0.01742
   0.02436
   0.03055
   0.03579
   0.03993
   0.04284
   0.04443
   0.04464
   0.04347
   0.04097
   0.03719
   0.03227
   0.02636
   0.01963
   0.01229
   0.00458
  -0.00328
  -0.01104
  -0.01845
  -0.02530
  -0.03136
  -0.03646
  -0.04043
  -0.04315
  -0.04454
  -0.04456
  -0.04320
  -0.04050
  -0.03656
  -0.03149
  -0.02544
  -0.01861
  -0.01121
  -0.00346
   0.00440
   0.01212
   0.01947
   0.02622
   0.03215
   0.03710
   0.04090
   0.04343
   0.04463
   0.04445
   0.04289
   0.04001
   0.03590
   0.03068
   0.02451
   0.01758
   0.01011
   0.00233
  -0.00552
  -0.01320
  -0.02048
  -0.02712
  -0.03292
  -0.03771
  -0.04134
  -0.04369
  -0.04469
  -0.04431
  -0.04256
  -0.03950
  -0.03522
  -0.02985
  -0.02356
  -0.01654
  -0.00902
  -0.00121
   0.00663
   0.01427
   0.02147
   0.02800
   0.03367
   0.03830
   0.04175
   0.04391
   0.04472
   0.04414
   0.04220
   0.03896
   0.03451
   0.02900
   0.02260
   0.01549
   0.00791
   0.00009
  -0.00774
  -0.01533
  -0.02245
  -0.02887
  -0.03440
  -0.03887
  -0.04214
  -0.04411
  -0.04472
  -0.04395
  -0.04182
  -0.03839
  -0.03379
  -0.02814
  -0.02162
  -0.01444
  -0.00680
   0.00104
   0.00885
   0.01638
   0.02341
   0.02972
   0.03511
   0.03942
   0.04251
   0.04428
   0.04469
   0.04372
   0.04140
   0.03781
   0.03304
   0.02726
   0.02063
   0.01337
   0.00569
  -0.00216
  -0.00994
  -0.01742
  -0.02436
  -0.03055
  -0.03579
  -0.03993
  -0.04284
  -0.04443
  -0.04464
  -0.04347
  -0.04097
  -0.03719
  -0.03227
  -0.02636
  -0.01963
  -0.01229
  -0.00458
   0.00328
   0.01104
   0.01845
   0.02530
   0.03136
   0.03646
   0.04043
   0.04315
   0.04454
   0.04456
   0.04320
   0.04050
   0.03656
   0.03149
   0.02544
   0.01861
   0.01121
   0.00346
  -0.00440
  -0.01212
  -0.01947
  -0.02622
  -0.03215
  -0.03710
  -0.04090
  -0.04343
  -0.04463
  -0.04445
  -0.04289
  -0.04001
  -0.03590
  -0.03068
  -0.02451
  -0.01758
  -0.01011
  -0.00233
   0.00552
   0.01320
   0.02048
   0.02712
   0.03292
   0.03771
   0.04134
   0.04369
   0.04469
   0.04431
   0.04256
   0.03950
   0.03522
   0.02985
   0.02356
   0.01654
   0.00902
   0.00121
  -0.00663
  -0.01427
  -0.02147
  -0.02800
  -0.03367
  -0.03830
  -0.04175
  -0.04391
  -0.04472
  -0.04414
  -0.04220
  -0.03896
  -0.03451
  -0.02900
  -0.02260
  -0.01549
  -0.00791
  -0.00009
   0.00774
   0.01533
   0.02245
   0.02887
   0.03440
   0.03887
   0.04214
   0.04411
   0.04472
   0.04395
   0.04182
   0.03839
   0.03379
   0.02814
   0.02162
   0.01444
   0.00680
  -0.00104
  -0.00885
  -0.01638
  -0.02341
  -0.02972
  -0.03511
  -0.03942
  -0.04251
  -0.04428
  -0.04469
  -0.04372
  -0.04140
  -0.03781
  -0.03304
  -0.02726
  -0.02063
  -0.01337
  -0.00569
   0.00216
   0.00994
   0.01742
   0.02436
   0.03055
   0.03579
   0.03993
   0.04284
   0.04443
   0.04464
   0.04347
   0.04097
   0.03719
   0.03227
   0.02636
   0.01963
   0.01229
   0.00458
  -0.00328
  -0.01104
  -0.01845
  -0.02530
  -0.03136
  -0.03646
  -0.04043
  -0.04315
  -0.04454
  -0.04456
  -0.04320
  -0.04050
  -0.03656
  -0.03149
  -0.02544
  -0.01861
  -0.01121
  -0.00346
   0.00440
   0.01212
   0.01947
   0.02622
   0.03215
   0.03710
   0.04090
   0.04343
   0.04463
   0.04445
   0.04289
   0.04001
   0.03590
   0.03068
   0.02451
   0.01758
   0.01011
   0.00233
  -0.00552
  -0.01320
  -0.02048
  -0.02712
  -0.03292
  -0.03771
  -0.04134
  -0.04369
  -0.04469
  -0.04431
  -0.04256
  -0.03950
  -0.03522
  -0.02985
  -0.02356
  -0.01654
  -0.00902
  -0.00121
   0.00663
   0.01427
   0.02147
   0.02800
   0.03367
   0.03830
   0.04175
   0.04391
   0.04472
   0.04414
   0.04220
   0.03896
   0.03451
   0.02900
   0.02260
   0.01549
   0.00791
   0.00009
  -0.00774
  -0.01533
  -0.02245
  -0.02887
  -0.03440
  -0.03887
  -0.04214
  -0.04411
  -0.04472
  -0.04395
  -0.04182
  -0.03839
  -0.03379
  -0.02814
  -0.02162
  -0.01444
  -0.00680
   0.00104
   0.00885
   0.01638
   0.02341
   0.02972
   0.03511
   0.03942
   0.04251
   0.04428
   0.04469
   0.04372
   0.04140
   0.03781
   0.03304
   0.02726
   0.02063
   0.01337
   0.00569
  -0.00216
  -0.00994
  -0.01742
  -0.02436
  -0.03055
  -0.03579
  -0.03993
  -0.04284
  -0.04443
  -0.04464
  -0.04347
  -0.04097
  -0.03719
  -0.03227
  -0.02636
  -0.01963
  -0.01229
  -0.00458
   0.00328
   0.01104
   0.01845
   0.02530
   0.03136
   0.03646
   0.04043
   0.04315
   0.04454
   0.04456
   0.04320
   0.04050
   0.03656
   0.03149
   0.02544
   0.01861
   0.01121
   0.00346
  -0.00440
  -0.01212
  -0.01947
  -0.02622
  -0.03215
  -0.03710
  -0.04090
  -0.04343
  -0.04463
  -0.04445
  -0.04289
  -0.04001
  -0.03590
  -0.03068
  -0.02451
  -0.01758
  -0.01011
  -0.00233
   0.00552
   0.01320
   0.02048
   0.02712
   0.03292
   0.03771
   0.04134
   0.04369
   0.04469
   0.04431
   0.04256
   0.03950
   0.03522
   0.02985
   0.02356
   0.01654
   0.00902
   0.00121
  -0.00663
  -0.01427
  -0.02147
  -0.02800
  -0.03367
  -0.03830
  -0.04175
  -0.04391
  -0.04472
  -0.04414
  -0.04220
  -0.03896
  -0.03451
  -0.02900
  -0.02260
  -0.01549
  -0.00791
  -0.00009
   0.00774
   0.01533
   0.02245
   0.02887
   0.03440
   0.03887
   0.04214
   0.04411
   0.04472
   0.04395
   0.04182
   0.03839
   0.03379
   0.02814
   0.02162
   0.01444
   0.00680
  -0.00104
  -0.00885
  -0.01638
  -0.02341
  -0.02972
  -0.03511
  -0.03942
  -0.04251
  -0.04428
  -0.04469
  -0.04372
  -0.04140
  -0.03781
  -0.03304
  -0.02726
  -0.02063
  -0.01337
  -0.00569
   0.00216
   0.00994
   0.01742
   0.02436
   0.03055
   0.03579
   0.03993
   0.04284
   0.04443
   0.04464
   0.04347
   0.04097
   0.03719
   0.03227
   0.02636
   0.01963
   0.01229
   0.00458
  -0.00328
  -0.01104
  -0.01845
  -0.02530
  -0.03136
  -0.03646
  -0.04043
  -0.04315
  -0.04454
  -0.04456
  -0.04320
  -0.04050
  -0.03656
  -0.03149
  -0.02544
  -0.01861
  -0.01121
  -0.00346
   0.00440
   0.01212
   0.01947
   0.02622
   0.03215
   0.03710
   0.04090
   0.04343
   0.04463
   0.04445
   0.04289
   0.04001
   0.03590
   0.03068
   0.02451
   0.01758
   0.01011
   0.00233
  -0.00552
  -0.01320
  -0.02048
  -0.02712
  -0.03292
  -0.03771
  -0.04134
  -0.04369
  -0.04469
  -0.04431
  -0.04256
  -0.03950
  -0.03522
  -0.02985
  -0.02356
  -0.01654
  -0.00902
  -0.00121
   0.00663
   0.01427
   0.02147
   0.02800
   0.03367
   0.03830
   0.04175
   0.04391
   0.04472
   0.04414
   0.04220
   0.03896
   0.03451
   0.02900
   0.02260
   0.01549
   0.00791
   0.00009
  -0.00774
  -0.01533
  -0.02245
  -0.02887
  -0.03440
  -0.03887
  -0.04214
  -0.04411
  -0.04472
  -0.04395
  -0.04182
  -0.03839
  -0.03379
  -0.02814
  -0.02162
  -0.01444
  -0.00680
   0.00104
   0.00885
   0.01638
   0.02341
   0.02972
   0.03511
   0.03942
   0.04251
   0.04428
   0.04469
   0.04372
   0.04140
   0.03781
   0.03304
   0.02726
   0.02063
   0.01337
   0.00569
  -0.00216
  -0.00994
  -0.01742
  -0.02436
  -0.03055
  -0.03579
  -0.03993
  -0.04284
  -0.04443
  -0.04464
  -0.04347
  -0.04097
  -0.03719
  -0.03227
  -0.02636
  -0.01963
  -0.01229
  -0.00458
   0.00328
   0.01104
   0.01845
   0.02530
   0.03136
   0.03646
   0.04043
   0.04315
   0.04454
   0.04456
   0.04320
   0.04050
   0.03656
   0.03149
   0.02544
   0.01861
   0.01121
   0.00346
  -0.00440
  -0.01212
  -0.01947
  -0.02622
  -0.03215
  -0.03710
  -0.04090
  -0.04343
  -0.04463
  -0.04445
  -0.04289
  -0.04001
  -0.03590
  -0.03068
  -0.02451
  -0.01758
  -0.01011
  -0.00233
   0.00552
   0.01320
   0.02048
   0.02712
   0.03292
   0.03771
   0.04134
   0.04369
   0.04469
   0.04431
   0.04256
   0.03950
   0.03522
   0.02985
   0.02356
   0.01654
   0.00902
   0.00121
  -0.00663
  -0.01427
  -0.02147
  -0.02800
  -0.03367
  -0.03830
  -0.04175
  -0.04391
  -0.04472
  -0.04414
  -0.04220
  -0.03896
  -0.03451
  -0.02900
  -0.02260
  -0.01549
  -0.00791
  -0.00009
   0.00774
   0.01533
   0.02245
   0.02887
   0.03440
   0.03887
   0.04214
   0.04411
   0.04472
   0.04395
   0.04182
   0.03839
   0.03379
   0.02814
   0.02162
   0.01444
   0.00680
  -0.00104
  -0.00885
  -0.01638
  -0.02341
  -0.02972
  -0.03511
  -0.03942
  -0.04251
  -0.04428
  -0.04469
  -0.04372
  -0.04140
  -0.03781
  -0.03304
  -0.02726
  -0.02063
  -0.01337
  -0.00569
   0.00216
   0.00994
   0.01742
   0.02436
   0.03055
   0.03579
   0.03993
   0.04284
   0.04443
   0.04464
   0.04347
   0.04097
   0.03719
   0.03227
   0.02636
   0.01963
   0.01229
   0.00458
  -0.00328
  -0.01104
  -0.01845
  -0.02530
  -0.03136
  -0.03646
  -0.04043
  -0.04315
  -0.04454
  -0.04456
  -0.04320
  -0.04050
  -0.03656
  -0.03149
  -0.02544
  -0.01861
  -0.01121
  -0.00346
   0.00440
   0.01212
   0.01947
   0.02622
   0.03215
   0.03710
   0.04090
   0.04343
   0.04463
   0.04445
   0.04289
   0.04001
   0.03590
   0.03068
   0.02451
   0.01758
   0.01011
   0.00233
  -0.00552
  -0.01320
  -0.02048
  -0.02712
  -0.03292
  -0.03771
  -0.04134
  -0.04369
  -0.04469
  -0.04431
  -0.04256
  -0.03950
  -0.03522
  -0.02985
  -0.02356
  -0.01654
  -0.00902
  -0.00121
   0.00663
   0.01427
   0.02147
   0.02800
   0.03367
   0.03830
   0.04175
   0.04391
   0.04472
   0.04414
   0.04220
   0.03896
   0.03451
   0.02900
   0.02260
   0.01549
   0.00791
   0.00009
  -0.00774
  -0.01533
  -0.02245
  -0.02887
  -0.03440
  -0.03887
  -0.04214
  -0.04411
  -0.04472
