   0.02001
  -0.02632
  -0.04421
  -0.01431
   0.03106
   0.04285
   0.00833
  -0.03519
  -0.04068
  -0.00220
   0.03866
   0.03773
  -0.00398
  -0.04139
  -0.03407
   0.01008
   0.04333
   0.02975
  -0.01598
  -0.04444
  -0.02486
   0.02159
   0.04471
   0.01951
  -0.02678
  -0.04412
  -0.01377
   0.03146
   0.04269
   0.00778
  -0.03554
  -0.04044
  -0.00164
   0.03894
   0.03743
  -0.00454
  -0.04160
  -0.03370
   0.01062
   0.04346
   0.02933
  -0.01651
  -0.04450
  -0.02440
   0.02208
   0.04469
   0.01900
  -0.02723
  -0.04402
  -0.01324
   0.03185
   0.04252
   0.00723
  -0.03588
  -0.04020
  -0.00108
   0.03921
   0.03712
  -0.00509
  -0.04180
  -0.03333
   0.01117
   0.04359
   0.02890
  -0.01703
  -0.04455
  -0.02392
   0.02256
   0.04466
   0.01849
  -0.02767
  -0.04392
  -0.01270
   0.03225
   0.04234
   0.00667
  -0.03621
  -0.03995
  -0.00051
   0.03948
   0.03680
  -0.00565
  -0.04200
  -0.03295
   0.01171
   0.04371
   0.02847
  -0.01755
  -0.04460
  -0.02345
   0.02305
   0.04463
   0.01798
  -0.02811
  -0.04381
  -0.01216
   0.03263
   0.04216
   0.00612
  -0.03654
  -0.03970
   0.00005
   0.03974
   0.03648
  -0.00621
  -0.04219
  -0.03257
   0.01225
   0.04383
   0.02803
  -0.01806
  -0.04464
  -0.02297
   0.02353
   0.04459
   0.01746
  -0.02854
  -0.04369
  -0.01162
   0.03301
   0.04197
   0.00556
  -0.03686
  -0.03943
   0.00061
   0.04000
   0.03615
  -0.00677
  -0.04237
  -0.03218
   0.01279
   0.04394
   0.02759
  -0.01857
  -0.04467
  -0.02248
   0.02400
   0.04454
   0.01694
  -0.02897
  -0.04357
  -0.01108
   0.03339
   0.04177
   0.00500
  -0.03717
  -0.03917
   0.00117
   0.04024
   0.03582
  -0.00732
  -0.04255
  -0.03179
   0.01333
   0.04404
   0.02715
  -0.01908
  -0.04469
  -0.02199
   0.02448
   0.04449
   0.01642
  -0.02940
  -0.04344
  -0.01053
   0.03376
   0.04156
   0.00444
  -0.03748
  -0.03889
   0.00173
   0.04049
   0.03548
  -0.00787
  -0.04272
  -0.03139
   0.01386
   0.04413
   0.02670
  -0.01959
  -0.04471
  -0.02150
   0.02494
   0.04443
   0.01589
  -0.02982
  -0.04330
  -0.00998
   0.03413
   0.04135
   0.00388
  -0.03778
  -0.03861
   0.00229
   0.04072
   0.03513
  -0.00843
  -0.04288
  -0.03099
   0.01440
   0.04422
   0.02625
  -0.02009
  -0.04472
  -0.02101
   0.02541
   0.04436
   0.01537
  -0.03024
  -0.04316
  -0.00943
   0.03449
   0.04114
   0.00332
  -0.03808
  -0.03833
   0.00286
   0.04095
   0.03478
  -0.00898
  -0.04304
  -0.03058
   0.01493
   0.04430
   0.02579
  -0.02060
  -0.04472
  -0.02051
   0.02587
   0.04429
   0.01484
  -0.03065
  -0.04301
  -0.00888
   0.03484
   0.04091
   0.00276
  -0.03837
  -0.03803
   0.00342
   0.04117
   0.03443
  -0.00953
  -0.04319
  -0.03017
   0.01546
   0.04437
   0.02533
  -0.02109
  -0.04472
  -0.02001
   0.02632
   0.04421
   0.01431
  -0.03106
  -0.04285
  -0.00833
   0.03519
   0.04068
   0.00220
  -0.03866
  -0.03773
   0.00398
   0.04139
   0.03407
  -0.01008
  -0.04333
  -0.02975
   0.01598
   0.04444
   0.02486
  -0.02159
  -0.04471
  -0.01951
   0.02678
   0.04412
   0.01377
  -0.03146
  -0.04269
  -0.00778
   0.03554
   0.04044
   0.00164
  -0.03894
  -0.03743
   0.00454
   0.04160
   0.03370
  -0.01062
  -0.04346
  -0.02933
   0.01651
   0.04450
   0.02440
  -0.02208
  -0.04469
  -0.01900
   0.02723
   0.04402
   0.01324
  -0.03185
  -0.04252
  -0.00723
   0.03588
   0.04020
   0.00108
  -0.03921
  -0.03712
   0.00509
   0.04180
   0.03333
  -0.01117
  -0.04359
  -0.02890
   0.01703
   0.04455
   0.02392
  -0.02256
  -0.04466
  -0.01849
   0.02767
   0.04392
   0.01270
  -0.03225
  -0.04234
  -0.00667
   0.03621
   0.03995
   0.00051
  -0.03948
  -0.03680
   0.00565
   0.04200
   0.03295
  -0.01171
  -0.04371
  -0.02847
   0.01755
   0.04460
   0.02345
  -0.02305
  -0.04463
  -0.01798
   0.02811
   0.04381
   0.01216
  -0.03263
  -0.04216
  -0.00612
   0.03654
   0.03970
  -0.00005
  -0.03974
  -0.03648
   0.00621
   0.04219
   0.03257
  -0.01225
  -0.04383
  -0.02803
   0.01806
   0.04464
   0.02297
  -0.02353
  -0.04459
  -0.01746
   0.02854
   0.04369
   0.01162
  -0.03301
  -0.04197
  -0.00556
   0.03686
   0.03943
  -0.00061
  -0.04000
  -0.03615
   0.00677
   0.04237
   0.03218
  -0.01279
  -0.04394
  -0.02759
   0.01857
   0.04467
   0.02248
  -0.02400
  -0.04454
  -0.01694
   0.02897
   0.04357
   0.01108
  -0.03339
  -0.04177
  -0.00500
   0.03717
   0.03917
  -0.00117
  -0.04024
  -0.03582
   0.00732
   0.04255
   0.03179
  -0.01333
  -0.04404
  -0.02715
   0.01908
   0.04469
   0.02199
  -0.02448
  -0.04449
  -0.01642
   0.02940
   0.04344
   0.01053
  -0.03376
  -0.04156
  -0.00444
   0.03748
   0.03889
  -0.00173
  -0.04049
  -0.03548
   0.00787
   0.04272
   0.03139
  -0.01386
  -0.04413
  -0.02670
   0.01959
   0.04471
   0.02150
  -0.02494
  -0.04443
  -0.01589
   0.02982
   0.04330
   0.00998
  -0.03413
  -0.04135
  -0.00388
   0.03778
   0.03861
  -0.00229
  -0.04072
  -0.03513
   0.00843
   0.04288
   0.03099
  -0.01440
  -0.04422
  -0.02625
   0.02009
   0.04472
   0.02101
  -0.02541
  -0.04436
  -0.01537
   0.03024
   0.04316
   0.00943
  -0.03449
  -0.04114
  -0.00332
   0.03808
   0.03833
  -0.00286
  -0.04095
  -0.03478
   0.00898
   0.04304
   0.03058
  -0.01493
  -0.04430
  -0.02579
   0.02060
   0.04472
   0.02051
  -0.02587
  -0.04429
  -0.01484
   0.03065
   0.04301
   0.00888
  -0.03484
  -0.04091
  -0.00276
   0.03837
   0.03803
  -0.00342
  -0.04117
  -0.03443
   0.00953
   0.04319
   0.03017
  -0.01546
  -0.04437
  -0.02533
   0.02109
   0.04472
   0.02001
  -0.02632
  -0.04421
  -0.01431
   0.03106
   0.04285
   0.00833
  -0.03519
  -0.04068
  -0.00220
   0.03866
   0.03773
  -0.00398
  -0.04139
  -0.03407
   0.01008
   0.04333
   0.02975
  -0.01598
  -0.04444
  -0.02486
   0.02159
   0.04471
   0.01951
  -0.02678
  -0.04412
  -0.01377
   0.03146
   0.04269
   0.00778
  -0.03554
  -0.04044
  -0.00164
   0.03894
   0.03743
  -0.00454
  -0.04160
  -0.03370
   0.01062
   0.04346
   0.02933
  -0.01651
  -0.04450
  -0.02440
   0.02208
   0.04469
   0.01900
  -0.02723
  -0.04402
  -0.01324
   0.03185
   0.04252
   0.00723
  -0.03588
  -0.04020
  -0.00108
   0.03921
   0.03712
  -0.00509
  -0.04180
  -0.03333
   0.01117
   0.04359
   0.02890
  -0.01703
  -0.04455
  -0.02392
   0.02256
   0.04466
   0.01849
  -0.02767
  -0.04392
  -0.01270
   0.03225
   0.04234
   0.00667
  -0.03621
  -0.03995
  -0.00051
   0.03948
   0.03680
  -0.00565
  -0.04200
  -0.03295
   0.01171
   0.04371
   0.02847
  -0.01755
  -0.04460
  -0.02345
   0.02305
   0.04463
   0.01798
  -0.02811
  -0.04381
  -0.01216
   0.03263
   0.04216
   0.00612
  -0.03654
  -0.03970
   0.00005
   0.03974
   0.03648
  -0.00621
  -0.04219
  -0.03257
   0.01225
   0.04383
   0.02803
  -0.01806
  -0.04464
  -0.02297
   0.02353
   0.04459
   0.01746
  -0.02854
  -0.04369
  -0.01162
   0.03301
   0.04197
   0.00556
  -0.03686
  -0.03943
   0.00061
   0.04000
   0.03615
  -0.00677
  -0.04237
  -0.03218
   0.01279
   0.04394
   0.02759
  -0.01857
  -0.04467
  -0.02248
   0.02400
   0.04454
   0.01694
  -0.02897
  -0.04357
  -0.01108
   0.03339
   0.04177
   0.00500
  -0.03717
  -0.03917
   0.00117
   0.04024
   0.03582
  -0.00732
  -0.04255
  -0.03179
   0.01333
   0.04404
   0.02715
  -0.01908
  -0.04469
  -0.02199
   0.02448
   0.04449
   0.01642
  -0.02940
  -0.04344
  -0.01053
   0.03376
   0.04156
   0.00444
  -0.03748
  -0.03889
   0.00173
   0.04049
   0.03548
  -0.00787
  -0.04272
  -0.03139
   0.01386
   0.04413
   0.02670
  -0.01959
  -0.04471
  -0.02150
   0.02494
   0.04443
   0.01589
  -0.02982
  -0.04330
  -0.00998
   0.03413
   0.04135
   0.00388
  -0.03778
  -0.03861
   0.00229
   0.04072
   0.03513
  -0.00843
  -0.04288
  -0.03099
   0.01440
   0.04422
   0.02625
  -0.02009
  -0.04472
  -0.02101
   0.02541
   0.04436
   0.01537
  -0.03024
  -0.04316
  -0.00943
   0.03449
   0.04114
   0.00332
  -0.03808
  -0.03833
   0.00286
   0.04095
   0.03478
  -0.00898
  -0.04304
  -0.03058
   0.01493
   0.04430
   0.02579
  -0.02060
  -0.04472
  -0.02051
   0.02587
   0.04429
   0.01484
  -0.03065
  -0.04301
  -0.00888
   0.03484
   0.04091
   0.00276
  -0.03837
  -0.03803
   0.00342
   0.04117
   0.03443
  -0.00953
  -0.04319
  -0.03017
   0.01546
   0.04437
   0.02533
  -0.02109
  -0.04472
  -0.02001
   0.02632
   0.04421
   0.01431
  -0.03106
  -0.04285
  -0.00833
   0.03519
   0.04068
   0.00220
  -0.03866
  -0.03773
   0.00398
   0.04139
   0.03407
  -0.01008
  -0.04333
  -0.02975
   0.01598
   0.04444
   0.02486
  -0.02159
  -0.04471
  -0.01951
   0.02678
   0.04412
   0.01377
  -0.03146
  -0.04269
  -0.00778
   0.03554
   0.04044
   0.00164
  -0.03894
  -0.03743
   0.00454
   0.04160
   0.03370
  -0.01062
  -0.04346
  -0.02933
   0.01651
   0.04450
   0.02440
  -0.02208
  -0.04469
  -0.01900
   0.02723
   0.04402
   0.01324
  -0.03185
  -0.04252
  -0.00723
   0.03588
   0.04020
   0.00108
  -0.03921
  -0.03712
   0.00509
   0.04180
   0.03333
  -0.01117
  -0.04359
  -0.02890
   0.01703
   0.04455
   0.02392
  -0.02256
  -0.04466
  -0.01849
   0.02767
   0.04392
   0.01270
  -0.03225
  -0.04234
  -0.00667
   0.03621
   0.03995
   0.00051
  -0.03948
  -0.03680
   0.00565
   0.04200
   0.03295
  -0.01171
  -0.04371
  -0.02847
   0.01755
   0.04460
   0.02345
  -0.02305
  -0.04463
  -0.01798
   0.02811
   0.04381
   0.01216
  -0.03263
  -0.04216
  -0.00612
   0.03654
   0.03970
  -0.00005
  -0.03974
  -0.03648
   0.00621
   0.04219
   0.03257
  -0.01225
  -0.04383
  -0.02803
   0.01806
   0.04464
   0.02297
  -0.02353
  -0.04459
  -0.01746
   0.02854
   0.04369
   0.01162
  -0.03301
  -0.04197
  -0.00556
   0.03686
   0.03943
  -0.00061
  -0.04000
  -0.03615
   0.00677
   0.04237
   0.03218
  -0.01279
  -0.04394
  -0.02759
   0.01857
   0.04467
   0.02248
  -0.02400
  -0.04454
  -0.01694
   0.02897
   0.04357
   0.01108
  -0.03339
  -0.04177
  -0.00500
   0.03717
   0.03917
  -0.00117
  -0.04024
  -0.03582
   0.00732
   0.04255
   0.03179
  -0.01333
  -0.04404
  -0.02715
   0.01908
   0.04469
   0.02199
  -0.02448
  -0.04449
  -0.01642
   0.02940
   0.04344
   0.01053
  -0.03376
  -0.04156
  -0.00444
   0.03748
   0.03889
  -0.00173
  -0.04049
  -0.03548
   0.00787
   0.04272
   0.03139
  -0.01386
  -0.04413
  -0.02670
   0.01959
   0.04471
   0.02150
  -0.02494
  -0.04443
  -0.01589
   0.02982
   0.04330
   0.00998
  -0.03413
  -0.04135
  -0.00388
   0.03778
   0.03861
  -0.00229
  -0.04072
  -0.03513
   0.00843
   0.04288
   0.03099
  -0.01440
  -0.04422
  -0.02625
   0.02009
   0.04472
   0.02101
  -0.02541
  -0.04436
  -0.01537
   0.03024
   0.04316
   0.00943
  -0.03449
  -0.04114
  -0.00332
   0.03808
   0.03833
  -0.00286
  -0.04095
  -0.03478
   0.00898
   0.04304
   0.03058
  -0.01493
  -0.04430
  -0.02579
   0.02060
   0.04472
   0.02051
  -0.02587
  -0.04429
  -0.01484
   0.03065
   0.04301
   0.00888
  -0.03484
  -0.04091
  -0.00276
   0.03837
   0.03803
  -0.00342
  -0.04117
  -0.03443
   0.00953
   0.04319
   0.03017
  -0.01546
  -0.04437
  -0.02533
   0.02109
   0.04472
