  -0.04410
   0.01233
   0.04132
  -0.02166
  -0.03643
   0.02988
   0.02969
  -0.03658
  -0.02143
   0.04142
   0.01208
  -0.04415
  -0.00212
   0.04462
  -0.00795
  -0.04283
   0.01762
   0.03885
  -0.02639
  -0.03290
   0.03382
   0.02526
  -0.03952
  -0.01634
   0.04321
   0.00659
  -0.04469
   0.00350
   0.04390
  -0.01341
  -0.04088
   0.02263
   0.03577
  -0.03071
  -0.02884
   0.03722
   0.02044
  -0.04183
  -0.01100
   0.04431
   0.00099
  -0.04454
   0.00906
   0.04249
  -0.01865
  -0.03828
   0.02729
   0.03212
  -0.03454
  -0.02433
   0.04003
   0.01529
  -0.04348
  -0.00548
   0.04472
  -0.00462
  -0.04368
   0.01448
   0.04041
  -0.02360
  -0.03508
   0.03152
   0.02797
  -0.03783
  -0.01943
   0.04221
   0.00990
  -0.04445
   0.00013
   0.04442
  -0.01016
  -0.04213
   0.01966
   0.03769
  -0.02817
  -0.03133
   0.03524
   0.02338
  -0.04052
  -0.01423
   0.04373
   0.00436
  -0.04472
   0.00573
   0.04342
  -0.01553
  -0.03992
   0.02454
   0.03438
  -0.03230
  -0.02708
   0.03842
   0.01841
  -0.04257
  -0.00880
   0.04456
  -0.00125
  -0.04428
   0.01125
   0.04174
  -0.02067
  -0.03707
   0.02904
   0.03052
  -0.03592
  -0.02241
   0.04098
   0.01316
  -0.04395
  -0.00324
   0.04468
  -0.00685
  -0.04314
   0.01658
   0.03940
  -0.02548
  -0.03365
   0.03307
   0.02618
  -0.03898
  -0.01738
   0.04290
   0.00770
  -0.04464
   0.00238
   0.04410
  -0.01233
  -0.04132
   0.02166
   0.03643
  -0.02988
  -0.02969
   0.03658
   0.02143
  -0.04142
  -0.01208
   0.04415
   0.00212
  -0.04462
   0.00795
   0.04283
  -0.01762
  -0.03885
   0.02639
   0.03290
  -0.03382
  -0.02526
   0.03952
   0.01634
  -0.04321
  -0.00659
   0.04469
  -0.00350
  -0.04390
   0.01341
   0.04088
  -0.02263
  -0.03577
   0.03071
   0.02884
  -0.03722
  -0.02044
   0.04183
   0.01100
  -0.04431
  -0.00099
   0.04454
  -0.00906
  -0.04249
   0.01865
   0.03828
  -0.02729
  -0.03212
   0.03454
   0.02433
  -0.04003
  -0.01529
   0.04348
   0.00548
  -0.04472
   0.00462
   0.04368
  -0.01448
  -0.04041
   0.02360
   0.03508
  -0.03152
  -0.02797
   0.03783
   0.01943
  -0.04221
  -0.00990
   0.04445
  -0.00013
  -0.04442
   0.01016
   0.04213
  -0.01966
  -0.03769
   0.02817
   0.03133
  -0.03524
  -0.02338
   0.04052
   0.01423
  -0.04373
  -0.00436
   0.04472
  -0.00573
  -0.04342
   0.01553
   0.03992
  -0.02454
  -0.03438
   0.03230
   0.02708
  -0.03842
  -0.01841
   0.04257
   0.00880
  -0.04456
   0.00125
   0.04428
  -0.01125
  -0.04174
   0.02067
   0.03707
  -0.02904
  -0.03052
   0.03592
   0.02241
  -0.04098
  -0.01316
   0.04395
   0.00324
  -0.04468
   0.00685
   0.04314
  -0.01658
  -0.03940
   0.02548
   0.03365
  -0.03307
  -0.02618
   0.03898
   0.01738
  -0.04290
  -0.00770
   0.04464
  -0.00238
  -0.04410
   0.01233
   0.04132
  -0.02166
  -0.03643
   0.02988
   0.02969
  -0.03658
  -0.02143
   0.04142
   0.01208
  -0.04415
  -0.00212
   0.04462
  -0.00795
  -0.04283
   0.01762
   0.03885
  -0.02639
  -0.03290
   0.03382
   0.02526
  -0.03952
  -0.01634
   0.04321
   0.00659
  -0.04469
   0.00350
   0.04390
  -0.01341
  -0.04088
   0.02263
   0.03577
  -0.03071
  -0.02884
   0.03722
   0.02044
  -0.04183
  -0.01100
   0.04431
   0.00099
  -0.04454
   0.00906
   0.04249
  -0.01865
  -0.03828
   0.02729
   0.03212
  -0.03454
  -0.02433
   0.04003
   0.01529
  -0.04348
  -0.00548
   0.04472
  -0.00462
  -0.04368
   0.01448
   0.04041
  -0.02360
  -0.03508
   0.03152
   0.02797
  -0.03783
  -0.01943
   0.04221
   0.00990
  -0.04445
   0.00013
   0.04442
  -0.01016
  -0.04213
   0.01966
   0.03769
  -0.02817
  -0.03133
   0.03524
   0.02338
  -0.04052
  -0.01423
   0.04373
   0.00436
  -0.04472
   0.00573
   0.04342
  -0.01553
  -0.03992
   0.02454
   0.03438
  -0.03230
  -0.02708
   0.03842
   0.01841
  -0.04257
  -0.00880
   0.04456
  -0.00125
  -0.04428
   0.01125
   0.04174
  -0.02067
  -0.03707
   0.02904
   0.03052
  -0.03592
  -0.02241
   0.04098
   0.01316
  -0.04395
  -0.00324
   0.04468
  -0.00685
  -0.04314
   0.01658
   0.03940
  -0.02548
  -0.03365
   0.03307
   0.02618
  -0.03898
  -0.01738
   0.04290
   0.00770
  -0.04464
   0.00238
   0.04410
  -0.01233
  -0.04132
   0.02166
   0.03643
  -0.02988
  -0.02969
   0.03658
   0.02143
  -0.04142
  -0.01208
   0.04415
   0.00212
  -0.04462
   0.00795
   0.04283
  -0.01762
  -0.03885
   0.02639
   0.03290
  -0.03382
  -0.02526
   0.03952
   0.01634
  -0.04321
  -0.00659
   0.04469
  -0.00350
  -0.04390
   0.01341
   0.04088
  -0.02263
  -0.03577
   0.03071
   0.02884
  -0.03722
  -0.02044
   0.04183
   0.01100
  -0.04431
  -0.00099
   0.04454
  -0.00906
  -0.04249
   0.01865
   0.03828
  -0.02729
  -0.03212
   0.03454
   0.02433
  -0.04003
  -0.01529
   0.04348
   0.00548
  -0.04472
   0.00462
   0.04368
  -0.01448
  -0.04041
   0.02360
   0.03508
  -0.03152
  -0.02797
   0.03783
   0.01943
  -0.04221
  -0.00990
   0.04445
  -0.00013
  -0.04442
   0.01016
   0.04213
  -0.01966
  -0.03769
   0.02817
   0.03133
  -0.03524
  -0.02338
   0.04052
   0.01423
  -0.04373
  -0.00436
   0.04472
  -0.00573
  -0.04342
   0.01553
   0.03992
  -0.02454
  -0.03438
   0.03230
   0.02708
  -0.03842
  -0.01841
   0.04257
   0.00880
  -0.04456
   0.00125
   0.04428
  -0.01125
  -0.04174
   0.02067
   0.03707
  -0.02904
  -0.03052
   0.03592
   0.02241
  -0.04098
  -0.01316
   0.04395
   0.00324
  -0.04468
   0.00685
   0.04314
  -0.01658
  -0.03940
   0.02548
   0.03365
  -0.03307
  -0.02618
   0.03898
   0.01738
  -0.04290
  -0.00770
   0.04464
  -0.00238
  -0.04410
   0.01233
   0.04132
  -0.02166
  -0.03643
   0.02988
   0.02969
  -0.03658
  -0.02143
   0.04142
   0.01208
  -0.04415
  -0.00212
   0.04462
  -0.00795
  -0.04283
   0.01762
   0.03885
  -0.02639
  -0.03290
   0.03382
   0.02526
  -0.03952
  -0.01634
   0.04321
   0.00659
  -0.04469
   0.00350
   0.04390
  -0.01341
  -0.04088
   0.02263
   0.03577
  -0.03071
  -0.02884
   0.03722
   0.02044
  -0.04183
  -0.01100
   0.04431
   0.00099
  -0.04454
   0.00906
   0.04249
  -0.01865
  -0.03828
   0.02729
   0.03212
  -0.03454
  -0.02433
   0.04003
   0.01529
  -0.04348
  -0.00548
   0.04472
  -0.00462
  -0.04368
   0.01448
   0.04041
  -0.02360
  -0.03508
   0.03152
   0.02797
  -0.03783
  -0.01943
   0.04221
   0.00990
  -0.04445
   0.00013
   0.04442
  -0.01016
  -0.04213
   0.01966
   0.03769
  -0.02817
  -0.03133
   0.03524
   0.02338
  -0.04052
  -0.01423
   0.04373
   0.00436
  -0.04472
   0.00573
   0.04342
  -0.01553
  -0.03992
   0.02454
   0.03438
  -0.03230
  -0.02708
   0.03842
   0.01841
  -0.04257
  -0.00880
   0.04456
  -0.00125
  -0.04428
   0.01125
   0.04174
  -0.02067
  -0.03707
   0.02904
   0.03052
  -0.03592
  -0.02241
   0.04098
   0.01316
  -0.04395
  -0.00324
   0.04468
  -0.00685
  -0.04314
   0.01658
   0.03940
  -0.02548
  -0.03365
   0.03307
   0.02618
  -0.03898
  -0.01738
   0.04290
   0.00770
  -0.04464
   0.00238
   0.04410
  -0.01233
  -0.04132
   0.02166
   0.03643
  -0.02988
  -0.02969
   0.03658
   0.02143
  -0.04142
  -0.01208
   0.04415
   0.00212
  -0.04462
   0.00795
   0.04283
  -0.01762
  -0.03885
   0.02639
   0.03290
  -0.03382
  -0.02526
   0.03952
   0.01634
  -0.04321
  -0.00659
   0.04469
  -0.00350
  -0.04390
   0.01341
   0.04088
  -0.02263
  -0.03577
   0.03071
   0.02884
  -0.03722
  -0.02044
   0.04183
   0.01100
  -0.04431
  -0.00099
   0.04454
  -0.00906
  -0.04249
   0.01865
   0.03828
  -0.02729
  -0.03212
   0.03454
   0.02433
  -0.04003
  -0.01529
   0.04348
   0.00548
  -0.04472
   0.00462
   0.04368
  -0.01448
  -0.04041
   0.02360
   0.03508
  -0.03152
  -0.02797
   0.03783
   0.01943
  -0.04221
  -0.00990
   0.04445
  -0.00013
  -0.04442
   0.01016
   0.04213
  -0.01966
  -0.03769
   0.02817
   0.03133
  -0.03524
  -0.02338
   0.04052
   0.01423
  -0.04373
  -0.00436
   0.04472
  -0.00573
  -0.04342
   0.01553
   0.03992
  -0.02454
  -0.03438
   0.03230
   0.02708
  -0.03842
  -0.01841
   0.04257
   0.00880
  -0.04456
   0.00125
   0.04428
  -0.01125
  -0.04174
   0.02067
   0.03707
  -0.02904
  -0.03052
   0.03592
   0.02241
  -0.04098
  -0.01316
   0.04395
   0.00324
  -0.04468
   0.00685
   0.04314
  -0.01658
  -0.03940
   0.02548
   0.03365
  -0.03307
  -0.02618
   0.03898
   0.01738
  -0.04290
  -0.00770
   0.04464
  -0.00238
  -0.04410
   0.01233
   0.04132
  -0.02166
  -0.03643
   0.02988
   0.02969
  -0.03658
  -0.02143
   0.04142
   0.01208
  -0.04415
  -0.00212
   0.04462
  -0.00795
  -0.04283
   0.01762
   0.03885
  -0.02639
  -0.03290
   0.03382
   0.02526
  -0.03952
  -0.01634
   0.04321
   0.00659
  -0.04469
   0.00350
   0.04390
  -0.01341
  -0.04088
   0.02263
   0.03577
  -0.03071
  -0.02884
   0.03722
   0.02044
  -0.04183
  -0.01100
   0.04431
   0.00099
  -0.04454
   0.00906
   0.04249
  -0.01865
  -0.03828
   0.02729
   0.03212
  -0.03454
  -0.02433
   0.04003
   0.01529
  -0.04348
  -0.00548
   0.04472
  -0.00462
  -0.04368
   0.01448
   0.04041
  -0.02360
  -0.03508
   0.03152
   0.02797
  -0.03783
  -0.01943
   0.04221
   0.00990
  -0.04445
   0.00013
   0.04442
  -0.01016
  -0.04213
   0.01966
   0.03769
  -0.02817
  -0.03133
   0.03524
   0.02338
  -0.04052
  -0.01423
   0.04373
   0.00436
  -0.04472
   0.00573
   0.04342
  -0.01553
  -0.03992
   0.02454
   0.03438
  -0.03230
  -0.02708
   0.03842
   0.01841
  -0.04257
  -0.00880
   0.04456
  -0.00125
  -0.04428
   0.01125
   0.04174
  -0.02067
  -0.03707
   0.02904
   0.03052
  -0.03592
  -0.02241
   0.04098
   0.01316
  -0.04395
  -0.00324
   0.04468
  -0.00685
  -0.04314
   0.01658
   0.03940
  -0.02548
  -0.03365
   0.03307
   0.02618
  -0.03898
  -0.01738
   0.04290
   0.00770
  -0.04464
   0.00238
   0.04410
  -0.01233
  -0.04132
   0.02166
   0.03643
  -0.02988
  -0.02969
   0.03658
   0.02143
  -0.04142
  -0.01208
   0.04415
   0.00212
  -0.04462
   0.00795
   0.04283
  -0.01762
  -0.03885
   0.02639
   0.03290
  -0.03382
  -0.02526
   0.03952
   0.01634
  -0.04321
  -0.00659
   0.04469
  -0.00350
  -0.04390
   0.01341
   0.04088
  -0.02263
  -0.03577
   0.03071
   0.02884
  -0.03722
  -0.02044
   0.04183
   0.01100
  -0.04431
  -0.00099
   0.04454
  -0.00906
  -0.04249
   0.01865
   0.03828
  -0.02729
  -0.03212
   0.03454
   0.02433
  -0.04003
  -0.01529
   0.04348
   0.00548
  -0.04472
   0.00462
   0.04368
  -0.01448
  -0.04041
   0.02360
   0.03508
  -0.03152
  -0.02797
   0.03783
   0.01943
  -0.04221
  -0.00990
   0.04445
  -0.00013
  -0.04442
   0.01016
   0.04213
  -0.01966
  -0.03769
   0.02817
   0.03133
  -0.03524
  -0.02338
   0.04052
   0.01423
  -0.04373
  -0.00436
   0.04472
  -0.00573
  -0.04342
   0.01553
   0.03992
  -0.02454
  -0.03438
   0.03230
   0.02708
  -0.03842
  -0.01841
   0.04257
   0.00880
  -0.04456
   0.00125
   0.04428
  -0.01125
  -0.04174
   0.02067
   0.03707
  -0.02904
  -0.03052
   0.03592
   0.02241
  -0.04098
  -0.01316
   0.04395
   0.00324
  -0.04468
   0.00685
   0.04314
  -0.01658
  -0.03940
   0.02548
   0.03365
  -0.03307
  -0.02618
   0.03898
   0.01738
  -0.04290
  -0.00770
   0.04464
  -0.00238
