  -0.01000
  -0.01952
  -0.02805
  -0.03515
  -0.04045
  -0.04370
  -0.04472
  -0.04346
  -0.03999
  -0.03448
  -0.02721
  -0.01856
  -0.00896
   0.00110
   0.01110
   0.02053
   0.02892
   0.03583
   0.04092
   0.04392
   0.04469
   0.04318
   0.03947
   0.03375
   0.02631
   0.01753
   0.00785
  -0.00222
  -0.01218
  -0.02152
  -0.02976
  -0.03649
  -0.04136
  -0.04412
  -0.04463
  -0.04287
  -0.03893
  -0.03300
  -0.02539
  -0.01649
  -0.00674
   0.00334
   0.01326
   0.02250
   0.03059
   0.03713
   0.04177
   0.04429
   0.04455
   0.04254
   0.03836
   0.03223
   0.02446
   0.01544
   0.00563
  -0.00446
  -0.01433
  -0.02346
  -0.03140
  -0.03775
  -0.04216
  -0.04443
  -0.04444
  -0.04218
  -0.03777
  -0.03144
  -0.02351
  -0.01438
  -0.00451
   0.00558
   0.01539
   0.02441
   0.03219
   0.03834
   0.04252
   0.04455
   0.04430
   0.04179
   0.03716
   0.03063
   0.02255
   0.01331
   0.00340
  -0.00669
  -0.01644
  -0.02535
  -0.03296
  -0.03890
  -0.04286
  -0.04463
  -0.04413
  -0.04138
  -0.03652
  -0.02980
  -0.02157
  -0.01223
  -0.00227
   0.00780
   0.01748
   0.02626
   0.03371
   0.03944
   0.04317
   0.04469
   0.04393
   0.04094
   0.03586
   0.02896
   0.02058
   0.01115
   0.00115
  -0.00891
  -0.01851
  -0.02717
  -0.03444
  -0.03996
  -0.04345
  -0.04472
  -0.04371
  -0.04048
  -0.03518
  -0.02809
  -0.01957
  -0.01006
  -0.00003
   0.01000
   0.01952
   0.02805
   0.03515
   0.04045
   0.04370
   0.04472
   0.04346
   0.03999
   0.03448
   0.02721
   0.01856
   0.00896
  -0.00110
  -0.01110
  -0.02053
  -0.02892
  -0.03583
  -0.04092
  -0.04392
  -0.04469
  -0.04318
  -0.03947
  -0.03375
  -0.02631
  -0.01753
  -0.00785
   0.00222
   0.01218
   0.02152
   0.02976
   0.03649
   0.04136
   0.04412
   0.04463
   0.04287
   0.03893
   0.03300
   0.02539
   0.01649
   0.00674
  -0.00334
  -0.01326
  -0.02250
  -0.03059
  -0.03713
  -0.04177
  -0.04429
  -0.04455
  -0.04254
  -0.03836
  -0.03223
  -0.02446
  -0.01544
  -0.00563
   0.00446
   0.01433
   0.02346
   0.03140
   0.03775
   0.04216
   0.04443
   0.04444
   0.04218
   0.03777
   0.03144
   0.02351
   0.01438
   0.00451
  -0.00558
  -0.01539
  -0.02441
  -0.03219
  -0.03834
  -0.04252
  -0.04455
  -0.04430
  -0.04179
  -0.03716
  -0.03063
  -0.02255
  -0.01331
  -0.00340
   0.00669
   0.01644
   0.02535
   0.03296
   0.03890
   0.04286
   0.04463
   0.04413
   0.04138
   0.03652
   0.02980
   0.02157
   0.01223
   0.00227
  -0.00780
  -0.01748
  -0.02626
  -0.03371
  -0.03944
  -0.04317
  -0.04469
  -0.04393
  -0.04094
  -0.03586
  -0.02896
  -0.02058
  -0.01115
  -0.00115
   0.00891
   0.01851
   0.02717
   0.03444
   0.03996
   0.04345
   0.04472
   0.04371
   0.04048
   0.03518
   0.02809
   0.01957
   0.01006
   0.00003
  -0.01000
  -0.01952
  -0.02805
  -0.03515
  -0.04045
  -0.04370
  -0.04472
  -0.04346
  -0.03999
  -0.03448
  -0.02721
  -0.01856
  -0.00896
   0.00110
   0.01110
   0.02053
   0.02892
   0.03583
   0.04092
   0.04392
   0.04469
   0.04318
   0.03947
   0.03375
   0.02631
   0.01753
   0.00785
  -0.00222
  -0.01218
  -0.02152
  -0.02976
  -0.03649
  -0.04136
  -0.04412
  -0.04463
  -0.04287
  -0.03893
  -0.03300
  -0.02539
  -0.01649
  -0.00674
   0.00334
   0.01326
   0.02250
   0.03059
   0.03713
   0.04177
   0.04429
   0.04455
   0.04254
   0.03836
   0.03223
   0.02446
   0.01544
   0.00563
  -0.00446
  -0.01433
  -0.02346
  -0.03140
  -0.03775
  -0.04216
  -0.04443
  -0.04444
  -0.04218
  -0.03777
  -0.03144
  -0.02351
  -0.01438
  -0.00451
   0.00558
   0.01539
   0.02441
   0.03219
   0.03834
   0.04252
   0.04455
   0.04430
   0.04179
   0.03716
   0.03063
   0.02255
   0.01331
   0.00340
  -0.00669
  -0.01644
  -0.02535
  -0.03296
  -0.03890
  -0.04286
  -0.04463
  -0.04413
  -0.04138
  -0.03652
  -0.02980
  -0.02157
  -0.01223
  -0.00227
   0.00780
   0.01748
   0.02626
   0.03371
   0.03944
   0.04317
   0.04469
   0.04393
   0.04094
   0.03586
   0.02896
   0.02058
   0.01115
   0.00115
  -0.00891
  -0.01851
  -0.02717
  -0.03444
  -0.03996
  -0.04345
  -0.04472
  -0.04371
  -0.04048
  -0.03518
  -0.02809
  -0.01957
  -0.01006
  -0.00003
   0.01000
   0.01952
   0.02805
   0.03515
   0.04045
   0.04370
   0.04472
   0.04346
   0.03999
   0.03448
   0.02721
   0.01856
   0.00896
  -0.00110
  -0.01110
  -0.02053
  -0.02892
  -0.03583
  -0.04092
  -0.04392
  -0.04469
  -0.04318
  -0.03947
  -0.03375
  -0.02631
  -0.01753
  -0.00785
   0.00222
   0.01218
   0.02152
   0.02976
   0.03649
   0.04136
   0.04412
   0.04463
   0.04287
   0.03893
   0.03300
   0.02539
   0.01649
   0.00674
  -0.00334
  -0.01326
  -0.02250
  -0.03059
  -0.03713
  -0.04177
  -0.04429
  -0.04455
  -0.04254
  -0.03836
  -0.03223
  -0.02446
  -0.01544
  -0.00563
   0.00446
   0.01433
   0.02346
   0.03140
   0.03775
   0.04216
   0.04443
   0.04444
   0.04218
   0.03777
   0.03144
   0.02351
   0.01438
   0.00451
  -0.00558
  -0.01539
  -0.02441
  -0.03219
  -0.03834
  -0.04252
  -0.04455
  -0.04430
  -0.04179
  -0.03716
  -0.03063
  -0.02255
  -0.01331
  -0.00340
   0.00669
   0.01644
   0.02535
   0.03296
   0.03890
   0.04286
   0.04463
   0.04413
   0.04138
   0.03652
   0.02980
   0.02157
   0.01223
   0.00227
  -0.00780
  -0.01748
  -0.02626
  -0.03371
  -0.03944
  -0.04317
  -0.04469
  -0.04393
  -0.04094
  -0.03586
  -0.02896
  -0.02058
  -0.01115
  -0.00115
   0.00891
   0.01851
   0.02717
   0.03444
   0.03996
   0.04345
   0.04472
   0.04371
   0.04048
   0.03518
   0.02809
   0.01957
   0.01006
   0.00003
  -0.01000
  -0.01952
  -0.02805
  -0.03515
  -0.04045
  -0.04370
  -0.04472
  -0.04346
  -0.03999
  -0.03448
  -0.02721
  -0.01856
  -0.00896
   0.00110
   0.01110
   0.02053
   0.02892
   0.03583
   0.04092
   0.04392
   0.04469
   0.04318
   0.03947
   0.03375
   0.02631
   0.01753
   0.00785
  -0.00222
  -0.01218
  -0.02152
  -0.02976
  -0.03649
  -0.04136
  -0.04412
  -0.04463
  -0.04287
  -0.03893
  -0.03300
  -0.02539
  -0.01649
  -0.00674
   0.00334
   0.01326
   0.02250
   0.03059
   0.03713
   0.04177
   0.04429
   0.04455
   0.04254
   0.03836
   0.03223
   0.02446
   0.01544
   0.00563
  -0.00446
  -0.01433
  -0.02346
  -0.03140
  -0.03775
  -0.04216
  -0.04443
  -0.04444
  -0.04218
  -0.03777
  -0.03144
  -0.02351
  -0.01438
  -0.00451
   0.00558
   0.01539
   0.02441
   0.03219
   0.03834
   0.04252
   0.04455
   0.04430
   0.04179
   0.03716
   0.03063
   0.02255
   0.01331
   0.00340
  -0.00669
  -0.01644
  -0.02535
  -0.03296
  -0.03890
  -0.04286
  -0.04463
  -0.04413
  -0.04138
  -0.03652
  -0.02980
  -0.02157
  -0.01223
  -0.00227
   0.00780
   0.01748
   0.02626
   0.03371
   0.03944
   0.04317
   0.04469
   0.04393
   0.04094
   0.03586
   0.02896
   0.02058
   0.01115
   0.00115
  -0.00891
  -0.01851
  -0.02717
  -0.03444
  -0.03996
  -0.04345
  -0.04472
  -0.04371
  -0.04048
  -0.03518
  -0.02809
  -0.01957
  -0.01006
  -0.00003
   0.01000
   0.01952
   0.02805
   0.03515
   0.04045
   0.04370
   0.04472
   0.04346
   0.03999
   0.03448
   0.02721
   0.01856
   0.00896
  -0.00110
  -0.01110
  -0.02053
  -0.02892
  -0.03583
  -0.04092
  -0.04392
  -0.04469
  -0.04318
  -0.03947
  -0.03375
  -0.02631
  -0.01753
  -0.00785
   0.00222
   0.01218
   0.02152
   0.02976
   0.03649
   0.04136
   0.04412
   0.04463
   0.04287
   0.03893
   0.03300
   0.02539
   0.01649
   0.00674
  -0.00334
  -0.01326
  -0.02250
  -0.03059
  -0.03713
  -0.04177
  -0.04429
  -0.04455
  -0.04254
  -0.03836
  -0.03223
  -0.02446
  -0.01544
  -0.00563
   0.00446
   0.01433
   0.02346
   0.03140
   0.03775
   0.04216
   0.04443
   0.04444
   0.04218
   0.03777
   0.03144
   0.02351
   0.01438
   0.00451
  -0.00558
  -0.01539
  -0.02441
  -0.03219
  -0.03834
  -0.04252
  -0.04455
  -0.04430
  -0.04179
  -0.03716
  -0.03063
  -0.02255
  -0.01331
  -0.00340
   0.00669
   0.01644
   0.02535
   0.03296
   0.03890
   0.04286
   0.04463
   0.04413
   0.04138
   0.03652
   0.02980
   0.02157
   0.01223
   0.00227
  -0.00780
  -0.01748
  -0.02626
  -0.03371
  -0.03944
  -0.04317
  -0.04469
  -0.04393
  -0.04094
  -0.03586
  -0.02896
  -0.02058
  -0.01115
  -0.00115
   0.00891
   0.01851
   0.02717
   0.03444
   0.03996
   0.04345
   0.04472
   0.04371
   0.04048
   0.03518
   0.02809
   0.01957
   0.01006
   0.00003
  -0.01000
  -0.01952
  -0.02805
  -0.03515
  -0.04045
  -0.04370
  -0.04472
  -0.04346
  -0.03999
  -0.03448
  -0.02721
  -0.01856
  -0.00896
   0.00110
   0.01110
   0.02053
   0.02892
   0.03583
   0.04092
   0.04392
   0.04469
   0.04318
   0.03947
   0.03375
   0.02631
   0.01753
   0.00785
  -0.00222
  -0.01218
  -0.02152
  -0.02976
  -0.03649
  -0.04136
  -0.04412
  -0.04463
  -0.04287
  -0.03893
  -0.03300
  -0.02539
  -0.01649
  -0.00674
   0.00334
   0.01326
   0.02250
   0.03059
   0.03713
   0.04177
   0.04429
   0.04455
   0.04254
   0.03836
   0.03223
   0.02446
   0.01544
   0.00563
  -0.00446
  -0.01433
  -0.02346
  -0.03140
  -0.03775
  -0.04216
  -0.04443
  -0.04444
  -0.04218
  -0.03777
  -0.03144
  -0.02351
  -0.01438
  -0.00451
   0.00558
   0.01539
   0.02441
   0.03219
   0.03834
   0.04252
   0.04455
   0.04430
   0.04179
   0.03716
   0.03063
   0.02255
   0.01331
   0.00340
  -0.00669
  -0.01644
  -0.02535
  -0.03296
  -0.03890
  -0.04286
  -0.04463
  -0.04413
  -0.04138
  -0.03652
  -0.02980
  -0.02157
  -0.01223
  -0.00227
   0.00780
   0.01748
   0.02626
   0.03371
   0.03944
   0.04317
   0.04469
   0.04393
   0.04094
   0.03586
   0.02896
   0.02058
   0.01115
   0.00115
  -0.00891
  -0.01851
  -0.02717
  -0.03444
  -0.03996
  -0.04345
  -0.04472
  -0.04371
  -0.04048
  -0.03518
  -0.02809
  -0.01957
  -0.01006
  -0.00003
   0.01000
   0.01952
   0.02805
   0.03515
   0.04045
   0.04370
   0.04472
   0.04346
   0.03999
   0.03448
   0.02721
   0.01856
   0.00896
  -0.00110
  -0.01110
  -0.02053
  -0.02892
  -0.03583
  -0.04092
  -0.04392
  -0.04469
  -0.04318
  -0.03947
  -0.03375
  -0.02631
  -0.01753
  -0.00785
   0.00222
   0.01218
   0.02152
   0.02976
   0.03649
   0.04136
   0.04412
   0.04463
   0.04287
   0.03893
   0.03300
   0.02539
   0.01649
   0.00674
  -0.00334
  -0.01326
  -0.02250
  -0.03059
  -0.03713
  -0.04177
  -0.04429
  -0.04455
  -0.04254
  -0.03836
  -0.03223
  -0.02446
  -0.01544
  -0.00563
   0.00446
   0.01433
   0.02346
   0.03140
   0.03775
   0.04216
   0.04443
   0.04444
   0.04218
   0.03777
   0.03144
   0.02351
   0.01438
   0.00451
  -0.00558
  -0.01539
  -0.02441
  -0.03219
  -0.03834
  -0.04252
  -0.04455
  -0.04430
  -0.04179
  -0.03716
  -0.03063
  -0.02255
  -0.01331
  -0.00340
   0.00669
   0.01644
   0.02535
   0.03296
   0.03890
   0.04286
   0.04463
   0.04413
   0.04138
   0.03652
   0.02980
   0.02157
   0.01223
   0.00227
  -0.00780
  -0.01748
  -0.02626
  -0.03371
  -0.03944
  -0.04317
  -0.04469
  -0.04393
  -0.04094
  -0.03586
  -0.02896
  -0.02058
  -0.01115
  -0.00115
   0.00891
   0.01851
   0.02717
   0.03444
   0.03996
   0.04345
   0.04472
   0.04371
   0.04048
   0.03518
   0.02809
   0.01957
   0.01006
   0.00003
