   0.03398
  -0.00570
  -0.02552
   0.04356
  -0.03910
   0.01445
   0.01767
  -0.04066
   0.04265
  -0.02261
  -0.00911
   0.03612
  -0.04448
   0.02986
   0.00018
  -0.03013
   0.04451
  -0.03591
   0.00875
   0.02292
  -0.04276
   0.04051
  -0.01734
  -0.01479
   0.03928
  -0.04348
   0.02522
   0.00606
  -0.03421
   0.04469
  -0.03209
   0.00291
   0.02777
  -0.04411
   0.03766
  -0.01176
  -0.02021
   0.04175
  -0.04172
   0.02014
   0.01184
  -0.03771
   0.04410
  -0.02771
  -0.00299
   0.03214
  -0.04470
   0.03416
  -0.00598
  -0.02529
   0.04350
  -0.03924
   0.01471
   0.01741
  -0.04054
   0.04273
  -0.02285
  -0.00883
   0.03596
  -0.04451
   0.03007
  -0.00010
  -0.02992
   0.04449
  -0.03607
   0.00903
   0.02268
  -0.04267
   0.04063
  -0.01759
  -0.01452
   0.03914
  -0.04354
   0.02545
   0.00578
  -0.03403
   0.04470
  -0.03228
   0.00319
   0.02755
  -0.04406
   0.03781
  -0.01203
  -0.01996
   0.04165
  -0.04182
   0.02039
   0.01157
  -0.03755
   0.04414
  -0.02793
  -0.00271
   0.03195
  -0.04469
   0.03434
  -0.00626
  -0.02505
   0.04343
  -0.03937
   0.01498
   0.01715
  -0.04042
   0.04281
  -0.02309
  -0.00856
   0.03579
  -0.04453
   0.03028
  -0.00038
  -0.02971
   0.04446
  -0.03624
   0.00930
   0.02244
  -0.04259
   0.04074
  -0.01785
  -0.01426
   0.03900
  -0.04360
   0.02568
   0.00551
  -0.03385
   0.04471
  -0.03248
   0.00347
   0.02733
  -0.04401
   0.03796
  -0.01230
  -0.01971
   0.04154
  -0.04192
   0.02064
   0.01130
  -0.03740
   0.04419
  -0.02815
  -0.00243
   0.03175
  -0.04467
   0.03452
  -0.00654
  -0.02482
   0.04336
  -0.03950
   0.01524
   0.01689
  -0.04030
   0.04289
  -0.02333
  -0.00828
   0.03562
  -0.04456
   0.03048
  -0.00066
  -0.02950
   0.04442
  -0.03640
   0.00958
   0.02219
  -0.04250
   0.04086
  -0.01811
  -0.01399
   0.03887
  -0.04367
   0.02591
   0.00523
  -0.03367
   0.04472
  -0.03267
   0.00375
   0.02711
  -0.04396
   0.03811
  -0.01257
  -0.01946
   0.04144
  -0.04202
   0.02089
   0.01103
  -0.03725
   0.04423
  -0.02837
  -0.00215
   0.03155
  -0.04466
   0.03470
  -0.00682
  -0.02459
   0.04329
  -0.03963
   0.01551
   0.01663
  -0.04018
   0.04297
  -0.02357
  -0.00801
   0.03545
  -0.04458
   0.03069
  -0.00094
  -0.02929
   0.04439
  -0.03657
   0.00985
   0.02195
  -0.04241
   0.04097
  -0.01837
  -0.01372
   0.03873
  -0.04373
   0.02614
   0.00495
  -0.03348
   0.04472
  -0.03286
   0.00403
   0.02688
  -0.04391
   0.03826
  -0.01284
  -0.01921
   0.04133
  -0.04211
   0.02114
   0.01075
  -0.03709
   0.04427
  -0.02858
  -0.00187
   0.03135
  -0.04464
   0.03488
  -0.00709
  -0.02435
   0.04322
  -0.03976
   0.01577
   0.01637
  -0.04005
   0.04305
  -0.02381
  -0.00773
   0.03528
  -0.04460
   0.03089
  -0.00122
  -0.02908
   0.04436
  -0.03673
   0.01013
   0.02170
  -0.04232
   0.04108
  -0.01862
  -0.01346
   0.03859
  -0.04378
   0.02637
   0.00467
  -0.03329
   0.04472
  -0.03305
   0.00431
   0.02666
  -0.04386
   0.03840
  -0.01311
  -0.01895
   0.04122
  -0.04220
   0.02139
   0.01048
  -0.03693
   0.04431
  -0.02880
  -0.00159
   0.03115
  -0.04463
   0.03505
  -0.00737
  -0.02412
   0.04315
  -0.03989
   0.01603
   0.01611
  -0.03993
   0.04313
  -0.02405
  -0.00745
   0.03510
  -0.04462
   0.03109
  -0.00150
  -0.02886
   0.04432
  -0.03689
   0.01040
   0.02146
  -0.04223
   0.04119
  -0.01888
  -0.01319
   0.03844
  -0.04384
   0.02659
   0.00439
  -0.03310
   0.04472
  -0.03324
   0.00459
   0.02643
  -0.04380
   0.03854
  -0.01338
  -0.01870
   0.04111
  -0.04230
   0.02163
   0.01021
  -0.03677
   0.04435
  -0.02901
  -0.00131
   0.03095
  -0.04461
   0.03523
  -0.00765
  -0.02388
   0.04307
  -0.04002
   0.01629
   0.01585
  -0.03980
   0.04320
  -0.02428
  -0.00718
   0.03493
  -0.04464
   0.03129
  -0.00179
  -0.02865
   0.04428
  -0.03704
   0.01067
   0.02121
  -0.04214
   0.04130
  -0.01913
  -0.01292
   0.03830
  -0.04389
   0.02682
   0.00411
  -0.03292
   0.04472
  -0.03343
   0.00487
   0.02621
  -0.04374
   0.03869
  -0.01365
  -0.01844
   0.04100
  -0.04239
   0.02188
   0.00993
  -0.03661
   0.04438
  -0.02923
  -0.00102
   0.03075
  -0.04459
   0.03540
  -0.00793
  -0.02364
   0.04300
  -0.04014
   0.01656
   0.01558
  -0.03967
   0.04327
  -0.02452
  -0.00690
   0.03475
  -0.04466
   0.03149
  -0.00207
  -0.02843
   0.04424
  -0.03720
   0.01095
   0.02096
  -0.04204
   0.04141
  -0.01939
  -0.01265
   0.03815
  -0.04395
   0.02704
   0.00383
  -0.03272
   0.04472
  -0.03361
   0.00515
   0.02598
  -0.04368
   0.03883
  -0.01391
  -0.01818
   0.04089
  -0.04248
   0.02212
   0.00966
  -0.03645
   0.04441
  -0.02944
  -0.00074
   0.03054
  -0.04456
   0.03557
  -0.00820
  -0.02340
   0.04292
  -0.04027
   0.01682
   0.01532
  -0.03954
   0.04334
  -0.02475
  -0.00662
   0.03457
  -0.04467
   0.03169
  -0.00235
  -0.02821
   0.04420
  -0.03736
   0.01122
   0.02071
  -0.04195
   0.04151
  -0.01964
  -0.01238
   0.03801
  -0.04400
   0.02727
   0.00355
  -0.03253
   0.04471
  -0.03380
   0.00543
   0.02575
  -0.04362
   0.03896
  -0.01418
  -0.01793
   0.04078
  -0.04256
   0.02237
   0.00938
  -0.03629
   0.04445
  -0.02965
  -0.00046
   0.03034
  -0.04454
   0.03574
  -0.00848
  -0.02316
   0.04284
  -0.04039
   0.01708
   0.01506
  -0.03941
   0.04341
  -0.02499
  -0.00634
   0.03439
  -0.04468
   0.03189
  -0.00263
  -0.02799
   0.04416
  -0.03751
   0.01149
   0.02046
  -0.04185
   0.04162
  -0.01989
  -0.01211
   0.03786
  -0.04405
   0.02749
   0.00327
  -0.03234
   0.04470
  -0.03398
   0.00570
   0.02552
  -0.04356
   0.03910
  -0.01445
  -0.01767
   0.04066
  -0.04265
   0.02261
   0.00911
  -0.03612
   0.04448
  -0.02986
  -0.00018
   0.03013
  -0.04451
   0.03591
  -0.00875
  -0.02292
   0.04276
  -0.04051
   0.01734
   0.01479
  -0.03928
   0.04348
  -0.02522
  -0.00606
   0.03421
  -0.04469
   0.03209
  -0.00291
  -0.02777
   0.04411
  -0.03766
   0.01176
   0.02021
  -0.04175
   0.04172
  -0.02014
  -0.01184
   0.03771
  -0.04410
   0.02771
   0.00299
  -0.03214
   0.04470
  -0.03416
   0.00598
   0.02529
  -0.04350
   0.03924
  -0.01471
  -0.01741
   0.04054
  -0.04273
   0.02285
   0.00883
  -0.03596
   0.04451
  -0.03007
   0.00010
   0.02992
  -0.04449
   0.03607
  -0.00903
  -0.02268
   0.04267
  -0.04063
   0.01759
   0.01452
  -0.03914
   0.04354
  -0.02545
  -0.00578
   0.03403
  -0.04470
   0.03228
  -0.00319
  -0.02755
   0.04406
  -0.03781
   0.01203
   0.01996
  -0.04165
   0.04182
  -0.02039
  -0.01157
   0.03755
  -0.04414
   0.02793
   0.00271
  -0.03195
   0.04469
  -0.03434
   0.00626
   0.02505
  -0.04343
   0.03937
  -0.01498
  -0.01715
   0.04042
  -0.04281
   0.02309
   0.00856
  -0.03579
   0.04453
  -0.03028
   0.00038
   0.02971
  -0.04446
   0.03624
  -0.00930
  -0.02244
   0.04259
  -0.04074
   0.01785
   0.01426
  -0.03900
   0.04360
  -0.02568
  -0.00551
   0.03385
  -0.04471
   0.03248
  -0.00347
  -0.02733
   0.04401
  -0.03796
   0.01230
   0.01971
  -0.04154
   0.04192
  -0.02064
  -0.01130
   0.03740
  -0.04419
   0.02815
   0.00243
  -0.03175
   0.04467
  -0.03452
   0.00654
   0.02482
  -0.04336
   0.03950
  -0.01524
  -0.01689
   0.04030
  -0.04289
   0.02333
   0.00828
  -0.03562
   0.04456
  -0.03048
   0.00066
   0.02950
  -0.04442
   0.03640
  -0.00958
  -0.02219
   0.04250
  -0.04086
   0.01811
   0.01399
  -0.03887
   0.04367
  -0.02591
  -0.00523
   0.03367
  -0.04472
   0.03267
  -0.00375
  -0.02711
   0.04396
  -0.03811
   0.01257
   0.01946
  -0.04144
   0.04202
  -0.02089
  -0.01103
   0.03725
  -0.04423
   0.02837
   0.00215
  -0.03155
   0.04466
  -0.03470
   0.00682
   0.02459
  -0.04329
   0.03963
  -0.01551
  -0.01663
   0.04018
  -0.04297
   0.02357
   0.00801
  -0.03545
   0.04458
  -0.03069
   0.00094
   0.02929
  -0.04439
   0.03657
  -0.00985
  -0.02195
   0.04241
  -0.04097
   0.01837
   0.01372
  -0.03873
   0.04373
  -0.02614
  -0.00495
   0.03348
  -0.04472
   0.03286
  -0.00403
  -0.02688
   0.04391
  -0.03826
   0.01284
   0.01921
  -0.04133
   0.04211
  -0.02114
  -0.01075
   0.03709
  -0.04427
   0.02858
   0.00187
  -0.03135
   0.04464
  -0.03488
   0.00709
   0.02435
  -0.04322
   0.03976
  -0.01577
  -0.01637
   0.04005
  -0.04305
   0.02381
   0.00773
  -0.03528
   0.04460
  -0.03089
   0.00122
   0.02908
  -0.04436
   0.03673
  -0.01013
  -0.02170
   0.04232
  -0.04108
   0.01862
   0.01346
  -0.03859
   0.04378
  -0.02637
  -0.00467
   0.03329
  -0.04472
   0.03305
  -0.00431
  -0.02666
   0.04386
  -0.03840
   0.01311
   0.01895
  -0.04122
   0.04220
  -0.02139
  -0.01048
   0.03693
  -0.04431
   0.02880
   0.00159
  -0.03115
   0.04463
  -0.03505
   0.00737
   0.02412
  -0.04315
   0.03989
  -0.01603
  -0.01611
   0.03993
  -0.04313
   0.02405
   0.00745
  -0.03510
   0.04462
  -0.03109
   0.00150
   0.02886
  -0.04432
   0.03689
  -0.01040
  -0.02146
   0.04223
  -0.04119
   0.01888
   0.01319
  -0.03844
   0.04384
  -0.02659
  -0.00439
   0.03310
  -0.04472
   0.03324
  -0.00459
  -0.02643
   0.04380
  -0.03854
   0.01338
   0.01870
  -0.04111
   0.04230
  -0.02163
  -0.01021
   0.03677
  -0.04435
   0.02901
   0.00131
  -0.03095
   0.04461
  -0.03523
   0.00765
   0.02388
  -0.04307
   0.04002
  -0.01629
  -0.01585
   0.03980
  -0.04320
   0.02428
   0.00718
  -0.03493
   0.04464
  -0.03129
   0.00179
   0.02865
  -0.04428
   0.03704
  -0.01067
  -0.02121
   0.04214
  -0.04130
   0.01913
   0.01292
  -0.03830
   0.04389
  -0.02682
  -0.00411
   0.03292
  -0.04472
   0.03343
  -0.00487
  -0.02621
   0.04374
  -0.03869
   0.01365
   0.01844
  -0.04100
   0.04239
  -0.02188
  -0.00993
   0.03661
  -0.04438
   0.02923
   0.00102
  -0.03075
   0.04459
  -0.03540
   0.00793
   0.02364
  -0.04300
   0.04014
  -0.01656
  -0.01558
   0.03967
  -0.04327
   0.02452
   0.00690
  -0.03475
   0.04466
  -0.03149
   0.00207
   0.02843
  -0.04424
   0.03720
  -0.01095
  -0.02096
   0.04204
  -0.04141
   0.01939
   0.01265
  -0.03815
   0.04395
  -0.02704
  -0.00383
   0.03272
  -0.04472
   0.03361
  -0.00515
  -0.02598
   0.04368
  -0.03883
   0.01391
   0.01818
  -0.04089
   0.04248
  -0.02212
  -0.00966
   0.03645
  -0.04441
   0.02944
   0.00074
  -0.03054
   0.04456
  -0.03557
   0.00820
   0.02340
  -0.04292
   0.04027
  -0.01682
  -0.01532
   0.03954
  -0.04334
   0.02475
   0.00662
  -0.03457
   0.04467
  -0.03169
   0.00235
   0.02821
  -0.04420
   0.03736
  -0.01122
  -0.02071
   0.04195
  -0.04151
   0.01964
   0.01238
  -0.03801
   0.04400
  -0.02727
  -0.00355
   0.03253
  -0.04471
   0.03380
  -0.00543
  -0.02575
   0.04362
  -0.03896
   0.01418
   0.01793
  -0.04078
   0.04256
  -0.02237
  -0.00938
   0.03629
  -0.04445
   0.02965
   0.00046
  -0.03034
   0.04454
  -0.03574
   0.00848
   0.02316
  -0.04284
   0.04039
  -0.01708
  -0.01506
   0.03941
  -0.04341
   0.02499
   0.00634
  -0.03439
   0.04468
  -0.03189
   0.00263
   0.02799
  -0.04416
   0.03751
  -0.01149
  -0.02046
   0.04185
  -0.04162
   0.01989
   0.01211
  -0.03786
   0.04405
  -0.02749
  -0.00327
   0.03234
  -0.04470
