   0.04113
  -0.03186
  -0.01694
   0.04472
  -0.01703
  -0.03178
   0.04117
   0.00051
  -0.04156
   0.03106
   0.01797
  -0.04471
   0.01599
   0.03256
  -0.04072
  -0.00163
   0.04196
  -0.03024
  -0.01899
   0.04467
  -0.01493
  -0.03332
   0.04025
   0.00276
  -0.04234
   0.02940
   0.02000
  -0.04460
   0.01387
   0.03406
  -0.03974
  -0.00388
   0.04269
  -0.02855
  -0.02100
   0.04450
  -0.01280
  -0.03478
   0.03922
   0.00499
  -0.04301
   0.02767
   0.02199
  -0.04438
   0.01172
   0.03548
  -0.03866
  -0.00611
   0.04330
  -0.02678
  -0.02296
   0.04422
  -0.01063
  -0.03615
   0.03809
   0.00722
  -0.04357
   0.02587
   0.02392
  -0.04404
   0.00953
   0.03680
  -0.03748
  -0.00833
   0.04381
  -0.02495
  -0.02486
   0.04383
  -0.00843
  -0.03743
   0.03686
   0.00943
  -0.04402
   0.02401
   0.02579
  -0.04359
   0.00733
   0.03803
  -0.03621
  -0.01052
   0.04421
  -0.02305
  -0.02670
   0.04333
  -0.00621
  -0.03861
   0.03554
   0.01161
  -0.04436
   0.02208
   0.02759
  -0.04304
   0.00510
   0.03916
  -0.03485
  -0.01270
   0.04449
  -0.02110
  -0.02847
   0.04272
  -0.00398
  -0.03969
   0.03413
   0.01377
  -0.04459
   0.02010
   0.02932
  -0.04237
   0.00286
   0.04020
  -0.03339
  -0.01483
   0.04466
  -0.01909
  -0.03016
   0.04200
  -0.00174
  -0.04068
   0.03264
   0.01589
  -0.04471
   0.01807
   0.03098
  -0.04160
   0.00062
   0.04113
  -0.03186
  -0.01694
   0.04472
  -0.01703
  -0.03178
   0.04117
   0.00051
  -0.04156
   0.03106
   0.01797
  -0.04471
   0.01599
   0.03256
  -0.04072
  -0.00163
   0.04196
  -0.03024
  -0.01899
   0.04467
  -0.01493
  -0.03332
   0.04025
   0.00276
  -0.04234
   0.02940
   0.02000
  -0.04460
   0.01387
   0.03406
  -0.03974
  -0.00388
   0.04269
  -0.02855
  -0.02100
   0.04450
  -0.01280
  -0.03478
   0.03922
   0.00499
  -0.04301
   0.02767
   0.02199
  -0.04438
   0.01172
   0.03548
  -0.03866
  -0.00611
   0.04330
  -0.02678
  -0.02296
   0.04422
  -0.01063
  -0.03615
   0.03809
   0.00722
  -0.04357
   0.02587
   0.02392
  -0.04404
   0.00953
   0.03680
  -0.03748
  -0.00833
   0.04381
  -0.02495
  -0.02486
   0.04383
  -0.00843
  -0.03743
   0.03686
   0.00943
  -0.04402
   0.02401
   0.02579
  -0.04359
   0.00733
   0.03803
  -0.03621
  -0.01052
   0.04421
  -0.02305
  -0.02670
   0.04333
  -0.00621
  -0.03861
   0.03554
   0.01161
  -0.04436
   0.02208
   0.02759
  -0.04304
   0.00510
   0.03916
  -0.03485
  -0.01270
   0.04449
  -0.02110
  -0.02847
   0.04272
  -0.00398
  -0.03969
   0.03413
   0.01377
  -0.04459
   0.02010
   0.02932
  -0.04237
   0.00286
   0.04020
  -0.03339
  -0.01483
   0.04466
  -0.01909
  -0.03016
   0.04200
  -0.00174
  -0.04068
   0.03264
   0.01589
  -0.04471
   0.01807
   0.03098
  -0.04160
   0.00062
   0.04113
  -0.03186
  -0.01694
   0.04472
  -0.01703
  -0.03178
   0.04117
   0.00051
  -0.04156
   0.03106
   0.01797
  -0.04471
   0.01599
   0.03256
  -0.04072
  -0.00163
   0.04196
  -0.03024
  -0.01899
   0.04467
  -0.01493
  -0.03332
   0.04025
   0.00276
  -0.04234
   0.02940
   0.02000
  -0.04460
   0.01387
   0.03406
  -0.03974
  -0.00388
   0.04269
  -0.02855
  -0.02100
   0.04450
  -0.01280
  -0.03478
   0.03922
   0.00499
  -0.04301
   0.02767
   0.02199
  -0.04438
   0.01172
   0.03548
  -0.03866
  -0.00611
   0.04330
  -0.02678
  -0.02296
   0.04422
  -0.01063
  -0.03615
   0.03809
   0.00722
  -0.04357
   0.02587
   0.02392
  -0.04404
   0.00953
   0.03680
  -0.03748
  -0.00833
   0.04381
  -0.02495
  -0.02486
   0.04383
  -0.00843
  -0.03743
   0.03686
   0.00943
  -0.04402
   0.02401
   0.02579
  -0.04359
   0.00733
   0.03803
  -0.03621
  -0.01052
   0.04421
  -0.02305
  -0.02670
   0.04333
  -0.00621
  -0.03861
   0.03554
   0.01161
  -0.04436
   0.02208
   0.02759
  -0.04304
   0.00510
   0.03916
  -0.03485
  -0.01270
   0.04449
  -0.02110
  -0.02847
   0.04272
  -0.00398
  -0.03969
   0.03413
   0.01377
  -0.04459
   0.02010
   0.02932
  -0.04237
   0.00286
   0.04020
  -0.03339
  -0.01483
   0.04466
  -0.01909
  -0.03016
   0.04200
  -0.00174
  -0.04068
   0.03264
   0.01589
  -0.04471
   0.01807
   0.03098
  -0.04160
   0.00062
   0.04113
  -0.03186
  -0.01694
   0.04472
  -0.01703
  -0.03178
   0.04117
   0.00051
  -0.04156
   0.03106
   0.01797
  -0.04471
   0.01599
   0.03256
  -0.04072
  -0.00163
   0.04196
  -0.03024
  -0.01899
   0.04467
  -0.01493
  -0.03332
   0.04025
   0.00276
  -0.04234
   0.02940
   0.02000
  -0.04460
   0.01387
   0.03406
  -0.03974
  -0.00388
   0.04269
  -0.02855
  -0.02100
   0.04450
  -0.01280
  -0.03478
   0.03922
   0.00499
  -0.04301
   0.02767
   0.02199
  -0.04438
   0.01172
   0.03548
  -0.03866
  -0.00611
   0.04330
  -0.02678
  -0.02296
   0.04422
  -0.01063
  -0.03615
   0.03809
   0.00722
  -0.04357
   0.02587
   0.02392
  -0.04404
   0.00953
   0.03680
  -0.03748
  -0.00833
   0.04381
  -0.02495
  -0.02486
   0.04383
  -0.00843
  -0.03743
   0.03686
   0.00943
  -0.04402
   0.02401
   0.02579
  -0.04359
   0.00733
   0.03803
  -0.03621
  -0.01052
   0.04421
  -0.02305
  -0.02670
   0.04333
  -0.00621
  -0.03861
   0.03554
   0.01161
  -0.04436
   0.02208
   0.02759
  -0.04304
   0.00510
   0.03916
  -0.03485
  -0.01270
   0.04449
  -0.02110
  -0.02847
   0.04272
  -0.00398
  -0.03969
   0.03413
   0.01377
  -0.04459
   0.02010
   0.02932
  -0.04237
   0.00286
   0.04020
  -0.03339
  -0.01483
   0.04466
  -0.01909
  -0.03016
   0.04200
  -0.00174
  -0.04068
   0.03264
   0.01589
  -0.04471
   0.01807
   0.03098
  -0.04160
   0.00062
   0.04113
  -0.03186
  -0.01694
   0.04472
  -0.01703
  -0.03178
   0.04117
   0.00051
  -0.04156
   0.03106
   0.01797
  -0.04471
   0.01599
   0.03256
  -0.04072
  -0.00163
   0.04196
  -0.03024
  -0.01899
   0.04467
  -0.01493
  -0.03332
   0.04025
   0.00276
  -0.04234
   0.02940
   0.02000
  -0.04460
   0.01387
   0.03406
  -0.03974
  -0.00388
   0.04269
  -0.02855
  -0.02100
   0.04450
  -0.01280
  -0.03478
   0.03922
   0.00499
  -0.04301
   0.02767
   0.02199
  -0.04438
   0.01172
   0.03548
  -0.03866
  -0.00611
   0.04330
  -0.02678
  -0.02296
   0.04422
  -0.01063
  -0.03615
   0.03809
   0.00722
  -0.04357
   0.02587
   0.02392
  -0.04404
   0.00953
   0.03680
  -0.03748
  -0.00833
   0.04381
  -0.02495
  -0.02486
   0.04383
  -0.00843
  -0.03743
   0.03686
   0.00943
  -0.04402
   0.02401
   0.02579
  -0.04359
   0.00733
   0.03803
  -0.03621
  -0.01052
   0.04421
  -0.02305
  -0.02670
   0.04333
  -0.00621
  -0.03861
   0.03554
   0.01161
  -0.04436
   0.02208
   0.02759
  -0.04304
   0.00510
   0.03916
  -0.03485
  -0.01270
   0.04449
  -0.02110
  -0.02847
   0.04272
  -0.00398
  -0.03969
   0.03413
   0.01377
  -0.04459
   0.02010
   0.02932
  -0.04237
   0.00286
   0.04020
  -0.03339
  -0.01483
   0.04466
  -0.01909
  -0.03016
   0.04200
  -0.00174
  -0.04068
   0.03264
   0.01589
  -0.04471
   0.01807
   0.03098
  -0.04160
   0.00062
   0.04113
  -0.03186
  -0.01694
   0.04472
  -0.01703
  -0.03178
   0.04117
   0.00051
  -0.04156
   0.03106
   0.01797
  -0.04471
   0.01599
   0.03256
  -0.04072
  -0.00163
   0.04196
  -0.03024
  -0.01899
   0.04467
  -0.01493
  -0.03332
   0.04025
   0.00276
  -0.04234
   0.02940
   0.02000
  -0.04460
   0.01387
   0.03406
  -0.03974
  -0.00388
   0.04269
  -0.02855
  -0.02100
   0.04450
  -0.01280
  -0.03478
   0.03922
   0.00499
  -0.04301
   0.02767
   0.02199
  -0.04438
   0.01172
   0.03548
  -0.03866
  -0.00611
   0.04330
  -0.02678
  -0.02296
   0.04422
  -0.01063
  -0.03615
   0.03809
   0.00722
  -0.04357
   0.02587
   0.02392
  -0.04404
   0.00953
   0.03680
  -0.03748
  -0.00833
   0.04381
  -0.02495
  -0.02486
   0.04383
  -0.00843
  -0.03743
   0.03686
   0.00943
  -0.04402
   0.02401
   0.02579
  -0.04359
   0.00733
   0.03803
  -0.03621
  -0.01052
   0.04421
  -0.02305
  -0.02670
   0.04333
  -0.00621
  -0.03861
   0.03554
   0.01161
  -0.04436
   0.02208
   0.02759
  -0.04304
   0.00510
   0.03916
  -0.03485
  -0.01270
   0.04449
  -0.02110
  -0.02847
   0.04272
  -0.00398
  -0.03969
   0.03413
   0.01377
  -0.04459
   0.02010
   0.02932
  -0.04237
   0.00286
   0.04020
  -0.03339
  -0.01483
   0.04466
  -0.01909
  -0.03016
   0.04200
  -0.00174
  -0.04068
   0.03264
   0.01589
  -0.04471
   0.01807
   0.03098
  -0.04160
   0.00062
   0.04113
  -0.03186
  -0.01694
   0.04472
  -0.01703
  -0.03178
   0.04117
   0.00051
  -0.04156
   0.03106
   0.01797
  -0.04471
   0.01599
   0.03256
  -0.04072
  -0.00163
   0.04196
  -0.03024
  -0.01899
   0.04467
  -0.01493
  -0.03332
   0.04025
   0.00276
  -0.04234
   0.02940
   0.02000
  -0.04460
   0.01387
   0.03406
  -0.03974
  -0.00388
   0.04269
  -0.02855
  -0.02100
   0.04450
  -0.01280
  -0.03478
   0.03922
   0.00499
  -0.04301
   0.02767
   0.02199
  -0.04438
   0.01172
   0.03548
  -0.03866
  -0.00611
   0.04330
  -0.02678
  -0.02296
   0.04422
  -0.01063
  -0.03615
   0.03809
   0.00722
  -0.04357
   0.02587
   0.02392
  -0.04404
   0.00953
   0.03680
  -0.03748
  -0.00833
   0.04381
  -0.02495
  -0.02486
   0.04383
  -0.00843
  -0.03743
   0.03686
   0.00943
  -0.04402
   0.02401
   0.02579
  -0.04359
   0.00733
   0.03803
  -0.03621
  -0.01052
   0.04421
  -0.02305
  -0.02670
   0.04333
  -0.00621
  -0.03861
   0.03554
   0.01161
  -0.04436
   0.02208
   0.02759
  -0.04304
   0.00510
   0.03916
  -0.03485
  -0.01270
   0.04449
  -0.02110
  -0.02847
   0.04272
  -0.00398
  -0.03969
   0.03413
   0.01377
  -0.04459
   0.02010
   0.02932
  -0.04237
   0.00286
   0.04020
  -0.03339
  -0.01483
   0.04466
  -0.01909
  -0.03016
   0.04200
  -0.00174
  -0.04068
   0.03264
   0.01589
  -0.04471
   0.01807
   0.03098
  -0.04160
   0.00062
   0.04113
  -0.03186
  -0.01694
   0.04472
  -0.01703
  -0.03178
   0.04117
   0.00051
  -0.04156
   0.03106
   0.01797
  -0.04471
   0.01599
   0.03256
  -0.04072
  -0.00163
   0.04196
  -0.03024
  -0.01899
   0.04467
  -0.01493
  -0.03332
   0.04025
   0.00276
  -0.04234
   0.02940
   0.02000
  -0.04460
   0.01387
   0.03406
  -0.03974
  -0.00388
   0.04269
  -0.02855
  -0.02100
   0.04450
  -0.01280
  -0.03478
   0.03922
   0.00499
  -0.04301
   0.02767
   0.02199
  -0.04438
   0.01172
   0.03548
  -0.03866
  -0.00611
   0.04330
  -0.02678
  -0.02296
   0.04422
  -0.01063
  -0.03615
   0.03809
   0.00722
  -0.04357
   0.02587
   0.02392
  -0.04404
   0.00953
   0.03680
  -0.03748
  -0.00833
   0.04381
  -0.02495
  -0.02486
   0.04383
  -0.00843
  -0.03743
   0.03686
   0.00943
  -0.04402
   0.02401
   0.02579
  -0.04359
   0.00733
   0.03803
  -0.03621
  -0.01052
   0.04421
  -0.02305
  -0.02670
   0.04333
  -0.00621
  -0.03861
   0.03554
   0.01161
  -0.04436
   0.02208
   0.02759
  -0.04304
   0.00510
   0.03916
  -0.03485
  -0.01270
   0.04449
  -0.02110
  -0.02847
   0.04272
  -0.00398
  -0.03969
   0.03413
   0.01377
  -0.04459
   0.02010
   0.02932
  -0.04237
   0.00286
   0.04020
  -0.03339
  -0.01483
   0.04466
  -0.01909
  -0.03016
   0.04200
  -0.00174
  -0.04068
   0.03264
   0.01589
  -0.04471
   0.01807
   0.03098
  -0.04160
   0.00062
