  -0.03806
   0.02178
   0.03998
  -0.01827
  -0.04158
   0.01461
   0.04287
  -0.01084
  -0.04382
   0.00699
   0.04444
  -0.00308
  -0.04471
  -0.00085
   0.04463
   0.00478
  -0.04421
  -0.00867
   0.04345
   0.01249
  -0.04235
  -0.01621
   0.04093
   0.01981
  -0.03918
  -0.02326
   0.03714
   0.02652
  -0.03481
  -0.02958
   0.03221
   0.03242
  -0.02936
  -0.03500
   0.02628
   0.03731
  -0.02300
  -0.03933
   0.01954
   0.04105
  -0.01593
  -0.04245
   0.01220
   0.04352
  -0.00837
  -0.04426
   0.00448
   0.04465
  -0.00055
  -0.04470
  -0.00338
   0.04440
   0.00728
  -0.04376
  -0.01113
   0.04278
   0.01489
  -0.04147
  -0.01854
   0.03984
   0.02205
  -0.03790
  -0.02538
   0.03567
   0.02851
  -0.03316
  -0.03143
   0.03040
   0.03410
  -0.02740
  -0.03651
   0.02419
   0.03864
  -0.02079
  -0.04047
   0.01723
   0.04199
  -0.01354
  -0.04318
   0.00974
   0.04403
  -0.00587
  -0.04455
   0.00196
   0.04472
   0.00198
  -0.04455
  -0.00589
   0.04403
   0.00977
  -0.04317
  -0.01356
   0.04198
   0.01725
  -0.04046
  -0.02081
   0.03863
   0.02421
  -0.03650
  -0.02742
   0.03409
   0.03042
  -0.03142
  -0.03318
   0.02850
   0.03569
  -0.02536
  -0.03792
   0.02203
   0.03985
  -0.01852
  -0.04148
   0.01487
   0.04279
  -0.01111
  -0.04377
   0.00726
   0.04440
  -0.00336
  -0.04470
  -0.00057
   0.04465
   0.00450
  -0.04425
  -0.00839
   0.04352
   0.01222
  -0.04244
  -0.01595
   0.04104
   0.01956
  -0.03932
  -0.02302
   0.03730
   0.02630
  -0.03498
  -0.02937
   0.03240
   0.03222
  -0.02957
  -0.03482
   0.02650
   0.03715
  -0.02324
  -0.03919
   0.01979
   0.04094
  -0.01619
  -0.04236
   0.01247
   0.04346
  -0.00864
  -0.04422
   0.00476
   0.04463
  -0.00083
  -0.04471
  -0.00310
   0.04443
   0.00701
  -0.04382
  -0.01086
   0.04286
   0.01463
  -0.04158
  -0.01829
   0.03997
   0.02180
  -0.03805
  -0.02515
   0.03584
   0.02830
  -0.03335
  -0.03123
   0.03061
   0.03392
  -0.02762
  -0.03635
   0.02443
   0.03850
  -0.02104
  -0.04035
   0.01749
   0.04189
  -0.01381
  -0.04310
   0.01002
   0.04398
  -0.00615
  -0.04452
   0.00224
   0.04472
   0.00170
  -0.04457
  -0.00562
   0.04408
   0.00949
  -0.04324
  -0.01329
   0.04207
   0.01699
  -0.04058
  -0.02056
   0.03877
   0.02397
  -0.03666
  -0.02720
   0.03427
   0.03021
  -0.03161
  -0.03299
   0.02871
   0.03552
  -0.02559
  -0.03777
   0.02227
   0.03972
  -0.01878
  -0.04137
   0.01514
   0.04271
  -0.01138
  -0.04371
   0.00754
   0.04437
  -0.00364
  -0.04469
  -0.00029
   0.04466
   0.00422
  -0.04429
  -0.00811
   0.04358
   0.01195
  -0.04253
  -0.01569
   0.04115
   0.01931
  -0.03945
  -0.02277
   0.03745
   0.02607
  -0.03516
  -0.02916
   0.03259
   0.03203
  -0.02978
  -0.03464
   0.02673
   0.03699
  -0.02348
  -0.03906
   0.02004
   0.04082
  -0.01645
  -0.04227
   0.01274
   0.04339
  -0.00892
  -0.04417
   0.00504
   0.04462
  -0.00111
  -0.04471
  -0.00282
   0.04447
   0.00673
  -0.04387
  -0.01059
   0.04294
   0.01436
  -0.04168
  -0.01803
   0.04009
   0.02155
  -0.03820
  -0.02491
   0.03601
   0.02808
  -0.03354
  -0.03103
   0.03081
   0.03374
  -0.02784
  -0.03619
   0.02466
   0.03836
  -0.02129
  -0.04023
   0.01775
   0.04179
  -0.01408
  -0.04303
   0.01029
   0.04393
  -0.00643
  -0.04450
   0.00252
   0.04472
   0.00142
  -0.04459
  -0.00534
   0.04412
   0.00922
  -0.04331
  -0.01303
   0.04217
   0.01673
  -0.04070
  -0.02031
   0.03891
   0.02373
  -0.03682
  -0.02697
   0.03445
   0.03000
  -0.03181
  -0.03280
   0.02893
   0.03534
  -0.02582
  -0.03761
   0.02251
   0.03959
  -0.01903
  -0.04127
   0.01540
   0.04262
  -0.01165
  -0.04365
   0.00782
   0.04433
  -0.00392
  -0.04468
  -0.00001
   0.04468
   0.00394
  -0.04433
  -0.00784
   0.04364
   0.01168
  -0.04262
  -0.01542
   0.04126
   0.01905
  -0.03958
  -0.02253
   0.03760
   0.02584
  -0.03533
  -0.02895
   0.03278
   0.03183
  -0.02999
  -0.03447
   0.02696
   0.03684
  -0.02372
  -0.03892
   0.02029
   0.04071
  -0.01671
  -0.04218
   0.01300
   0.04332
  -0.00920
  -0.04413
   0.00532
   0.04460
  -0.00139
  -0.04472
  -0.00254
   0.04449
   0.00645
  -0.04393
  -0.01031
   0.04302
   0.01410
  -0.04178
  -0.01777
   0.04022
   0.02131
  -0.03834
  -0.02468
   0.03617
   0.02786
  -0.03372
  -0.03083
   0.03101
   0.03355
  -0.02806
  -0.03602
   0.02490
   0.03821
  -0.02153
  -0.04010
   0.01801
   0.04169
  -0.01434
  -0.04295
   0.01057
   0.04388
  -0.00671
  -0.04447
   0.00280
   0.04471
   0.00113
  -0.04461
  -0.00506
   0.04417
   0.00894
  -0.04338
  -0.01276
   0.04226
   0.01647
  -0.04081
  -0.02006
   0.03905
   0.02350
  -0.03698
  -0.02675
   0.03463
   0.02979
  -0.03201
  -0.03261
   0.02914
   0.03517
  -0.02605
  -0.03746
   0.02276
   0.03946
  -0.01929
  -0.04116
   0.01567
   0.04254
  -0.01193
  -0.04358
   0.00809
   0.04430
  -0.00420
  -0.04467
   0.00027
   0.04469
   0.00366
  -0.04437
  -0.00756
   0.04370
   0.01140
  -0.04270
  -0.01516
   0.04137
   0.01880
  -0.03971
  -0.02229
   0.03775
   0.02561
  -0.03550
  -0.02873
   0.03298
   0.03163
  -0.03019
  -0.03429
   0.02718
   0.03668
  -0.02395
  -0.03878
   0.02054
   0.04059
  -0.01697
  -0.04208
   0.01327
   0.04325
  -0.00947
  -0.04408
   0.00559
   0.04457
  -0.00167
  -0.04472
  -0.00226
   0.04452
   0.00617
  -0.04398
  -0.01004
   0.04310
   0.01383
  -0.04188
  -0.01751
   0.04034
   0.02106
  -0.03849
  -0.02444
   0.03634
   0.02764
  -0.03391
  -0.03062
   0.03121
   0.03337
  -0.02828
  -0.03585
   0.02513
   0.03806
  -0.02178
  -0.03998
   0.01827
   0.04158
  -0.01461
  -0.04287
   0.01084
   0.04382
  -0.00699
  -0.04444
   0.00308
   0.04471
   0.00085
  -0.04463
  -0.00478
   0.04421
   0.00867
  -0.04345
  -0.01249
   0.04235
   0.01621
  -0.04093
  -0.01981
   0.03918
   0.02326
  -0.03714
  -0.02652
   0.03481
   0.02958
  -0.03221
  -0.03242
   0.02936
   0.03500
  -0.02628
  -0.03731
   0.02300
   0.03933
  -0.01954
  -0.04105
   0.01593
   0.04245
  -0.01220
  -0.04352
   0.00837
   0.04426
  -0.00448
  -0.04465
   0.00055
   0.04470
   0.00338
  -0.04440
  -0.00728
   0.04376
   0.01113
  -0.04278
  -0.01489
   0.04147
   0.01854
  -0.03984
  -0.02205
   0.03790
   0.02538
  -0.03567
  -0.02851
   0.03316
   0.03143
  -0.03040
  -0.03410
   0.02740
   0.03651
  -0.02419
  -0.03864
   0.02079
   0.04047
  -0.01723
  -0.04199
   0.01354
   0.04318
  -0.00974
  -0.04403
   0.00587
   0.04455
  -0.00196
  -0.04472
  -0.00198
   0.04455
   0.00589
  -0.04403
  -0.00977
   0.04317
   0.01356
  -0.04198
  -0.01725
   0.04046
   0.02081
  -0.03863
  -0.02421
   0.03650
   0.02742
  -0.03409
  -0.03042
   0.03142
   0.03318
  -0.02850
  -0.03569
   0.02536
   0.03792
  -0.02203
  -0.03985
   0.01852
   0.04148
  -0.01487
  -0.04279
   0.01111
   0.04377
  -0.00726
  -0.04440
   0.00336
   0.04470
   0.00057
  -0.04465
  -0.00450
   0.04425
   0.00839
  -0.04352
  -0.01222
   0.04244
   0.01595
  -0.04104
  -0.01956
   0.03932
   0.02302
  -0.03730
  -0.02630
   0.03498
   0.02937
  -0.03240
  -0.03222
   0.02957
   0.03482
  -0.02650
  -0.03715
   0.02324
   0.03919
  -0.01979
  -0.04094
   0.01619
   0.04236
  -0.01247
  -0.04346
   0.00864
   0.04422
  -0.00476
  -0.04463
   0.00083
   0.04471
   0.00310
  -0.04443
  -0.00701
   0.04382
   0.01086
  -0.04286
  -0.01463
   0.04158
   0.01829
  -0.03997
  -0.02180
   0.03805
   0.02515
  -0.03584
  -0.02830
   0.03335
   0.03123
  -0.03061
  -0.03392
   0.02762
   0.03635
  -0.02443
  -0.03850
   0.02104
   0.04035
  -0.01749
  -0.04189
   0.01381
   0.04310
  -0.01002
  -0.04398
   0.00615
   0.04452
  -0.00224
  -0.04472
  -0.00170
   0.04457
   0.00562
  -0.04408
  -0.00949
   0.04324
   0.01329
  -0.04207
  -0.01699
   0.04058
   0.02056
  -0.03877
  -0.02397
   0.03666
   0.02720
  -0.03427
  -0.03021
   0.03161
   0.03299
  -0.02871
  -0.03552
   0.02559
   0.03777
  -0.02227
  -0.03972
   0.01878
   0.04137
  -0.01514
  -0.04271
   0.01138
   0.04371
  -0.00754
  -0.04437
   0.00364
   0.04469
   0.00029
  -0.04466
  -0.00422
   0.04429
   0.00811
  -0.04358
  -0.01195
   0.04253
   0.01569
  -0.04115
  -0.01931
   0.03945
   0.02277
  -0.03745
  -0.02607
   0.03516
   0.02916
  -0.03259
  -0.03203
   0.02978
   0.03464
  -0.02673
  -0.03699
   0.02348
   0.03906
  -0.02004
  -0.04082
   0.01645
   0.04227
  -0.01274
  -0.04339
   0.00892
   0.04417
  -0.00504
  -0.04462
   0.00111
   0.04471
   0.00282
  -0.04447
  -0.00673
   0.04387
   0.01059
  -0.04294
  -0.01436
   0.04168
   0.01803
  -0.04009
  -0.02155
   0.03820
   0.02491
  -0.03601
  -0.02808
   0.03354
   0.03103
  -0.03081
  -0.03374
   0.02784
   0.03619
  -0.02466
  -0.03836
   0.02129
   0.04023
  -0.01775
  -0.04179
   0.01408
   0.04303
  -0.01029
  -0.04393
   0.00643
   0.04450
  -0.00252
  -0.04472
  -0.00142
   0.04459
   0.00534
  -0.04412
  -0.00922
   0.04331
   0.01303
  -0.04217
  -0.01673
   0.04070
   0.02031
  -0.03891
  -0.02373
   0.03682
   0.02697
  -0.03445
  -0.03000
   0.03181
   0.03280
  -0.02893
  -0.03534
   0.02582
   0.03761
  -0.02251
  -0.03959
   0.01903
   0.04127
  -0.01540
  -0.04262
   0.01165
   0.04365
  -0.00782
  -0.04433
   0.00392
   0.04468
   0.00001
  -0.04468
  -0.00394
   0.04433
   0.00784
  -0.04364
  -0.01168
   0.04262
   0.01542
  -0.04126
  -0.01905
   0.03958
   0.02253
  -0.03760
  -0.02584
   0.03533
   0.02895
  -0.03278
  -0.03183
   0.02999
   0.03447
  -0.02696
  -0.03684
   0.02372
   0.03892
  -0.02029
  -0.04071
   0.01671
   0.04218
  -0.01300
  -0.04332
   0.00920
   0.04413
  -0.00532
  -0.04460
   0.00139
   0.04472
   0.00254
  -0.04449
  -0.00645
   0.04393
   0.01031
  -0.04302
  -0.01410
   0.04178
   0.01777
  -0.04022
  -0.02131
   0.03834
   0.02468
  -0.03617
  -0.02786
   0.03372
   0.03083
  -0.03101
  -0.03355
   0.02806
   0.03602
  -0.02490
  -0.03821
   0.02153
   0.04010
  -0.01801
  -0.04169
   0.01434
   0.04295
  -0.01057
  -0.04388
   0.00671
   0.04447
  -0.00280
  -0.04471
  -0.00113
   0.04461
   0.00506
  -0.04417
  -0.00894
   0.04338
   0.01276
  -0.04226
  -0.01647
   0.04081
   0.02006
  -0.03905
  -0.02350
   0.03698
   0.02675
  -0.03463
  -0.02979
   0.03201
   0.03261
  -0.02914
  -0.03517
   0.02605
   0.03746
  -0.02276
  -0.03946
   0.01929
   0.04116
  -0.01567
  -0.04254
   0.01193
   0.04358
  -0.00809
  -0.04430
   0.00420
   0.04467
  -0.00027
  -0.04469
  -0.00366
   0.04437
   0.00756
  -0.04370
  -0.01140
   0.04270
   0.01516
  -0.04137
  -0.01880
   0.03971
   0.02229
  -0.03775
  -0.02561
   0.03550
   0.02873
  -0.03298
  -0.03163
   0.03019
   0.03429
  -0.02718
  -0.03668
   0.02395
   0.03878
  -0.02054
  -0.04059
   0.01697
   0.04208
  -0.01327
  -0.04325
   0.00947
   0.04408
  -0.00559
  -0.04457
   0.00167
   0.04472
   0.00226
  -0.04452
  -0.00617
   0.04398
   0.01004
  -0.04310
  -0.01383
   0.04188
   0.01751
  -0.04034
  -0.02106
   0.03849
   0.02444
  -0.03634
  -0.02764
   0.03391
   0.03062
  -0.03121
  -0.03337
   0.02828
   0.03585
  -0.02513
