  -0.01301
   0.03162
   0.04278
   0.00865
  -0.03464
  -0.04126
  -0.00421
   0.03730
   0.03932
  -0.00028
  -0.03959
  -0.03699
   0.00477
   0.04148
   0.03428
  -0.00921
  -0.04295
  -0.03122
   0.01355
   0.04398
   0.02785
  -0.01776
  -0.04457
  -0.02420
   0.02179
   0.04471
   0.02030
  -0.02560
  -0.04440
  -0.01620
   0.02915
   0.04364
   0.01193
  -0.03241
  -0.04244
  -0.00755
   0.03534
   0.04082
   0.00309
  -0.03791
  -0.03878
   0.00141
   0.04010
   0.03634
  -0.00589
  -0.04188
  -0.03354
   0.01031
   0.04325
   0.03041
  -0.01462
  -0.04417
  -0.02696
   0.01879
   0.04465
   0.02325
  -0.02277
  -0.04468
  -0.01929
   0.02651
   0.04425
   0.01515
  -0.03000
  -0.04338
  -0.01085
   0.03317
   0.04208
   0.00644
  -0.03602
  -0.04034
  -0.00196
   0.03849
   0.03820
  -0.00253
  -0.04058
  -0.03568
   0.00700
   0.04227
   0.03279
  -0.01140
  -0.04352
  -0.02957
   0.01568
   0.04433
   0.02606
  -0.01980
  -0.04470
  -0.02228
   0.02373
   0.04461
   0.01827
  -0.02741
  -0.04408
  -0.01408
   0.03082
   0.04310
   0.00975
  -0.03392
  -0.04168
  -0.00532
   0.03667
   0.03985
   0.00084
  -0.03905
  -0.03761
   0.00365
   0.04104
   0.03499
  -0.00811
  -0.04262
  -0.03202
   0.01248
   0.04376
   0.02872
  -0.01673
  -0.04447
  -0.02514
   0.02080
   0.04472
   0.02130
  -0.02467
  -0.04452
  -0.01724
   0.02829
   0.04388
   0.01301
  -0.03162
  -0.04278
  -0.00865
   0.03464
   0.04126
   0.00421
  -0.03730
  -0.03932
   0.00028
   0.03959
   0.03699
  -0.00477
  -0.04148
  -0.03428
   0.00921
   0.04295
   0.03122
  -0.01355
  -0.04398
  -0.02785
   0.01776
   0.04457
   0.02420
  -0.02179
  -0.04471
  -0.02030
   0.02560
   0.04440
   0.01620
  -0.02915
  -0.04364
  -0.01193
   0.03241
   0.04244
   0.00755
  -0.03534
  -0.04082
  -0.00309
   0.03791
   0.03878
  -0.00141
  -0.04010
  -0.03634
   0.00589
   0.04188
   0.03354
  -0.01031
  -0.04325
  -0.03041
   0.01462
   0.04417
   0.02696
  -0.01879
  -0.04465
  -0.02325
   0.02277
   0.04468
   0.01929
  -0.02651
  -0.04425
  -0.01515
   0.03000
   0.04338
   0.01085
  -0.03317
  -0.04208
  -0.00644
   0.03602
   0.04034
   0.00196
  -0.03849
  -0.03820
   0.00253
   0.04058
   0.03568
  -0.00700
  -0.04227
  -0.03279
   0.01140
   0.04352
   0.02957
  -0.01568
  -0.04433
  -0.02606
   0.01980
   0.04470
   0.02228
  -0.02373
  -0.04461
  -0.01827
   0.02741
   0.04408
   0.01408
  -0.03082
  -0.04310
  -0.00975
   0.03392
   0.04168
   0.00532
  -0.03667
  -0.03985
  -0.00084
   0.03905
   0.03761
  -0.00365
  -0.04104
  -0.03499
   0.00811
   0.04262
   0.03202
  -0.01248
  -0.04376
  -0.02872
   0.01673
   0.04447
   0.02514
  -0.02080
  -0.04472
  -0.02130
   0.02467
   0.04452
   0.01724
  -0.02829
  -0.04388
  -0.01301
   0.03162
   0.04278
   0.00865
  -0.03464
  -0.04126
  -0.00421
   0.03730
   0.03932
  -0.00028
  -0.03959
  -0.03699
   0.00477
   0.04148
   0.03428
  -0.00921
  -0.04295
  -0.03122
   0.01355
   0.04398
   0.02785
  -0.01776
  -0.04457
  -0.02420
   0.02179
   0.04471
   0.02030
  -0.02560
  -0.04440
  -0.01620
   0.02915
   0.04364
   0.01193
  -0.03241
  -0.04244
  -0.00755
   0.03534
   0.04082
   0.00309
  -0.03791
  -0.03878
   0.00141
   0.04010
   0.03634
  -0.00589
  -0.04188
  -0.03354
   0.01031
   0.04325
   0.03041
  -0.01462
  -0.04417
  -0.02696
   0.01879
   0.04465
   0.02325
  -0.02277
  -0.04468
  -0.01929
   0.02651
   0.04425
   0.01515
  -0.03000
  -0.04338
  -0.01085
   0.03317
   0.04208
   0.00644
  -0.03602
  -0.04034
  -0.00196
   0.03849
   0.03820
  -0.00253
  -0.04058
  -0.03568
   0.00700
   0.04227
   0.03279
  -0.01140
  -0.04352
  -0.02957
   0.01568
   0.04433
   0.02606
  -0.01980
  -0.04470
  -0.02228
   0.02373
   0.04461
   0.01827
  -0.02741
  -0.04408
  -0.01408
   0.03082
   0.04310
   0.00975
  -0.03392
  -0.04168
  -0.00532
   0.03667
   0.03985
   0.00084
  -0.03905
  -0.03761
   0.00365
   0.04104
   0.03499
  -0.00811
  -0.04262
  -0.03202
   0.01248
   0.04376
   0.02872
  -0.01673
  -0.04447
  -0.02514
   0.02080
   0.04472
   0.02130
  -0.02467
  -0.04452
  -0.01724
   0.02829
   0.04388
   0.01301
  -0.03162
  -0.04278
  -0.00865
   0.03464
   0.04126
   0.00421
  -0.03730
  -0.03932
   0.00028
   0.03959
   0.03699
  -0.00477
  -0.04148
  -0.03428
   0.00921
   0.04295
   0.03122
  -0.01355
  -0.04398
  -0.02785
   0.01776
   0.04457
   0.02420
  -0.02179
  -0.04471
  -0.02030
   0.02560
   0.04440
   0.01620
  -0.02915
  -0.04364
  -0.01193
   0.03241
   0.04244
   0.00755
  -0.03534
  -0.04082
  -0.00309
   0.03791
   0.03878
  -0.00141
  -0.04010
  -0.03634
   0.00589
   0.04188
   0.03354
  -0.01031
  -0.04325
  -0.03041
   0.01462
   0.04417
   0.02696
  -0.01879
  -0.04465
  -0.02325
   0.02277
   0.04468
   0.01929
  -0.02651
  -0.04425
  -0.01515
   0.03000
   0.04338
   0.01085
  -0.03317
  -0.04208
  -0.00644
   0.03602
   0.04034
   0.00196
  -0.03849
  -0.03820
   0.00253
   0.04058
   0.03568
  -0.00700
  -0.04227
  -0.03279
   0.01140
   0.04352
   0.02957
  -0.01568
  -0.04433
  -0.02606
   0.01980
   0.04470
   0.02228
  -0.02373
  -0.04461
  -0.01827
   0.02741
   0.04408
   0.01408
  -0.03082
  -0.04310
  -0.00975
   0.03392
   0.04168
   0.00532
  -0.03667
  -0.03985
  -0.00084
   0.03905
   0.03761
  -0.00365
  -0.04104
  -0.03499
   0.00811
   0.04262
   0.03202
  -0.01248
  -0.04376
  -0.02872
   0.01673
   0.04447
   0.02514
  -0.02080
  -0.04472
  -0.02130
   0.02467
   0.04452
   0.01724
  -0.02829
  -0.04388
  -0.01301
   0.03162
   0.04278
   0.00865
  -0.03464
  -0.04126
  -0.00421
   0.03730
   0.03932
  -0.00028
  -0.03959
  -0.03699
   0.00477
   0.04148
   0.03428
  -0.00921
  -0.04295
  -0.03122
   0.01355
   0.04398
   0.02785
  -0.01776
  -0.04457
  -0.02420
   0.02179
   0.04471
   0.02030
  -0.02560
  -0.04440
  -0.01620
   0.02915
   0.04364
   0.01193
  -0.03241
  -0.04244
  -0.00755
   0.03534
   0.04082
   0.00309
  -0.03791
  -0.03878
   0.00141
   0.04010
   0.03634
  -0.00589
  -0.04188
  -0.03354
   0.01031
   0.04325
   0.03041
  -0.01462
  -0.04417
  -0.02696
   0.01879
   0.04465
   0.02325
  -0.02277
  -0.04468
  -0.01929
   0.02651
   0.04425
   0.01515
  -0.03000
  -0.04338
  -0.01085
   0.03317
   0.04208
   0.00644
  -0.03602
  -0.04034
  -0.00196
   0.03849
   0.03820
  -0.00253
  -0.04058
  -0.03568
   0.00700
   0.04227
   0.03279
  -0.01140
  -0.04352
  -0.02957
   0.01568
   0.04433
   0.02606
  -0.01980
  -0.04470
  -0.02228
   0.02373
   0.04461
   0.01827
  -0.02741
  -0.04408
  -0.01408
   0.03082
   0.04310
   0.00975
  -0.03392
  -0.04168
  -0.00532
   0.03667
   0.03985
   0.00084
  -0.03905
  -0.03761
   0.00365
   0.04104
   0.03499
  -0.00811
  -0.04262
  -0.03202
   0.01248
   0.04376
   0.02872
  -0.01673
  -0.04447
  -0.02514
   0.02080
   0.04472
   0.02130
  -0.02467
  -0.04452
  -0.01724
   0.02829
   0.04388
   0.01301
  -0.03162
  -0.04278
  -0.00865
   0.03464
   0.04126
   0.00421
  -0.03730
  -0.03932
   0.00028
   0.03959
   0.03699
  -0.00477
  -0.04148
  -0.03428
   0.00921
   0.04295
   0.03122
  -0.01355
  -0.04398
  -0.02785
   0.01776
   0.04457
   0.02420
  -0.02179
  -0.04471
  -0.02030
   0.02560
   0.04440
   0.01620
  -0.02915
  -0.04364
  -0.01193
   0.03241
   0.04244
   0.00755
  -0.03534
  -0.04082
  -0.00309
   0.03791
   0.03878
  -0.00141
  -0.04010
  -0.03634
   0.00589
   0.04188
   0.03354
  -0.01031
  -0.04325
  -0.03041
   0.01462
   0.04417
   0.02696
  -0.01879
  -0.04465
  -0.02325
   0.02277
   0.04468
   0.01929
  -0.02651
  -0.04425
  -0.01515
   0.03000
   0.04338
   0.01085
  -0.03317
  -0.04208
  -0.00644
   0.03602
   0.04034
   0.00196
  -0.03849
  -0.03820
   0.00253
   0.04058
   0.03568
  -0.00700
  -0.04227
  -0.03279
   0.01140
   0.04352
   0.02957
  -0.01568
  -0.04433
  -0.02606
   0.01980
   0.04470
   0.02228
  -0.02373
  -0.04461
  -0.01827
   0.02741
   0.04408
   0.01408
  -0.03082
  -0.04310
  -0.00975
   0.03392
   0.04168
   0.00532
  -0.03667
  -0.03985
  -0.00084
   0.03905
   0.03761
  -0.00365
  -0.04104
  -0.03499
   0.00811
   0.04262
   0.03202
  -0.01248
  -0.04376
  -0.02872
   0.01673
   0.04447
   0.02514
  -0.02080
  -0.04472
  -0.02130
   0.02467
   0.04452
   0.01724
  -0.02829
  -0.04388
  -0.01301
   0.03162
   0.04278
   0.00865
  -0.03464
  -0.04126
  -0.00421
   0.03730
   0.03932
  -0.00028
  -0.03959
  -0.03699
   0.00477
   0.04148
   0.03428
  -0.00921
  -0.04295
  -0.03122
   0.01355
   0.04398
   0.02785
  -0.01776
  -0.04457
  -0.02420
   0.02179
   0.04471
   0.02030
  -0.02560
  -0.04440
  -0.01620
   0.02915
   0.04364
   0.01193
  -0.03241
  -0.04244
  -0.00755
   0.03534
   0.04082
   0.00309
  -0.03791
  -0.03878
   0.00141
   0.04010
   0.03634
  -0.00589
  -0.04188
  -0.03354
   0.01031
   0.04325
   0.03041
  -0.01462
  -0.04417
  -0.02696
   0.01879
   0.04465
   0.02325
  -0.02277
  -0.04468
  -0.01929
   0.02651
   0.04425
   0.01515
  -0.03000
  -0.04338
  -0.01085
   0.03317
   0.04208
   0.00644
  -0.03602
  -0.04034
  -0.00196
   0.03849
   0.03820
  -0.00253
  -0.04058
  -0.03568
   0.00700
   0.04227
   0.03279
  -0.01140
  -0.04352
  -0.02957
   0.01568
   0.04433
   0.02606
  -0.01980
  -0.04470
  -0.02228
   0.02373
   0.04461
   0.01827
  -0.02741
  -0.04408
  -0.01408
   0.03082
   0.04310
   0.00975
  -0.03392
  -0.04168
  -0.00532
   0.03667
   0.03985
   0.00084
  -0.03905
  -0.03761
   0.00365
   0.04104
   0.03499
  -0.00811
  -0.04262
  -0.03202
   0.01248
   0.04376
   0.02872
  -0.01673
  -0.04447
  -0.02514
   0.02080
   0.04472
   0.02130
  -0.02467
  -0.04452
  -0.01724
   0.02829
   0.04388
   0.01301
  -0.03162
  -0.04278
  -0.00865
   0.03464
   0.04126
   0.00421
  -0.03730
  -0.03932
   0.00028
   0.03959
   0.03699
  -0.00477
  -0.04148
  -0.03428
   0.00921
   0.04295
   0.03122
  -0.01355
  -0.04398
  -0.02785
   0.01776
   0.04457
   0.02420
  -0.02179
  -0.04471
  -0.02030
   0.02560
   0.04440
   0.01620
  -0.02915
  -0.04364
  -0.01193
   0.03241
   0.04244
   0.00755
  -0.03534
  -0.04082
  -0.00309
   0.03791
   0.03878
  -0.00141
  -0.04010
  -0.03634
   0.00589
   0.04188
   0.03354
  -0.01031
  -0.04325
  -0.03041
   0.01462
   0.04417
   0.02696
  -0.01879
  -0.04465
  -0.02325
   0.02277
   0.04468
   0.01929
  -0.02651
  -0.04425
  -0.01515
   0.03000
   0.04338
   0.01085
  -0.03317
  -0.04208
  -0.00644
   0.03602
   0.04034
   0.00196
  -0.03849
  -0.03820
   0.00253
   0.04058
   0.03568
  -0.00700
  -0.04227
  -0.03279
   0.01140
   0.04352
   0.02957
  -0.01568
  -0.04433
  -0.02606
   0.01980
   0.04470
   0.02228
  -0.02373
  -0.04461
  -0.01827
   0.02741
   0.04408
   0.01408
  -0.03082
  -0.04310
  -0.00975
   0.03392
   0.04168
   0.00532
  -0.03667
  -0.03985
  -0.00084
   0.03905
   0.03761
  -0.00365
  -0.04104
  -0.03499
   0.00811
   0.04262
   0.03202
  -0.01248
  -0.04376
  -0.02872
   0.01673
   0.04447
   0.02514
  -0.02080
  -0.04472
  -0.02130
   0.02467
   0.04452
   0.01724
  -0.02829
  -0.04388
