  -0.02279
   0.02052
   0.04457
   0.02677
  -0.01617
  -0.04392
  -0.03043
   0.01163
   0.04278
   0.03375
  -0.00696
  -0.04114
  -0.03669
   0.00221
   0.03904
   0.03921
   0.00256
  -0.03649
  -0.04128
  -0.00731
   0.03352
   0.04288
   0.01197
  -0.03018
  -0.04399
  -0.01649
   0.02649
   0.04460
   0.02083
  -0.02249
  -0.04470
  -0.02493
   0.01825
   0.04429
   0.02875
  -0.01379
  -0.04338
  -0.03224
   0.00917
   0.04197
   0.03536
  -0.00446
  -0.04008
  -0.03807
  -0.00031
   0.03774
   0.04036
   0.00508
  -0.03497
  -0.04218
  -0.00979
   0.03180
   0.04353
   0.01438
  -0.02826
  -0.04437
  -0.01882
   0.02441
   0.04471
   0.02303
  -0.02027
  -0.04455
  -0.02699
   0.01591
   0.04387
   0.03064
  -0.01136
  -0.04269
  -0.03394
   0.00669
   0.04103
   0.03685
  -0.00193
  -0.03890
  -0.03934
  -0.00284
   0.03633
   0.04138
   0.00758
  -0.03334
  -0.04295
  -0.01224
   0.02997
   0.04404
   0.01675
  -0.02626
  -0.04462
  -0.02108
   0.02225
   0.04469
   0.02516
  -0.01799
  -0.04425
  -0.02896
   0.01352
   0.04331
   0.03243
  -0.00890
  -0.04187
  -0.03553
   0.00418
   0.03996
   0.03822
   0.00059
  -0.03759
  -0.04048
  -0.00536
   0.03479
   0.04228
   0.01006
  -0.03160
  -0.04359
  -0.01465
   0.02805
   0.04441
   0.01907
  -0.02417
  -0.04472
  -0.02327
   0.02002
   0.04452
   0.02721
  -0.01565
  -0.04381
  -0.03084
   0.01109
   0.04261
   0.03412
  -0.00641
  -0.04092
  -0.03701
   0.00165
   0.03876
   0.03947
   0.00312
  -0.03616
  -0.04149
  -0.00786
   0.03315
   0.04303
   0.01251
  -0.02976
  -0.04408
  -0.01701
   0.02603
   0.04464
   0.02133
  -0.02201
  -0.04468
  -0.02540
   0.01773
   0.04421
   0.02918
  -0.01325
  -0.04324
  -0.03262
   0.00862
   0.04177
   0.03570
  -0.00390
  -0.03983
  -0.03837
  -0.00088
   0.03744
   0.04060
   0.00564
  -0.03462
  -0.04237
  -0.01034
   0.03140
   0.04365
   0.01492
  -0.02783
  -0.04444
  -0.01932
   0.02394
   0.04472
   0.02351
  -0.01977
  -0.04449
  -0.02744
   0.01538
   0.04376
   0.03104
  -0.01082
  -0.04252
  -0.03430
   0.00613
   0.04080
   0.03716
  -0.00137
  -0.03862
  -0.03960
  -0.00340
   0.03600
   0.04159
   0.00814
  -0.03296
  -0.04311
  -0.01278
   0.02955
   0.04413
   0.01727
  -0.02580
  -0.04465
  -0.02157
   0.02176
   0.04466
   0.02563
  -0.01747
  -0.04417
  -0.02939
   0.01298
   0.04316
   0.03281
  -0.00835
  -0.04167
  -0.03587
   0.00362
   0.03970
   0.03851
   0.00116
  -0.03728
  -0.04071
  -0.00592
   0.03444
   0.04246
   0.01061
  -0.03120
  -0.04371
  -0.01518
   0.02761
   0.04447
   0.01958
  -0.02370
  -0.04472
  -0.02375
   0.01952
   0.04446
   0.02766
  -0.01512
  -0.04370
  -0.03125
   0.01054
   0.04243
   0.03448
  -0.00585
  -0.04069
  -0.03732
   0.00109
   0.03848
   0.03973
   0.00368
  -0.03583
  -0.04170
  -0.00841
   0.03277
   0.04318
   0.01305
  -0.02934
  -0.04418
  -0.01753
   0.02557
   0.04467
   0.02182
  -0.02152
  -0.04465
  -0.02586
   0.01721
   0.04412
   0.02960
  -0.01272
  -0.04309
  -0.03300
   0.00807
   0.04157
   0.03603
  -0.00334
  -0.03957
  -0.03865
  -0.00144
   0.03713
   0.04083
   0.00619
  -0.03426
  -0.04254
  -0.01088
   0.03100
   0.04377
   0.01544
  -0.02738
  -0.04450
  -0.01983
   0.02346
   0.04472
   0.02399
  -0.01927
  -0.04443
  -0.02788
   0.01485
   0.04364
   0.03145
  -0.01027
  -0.04234
  -0.03466
   0.00557
   0.04057
   0.03747
  -0.00081
  -0.03833
  -0.03986
  -0.00396
   0.03566
   0.04180
   0.00869
  -0.03258
  -0.04325
  -0.01332
   0.02913
   0.04422
   0.01779
  -0.02534
  -0.04468
  -0.02206
   0.02127
   0.04463
   0.02609
  -0.01695
  -0.04407
  -0.02981
   0.01245
   0.04301
   0.03319
  -0.00779
  -0.04146
  -0.03620
   0.00306
   0.03944
   0.03879
   0.00172
  -0.03697
  -0.04094
  -0.00647
   0.03408
   0.04263
   0.01115
  -0.03079
  -0.04383
  -0.01571
   0.02716
   0.04453
   0.02008
  -0.02322
  -0.04472
  -0.02423
   0.01901
   0.04440
   0.02810
  -0.01459
  -0.04357
  -0.03165
   0.01000
   0.04225
   0.03483
  -0.00529
  -0.04045
  -0.03763
   0.00053
   0.03819
   0.03999
   0.00424
  -0.03549
  -0.04190
  -0.00896
   0.03238
   0.04332
   0.01358
  -0.02891
  -0.04426
  -0.01805
   0.02511
   0.04469
   0.02231
  -0.02102
  -0.04461
  -0.02631
   0.01669
   0.04403
   0.03002
  -0.01218
  -0.04294
  -0.03338
   0.00752
   0.04136
   0.03636
  -0.00278
  -0.03931
  -0.03893
  -0.00200
   0.03681
   0.04106
   0.00675
  -0.03389
  -0.04271
  -0.01143
   0.03059
   0.04388
   0.01597
  -0.02694
  -0.04455
  -0.02033
   0.02298
   0.04471
   0.02446
  -0.01876
  -0.04436
  -0.02831
   0.01432
   0.04351
   0.03184
  -0.00972
  -0.04216
  -0.03501
   0.00501
   0.04033
   0.03778
  -0.00025
  -0.03804
  -0.04011
  -0.00452
   0.03532
   0.04199
   0.00924
  -0.03219
  -0.04339
  -0.01385
   0.02870
   0.04430
   0.01831
  -0.02488
  -0.04470
  -0.02255
   0.02077
   0.04459
   0.02654
  -0.01643
  -0.04398
  -0.03023
   0.01190
   0.04286
   0.03357
  -0.00724
  -0.04125
  -0.03653
   0.00249
   0.03917
   0.03907
   0.00228
  -0.03665
  -0.04117
  -0.00703
   0.03371
   0.04279
   0.01170
  -0.03038
  -0.04394
  -0.01623
   0.02671
   0.04457
   0.02058
  -0.02274
  -0.04471
  -0.02470
   0.01850
   0.04433
   0.02853
  -0.01406
  -0.04344
  -0.03204
   0.00945
   0.04207
   0.03518
  -0.00474
  -0.04021
  -0.03793
  -0.00003
   0.03789
   0.04024
   0.00480
  -0.03514
  -0.04209
  -0.00951
   0.03199
   0.04346
   0.01412
  -0.02848
  -0.04434
  -0.01856
   0.02464
   0.04471
   0.02279
  -0.02052
  -0.04457
  -0.02677
   0.01617
   0.04392
   0.03043
  -0.01163
  -0.04278
  -0.03375
   0.00696
   0.04114
   0.03669
  -0.00221
  -0.03904
  -0.03921
  -0.00256
   0.03649
   0.04128
   0.00731
  -0.03352
  -0.04288
  -0.01197
   0.03018
   0.04399
   0.01649
  -0.02649
  -0.04460
  -0.02083
   0.02249
   0.04470
   0.02493
  -0.01825
  -0.04429
  -0.02875
   0.01379
   0.04338
   0.03224
  -0.00917
  -0.04197
  -0.03536
   0.00446
   0.04008
   0.03807
   0.00031
  -0.03774
  -0.04036
  -0.00508
   0.03497
   0.04218
   0.00979
  -0.03180
  -0.04353
  -0.01438
   0.02826
   0.04437
   0.01882
  -0.02441
  -0.04471
  -0.02303
   0.02027
   0.04455
   0.02699
  -0.01591
  -0.04387
  -0.03064
   0.01136
   0.04269
   0.03394
  -0.00669
  -0.04103
  -0.03685
   0.00193
   0.03890
   0.03934
   0.00284
  -0.03633
  -0.04138
  -0.00758
   0.03334
   0.04295
   0.01224
  -0.02997
  -0.04404
  -0.01675
   0.02626
   0.04462
   0.02108
  -0.02225
  -0.04469
  -0.02516
   0.01799
   0.04425
   0.02896
  -0.01352
  -0.04331
  -0.03243
   0.00890
   0.04187
   0.03553
  -0.00418
  -0.03996
  -0.03822
  -0.00059
   0.03759
   0.04048
   0.00536
  -0.03479
  -0.04228
  -0.01006
   0.03160
   0.04359
   0.01465
  -0.02805
  -0.04441
  -0.01907
   0.02417
   0.04472
   0.02327
  -0.02002
  -0.04452
  -0.02721
   0.01565
   0.04381
   0.03084
  -0.01109
  -0.04261
  -0.03412
   0.00641
   0.04092
   0.03701
  -0.00165
  -0.03876
  -0.03947
  -0.00312
   0.03616
   0.04149
   0.00786
  -0.03315
  -0.04303
  -0.01251
   0.02976
   0.04408
   0.01701
  -0.02603
  -0.04464
  -0.02133
   0.02201
   0.04468
   0.02540
  -0.01773
  -0.04421
  -0.02918
   0.01325
   0.04324
   0.03262
  -0.00862
  -0.04177
  -0.03570
   0.00390
   0.03983
   0.03837
   0.00088
  -0.03744
  -0.04060
  -0.00564
   0.03462
   0.04237
   0.01034
  -0.03140
  -0.04365
  -0.01492
   0.02783
   0.04444
   0.01932
  -0.02394
  -0.04472
  -0.02351
   0.01977
   0.04449
   0.02744
  -0.01538
  -0.04376
  -0.03104
   0.01082
   0.04252
   0.03430
  -0.00613
  -0.04080
  -0.03716
   0.00137
   0.03862
   0.03960
   0.00340
  -0.03600
  -0.04159
  -0.00814
   0.03296
   0.04311
   0.01278
  -0.02955
  -0.04413
  -0.01727
   0.02580
   0.04465
   0.02157
  -0.02176
  -0.04466
  -0.02563
   0.01747
   0.04417
   0.02939
  -0.01298
  -0.04316
  -0.03281
   0.00835
   0.04167
   0.03587
  -0.00362
  -0.03970
  -0.03851
  -0.00116
   0.03728
   0.04071
   0.00592
  -0.03444
  -0.04246
  -0.01061
   0.03120
   0.04371
   0.01518
  -0.02761
  -0.04447
  -0.01958
   0.02370
   0.04472
   0.02375
  -0.01952
  -0.04446
  -0.02766
   0.01512
   0.04370
   0.03125
  -0.01054
  -0.04243
  -0.03448
   0.00585
   0.04069
   0.03732
  -0.00109
  -0.03848
  -0.03973
  -0.00368
   0.03583
   0.04170
   0.00841
  -0.03277
  -0.04318
  -0.01305
   0.02934
   0.04418
   0.01753
  -0.02557
  -0.04467
  -0.02182
   0.02152
   0.04465
   0.02586
  -0.01721
  -0.04412
  -0.02960
   0.01272
   0.04309
   0.03300
  -0.00807
  -0.04157
  -0.03603
   0.00334
   0.03957
   0.03865
   0.00144
  -0.03713
  -0.04083
  -0.00619
   0.03426
   0.04254
   0.01088
  -0.03100
  -0.04377
  -0.01544
   0.02738
   0.04450
   0.01983
  -0.02346
  -0.04472
  -0.02399
   0.01927
   0.04443
   0.02788
  -0.01485
  -0.04364
  -0.03145
   0.01027
   0.04234
   0.03466
  -0.00557
  -0.04057
  -0.03747
   0.00081
   0.03833
   0.03986
   0.00396
  -0.03566
  -0.04180
  -0.00869
   0.03258
   0.04325
   0.01332
  -0.02913
  -0.04422
  -0.01779
   0.02534
   0.04468
   0.02206
  -0.02127
  -0.04463
  -0.02609
   0.01695
   0.04407
   0.02981
  -0.01245
  -0.04301
  -0.03319
   0.00779
   0.04146
   0.03620
  -0.00306
  -0.03944
  -0.03879
  -0.00172
   0.03697
   0.04094
   0.00647
  -0.03408
  -0.04263
  -0.01115
   0.03079
   0.04383
   0.01571
  -0.02716
  -0.04453
  -0.02008
   0.02322
   0.04472
   0.02423
  -0.01901
  -0.04440
  -0.02810
   0.01459
   0.04357
   0.03165
  -0.01000
  -0.04225
  -0.03483
   0.00529
   0.04045
   0.03763
  -0.00053
  -0.03819
  -0.03999
  -0.00424
   0.03549
   0.04190
   0.00896
  -0.03238
  -0.04332
  -0.01358
   0.02891
   0.04426
   0.01805
  -0.02511
  -0.04469
  -0.02231
   0.02102
   0.04461
   0.02631
  -0.01669
  -0.04403
  -0.03002
   0.01218
   0.04294
   0.03338
  -0.00752
  -0.04136
  -0.03636
   0.00278
   0.03931
   0.03893
   0.00200
  -0.03681
  -0.04106
  -0.00675
   0.03389
   0.04271
   0.01143
  -0.03059
  -0.04388
  -0.01597
   0.02694
   0.04455
   0.02033
  -0.02298
  -0.04471
  -0.02446
   0.01876
   0.04436
   0.02831
  -0.01432
  -0.04351
  -0.03184
   0.00972
   0.04216
   0.03501
  -0.00501
  -0.04033
  -0.03778
   0.00025
   0.03804
   0.04011
   0.00452
  -0.03532
  -0.04199
  -0.00924
   0.03219
   0.04339
   0.01385
  -0.02870
  -0.04430
  -0.01831
   0.02488
   0.04470
   0.02255
  -0.02077
  -0.04459
  -0.02654
   0.01643
   0.04398
   0.03023
  -0.01190
  -0.04286
  -0.03357
   0.00724
   0.04125
   0.03653
  -0.00249
  -0.03917
  -0.03907
  -0.00228
   0.03665
   0.04117
   0.00703
  -0.03371
  -0.04279
  -0.01170
   0.03038
   0.04394
   0.01623
  -0.02671
  -0.04457
  -0.02058
   0.02274
   0.04471
   0.02470
  -0.01850
  -0.04433
  -0.02853
   0.01406
   0.04344
   0.03204
  -0.00945
  -0.04207
  -0.03518
   0.00474
   0.04021
   0.03793
   0.00003
  -0.03789
  -0.04024
  -0.00480
   0.03514
   0.04209
   0.00951
  -0.03199
  -0.04346
  -0.01412
   0.02848
   0.04434
   0.01856
  -0.02464
  -0.04471
