   0.04174
  -0.03152
  -0.01634
   0.04468
  -0.01967
  -0.02883
   0.04291
  -0.00574
  -0.03828
   0.03659
   0.00880
  -0.04368
   0.02640
   0.02240
  -0.04445
   0.01341
   0.03364
  -0.04052
  -0.00099
   0.04132
  -0.03231
  -0.01528
   0.04462
  -0.02067
  -0.02796
   0.04321
  -0.00685
  -0.03769
   0.03722
   0.00769
  -0.04342
   0.02730
   0.02143
  -0.04456
   0.01448
   0.03289
  -0.04099
   0.00014
   0.04088
  -0.03307
  -0.01422
   0.04454
  -0.02166
  -0.02708
   0.04348
  -0.00796
  -0.03707
   0.03783
   0.00658
  -0.04314
   0.02818
   0.02043
  -0.04464
   0.01554
   0.03212
  -0.04142
   0.00126
   0.04041
  -0.03382
  -0.01315
   0.04442
  -0.02264
  -0.02618
   0.04373
  -0.00906
  -0.03643
   0.03842
   0.00547
  -0.04283
   0.02904
   0.01943
  -0.04469
   0.01659
   0.03133
  -0.04183
   0.00238
   0.03991
  -0.03455
  -0.01208
   0.04428
  -0.02360
  -0.02526
   0.04395
  -0.01016
  -0.03577
   0.03898
   0.00435
  -0.04249
   0.02989
   0.01841
  -0.04472
   0.01763
   0.03051
  -0.04222
   0.00350
   0.03939
  -0.03525
  -0.01099
   0.04410
  -0.02455
  -0.02432
   0.04415
  -0.01125
  -0.03508
   0.03952
   0.00323
  -0.04213
   0.03071
   0.01738
  -0.04472
   0.01866
   0.02968
  -0.04257
   0.00462
   0.03885
  -0.03593
  -0.00990
   0.04390
  -0.02548
  -0.02337
   0.04431
  -0.01234
  -0.03437
   0.04003
   0.00211
  -0.04174
   0.03152
   0.01634
  -0.04468
   0.01967
   0.02883
  -0.04291
   0.00574
   0.03828
  -0.03659
  -0.00880
   0.04368
  -0.02640
  -0.02240
   0.04445
  -0.01341
  -0.03364
   0.04052
   0.00099
  -0.04132
   0.03231
   0.01528
  -0.04462
   0.02067
   0.02796
  -0.04321
   0.00685
   0.03769
  -0.03722
  -0.00769
   0.04342
  -0.02730
  -0.02143
   0.04456
  -0.01448
  -0.03289
   0.04099
  -0.00014
  -0.04088
   0.03307
   0.01422
  -0.04454
   0.02166
   0.02708
  -0.04348
   0.00796
   0.03707
  -0.03783
  -0.00658
   0.04314
  -0.02818
  -0.02043
   0.04464
  -0.01554
  -0.03212
   0.04142
  -0.00126
  -0.04041
   0.03382
   0.01315
  -0.04442
   0.02264
   0.02618
  -0.04373
   0.00906
   0.03643
  -0.03842
  -0.00547
   0.04283
  -0.02904
  -0.01943
   0.04469
  -0.01659
  -0.03133
   0.04183
  -0.00238
  -0.03991
   0.03455
   0.01208
  -0.04428
   0.02360
   0.02526
  -0.04395
   0.01016
   0.03577
  -0.03898
  -0.00435
   0.04249
  -0.02989
  -0.01841
   0.04472
  -0.01763
  -0.03051
   0.04222
  -0.00350
  -0.03939
   0.03525
   0.01099
  -0.04410
   0.02455
   0.02432
  -0.04415
   0.01125
   0.03508
  -0.03952
  -0.00323
   0.04213
  -0.03071
  -0.01738
   0.04472
  -0.01866
  -0.02968
   0.04257
  -0.00462
  -0.03885
   0.03593
   0.00990
  -0.04390
   0.02548
   0.02337
  -0.04431
   0.01234
   0.03437
  -0.04003
  -0.00211
   0.04174
  -0.03152
  -0.01634
   0.04468
  -0.01967
  -0.02883
   0.04291
  -0.00574
  -0.03828
   0.03659
   0.00880
  -0.04368
   0.02640
   0.02240
  -0.04445
   0.01341
   0.03364
  -0.04052
  -0.00099
   0.04132
  -0.03231
  -0.01528
   0.04462
  -0.02067
  -0.02796
   0.04321
  -0.00685
  -0.03769
   0.03722
   0.00769
  -0.04342
   0.02730
   0.02143
  -0.04456
   0.01448
   0.03289
  -0.04099
   0.00014
   0.04088
  -0.03307
  -0.01422
   0.04454
  -0.02166
  -0.02708
   0.04348
  -0.00796
  -0.03707
   0.03783
   0.00658
  -0.04314
   0.02818
   0.02043
  -0.04464
   0.01554
   0.03212
  -0.04142
   0.00126
   0.04041
  -0.03382
  -0.01315
   0.04442
  -0.02264
  -0.02618
   0.04373
  -0.00906
  -0.03643
   0.03842
   0.00547
  -0.04283
   0.02904
   0.01943
  -0.04469
   0.01659
   0.03133
  -0.04183
   0.00238
   0.03991
  -0.03455
  -0.01208
   0.04428
  -0.02360
  -0.02526
   0.04395
  -0.01016
  -0.03577
   0.03898
   0.00435
  -0.04249
   0.02989
   0.01841
  -0.04472
   0.01763
   0.03051
  -0.04222
   0.00350
   0.03939
  -0.03525
  -0.01099
   0.04410
  -0.02455
  -0.02432
   0.04415
  -0.01125
  -0.03508
   0.03952
   0.00323
  -0.04213
   0.03071
   0.01738
  -0.04472
   0.01866
   0.02968
  -0.04257
   0.00462
   0.03885
  -0.03593
  -0.00990
   0.04390
  -0.02548
  -0.02337
   0.04431
  -0.01234
  -0.03437
   0.04003
   0.00211
  -0.04174
   0.03152
   0.01634
  -0.04468
   0.01967
   0.02883
  -0.04291
   0.00574
   0.03828
  -0.03659
  -0.00880
   0.04368
  -0.02640
  -0.02240
   0.04445
  -0.01341
  -0.03364
   0.04052
   0.00099
  -0.04132
   0.03231
   0.01528
  -0.04462
   0.02067
   0.02796
  -0.04321
   0.00685
   0.03769
  -0.03722
  -0.00769
   0.04342
  -0.02730
  -0.02143
   0.04456
  -0.01448
  -0.03289
   0.04099
  -0.00014
  -0.04088
   0.03307
   0.01422
  -0.04454
   0.02166
   0.02708
  -0.04348
   0.00796
   0.03707
  -0.03783
  -0.00658
   0.04314
  -0.02818
  -0.02043
   0.04464
  -0.01554
  -0.03212
   0.04142
  -0.00126
  -0.04041
   0.03382
   0.01315
  -0.04442
   0.02264
   0.02618
  -0.04373
   0.00906
   0.03643
  -0.03842
  -0.00547
   0.04283
  -0.02904
  -0.01943
   0.04469
  -0.01659
  -0.03133
   0.04183
  -0.00238
  -0.03991
   0.03455
   0.01208
  -0.04428
   0.02360
   0.02526
  -0.04395
   0.01016
   0.03577
  -0.03898
  -0.00435
   0.04249
  -0.02989
  -0.01841
   0.04472
  -0.01763
  -0.03051
   0.04222
  -0.00350
  -0.03939
   0.03525
   0.01099
  -0.04410
   0.02455
   0.02432
  -0.04415
   0.01125
   0.03508
  -0.03952
  -0.00323
   0.04213
  -0.03071
  -0.01738
   0.04472
  -0.01866
  -0.02968
   0.04257
  -0.00462
  -0.03885
   0.03593
   0.00990
  -0.04390
   0.02548
   0.02337
  -0.04431
   0.01234
   0.03437
  -0.04003
  -0.00211
   0.04174
  -0.03152
  -0.01634
   0.04468
  -0.01967
  -0.02883
   0.04291
  -0.00574
  -0.03828
   0.03659
   0.00880
  -0.04368
   0.02640
   0.02240
  -0.04445
   0.01341
   0.03364
  -0.04052
  -0.00099
   0.04132
  -0.03231
  -0.01528
   0.04462
  -0.02067
  -0.02796
   0.04321
  -0.00685
  -0.03769
   0.03722
   0.00769
  -0.04342
   0.02730
   0.02143
  -0.04456
   0.01448
   0.03289
  -0.04099
   0.00014
   0.04088
  -0.03307
  -0.01422
   0.04454
  -0.02166
  -0.02708
   0.04348
  -0.00796
  -0.03707
   0.03783
   0.00658
  -0.04314
   0.02818
   0.02043
  -0.04464
   0.01554
   0.03212
  -0.04142
   0.00126
   0.04041
  -0.03382
  -0.01315
   0.04442
  -0.02264
  -0.02618
   0.04373
  -0.00906
  -0.03643
   0.03842
   0.00547
  -0.04283
   0.02904
   0.01943
  -0.04469
   0.01659
   0.03133
  -0.04183
   0.00238
   0.03991
  -0.03455
  -0.01208
   0.04428
  -0.02360
  -0.02526
   0.04395
  -0.01016
  -0.03577
   0.03898
   0.00435
  -0.04249
   0.02989
   0.01841
  -0.04472
   0.01763
   0.03051
  -0.04222
   0.00350
   0.03939
  -0.03525
  -0.01099
   0.04410
  -0.02455
  -0.02432
   0.04415
  -0.01125
  -0.03508
   0.03952
   0.00323
  -0.04213
   0.03071
   0.01738
  -0.04472
   0.01866
   0.02968
  -0.04257
   0.00462
   0.03885
  -0.03593
  -0.00990
   0.04390
  -0.02548
  -0.02337
   0.04431
  -0.01234
  -0.03437
   0.04003
   0.00211
  -0.04174
   0.03152
   0.01634
  -0.04468
   0.01967
   0.02883
  -0.04291
   0.00574
   0.03828
  -0.03659
  -0.00880
   0.04368
  -0.02640
  -0.02240
   0.04445
  -0.01341
  -0.03364
   0.04052
   0.00099
  -0.04132
   0.03231
   0.01528
  -0.04462
   0.02067
   0.02796
  -0.04321
   0.00685
   0.03769
  -0.03722
  -0.00769
   0.04342
  -0.02730
  -0.02143
   0.04456
  -0.01448
  -0.03289
   0.04099
  -0.00014
  -0.04088
   0.03307
   0.01422
  -0.04454
   0.02166
   0.02708
  -0.04348
   0.00796
   0.03707
  -0.03783
  -0.00658
   0.04314
  -0.02818
  -0.02043
   0.04464
  -0.01554
  -0.03212
   0.04142
  -0.00126
  -0.04041
   0.03382
   0.01315
  -0.04442
   0.02264
   0.02618
  -0.04373
   0.00906
   0.03643
  -0.03842
  -0.00547
   0.04283
  -0.02904
  -0.01943
   0.04469
  -0.01659
  -0.03133
   0.04183
  -0.00238
  -0.03991
   0.03455
   0.01208
  -0.04428
   0.02360
   0.02526
  -0.04395
   0.01016
   0.03577
  -0.03898
  -0.00435
   0.04249
  -0.02989
  -0.01841
   0.04472
  -0.01763
  -0.03051
   0.04222
  -0.00350
  -0.03939
   0.03525
   0.01099
  -0.04410
   0.02455
   0.02432
  -0.04415
   0.01125
   0.03508
  -0.03952
  -0.00323
   0.04213
  -0.03071
  -0.01738
   0.04472
  -0.01866
  -0.02968
   0.04257
  -0.00462
  -0.03885
   0.03593
   0.00990
  -0.04390
   0.02548
   0.02337
  -0.04431
   0.01234
   0.03437
  -0.04003
  -0.00211
   0.04174
  -0.03152
  -0.01634
   0.04468
  -0.01967
  -0.02883
   0.04291
  -0.00574
  -0.03828
   0.03659
   0.00880
  -0.04368
   0.02640
   0.02240
  -0.04445
   0.01341
   0.03364
  -0.04052
  -0.00099
   0.04132
  -0.03231
  -0.01528
   0.04462
  -0.02067
  -0.02796
   0.04321
  -0.00685
  -0.03769
   0.03722
   0.00769
  -0.04342
   0.02730
   0.02143
  -0.04456
   0.01448
   0.03289
  -0.04099
   0.00014
   0.04088
  -0.03307
  -0.01422
   0.04454
  -0.02166
  -0.02708
   0.04348
  -0.00796
  -0.03707
   0.03783
   0.00658
  -0.04314
   0.02818
   0.02043
  -0.04464
   0.01554
   0.03212
  -0.04142
   0.00126
   0.04041
  -0.03382
  -0.01315
   0.04442
  -0.02264
  -0.02618
   0.04373
  -0.00906
  -0.03643
   0.03842
   0.00547
  -0.04283
   0.02904
   0.01943
  -0.04469
   0.01659
   0.03133
  -0.04183
   0.00238
   0.03991
  -0.03455
  -0.01208
   0.04428
  -0.02360
  -0.02526
   0.04395
  -0.01016
  -0.03577
   0.03898
   0.00435
  -0.04249
   0.02989
   0.01841
  -0.04472
   0.01763
   0.03051
  -0.04222
   0.00350
   0.03939
  -0.03525
  -0.01099
   0.04410
  -0.02455
  -0.02432
   0.04415
  -0.01125
  -0.03508
   0.03952
   0.00323
  -0.04213
   0.03071
   0.01738
  -0.04472
   0.01866
   0.02968
  -0.04257
   0.00462
   0.03885
  -0.03593
  -0.00990
   0.04390
  -0.02548
  -0.02337
   0.04431
  -0.01234
  -0.03437
   0.04003
   0.00211
  -0.04174
   0.03152
   0.01634
  -0.04468
   0.01967
   0.02883
  -0.04291
   0.00574
   0.03828
  -0.03659
  -0.00880
   0.04368
  -0.02640
  -0.02240
   0.04445
  -0.01341
  -0.03364
   0.04052
   0.00099
  -0.04132
   0.03231
   0.01528
  -0.04462
   0.02067
   0.02796
  -0.04321
   0.00685
   0.03769
  -0.03722
  -0.00769
   0.04342
  -0.02730
  -0.02143
   0.04456
  -0.01448
  -0.03289
   0.04099
  -0.00014
  -0.04088
   0.03307
   0.01422
  -0.04454
   0.02166
   0.02708
  -0.04348
   0.00796
   0.03707
  -0.03783
  -0.00658
   0.04314
  -0.02818
  -0.02043
   0.04464
  -0.01554
  -0.03212
   0.04142
  -0.00126
  -0.04041
   0.03382
   0.01315
  -0.04442
   0.02264
   0.02618
  -0.04373
   0.00906
   0.03643
  -0.03842
  -0.00547
   0.04283
  -0.02904
  -0.01943
   0.04469
  -0.01659
  -0.03133
   0.04183
  -0.00238
  -0.03991
   0.03455
   0.01208
  -0.04428
   0.02360
   0.02526
  -0.04395
   0.01016
   0.03577
  -0.03898
  -0.00435
   0.04249
  -0.02989
  -0.01841
   0.04472
  -0.01763
  -0.03051
   0.04222
  -0.00350
  -0.03939
   0.03525
   0.01099
  -0.04410
   0.02455
   0.02432
  -0.04415
   0.01125
   0.03508
  -0.03952
  -0.00323
   0.04213
  -0.03071
  -0.01738
   0.04472
  -0.01866
  -0.02968
   0.04257
  -0.00462
  -0.03885
   0.03593
   0.00990
  -0.04390
   0.02548
   0.02337
  -0.04431
   0.01234
   0.03437
  -0.04003
  -0.00211
