   0.04277
  -0.02232
  -0.03276
   0.03701
   0.01616
  -0.04426
   0.00369
   0.04261
  -0.02280
  -0.03238
   0.03733
   0.01563
  -0.04434
   0.00425
   0.04243
  -0.02328
  -0.03199
   0.03763
   0.01511
  -0.04441
   0.00481
   0.04225
  -0.02376
  -0.03159
   0.03793
   0.01458
  -0.04447
   0.00537
   0.04206
  -0.02424
  -0.03119
   0.03823
   0.01404
  -0.04453
   0.00593
   0.04187
  -0.02471
  -0.03079
   0.03852
   0.01351
  -0.04458
   0.00648
   0.04167
  -0.02517
  -0.03038
   0.03880
   0.01297
  -0.04462
   0.00704
   0.04146
  -0.02564
  -0.02996
   0.03908
   0.01243
  -0.04465
   0.00759
   0.04125
  -0.02609
  -0.02954
   0.03935
   0.01189
  -0.04468
   0.00815
   0.04103
  -0.02655
  -0.02912
   0.03961
   0.01135
  -0.04470
   0.00870
   0.04080
  -0.02700
  -0.02869
   0.03987
   0.01081
  -0.04471
   0.00925
   0.04057
  -0.02745
  -0.02826
   0.04012
   0.01026
  -0.04472
   0.00980
   0.04033
  -0.02789
  -0.02782
   0.04036
   0.00971
  -0.04472
   0.01035
   0.04008
  -0.02832
  -0.02738
   0.04060
   0.00916
  -0.04471
   0.01089
   0.03983
  -0.02876
  -0.02693
   0.04083
   0.00861
  -0.04470
   0.01144
   0.03957
  -0.02918
  -0.02648
   0.04106
   0.00806
  -0.04468
   0.01198
   0.03930
  -0.02961
  -0.02602
   0.04128
   0.00751
  -0.04465
   0.01252
   0.03903
  -0.03003
  -0.02556
   0.04149
   0.00695
  -0.04461
   0.01306
   0.03875
  -0.03044
  -0.02510
   0.04170
   0.00640
  -0.04457
   0.01359
   0.03847
  -0.03085
  -0.02463
   0.04190
   0.00584
  -0.04452
   0.01413
   0.03818
  -0.03125
  -0.02416
   0.04209
   0.00528
  -0.04446
   0.01466
   0.03789
  -0.03165
  -0.02369
   0.04228
   0.00472
  -0.04440
   0.01519
   0.03758
  -0.03205
  -0.02321
   0.04246
   0.00416
  -0.04433
   0.01572
   0.03728
  -0.03244
  -0.02273
   0.04263
   0.00360
  -0.04425
   0.01624
   0.03696
  -0.03282
  -0.02224
   0.04280
   0.00304
  -0.04416
   0.01677
   0.03664
  -0.03320
  -0.02175
   0.04296
   0.00248
  -0.04407
   0.01728
   0.03632
  -0.03358
  -0.02126
   0.04311
   0.00192
  -0.04397
   0.01780
   0.03599
  -0.03394
  -0.02076
   0.04326
   0.00136
  -0.04387
   0.01832
   0.03565
  -0.03431
  -0.02026
   0.04340
   0.00080
  -0.04375
   0.01883
   0.03531
  -0.03466
  -0.01976
   0.04353
   0.00024
  -0.04363
   0.01934
   0.03496
  -0.03502
  -0.01926
   0.04365
  -0.00033
  -0.04351
   0.01984
   0.03461
  -0.03536
  -0.01875
   0.04377
  -0.00089
  -0.04337
   0.02034
   0.03425
  -0.03571
  -0.01823
   0.04388
  -0.00145
  -0.04323
   0.02084
   0.03389
  -0.03604
  -0.01772
   0.04399
  -0.00201
  -0.04309
   0.02134
   0.03352
  -0.03637
  -0.01720
   0.04409
  -0.00257
  -0.04293
   0.02183
   0.03314
  -0.03669
  -0.01668
   0.04418
  -0.00313
  -0.04277
   0.02232
   0.03276
  -0.03701
  -0.01616
   0.04426
  -0.00369
  -0.04261
   0.02280
   0.03238
  -0.03733
  -0.01563
   0.04434
  -0.00425
  -0.04243
   0.02328
   0.03199
  -0.03763
  -0.01511
   0.04441
  -0.00481
  -0.04225
   0.02376
   0.03159
  -0.03793
  -0.01458
   0.04447
  -0.00537
  -0.04206
   0.02424
   0.03119
  -0.03823
  -0.01404
   0.04453
  -0.00593
  -0.04187
   0.02471
   0.03079
  -0.03852
  -0.01351
   0.04458
  -0.00648
  -0.04167
   0.02517
   0.03038
  -0.03880
  -0.01297
   0.04462
  -0.00704
  -0.04146
   0.02564
   0.02996
  -0.03908
  -0.01243
   0.04465
  -0.00759
  -0.04125
   0.02609
   0.02954
  -0.03935
  -0.01189
   0.04468
  -0.00815
  -0.04103
   0.02655
   0.02912
  -0.03961
  -0.01135
   0.04470
  -0.00870
  -0.04080
   0.02700
   0.02869
  -0.03987
  -0.01081
   0.04471
  -0.00925
  -0.04057
   0.02745
   0.02826
  -0.04012
  -0.01026
   0.04472
  -0.00980
  -0.04033
   0.02789
   0.02782
  -0.04036
  -0.00971
   0.04472
  -0.01035
  -0.04008
   0.02832
   0.02738
  -0.04060
  -0.00916
   0.04471
  -0.01089
  -0.03983
   0.02876
   0.02693
  -0.04083
  -0.00861
   0.04470
  -0.01144
  -0.03957
   0.02918
   0.02648
  -0.04106
  -0.00806
   0.04468
  -0.01198
  -0.03930
   0.02961
   0.02602
  -0.04128
  -0.00751
   0.04465
  -0.01252
  -0.03903
   0.03003
   0.02556
  -0.04149
  -0.00695
   0.04461
  -0.01306
  -0.03875
   0.03044
   0.02510
  -0.04170
  -0.00640
   0.04457
  -0.01359
  -0.03847
   0.03085
   0.02463
  -0.04190
  -0.00584
   0.04452
  -0.01413
  -0.03818
   0.03125
   0.02416
  -0.04209
  -0.00528
   0.04446
  -0.01466
  -0.03789
   0.03165
   0.02369
  -0.04228
  -0.00472
   0.04440
  -0.01519
  -0.03758
   0.03205
   0.02321
  -0.04246
  -0.00416
   0.04433
  -0.01572
  -0.03728
   0.03244
   0.02273
  -0.04263
  -0.00360
   0.04425
  -0.01624
  -0.03696
   0.03282
   0.02224
  -0.04280
  -0.00304
   0.04416
  -0.01677
  -0.03664
   0.03320
   0.02175
  -0.04296
  -0.00248
   0.04407
  -0.01728
  -0.03632
   0.03358
   0.02126
  -0.04311
  -0.00192
   0.04397
  -0.01780
  -0.03599
   0.03394
   0.02076
  -0.04326
  -0.00136
   0.04387
  -0.01832
  -0.03565
   0.03431
   0.02026
  -0.04340
  -0.00080
   0.04375
  -0.01883
  -0.03531
   0.03466
   0.01976
  -0.04353
  -0.00024
   0.04363
  -0.01934
  -0.03496
   0.03502
   0.01926
  -0.04365
   0.00033
   0.04351
  -0.01984
  -0.03461
   0.03536
   0.01875
  -0.04377
   0.00089
   0.04337
  -0.02034
  -0.03425
   0.03571
   0.01823
  -0.04388
   0.00145
   0.04323
  -0.02084
  -0.03389
   0.03604
   0.01772
  -0.04399
   0.00201
   0.04309
  -0.02134
  -0.03352
   0.03637
   0.01720
  -0.04409
   0.00257
   0.04293
  -0.02183
  -0.03314
   0.03669
   0.01668
  -0.04418
   0.00313
   0.04277
  -0.02232
  -0.03276
   0.03701
   0.01616
  -0.04426
   0.00369
   0.04261
  -0.02280
  -0.03238
   0.03733
   0.01563
  -0.04434
   0.00425
   0.04243
  -0.02328
  -0.03199
   0.03763
   0.01511
  -0.04441
   0.00481
   0.04225
  -0.02376
  -0.03159
   0.03793
   0.01458
  -0.04447
   0.00537
   0.04206
  -0.02424
  -0.03119
   0.03823
   0.01404
  -0.04453
   0.00593
   0.04187
  -0.02471
  -0.03079
   0.03852
   0.01351
  -0.04458
   0.00648
   0.04167
  -0.02517
  -0.03038
   0.03880
   0.01297
  -0.04462
   0.00704
   0.04146
  -0.02564
  -0.02996
   0.03908
   0.01243
  -0.04465
   0.00759
   0.04125
  -0.02609
  -0.02954
   0.03935
   0.01189
  -0.04468
   0.00815
   0.04103
  -0.02655
  -0.02912
   0.03961
   0.01135
  -0.04470
   0.00870
   0.04080
  -0.02700
  -0.02869
   0.03987
   0.01081
  -0.04471
   0.00925
   0.04057
  -0.02745
  -0.02826
   0.04012
   0.01026
  -0.04472
   0.00980
   0.04033
  -0.02789
  -0.02782
   0.04036
   0.00971
  -0.04472
   0.01035
   0.04008
  -0.02832
  -0.02738
   0.04060
   0.00916
  -0.04471
   0.01089
   0.03983
  -0.02876
  -0.02693
   0.04083
   0.00861
  -0.04470
   0.01144
   0.03957
  -0.02918
  -0.02648
   0.04106
   0.00806
  -0.04468
   0.01198
   0.03930
  -0.02961
  -0.02602
   0.04128
   0.00751
  -0.04465
   0.01252
   0.03903
  -0.03003
  -0.02556
   0.04149
   0.00695
  -0.04461
   0.01306
   0.03875
  -0.03044
  -0.02510
   0.04170
   0.00640
  -0.04457
   0.01359
   0.03847
  -0.03085
  -0.02463
   0.04190
   0.00584
  -0.04452
   0.01413
   0.03818
  -0.03125
  -0.02416
   0.04209
   0.00528
  -0.04446
   0.01466
   0.03789
  -0.03165
  -0.02369
   0.04228
   0.00472
  -0.04440
   0.01519
   0.03758
  -0.03205
  -0.02321
   0.04246
   0.00416
  -0.04433
   0.01572
   0.03728
  -0.03244
  -0.02273
   0.04263
   0.00360
  -0.04425
   0.01624
   0.03696
  -0.03282
  -0.02224
   0.04280
   0.00304
  -0.04416
   0.01677
   0.03664
  -0.03320
  -0.02175
   0.04296
   0.00248
  -0.04407
   0.01728
   0.03632
  -0.03358
  -0.02126
   0.04311
   0.00192
  -0.04397
   0.01780
   0.03599
  -0.03394
  -0.02076
   0.04326
   0.00136
  -0.04387
   0.01832
   0.03565
  -0.03431
  -0.02026
   0.04340
   0.00080
  -0.04375
   0.01883
   0.03531
  -0.03466
  -0.01976
   0.04353
   0.00024
  -0.04363
   0.01934
   0.03496
  -0.03502
  -0.01926
   0.04365
  -0.00033
  -0.04351
   0.01984
   0.03461
  -0.03536
  -0.01875
   0.04377
  -0.00089
  -0.04337
   0.02034
   0.03425
  -0.03571
  -0.01823
   0.04388
  -0.00145
  -0.04323
   0.02084
   0.03389
  -0.03604
  -0.01772
   0.04399
  -0.00201
  -0.04309
   0.02134
   0.03352
  -0.03637
  -0.01720
   0.04409
  -0.00257
  -0.04293
   0.02183
   0.03314
  -0.03669
  -0.01668
   0.04418
  -0.00313
  -0.04277
   0.02232
   0.03276
  -0.03701
  -0.01616
   0.04426
  -0.00369
  -0.04261
   0.02280
   0.03238
  -0.03733
  -0.01563
   0.04434
  -0.00425
  -0.04243
   0.02328
   0.03199
  -0.03763
  -0.01511
   0.04441
  -0.00481
  -0.04225
   0.02376
   0.03159
  -0.03793
  -0.01458
   0.04447
  -0.00537
  -0.04206
   0.02424
   0.03119
  -0.03823
  -0.01404
   0.04453
  -0.00593
  -0.04187
   0.02471
   0.03079
  -0.03852
  -0.01351
   0.04458
  -0.00648
  -0.04167
   0.02517
   0.03038
  -0.03880
  -0.01297
   0.04462
  -0.00704
  -0.04146
   0.02564
   0.02996
  -0.03908
  -0.01243
   0.04465
  -0.00759
  -0.04125
   0.02609
   0.02954
  -0.03935
  -0.01189
   0.04468
  -0.00815
  -0.04103
   0.02655
   0.02912
  -0.03961
  -0.01135
   0.04470
  -0.00870
  -0.04080
   0.02700
   0.02869
  -0.03987
  -0.01081
   0.04471
  -0.00925
  -0.04057
   0.02745
   0.02826
  -0.04012
  -0.01026
   0.04472
  -0.00980
  -0.04033
   0.02789
   0.02782
  -0.04036
  -0.00971
   0.04472
  -0.01035
  -0.04008
   0.02832
   0.02738
  -0.04060
  -0.00916
   0.04471
  -0.01089
  -0.03983
   0.02876
   0.02693
  -0.04083
  -0.00861
   0.04470
  -0.01144
  -0.03957
   0.02918
   0.02648
  -0.04106
  -0.00806
   0.04468
  -0.01198
  -0.03930
   0.02961
   0.02602
  -0.04128
  -0.00751
   0.04465
  -0.01252
  -0.03903
   0.03003
   0.02556
  -0.04149
  -0.00695
   0.04461
  -0.01306
  -0.03875
   0.03044
   0.02510
  -0.04170
  -0.00640
   0.04457
  -0.01359
  -0.03847
   0.03085
   0.02463
  -0.04190
  -0.00584
   0.04452
  -0.01413
  -0.03818
   0.03125
   0.02416
  -0.04209
  -0.00528
   0.04446
  -0.01466
  -0.03789
   0.03165
   0.02369
  -0.04228
  -0.00472
   0.04440
  -0.01519
  -0.03758
   0.03205
   0.02321
  -0.04246
  -0.00416
   0.04433
  -0.01572
  -0.03728
   0.03244
   0.02273
  -0.04263
  -0.00360
   0.04425
  -0.01624
  -0.03696
   0.03282
   0.02224
  -0.04280
  -0.00304
   0.04416
  -0.01677
  -0.03664
   0.03320
   0.02175
  -0.04296
  -0.00248
   0.04407
  -0.01728
  -0.03632
   0.03358
   0.02126
  -0.04311
  -0.00192
   0.04397
  -0.01780
  -0.03599
   0.03394
   0.02076
  -0.04326
  -0.00136
   0.04387
  -0.01832
  -0.03565
   0.03431
   0.02026
  -0.04340
  -0.00080
   0.04375
  -0.01883
  -0.03531
   0.03466
   0.01976
  -0.04353
  -0.00024
   0.04363
  -0.01934
  -0.03496
   0.03502
   0.01926
  -0.04365
   0.00033
   0.04351
  -0.01984
  -0.03461
   0.03536
   0.01875
  -0.04377
   0.00089
   0.04337
  -0.02034
  -0.03425
   0.03571
   0.01823
  -0.04388
   0.00145
   0.04323
  -0.02084
  -0.03389
   0.03604
   0.01772
  -0.04399
   0.00201
   0.04309
  -0.02134
  -0.03352
   0.03637
   0.01720
  -0.04409
   0.00257
   0.04293
  -0.02183
  -0.03314
   0.03669
   0.01668
  -0.04418
   0.00313
