  -0.03961
  -0.02541
  -0.00537
   0.01590
   0.03351
   0.04344
   0.04340
   0.03339
   0.01572
  -0.00556
  -0.02556
  -0.03970
  -0.04472
  -0.03948
  -0.02518
  -0.00509
   0.01616
   0.03370
   0.04351
   0.04333
   0.03320
   0.01546
  -0.00584
  -0.02579
  -0.03983
  -0.04472
  -0.03935
  -0.02494
  -0.00481
   0.01642
   0.03388
   0.04357
   0.04326
   0.03301
   0.01519
  -0.00612
  -0.02602
  -0.03995
  -0.04471
  -0.03921
  -0.02471
  -0.00454
   0.01668
   0.03407
   0.04363
   0.04319
   0.03282
   0.01493
  -0.00639
  -0.02625
  -0.04008
  -0.04471
  -0.03908
  -0.02447
  -0.00426
   0.01694
   0.03425
   0.04369
   0.04311
   0.03263
   0.01466
  -0.00667
  -0.02648
  -0.04020
  -0.04470
  -0.03894
  -0.02424
  -0.00398
   0.01720
   0.03443
   0.04375
   0.04304
   0.03244
   0.01440
  -0.00695
  -0.02670
  -0.04032
  -0.04469
  -0.03880
  -0.02400
  -0.00370
   0.01746
   0.03461
   0.04381
   0.04296
   0.03225
   0.01413
  -0.00723
  -0.02693
  -0.04045
  -0.04468
  -0.03866
  -0.02376
  -0.00342
   0.01772
   0.03478
   0.04387
   0.04288
   0.03205
   0.01386
  -0.00750
  -0.02715
  -0.04056
  -0.04467
  -0.03852
  -0.02353
  -0.00314
   0.01798
   0.03496
   0.04392
   0.04280
   0.03185
   0.01360
  -0.00778
  -0.02737
  -0.04068
  -0.04465
  -0.03837
  -0.02329
  -0.00285
   0.01823
   0.03513
   0.04397
   0.04272
   0.03166
   0.01333
  -0.00806
  -0.02759
  -0.04080
  -0.04464
  -0.03823
  -0.02305
  -0.00257
   0.01849
   0.03531
   0.04402
   0.04263
   0.03146
   0.01306
  -0.00833
  -0.02782
  -0.04091
  -0.04462
  -0.03808
  -0.02281
  -0.00229
   0.01874
   0.03548
   0.04407
   0.04255
   0.03126
   0.01279
  -0.00861
  -0.02803
  -0.04102
  -0.04460
  -0.03793
  -0.02256
  -0.00201
   0.01900
   0.03565
   0.04412
   0.04246
   0.03105
   0.01252
  -0.00889
  -0.02825
  -0.04114
  -0.04458
  -0.03778
  -0.02232
  -0.00173
   0.01925
   0.03582
   0.04416
   0.04237
   0.03085
   0.01225
  -0.00916
  -0.02847
  -0.04125
  -0.04455
  -0.03763
  -0.02208
  -0.00145
   0.01951
   0.03599
   0.04421
   0.04228
   0.03065
   0.01198
  -0.00944
  -0.02869
  -0.04135
  -0.04453
  -0.03748
  -0.02183
  -0.00117
   0.01976
   0.03615
   0.04425
   0.04219
   0.03044
   0.01171
  -0.00971
  -0.02890
  -0.04146
  -0.04450
  -0.03733
  -0.02159
  -0.00089
   0.02001
   0.03632
   0.04429
   0.04209
   0.03024
   0.01144
  -0.00998
  -0.02912
  -0.04156
  -0.04447
  -0.03717
  -0.02134
  -0.00061
   0.02026
   0.03648
   0.04433
   0.04200
   0.03003
   0.01117
  -0.01026
  -0.02933
  -0.04167
  -0.04444
  -0.03701
  -0.02109
  -0.00033
   0.02051
   0.03664
   0.04436
   0.04190
   0.02982
   0.01089
  -0.01053
  -0.02954
  -0.04177
  -0.04441
  -0.03686
  -0.02084
  -0.00005
   0.02076
   0.03680
   0.04440
   0.04180
   0.02961
   0.01062
  -0.01080
  -0.02975
  -0.04187
  -0.04437
  -0.03670
  -0.02059
   0.00023
   0.02101
   0.03696
   0.04443
   0.04170
   0.02940
   0.01035
  -0.01108
  -0.02996
  -0.04197
  -0.04434
  -0.03653
  -0.02034
   0.00052
   0.02126
   0.03712
   0.04446
   0.04160
   0.02919
   0.01008
  -0.01135
  -0.03017
  -0.04206
  -0.04430
  -0.03637
  -0.02009
   0.00080
   0.02150
   0.03728
   0.04449
   0.04149
   0.02897
   0.00980
  -0.01162
  -0.03037
  -0.04216
  -0.04426
  -0.03621
  -0.01984
   0.00108
   0.02175
   0.03743
   0.04452
   0.04139
   0.02876
   0.00953
  -0.01189
  -0.03058
  -0.04225
  -0.04422
  -0.03604
  -0.01959
   0.00136
   0.02199
   0.03758
   0.04454
   0.04128
   0.02854
   0.00925
  -0.01216
  -0.03078
  -0.04234
  -0.04418
  -0.03588
  -0.01934
   0.00164
   0.02224
   0.03773
   0.04457
   0.04117
   0.02833
   0.00898
  -0.01243
  -0.03099
  -0.04243
  -0.04413
  -0.03571
  -0.01908
   0.00192
   0.02248
   0.03788
   0.04459
   0.04106
   0.02811
   0.00870
  -0.01270
  -0.03119
  -0.04252
  -0.04409
  -0.03554
  -0.01883
   0.00220
   0.02272
   0.03803
   0.04461
   0.04095
   0.02789
   0.00843
  -0.01297
  -0.03139
  -0.04260
  -0.04404
  -0.03537
  -0.01857
   0.00248
   0.02297
   0.03818
   0.04463
   0.04084
   0.02767
   0.00815
  -0.01324
  -0.03159
  -0.04269
  -0.04399
  -0.03519
  -0.01832
   0.00276
   0.02321
   0.03833
   0.04465
   0.04072
   0.02745
   0.00787
  -0.01351
  -0.03179
  -0.04277
  -0.04394
  -0.03502
  -0.01806
   0.00304
   0.02345
   0.03847
   0.04466
   0.04060
   0.02722
   0.00760
  -0.01377
  -0.03198
  -0.04285
  -0.04388
  -0.03484
  -0.01780
   0.00332
   0.02369
   0.03861
   0.04468
   0.04049
   0.02700
   0.00732
  -0.01404
  -0.03218
  -0.04293
  -0.04383
  -0.03467
  -0.01755
   0.00360
   0.02392
   0.03875
   0.04469
   0.04036
   0.02678
   0.00704
  -0.01431
  -0.03238
  -0.04301
  -0.04377
  -0.03449
  -0.01729
   0.00388
   0.02416
   0.03889
   0.04470
   0.04024
   0.02655
   0.00676
  -0.01457
  -0.03257
  -0.04309
  -0.04371
  -0.03431
  -0.01703
   0.00416
   0.02440
   0.03903
   0.04471
   0.04012
   0.02632
   0.00649
  -0.01484
  -0.03276
  -0.04316
  -0.04365
  -0.03413
  -0.01677
   0.00444
   0.02463
   0.03917
   0.04471
   0.03999
   0.02610
   0.00621
  -0.01510
  -0.03295
  -0.04323
  -0.04359
  -0.03395
  -0.01651
   0.00472
   0.02487
   0.03930
   0.04472
   0.03987
   0.02587
   0.00593
  -0.01537
  -0.03314
  -0.04330
  -0.04353
  -0.03376
  -0.01625
   0.00500
   0.02510
   0.03944
   0.04472
   0.03974
   0.02564
   0.00565
  -0.01563
  -0.03333
  -0.04337
  -0.04346
  -0.03358
  -0.01598
   0.00528
   0.02533
   0.03957
   0.04472
   0.03961
   0.02541
   0.00537
  -0.01590
  -0.03351
  -0.04344
  -0.04340
  -0.03339
  -0.01572
   0.00556
   0.02556
   0.03970
   0.04472
   0.03948
   0.02518
   0.00509
  -0.01616
  -0.03370
  -0.04351
  -0.04333
  -0.03320
  -0.01546
   0.00584
   0.02579
   0.03983
   0.04472
   0.03935
   0.02494
   0.00481
  -0.01642
  -0.03388
  -0.04357
  -0.04326
  -0.03301
  -0.01519
   0.00612
   0.02602
   0.03995
   0.04471
   0.03921
   0.02471
   0.00454
  -0.01668
  -0.03407
  -0.04363
  -0.04319
  -0.03282
  -0.01493
   0.00639
   0.02625
   0.04008
   0.04471
   0.03908
   0.02447
   0.00426
  -0.01694
  -0.03425
  -0.04369
  -0.04311
  -0.03263
  -0.01466
   0.00667
   0.02648
   0.04020
   0.04470
   0.03894
   0.02424
   0.00398
  -0.01720
  -0.03443
  -0.04375
  -0.04304
  -0.03244
  -0.01440
   0.00695
   0.02670
   0.04032
   0.04469
   0.03880
   0.02400
   0.00370
  -0.01746
  -0.03461
  -0.04381
  -0.04296
  -0.03225
  -0.01413
   0.00723
   0.02693
   0.04045
   0.04468
   0.03866
   0.02376
   0.00342
  -0.01772
  -0.03478
  -0.04387
  -0.04288
  -0.03205
  -0.01386
   0.00750
   0.02715
   0.04056
   0.04467
   0.03852
   0.02353
   0.00314
  -0.01798
  -0.03496
  -0.04392
  -0.04280
  -0.03185
  -0.01360
   0.00778
   0.02737
   0.04068
   0.04465
   0.03837
   0.02329
   0.00285
  -0.01823
  -0.03513
  -0.04397
  -0.04272
  -0.03166
  -0.01333
   0.00806
   0.02759
   0.04080
   0.04464
   0.03823
   0.02305
   0.00257
  -0.01849
  -0.03531
  -0.04402
  -0.04263
  -0.03146
  -0.01306
   0.00833
   0.02782
   0.04091
   0.04462
   0.03808
   0.02281
   0.00229
  -0.01874
  -0.03548
  -0.04407
  -0.04255
  -0.03126
  -0.01279
   0.00861
   0.02803
   0.04102
   0.04460
   0.03793
   0.02256
   0.00201
  -0.01900
  -0.03565
  -0.04412
  -0.04246
  -0.03105
  -0.01252
   0.00889
   0.02825
   0.04114
   0.04458
   0.03778
   0.02232
   0.00173
  -0.01925
  -0.03582
  -0.04416
  -0.04237
  -0.03085
  -0.01225
   0.00916
   0.02847
   0.04125
   0.04455
   0.03763
   0.02208
   0.00145
  -0.01951
  -0.03599
  -0.04421
  -0.04228
  -0.03065
  -0.01198
   0.00944
   0.02869
   0.04135
   0.04453
   0.03748
   0.02183
   0.00117
  -0.01976
  -0.03615
  -0.04425
  -0.04219
  -0.03044
  -0.01171
   0.00971
   0.02890
   0.04146
   0.04450
   0.03733
   0.02159
   0.00089
  -0.02001
  -0.03632
  -0.04429
  -0.04209
  -0.03024
  -0.01144
   0.00998
   0.02912
   0.04156
   0.04447
   0.03717
   0.02134
   0.00061
  -0.02026
  -0.03648
  -0.04433
  -0.04200
  -0.03003
  -0.01117
   0.01026
   0.02933
   0.04167
   0.04444
   0.03701
   0.02109
   0.00033
  -0.02051
  -0.03664
  -0.04436
  -0.04190
  -0.02982
  -0.01089
   0.01053
   0.02954
   0.04177
   0.04441
   0.03686
   0.02084
   0.00005
  -0.02076
  -0.03680
  -0.04440
  -0.04180
  -0.02961
  -0.01062
   0.01080
   0.02975
   0.04187
   0.04437
   0.03670
   0.02059
  -0.00023
  -0.02101
  -0.03696
  -0.04443
  -0.04170
  -0.02940
  -0.01035
   0.01108
   0.02996
   0.04197
   0.04434
   0.03653
   0.02034
  -0.00052
  -0.02126
  -0.03712
  -0.04446
  -0.04160
  -0.02919
  -0.01008
   0.01135
   0.03017
   0.04206
   0.04430
   0.03637
   0.02009
  -0.00080
  -0.02150
  -0.03728
  -0.04449
  -0.04149
  -0.02897
  -0.00980
   0.01162
   0.03037
   0.04216
   0.04426
   0.03621
   0.01984
  -0.00108
  -0.02175
  -0.03743
  -0.04452
  -0.04139
  -0.02876
  -0.00953
   0.01189
   0.03058
   0.04225
   0.04422
   0.03604
   0.01959
  -0.00136
  -0.02199
  -0.03758
  -0.04454
  -0.04128
  -0.02854
  -0.00925
   0.01216
   0.03078
   0.04234
   0.04418
   0.03588
   0.01934
  -0.00164
  -0.02224
  -0.03773
  -0.04457
  -0.04117
  -0.02833
  -0.00898
   0.01243
   0.03099
   0.04243
   0.04413
   0.03571
   0.01908
  -0.00192
  -0.02248
  -0.03788
  -0.04459
  -0.04106
  -0.02811
  -0.00870
   0.01270
   0.03119
   0.04252
   0.04409
   0.03554
   0.01883
  -0.00220
  -0.02272
  -0.03803
  -0.04461
  -0.04095
  -0.02789
  -0.00843
   0.01297
   0.03139
   0.04260
   0.04404
   0.03537
   0.01857
  -0.00248
  -0.02297
  -0.03818
  -0.04463
  -0.04084
  -0.02767
  -0.00815
   0.01324
   0.03159
   0.04269
   0.04399
   0.03519
   0.01832
  -0.00276
  -0.02321
  -0.03833
  -0.04465
  -0.04072
  -0.02745
  -0.00787
   0.01351
   0.03179
   0.04277
   0.04394
   0.03502
   0.01806
  -0.00304
  -0.02345
  -0.03847
  -0.04466
  -0.04060
  -0.02722
  -0.00760
   0.01377
   0.03198
   0.04285
   0.04388
   0.03484
   0.01780
  -0.00332
  -0.02369
  -0.03861
  -0.04468
  -0.04049
  -0.02700
  -0.00732
   0.01404
   0.03218
   0.04293
   0.04383
   0.03467
   0.01755
  -0.00360
  -0.02392
  -0.03875
  -0.04469
  -0.04036
  -0.02678
  -0.00704
   0.01431
   0.03238
   0.04301
   0.04377
   0.03449
   0.01729
  -0.00388
  -0.02416
  -0.03889
  -0.04470
  -0.04024
  -0.02655
  -0.00676
   0.01457
   0.03257
   0.04309
   0.04371
   0.03431
   0.01703
  -0.00416
  -0.02440
  -0.03903
  -0.04471
  -0.04012
  -0.02632
  -0.00649
   0.01484
   0.03276
   0.04316
   0.04365
   0.03413
   0.01677
  -0.00444
  -0.02463
  -0.03917
  -0.04471
  -0.03999
  -0.02610
  -0.00621
   0.01510
   0.03295
   0.04323
   0.04359
   0.03395
   0.01651
  -0.00472
  -0.02487
  -0.03930
  -0.04472
  -0.03987
  -0.02587
  -0.00593
   0.01537
   0.03314
   0.04330
   0.04353
   0.03376
   0.01625
  -0.00500
  -0.02510
  -0.03944
  -0.04472
  -0.03974
  -0.02564
  -0.00565
   0.01563
   0.03333
   0.04337
   0.04346
   0.03358
   0.01598
  -0.00528
  -0.02533
  -0.03957
  -0.04472
