   0.04012
   0.01080
  -0.04470
   0.00816
   0.04124
  -0.02565
  -0.03037
   0.03852
   0.01403
  -0.04447
   0.00482
   0.04243
  -0.02281
  -0.03275
   0.03670
   0.01719
  -0.04399
   0.00146
   0.04337
  -0.01985
  -0.03495
   0.03467
   0.02025
  -0.04326
  -0.00191
   0.04407
  -0.01678
  -0.03696
   0.03245
   0.02320
  -0.04228
  -0.00527
   0.04452
  -0.01361
  -0.03875
   0.03004
   0.02601
  -0.04107
  -0.00860
   0.04471
  -0.01036
  -0.04032
   0.02745
   0.02868
  -0.03961
  -0.01188
   0.04465
  -0.00705
  -0.04166
   0.02472
   0.03118
  -0.03794
  -0.01510
   0.04434
  -0.00370
  -0.04277
   0.02184
   0.03351
  -0.03605
  -0.01822
   0.04377
  -0.00034
  -0.04363
   0.01884
   0.03564
  -0.03395
  -0.02125
   0.04296
   0.00303
  -0.04425
   0.01573
   0.03758
  -0.03166
  -0.02415
   0.04190
   0.00638
  -0.04461
   0.01253
   0.03930
  -0.02919
  -0.02692
   0.04061
   0.00970
  -0.04472
   0.00926
   0.04079
  -0.02656
  -0.02953
   0.03908
   0.01296
  -0.04458
   0.00594
   0.04206
  -0.02377
  -0.03198
   0.03733
   0.01615
  -0.04418
   0.00258
   0.04308
  -0.02085
  -0.03424
   0.03537
   0.01924
  -0.04353
  -0.00079
   0.04386
  -0.01781
  -0.03631
   0.03321
   0.02223
  -0.04264
  -0.00415
   0.04440
  -0.01467
  -0.03818
   0.03086
   0.02509
  -0.04150
  -0.00750
   0.04468
  -0.01145
  -0.03982
   0.02833
   0.02781
  -0.04012
  -0.01080
   0.04470
  -0.00816
  -0.04124
   0.02565
   0.03037
  -0.03852
  -0.01403
   0.04447
  -0.00482
  -0.04243
   0.02281
   0.03275
  -0.03670
  -0.01719
   0.04399
  -0.00146
  -0.04337
   0.01985
   0.03495
  -0.03467
  -0.02025
   0.04326
   0.00191
  -0.04407
   0.01678
   0.03696
  -0.03245
  -0.02320
   0.04228
   0.00527
  -0.04452
   0.01361
   0.03875
  -0.03004
  -0.02601
   0.04107
   0.00860
  -0.04471
   0.01036
   0.04032
  -0.02745
  -0.02868
   0.03961
   0.01188
  -0.04465
   0.00705
   0.04166
  -0.02472
  -0.03118
   0.03794
   0.01510
  -0.04434
   0.00370
   0.04277
  -0.02184
  -0.03351
   0.03605
   0.01822
  -0.04377
   0.00034
   0.04363
  -0.01884
  -0.03564
   0.03395
   0.02125
  -0.04296
  -0.00303
   0.04425
  -0.01573
  -0.03758
   0.03166
   0.02415
  -0.04190
  -0.00638
   0.04461
  -0.01253
  -0.03930
   0.02919
   0.02692
  -0.04061
  -0.00970
   0.04472
  -0.00926
  -0.04079
   0.02656
   0.02953
  -0.03908
  -0.01296
   0.04458
  -0.00594
  -0.04206
   0.02377
   0.03198
  -0.03733
  -0.01615
   0.04418
  -0.00258
  -0.04308
   0.02085
   0.03424
  -0.03537
  -0.01924
   0.04353
   0.00079
  -0.04386
   0.01781
   0.03631
  -0.03321
  -0.02223
   0.04264
   0.00415
  -0.04440
   0.01467
   0.03818
  -0.03086
  -0.02509
   0.04150
   0.00750
  -0.04468
   0.01145
   0.03982
  -0.02833
  -0.02781
   0.04012
   0.01080
  -0.04470
   0.00816
   0.04124
  -0.02565
  -0.03037
   0.03852
   0.01403
  -0.04447
   0.00482
   0.04243
  -0.02281
  -0.03275
   0.03670
   0.01719
  -0.04399
   0.00146
   0.04337
  -0.01985
  -0.03495
   0.03467
   0.02025
  -0.04326
  -0.00191
   0.04407
  -0.01678
  -0.03696
   0.03245
   0.02320
  -0.04228
  -0.00527
   0.04452
  -0.01361
  -0.03875
   0.03004
   0.02601
  -0.04107
  -0.00860
   0.04471
  -0.01036
  -0.04032
   0.02745
   0.02868
  -0.03961
  -0.01188
   0.04465
  -0.00705
  -0.04166
   0.02472
   0.03118
  -0.03794
  -0.01510
   0.04434
  -0.00370
  -0.04277
   0.02184
   0.03351
  -0.03605
  -0.01822
   0.04377
  -0.00034
  -0.04363
   0.01884
   0.03564
  -0.03395
  -0.02125
   0.04296
   0.00303
  -0.04425
   0.01573
   0.03758
  -0.03166
  -0.02415
   0.04190
   0.00638
  -0.04461
   0.01253
   0.03930
  -0.02919
  -0.02692
   0.04061
   0.00970
  -0.04472
   0.00926
   0.04079
  -0.02656
  -0.02953
   0.03908
   0.01296
  -0.04458
   0.00594
   0.04206
  -0.02377
  -0.03198
   0.03733
   0.01615
  -0.04418
   0.00258
   0.04308
  -0.02085
  -0.03424
   0.03537
   0.01924
  -0.04353
  -0.00079
   0.04386
  -0.01781
  -0.03631
   0.03321
   0.02223
  -0.04264
  -0.00415
   0.04440
  -0.01467
  -0.03818
   0.03086
   0.02509
  -0.04150
  -0.00750
   0.04468
  -0.01145
  -0.03982
   0.02833
   0.02781
  -0.04012
  -0.01080
   0.04470
  -0.00816
  -0.04124
   0.02565
   0.03037
  -0.03852
  -0.01403
   0.04447
  -0.00482
  -0.04243
   0.02281
   0.03275
  -0.03670
  -0.01719
   0.04399
  -0.00146
  -0.04337
   0.01985
   0.03495
  -0.03467
  -0.02025
   0.04326
   0.00191
  -0.04407
   0.01678
   0.03696
  -0.03245
  -0.02320
   0.04228
   0.00527
  -0.04452
   0.01361
   0.03875
  -0.03004
  -0.02601
   0.04107
   0.00860
  -0.04471
   0.01036
   0.04032
  -0.02745
  -0.02868
   0.03961
   0.01188
  -0.04465
   0.00705
   0.04166
  -0.02472
  -0.03118
   0.03794
   0.01510
  -0.04434
   0.00370
   0.04277
  -0.02184
  -0.03351
   0.03605
   0.01822
  -0.04377
   0.00034
   0.04363
  -0.01884
  -0.03564
   0.03395
   0.02125
  -0.04296
  -0.00303
   0.04425
  -0.01573
  -0.03758
   0.03166
   0.02415
  -0.04190
  -0.00638
   0.04461
  -0.01253
  -0.03930
   0.02919
   0.02692
  -0.04061
  -0.00970
   0.04472
  -0.00926
  -0.04079
   0.02656
   0.02953
  -0.03908
  -0.01296
   0.04458
  -0.00594
  -0.04206
   0.02377
   0.03198
  -0.03733
  -0.01615
   0.04418
  -0.00258
  -0.04308
   0.02085
   0.03424
  -0.03537
  -0.01924
   0.04353
   0.00079
  -0.04386
   0.01781
   0.03631
  -0.03321
  -0.02223
   0.04264
   0.00415
  -0.04440
   0.01467
   0.03818
  -0.03086
  -0.02509
   0.04150
   0.00750
  -0.04468
   0.01145
   0.03982
  -0.02833
  -0.02781
   0.04012
   0.01080
  -0.04470
   0.00816
   0.04124
  -0.02565
  -0.03037
   0.03852
   0.01403
  -0.04447
   0.00482
   0.04243
  -0.02281
  -0.03275
   0.03670
   0.01719
  -0.04399
   0.00146
   0.04337
  -0.01985
  -0.03495
   0.03467
   0.02025
  -0.04326
  -0.00191
   0.04407
  -0.01678
  -0.03696
   0.03245
   0.02320
  -0.04228
  -0.00527
   0.04452
  -0.01361
  -0.03875
   0.03004
   0.02601
  -0.04107
  -0.00860
   0.04471
  -0.01036
  -0.04032
   0.02745
   0.02868
  -0.03961
  -0.01188
   0.04465
  -0.00705
  -0.04166
   0.02472
   0.03118
  -0.03794
  -0.01510
   0.04434
  -0.00370
  -0.04277
   0.02184
   0.03351
  -0.03605
  -0.01822
   0.04377
  -0.00034
  -0.04363
   0.01884
   0.03564
  -0.03395
  -0.02125
   0.04296
   0.00303
  -0.04425
   0.01573
   0.03758
  -0.03166
  -0.02415
   0.04190
   0.00638
  -0.04461
   0.01253
   0.03930
  -0.02919
  -0.02692
   0.04061
   0.00970
  -0.04472
   0.00926
   0.04079
  -0.02656
  -0.02953
   0.03908
   0.01296
  -0.04458
   0.00594
   0.04206
  -0.02377
  -0.03198
   0.03733
   0.01615
  -0.04418
   0.00258
   0.04308
  -0.02085
  -0.03424
   0.03537
   0.01924
  -0.04353
  -0.00079
   0.04386
  -0.01781
  -0.03631
   0.03321
   0.02223
  -0.04264
  -0.00415
   0.04440
  -0.01467
  -0.03818
   0.03086
   0.02509
  -0.04150
  -0.00750
   0.04468
  -0.01145
  -0.03982
   0.02833
   0.02781
  -0.04012
  -0.01080
   0.04470
  -0.00816
  -0.04124
   0.02565
   0.03037
  -0.03852
  -0.01403
   0.04447
  -0.00482
  -0.04243
   0.02281
   0.03275
  -0.03670
  -0.01719
   0.04399
  -0.00146
  -0.04337
   0.01985
   0.03495
  -0.03467
  -0.02025
   0.04326
   0.00191
  -0.04407
   0.01678
   0.03696
  -0.03245
  -0.02320
   0.04228
   0.00527
  -0.04452
   0.01361
   0.03875
  -0.03004
  -0.02601
   0.04107
   0.00860
  -0.04471
   0.01036
   0.04032
  -0.02745
  -0.02868
   0.03961
   0.01188
  -0.04465
   0.00705
   0.04166
  -0.02472
  -0.03118
   0.03794
   0.01510
  -0.04434
   0.00370
   0.04277
  -0.02184
  -0.03351
   0.03605
   0.01822
  -0.04377
   0.00034
   0.04363
  -0.01884
  -0.03564
   0.03395
   0.02125
  -0.04296
  -0.00303
   0.04425
  -0.01573
  -0.03758
   0.03166
   0.02415
  -0.04190
  -0.00638
   0.04461
  -0.01253
  -0.03930
   0.02919
   0.02692
  -0.04061
  -0.00970
   0.04472
  -0.00926
  -0.04079
   0.02656
   0.02953
  -0.03908
  -0.01296
   0.04458
  -0.00594
  -0.04206
   0.02377
   0.03198
  -0.03733
  -0.01615
   0.04418
  -0.00258
  -0.04308
   0.02085
   0.03424
  -0.03537
  -0.01924
   0.04353
   0.00079
  -0.04386
   0.01781
   0.03631
  -0.03321
  -0.02223
   0.04264
   0.00415
  -0.04440
   0.01467
   0.03818
  -0.03086
  -0.02509
   0.04150
   0.00750
  -0.04468
   0.01145
   0.03982
  -0.02833
  -0.02781
   0.04012
   0.01080
  -0.04470
   0.00816
   0.04124
  -0.02565
  -0.03037
   0.03852
   0.01403
  -0.04447
   0.00482
   0.04243
  -0.02281
  -0.03275
   0.03670
   0.01719
  -0.04399
   0.00146
   0.04337
  -0.01985
  -0.03495
   0.03467
   0.02025
  -0.04326
  -0.00191
   0.04407
  -0.01678
  -0.03696
   0.03245
   0.02320
  -0.04228
  -0.00527
   0.04452
  -0.01361
  -0.03875
   0.03004
   0.02601
  -0.04107
  -0.00860
   0.04471
  -0.01036
  -0.04032
   0.02745
   0.02868
  -0.03961
  -0.01188
   0.04465
  -0.00705
  -0.04166
   0.02472
   0.03118
  -0.03794
  -0.01510
   0.04434
  -0.00370
  -0.04277
   0.02184
   0.03351
  -0.03605
  -0.01822
   0.04377
  -0.00034
  -0.04363
   0.01884
   0.03564
  -0.03395
  -0.02125
   0.04296
   0.00303
  -0.04425
   0.01573
   0.03758
  -0.03166
  -0.02415
   0.04190
   0.00638
  -0.04461
   0.01253
   0.03930
  -0.02919
  -0.02692
   0.04061
   0.00970
  -0.04472
   0.00926
   0.04079
  -0.02656
  -0.02953
   0.03908
   0.01296
  -0.04458
   0.00594
   0.04206
  -0.02377
  -0.03198
   0.03733
   0.01615
  -0.04418
   0.00258
   0.04308
  -0.02085
  -0.03424
   0.03537
   0.01924
  -0.04353
  -0.00079
   0.04386
  -0.01781
  -0.03631
   0.03321
   0.02223
  -0.04264
  -0.00415
   0.04440
  -0.01467
  -0.03818
   0.03086
   0.02509
  -0.04150
  -0.00750
   0.04468
  -0.01145
  -0.03982
   0.02833
   0.02781
  -0.04012
  -0.01080
   0.04470
  -0.00816
  -0.04124
   0.02565
   0.03037
  -0.03852
  -0.01403
   0.04447
  -0.00482
  -0.04243
   0.02281
   0.03275
  -0.03670
  -0.01719
   0.04399
  -0.00146
  -0.04337
   0.01985
   0.03495
  -0.03467
  -0.02025
   0.04326
   0.00191
  -0.04407
   0.01678
   0.03696
  -0.03245
  -0.02320
   0.04228
   0.00527
  -0.04452
   0.01361
   0.03875
  -0.03004
  -0.02601
   0.04107
   0.00860
  -0.04471
   0.01036
   0.04032
  -0.02745
  -0.02868
   0.03961
   0.01188
  -0.04465
   0.00705
   0.04166
  -0.02472
  -0.03118
   0.03794
   0.01510
  -0.04434
   0.00370
   0.04277
  -0.02184
  -0.03351
   0.03605
   0.01822
  -0.04377
   0.00034
   0.04363
  -0.01884
  -0.03564
   0.03395
   0.02125
  -0.04296
  -0.00303
   0.04425
  -0.01573
  -0.03758
   0.03166
   0.02415
  -0.04190
  -0.00638
   0.04461
  -0.01253
  -0.03930
   0.02919
   0.02692
  -0.04061
  -0.00970
   0.04472
  -0.00926
  -0.04079
   0.02656
   0.02953
  -0.03908
  -0.01296
   0.04458
  -0.00594
  -0.04206
   0.02377
   0.03198
  -0.03733
  -0.01615
   0.04418
  -0.00258
  -0.04308
   0.02085
   0.03424
  -0.03537
  -0.01924
   0.04353
   0.00079
  -0.04386
   0.01781
   0.03631
  -0.03321
  -0.02223
   0.04264
   0.00415
  -0.04440
   0.01467
   0.03818
  -0.03086
  -0.02509
   0.04150
   0.00750
  -0.04468
   0.01145
   0.03982
  -0.02833
  -0.02781
