   0.00414
  -0.00804
   0.01187
  -0.01561
   0.01923
  -0.02271
   0.02600
  -0.02910
   0.03197
  -0.03459
   0.03695
  -0.03902
   0.04079
  -0.04224
   0.04337
  -0.04416
   0.04461
  -0.04471
   0.04447
  -0.04389
   0.04296
  -0.04171
   0.04013
  -0.03824
   0.03605
  -0.03359
   0.03087
  -0.02790
   0.02473
  -0.02136
   0.01782
  -0.01415
   0.01037
  -0.00651
   0.00259
   0.00134
  -0.00526
   0.00914
  -0.01295
   0.01666
  -0.02024
   0.02367
  -0.02691
   0.02994
  -0.03275
   0.03530
  -0.03757
   0.03956
  -0.04124
   0.04260
  -0.04363
   0.04432
  -0.04468
   0.04468
  -0.04434
   0.04366
  -0.04264
   0.04129
  -0.03962
   0.03764
  -0.03538
   0.03284
  -0.03004
   0.02702
  -0.02378
   0.02036
  -0.01679
   0.01308
  -0.00927
   0.00539
  -0.00147
  -0.00246
   0.00637
  -0.01024
   0.01402
  -0.01770
   0.02124
  -0.02461
   0.02780
  -0.03077
   0.03350
  -0.03597
   0.03817
  -0.04007
   0.04166
  -0.04293
   0.04386
  -0.04446
   0.04471
  -0.04462
   0.04418
  -0.04340
   0.04229
  -0.04084
   0.03909
  -0.03703
   0.03468
  -0.03206
   0.02920
  -0.02611
   0.02282
  -0.01936
   0.01574
  -0.01200
   0.00817
  -0.00428
   0.00035
   0.00358
  -0.00748
   0.01133
  -0.01509
   0.01873
  -0.02222
   0.02554
  -0.02867
   0.03158
  -0.03424
   0.03663
  -0.03874
   0.04056
  -0.04205
   0.04323
  -0.04407
   0.04457
  -0.04472
   0.04453
  -0.04399
   0.04312
  -0.04191
   0.04037
  -0.03853
   0.03638
  -0.03396
   0.03127
  -0.02834
   0.02519
  -0.02185
   0.01834
  -0.01468
   0.01091
  -0.00706
   0.00316
   0.00078
  -0.00470
   0.00859
  -0.01241
   0.01614
  -0.01974
   0.02319
  -0.02646
   0.02952
  -0.03236
   0.03495
  -0.03726
   0.03929
  -0.04102
   0.04242
  -0.04350
   0.04425
  -0.04465
   0.04470
  -0.04441
   0.04378
  -0.04281
   0.04150
  -0.03988
   0.03795
  -0.03572
   0.03322
  -0.03046
   0.02746
  -0.02426
   0.02086
  -0.01731
   0.01362
  -0.00982
   0.00595
  -0.00203
  -0.00190
   0.00582
  -0.00969
   0.01349
  -0.01718
   0.02074
  -0.02414
   0.02736
  -0.03036
   0.03313
  -0.03564
   0.03787
  -0.03982
   0.04145
  -0.04277
   0.04375
  -0.04439
   0.04470
  -0.04465
   0.04426
  -0.04353
   0.04247
  -0.04107
   0.03936
  -0.03734
   0.03503
  -0.03245
   0.02963
  -0.02657
   0.02330
  -0.01986
   0.01626
  -0.01254
   0.00872
  -0.00483
   0.00091
   0.00302
  -0.00693
   0.01078
  -0.01456
   0.01821
  -0.02173
   0.02508
  -0.02824
   0.03117
  -0.03387
   0.03631
  -0.03846
   0.04032
  -0.04186
   0.04308
  -0.04397
   0.04452
  -0.04472
   0.04458
  -0.04409
   0.04326
  -0.04210
   0.04061
  -0.03881
   0.03671
  -0.03432
   0.03167
  -0.02877
   0.02566
  -0.02234
   0.01885
  -0.01521
   0.01146
  -0.00762
   0.00372
   0.00021
  -0.00414
   0.00804
  -0.01187
   0.01561
  -0.01923
   0.02271
  -0.02600
   0.02910
  -0.03197
   0.03459
  -0.03695
   0.03902
  -0.04079
   0.04224
  -0.04337
   0.04416
  -0.04461
   0.04471
  -0.04447
   0.04389
  -0.04296
   0.04171
  -0.04013
   0.03824
  -0.03605
   0.03359
  -0.03087
   0.02790
  -0.02473
   0.02136
  -0.01782
   0.01415
  -0.01037
   0.00651
  -0.00259
  -0.00134
   0.00526
  -0.00914
   0.01295
  -0.01666
   0.02024
  -0.02367
   0.02691
  -0.02994
   0.03275
  -0.03530
   0.03757
  -0.03956
   0.04124
  -0.04260
   0.04363
  -0.04432
   0.04468
  -0.04468
   0.04434
  -0.04366
   0.04264
  -0.04129
   0.03962
  -0.03764
   0.03538
  -0.03284
   0.03004
  -0.02702
   0.02378
  -0.02036
   0.01679
  -0.01308
   0.00927
  -0.00539
   0.00147
   0.00246
  -0.00637
   0.01024
  -0.01402
   0.01770
  -0.02124
   0.02461
  -0.02780
   0.03077
  -0.03350
   0.03597
  -0.03817
   0.04007
  -0.04166
   0.04293
  -0.04386
   0.04446
  -0.04471
   0.04462
  -0.04418
   0.04340
  -0.04229
   0.04084
  -0.03909
   0.03703
  -0.03468
   0.03206
  -0.02920
   0.02611
  -0.02282
   0.01936
  -0.01574
   0.01200
  -0.00817
   0.00428
  -0.00035
  -0.00358
   0.00748
  -0.01133
   0.01509
  -0.01873
   0.02222
  -0.02554
   0.02867
  -0.03158
   0.03424
  -0.03663
   0.03874
  -0.04056
   0.04205
  -0.04323
   0.04407
  -0.04457
   0.04472
  -0.04453
   0.04399
  -0.04312
   0.04191
  -0.04037
   0.03853
  -0.03638
   0.03396
  -0.03127
   0.02834
  -0.02519
   0.02185
  -0.01834
   0.01468
  -0.01091
   0.00706
  -0.00316
  -0.00078
   0.00470
  -0.00859
   0.01241
  -0.01614
   0.01974
  -0.02319
   0.02646
  -0.02952
   0.03236
  -0.03495
   0.03726
  -0.03929
   0.04102
  -0.04242
   0.04350
  -0.04425
   0.04465
  -0.04470
   0.04441
  -0.04378
   0.04281
  -0.04150
   0.03988
  -0.03795
   0.03572
  -0.03322
   0.03046
  -0.02746
   0.02426
  -0.02086
   0.01731
  -0.01362
   0.00982
  -0.00595
   0.00203
   0.00190
  -0.00582
   0.00969
  -0.01349
   0.01718
  -0.02074
   0.02414
  -0.02736
   0.03036
  -0.03313
   0.03564
  -0.03787
   0.03982
  -0.04145
   0.04277
  -0.04375
   0.04439
  -0.04470
   0.04465
  -0.04426
   0.04353
  -0.04247
   0.04107
  -0.03936
   0.03734
  -0.03503
   0.03245
  -0.02963
   0.02657
  -0.02330
   0.01986
  -0.01626
   0.01254
  -0.00872
   0.00483
  -0.00091
  -0.00302
   0.00693
  -0.01078
   0.01456
  -0.01821
   0.02173
  -0.02508
   0.02824
  -0.03117
   0.03387
  -0.03631
   0.03846
  -0.04032
   0.04186
  -0.04308
   0.04397
  -0.04452
   0.04472
  -0.04458
   0.04409
  -0.04326
   0.04210
  -0.04061
   0.03881
  -0.03671
   0.03432
  -0.03167
   0.02877
  -0.02566
   0.02234
  -0.01885
   0.01521
  -0.01146
   0.00762
  -0.00372
  -0.00021
   0.00414
  -0.00804
   0.01187
  -0.01561
   0.01923
  -0.02271
   0.02600
  -0.02910
   0.03197
  -0.03459
   0.03695
  -0.03902
   0.04079
  -0.04224
   0.04337
  -0.04416
   0.04461
  -0.04471
   0.04447
  -0.04389
   0.04296
  -0.04171
   0.04013
  -0.03824
   0.03605
  -0.03359
   0.03087
  -0.02790
   0.02473
  -0.02136
   0.01782
  -0.01415
   0.01037
  -0.00651
   0.00259
   0.00134
  -0.00526
   0.00914
  -0.01295
   0.01666
  -0.02024
   0.02367
  -0.02691
   0.02994
  -0.03275
   0.03530
  -0.03757
   0.03956
  -0.04124
   0.04260
  -0.04363
   0.04432
  -0.04468
   0.04468
  -0.04434
   0.04366
  -0.04264
   0.04129
  -0.03962
   0.03764
  -0.03538
   0.03284
  -0.03004
   0.02702
  -0.02378
   0.02036
  -0.01679
   0.01308
  -0.00927
   0.00539
  -0.00147
  -0.00246
   0.00637
  -0.01024
   0.01402
  -0.01770
   0.02124
  -0.02461
   0.02780
  -0.03077
   0.03350
  -0.03597
   0.03817
  -0.04007
   0.04166
  -0.04293
   0.04386
  -0.04446
   0.04471
  -0.04462
   0.04418
  -0.04340
   0.04229
  -0.04084
   0.03909
  -0.03703
   0.03468
  -0.03206
   0.02920
  -0.02611
   0.02282
  -0.01936
   0.01574
  -0.01200
   0.00817
  -0.00428
   0.00035
   0.00358
  -0.00748
   0.01133
  -0.01509
   0.01873
  -0.02222
   0.02554
  -0.02867
   0.03158
  -0.03424
   0.03663
  -0.03874
   0.04056
  -0.04205
   0.04323
  -0.04407
   0.04457
  -0.04472
   0.04453
  -0.04399
   0.04312
  -0.04191
   0.04037
  -0.03853
   0.03638
  -0.03396
   0.03127
  -0.02834
   0.02519
  -0.02185
   0.01834
  -0.01468
   0.01091
  -0.00706
   0.00316
   0.00078
  -0.00470
   0.00859
  -0.01241
   0.01614
  -0.01974
   0.02319
  -0.02646
   0.02952
  -0.03236
   0.03495
  -0.03726
   0.03929
  -0.04102
   0.04242
  -0.04350
   0.04425
  -0.04465
   0.04470
  -0.04441
   0.04378
  -0.04281
   0.04150
  -0.03988
   0.03795
  -0.03572
   0.03322
  -0.03046
   0.02746
  -0.02426
   0.02086
  -0.01731
   0.01362
  -0.00982
   0.00595
  -0.00203
  -0.00190
   0.00582
  -0.00969
   0.01349
  -0.01718
   0.02074
  -0.02414
   0.02736
  -0.03036
   0.03313
  -0.03564
   0.03787
  -0.03982
   0.04145
  -0.04277
   0.04375
  -0.04439
   0.04470
  -0.04465
   0.04426
  -0.04353
   0.04247
  -0.04107
   0.03936
  -0.03734
   0.03503
  -0.03245
   0.02963
  -0.02657
   0.02330
  -0.01986
   0.01626
  -0.01254
   0.00872
  -0.00483
   0.00091
   0.00302
  -0.00693
   0.01078
  -0.01456
   0.01821
  -0.02173
   0.02508
  -0.02824
   0.03117
  -0.03387
   0.03631
  -0.03846
   0.04032
  -0.04186
   0.04308
  -0.04397
   0.04452
  -0.04472
   0.04458
  -0.04409
   0.04326
  -0.04210
   0.04061
  -0.03881
   0.03671
  -0.03432
   0.03167
  -0.02877
   0.02566
  -0.02234
   0.01885
  -0.01521
   0.01146
  -0.00762
   0.00372
   0.00021
  -0.00414
   0.00804
  -0.01187
   0.01561
  -0.01923
   0.02271
  -0.02600
   0.02910
  -0.03197
   0.03459
  -0.03695
   0.03902
  -0.04079
   0.04224
  -0.04337
   0.04416
  -0.04461
   0.04471
  -0.04447
   0.04389
  -0.04296
   0.04171
  -0.04013
   0.03824
  -0.03605
   0.03359
  -0.03087
   0.02790
  -0.02473
   0.02136
  -0.01782
   0.01415
  -0.01037
   0.00651
  -0.00259
  -0.00134
   0.00526
  -0.00914
   0.01295
  -0.01666
   0.02024
  -0.02367
   0.02691
  -0.02994
   0.03275
  -0.03530
   0.03757
  -0.03956
   0.04124
  -0.04260
   0.04363
  -0.04432
   0.04468
  -0.04468
   0.04434
  -0.04366
   0.04264
  -0.04129
   0.03962
  -0.03764
   0.03538
  -0.03284
   0.03004
  -0.02702
   0.02378
  -0.02036
   0.01679
  -0.01308
   0.00927
  -0.00539
   0.00147
   0.00246
  -0.00637
   0.01024
  -0.01402
   0.01770
  -0.02124
   0.02461
  -0.02780
   0.03077
  -0.03350
   0.03597
  -0.03817
   0.04007
  -0.04166
   0.04293
  -0.04386
   0.04446
  -0.04471
   0.04462
  -0.04418
   0.04340
  -0.04229
   0.04084
  -0.03909
   0.03703
  -0.03468
   0.03206
  -0.02920
   0.02611
  -0.02282
   0.01936
  -0.01574
   0.01200
  -0.00817
   0.00428
  -0.00035
  -0.00358
   0.00748
  -0.01133
   0.01509
  -0.01873
   0.02222
  -0.02554
   0.02867
  -0.03158
   0.03424
  -0.03663
   0.03874
  -0.04056
   0.04205
  -0.04323
   0.04407
  -0.04457
   0.04472
  -0.04453
   0.04399
  -0.04312
   0.04191
  -0.04037
   0.03853
  -0.03638
   0.03396
  -0.03127
   0.02834
  -0.02519
   0.02185
  -0.01834
   0.01468
  -0.01091
   0.00706
  -0.00316
  -0.00078
   0.00470
  -0.00859
   0.01241
  -0.01614
   0.01974
  -0.02319
   0.02646
  -0.02952
   0.03236
  -0.03495
   0.03726
  -0.03929
   0.04102
  -0.04242
   0.04350
  -0.04425
   0.04465
  -0.04470
   0.04441
  -0.04378
   0.04281
  -0.04150
   0.03988
  -0.03795
   0.03572
  -0.03322
   0.03046
  -0.02746
   0.02426
  -0.02086
   0.01731
  -0.01362
   0.00982
  -0.00595
   0.00203
   0.00190
  -0.00582
   0.00969
  -0.01349
   0.01718
  -0.02074
   0.02414
  -0.02736
   0.03036
  -0.03313
   0.03564
  -0.03787
   0.03982
  -0.04145
   0.04277
  -0.04375
   0.04439
  -0.04470
   0.04465
  -0.04426
   0.04353
  -0.04247
   0.04107
  -0.03936
   0.03734
  -0.03503
   0.03245
  -0.02963
   0.02657
  -0.02330
   0.01986
  -0.01626
   0.01254
  -0.00872
   0.00483
  -0.00091
  -0.00302
   0.00693
  -0.01078
   0.01456
  -0.01821
   0.02173
  -0.02508
   0.02824
  -0.03117
   0.03387
  -0.03631
   0.03846
  -0.04032
   0.04186
  -0.04308
   0.04397
  -0.04452
   0.04472
  -0.04458
   0.04409
  -0.04326
   0.04210
  -0.04061
   0.03881
  -0.03671
   0.03432
  -0.03167
   0.02877
  -0.02566
   0.02234
  -0.01885
   0.01521
  -0.01146
   0.00762
  -0.00372
  -0.00021
