  -0.02000
   0.03442
  -0.04301
   0.04430
  -0.03809
   0.02541
  -0.00843
  -0.00998
   0.02670
  -0.03889
   0.04449
  -0.04255
   0.03340
  -0.01858
   0.00062
   0.01745
  -0.03256
   0.04215
  -0.04460
   0.03948
  -0.02767
   0.01117
   0.00722
  -0.02439
   0.03743
  -0.04412
   0.04333
  -0.03520
   0.02110
  -0.00342
  -0.01483
   0.03057
  -0.04113
   0.04472
  -0.04072
   0.02983
  -0.01387
  -0.00443
   0.02199
  -0.03581
   0.04357
  -0.04394
   0.03686
  -0.02353
   0.00622
   0.01215
  -0.02846
   0.03995
  -0.04466
   0.04180
  -0.03186
   0.01651
   0.00163
  -0.01950
   0.03406
  -0.04285
   0.04438
  -0.03838
   0.02587
  -0.00898
  -0.00943
   0.02624
  -0.03861
   0.04443
  -0.04272
   0.03377
  -0.01909
   0.00118
   0.01693
  -0.03218
   0.04196
  -0.04464
   0.03974
  -0.02811
   0.01172
   0.00666
  -0.02392
   0.03711
  -0.04402
   0.04347
  -0.03554
   0.02159
  -0.00398
  -0.01430
   0.03016
  -0.04091
   0.04472
  -0.04095
   0.03024
  -0.01440
  -0.00387
   0.02150
  -0.03548
   0.04344
  -0.04404
   0.03718
  -0.02401
   0.00677
   0.01161
  -0.02803
   0.03969
  -0.04463
   0.04200
  -0.03225
   0.01703
   0.00107
  -0.01899
   0.03370
  -0.04269
   0.04444
  -0.03866
   0.02633
  -0.00953
  -0.00888
   0.02579
  -0.03832
   0.04436
  -0.04288
   0.03413
  -0.01960
   0.00174
   0.01641
  -0.03178
   0.04176
  -0.04467
   0.04000
  -0.02855
   0.01226
   0.00611
  -0.02344
   0.03680
  -0.04392
   0.04359
  -0.03588
   0.02208
  -0.00454
  -0.01377
   0.02974
  -0.04068
   0.04472
  -0.04118
   0.03065
  -0.01494
  -0.00331
   0.02100
  -0.03513
   0.04330
  -0.04413
   0.03749
  -0.02448
   0.00733
   0.01107
  -0.02759
   0.03943
  -0.04459
   0.04219
  -0.03264
   0.01755
   0.00051
  -0.01848
   0.03332
  -0.04252
   0.04450
  -0.03894
   0.02678
  -0.01008
  -0.00833
   0.02532
  -0.03803
   0.04429
  -0.04304
   0.03449
  -0.02010
   0.00230
   0.01589
  -0.03138
   0.04156
  -0.04469
   0.04025
  -0.02898
   0.01280
   0.00555
  -0.02296
   0.03648
  -0.04381
   0.04372
  -0.03621
   0.02257
  -0.00510
  -0.01323
   0.02932
  -0.04044
   0.04471
  -0.04139
   0.03106
  -0.01546
  -0.00275
   0.02050
  -0.03478
   0.04316
  -0.04422
   0.03779
  -0.02495
   0.00788
   0.01052
  -0.02714
   0.03916
  -0.04454
   0.04237
  -0.03302
   0.01807
  -0.00005
  -0.01797
   0.03295
  -0.04234
   0.04455
  -0.03922
   0.02723
  -0.01063
  -0.00777
   0.02486
  -0.03773
   0.04421
  -0.04319
   0.03485
  -0.02060
   0.00286
   0.01536
  -0.03098
   0.04135
  -0.04471
   0.04049
  -0.02940
   0.01334
   0.00499
  -0.02248
   0.03615
  -0.04369
   0.04383
  -0.03654
   0.02305
  -0.00566
  -0.01269
   0.02890
  -0.04020
   0.04469
  -0.04160
   0.03146
  -0.01599
  -0.00219
   0.02000
  -0.03442
   0.04301
  -0.04430
   0.03809
  -0.02541
   0.00843
   0.00998
  -0.02670
   0.03889
  -0.04449
   0.04255
  -0.03340
   0.01858
  -0.00062
  -0.01745
   0.03256
  -0.04215
   0.04460
  -0.03948
   0.02767
  -0.01117
  -0.00722
   0.02439
  -0.03743
   0.04412
  -0.04333
   0.03520
  -0.02110
   0.00342
   0.01483
  -0.03057
   0.04113
  -0.04472
   0.04072
  -0.02983
   0.01387
   0.00443
  -0.02199
   0.03581
  -0.04357
   0.04394
  -0.03686
   0.02353
  -0.00622
  -0.01215
   0.02846
  -0.03995
   0.04466
  -0.04180
   0.03186
  -0.01651
  -0.00163
   0.01950
  -0.03406
   0.04285
  -0.04438
   0.03838
  -0.02587
   0.00898
   0.00943
  -0.02624
   0.03861
  -0.04443
   0.04272
  -0.03377
   0.01909
  -0.00118
  -0.01693
   0.03218
  -0.04196
   0.04464
  -0.03974
   0.02811
  -0.01172
  -0.00666
   0.02392
  -0.03711
   0.04402
  -0.04347
   0.03554
  -0.02159
   0.00398
   0.01430
  -0.03016
   0.04091
  -0.04472
   0.04095
  -0.03024
   0.01440
   0.00387
  -0.02150
   0.03548
  -0.04344
   0.04404
  -0.03718
   0.02401
  -0.00677
  -0.01161
   0.02803
  -0.03969
   0.04463
  -0.04200
   0.03225
  -0.01703
  -0.00107
   0.01899
  -0.03370
   0.04269
  -0.04444
   0.03866
  -0.02633
   0.00953
   0.00888
  -0.02579
   0.03832
  -0.04436
   0.04288
  -0.03413
   0.01960
  -0.00174
  -0.01641
   0.03178
  -0.04176
   0.04467
  -0.04000
   0.02855
  -0.01226
  -0.00611
   0.02344
  -0.03680
   0.04392
  -0.04359
   0.03588
  -0.02208
   0.00454
   0.01377
  -0.02974
   0.04068
  -0.04472
   0.04118
  -0.03065
   0.01494
   0.00331
  -0.02100
   0.03513
  -0.04330
   0.04413
  -0.03749
   0.02448
  -0.00733
  -0.01107
   0.02759
  -0.03943
   0.04459
  -0.04219
   0.03264
  -0.01755
  -0.00051
   0.01848
  -0.03332
   0.04252
  -0.04450
   0.03894
  -0.02678
   0.01008
   0.00833
  -0.02532
   0.03803
  -0.04429
   0.04304
  -0.03449
   0.02010
  -0.00230
  -0.01589
   0.03138
  -0.04156
   0.04469
  -0.04025
   0.02898
  -0.01280
  -0.00555
   0.02296
  -0.03648
   0.04381
  -0.04372
   0.03621
  -0.02257
   0.00510
   0.01323
  -0.02932
   0.04044
  -0.04471
   0.04139
  -0.03106
   0.01546
   0.00275
  -0.02050
   0.03478
  -0.04316
   0.04422
  -0.03779
   0.02495
  -0.00788
  -0.01052
   0.02714
  -0.03916
   0.04454
  -0.04237
   0.03302
  -0.01807
   0.00005
   0.01797
  -0.03295
   0.04234
  -0.04455
   0.03922
  -0.02723
   0.01063
   0.00777
  -0.02486
   0.03773
  -0.04421
   0.04319
  -0.03485
   0.02060
  -0.00286
  -0.01536
   0.03098
  -0.04135
   0.04471
  -0.04049
   0.02940
  -0.01334
  -0.00499
   0.02248
  -0.03615
   0.04369
  -0.04383
   0.03654
  -0.02305
   0.00566
   0.01269
  -0.02890
   0.04020
  -0.04469
   0.04160
  -0.03146
   0.01599
   0.00219
  -0.02000
   0.03442
  -0.04301
   0.04430
  -0.03809
   0.02541
  -0.00843
  -0.00998
   0.02670
  -0.03889
   0.04449
  -0.04255
   0.03340
  -0.01858
   0.00062
   0.01745
  -0.03256
   0.04215
  -0.04460
   0.03948
  -0.02767
   0.01117
   0.00722
  -0.02439
   0.03743
  -0.04412
   0.04333
  -0.03520
   0.02110
  -0.00342
  -0.01483
   0.03057
  -0.04113
   0.04472
  -0.04072
   0.02983
  -0.01387
  -0.00443
   0.02199
  -0.03581
   0.04357
  -0.04394
   0.03686
  -0.02353
   0.00622
   0.01215
  -0.02846
   0.03995
  -0.04466
   0.04180
  -0.03186
   0.01651
   0.00163
  -0.01950
   0.03406
  -0.04285
   0.04438
  -0.03838
   0.02587
  -0.00898
  -0.00943
   0.02624
  -0.03861
   0.04443
  -0.04272
   0.03377
  -0.01909
   0.00118
   0.01693
  -0.03218
   0.04196
  -0.04464
   0.03974
  -0.02811
   0.01172
   0.00666
  -0.02392
   0.03711
  -0.04402
   0.04347
  -0.03554
   0.02159
  -0.00398
  -0.01430
   0.03016
  -0.04091
   0.04472
  -0.04095
   0.03024
  -0.01440
  -0.00387
   0.02150
  -0.03548
   0.04344
  -0.04404
   0.03718
  -0.02401
   0.00677
   0.01161
  -0.02803
   0.03969
  -0.04463
   0.04200
  -0.03225
   0.01703
   0.00107
  -0.01899
   0.03370
  -0.04269
   0.04444
  -0.03866
   0.02633
  -0.00953
  -0.00888
   0.02579
  -0.03832
   0.04436
  -0.04288
   0.03413
  -0.01960
   0.00174
   0.01641
  -0.03178
   0.04176
  -0.04467
   0.04000
  -0.02855
   0.01226
   0.00611
  -0.02344
   0.03680
  -0.04392
   0.04359
  -0.03588
   0.02208
  -0.00454
  -0.01377
   0.02974
  -0.04068
   0.04472
  -0.04118
   0.03065
  -0.01494
  -0.00331
   0.02100
  -0.03513
   0.04330
  -0.04413
   0.03749
  -0.02448
   0.00733
   0.01107
  -0.02759
   0.03943
  -0.04459
   0.04219
  -0.03264
   0.01755
   0.00051
  -0.01848
   0.03332
  -0.04252
   0.04450
  -0.03894
   0.02678
  -0.01008
  -0.00833
   0.02532
  -0.03803
   0.04429
  -0.04304
   0.03449
  -0.02010
   0.00230
   0.01589
  -0.03138
   0.04156
  -0.04469
   0.04025
  -0.02898
   0.01280
   0.00555
  -0.02296
   0.03648
  -0.04381
   0.04372
  -0.03621
   0.02257
  -0.00510
  -0.01323
   0.02932
  -0.04044
   0.04471
  -0.04139
   0.03106
  -0.01546
  -0.00275
   0.02050
  -0.03478
   0.04316
  -0.04422
   0.03779
  -0.02495
   0.00788
   0.01052
  -0.02714
   0.03916
  -0.04454
   0.04237
  -0.03302
   0.01807
  -0.00005
  -0.01797
   0.03295
  -0.04234
   0.04455
  -0.03922
   0.02723
  -0.01063
  -0.00777
   0.02486
  -0.03773
   0.04421
  -0.04319
   0.03485
  -0.02060
   0.00286
   0.01536
  -0.03098
   0.04135
  -0.04471
   0.04049
  -0.02940
   0.01334
   0.00499
  -0.02248
   0.03615
  -0.04369
   0.04383
  -0.03654
   0.02305
  -0.00566
  -0.01269
   0.02890
  -0.04020
   0.04469
  -0.04160
   0.03146
  -0.01599
  -0.00219
   0.02000
  -0.03442
   0.04301
  -0.04430
   0.03809
  -0.02541
   0.00843
   0.00998
  -0.02670
   0.03889
  -0.04449
   0.04255
  -0.03340
   0.01858
  -0.00062
  -0.01745
   0.03256
  -0.04215
   0.04460
  -0.03948
   0.02767
  -0.01117
  -0.00722
   0.02439
  -0.03743
   0.04412
  -0.04333
   0.03520
  -0.02110
   0.00342
   0.01483
  -0.03057
   0.04113
  -0.04472
   0.04072
  -0.02983
   0.01387
   0.00443
  -0.02199
   0.03581
  -0.04357
   0.04394
  -0.03686
   0.02353
  -0.00622
  -0.01215
   0.02846
  -0.03995
   0.04466
  -0.04180
   0.03186
  -0.01651
  -0.00163
   0.01950
  -0.03406
   0.04285
  -0.04438
   0.03838
  -0.02587
   0.00898
   0.00943
  -0.02624
   0.03861
  -0.04443
   0.04272
  -0.03377
   0.01909
  -0.00118
  -0.01693
   0.03218
  -0.04196
   0.04464
  -0.03974
   0.02811
  -0.01172
  -0.00666
   0.02392
  -0.03711
   0.04402
  -0.04347
   0.03554
  -0.02159
   0.00398
   0.01430
  -0.03016
   0.04091
  -0.04472
   0.04095
  -0.03024
   0.01440
   0.00387
  -0.02150
   0.03548
  -0.04344
   0.04404
  -0.03718
   0.02401
  -0.00677
  -0.01161
   0.02803
  -0.03969
   0.04463
  -0.04200
   0.03225
  -0.01703
  -0.00107
   0.01899
  -0.03370
   0.04269
  -0.04444
   0.03866
  -0.02633
   0.00953
   0.00888
  -0.02579
   0.03832
  -0.04436
   0.04288
  -0.03413
   0.01960
  -0.00174
  -0.01641
   0.03178
  -0.04176
   0.04467
  -0.04000
   0.02855
  -0.01226
  -0.00611
   0.02344
  -0.03680
   0.04392
  -0.04359
   0.03588
  -0.02208
   0.00454
   0.01377
  -0.02974
   0.04068
  -0.04472
   0.04118
  -0.03065
   0.01494
   0.00331
  -0.02100
   0.03513
  -0.04330
   0.04413
  -0.03749
   0.02448
  -0.00733
  -0.01107
   0.02759
  -0.03943
   0.04459
  -0.04219
   0.03264
  -0.01755
  -0.00051
   0.01848
  -0.03332
   0.04252
  -0.04450
   0.03894
  -0.02678
   0.01008
   0.00833
  -0.02532
   0.03803
  -0.04429
   0.04304
  -0.03449
   0.02010
  -0.00230
  -0.01589
   0.03138
  -0.04156
   0.04469
  -0.04025
   0.02898
  -0.01280
  -0.00555
   0.02296
  -0.03648
   0.04381
  -0.04372
   0.03621
  -0.02257
   0.00510
   0.01323
  -0.02932
   0.04044
  -0.04471
   0.04139
  -0.03106
   0.01546
   0.00275
  -0.02050
   0.03478
  -0.04316
   0.04422
  -0.03779
   0.02495
  -0.00788
  -0.01052
   0.02714
  -0.03916
   0.04454
  -0.04237
   0.03302
  -0.01807
   0.00005
   0.01797
  -0.03295
   0.04234
  -0.04455
   0.03922
  -0.02723
   0.01063
   0.00777
  -0.02486
   0.03773
  -0.04421
   0.04319
  -0.03485
   0.02060
  -0.00286
  -0.01536
   0.03098
  -0.04135
   0.04471
  -0.04049
   0.02940
  -0.01334
  -0.00499
   0.02248
  -0.03615
   0.04369
  -0.04383
   0.03654
  -0.02305
   0.00566
   0.01269
  -0.02890
   0.04020
  -0.04469
   0.04160
  -0.03146
   0.01599
   0.00219
