   0.04223
   0.02592
  -0.02777
  -0.04141
   0.00466
   0.04401
   0.01990
  -0.03291
  -0.03826
   0.01156
   0.04471
   0.01339
  -0.03724
  -0.03417
   0.01817
   0.04431
   0.00655
  -0.04066
  -0.02923
   0.02434
   0.04282
  -0.00045
  -0.04307
  -0.02358
   0.02991
   0.04027
  -0.00744
  -0.04442
  -0.01735
   0.03474
   0.03673
  -0.01425
  -0.04468
  -0.01068
   0.03872
   0.03229
  -0.02070
  -0.04384
  -0.00376
   0.04175
   0.02705
  -0.02665
  -0.04192
   0.00326
   0.04374
   0.02115
  -0.03194
  -0.03897
   0.01020
   0.04466
   0.01472
  -0.03644
  -0.03506
   0.01688
   0.04448
   0.00794
  -0.04005
  -0.03028
   0.02315
   0.04320
   0.00095
  -0.04267
  -0.02476
   0.02885
   0.04086
  -0.00605
  -0.04424
  -0.01863
   0.03384
   0.03752
  -0.01291
  -0.04472
  -0.01204
   0.03800
   0.03325
  -0.01945
  -0.04410
  -0.00516
   0.04122
   0.02816
  -0.02551
  -0.04239
   0.00186
   0.04343
   0.02237
  -0.03094
  -0.03964
   0.00882
   0.04456
   0.01604
  -0.03561
  -0.03591
   0.01557
   0.04460
   0.00931
  -0.03941
  -0.03130
   0.02194
   0.04354
   0.00236
  -0.04223
  -0.02592
   0.02777
   0.04141
  -0.00466
  -0.04401
  -0.01990
   0.03291
   0.03826
  -0.01156
  -0.04471
  -0.01339
   0.03724
   0.03417
  -0.01817
  -0.04431
  -0.00655
   0.04066
   0.02923
  -0.02434
  -0.04282
   0.00045
   0.04307
   0.02358
  -0.02991
  -0.04027
   0.00744
   0.04442
   0.01735
  -0.03474
  -0.03673
   0.01425
   0.04468
   0.01068
  -0.03872
  -0.03229
   0.02070
   0.04384
   0.00376
  -0.04175
  -0.02705
   0.02665
   0.04192
  -0.00326
  -0.04374
  -0.02115
   0.03194
   0.03897
  -0.01020
  -0.04466
  -0.01472
   0.03644
   0.03506
  -0.01688
  -0.04448
  -0.00794
   0.04005
   0.03028
  -0.02315
  -0.04320
  -0.00095
   0.04267
   0.02476
  -0.02885
  -0.04086
   0.00605
   0.04424
   0.01863
  -0.03384
  -0.03752
   0.01291
   0.04472
   0.01204
  -0.03800
  -0.03325
   0.01945
   0.04410
   0.00516
  -0.04122
  -0.02816
   0.02551
   0.04239
  -0.00186
  -0.04343
  -0.02237
   0.03094
   0.03964
  -0.00882
  -0.04456
  -0.01604
   0.03561
   0.03591
  -0.01557
  -0.04460
  -0.00931
   0.03941
   0.03130
  -0.02194
  -0.04354
  -0.00236
   0.04223
   0.02592
  -0.02777
  -0.04141
   0.00466
   0.04401
   0.01990
  -0.03291
  -0.03826
   0.01156
   0.04471
   0.01339
  -0.03724
  -0.03417
   0.01817
   0.04431
   0.00655
  -0.04066
  -0.02923
   0.02434
   0.04282
  -0.00045
  -0.04307
  -0.02358
   0.02991
   0.04027
  -0.00744
  -0.04442
  -0.01735
   0.03474
   0.03673
  -0.01425
  -0.04468
  -0.01068
   0.03872
   0.03229
  -0.02070
  -0.04384
  -0.00376
   0.04175
   0.02705
  -0.02665
  -0.04192
   0.00326
   0.04374
   0.02115
  -0.03194
  -0.03897
   0.01020
   0.04466
   0.01472
  -0.03644
  -0.03506
   0.01688
   0.04448
   0.00794
  -0.04005
  -0.03028
   0.02315
   0.04320
   0.00095
  -0.04267
  -0.02476
   0.02885
   0.04086
  -0.00605
  -0.04424
  -0.01863
   0.03384
   0.03752
  -0.01291
  -0.04472
  -0.01204
   0.03800
   0.03325
  -0.01945
  -0.04410
  -0.00516
   0.04122
   0.02816
  -0.02551
  -0.04239
   0.00186
   0.04343
   0.02237
  -0.03094
  -0.03964
   0.00882
   0.04456
   0.01604
  -0.03561
  -0.03591
   0.01557
   0.04460
   0.00931
  -0.03941
  -0.03130
   0.02194
   0.04354
   0.00236
  -0.04223
  -0.02592
   0.02777
   0.04141
  -0.00466
  -0.04401
  -0.01990
   0.03291
   0.03826
  -0.01156
  -0.04471
  -0.01339
   0.03724
   0.03417
  -0.01817
  -0.04431
  -0.00655
   0.04066
   0.02923
  -0.02434
  -0.04282
   0.00045
   0.04307
   0.02358
  -0.02991
  -0.04027
   0.00744
   0.04442
   0.01735
  -0.03474
  -0.03673
   0.01425
   0.04468
   0.01068
  -0.03872
  -0.03229
   0.02070
   0.04384
   0.00376
  -0.04175
  -0.02705
   0.02665
   0.04192
  -0.00326
  -0.04374
  -0.02115
   0.03194
   0.03897
  -0.01020
  -0.04466
  -0.01472
   0.03644
   0.03506
  -0.01688
  -0.04448
  -0.00794
   0.04005
   0.03028
  -0.02315
  -0.04320
  -0.00095
   0.04267
   0.02476
  -0.02885
  -0.04086
   0.00605
   0.04424
   0.01863
  -0.03384
  -0.03752
   0.01291
   0.04472
   0.01204
  -0.03800
  -0.03325
   0.01945
   0.04410
   0.00516
  -0.04122
  -0.02816
   0.02551
   0.04239
  -0.00186
  -0.04343
  -0.02237
   0.03094
   0.03964
  -0.00882
  -0.04456
  -0.01604
   0.03561
   0.03591
  -0.01557
  -0.04460
  -0.00931
   0.03941
   0.03130
  -0.02194
  -0.04354
  -0.00236
   0.04223
   0.02592
  -0.02777
  -0.04141
   0.00466
   0.04401
   0.01990
  -0.03291
  -0.03826
   0.01156
   0.04471
   0.01339
  -0.03724
  -0.03417
   0.01817
   0.04431
   0.00655
  -0.04066
  -0.02923
   0.02434
   0.04282
  -0.00045
  -0.04307
  -0.02358
   0.02991
   0.04027
  -0.00744
  -0.04442
  -0.01735
   0.03474
   0.03673
  -0.01425
  -0.04468
  -0.01068
   0.03872
   0.03229
  -0.02070
  -0.04384
  -0.00376
   0.04175
   0.02705
  -0.02665
  -0.04192
   0.00326
   0.04374
   0.02115
  -0.03194
  -0.03897
   0.01020
   0.04466
   0.01472
  -0.03644
  -0.03506
   0.01688
   0.04448
   0.00794
  -0.04005
  -0.03028
   0.02315
   0.04320
   0.00095
  -0.04267
  -0.02476
   0.02885
   0.04086
  -0.00605
  -0.04424
  -0.01863
   0.03384
   0.03752
  -0.01291
  -0.04472
  -0.01204
   0.03800
   0.03325
  -0.01945
  -0.04410
  -0.00516
   0.04122
   0.02816
  -0.02551
  -0.04239
   0.00186
   0.04343
   0.02237
  -0.03094
  -0.03964
   0.00882
   0.04456
   0.01604
  -0.03561
  -0.03591
   0.01557
   0.04460
   0.00931
  -0.03941
  -0.03130
   0.02194
   0.04354
   0.00236
  -0.04223
  -0.02592
   0.02777
   0.04141
  -0.00466
  -0.04401
  -0.01990
   0.03291
   0.03826
  -0.01156
  -0.04471
  -0.01339
   0.03724
   0.03417
  -0.01817
  -0.04431
  -0.00655
   0.04066
   0.02923
  -0.02434
  -0.04282
   0.00045
   0.04307
   0.02358
  -0.02991
  -0.04027
   0.00744
   0.04442
   0.01735
  -0.03474
  -0.03673
   0.01425
   0.04468
   0.01068
  -0.03872
  -0.03229
   0.02070
   0.04384
   0.00376
  -0.04175
  -0.02705
   0.02665
   0.04192
  -0.00326
  -0.04374
  -0.02115
   0.03194
   0.03897
  -0.01020
  -0.04466
  -0.01472
   0.03644
   0.03506
  -0.01688
  -0.04448
  -0.00794
   0.04005
   0.03028
  -0.02315
  -0.04320
  -0.00095
   0.04267
   0.02476
  -0.02885
  -0.04086
   0.00605
   0.04424
   0.01863
  -0.03384
  -0.03752
   0.01291
   0.04472
   0.01204
  -0.03800
  -0.03325
   0.01945
   0.04410
   0.00516
  -0.04122
  -0.02816
   0.02551
   0.04239
  -0.00186
  -0.04343
  -0.02237
   0.03094
   0.03964
  -0.00882
  -0.04456
  -0.01604
   0.03561
   0.03591
  -0.01557
  -0.04460
  -0.00931
   0.03941
   0.03130
  -0.02194
  -0.04354
  -0.00236
   0.04223
   0.02592
  -0.02777
  -0.04141
   0.00466
   0.04401
   0.01990
  -0.03291
  -0.03826
   0.01156
   0.04471
   0.01339
  -0.03724
  -0.03417
   0.01817
   0.04431
   0.00655
  -0.04066
  -0.02923
   0.02434
   0.04282
  -0.00045
  -0.04307
  -0.02358
   0.02991
   0.04027
  -0.00744
  -0.04442
  -0.01735
   0.03474
   0.03673
  -0.01425
  -0.04468
  -0.01068
   0.03872
   0.03229
  -0.02070
  -0.04384
  -0.00376
   0.04175
   0.02705
  -0.02665
  -0.04192
   0.00326
   0.04374
   0.02115
  -0.03194
  -0.03897
   0.01020
   0.04466
   0.01472
  -0.03644
  -0.03506
   0.01688
   0.04448
   0.00794
  -0.04005
  -0.03028
   0.02315
   0.04320
   0.00095
  -0.04267
  -0.02476
   0.02885
   0.04086
  -0.00605
  -0.04424
  -0.01863
   0.03384
   0.03752
  -0.01291
  -0.04472
  -0.01204
   0.03800
   0.03325
  -0.01945
  -0.04410
  -0.00516
   0.04122
   0.02816
  -0.02551
  -0.04239
   0.00186
   0.04343
   0.02237
  -0.03094
  -0.03964
   0.00882
   0.04456
   0.01604
  -0.03561
  -0.03591
   0.01557
   0.04460
   0.00931
  -0.03941
  -0.03130
   0.02194
   0.04354
   0.00236
  -0.04223
  -0.02592
   0.02777
   0.04141
  -0.00466
  -0.04401
  -0.01990
   0.03291
   0.03826
  -0.01156
  -0.04471
  -0.01339
   0.03724
   0.03417
  -0.01817
  -0.04431
  -0.00655
   0.04066
   0.02923
  -0.02434
  -0.04282
   0.00045
   0.04307
   0.02358
  -0.02991
  -0.04027
   0.00744
   0.04442
   0.01735
  -0.03474
  -0.03673
   0.01425
   0.04468
   0.01068
  -0.03872
  -0.03229
   0.02070
   0.04384
   0.00376
  -0.04175
  -0.02705
   0.02665
   0.04192
  -0.00326
  -0.04374
  -0.02115
   0.03194
   0.03897
  -0.01020
  -0.04466
  -0.01472
   0.03644
   0.03506
  -0.01688
  -0.04448
  -0.00794
   0.04005
   0.03028
  -0.02315
  -0.04320
  -0.00095
   0.04267
   0.02476
  -0.02885
  -0.04086
   0.00605
   0.04424
   0.01863
  -0.03384
  -0.03752
   0.01291
   0.04472
   0.01204
  -0.03800
  -0.03325
   0.01945
   0.04410
   0.00516
  -0.04122
  -0.02816
   0.02551
   0.04239
  -0.00186
  -0.04343
  -0.02237
   0.03094
   0.03964
  -0.00882
  -0.04456
  -0.01604
   0.03561
   0.03591
  -0.01557
  -0.04460
  -0.00931
   0.03941
   0.03130
  -0.02194
  -0.04354
  -0.00236
   0.04223
   0.02592
  -0.02777
  -0.04141
   0.00466
   0.04401
   0.01990
  -0.03291
  -0.03826
   0.01156
   0.04471
   0.01339
  -0.03724
  -0.03417
   0.01817
   0.04431
   0.00655
  -0.04066
  -0.02923
   0.02434
   0.04282
  -0.00045
  -0.04307
  -0.02358
   0.02991
   0.04027
  -0.00744
  -0.04442
  -0.01735
   0.03474
   0.03673
  -0.01425
  -0.04468
  -0.01068
   0.03872
   0.03229
  -0.02070
  -0.04384
  -0.00376
   0.04175
   0.02705
  -0.02665
  -0.04192
   0.00326
   0.04374
   0.02115
  -0.03194
  -0.03897
   0.01020
   0.04466
   0.01472
  -0.03644
  -0.03506
   0.01688
   0.04448
   0.00794
  -0.04005
  -0.03028
   0.02315
   0.04320
   0.00095
  -0.04267
  -0.02476
   0.02885
   0.04086
  -0.00605
  -0.04424
  -0.01863
   0.03384
   0.03752
  -0.01291
  -0.04472
  -0.01204
   0.03800
   0.03325
  -0.01945
  -0.04410
  -0.00516
   0.04122
   0.02816
  -0.02551
  -0.04239
   0.00186
   0.04343
   0.02237
  -0.03094
  -0.03964
   0.00882
   0.04456
   0.01604
  -0.03561
  -0.03591
   0.01557
   0.04460
   0.00931
  -0.03941
  -0.03130
   0.02194
   0.04354
   0.00236
  -0.04223
  -0.02592
   0.02777
   0.04141
  -0.00466
  -0.04401
  -0.01990
   0.03291
   0.03826
  -0.01156
  -0.04471
  -0.01339
   0.03724
   0.03417
  -0.01817
  -0.04431
  -0.00655
   0.04066
   0.02923
  -0.02434
  -0.04282
   0.00045
   0.04307
   0.02358
  -0.02991
  -0.04027
   0.00744
   0.04442
   0.01735
  -0.03474
  -0.03673
   0.01425
   0.04468
   0.01068
  -0.03872
  -0.03229
   0.02070
   0.04384
   0.00376
  -0.04175
  -0.02705
   0.02665
   0.04192
  -0.00326
  -0.04374
  -0.02115
   0.03194
   0.03897
  -0.01020
  -0.04466
  -0.01472
   0.03644
   0.03506
  -0.01688
  -0.04448
  -0.00794
   0.04005
   0.03028
  -0.02315
  -0.04320
  -0.00095
   0.04267
   0.02476
  -0.02885
  -0.04086
   0.00605
   0.04424
   0.01863
  -0.03384
  -0.03752
   0.01291
   0.04472
   0.01204
  -0.03800
  -0.03325
   0.01945
   0.04410
   0.00516
  -0.04122
  -0.02816
   0.02551
   0.04239
  -0.00186
  -0.04343
  -0.02237
   0.03094
   0.03964
  -0.00882
  -0.04456
  -0.01604
   0.03561
   0.03591
  -0.01557
  -0.04460
  -0.00931
   0.03941
   0.03130
  -0.02194
  -0.04354
  -0.00236
