   0.01008
  -0.04091
  -0.02542
   0.03138
   0.03718
  -0.01745
  -0.04372
   0.00107
   0.04412
   0.01547
  -0.03832
  -0.02983
   0.02714
   0.04000
  -0.01215
  -0.04455
  -0.00454
   0.04285
   0.02060
  -0.03513
  -0.03377
   0.02247
   0.04219
  -0.00666
  -0.04469
  -0.01008
   0.04091
   0.02542
  -0.03138
  -0.03718
   0.01745
   0.04372
  -0.00107
  -0.04412
  -0.01547
   0.03832
   0.02983
  -0.02714
  -0.04000
   0.01215
   0.04455
   0.00454
  -0.04285
  -0.02060
   0.03513
   0.03377
  -0.02247
  -0.04219
   0.00666
   0.04469
   0.01008
  -0.04091
  -0.02542
   0.03138
   0.03718
  -0.01745
  -0.04372
   0.00107
   0.04412
   0.01547
  -0.03832
  -0.02983
   0.02714
   0.04000
  -0.01215
  -0.04455
  -0.00454
   0.04285
   0.02060
  -0.03513
  -0.03377
   0.02247
   0.04219
  -0.00666
  -0.04469
  -0.01008
   0.04091
   0.02542
  -0.03138
  -0.03718
   0.01745
   0.04372
  -0.00107
  -0.04412
  -0.01547
   0.03832
   0.02983
  -0.02714
  -0.04000
   0.01215
   0.04455
   0.00454
  -0.04285
  -0.02060
   0.03513
   0.03377
  -0.02247
  -0.04219
   0.00666
   0.04469
   0.01008
  -0.04091
  -0.02542
   0.03138
   0.03718
  -0.01745
  -0.04372
   0.00107
   0.04412
   0.01547
  -0.03832
  -0.02983
   0.02714
   0.04000
  -0.01215
  -0.04455
  -0.00454
   0.04285
   0.02060
  -0.03513
  -0.03377
   0.02247
   0.04219
  -0.00666
  -0.04469
  -0.01008
   0.04091
   0.02542
  -0.03138
  -0.03718
   0.01745
   0.04372
  -0.00107
  -0.04412
  -0.01547
   0.03832
   0.02983
  -0.02714
  -0.04000
   0.01215
   0.04455
   0.00454
  -0.04285
  -0.02060
   0.03513
   0.03377
  -0.02247
  -0.04219
   0.00666
   0.04469
   0.01008
  -0.04091
  -0.02542
   0.03138
   0.03718
  -0.01745
  -0.04372
   0.00107
   0.04412
   0.01547
  -0.03832
  -0.02983
   0.02714
   0.04000
  -0.01215
  -0.04455
  -0.00454
   0.04285
   0.02060
  -0.03513
  -0.03377
   0.02247
   0.04219
  -0.00666
  -0.04469
  -0.01008
   0.04091
   0.02542
  -0.03138
  -0.03718
   0.01745
   0.04372
  -0.00107
  -0.04412
  -0.01547
   0.03832
   0.02983
  -0.02714
  -0.04000
   0.01215
   0.04455
   0.00454
  -0.04285
  -0.02060
   0.03513
   0.03377
  -0.02247
  -0.04219
   0.00666
   0.04469
   0.01008
  -0.04091
  -0.02542
   0.03138
   0.03718
  -0.01745
  -0.04372
   0.00107
   0.04412
   0.01547
  -0.03832
  -0.02983
   0.02714
   0.04000
  -0.01215
  -0.04455
  -0.00454
   0.04285
   0.02060
  -0.03513
  -0.03377
   0.02247
   0.04219
  -0.00666
  -0.04469
  -0.01008
   0.04091
   0.02542
  -0.03138
  -0.03718
   0.01745
   0.04372
  -0.00107
  -0.04412
  -0.01547
   0.03832
   0.02983
  -0.02714
  -0.04000
   0.01215
   0.04455
   0.00454
  -0.04285
  -0.02060
   0.03513
   0.03377
  -0.02247
  -0.04219
   0.00666
   0.04469
   0.01008
  -0.04091
  -0.02542
   0.03138
   0.03718
  -0.01745
  -0.04372
   0.00107
   0.04412
   0.01547
  -0.03832
  -0.02983
   0.02714
   0.04000
  -0.01215
  -0.04455
  -0.00454
   0.04285
   0.02060
  -0.03513
  -0.03377
   0.02247
   0.04219
  -0.00666
  -0.04469
  -0.01008
   0.04091
   0.02542
  -0.03138
  -0.03718
   0.01745
   0.04372
  -0.00107
  -0.04412
  -0.01547
   0.03832
   0.02983
  -0.02714
  -0.04000
   0.01215
   0.04455
   0.00454
  -0.04285
  -0.02060
   0.03513
   0.03377
  -0.02247
  -0.04219
   0.00666
   0.04469
   0.01008
  -0.04091
  -0.02542
   0.03138
   0.03718
  -0.01745
  -0.04372
   0.00107
   0.04412
   0.01547
  -0.03832
  -0.02983
   0.02714
   0.04000
  -0.01215
  -0.04455
  -0.00454
   0.04285
   0.02060
  -0.03513
  -0.03377
   0.02247
   0.04219
  -0.00666
  -0.04469
  -0.01008
   0.04091
   0.02542
  -0.03138
  -0.03718
   0.01745
   0.04372
  -0.00107
  -0.04412
  -0.01547
   0.03832
   0.02983
  -0.02714
  -0.04000
   0.01215
   0.04455
   0.00454
  -0.04285
  -0.02060
   0.03513
   0.03377
  -0.02247
  -0.04219
   0.00666
   0.04469
   0.01008
  -0.04091
  -0.02542
   0.03138
   0.03718
  -0.01745
  -0.04372
   0.00107
   0.04412
   0.01547
  -0.03832
  -0.02983
   0.02714
   0.04000
  -0.01215
  -0.04455
  -0.00454
   0.04285
   0.02060
  -0.03513
  -0.03377
   0.02247
   0.04219
  -0.00666
  -0.04469
  -0.01008
   0.04091
   0.02542
  -0.03138
  -0.03718
   0.01745
   0.04372
  -0.00107
  -0.04412
  -0.01547
   0.03832
   0.02983
  -0.02714
  -0.04000
   0.01215
   0.04455
   0.00454
  -0.04285
  -0.02060
   0.03513
   0.03377
  -0.02247
  -0.04219
   0.00666
   0.04469
   0.01008
  -0.04091
  -0.02542
   0.03138
   0.03718
  -0.01745
  -0.04372
   0.00107
   0.04412
   0.01547
  -0.03832
  -0.02983
   0.02714
   0.04000
  -0.01215
  -0.04455
  -0.00454
   0.04285
   0.02060
  -0.03513
  -0.03377
   0.02247
   0.04219
  -0.00666
  -0.04469
  -0.01008
   0.04091
   0.02542
  -0.03138
  -0.03718
   0.01745
   0.04372
  -0.00107
  -0.04412
  -0.01547
   0.03832
   0.02983
  -0.02714
  -0.04000
   0.01215
   0.04455
   0.00454
  -0.04285
  -0.02060
   0.03513
   0.03377
  -0.02247
  -0.04219
   0.00666
   0.04469
   0.01008
  -0.04091
  -0.02542
   0.03138
   0.03718
  -0.01745
  -0.04372
   0.00107
   0.04412
   0.01547
  -0.03832
  -0.02983
   0.02714
   0.04000
  -0.01215
  -0.04455
  -0.00454
   0.04285
   0.02060
  -0.03513
  -0.03377
   0.02247
   0.04219
  -0.00666
  -0.04469
  -0.01008
   0.04091
   0.02542
  -0.03138
  -0.03718
   0.01745
   0.04372
  -0.00107
  -0.04412
  -0.01547
   0.03832
   0.02983
  -0.02714
  -0.04000
   0.01215
   0.04455
   0.00454
  -0.04285
  -0.02060
   0.03513
   0.03377
  -0.02247
  -0.04219
   0.00666
   0.04469
   0.01008
  -0.04091
  -0.02542
   0.03138
   0.03718
  -0.01745
  -0.04372
   0.00107
   0.04412
   0.01547
  -0.03832
  -0.02983
   0.02714
   0.04000
  -0.01215
  -0.04455
  -0.00454
   0.04285
   0.02060
  -0.03513
  -0.03377
   0.02247
   0.04219
  -0.00666
  -0.04469
  -0.01008
   0.04091
   0.02542
  -0.03138
  -0.03718
   0.01745
   0.04372
  -0.00107
  -0.04412
  -0.01547
   0.03832
   0.02983
  -0.02714
  -0.04000
   0.01215
   0.04455
   0.00454
  -0.04285
  -0.02060
   0.03513
   0.03377
  -0.02247
  -0.04219
   0.00666
   0.04469
   0.01008
  -0.04091
  -0.02542
   0.03138
   0.03718
  -0.01745
  -0.04372
   0.00107
   0.04412
   0.01547
  -0.03832
  -0.02983
   0.02714
   0.04000
  -0.01215
  -0.04455
  -0.00454
   0.04285
   0.02060
  -0.03513
  -0.03377
   0.02247
   0.04219
  -0.00666
  -0.04469
  -0.01008
   0.04091
   0.02542
  -0.03138
  -0.03718
   0.01745
   0.04372
  -0.00107
  -0.04412
  -0.01547
   0.03832
   0.02983
  -0.02714
  -0.04000
   0.01215
   0.04455
   0.00454
  -0.04285
  -0.02060
   0.03513
   0.03377
  -0.02247
  -0.04219
   0.00666
   0.04469
   0.01008
  -0.04091
  -0.02542
   0.03138
   0.03718
  -0.01745
  -0.04372
   0.00107
   0.04412
   0.01547
  -0.03832
  -0.02983
   0.02714
   0.04000
  -0.01215
  -0.04455
  -0.00454
   0.04285
   0.02060
  -0.03513
  -0.03377
   0.02247
   0.04219
  -0.00666
  -0.04469
  -0.01008
   0.04091
   0.02542
  -0.03138
  -0.03718
   0.01745
   0.04372
  -0.00107
  -0.04412
  -0.01547
   0.03832
   0.02983
  -0.02714
  -0.04000
   0.01215
   0.04455
   0.00454
  -0.04285
  -0.02060
   0.03513
   0.03377
  -0.02247
  -0.04219
   0.00666
   0.04469
   0.01008
  -0.04091
  -0.02542
   0.03138
   0.03718
  -0.01745
  -0.04372
   0.00107
   0.04412
   0.01547
  -0.03832
  -0.02983
   0.02714
   0.04000
  -0.01215
  -0.04455
  -0.00454
   0.04285
   0.02060
  -0.03513
  -0.03377
   0.02247
   0.04219
  -0.00666
  -0.04469
  -0.01008
   0.04091
   0.02542
  -0.03138
  -0.03718
   0.01745
   0.04372
  -0.00107
  -0.04412
  -0.01547
   0.03832
   0.02983
  -0.02714
  -0.04000
   0.01215
   0.04455
   0.00454
  -0.04285
  -0.02060
   0.03513
   0.03377
  -0.02247
  -0.04219
   0.00666
   0.04469
   0.01008
  -0.04091
  -0.02542
   0.03138
   0.03718
  -0.01745
  -0.04372
   0.00107
   0.04412
   0.01547
  -0.03832
  -0.02983
   0.02714
   0.04000
  -0.01215
  -0.04455
  -0.00454
   0.04285
   0.02060
  -0.03513
  -0.03377
   0.02247
   0.04219
  -0.00666
  -0.04469
  -0.01008
   0.04091
   0.02542
  -0.03138
  -0.03718
   0.01745
   0.04372
  -0.00107
  -0.04412
  -0.01547
   0.03832
   0.02983
  -0.02714
  -0.04000
   0.01215
   0.04455
   0.00454
  -0.04285
  -0.02060
   0.03513
   0.03377
  -0.02247
  -0.04219
   0.00666
   0.04469
   0.01008
  -0.04091
  -0.02542
   0.03138
   0.03718
  -0.01745
  -0.04372
   0.00107
   0.04412
   0.01547
  -0.03832
  -0.02983
   0.02714
   0.04000
  -0.01215
  -0.04455
  -0.00454
   0.04285
   0.02060
  -0.03513
  -0.03377
   0.02247
   0.04219
  -0.00666
  -0.04469
  -0.01008
   0.04091
   0.02542
  -0.03138
  -0.03718
   0.01745
   0.04372
  -0.00107
  -0.04412
  -0.01547
   0.03832
   0.02983
  -0.02714
  -0.04000
   0.01215
   0.04455
   0.00454
  -0.04285
  -0.02060
   0.03513
   0.03377
  -0.02247
  -0.04219
   0.00666
   0.04469
   0.01008
  -0.04091
  -0.02542
   0.03138
   0.03718
  -0.01745
  -0.04372
   0.00107
   0.04412
   0.01547
  -0.03832
  -0.02983
   0.02714
   0.04000
  -0.01215
  -0.04455
  -0.00454
   0.04285
   0.02060
  -0.03513
  -0.03377
   0.02247
   0.04219
  -0.00666
  -0.04469
  -0.01008
   0.04091
   0.02542
  -0.03138
  -0.03718
   0.01745
   0.04372
  -0.00107
  -0.04412
  -0.01547
   0.03832
   0.02983
  -0.02714
  -0.04000
   0.01215
   0.04455
   0.00454
  -0.04285
  -0.02060
   0.03513
   0.03377
  -0.02247
  -0.04219
   0.00666
   0.04469
   0.01008
  -0.04091
  -0.02542
   0.03138
   0.03718
  -0.01745
  -0.04372
   0.00107
   0.04412
   0.01547
  -0.03832
  -0.02983
   0.02714
   0.04000
  -0.01215
  -0.04455
  -0.00454
   0.04285
   0.02060
  -0.03513
  -0.03377
   0.02247
   0.04219
  -0.00666
  -0.04469
  -0.01008
   0.04091
   0.02542
  -0.03138
  -0.03718
   0.01745
   0.04372
  -0.00107
  -0.04412
  -0.01547
   0.03832
   0.02983
  -0.02714
  -0.04000
   0.01215
   0.04455
   0.00454
  -0.04285
  -0.02060
   0.03513
   0.03377
  -0.02247
  -0.04219
   0.00666
   0.04469
   0.01008
  -0.04091
  -0.02542
   0.03138
   0.03718
  -0.01745
  -0.04372
   0.00107
   0.04412
   0.01547
  -0.03832
  -0.02983
   0.02714
   0.04000
  -0.01215
  -0.04455
  -0.00454
   0.04285
   0.02060
  -0.03513
  -0.03377
   0.02247
   0.04219
  -0.00666
  -0.04469
  -0.01008
   0.04091
   0.02542
  -0.03138
  -0.03718
   0.01745
   0.04372
  -0.00107
  -0.04412
  -0.01547
   0.03832
   0.02983
  -0.02714
  -0.04000
   0.01215
   0.04455
   0.00454
  -0.04285
  -0.02060
   0.03513
   0.03377
  -0.02247
  -0.04219
   0.00666
   0.04469
   0.01008
  -0.04091
  -0.02542
   0.03138
   0.03718
  -0.01745
  -0.04372
   0.00107
   0.04412
   0.01547
  -0.03832
  -0.02983
   0.02714
   0.04000
  -0.01215
  -0.04455
  -0.00454
   0.04285
   0.02060
  -0.03513
  -0.03377
   0.02247
   0.04219
  -0.00666
  -0.04469
  -0.01008
   0.04091
   0.02542
  -0.03138
  -0.03718
   0.01745
   0.04372
  -0.00107
  -0.04412
  -0.01547
   0.03832
   0.02983
  -0.02714
  -0.04000
   0.01215
   0.04455
   0.00454
  -0.04285
  -0.02060
   0.03513
   0.03377
  -0.02247
  -0.04219
   0.00666
   0.04469
