   0.00887
   0.01744
   0.02532
   0.03217
   0.03773
   0.04176
   0.04412
   0.04469
   0.04347
   0.04049
   0.03589
   0.02983
   0.02258
   0.01441
   0.00567
  -0.00331
  -0.01215
  -0.02050
  -0.02802
  -0.03442
  -0.03943
  -0.04285
  -0.04454
  -0.04444
  -0.04255
  -0.03895
  -0.03377
  -0.02724
  -0.01961
  -0.01118
  -0.00231
   0.00666
   0.01535
   0.02343
   0.03057
   0.03647
   0.04091
   0.04369
   0.04472
   0.04394
   0.04139
   0.03718
   0.03147
   0.02449
   0.01652
   0.00789
  -0.00106
  -0.00997
  -0.01847
  -0.02624
  -0.03294
  -0.03832
  -0.04215
  -0.04429
  -0.04464
  -0.04319
  -0.04000
  -0.03520
  -0.02899
  -0.02160
  -0.01334
  -0.00455
   0.00443
   0.01322
   0.02149
   0.02889
   0.03512
   0.03995
   0.04316
   0.04463
   0.04430
   0.04219
   0.03838
   0.03303
   0.02634
   0.01859
   0.01009
   0.00119
  -0.00776
  -0.01640
  -0.02438
  -0.03138
  -0.03711
  -0.04135
  -0.04392
  -0.04472
  -0.04372
  -0.04096
  -0.03654
  -0.03066
  -0.02354
  -0.01547
  -0.00678
   0.00218
   0.01106
   0.01949
   0.02714
   0.03369
   0.03888
   0.04251
   0.04443
   0.04455
   0.04288
   0.03949
   0.03450
   0.02812
   0.02061
   0.01227
   0.00343
  -0.00554
  -0.01429
  -0.02247
  -0.02974
  -0.03581
  -0.04044
  -0.04344
  -0.04469
  -0.04414
  -0.04181
  -0.03779
  -0.03226
  -0.02542
  -0.01756
  -0.00899
  -0.00006
   0.00887
   0.01744
   0.02532
   0.03217
   0.03773
   0.04176
   0.04412
   0.04469
   0.04347
   0.04049
   0.03589
   0.02983
   0.02258
   0.01441
   0.00567
  -0.00331
  -0.01215
  -0.02050
  -0.02802
  -0.03442
  -0.03943
  -0.04285
  -0.04454
  -0.04444
  -0.04255
  -0.03895
  -0.03377
  -0.02724
  -0.01961
  -0.01118
  -0.00231
   0.00666
   0.01535
   0.02343
   0.03057
   0.03647
   0.04091
   0.04369
   0.04472
   0.04394
   0.04139
   0.03718
   0.03147
   0.02449
   0.01652
   0.00789
  -0.00106
  -0.00997
  -0.01847
  -0.02624
  -0.03294
  -0.03832
  -0.04215
  -0.04429
  -0.04464
  -0.04319
  -0.04000
  -0.03520
  -0.02899
  -0.02160
  -0.01334
  -0.00455
   0.00443
   0.01322
   0.02149
   0.02889
   0.03512
   0.03995
   0.04316
   0.04463
   0.04430
   0.04219
   0.03838
   0.03303
   0.02634
   0.01859
   0.01009
   0.00119
  -0.00776
  -0.01640
  -0.02438
  -0.03138
  -0.03711
  -0.04135
  -0.04392
  -0.04472
  -0.04372
  -0.04096
  -0.03654
  -0.03066
  -0.02354
  -0.01547
  -0.00678
   0.00218
   0.01106
   0.01949
   0.02714
   0.03369
   0.03888
   0.04251
   0.04443
   0.04455
   0.04288
   0.03949
   0.03450
   0.02812
   0.02061
   0.01227
   0.00343
  -0.00554
  -0.01429
  -0.02247
  -0.02974
  -0.03581
  -0.04044
  -0.04344
  -0.04469
  -0.04414
  -0.04181
  -0.03779
  -0.03226
  -0.02542
  -0.01756
  -0.00899
  -0.00006
   0.00887
   0.01744
   0.02532
   0.03217
   0.03773
   0.04176
   0.04412
   0.04469
   0.04347
   0.04049
   0.03589
   0.02983
   0.02258
   0.01441
   0.00567
  -0.00331
  -0.01215
  -0.02050
  -0.02802
  -0.03442
  -0.03943
  -0.04285
  -0.04454
  -0.04444
  -0.04255
  -0.03895
  -0.03377
  -0.02724
  -0.01961
  -0.01118
  -0.00231
   0.00666
   0.01535
   0.02343
   0.03057
   0.03647
   0.04091
   0.04369
   0.04472
   0.04394
   0.04139
   0.03718
   0.03147
   0.02449
   0.01652
   0.00789
  -0.00106
  -0.00997
  -0.01847
  -0.02624
  -0.03294
  -0.03832
  -0.04215
  -0.04429
  -0.04464
  -0.04319
  -0.04000
  -0.03520
  -0.02899
  -0.02160
  -0.01334
  -0.00455
   0.00443
   0.01322
   0.02149
   0.02889
   0.03512
   0.03995
   0.04316
   0.04463
   0.04430
   0.04219
   0.03838
   0.03303
   0.02634
   0.01859
   0.01009
   0.00119
  -0.00776
  -0.01640
  -0.02438
  -0.03138
  -0.03711
  -0.04135
  -0.04392
  -0.04472
  -0.04372
  -0.04096
  -0.03654
  -0.03066
  -0.02354
  -0.01547
  -0.00678
   0.00218
   0.01106
   0.01949
   0.02714
   0.03369
   0.03888
   0.04251
   0.04443
   0.04455
   0.04288
   0.03949
   0.03450
   0.02812
   0.02061
   0.01227
   0.00343
  -0.00554
  -0.01429
  -0.02247
  -0.02974
  -0.03581
  -0.04044
  -0.04344
  -0.04469
  -0.04414
  -0.04181
  -0.03779
  -0.03226
  -0.02542
  -0.01756
  -0.00899
  -0.00006
   0.00887
   0.01744
   0.02532
   0.03217
   0.03773
   0.04176
   0.04412
   0.04469
   0.04347
   0.04049
   0.03589
   0.02983
   0.02258
   0.01441
   0.00567
  -0.00331
  -0.01215
  -0.02050
  -0.02802
  -0.03442
  -0.03943
  -0.04285
  -0.04454
  -0.04444
  -0.04255
  -0.03895
  -0.03377
  -0.02724
  -0.01961
  -0.01118
  -0.00231
   0.00666
   0.01535
   0.02343
   0.03057
   0.03647
   0.04091
   0.04369
   0.04472
   0.04394
   0.04139
   0.03718
   0.03147
   0.02449
   0.01652
   0.00789
  -0.00106
  -0.00997
  -0.01847
  -0.02624
  -0.03294
  -0.03832
  -0.04215
  -0.04429
  -0.04464
  -0.04319
  -0.04000
  -0.03520
  -0.02899
  -0.02160
  -0.01334
  -0.00455
   0.00443
   0.01322
   0.02149
   0.02889
   0.03512
   0.03995
   0.04316
   0.04463
   0.04430
   0.04219
   0.03838
   0.03303
   0.02634
   0.01859
   0.01009
   0.00119
  -0.00776
  -0.01640
  -0.02438
  -0.03138
  -0.03711
  -0.04135
  -0.04392
  -0.04472
  -0.04372
  -0.04096
  -0.03654
  -0.03066
  -0.02354
  -0.01547
  -0.00678
   0.00218
   0.01106
   0.01949
   0.02714
   0.03369
   0.03888
   0.04251
   0.04443
   0.04455
   0.04288
   0.03949
   0.03450
   0.02812
   0.02061
   0.01227
   0.00343
  -0.00554
  -0.01429
  -0.02247
  -0.02974
  -0.03581
  -0.04044
  -0.04344
  -0.04469
  -0.04414
  -0.04181
  -0.03779
  -0.03226
  -0.02542
  -0.01756
  -0.00899
  -0.00006
   0.00887
   0.01744
   0.02532
   0.03217
   0.03773
   0.04176
   0.04412
   0.04469
   0.04347
   0.04049
   0.03589
   0.02983
   0.02258
   0.01441
   0.00567
  -0.00331
  -0.01215
  -0.02050
  -0.02802
  -0.03442
  -0.03943
  -0.04285
  -0.04454
  -0.04444
  -0.04255
  -0.03895
  -0.03377
  -0.02724
  -0.01961
  -0.01118
  -0.00231
   0.00666
   0.01535
   0.02343
   0.03057
   0.03647
   0.04091
   0.04369
   0.04472
   0.04394
   0.04139
   0.03718
   0.03147
   0.02449
   0.01652
   0.00789
  -0.00106
  -0.00997
  -0.01847
  -0.02624
  -0.03294
  -0.03832
  -0.04215
  -0.04429
  -0.04464
  -0.04319
  -0.04000
  -0.03520
  -0.02899
  -0.02160
  -0.01334
  -0.00455
   0.00443
   0.01322
   0.02149
   0.02889
   0.03512
   0.03995
   0.04316
   0.04463
   0.04430
   0.04219
   0.03838
   0.03303
   0.02634
   0.01859
   0.01009
   0.00119
  -0.00776
  -0.01640
  -0.02438
  -0.03138
  -0.03711
  -0.04135
  -0.04392
  -0.04472
  -0.04372
  -0.04096
  -0.03654
  -0.03066
  -0.02354
  -0.01547
  -0.00678
   0.00218
   0.01106
   0.01949
   0.02714
   0.03369
   0.03888
   0.04251
   0.04443
   0.04455
   0.04288
   0.03949
   0.03450
   0.02812
   0.02061
   0.01227
   0.00343
  -0.00554
  -0.01429
  -0.02247
  -0.02974
  -0.03581
  -0.04044
  -0.04344
  -0.04469
  -0.04414
  -0.04181
  -0.03779
  -0.03226
  -0.02542
  -0.01756
  -0.00899
  -0.00006
   0.00887
   0.01744
   0.02532
   0.03217
   0.03773
   0.04176
   0.04412
   0.04469
   0.04347
   0.04049
   0.03589
   0.02983
   0.02258
   0.01441
   0.00567
  -0.00331
  -0.01215
  -0.02050
  -0.02802
  -0.03442
  -0.03943
  -0.04285
  -0.04454
  -0.04444
  -0.04255
  -0.03895
  -0.03377
  -0.02724
  -0.01961
  -0.01118
  -0.00231
   0.00666
   0.01535
   0.02343
   0.03057
   0.03647
   0.04091
   0.04369
   0.04472
   0.04394
   0.04139
   0.03718
   0.03147
   0.02449
   0.01652
   0.00789
  -0.00106
  -0.00997
  -0.01847
  -0.02624
  -0.03294
  -0.03832
  -0.04215
  -0.04429
  -0.04464
  -0.04319
  -0.04000
  -0.03520
  -0.02899
  -0.02160
  -0.01334
  -0.00455
   0.00443
   0.01322
   0.02149
   0.02889
   0.03512
   0.03995
   0.04316
   0.04463
   0.04430
   0.04219
   0.03838
   0.03303
   0.02634
   0.01859
   0.01009
   0.00119
  -0.00776
  -0.01640
  -0.02438
  -0.03138
  -0.03711
  -0.04135
  -0.04392
  -0.04472
  -0.04372
  -0.04096
  -0.03654
  -0.03066
  -0.02354
  -0.01547
  -0.00678
   0.00218
   0.01106
   0.01949
   0.02714
   0.03369
   0.03888
   0.04251
   0.04443
   0.04455
   0.04288
   0.03949
   0.03450
   0.02812
   0.02061
   0.01227
   0.00343
  -0.00554
  -0.01429
  -0.02247
  -0.02974
  -0.03581
  -0.04044
  -0.04344
  -0.04469
  -0.04414
  -0.04181
  -0.03779
  -0.03226
  -0.02542
  -0.01756
  -0.00899
  -0.00006
   0.00887
   0.01744
   0.02532
   0.03217
   0.03773
   0.04176
   0.04412
   0.04469
   0.04347
   0.04049
   0.03589
   0.02983
   0.02258
   0.01441
   0.00567
  -0.00331
  -0.01215
  -0.02050
  -0.02802
  -0.03442
  -0.03943
  -0.04285
  -0.04454
  -0.04444
  -0.04255
  -0.03895
  -0.03377
  -0.02724
  -0.01961
  -0.01118
  -0.00231
   0.00666
   0.01535
   0.02343
   0.03057
   0.03647
   0.04091
   0.04369
   0.04472
   0.04394
   0.04139
   0.03718
   0.03147
   0.02449
   0.01652
   0.00789
  -0.00106
  -0.00997
  -0.01847
  -0.02624
  -0.03294
  -0.03832
  -0.04215
  -0.04429
  -0.04464
  -0.04319
  -0.04000
  -0.03520
  -0.02899
  -0.02160
  -0.01334
  -0.00455
   0.00443
   0.01322
   0.02149
   0.02889
   0.03512
   0.03995
   0.04316
   0.04463
   0.04430
   0.04219
   0.03838
   0.03303
   0.02634
   0.01859
   0.01009
   0.00119
  -0.00776
  -0.01640
  -0.02438
  -0.03138
  -0.03711
  -0.04135
  -0.04392
  -0.04472
  -0.04372
  -0.04096
  -0.03654
  -0.03066
  -0.02354
  -0.01547
  -0.00678
   0.00218
   0.01106
   0.01949
   0.02714
   0.03369
   0.03888
   0.04251
   0.04443
   0.04455
   0.04288
   0.03949
   0.03450
   0.02812
   0.02061
   0.01227
   0.00343
  -0.00554
  -0.01429
  -0.02247
  -0.02974
  -0.03581
  -0.04044
  -0.04344
  -0.04469
  -0.04414
  -0.04181
  -0.03779
  -0.03226
  -0.02542
  -0.01756
  -0.00899
  -0.00006
   0.00887
   0.01744
   0.02532
   0.03217
   0.03773
   0.04176
   0.04412
   0.04469
   0.04347
   0.04049
   0.03589
   0.02983
   0.02258
   0.01441
   0.00567
  -0.00331
  -0.01215
  -0.02050
  -0.02802
  -0.03442
  -0.03943
  -0.04285
  -0.04454
  -0.04444
  -0.04255
  -0.03895
  -0.03377
  -0.02724
  -0.01961
  -0.01118
  -0.00231
   0.00666
   0.01535
   0.02343
   0.03057
   0.03647
   0.04091
   0.04369
   0.04472
   0.04394
   0.04139
   0.03718
   0.03147
   0.02449
   0.01652
   0.00789
  -0.00106
  -0.00997
  -0.01847
  -0.02624
  -0.03294
  -0.03832
  -0.04215
  -0.04429
  -0.04464
  -0.04319
  -0.04000
  -0.03520
  -0.02899
  -0.02160
  -0.01334
  -0.00455
   0.00443
   0.01322
   0.02149
   0.02889
   0.03512
   0.03995
   0.04316
   0.04463
   0.04430
   0.04219
   0.03838
   0.03303
   0.02634
   0.01859
   0.01009
   0.00119
  -0.00776
  -0.01640
  -0.02438
  -0.03138
  -0.03711
  -0.04135
  -0.04392
  -0.04472
  -0.04372
  -0.04096
  -0.03654
  -0.03066
  -0.02354
  -0.01547
  -0.00678
   0.00218
   0.01106
   0.01949
   0.02714
   0.03369
   0.03888
   0.04251
   0.04443
   0.04455
   0.04288
   0.03949
   0.03450
   0.02812
   0.02061
   0.01227
   0.00343
  -0.00554
  -0.01429
  -0.02247
  -0.02974
  -0.03581
  -0.04044
  -0.04344
  -0.04469
  -0.04414
  -0.04181
  -0.03779
  -0.03226
  -0.02542
  -0.01756
  -0.00899
  -0.00006
