  -0.02267
  -0.03914
  -0.04470
  -0.03782
  -0.02040
   0.00270
   0.02505
   0.04042
   0.04453
   0.03624
   0.01786
  -0.00550
  -0.02732
  -0.04154
  -0.04419
  -0.03453
  -0.01525
   0.00827
   0.02949
   0.04250
   0.04367
   0.03268
   0.01258
  -0.01102
  -0.03155
  -0.04329
  -0.04298
  -0.03069
  -0.00986
   0.01372
   0.03347
   0.04391
   0.04211
   0.02859
   0.00710
  -0.01636
  -0.03527
  -0.04435
  -0.04109
  -0.02638
  -0.00432
   0.01894
   0.03693
   0.04463
   0.03990
   0.02406
   0.00151
  -0.02145
  -0.03844
  -0.04472
  -0.03855
  -0.02164
   0.00129
   0.02387
   0.03980
   0.04464
   0.03705
   0.01914
  -0.00410
  -0.02620
  -0.04100
  -0.04438
  -0.03540
  -0.01657
   0.00689
   0.02842
   0.04204
   0.04395
   0.03362
   0.01392
  -0.00965
  -0.03053
  -0.04291
  -0.04334
  -0.03170
  -0.01123
   0.01237
   0.03253
   0.04362
   0.04257
   0.02966
   0.00849
  -0.01505
  -0.03439
  -0.04415
  -0.04162
  -0.02750
  -0.00571
   0.01766
   0.03612
   0.04451
   0.04051
   0.02523
   0.00292
  -0.02021
  -0.03770
  -0.04470
  -0.03924
  -0.02286
  -0.00011
   0.02267
   0.03914
   0.04470
   0.03782
   0.02040
  -0.00270
  -0.02505
  -0.04042
  -0.04453
  -0.03624
  -0.01786
   0.00550
   0.02732
   0.04154
   0.04419
   0.03453
   0.01525
  -0.00827
  -0.02949
  -0.04250
  -0.04367
  -0.03268
  -0.01258
   0.01102
   0.03155
   0.04329
   0.04298
   0.03069
   0.00986
  -0.01372
  -0.03347
  -0.04391
  -0.04211
  -0.02859
  -0.00710
   0.01636
   0.03527
   0.04435
   0.04109
   0.02638
   0.00432
  -0.01894
  -0.03693
  -0.04463
  -0.03990
  -0.02406
  -0.00151
   0.02145
   0.03844
   0.04472
   0.03855
   0.02164
  -0.00129
  -0.02387
  -0.03980
  -0.04464
  -0.03705
  -0.01914
   0.00410
   0.02620
   0.04100
   0.04438
   0.03540
   0.01657
  -0.00689
  -0.02842
  -0.04204
  -0.04395
  -0.03362
  -0.01392
   0.00965
   0.03053
   0.04291
   0.04334
   0.03170
   0.01123
  -0.01237
  -0.03253
  -0.04362
  -0.04257
  -0.02966
  -0.00849
   0.01505
   0.03439
   0.04415
   0.04162
   0.02750
   0.00571
  -0.01766
  -0.03612
  -0.04451
  -0.04051
  -0.02523
  -0.00292
   0.02021
   0.03770
   0.04470
   0.03924
   0.02286
   0.00011
  -0.02267
  -0.03914
  -0.04470
  -0.03782
  -0.02040
   0.00270
   0.02505
   0.04042
   0.04453
   0.03624
   0.01786
  -0.00550
  -0.02732
  -0.04154
  -0.04419
  -0.03453
  -0.01525
   0.00827
   0.02949
   0.04250
   0.04367
   0.03268
   0.01258
  -0.01102
  -0.03155
  -0.04329
  -0.04298
  -0.03069
  -0.00986
   0.01372
   0.03347
   0.04391
   0.04211
   0.02859
   0.00710
  -0.01636
  -0.03527
  -0.04435
  -0.04109
  -0.02638
  -0.00432
   0.01894
   0.03693
   0.04463
   0.03990
   0.02406
   0.00151
  -0.02145
  -0.03844
  -0.04472
  -0.03855
  -0.02164
   0.00129
   0.02387
   0.03980
   0.04464
   0.03705
   0.01914
  -0.00410
  -0.02620
  -0.04100
  -0.04438
  -0.03540
  -0.01657
   0.00689
   0.02842
   0.04204
   0.04395
   0.03362
   0.01392
  -0.00965
  -0.03053
  -0.04291
  -0.04334
  -0.03170
  -0.01123
   0.01237
   0.03253
   0.04362
   0.04257
   0.02966
   0.00849
  -0.01505
  -0.03439
  -0.04415
  -0.04162
  -0.02750
  -0.00571
   0.01766
   0.03612
   0.04451
   0.04051
   0.02523
   0.00292
  -0.02021
  -0.03770
  -0.04470
  -0.03924
  -0.02286
  -0.00011
   0.02267
   0.03914
   0.04470
   0.03782
   0.02040
  -0.00270
  -0.02505
  -0.04042
  -0.04453
  -0.03624
  -0.01786
   0.00550
   0.02732
   0.04154
   0.04419
   0.03453
   0.01525
  -0.00827
  -0.02949
  -0.04250
  -0.04367
  -0.03268
  -0.01258
   0.01102
   0.03155
   0.04329
   0.04298
   0.03069
   0.00986
  -0.01372
  -0.03347
  -0.04391
  -0.04211
  -0.02859
  -0.00710
   0.01636
   0.03527
   0.04435
   0.04109
   0.02638
   0.00432
  -0.01894
  -0.03693
  -0.04463
  -0.03990
  -0.02406
  -0.00151
   0.02145
   0.03844
   0.04472
   0.03855
   0.02164
  -0.00129
  -0.02387
  -0.03980
  -0.04464
  -0.03705
  -0.01914
   0.00410
   0.02620
   0.04100
   0.04438
   0.03540
   0.01657
  -0.00689
  -0.02842
  -0.04204
  -0.04395
  -0.03362
  -0.01392
   0.00965
   0.03053
   0.04291
   0.04334
   0.03170
   0.01123
  -0.01237
  -0.03253
  -0.04362
  -0.04257
  -0.02966
  -0.00849
   0.01505
   0.03439
   0.04415
   0.04162
   0.02750
   0.00571
  -0.01766
  -0.03612
  -0.04451
  -0.04051
  -0.02523
  -0.00292
   0.02021
   0.03770
   0.04470
   0.03924
   0.02286
   0.00011
  -0.02267
  -0.03914
  -0.04470
  -0.03782
  -0.02040
   0.00270
   0.02505
   0.04042
   0.04453
   0.03624
   0.01786
  -0.00550
  -0.02732
  -0.04154
  -0.04419
  -0.03453
  -0.01525
   0.00827
   0.02949
   0.04250
   0.04367
   0.03268
   0.01258
  -0.01102
  -0.03155
  -0.04329
  -0.04298
  -0.03069
  -0.00986
   0.01372
   0.03347
   0.04391
   0.04211
   0.02859
   0.00710
  -0.01636
  -0.03527
  -0.04435
  -0.04109
  -0.02638
  -0.00432
   0.01894
   0.03693
   0.04463
   0.03990
   0.02406
   0.00151
  -0.02145
  -0.03844
  -0.04472
  -0.03855
  -0.02164
   0.00129
   0.02387
   0.03980
   0.04464
   0.03705
   0.01914
  -0.00410
  -0.02620
  -0.04100
  -0.04438
  -0.03540
  -0.01657
   0.00689
   0.02842
   0.04204
   0.04395
   0.03362
   0.01392
  -0.00965
  -0.03053
  -0.04291
  -0.04334
  -0.03170
  -0.01123
   0.01237
   0.03253
   0.04362
   0.04257
   0.02966
   0.00849
  -0.01505
  -0.03439
  -0.04415
  -0.04162
  -0.02750
  -0.00571
   0.01766
   0.03612
   0.04451
   0.04051
   0.02523
   0.00292
  -0.02021
  -0.03770
  -0.04470
  -0.03924
  -0.02286
  -0.00011
   0.02267
   0.03914
   0.04470
   0.03782
   0.02040
  -0.00270
  -0.02505
  -0.04042
  -0.04453
  -0.03624
  -0.01786
   0.00550
   0.02732
   0.04154
   0.04419
   0.03453
   0.01525
  -0.00827
  -0.02949
  -0.04250
  -0.04367
  -0.03268
  -0.01258
   0.01102
   0.03155
   0.04329
   0.04298
   0.03069
   0.00986
  -0.01372
  -0.03347
  -0.04391
  -0.04211
  -0.02859
  -0.00710
   0.01636
   0.03527
   0.04435
   0.04109
   0.02638
   0.00432
  -0.01894
  -0.03693
  -0.04463
  -0.03990
  -0.02406
  -0.00151
   0.02145
   0.03844
   0.04472
   0.03855
   0.02164
  -0.00129
  -0.02387
  -0.03980
  -0.04464
  -0.03705
  -0.01914
   0.00410
   0.02620
   0.04100
   0.04438
   0.03540
   0.01657
  -0.00689
  -0.02842
  -0.04204
  -0.04395
  -0.03362
  -0.01392
   0.00965
   0.03053
   0.04291
   0.04334
   0.03170
   0.01123
  -0.01237
  -0.03253
  -0.04362
  -0.04257
  -0.02966
  -0.00849
   0.01505
   0.03439
   0.04415
   0.04162
   0.02750
   0.00571
  -0.01766
  -0.03612
  -0.04451
  -0.04051
  -0.02523
  -0.00292
   0.02021
   0.03770
   0.04470
   0.03924
   0.02286
   0.00011
  -0.02267
  -0.03914
  -0.04470
  -0.03782
  -0.02040
   0.00270
   0.02505
   0.04042
   0.04453
   0.03624
   0.01786
  -0.00550
  -0.02732
  -0.04154
  -0.04419
  -0.03453
  -0.01525
   0.00827
   0.02949
   0.04250
   0.04367
   0.03268
   0.01258
  -0.01102
  -0.03155
  -0.04329
  -0.04298
  -0.03069
  -0.00986
   0.01372
   0.03347
   0.04391
   0.04211
   0.02859
   0.00710
  -0.01636
  -0.03527
  -0.04435
  -0.04109
  -0.02638
  -0.00432
   0.01894
   0.03693
   0.04463
   0.03990
   0.02406
   0.00151
  -0.02145
  -0.03844
  -0.04472
  -0.03855
  -0.02164
   0.00129
   0.02387
   0.03980
   0.04464
   0.03705
   0.01914
  -0.00410
  -0.02620
  -0.04100
  -0.04438
  -0.03540
  -0.01657
   0.00689
   0.02842
   0.04204
   0.04395
   0.03362
   0.01392
  -0.00965
  -0.03053
  -0.04291
  -0.04334
  -0.03170
  -0.01123
   0.01237
   0.03253
   0.04362
   0.04257
   0.02966
   0.00849
  -0.01505
  -0.03439
  -0.04415
  -0.04162
  -0.02750
  -0.00571
   0.01766
   0.03612
   0.04451
   0.04051
   0.02523
   0.00292
  -0.02021
  -0.03770
  -0.04470
  -0.03924
  -0.02286
  -0.00011
   0.02267
   0.03914
   0.04470
   0.03782
   0.02040
  -0.00270
  -0.02505
  -0.04042
  -0.04453
  -0.03624
  -0.01786
   0.00550
   0.02732
   0.04154
   0.04419
   0.03453
   0.01525
  -0.00827
  -0.02949
  -0.04250
  -0.04367
  -0.03268
  -0.01258
   0.01102
   0.03155
   0.04329
   0.04298
   0.03069
   0.00986
  -0.01372
  -0.03347
  -0.04391
  -0.04211
  -0.02859
  -0.00710
   0.01636
   0.03527
   0.04435
   0.04109
   0.02638
   0.00432
  -0.01894
  -0.03693
  -0.04463
  -0.03990
  -0.02406
  -0.00151
   0.02145
   0.03844
   0.04472
   0.03855
   0.02164
  -0.00129
  -0.02387
  -0.03980
  -0.04464
  -0.03705
  -0.01914
   0.00410
   0.02620
   0.04100
   0.04438
   0.03540
   0.01657
  -0.00689
  -0.02842
  -0.04204
  -0.04395
  -0.03362
  -0.01392
   0.00965
   0.03053
   0.04291
   0.04334
   0.03170
   0.01123
  -0.01237
  -0.03253
  -0.04362
  -0.04257
  -0.02966
  -0.00849
   0.01505
   0.03439
   0.04415
   0.04162
   0.02750
   0.00571
  -0.01766
  -0.03612
  -0.04451
  -0.04051
  -0.02523
  -0.00292
   0.02021
   0.03770
   0.04470
   0.03924
   0.02286
   0.00011
  -0.02267
  -0.03914
  -0.04470
  -0.03782
  -0.02040
   0.00270
   0.02505
   0.04042
   0.04453
   0.03624
   0.01786
  -0.00550
  -0.02732
  -0.04154
  -0.04419
  -0.03453
  -0.01525
   0.00827
   0.02949
   0.04250
   0.04367
   0.03268
   0.01258
  -0.01102
  -0.03155
  -0.04329
  -0.04298
  -0.03069
  -0.00986
   0.01372
   0.03347
   0.04391
   0.04211
   0.02859
   0.00710
  -0.01636
  -0.03527
  -0.04435
  -0.04109
  -0.02638
  -0.00432
   0.01894
   0.03693
   0.04463
   0.03990
   0.02406
   0.00151
  -0.02145
  -0.03844
  -0.04472
  -0.03855
  -0.02164
   0.00129
   0.02387
   0.03980
   0.04464
   0.03705
   0.01914
  -0.00410
  -0.02620
  -0.04100
  -0.04438
  -0.03540
  -0.01657
   0.00689
   0.02842
   0.04204
   0.04395
   0.03362
   0.01392
  -0.00965
  -0.03053
  -0.04291
  -0.04334
  -0.03170
  -0.01123
   0.01237
   0.03253
   0.04362
   0.04257
   0.02966
   0.00849
  -0.01505
  -0.03439
  -0.04415
  -0.04162
  -0.02750
  -0.00571
   0.01766
   0.03612
   0.04451
   0.04051
   0.02523
   0.00292
  -0.02021
  -0.03770
  -0.04470
  -0.03924
  -0.02286
  -0.00011
   0.02267
   0.03914
   0.04470
   0.03782
   0.02040
  -0.00270
  -0.02505
  -0.04042
  -0.04453
  -0.03624
  -0.01786
   0.00550
   0.02732
   0.04154
   0.04419
   0.03453
   0.01525
  -0.00827
  -0.02949
  -0.04250
  -0.04367
  -0.03268
  -0.01258
   0.01102
   0.03155
   0.04329
   0.04298
   0.03069
   0.00986
  -0.01372
  -0.03347
  -0.04391
  -0.04211
  -0.02859
  -0.00710
   0.01636
   0.03527
   0.04435
   0.04109
   0.02638
   0.00432
  -0.01894
  -0.03693
  -0.04463
  -0.03990
  -0.02406
  -0.00151
   0.02145
   0.03844
   0.04472
   0.03855
   0.02164
  -0.00129
  -0.02387
  -0.03980
  -0.04464
  -0.03705
  -0.01914
   0.00410
   0.02620
   0.04100
   0.04438
   0.03540
   0.01657
  -0.00689
  -0.02842
  -0.04204
  -0.04395
  -0.03362
  -0.01392
   0.00965
   0.03053
   0.04291
   0.04334
   0.03170
   0.01123
  -0.01237
  -0.03253
  -0.04362
  -0.04257
  -0.02966
  -0.00849
   0.01505
   0.03439
   0.04415
   0.04162
   0.02750
   0.00571
  -0.01766
  -0.03612
  -0.04451
  -0.04051
  -0.02523
  -0.00292
   0.02021
   0.03770
   0.04470
   0.03924
   0.02286
   0.00011
