   0.03101
   0.00507
  -0.03747
   0.04270
  -0.01697
  -0.02107
   0.04382
  -0.03480
   0.00054
   0.03411
  -0.04403
   0.02202
   0.01596
  -0.04236
   0.03805
  -0.00614
  -0.03022
   0.04466
  -0.02672
  -0.01059
   0.04023
  -0.04069
   0.01165
   0.02585
  -0.04460
   0.03101
   0.00507
  -0.03747
   0.04270
  -0.01697
  -0.02107
   0.04382
  -0.03480
   0.00054
   0.03411
  -0.04403
   0.02202
   0.01596
  -0.04236
   0.03805
  -0.00614
  -0.03022
   0.04466
  -0.02672
  -0.01059
   0.04023
  -0.04069
   0.01165
   0.02585
  -0.04460
   0.03101
   0.00507
  -0.03747
   0.04270
  -0.01697
  -0.02107
   0.04382
  -0.03480
   0.00054
   0.03411
  -0.04403
   0.02202
   0.01596
  -0.04236
   0.03805
  -0.00614
  -0.03022
   0.04466
  -0.02672
  -0.01059
   0.04023
  -0.04069
   0.01165
   0.02585
  -0.04460
   0.03101
   0.00507
  -0.03747
   0.04270
  -0.01697
  -0.02107
   0.04382
  -0.03480
   0.00054
   0.03411
  -0.04403
   0.02202
   0.01596
  -0.04236
   0.03805
  -0.00614
  -0.03022
   0.04466
  -0.02672
  -0.01059
   0.04023
  -0.04069
   0.01165
   0.02585
  -0.04460
   0.03101
   0.00507
  -0.03747
   0.04270
  -0.01697
  -0.02107
   0.04382
  -0.03480
   0.00054
   0.03411
  -0.04403
   0.02202
   0.01596
  -0.04236
   0.03805
  -0.00614
  -0.03022
   0.04466
  -0.02672
  -0.01059
   0.04023
  -0.04069
   0.01165
   0.02585
  -0.04460
   0.03101
   0.00507
  -0.03747
   0.04270
  -0.01697
  -0.02107
   0.04382
  -0.03480
   0.00054
   0.03411
  -0.04403
   0.02202
   0.01596
  -0.04236
   0.03805
  -0.00614
  -0.03022
   0.04466
  -0.02672
  -0.01059
   0.04023
  -0.04069
   0.01165
   0.02585
  -0.04460
   0.03101
   0.00507
  -0.03747
   0.04270
  -0.01697
  -0.02107
   0.04382
  -0.03480
   0.00054
   0.03411
  -0.04403
   0.02202
   0.01596
  -0.04236
   0.03805
  -0.00614
  -0.03022
   0.04466
  -0.02672
  -0.01059
   0.04023
  -0.04069
   0.01165
   0.02585
  -0.04460
   0.03101
   0.00507
  -0.03747
   0.04270
  -0.01697
  -0.02107
   0.04382
  -0.03480
   0.00054
   0.03411
  -0.04403
   0.02202
   0.01596
  -0.04236
   0.03805
  -0.00614
  -0.03022
   0.04466
  -0.02672
  -0.01059
   0.04023
  -0.04069
   0.01165
   0.02585
  -0.04460
   0.03101
   0.00507
  -0.03747
   0.04270
  -0.01697
  -0.02107
   0.04382
  -0.03480
   0.00054
   0.03411
  -0.04403
   0.02202
   0.01596
  -0.04236
   0.03805
  -0.00614
  -0.03022
   0.04466
  -0.02672
  -0.01059
   0.04023
  -0.04069
   0.01165
   0.02585
  -0.04460
   0.03101
   0.00507
  -0.03747
   0.04270
  -0.01697
  -0.02107
   0.04382
  -0.03480
   0.00054
   0.03411
  -0.04403
   0.02202
   0.01596
  -0.04236
   0.03805
  -0.00614
  -0.03022
   0.04466
  -0.02672
  -0.01059
   0.04023
  -0.04069
   0.01165
   0.02585
  -0.04460
   0.03101
   0.00507
  -0.03747
   0.04270
  -0.01697
  -0.02107
   0.04382
  -0.03480
   0.00054
   0.03411
  -0.04403
   0.02202
   0.01596
  -0.04236
   0.03805
  -0.00614
  -0.03022
   0.04466
  -0.02672
  -0.01059
   0.04023
  -0.04069
   0.01165
   0.02585
  -0.04460
   0.03101
   0.00507
  -0.03747
   0.04270
  -0.01697
  -0.02107
   0.04382
  -0.03480
   0.00054
   0.03411
  -0.04403
   0.02202
   0.01596
  -0.04236
   0.03805
  -0.00614
  -0.03022
   0.04466
  -0.02672
  -0.01059
   0.04023
  -0.04069
   0.01165
   0.02585
  -0.04460
   0.03101
   0.00507
  -0.03747
   0.04270
  -0.01697
  -0.02107
   0.04382
  -0.03480
   0.00054
   0.03411
  -0.04403
   0.02202
   0.01596
  -0.04236
   0.03805
  -0.00614
  -0.03022
   0.04466
  -0.02672
  -0.01059
   0.04023
  -0.04069
   0.01165
   0.02585
  -0.04460
   0.03101
   0.00507
  -0.03747
   0.04270
  -0.01697
  -0.02107
   0.04382
  -0.03480
   0.00054
   0.03411
  -0.04403
   0.02202
   0.01596
  -0.04236
   0.03805
  -0.00614
  -0.03022
   0.04466
  -0.02672
  -0.01059
   0.04023
  -0.04069
   0.01165
   0.02585
  -0.04460
   0.03101
   0.00507
  -0.03747
   0.04270
  -0.01697
  -0.02107
   0.04382
  -0.03480
   0.00054
   0.03411
  -0.04403
   0.02202
   0.01596
  -0.04236
   0.03805
  -0.00614
  -0.03022
   0.04466
  -0.02672
  -0.01059
   0.04023
  -0.04069
   0.01165
   0.02585
  -0.04460
   0.03101
   0.00507
  -0.03747
   0.04270
  -0.01697
  -0.02107
   0.04382
  -0.03480
   0.00054
   0.03411
  -0.04403
   0.02202
   0.01596
  -0.04236
   0.03805
  -0.00614
  -0.03022
   0.04466
  -0.02672
  -0.01059
   0.04023
  -0.04069
   0.01165
   0.02585
  -0.04460
   0.03101
   0.00507
  -0.03747
   0.04270
  -0.01697
  -0.02107
   0.04382
  -0.03480
   0.00054
   0.03411
  -0.04403
   0.02202
   0.01596
  -0.04236
   0.03805
  -0.00614
  -0.03022
   0.04466
  -0.02672
  -0.01059
   0.04023
  -0.04069
   0.01165
   0.02585
  -0.04460
   0.03101
   0.00507
  -0.03747
   0.04270
  -0.01697
  -0.02107
   0.04382
  -0.03480
   0.00054
   0.03411
  -0.04403
   0.02202
   0.01596
  -0.04236
   0.03805
  -0.00614
  -0.03022
   0.04466
  -0.02672
  -0.01059
   0.04023
  -0.04069
   0.01165
   0.02585
  -0.04460
   0.03101
   0.00507
  -0.03747
   0.04270
  -0.01697
  -0.02107
   0.04382
  -0.03480
   0.00054
   0.03411
  -0.04403
   0.02202
   0.01596
  -0.04236
   0.03805
  -0.00614
  -0.03022
   0.04466
  -0.02672
  -0.01059
   0.04023
  -0.04069
   0.01165
   0.02585
  -0.04460
   0.03101
   0.00507
  -0.03747
   0.04270
  -0.01697
  -0.02107
   0.04382
  -0.03480
   0.00054
   0.03411
  -0.04403
   0.02202
   0.01596
  -0.04236
   0.03805
  -0.00614
  -0.03022
   0.04466
  -0.02672
  -0.01059
   0.04023
  -0.04069
   0.01165
   0.02585
  -0.04460
   0.03101
   0.00507
  -0.03747
   0.04270
  -0.01697
  -0.02107
   0.04382
  -0.03480
   0.00054
   0.03411
  -0.04403
   0.02202
   0.01596
  -0.04236
   0.03805
  -0.00614
  -0.03022
   0.04466
  -0.02672
  -0.01059
   0.04023
  -0.04069
   0.01165
   0.02585
  -0.04460
   0.03101
   0.00507
  -0.03747
   0.04270
  -0.01697
  -0.02107
   0.04382
  -0.03480
   0.00054
   0.03411
  -0.04403
   0.02202
   0.01596
  -0.04236
   0.03805
  -0.00614
  -0.03022
   0.04466
  -0.02672
  -0.01059
   0.04023
  -0.04069
   0.01165
   0.02585
  -0.04460
   0.03101
   0.00507
  -0.03747
   0.04270
  -0.01697
  -0.02107
   0.04382
  -0.03480
   0.00054
   0.03411
  -0.04403
   0.02202
   0.01596
  -0.04236
   0.03805
  -0.00614
  -0.03022
   0.04466
  -0.02672
  -0.01059
   0.04023
  -0.04069
   0.01165
   0.02585
  -0.04460
   0.03101
   0.00507
  -0.03747
   0.04270
  -0.01697
  -0.02107
   0.04382
  -0.03480
   0.00054
   0.03411
  -0.04403
   0.02202
   0.01596
  -0.04236
   0.03805
  -0.00614
  -0.03022
   0.04466
  -0.02672
  -0.01059
   0.04023
  -0.04069
   0.01165
   0.02585
  -0.04460
   0.03101
   0.00507
  -0.03747
   0.04270
  -0.01697
  -0.02107
   0.04382
  -0.03480
   0.00054
   0.03411
  -0.04403
   0.02202
   0.01596
  -0.04236
   0.03805
  -0.00614
  -0.03022
   0.04466
  -0.02672
  -0.01059
   0.04023
  -0.04069
   0.01165
   0.02585
  -0.04460
   0.03101
   0.00507
  -0.03747
   0.04270
  -0.01697
  -0.02107
   0.04382
  -0.03480
   0.00054
   0.03411
  -0.04403
   0.02202
   0.01596
  -0.04236
   0.03805
  -0.00614
  -0.03022
   0.04466
  -0.02672
  -0.01059
   0.04023
  -0.04069
   0.01165
   0.02585
  -0.04460
   0.03101
   0.00507
  -0.03747
   0.04270
  -0.01697
  -0.02107
   0.04382
  -0.03480
   0.00054
   0.03411
  -0.04403
   0.02202
   0.01596
  -0.04236
   0.03805
  -0.00614
  -0.03022
   0.04466
  -0.02672
  -0.01059
   0.04023
  -0.04069
   0.01165
   0.02585
  -0.04460
   0.03101
   0.00507
  -0.03747
   0.04270
  -0.01697
  -0.02107
   0.04382
  -0.03480
   0.00054
   0.03411
  -0.04403
   0.02202
   0.01596
  -0.04236
   0.03805
  -0.00614
  -0.03022
   0.04466
  -0.02672
  -0.01059
   0.04023
  -0.04069
   0.01165
   0.02585
  -0.04460
   0.03101
   0.00507
  -0.03747
   0.04270
  -0.01697
  -0.02107
   0.04382
  -0.03480
   0.00054
   0.03411
  -0.04403
   0.02202
   0.01596
  -0.04236
   0.03805
  -0.00614
  -0.03022
   0.04466
  -0.02672
  -0.01059
   0.04023
  -0.04069
   0.01165
   0.02585
  -0.04460
   0.03101
   0.00507
  -0.03747
   0.04270
  -0.01697
  -0.02107
   0.04382
  -0.03480
   0.00054
   0.03411
  -0.04403
   0.02202
   0.01596
  -0.04236
   0.03805
  -0.00614
  -0.03022
   0.04466
  -0.02672
  -0.01059
   0.04023
  -0.04069
   0.01165
   0.02585
  -0.04460
   0.03101
   0.00507
  -0.03747
   0.04270
  -0.01697
  -0.02107
   0.04382
  -0.03480
   0.00054
   0.03411
  -0.04403
   0.02202
   0.01596
  -0.04236
   0.03805
  -0.00614
  -0.03022
   0.04466
  -0.02672
  -0.01059
   0.04023
  -0.04069
   0.01165
   0.02585
  -0.04460
   0.03101
   0.00507
  -0.03747
   0.04270
  -0.01697
  -0.02107
   0.04382
  -0.03480
   0.00054
   0.03411
  -0.04403
   0.02202
   0.01596
  -0.04236
   0.03805
  -0.00614
  -0.03022
   0.04466
  -0.02672
  -0.01059
   0.04023
  -0.04069
   0.01165
   0.02585
  -0.04460
   0.03101
   0.00507
  -0.03747
   0.04270
  -0.01697
  -0.02107
   0.04382
  -0.03480
   0.00054
   0.03411
  -0.04403
   0.02202
   0.01596
  -0.04236
   0.03805
  -0.00614
  -0.03022
   0.04466
  -0.02672
  -0.01059
   0.04023
  -0.04069
   0.01165
   0.02585
  -0.04460
   0.03101
   0.00507
  -0.03747
   0.04270
  -0.01697
  -0.02107
   0.04382
  -0.03480
   0.00054
   0.03411
  -0.04403
   0.02202
   0.01596
  -0.04236
   0.03805
  -0.00614
  -0.03022
   0.04466
  -0.02672
  -0.01059
   0.04023
  -0.04069
   0.01165
   0.02585
  -0.04460
   0.03101
   0.00507
  -0.03747
   0.04270
  -0.01697
  -0.02107
   0.04382
  -0.03480
   0.00054
   0.03411
  -0.04403
   0.02202
   0.01596
  -0.04236
   0.03805
  -0.00614
  -0.03022
   0.04466
  -0.02672
  -0.01059
   0.04023
  -0.04069
   0.01165
   0.02585
  -0.04460
   0.03101
   0.00507
  -0.03747
   0.04270
  -0.01697
  -0.02107
   0.04382
  -0.03480
   0.00054
   0.03411
  -0.04403
   0.02202
   0.01596
  -0.04236
   0.03805
  -0.00614
  -0.03022
   0.04466
  -0.02672
  -0.01059
   0.04023
  -0.04069
   0.01165
   0.02585
  -0.04460
   0.03101
   0.00507
  -0.03747
   0.04270
  -0.01697
  -0.02107
   0.04382
  -0.03480
   0.00054
   0.03411
  -0.04403
   0.02202
   0.01596
  -0.04236
   0.03805
  -0.00614
  -0.03022
   0.04466
  -0.02672
  -0.01059
   0.04023
  -0.04069
   0.01165
   0.02585
  -0.04460
   0.03101
   0.00507
  -0.03747
   0.04270
  -0.01697
  -0.02107
   0.04382
  -0.03480
   0.00054
   0.03411
  -0.04403
   0.02202
   0.01596
  -0.04236
   0.03805
  -0.00614
  -0.03022
   0.04466
  -0.02672
  -0.01059
   0.04023
  -0.04069
   0.01165
   0.02585
  -0.04460
   0.03101
   0.00507
  -0.03747
   0.04270
  -0.01697
  -0.02107
   0.04382
  -0.03480
   0.00054
   0.03411
  -0.04403
   0.02202
   0.01596
  -0.04236
   0.03805
  -0.00614
  -0.03022
   0.04466
  -0.02672
  -0.01059
   0.04023
  -0.04069
   0.01165
   0.02585
  -0.04460
   0.03101
   0.00507
  -0.03747
   0.04270
  -0.01697
  -0.02107
   0.04382
  -0.03480
   0.00054
   0.03411
  -0.04403
   0.02202
   0.01596
  -0.04236
   0.03805
  -0.00614
  -0.03022
   0.04466
  -0.02672
  -0.01059
   0.04023
  -0.04069
   0.01165
   0.02585
  -0.04460
