   0.04470
  -0.04466
   0.04459
  -0.04448
   0.04436
  -0.04420
   0.04401
  -0.04380
   0.04356
  -0.04329
   0.04299
  -0.04267
   0.04232
  -0.04194
   0.04154
  -0.04111
   0.04066
  -0.04018
   0.03967
  -0.03914
   0.03858
  -0.03800
   0.03740
  -0.03677
   0.03612
  -0.03544
   0.03475
  -0.03403
   0.03329
  -0.03253
   0.03175
  -0.03094
   0.03012
  -0.02928
   0.02842
  -0.02755
   0.02665
  -0.02574
   0.02482
  -0.02387
   0.02292
  -0.02194
   0.02096
  -0.01996
   0.01895
  -0.01792
   0.01689
  -0.01584
   0.01478
  -0.01372
   0.01264
  -0.01156
   0.01047
  -0.00938
   0.00828
  -0.00717
   0.00606
  -0.00494
   0.00382
  -0.00270
   0.00158
  -0.00046
  -0.00067
   0.00179
  -0.00291
   0.00403
  -0.00515
   0.00627
  -0.00738
   0.00848
  -0.00959
   0.01068
  -0.01177
   0.01285
  -0.01392
   0.01498
  -0.01604
   0.01708
  -0.01812
   0.01914
  -0.02015
   0.02114
  -0.02213
   0.02310
  -0.02405
   0.02499
  -0.02592
   0.02682
  -0.02772
   0.02859
  -0.02944
   0.03028
  -0.03110
   0.03190
  -0.03267
   0.03343
  -0.03417
   0.03488
  -0.03557
   0.03624
  -0.03689
   0.03751
  -0.03811
   0.03869
  -0.03924
   0.03977
  -0.04027
   0.04075
  -0.04120
   0.04162
  -0.04202
   0.04239
  -0.04273
   0.04305
  -0.04334
   0.04361
  -0.04384
   0.04405
  -0.04423
   0.04438
  -0.04451
   0.04460
  -0.04467
   0.04471
  -0.04472
   0.04470
  -0.04466
   0.04459
  -0.04448
   0.04436
  -0.04420
   0.04401
  -0.04380
   0.04356
  -0.04329
   0.04299
  -0.04267
   0.04232
  -0.04194
   0.04154
  -0.04111
   0.04066
  -0.04018
   0.03967
  -0.03914
   0.03858
  -0.03800
   0.03740
  -0.03677
   0.03612
  -0.03544
   0.03475
  -0.03403
   0.03329
  -0.03253
   0.03175
  -0.03094
   0.03012
  -0.02928
   0.02842
  -0.02755
   0.02665
  -0.02574
   0.02482
  -0.02387
   0.02292
  -0.02194
   0.02096
  -0.01996
   0.01895
  -0.01792
   0.01689
  -0.01584
   0.01478
  -0.01372
   0.01264
  -0.01156
   0.01047
  -0.00938
   0.00828
  -0.00717
   0.00606
  -0.00494
   0.00382
  -0.00270
   0.00158
  -0.00046
  -0.00067
   0.00179
  -0.00291
   0.00403
  -0.00515
   0.00627
  -0.00738
   0.00848
  -0.00959
   0.01068
  -0.01177
   0.01285
  -0.01392
   0.01498
  -0.01604
   0.01708
  -0.01812
   0.01914
  -0.02015
   0.02114
  -0.02213
   0.02310
  -0.02405
   0.02499
  -0.02592
   0.02682
  -0.02772
   0.02859
  -0.02944
   0.03028
  -0.03110
   0.03190
  -0.03267
   0.03343
  -0.03417
   0.03488
  -0.03557
   0.03624
  -0.03689
   0.03751
  -0.03811
   0.03869
  -0.03924
   0.03977
  -0.04027
   0.04075
  -0.04120
   0.04162
  -0.04202
   0.04239
  -0.04273
   0.04305
  -0.04334
   0.04361
  -0.04384
   0.04405
  -0.04423
   0.04438
  -0.04451
   0.04460
  -0.04467
   0.04471
  -0.04472
   0.04470
  -0.04466
   0.04459
  -0.04448
   0.04436
  -0.04420
   0.04401
  -0.04380
   0.04356
  -0.04329
   0.04299
  -0.04267
   0.04232
  -0.04194
   0.04154
  -0.04111
   0.04066
  -0.04018
   0.03967
  -0.03914
   0.03858
  -0.03800
   0.03740
  -0.03677
   0.03612
  -0.03544
   0.03475
  -0.03403
   0.03329
  -0.03253
   0.03175
  -0.03094
   0.03012
  -0.02928
   0.02842
  -0.02755
   0.02665
  -0.02574
   0.02482
  -0.02387
   0.02292
  -0.02194
   0.02096
  -0.01996
   0.01895
  -0.01792
   0.01689
  -0.01584
   0.01478
  -0.01372
   0.01264
  -0.01156
   0.01047
  -0.00938
   0.00828
  -0.00717
   0.00606
  -0.00494
   0.00382
  -0.00270
   0.00158
  -0.00046
  -0.00067
   0.00179
  -0.00291
   0.00403
  -0.00515
   0.00627
  -0.00738
   0.00848
  -0.00959
   0.01068
  -0.01177
   0.01285
  -0.01392
   0.01498
  -0.01604
   0.01708
  -0.01812
   0.01914
  -0.02015
   0.02114
  -0.02213
   0.02310
  -0.02405
   0.02499
  -0.02592
   0.02682
  -0.02772
   0.02859
  -0.02944
   0.03028
  -0.03110
   0.03190
  -0.03267
   0.03343
  -0.03417
   0.03488
  -0.03557
   0.03624
  -0.03689
   0.03751
  -0.03811
   0.03869
  -0.03924
   0.03977
  -0.04027
   0.04075
  -0.04120
   0.04162
  -0.04202
   0.04239
  -0.04273
   0.04305
  -0.04334
   0.04361
  -0.04384
   0.04405
  -0.04423
   0.04438
  -0.04451
   0.04460
  -0.04467
   0.04471
  -0.04472
   0.04470
  -0.04466
   0.04459
  -0.04448
   0.04436
  -0.04420
   0.04401
  -0.04380
   0.04356
  -0.04329
   0.04299
  -0.04267
   0.04232
  -0.04194
   0.04154
  -0.04111
   0.04066
  -0.04018
   0.03967
  -0.03914
   0.03858
  -0.03800
   0.03740
  -0.03677
   0.03612
  -0.03544
   0.03475
  -0.03403
   0.03329
  -0.03253
   0.03175
  -0.03094
   0.03012
  -0.02928
   0.02842
  -0.02755
   0.02665
  -0.02574
   0.02482
  -0.02387
   0.02292
  -0.02194
   0.02096
  -0.01996
   0.01895
  -0.01792
   0.01689
  -0.01584
   0.01478
  -0.01372
   0.01264
  -0.01156
   0.01047
  -0.00938
   0.00828
  -0.00717
   0.00606
  -0.00494
   0.00382
  -0.00270
   0.00158
  -0.00046
  -0.00067
   0.00179
  -0.00291
   0.00403
  -0.00515
   0.00627
  -0.00738
   0.00848
  -0.00959
   0.01068
  -0.01177
   0.01285
  -0.01392
   0.01498
  -0.01604
   0.01708
  -0.01812
   0.01914
  -0.02015
   0.02114
  -0.02213
   0.02310
  -0.02405
   0.02499
  -0.02592
   0.02682
  -0.02772
   0.02859
  -0.02944
   0.03028
  -0.03110
   0.03190
  -0.03267
   0.03343
  -0.03417
   0.03488
  -0.03557
   0.03624
  -0.03689
   0.03751
  -0.03811
   0.03869
  -0.03924
   0.03977
  -0.04027
   0.04075
  -0.04120
   0.04162
  -0.04202
   0.04239
  -0.04273
   0.04305
  -0.04334
   0.04361
  -0.04384
   0.04405
  -0.04423
   0.04438
  -0.04451
   0.04460
  -0.04467
   0.04471
  -0.04472
   0.04470
  -0.04466
   0.04459
  -0.04448
   0.04436
  -0.04420
   0.04401
  -0.04380
   0.04356
  -0.04329
   0.04299
  -0.04267
   0.04232
  -0.04194
   0.04154
  -0.04111
   0.04066
  -0.04018
   0.03967
  -0.03914
   0.03858
  -0.03800
   0.03740
  -0.03677
   0.03612
  -0.03544
   0.03475
  -0.03403
   0.03329
  -0.03253
   0.03175
  -0.03094
   0.03012
  -0.02928
   0.02842
  -0.02755
   0.02665
  -0.02574
   0.02482
  -0.02387
   0.02292
  -0.02194
   0.02096
  -0.01996
   0.01895
  -0.01792
   0.01689
  -0.01584
   0.01478
  -0.01372
   0.01264
  -0.01156
   0.01047
  -0.00938
   0.00828
  -0.00717
   0.00606
  -0.00494
   0.00382
  -0.00270
   0.00158
  -0.00046
  -0.00067
   0.00179
  -0.00291
   0.00403
  -0.00515
   0.00627
  -0.00738
   0.00848
  -0.00959
   0.01068
  -0.01177
   0.01285
  -0.01392
   0.01498
  -0.01604
   0.01708
  -0.01812
   0.01914
  -0.02015
   0.02114
  -0.02213
   0.02310
  -0.02405
   0.02499
  -0.02592
   0.02682
  -0.02772
   0.02859
  -0.02944
   0.03028
  -0.03110
   0.03190
  -0.03267
   0.03343
  -0.03417
   0.03488
  -0.03557
   0.03624
  -0.03689
   0.03751
  -0.03811
   0.03869
  -0.03924
   0.03977
  -0.04027
   0.04075
  -0.04120
   0.04162
  -0.04202
   0.04239
  -0.04273
   0.04305
  -0.04334
   0.04361
  -0.04384
   0.04405
  -0.04423
   0.04438
  -0.04451
   0.04460
  -0.04467
   0.04471
  -0.04472
   0.04470
  -0.04466
   0.04459
  -0.04448
   0.04436
  -0.04420
   0.04401
  -0.04380
   0.04356
  -0.04329
   0.04299
  -0.04267
   0.04232
  -0.04194
   0.04154
  -0.04111
   0.04066
  -0.04018
   0.03967
  -0.03914
   0.03858
  -0.03800
   0.03740
  -0.03677
   0.03612
  -0.03544
   0.03475
  -0.03403
   0.03329
  -0.03253
   0.03175
  -0.03094
   0.03012
  -0.02928
   0.02842
  -0.02755
   0.02665
  -0.02574
   0.02482
  -0.02387
   0.02292
  -0.02194
   0.02096
  -0.01996
   0.01895
  -0.01792
   0.01689
  -0.01584
   0.01478
  -0.01372
   0.01264
  -0.01156
   0.01047
  -0.00938
   0.00828
  -0.00717
   0.00606
  -0.00494
   0.00382
  -0.00270
   0.00158
  -0.00046
  -0.00067
   0.00179
  -0.00291
   0.00403
  -0.00515
   0.00627
  -0.00738
   0.00848
  -0.00959
   0.01068
  -0.01177
   0.01285
  -0.01392
   0.01498
  -0.01604
   0.01708
  -0.01812
   0.01914
  -0.02015
   0.02114
  -0.02213
   0.02310
  -0.02405
   0.02499
  -0.02592
   0.02682
  -0.02772
   0.02859
  -0.02944
   0.03028
  -0.03110
   0.03190
  -0.03267
   0.03343
  -0.03417
   0.03488
  -0.03557
   0.03624
  -0.03689
   0.03751
  -0.03811
   0.03869
  -0.03924
   0.03977
  -0.04027
   0.04075
  -0.04120
   0.04162
  -0.04202
   0.04239
  -0.04273
   0.04305
  -0.04334
   0.04361
  -0.04384
   0.04405
  -0.04423
   0.04438
  -0.04451
   0.04460
  -0.04467
   0.04471
  -0.04472
   0.04470
  -0.04466
   0.04459
  -0.04448
   0.04436
  -0.04420
   0.04401
  -0.04380
   0.04356
  -0.04329
   0.04299
  -0.04267
   0.04232
  -0.04194
   0.04154
  -0.04111
   0.04066
  -0.04018
   0.03967
  -0.03914
   0.03858
  -0.03800
   0.03740
  -0.03677
   0.03612
  -0.03544
   0.03475
  -0.03403
   0.03329
  -0.03253
   0.03175
  -0.03094
   0.03012
  -0.02928
   0.02842
  -0.02755
   0.02665
  -0.02574
   0.02482
  -0.02387
   0.02292
  -0.02194
   0.02096
  -0.01996
   0.01895
  -0.01792
   0.01689
  -0.01584
   0.01478
  -0.01372
   0.01264
  -0.01156
   0.01047
  -0.00938
   0.00828
  -0.00717
   0.00606
  -0.00494
   0.00382
  -0.00270
   0.00158
  -0.00046
  -0.00067
   0.00179
  -0.00291
   0.00403
  -0.00515
   0.00627
  -0.00738
   0.00848
  -0.00959
   0.01068
  -0.01177
   0.01285
  -0.01392
   0.01498
  -0.01604
   0.01708
  -0.01812
   0.01914
  -0.02015
   0.02114
  -0.02213
   0.02310
  -0.02405
   0.02499
  -0.02592
   0.02682
  -0.02772
   0.02859
  -0.02944
   0.03028
  -0.03110
   0.03190
  -0.03267
   0.03343
  -0.03417
   0.03488
  -0.03557
   0.03624
  -0.03689
   0.03751
  -0.03811
   0.03869
  -0.03924
   0.03977
  -0.04027
   0.04075
  -0.04120
   0.04162
  -0.04202
   0.04239
  -0.04273
   0.04305
  -0.04334
   0.04361
  -0.04384
   0.04405
  -0.04423
   0.04438
  -0.04451
   0.04460
  -0.04467
   0.04471
  -0.04472
   0.04470
  -0.04466
   0.04459
  -0.04448
   0.04436
  -0.04420
   0.04401
  -0.04380
   0.04356
  -0.04329
   0.04299
  -0.04267
   0.04232
  -0.04194
   0.04154
  -0.04111
   0.04066
  -0.04018
   0.03967
  -0.03914
   0.03858
  -0.03800
   0.03740
  -0.03677
   0.03612
  -0.03544
   0.03475
  -0.03403
   0.03329
  -0.03253
   0.03175
  -0.03094
   0.03012
  -0.02928
   0.02842
  -0.02755
   0.02665
  -0.02574
   0.02482
  -0.02387
   0.02292
  -0.02194
   0.02096
  -0.01996
   0.01895
  -0.01792
   0.01689
  -0.01584
   0.01478
  -0.01372
   0.01264
  -0.01156
   0.01047
  -0.00938
   0.00828
  -0.00717
   0.00606
  -0.00494
   0.00382
  -0.00270
   0.00158
  -0.00046
  -0.00067
   0.00179
  -0.00291
   0.00403
  -0.00515
   0.00627
  -0.00738
   0.00848
  -0.00959
   0.01068
  -0.01177
   0.01285
  -0.01392
   0.01498
  -0.01604
   0.01708
  -0.01812
   0.01914
  -0.02015
   0.02114
  -0.02213
   0.02310
  -0.02405
   0.02499
  -0.02592
   0.02682
  -0.02772
   0.02859
  -0.02944
   0.03028
  -0.03110
   0.03190
  -0.03267
   0.03343
  -0.03417
   0.03488
  -0.03557
   0.03624
  -0.03689
   0.03751
  -0.03811
   0.03869
  -0.03924
   0.03977
  -0.04027
   0.04075
  -0.04120
   0.04162
  -0.04202
   0.04239
  -0.04273
   0.04305
  -0.04334
   0.04361
  -0.04384
   0.04405
  -0.04423
   0.04438
  -0.04451
   0.04460
  -0.04467
   0.04471
  -0.04472
