  -0.03456
  -0.04379
  -0.02040
   0.01817
   0.04322
   0.03608
   0.00208
  -0.03347
  -0.04410
  -0.02189
   0.01662
   0.04275
   0.03705
   0.00376
  -0.03233
  -0.04435
  -0.02334
   0.01504
   0.04223
   0.03797
   0.00544
  -0.03114
  -0.04453
  -0.02476
   0.01344
   0.04164
   0.03883
   0.00711
  -0.02991
  -0.04466
  -0.02615
   0.01183
   0.04100
   0.03964
   0.00877
  -0.02864
  -0.04472
  -0.02750
   0.01019
   0.04030
   0.04039
   0.01041
  -0.02732
  -0.04471
  -0.02881
   0.00854
   0.03954
   0.04109
   0.01205
  -0.02597
  -0.04464
  -0.03008
   0.00688
   0.03872
   0.04172
   0.01366
  -0.02458
  -0.04451
  -0.03130
   0.00521
   0.03785
   0.04230
   0.01526
  -0.02315
  -0.04432
  -0.03249
   0.00354
   0.03692
   0.04282
   0.01683
  -0.02169
  -0.04406
  -0.03362
   0.00185
   0.03595
   0.04327
   0.01838
  -0.02020
  -0.04374
  -0.03471
   0.00017
   0.03492
   0.04367
   0.01990
  -0.01868
  -0.04336
  -0.03575
  -0.00152
   0.03384
   0.04400
   0.02140
  -0.01714
  -0.04291
  -0.03673
  -0.00320
   0.03271
   0.04427
   0.02286
  -0.01557
  -0.04241
  -0.03767
  -0.00488
   0.03154
   0.04448
   0.02429
  -0.01398
  -0.04184
  -0.03855
  -0.00655
   0.03033
   0.04462
   0.02569
  -0.01237
  -0.04122
  -0.03938
  -0.00822
   0.02906
   0.04470
   0.02705
  -0.01074
  -0.04054
  -0.04015
  -0.00987
   0.02776
   0.04472
   0.02838
  -0.00910
  -0.03980
  -0.04086
  -0.01150
   0.02642
   0.04467
   0.02966
  -0.00744
  -0.03900
  -0.04152
  -0.01312
   0.02504
   0.04456
   0.03090
  -0.00577
  -0.03815
  -0.04212
  -0.01473
   0.02363
   0.04439
   0.03210
  -0.00410
  -0.03724
  -0.04265
  -0.01631
   0.02218
   0.04415
   0.03325
  -0.00241
  -0.03628
  -0.04313
  -0.01787
   0.02070
   0.04385
   0.03435
  -0.00073
  -0.03527
  -0.04354
  -0.01940
   0.01919
   0.04349
   0.03541
   0.00096
  -0.03421
  -0.04390
  -0.02090
   0.01766
   0.04307
   0.03641
   0.00264
  -0.03310
  -0.04419
  -0.02238
   0.01610
   0.04258
   0.03736
   0.00432
  -0.03194
  -0.04442
  -0.02382
   0.01451
   0.04204
   0.03826
   0.00600
  -0.03074
  -0.04458
  -0.02523
   0.01291
   0.04143
   0.03911
   0.00766
  -0.02949
  -0.04468
  -0.02660
   0.01128
   0.04077
   0.03990
   0.00932
  -0.02820
  -0.04472
  -0.02794
   0.00964
   0.04005
   0.04063
   0.01096
  -0.02687
  -0.04470
  -0.02924
   0.00799
   0.03927
   0.04131
   0.01259
  -0.02551
  -0.04461
  -0.03049
   0.00633
   0.03844
   0.04192
   0.01419
  -0.02410
  -0.04445
  -0.03170
   0.00466
   0.03755
   0.04248
   0.01578
  -0.02267
  -0.04424
  -0.03287
   0.00298
   0.03660
   0.04298
   0.01735
  -0.02120
  -0.04396
  -0.03399
   0.00129
   0.03561
   0.04341
   0.01889
  -0.01970
  -0.04362
  -0.03506
  -0.00039
   0.03456
   0.04379
   0.02040
  -0.01817
  -0.04322
  -0.03608
  -0.00208
   0.03347
   0.04410
   0.02189
  -0.01662
  -0.04275
  -0.03705
  -0.00376
   0.03233
   0.04435
   0.02334
  -0.01504
  -0.04223
  -0.03797
  -0.00544
   0.03114
   0.04453
   0.02476
  -0.01344
  -0.04164
  -0.03883
  -0.00711
   0.02991
   0.04466
   0.02615
  -0.01183
  -0.04100
  -0.03964
  -0.00877
   0.02864
   0.04472
   0.02750
  -0.01019
  -0.04030
  -0.04039
  -0.01041
   0.02732
   0.04471
   0.02881
  -0.00854
  -0.03954
  -0.04109
  -0.01205
   0.02597
   0.04464
   0.03008
  -0.00688
  -0.03872
  -0.04172
  -0.01366
   0.02458
   0.04451
   0.03130
  -0.00521
  -0.03785
  -0.04230
  -0.01526
   0.02315
   0.04432
   0.03249
  -0.00354
  -0.03692
  -0.04282
  -0.01683
   0.02169
   0.04406
   0.03362
  -0.00185
  -0.03595
  -0.04327
  -0.01838
   0.02020
   0.04374
   0.03471
  -0.00017
  -0.03492
  -0.04367
  -0.01990
   0.01868
   0.04336
   0.03575
   0.00152
  -0.03384
  -0.04400
  -0.02140
   0.01714
   0.04291
   0.03673
   0.00320
  -0.03271
  -0.04427
  -0.02286
   0.01557
   0.04241
   0.03767
   0.00488
  -0.03154
  -0.04448
  -0.02429
   0.01398
   0.04184
   0.03855
   0.00655
  -0.03033
  -0.04462
  -0.02569
   0.01237
   0.04122
   0.03938
   0.00822
  -0.02906
  -0.04470
  -0.02705
   0.01074
   0.04054
   0.04015
   0.00987
  -0.02776
  -0.04472
  -0.02838
   0.00910
   0.03980
   0.04086
   0.01150
  -0.02642
  -0.04467
  -0.02966
   0.00744
   0.03900
   0.04152
   0.01312
  -0.02504
  -0.04456
  -0.03090
   0.00577
   0.03815
   0.04212
   0.01473
  -0.02363
  -0.04439
  -0.03210
   0.00410
   0.03724
   0.04265
   0.01631
  -0.02218
  -0.04415
  -0.03325
   0.00241
   0.03628
   0.04313
   0.01787
  -0.02070
  -0.04385
  -0.03435
   0.00073
   0.03527
   0.04354
   0.01940
  -0.01919
  -0.04349
  -0.03541
  -0.00096
   0.03421
   0.04390
   0.02090
  -0.01766
  -0.04307
  -0.03641
  -0.00264
   0.03310
   0.04419
   0.02238
  -0.01610
  -0.04258
  -0.03736
  -0.00432
   0.03194
   0.04442
   0.02382
  -0.01451
  -0.04204
  -0.03826
  -0.00600
   0.03074
   0.04458
   0.02523
  -0.01291
  -0.04143
  -0.03911
  -0.00766
   0.02949
   0.04468
   0.02660
  -0.01128
  -0.04077
  -0.03990
  -0.00932
   0.02820
   0.04472
   0.02794
  -0.00964
  -0.04005
  -0.04063
  -0.01096
   0.02687
   0.04470
   0.02924
  -0.00799
  -0.03927
  -0.04131
  -0.01259
   0.02551
   0.04461
   0.03049
  -0.00633
  -0.03844
  -0.04192
  -0.01419
   0.02410
   0.04445
   0.03170
  -0.00466
  -0.03755
  -0.04248
  -0.01578
   0.02267
   0.04424
   0.03287
  -0.00298
  -0.03660
  -0.04298
  -0.01735
   0.02120
   0.04396
   0.03399
  -0.00129
  -0.03561
  -0.04341
  -0.01889
   0.01970
   0.04362
   0.03506
   0.00039
  -0.03456
  -0.04379
  -0.02040
   0.01817
   0.04322
   0.03608
   0.00208
  -0.03347
  -0.04410
  -0.02189
   0.01662
   0.04275
   0.03705
   0.00376
  -0.03233
  -0.04435
  -0.02334
   0.01504
   0.04223
   0.03797
   0.00544
  -0.03114
  -0.04453
  -0.02476
   0.01344
   0.04164
   0.03883
   0.00711
  -0.02991
  -0.04466
  -0.02615
   0.01183
   0.04100
   0.03964
   0.00877
  -0.02864
  -0.04472
  -0.02750
   0.01019
   0.04030
   0.04039
   0.01041
  -0.02732
  -0.04471
  -0.02881
   0.00854
   0.03954
   0.04109
   0.01205
  -0.02597
  -0.04464
  -0.03008
   0.00688
   0.03872
   0.04172
   0.01366
  -0.02458
  -0.04451
  -0.03130
   0.00521
   0.03785
   0.04230
   0.01526
  -0.02315
  -0.04432
  -0.03249
   0.00354
   0.03692
   0.04282
   0.01683
  -0.02169
  -0.04406
  -0.03362
   0.00185
   0.03595
   0.04327
   0.01838
  -0.02020
  -0.04374
  -0.03471
   0.00017
   0.03492
   0.04367
   0.01990
  -0.01868
  -0.04336
  -0.03575
  -0.00152
   0.03384
   0.04400
   0.02140
  -0.01714
  -0.04291
  -0.03673
  -0.00320
   0.03271
   0.04427
   0.02286
  -0.01557
  -0.04241
  -0.03767
  -0.00488
   0.03154
   0.04448
   0.02429
  -0.01398
  -0.04184
  -0.03855
  -0.00655
   0.03033
   0.04462
   0.02569
  -0.01237
  -0.04122
  -0.03938
  -0.00822
   0.02906
   0.04470
   0.02705
  -0.01074
  -0.04054
  -0.04015
  -0.00987
   0.02776
   0.04472
   0.02838
  -0.00910
  -0.03980
  -0.04086
  -0.01150
   0.02642
   0.04467
   0.02966
  -0.00744
  -0.03900
  -0.04152
  -0.01312
   0.02504
   0.04456
   0.03090
  -0.00577
  -0.03815
  -0.04212
  -0.01473
   0.02363
   0.04439
   0.03210
  -0.00410
  -0.03724
  -0.04265
  -0.01631
   0.02218
   0.04415
   0.03325
  -0.00241
  -0.03628
  -0.04313
  -0.01787
   0.02070
   0.04385
   0.03435
  -0.00073
  -0.03527
  -0.04354
  -0.01940
   0.01919
   0.04349
   0.03541
   0.00096
  -0.03421
  -0.04390
  -0.02090
   0.01766
   0.04307
   0.03641
   0.00264
  -0.03310
  -0.04419
  -0.02238
   0.01610
   0.04258
   0.03736
   0.00432
  -0.03194
  -0.04442
  -0.02382
   0.01451
   0.04204
   0.03826
   0.00600
  -0.03074
  -0.04458
  -0.02523
   0.01291
   0.04143
   0.03911
   0.00766
  -0.02949
  -0.04468
  -0.02660
   0.01128
   0.04077
   0.03990
   0.00932
  -0.02820
  -0.04472
  -0.02794
   0.00964
   0.04005
   0.04063
   0.01096
  -0.02687
  -0.04470
  -0.02924
   0.00799
   0.03927
   0.04131
   0.01259
  -0.02551
  -0.04461
  -0.03049
   0.00633
   0.03844
   0.04192
   0.01419
  -0.02410
  -0.04445
  -0.03170
   0.00466
   0.03755
   0.04248
   0.01578
  -0.02267
  -0.04424
  -0.03287
   0.00298
   0.03660
   0.04298
   0.01735
  -0.02120
  -0.04396
  -0.03399
   0.00129
   0.03561
   0.04341
   0.01889
  -0.01970
  -0.04362
  -0.03506
  -0.00039
   0.03456
   0.04379
   0.02040
  -0.01817
  -0.04322
  -0.03608
  -0.00208
   0.03347
   0.04410
   0.02189
  -0.01662
  -0.04275
  -0.03705
  -0.00376
   0.03233
   0.04435
   0.02334
  -0.01504
  -0.04223
  -0.03797
  -0.00544
   0.03114
   0.04453
   0.02476
  -0.01344
  -0.04164
  -0.03883
  -0.00711
   0.02991
   0.04466
   0.02615
  -0.01183
  -0.04100
  -0.03964
  -0.00877
   0.02864
   0.04472
   0.02750
  -0.01019
  -0.04030
  -0.04039
  -0.01041
   0.02732
   0.04471
   0.02881
  -0.00854
  -0.03954
  -0.04109
  -0.01205
   0.02597
   0.04464
   0.03008
  -0.00688
  -0.03872
  -0.04172
  -0.01366
   0.02458
   0.04451
   0.03130
  -0.00521
  -0.03785
  -0.04230
  -0.01526
   0.02315
   0.04432
   0.03249
  -0.00354
  -0.03692
  -0.04282
  -0.01683
   0.02169
   0.04406
   0.03362
  -0.00185
  -0.03595
  -0.04327
  -0.01838
   0.02020
   0.04374
   0.03471
  -0.00017
  -0.03492
  -0.04367
  -0.01990
   0.01868
   0.04336
   0.03575
   0.00152
  -0.03384
  -0.04400
  -0.02140
   0.01714
   0.04291
   0.03673
   0.00320
  -0.03271
  -0.04427
  -0.02286
   0.01557
   0.04241
   0.03767
   0.00488
  -0.03154
  -0.04448
  -0.02429
   0.01398
   0.04184
   0.03855
   0.00655
  -0.03033
  -0.04462
  -0.02569
   0.01237
   0.04122
   0.03938
   0.00822
  -0.02906
  -0.04470
  -0.02705
   0.01074
   0.04054
   0.04015
   0.00987
  -0.02776
  -0.04472
  -0.02838
   0.00910
   0.03980
   0.04086
   0.01150
  -0.02642
  -0.04467
  -0.02966
   0.00744
   0.03900
   0.04152
   0.01312
  -0.02504
  -0.04456
  -0.03090
   0.00577
   0.03815
   0.04212
   0.01473
  -0.02363
  -0.04439
  -0.03210
   0.00410
   0.03724
   0.04265
   0.01631
  -0.02218
  -0.04415
  -0.03325
   0.00241
   0.03628
   0.04313
   0.01787
  -0.02070
  -0.04385
  -0.03435
   0.00073
   0.03527
   0.04354
   0.01940
  -0.01919
  -0.04349
  -0.03541
  -0.00096
   0.03421
   0.04390
   0.02090
  -0.01766
  -0.04307
  -0.03641
  -0.00264
   0.03310
   0.04419
   0.02238
  -0.01610
  -0.04258
  -0.03736
  -0.00432
   0.03194
   0.04442
   0.02382
  -0.01451
  -0.04204
  -0.03826
  -0.00600
   0.03074
   0.04458
   0.02523
  -0.01291
  -0.04143
  -0.03911
  -0.00766
   0.02949
   0.04468
   0.02660
  -0.01128
  -0.04077
  -0.03990
  -0.00932
   0.02820
   0.04472
   0.02794
  -0.00964
  -0.04005
  -0.04063
  -0.01096
   0.02687
   0.04470
   0.02924
  -0.00799
  -0.03927
  -0.04131
  -0.01259
   0.02551
   0.04461
   0.03049
  -0.00633
  -0.03844
  -0.04192
  -0.01419
   0.02410
   0.04445
   0.03170
  -0.00466
  -0.03755
  -0.04248
  -0.01578
   0.02267
   0.04424
   0.03287
  -0.00298
  -0.03660
  -0.04298
  -0.01735
   0.02120
   0.04396
   0.03399
  -0.00129
  -0.03561
  -0.04341
  -0.01889
   0.01970
   0.04362
   0.03506
   0.00039
