  -0.00888
  -0.04180
   0.02247
   0.03449
  -0.03369
  -0.02353
   0.04135
   0.01008
  -0.04463
   0.00443
   0.04319
  -0.01848
  -0.03718
   0.03057
   0.02723
  -0.03943
  -0.01441
   0.04412
   0.00006
  -0.04413
   0.01430
   0.03948
  -0.02714
  -0.03065
   0.03711
   0.01858
  -0.04316
  -0.00454
   0.04464
  -0.00998
  -0.04139
   0.02344
   0.03377
  -0.03442
  -0.02257
   0.04176
   0.00899
  -0.04469
   0.00555
   0.04288
  -0.01950
  -0.03654
   0.03138
   0.02633
  -0.03995
  -0.01334
   0.04429
  -0.00107
  -0.04394
   0.01536
   0.03894
  -0.02803
  -0.02983
   0.03773
   0.01755
  -0.04344
  -0.00342
   0.04455
  -0.01107
  -0.04095
   0.02439
   0.03302
  -0.03513
  -0.02159
   0.04215
   0.00788
  -0.04472
   0.00666
   0.04255
  -0.02050
  -0.03588
   0.03217
   0.02541
  -0.04044
  -0.01226
   0.04443
  -0.00219
  -0.04372
   0.01641
   0.03838
  -0.02889
  -0.02898
   0.03832
   0.01651
  -0.04369
  -0.00230
   0.04444
  -0.01215
  -0.04049
   0.02532
   0.03225
  -0.03581
  -0.02060
   0.04252
   0.00677
  -0.04472
   0.00777
   0.04219
  -0.02150
  -0.03520
   0.03294
   0.02448
  -0.04091
  -0.01118
   0.04454
  -0.00331
  -0.04347
   0.01745
   0.03779
  -0.02974
  -0.02811
   0.03889
   0.01547
  -0.04392
  -0.00118
   0.04430
  -0.01323
  -0.04000
   0.02624
   0.03146
  -0.03648
  -0.01960
   0.04285
   0.00566
  -0.04469
   0.00888
   0.04180
  -0.02247
  -0.03449
   0.03369
   0.02353
  -0.04135
  -0.01008
   0.04463
  -0.00443
  -0.04319
   0.01848
   0.03718
  -0.03057
  -0.02723
   0.03943
   0.01441
  -0.04412
  -0.00006
   0.04413
  -0.01430
  -0.03948
   0.02714
   0.03065
  -0.03711
  -0.01858
   0.04316
   0.00454
  -0.04464
   0.00998
   0.04139
  -0.02344
  -0.03377
   0.03442
   0.02257
  -0.04176
  -0.00899
   0.04469
  -0.00555
  -0.04288
   0.01950
   0.03654
  -0.03138
  -0.02633
   0.03995
   0.01334
  -0.04429
   0.00107
   0.04394
  -0.01536
  -0.03894
   0.02803
   0.02983
  -0.03773
  -0.01755
   0.04344
   0.00342
  -0.04455
   0.01107
   0.04095
  -0.02439
  -0.03302
   0.03513
   0.02159
  -0.04215
  -0.00788
   0.04472
  -0.00666
  -0.04255
   0.02050
   0.03588
  -0.03217
  -0.02541
   0.04044
   0.01226
  -0.04443
   0.00219
   0.04372
  -0.01641
  -0.03838
   0.02889
   0.02898
  -0.03832
  -0.01651
   0.04369
   0.00230
  -0.04444
   0.01215
   0.04049
  -0.02532
  -0.03225
   0.03581
   0.02060
  -0.04252
  -0.00677
   0.04472
  -0.00777
  -0.04219
   0.02150
   0.03520
  -0.03294
  -0.02448
   0.04091
   0.01118
  -0.04454
   0.00331
   0.04347
  -0.01745
  -0.03779
   0.02974
   0.02811
  -0.03889
  -0.01547
   0.04392
   0.00118
  -0.04430
   0.01323
   0.04000
  -0.02624
  -0.03146
   0.03648
   0.01960
  -0.04285
  -0.00566
   0.04469
  -0.00888
  -0.04180
   0.02247
   0.03449
  -0.03369
  -0.02353
   0.04135
   0.01008
  -0.04463
   0.00443
   0.04319
  -0.01848
  -0.03718
   0.03057
   0.02723
  -0.03943
  -0.01441
   0.04412
   0.00006
  -0.04413
   0.01430
   0.03948
  -0.02714
  -0.03065
   0.03711
   0.01858
  -0.04316
  -0.00454
   0.04464
  -0.00998
  -0.04139
   0.02344
   0.03377
  -0.03442
  -0.02257
   0.04176
   0.00899
  -0.04469
   0.00555
   0.04288
  -0.01950
  -0.03654
   0.03138
   0.02633
  -0.03995
  -0.01334
   0.04429
  -0.00107
  -0.04394
   0.01536
   0.03894
  -0.02803
  -0.02983
   0.03773
   0.01755
  -0.04344
  -0.00342
   0.04455
  -0.01107
  -0.04095
   0.02439
   0.03302
  -0.03513
  -0.02159
   0.04215
   0.00788
  -0.04472
   0.00666
   0.04255
  -0.02050
  -0.03588
   0.03217
   0.02541
  -0.04044
  -0.01226
   0.04443
  -0.00219
  -0.04372
   0.01641
   0.03838
  -0.02889
  -0.02898
   0.03832
   0.01651
  -0.04369
  -0.00230
   0.04444
  -0.01215
  -0.04049
   0.02532
   0.03225
  -0.03581
  -0.02060
   0.04252
   0.00677
  -0.04472
   0.00777
   0.04219
  -0.02150
  -0.03520
   0.03294
   0.02448
  -0.04091
  -0.01118
   0.04454
  -0.00331
  -0.04347
   0.01745
   0.03779
  -0.02974
  -0.02811
   0.03889
   0.01547
  -0.04392
  -0.00118
   0.04430
  -0.01323
  -0.04000
   0.02624
   0.03146
  -0.03648
  -0.01960
   0.04285
   0.00566
  -0.04469
   0.00888
   0.04180
  -0.02247
  -0.03449
   0.03369
   0.02353
  -0.04135
  -0.01008
   0.04463
  -0.00443
  -0.04319
   0.01848
   0.03718
  -0.03057
  -0.02723
   0.03943
   0.01441
  -0.04412
  -0.00006
   0.04413
  -0.01430
  -0.03948
   0.02714
   0.03065
  -0.03711
  -0.01858
   0.04316
   0.00454
  -0.04464
   0.00998
   0.04139
  -0.02344
  -0.03377
   0.03442
   0.02257
  -0.04176
  -0.00899
   0.04469
  -0.00555
  -0.04288
   0.01950
   0.03654
  -0.03138
  -0.02633
   0.03995
   0.01334
  -0.04429
   0.00107
   0.04394
  -0.01536
  -0.03894
   0.02803
   0.02983
  -0.03773
  -0.01755
   0.04344
   0.00342
  -0.04455
   0.01107
   0.04095
  -0.02439
  -0.03302
   0.03513
   0.02159
  -0.04215
  -0.00788
   0.04472
  -0.00666
  -0.04255
   0.02050
   0.03588
  -0.03217
  -0.02541
   0.04044
   0.01226
  -0.04443
   0.00219
   0.04372
  -0.01641
  -0.03838
   0.02889
   0.02898
  -0.03832
  -0.01651
   0.04369
   0.00230
  -0.04444
   0.01215
   0.04049
  -0.02532
  -0.03225
   0.03581
   0.02060
  -0.04252
  -0.00677
   0.04472
  -0.00777
  -0.04219
   0.02150
   0.03520
  -0.03294
  -0.02448
   0.04091
   0.01118
  -0.04454
   0.00331
   0.04347
  -0.01745
  -0.03779
   0.02974
   0.02811
  -0.03889
  -0.01547
   0.04392
   0.00118
  -0.04430
   0.01323
   0.04000
  -0.02624
  -0.03146
   0.03648
   0.01960
  -0.04285
  -0.00566
   0.04469
  -0.00888
  -0.04180
   0.02247
   0.03449
  -0.03369
  -0.02353
   0.04135
   0.01008
  -0.04463
   0.00443
   0.04319
  -0.01848
  -0.03718
   0.03057
   0.02723
  -0.03943
  -0.01441
   0.04412
   0.00006
  -0.04413
   0.01430
   0.03948
  -0.02714
  -0.03065
   0.03711
   0.01858
  -0.04316
  -0.00454
   0.04464
  -0.00998
  -0.04139
   0.02344
   0.03377
  -0.03442
  -0.02257
   0.04176
   0.00899
  -0.04469
   0.00555
   0.04288
  -0.01950
  -0.03654
   0.03138
   0.02633
  -0.03995
  -0.01334
   0.04429
  -0.00107
  -0.04394
   0.01536
   0.03894
  -0.02803
  -0.02983
   0.03773
   0.01755
  -0.04344
  -0.00342
   0.04455
  -0.01107
  -0.04095
   0.02439
   0.03302
  -0.03513
  -0.02159
   0.04215
   0.00788
  -0.04472
   0.00666
   0.04255
  -0.02050
  -0.03588
   0.03217
   0.02541
  -0.04044
  -0.01226
   0.04443
  -0.00219
  -0.04372
   0.01641
   0.03838
  -0.02889
  -0.02898
   0.03832
   0.01651
  -0.04369
  -0.00230
   0.04444
  -0.01215
  -0.04049
   0.02532
   0.03225
  -0.03581
  -0.02060
   0.04252
   0.00677
  -0.04472
   0.00777
   0.04219
  -0.02150
  -0.03520
   0.03294
   0.02448
  -0.04091
  -0.01118
   0.04454
  -0.00331
  -0.04347
   0.01745
   0.03779
  -0.02974
  -0.02811
   0.03889
   0.01547
  -0.04392
  -0.00118
   0.04430
  -0.01323
  -0.04000
   0.02624
   0.03146
  -0.03648
  -0.01960
   0.04285
   0.00566
  -0.04469
   0.00888
   0.04180
  -0.02247
  -0.03449
   0.03369
   0.02353
  -0.04135
  -0.01008
   0.04463
  -0.00443
  -0.04319
   0.01848
   0.03718
  -0.03057
  -0.02723
   0.03943
   0.01441
  -0.04412
  -0.00006
   0.04413
  -0.01430
  -0.03948
   0.02714
   0.03065
  -0.03711
  -0.01858
   0.04316
   0.00454
  -0.04464
   0.00998
   0.04139
  -0.02344
  -0.03377
   0.03442
   0.02257
  -0.04176
  -0.00899
   0.04469
  -0.00555
  -0.04288
   0.01950
   0.03654
  -0.03138
  -0.02633
   0.03995
   0.01334
  -0.04429
   0.00107
   0.04394
  -0.01536
  -0.03894
   0.02803
   0.02983
  -0.03773
  -0.01755
   0.04344
   0.00342
  -0.04455
   0.01107
   0.04095
  -0.02439
  -0.03302
   0.03513
   0.02159
  -0.04215
  -0.00788
   0.04472
  -0.00666
  -0.04255
   0.02050
   0.03588
  -0.03217
  -0.02541
   0.04044
   0.01226
  -0.04443
   0.00219
   0.04372
  -0.01641
  -0.03838
   0.02889
   0.02898
  -0.03832
  -0.01651
   0.04369
   0.00230
  -0.04444
   0.01215
   0.04049
  -0.02532
  -0.03225
   0.03581
   0.02060
  -0.04252
  -0.00677
   0.04472
  -0.00777
  -0.04219
   0.02150
   0.03520
  -0.03294
  -0.02448
   0.04091
   0.01118
  -0.04454
   0.00331
   0.04347
  -0.01745
  -0.03779
   0.02974
   0.02811
  -0.03889
  -0.01547
   0.04392
   0.00118
  -0.04430
   0.01323
   0.04000
  -0.02624
  -0.03146
   0.03648
   0.01960
  -0.04285
  -0.00566
   0.04469
  -0.00888
  -0.04180
   0.02247
   0.03449
  -0.03369
  -0.02353
   0.04135
   0.01008
  -0.04463
   0.00443
   0.04319
  -0.01848
  -0.03718
   0.03057
   0.02723
  -0.03943
  -0.01441
   0.04412
   0.00006
  -0.04413
   0.01430
   0.03948
  -0.02714
  -0.03065
   0.03711
   0.01858
  -0.04316
  -0.00454
   0.04464
  -0.00998
  -0.04139
   0.02344
   0.03377
  -0.03442
  -0.02257
   0.04176
   0.00899
  -0.04469
   0.00555
   0.04288
  -0.01950
  -0.03654
   0.03138
   0.02633
  -0.03995
  -0.01334
   0.04429
  -0.00107
  -0.04394
   0.01536
   0.03894
  -0.02803
  -0.02983
   0.03773
   0.01755
  -0.04344
  -0.00342
   0.04455
  -0.01107
  -0.04095
   0.02439
   0.03302
  -0.03513
  -0.02159
   0.04215
   0.00788
  -0.04472
   0.00666
   0.04255
  -0.02050
  -0.03588
   0.03217
   0.02541
  -0.04044
  -0.01226
   0.04443
  -0.00219
  -0.04372
   0.01641
   0.03838
  -0.02889
  -0.02898
   0.03832
   0.01651
  -0.04369
  -0.00230
   0.04444
  -0.01215
  -0.04049
   0.02532
   0.03225
  -0.03581
  -0.02060
   0.04252
   0.00677
  -0.04472
   0.00777
   0.04219
  -0.02150
  -0.03520
   0.03294
   0.02448
  -0.04091
  -0.01118
   0.04454
  -0.00331
  -0.04347
   0.01745
   0.03779
  -0.02974
  -0.02811
   0.03889
   0.01547
  -0.04392
  -0.00118
   0.04430
  -0.01323
  -0.04000
   0.02624
   0.03146
  -0.03648
  -0.01960
   0.04285
   0.00566
  -0.04469
   0.00888
   0.04180
  -0.02247
  -0.03449
   0.03369
   0.02353
  -0.04135
  -0.01008
   0.04463
  -0.00443
  -0.04319
   0.01848
   0.03718
  -0.03057
  -0.02723
   0.03943
   0.01441
  -0.04412
  -0.00006
   0.04413
  -0.01430
  -0.03948
   0.02714
   0.03065
  -0.03711
  -0.01858
   0.04316
   0.00454
  -0.04464
   0.00998
   0.04139
  -0.02344
  -0.03377
   0.03442
   0.02257
  -0.04176
  -0.00899
   0.04469
  -0.00555
  -0.04288
   0.01950
   0.03654
  -0.03138
  -0.02633
   0.03995
   0.01334
  -0.04429
   0.00107
   0.04394
  -0.01536
  -0.03894
   0.02803
   0.02983
  -0.03773
  -0.01755
   0.04344
   0.00342
  -0.04455
   0.01107
   0.04095
  -0.02439
  -0.03302
   0.03513
   0.02159
  -0.04215
  -0.00788
   0.04472
  -0.00666
  -0.04255
   0.02050
   0.03588
  -0.03217
  -0.02541
   0.04044
   0.01226
  -0.04443
   0.00219
   0.04372
  -0.01641
  -0.03838
   0.02889
   0.02898
  -0.03832
  -0.01651
   0.04369
   0.00230
  -0.04444
   0.01215
   0.04049
  -0.02532
  -0.03225
   0.03581
   0.02060
  -0.04252
  -0.00677
   0.04472
  -0.00777
  -0.04219
   0.02150
   0.03520
  -0.03294
  -0.02448
   0.04091
   0.01118
  -0.04454
   0.00331
   0.04347
  -0.01745
  -0.03779
   0.02974
   0.02811
  -0.03889
  -0.01547
   0.04392
   0.00118
  -0.04430
   0.01323
   0.04000
  -0.02624
  -0.03146
   0.03648
   0.01960
  -0.04285
  -0.00566
   0.04469
