  -0.04360
   0.01793
   0.03689
  -0.03175
  -0.02499
   0.04111
   0.00958
  -0.04470
   0.00717
   0.04202
  -0.02292
  -0.03343
   0.03545
   0.02014
  -0.04300
  -0.00403
   0.04451
  -0.01265
  -0.03977
   0.02755
   0.02944
  -0.03858
  -0.01498
   0.04420
  -0.00158
  -0.04360
   0.01793
   0.03689
  -0.03175
  -0.02499
   0.04111
   0.00958
  -0.04470
   0.00717
   0.04202
  -0.02292
  -0.03343
   0.03545
   0.02014
  -0.04300
  -0.00403
   0.04451
  -0.01265
  -0.03977
   0.02755
   0.02944
  -0.03858
  -0.01498
   0.04420
  -0.00158
  -0.04360
   0.01793
   0.03689
  -0.03175
  -0.02499
   0.04111
   0.00958
  -0.04470
   0.00717
   0.04202
  -0.02292
  -0.03343
   0.03545
   0.02014
  -0.04300
  -0.00403
   0.04451
  -0.01265
  -0.03977
   0.02755
   0.02944
  -0.03858
  -0.01498
   0.04420
  -0.00158
  -0.04360
   0.01793
   0.03689
  -0.03175
  -0.02499
   0.04111
   0.00958
  -0.04470
   0.00717
   0.04202
  -0.02292
  -0.03343
   0.03545
   0.02014
  -0.04300
  -0.00403
   0.04451
  -0.01265
  -0.03977
   0.02755
   0.02944
  -0.03858
  -0.01498
   0.04420
  -0.00158
  -0.04360
   0.01793
   0.03689
  -0.03175
  -0.02499
   0.04111
   0.00958
  -0.04470
   0.00717
   0.04202
  -0.02292
  -0.03343
   0.03545
   0.02014
  -0.04300
  -0.00403
   0.04451
  -0.01265
  -0.03977
   0.02755
   0.02944
  -0.03858
  -0.01498
   0.04420
  -0.00158
  -0.04360
   0.01793
   0.03689
  -0.03175
  -0.02499
   0.04111
   0.00958
  -0.04470
   0.00717
   0.04202
  -0.02292
  -0.03343
   0.03545
   0.02014
  -0.04300
  -0.00403
   0.04451
  -0.01265
  -0.03977
   0.02755
   0.02944
  -0.03858
  -0.01498
   0.04420
  -0.00158
  -0.04360
   0.01793
   0.03689
  -0.03175
  -0.02499
   0.04111
   0.00958
  -0.04470
   0.00717
   0.04202
  -0.02292
  -0.03343
   0.03545
   0.02014
  -0.04300
  -0.00403
   0.04451
  -0.01265
  -0.03977
   0.02755
   0.02944
  -0.03858
  -0.01498
   0.04420
  -0.00158
  -0.04360
   0.01793
   0.03689
  -0.03175
  -0.02499
   0.04111
   0.00958
  -0.04470
   0.00717
   0.04202
  -0.02292
  -0.03343
   0.03545
   0.02014
  -0.04300
  -0.00403
   0.04451
  -0.01265
  -0.03977
   0.02755
   0.02944
  -0.03858
  -0.01498
   0.04420
  -0.00158
  -0.04360
   0.01793
   0.03689
  -0.03175
  -0.02499
   0.04111
   0.00958
  -0.04470
   0.00717
   0.04202
  -0.02292
  -0.03343
   0.03545
   0.02014
  -0.04300
  -0.00403
   0.04451
  -0.01265
  -0.03977
   0.02755
   0.02944
  -0.03858
  -0.01498
   0.04420
  -0.00158
  -0.04360
   0.01793
   0.03689
  -0.03175
  -0.02499
   0.04111
   0.00958
  -0.04470
   0.00717
   0.04202
  -0.02292
  -0.03343
   0.03545
   0.02014
  -0.04300
  -0.00403
   0.04451
  -0.01265
  -0.03977
   0.02755
   0.02944
  -0.03858
  -0.01498
   0.04420
  -0.00158
  -0.04360
   0.01793
   0.03689
  -0.03175
  -0.02499
   0.04111
   0.00958
  -0.04470
   0.00717
   0.04202
  -0.02292
  -0.03343
   0.03545
   0.02014
  -0.04300
  -0.00403
   0.04451
  -0.01265
  -0.03977
   0.02755
   0.02944
  -0.03858
  -0.01498
   0.04420
  -0.00158
  -0.04360
   0.01793
   0.03689
  -0.03175
  -0.02499
   0.04111
   0.00958
  -0.04470
   0.00717
   0.04202
  -0.02292
  -0.03343
   0.03545
   0.02014
  -0.04300
  -0.00403
   0.04451
  -0.01265
  -0.03977
   0.02755
   0.02944
  -0.03858
  -0.01498
   0.04420
  -0.00158
  -0.04360
   0.01793
   0.03689
  -0.03175
  -0.02499
   0.04111
   0.00958
  -0.04470
   0.00717
   0.04202
  -0.02292
  -0.03343
   0.03545
   0.02014
  -0.04300
  -0.00403
   0.04451
  -0.01265
  -0.03977
   0.02755
   0.02944
  -0.03858
  -0.01498
   0.04420
  -0.00158
  -0.04360
   0.01793
   0.03689
  -0.03175
  -0.02499
   0.04111
   0.00958
  -0.04470
   0.00717
   0.04202
  -0.02292
  -0.03343
   0.03545
   0.02014
  -0.04300
  -0.00403
   0.04451
  -0.01265
  -0.03977
   0.02755
   0.02944
  -0.03858
  -0.01498
   0.04420
  -0.00158
  -0.04360
   0.01793
   0.03689
  -0.03175
  -0.02499
   0.04111
   0.00958
  -0.04470
   0.00717
   0.04202
  -0.02292
  -0.03343
   0.03545
   0.02014
  -0.04300
  -0.00403
   0.04451
  -0.01265
  -0.03977
   0.02755
   0.02944
  -0.03858
  -0.01498
   0.04420
  -0.00158
  -0.04360
   0.01793
   0.03689
  -0.03175
  -0.02499
   0.04111
   0.00958
  -0.04470
   0.00717
   0.04202
  -0.02292
  -0.03343
   0.03545
   0.02014
  -0.04300
  -0.00403
   0.04451
  -0.01265
  -0.03977
   0.02755
   0.02944
  -0.03858
  -0.01498
   0.04420
  -0.00158
  -0.04360
   0.01793
   0.03689
  -0.03175
  -0.02499
   0.04111
   0.00958
  -0.04470
   0.00717
   0.04202
  -0.02292
  -0.03343
   0.03545
   0.02014
  -0.04300
  -0.00403
   0.04451
  -0.01265
  -0.03977
   0.02755
   0.02944
  -0.03858
  -0.01498
   0.04420
  -0.00158
  -0.04360
   0.01793
   0.03689
  -0.03175
  -0.02499
   0.04111
   0.00958
  -0.04470
   0.00717
   0.04202
  -0.02292
  -0.03343
   0.03545
   0.02014
  -0.04300
  -0.00403
   0.04451
  -0.01265
  -0.03977
   0.02755
   0.02944
  -0.03858
  -0.01498
   0.04420
  -0.00158
  -0.04360
   0.01793
   0.03689
  -0.03175
  -0.02499
   0.04111
   0.00958
  -0.04470
   0.00717
   0.04202
  -0.02292
  -0.03343
   0.03545
   0.02014
  -0.04300
  -0.00403
   0.04451
  -0.01265
  -0.03977
   0.02755
   0.02944
  -0.03858
  -0.01498
   0.04420
  -0.00158
  -0.04360
   0.01793
   0.03689
  -0.03175
  -0.02499
   0.04111
   0.00958
  -0.04470
   0.00717
   0.04202
  -0.02292
  -0.03343
   0.03545
   0.02014
  -0.04300
  -0.00403
   0.04451
  -0.01265
  -0.03977
   0.02755
   0.02944
  -0.03858
  -0.01498
   0.04420
  -0.00158
  -0.04360
   0.01793
   0.03689
  -0.03175
  -0.02499
   0.04111
   0.00958
  -0.04470
   0.00717
   0.04202
  -0.02292
  -0.03343
   0.03545
   0.02014
  -0.04300
  -0.00403
   0.04451
  -0.01265
  -0.03977
   0.02755
   0.02944
  -0.03858
  -0.01498
   0.04420
  -0.00158
  -0.04360
   0.01793
   0.03689
  -0.03175
  -0.02499
   0.04111
   0.00958
  -0.04470
   0.00717
   0.04202
  -0.02292
  -0.03343
   0.03545
   0.02014
  -0.04300
  -0.00403
   0.04451
  -0.01265
  -0.03977
   0.02755
   0.02944
  -0.03858
  -0.01498
   0.04420
  -0.00158
  -0.04360
   0.01793
   0.03689
  -0.03175
  -0.02499
   0.04111
   0.00958
  -0.04470
   0.00717
   0.04202
  -0.02292
  -0.03343
   0.03545
   0.02014
  -0.04300
  -0.00403
   0.04451
  -0.01265
  -0.03977
   0.02755
   0.02944
  -0.03858
  -0.01498
   0.04420
  -0.00158
  -0.04360
   0.01793
   0.03689
  -0.03175
  -0.02499
   0.04111
   0.00958
  -0.04470
   0.00717
   0.04202
  -0.02292
  -0.03343
   0.03545
   0.02014
  -0.04300
  -0.00403
   0.04451
  -0.01265
  -0.03977
   0.02755
   0.02944
  -0.03858
  -0.01498
   0.04420
  -0.00158
  -0.04360
   0.01793
   0.03689
  -0.03175
  -0.02499
   0.04111
   0.00958
  -0.04470
   0.00717
   0.04202
  -0.02292
  -0.03343
   0.03545
   0.02014
  -0.04300
  -0.00403
   0.04451
  -0.01265
  -0.03977
   0.02755
   0.02944
  -0.03858
  -0.01498
   0.04420
  -0.00158
  -0.04360
   0.01793
   0.03689
  -0.03175
  -0.02499
   0.04111
   0.00958
  -0.04470
   0.00717
   0.04202
  -0.02292
  -0.03343
   0.03545
   0.02014
  -0.04300
  -0.00403
   0.04451
  -0.01265
  -0.03977
   0.02755
   0.02944
  -0.03858
  -0.01498
   0.04420
  -0.00158
  -0.04360
   0.01793
   0.03689
  -0.03175
  -0.02499
   0.04111
   0.00958
  -0.04470
   0.00717
   0.04202
  -0.02292
  -0.03343
   0.03545
   0.02014
  -0.04300
  -0.00403
   0.04451
  -0.01265
  -0.03977
   0.02755
   0.02944
  -0.03858
  -0.01498
   0.04420
  -0.00158
  -0.04360
   0.01793
   0.03689
  -0.03175
  -0.02499
   0.04111
   0.00958
  -0.04470
   0.00717
   0.04202
  -0.02292
  -0.03343
   0.03545
   0.02014
  -0.04300
  -0.00403
   0.04451
  -0.01265
  -0.03977
   0.02755
   0.02944
  -0.03858
  -0.01498
   0.04420
  -0.00158
  -0.04360
   0.01793
   0.03689
  -0.03175
  -0.02499
   0.04111
   0.00958
  -0.04470
   0.00717
   0.04202
  -0.02292
  -0.03343
   0.03545
   0.02014
  -0.04300
  -0.00403
   0.04451
  -0.01265
  -0.03977
   0.02755
   0.02944
  -0.03858
  -0.01498
   0.04420
  -0.00158
  -0.04360
   0.01793
   0.03689
  -0.03175
  -0.02499
   0.04111
   0.00958
  -0.04470
   0.00717
   0.04202
  -0.02292
  -0.03343
   0.03545
   0.02014
  -0.04300
  -0.00403
   0.04451
  -0.01265
  -0.03977
   0.02755
   0.02944
  -0.03858
  -0.01498
   0.04420
  -0.00158
  -0.04360
   0.01793
   0.03689
  -0.03175
  -0.02499
   0.04111
   0.00958
  -0.04470
   0.00717
   0.04202
  -0.02292
  -0.03343
   0.03545
   0.02014
  -0.04300
  -0.00403
   0.04451
  -0.01265
  -0.03977
   0.02755
   0.02944
  -0.03858
  -0.01498
   0.04420
  -0.00158
  -0.04360
   0.01793
   0.03689
  -0.03175
  -0.02499
   0.04111
   0.00958
  -0.04470
   0.00717
   0.04202
  -0.02292
  -0.03343
   0.03545
   0.02014
  -0.04300
  -0.00403
   0.04451
  -0.01265
  -0.03977
   0.02755
   0.02944
  -0.03858
  -0.01498
   0.04420
  -0.00158
  -0.04360
   0.01793
   0.03689
  -0.03175
  -0.02499
   0.04111
   0.00958
  -0.04470
   0.00717
   0.04202
  -0.02292
  -0.03343
   0.03545
   0.02014
  -0.04300
  -0.00403
   0.04451
  -0.01265
  -0.03977
   0.02755
   0.02944
  -0.03858
  -0.01498
   0.04420
  -0.00158
  -0.04360
   0.01793
   0.03689
  -0.03175
  -0.02499
   0.04111
   0.00958
  -0.04470
   0.00717
   0.04202
  -0.02292
  -0.03343
   0.03545
   0.02014
  -0.04300
  -0.00403
   0.04451
  -0.01265
  -0.03977
   0.02755
   0.02944
  -0.03858
  -0.01498
   0.04420
  -0.00158
  -0.04360
   0.01793
   0.03689
  -0.03175
  -0.02499
   0.04111
   0.00958
  -0.04470
   0.00717
   0.04202
  -0.02292
  -0.03343
   0.03545
   0.02014
  -0.04300
  -0.00403
   0.04451
  -0.01265
  -0.03977
   0.02755
   0.02944
  -0.03858
  -0.01498
   0.04420
  -0.00158
  -0.04360
   0.01793
   0.03689
  -0.03175
  -0.02499
   0.04111
   0.00958
  -0.04470
   0.00717
   0.04202
  -0.02292
  -0.03343
   0.03545
   0.02014
  -0.04300
  -0.00403
   0.04451
  -0.01265
  -0.03977
   0.02755
   0.02944
  -0.03858
  -0.01498
   0.04420
  -0.00158
  -0.04360
   0.01793
   0.03689
  -0.03175
  -0.02499
   0.04111
   0.00958
  -0.04470
   0.00717
   0.04202
  -0.02292
  -0.03343
   0.03545
   0.02014
  -0.04300
  -0.00403
   0.04451
  -0.01265
  -0.03977
   0.02755
   0.02944
  -0.03858
  -0.01498
   0.04420
  -0.00158
  -0.04360
   0.01793
   0.03689
  -0.03175
  -0.02499
   0.04111
   0.00958
  -0.04470
   0.00717
   0.04202
  -0.02292
  -0.03343
   0.03545
   0.02014
  -0.04300
  -0.00403
   0.04451
  -0.01265
  -0.03977
   0.02755
   0.02944
  -0.03858
  -0.01498
   0.04420
  -0.00158
  -0.04360
   0.01793
   0.03689
  -0.03175
  -0.02499
   0.04111
   0.00958
  -0.04470
   0.00717
   0.04202
  -0.02292
  -0.03343
   0.03545
   0.02014
  -0.04300
  -0.00403
   0.04451
  -0.01265
  -0.03977
   0.02755
   0.02944
  -0.03858
  -0.01498
   0.04420
  -0.00158
  -0.04360
   0.01793
   0.03689
  -0.03175
  -0.02499
   0.04111
   0.00958
  -0.04470
   0.00717
   0.04202
  -0.02292
  -0.03343
   0.03545
   0.02014
  -0.04300
  -0.00403
   0.04451
  -0.01265
  -0.03977
   0.02755
   0.02944
  -0.03858
  -0.01498
   0.04420
  -0.00158
