   0.00393
  -0.00975
   0.01541
  -0.02080
   0.02583
  -0.03041
   0.03446
  -0.03791
   0.04070
  -0.04279
   0.04413
  -0.04470
   0.04450
  -0.04352
   0.04179
  -0.03932
   0.03618
  -0.03241
   0.02807
  -0.02325
   0.01802
  -0.01248
   0.00672
  -0.00084
  -0.00505
   0.01085
  -0.01646
   0.02179
  -0.02674
   0.03122
  -0.03516
   0.03849
  -0.04115
   0.04310
  -0.04429
   0.04472
  -0.04437
   0.04325
  -0.04137
   0.03878
  -0.03551
   0.03162
  -0.02719
   0.02228
  -0.01699
   0.01140
  -0.00561
  -0.00028
   0.00616
  -0.01193
   0.01750
  -0.02276
   0.02763
  -0.03202
   0.03585
  -0.03905
   0.04158
  -0.04338
   0.04444
  -0.04471
   0.04421
  -0.04295
   0.04093
  -0.03821
   0.03481
  -0.03082
   0.02629
  -0.02130
   0.01594
  -0.01030
   0.00449
   0.00140
  -0.00727
   0.01301
  -0.01853
   0.02372
  -0.02851
   0.03279
  -0.03651
   0.03959
  -0.04198
   0.04364
  -0.04455
   0.04468
  -0.04403
   0.04262
  -0.04047
   0.03761
  -0.03410
   0.03000
  -0.02537
   0.02030
  -0.01489
   0.00921
  -0.00337
  -0.00253
   0.00838
  -0.01409
   0.01955
  -0.02467
   0.02936
  -0.03354
   0.03714
  -0.04010
   0.04236
  -0.04388
   0.04463
  -0.04461
   0.04382
  -0.04227
   0.03997
  -0.03699
   0.03336
  -0.02915
   0.02444
  -0.01930
   0.01382
  -0.00811
   0.00225
   0.00365
  -0.00948
   0.01515
  -0.02055
   0.02560
  -0.03020
   0.03428
  -0.03776
   0.04058
  -0.04270
   0.04408
  -0.04469
   0.04452
  -0.04358
   0.04188
  -0.03946
   0.03635
  -0.03260
   0.02829
  -0.02349
   0.01828
  -0.01275
   0.00700
  -0.00113
  -0.00477
   0.01058
  -0.01620
   0.02154
  -0.02651
   0.03102
  -0.03499
   0.03835
  -0.04104
   0.04302
  -0.04425
   0.04472
  -0.04440
   0.04332
  -0.04148
   0.03892
  -0.03568
   0.03182
  -0.02741
   0.02252
  -0.01725
   0.01167
  -0.00589
   0.00000
   0.00588
  -0.01166
   0.01724
  -0.02252
   0.02741
  -0.03182
   0.03568
  -0.03892
   0.04148
  -0.04332
   0.04440
  -0.04472
   0.04426
  -0.04302
   0.04104
  -0.03835
   0.03499
  -0.03102
   0.02651
  -0.02155
   0.01620
  -0.01058
   0.00477
   0.00112
  -0.00699
   0.01274
  -0.01827
   0.02349
  -0.02829
   0.03260
  -0.03634
   0.03946
  -0.04188
   0.04358
  -0.04452
   0.04469
  -0.04408
   0.04270
  -0.04058
   0.03776
  -0.03428
   0.03020
  -0.02560
   0.02055
  -0.01515
   0.00948
  -0.00365
  -0.00225
   0.00810
  -0.01382
   0.01929
  -0.02443
   0.02915
  -0.03336
   0.03699
  -0.03997
   0.04226
  -0.04382
   0.04461
  -0.04463
   0.04388
  -0.04236
   0.04010
  -0.03715
   0.03355
  -0.02936
   0.02467
  -0.01955
   0.01409
  -0.00838
   0.00253
   0.00337
  -0.00920
   0.01488
  -0.02030
   0.02537
  -0.02999
   0.03410
  -0.03761
   0.04046
  -0.04262
   0.04403
  -0.04468
   0.04455
  -0.04364
   0.04198
  -0.03959
   0.03651
  -0.03279
   0.02851
  -0.02373
   0.01853
  -0.01302
   0.00727
  -0.00141
  -0.00449
   0.01030
  -0.01594
   0.02130
  -0.02629
   0.03082
  -0.03481
   0.03820
  -0.04093
   0.04295
  -0.04421
   0.04471
  -0.04444
   0.04339
  -0.04158
   0.03905
  -0.03585
   0.03202
  -0.02763
   0.02277
  -0.01750
   0.01194
  -0.00616
   0.00028
   0.00560
  -0.01139
   0.01698
  -0.02228
   0.02719
  -0.03162
   0.03551
  -0.03878
   0.04137
  -0.04325
   0.04437
  -0.04472
   0.04429
  -0.04310
   0.04115
  -0.03849
   0.03516
  -0.03122
   0.02674
  -0.02179
   0.01646
  -0.01085
   0.00505
   0.00084
  -0.00672
   0.01248
  -0.01802
   0.02325
  -0.02807
   0.03241
  -0.03618
   0.03932
  -0.04178
   0.04352
  -0.04450
   0.04470
  -0.04413
   0.04279
  -0.04070
   0.03791
  -0.03446
   0.03041
  -0.02583
   0.02080
  -0.01541
   0.00976
  -0.00393
  -0.00196
   0.00783
  -0.01355
   0.01904
  -0.02420
   0.02894
  -0.03317
   0.03683
  -0.03985
   0.04217
  -0.04376
   0.04459
  -0.04465
   0.04393
  -0.04245
   0.04022
  -0.03730
   0.03373
  -0.02958
   0.02491
  -0.01980
   0.01435
  -0.00866
   0.00281
   0.00309
  -0.00893
   0.01462
  -0.02005
   0.02514
  -0.02978
   0.03391
  -0.03745
   0.04034
  -0.04253
   0.04398
  -0.04466
   0.04457
  -0.04371
   0.04208
  -0.03972
   0.03667
  -0.03298
   0.02872
  -0.02396
   0.01879
  -0.01329
   0.00755
  -0.00169
  -0.00421
   0.01003
  -0.01567
   0.02105
  -0.02606
   0.03061
  -0.03464
   0.03806
  -0.04082
   0.04287
  -0.04417
   0.04471
  -0.04447
   0.04345
  -0.04168
   0.03919
  -0.03602
   0.03221
  -0.02785
   0.02301
  -0.01776
   0.01221
  -0.00644
   0.00056
   0.00532
  -0.01112
   0.01672
  -0.02203
   0.02696
  -0.03142
   0.03534
  -0.03864
   0.04126
  -0.04317
   0.04433
  -0.04472
   0.04433
  -0.04317
   0.04126
  -0.03864
   0.03534
  -0.03142
   0.02697
  -0.02204
   0.01673
  -0.01112
   0.00533
   0.00056
  -0.00644
   0.01221
  -0.01776
   0.02301
  -0.02785
   0.03221
  -0.03601
   0.03919
  -0.04168
   0.04345
  -0.04447
   0.04471
  -0.04417
   0.04287
  -0.04082
   0.03806
  -0.03464
   0.03062
  -0.02606
   0.02105
  -0.01568
   0.01003
  -0.00421
  -0.00168
   0.00755
  -0.01328
   0.01879
  -0.02396
   0.02872
  -0.03298
   0.03667
  -0.03972
   0.04208
  -0.04370
   0.04457
  -0.04466
   0.04398
  -0.04253
   0.04035
  -0.03746
   0.03392
  -0.02979
   0.02514
  -0.02005
   0.01462
  -0.00893
   0.00309
   0.00281
  -0.00865
   0.01435
  -0.01980
   0.02490
  -0.02957
   0.03373
  -0.03730
   0.04022
  -0.04244
   0.04393
  -0.04465
   0.04459
  -0.04376
   0.04217
  -0.03985
   0.03683
  -0.03317
   0.02894
  -0.02420
   0.01904
  -0.01355
   0.00783
  -0.00197
  -0.00393
   0.00975
  -0.01541
   0.02080
  -0.02583
   0.03041
  -0.03446
   0.03791
  -0.04070
   0.04279
  -0.04413
   0.04470
  -0.04450
   0.04352
  -0.04179
   0.03932
  -0.03618
   0.03241
  -0.02807
   0.02325
  -0.01802
   0.01248
  -0.00672
   0.00084
   0.00505
  -0.01085
   0.01646
  -0.02179
   0.02674
  -0.03122
   0.03516
  -0.03849
   0.04115
  -0.04310
   0.04429
  -0.04472
   0.04437
  -0.04325
   0.04137
  -0.03878
   0.03551
  -0.03162
   0.02719
  -0.02228
   0.01699
  -0.01140
   0.00561
   0.00028
  -0.00616
   0.01193
  -0.01750
   0.02276
  -0.02763
   0.03202
  -0.03585
   0.03905
  -0.04158
   0.04338
  -0.04444
   0.04471
  -0.04421
   0.04295
  -0.04093
   0.03821
  -0.03481
   0.03082
  -0.02629
   0.02130
  -0.01594
   0.01030
  -0.00449
  -0.00140
   0.00727
  -0.01301
   0.01853
  -0.02372
   0.02851
  -0.03279
   0.03651
  -0.03959
   0.04198
  -0.04364
   0.04455
  -0.04468
   0.04403
  -0.04262
   0.04047
  -0.03761
   0.03410
  -0.03000
   0.02537
  -0.02030
   0.01489
  -0.00921
   0.00337
   0.00253
  -0.00838
   0.01409
  -0.01955
   0.02467
  -0.02936
   0.03354
  -0.03714
   0.04010
  -0.04236
   0.04388
  -0.04463
   0.04461
  -0.04382
   0.04227
  -0.03997
   0.03699
  -0.03336
   0.02915
  -0.02444
   0.01930
  -0.01382
   0.00811
  -0.00225
  -0.00365
   0.00948
  -0.01515
   0.02055
  -0.02560
   0.03020
  -0.03428
   0.03776
  -0.04058
   0.04270
  -0.04408
   0.04469
  -0.04452
   0.04358
  -0.04188
   0.03946
  -0.03635
   0.03260
  -0.02829
   0.02349
  -0.01828
   0.01275
  -0.00700
   0.00113
   0.00477
  -0.01058
   0.01620
  -0.02154
   0.02651
  -0.03102
   0.03499
  -0.03835
   0.04104
  -0.04302
   0.04425
  -0.04472
   0.04440
  -0.04332
   0.04148
  -0.03892
   0.03568
  -0.03182
   0.02741
  -0.02252
   0.01725
  -0.01167
   0.00589
  -0.00000
  -0.00588
   0.01166
  -0.01724
   0.02252
  -0.02741
   0.03182
  -0.03568
   0.03892
  -0.04148
   0.04332
  -0.04440
   0.04472
  -0.04426
   0.04302
  -0.04104
   0.03835
  -0.03499
   0.03102
  -0.02651
   0.02155
  -0.01620
   0.01058
  -0.00477
  -0.00112
   0.00699
  -0.01274
   0.01827
  -0.02349
   0.02829
  -0.03260
   0.03634
  -0.03946
   0.04188
  -0.04358
   0.04452
  -0.04469
   0.04408
  -0.04270
   0.04058
  -0.03776
   0.03428
  -0.03020
   0.02560
  -0.02055
   0.01515
  -0.00948
   0.00365
   0.00225
  -0.00810
   0.01382
  -0.01929
   0.02443
  -0.02915
   0.03336
  -0.03699
   0.03997
  -0.04226
   0.04382
  -0.04461
   0.04463
  -0.04388
   0.04236
  -0.04010
   0.03715
  -0.03355
   0.02936
  -0.02467
   0.01955
  -0.01409
   0.00838
  -0.00253
  -0.00337
   0.00920
  -0.01488
   0.02030
  -0.02537
   0.02999
  -0.03410
   0.03761
  -0.04046
   0.04262
  -0.04403
   0.04468
  -0.04455
   0.04364
  -0.04198
   0.03959
  -0.03651
   0.03279
  -0.02851
   0.02373
  -0.01853
   0.01302
  -0.00727
   0.00141
   0.00449
  -0.01030
   0.01594
  -0.02130
   0.02629
  -0.03082
   0.03481
  -0.03820
   0.04093
  -0.04295
   0.04421
  -0.04471
   0.04444
  -0.04339
   0.04158
  -0.03905
   0.03585
  -0.03202
   0.02763
  -0.02277
   0.01750
  -0.01194
   0.00616
  -0.00028
  -0.00560
   0.01139
  -0.01698
   0.02228
  -0.02719
   0.03162
  -0.03551
   0.03878
  -0.04137
   0.04325
  -0.04437
   0.04472
  -0.04429
   0.04310
  -0.04115
   0.03849
  -0.03516
   0.03122
  -0.02674
   0.02179
  -0.01646
   0.01085
  -0.00505
  -0.00084
   0.00672
  -0.01248
   0.01802
  -0.02325
   0.02807
  -0.03241
   0.03618
  -0.03932
   0.04178
  -0.04352
   0.04450
  -0.04470
   0.04413
  -0.04279
   0.04070
  -0.03791
   0.03446
  -0.03041
   0.02583
  -0.02080
   0.01541
  -0.00976
   0.00393
   0.00196
  -0.00783
   0.01355
  -0.01904
   0.02420
  -0.02894
   0.03317
  -0.03683
   0.03985
  -0.04217
   0.04376
  -0.04459
   0.04465
  -0.04393
   0.04245
  -0.04022
   0.03730
  -0.03373
   0.02958
  -0.02491
   0.01980
  -0.01435
   0.00866
  -0.00281
  -0.00309
   0.00893
  -0.01462
   0.02005
  -0.02514
   0.02978
  -0.03391
   0.03745
  -0.04034
   0.04253
  -0.04398
   0.04466
  -0.04457
   0.04371
  -0.04208
   0.03972
  -0.03667
   0.03298
  -0.02872
   0.02396
  -0.01879
   0.01329
  -0.00755
   0.00169
   0.00421
  -0.01003
   0.01567
  -0.02105
   0.02606
  -0.03061
   0.03464
  -0.03806
   0.04082
  -0.04287
   0.04417
  -0.04471
   0.04447
  -0.04345
   0.04168
  -0.03919
   0.03602
  -0.03221
   0.02785
  -0.02301
   0.01776
  -0.01221
   0.00644
  -0.00056
  -0.00532
   0.01112
  -0.01672
   0.02203
  -0.02696
   0.03142
  -0.03534
   0.03864
  -0.04126
   0.04317
  -0.04433
   0.04472
  -0.04433
   0.04317
  -0.04126
   0.03864
  -0.03534
   0.03142
  -0.02697
   0.02204
  -0.01673
   0.01112
  -0.00533
  -0.00056
   0.00644
  -0.01221
   0.01776
  -0.02301
   0.02785
  -0.03221
   0.03601
  -0.03919
   0.04168
  -0.04345
   0.04447
  -0.04471
   0.04417
  -0.04287
   0.04082
  -0.03806
   0.03464
  -0.03062
   0.02606
  -0.02105
   0.01568
  -0.01003
   0.00421
   0.00168
  -0.00755
   0.01328
  -0.01879
   0.02396
  -0.02872
   0.03298
  -0.03667
   0.03972
  -0.04208
   0.04370
  -0.04457
   0.04466
  -0.04398
   0.04253
  -0.04035
   0.03746
  -0.03392
   0.02979
  -0.02514
   0.02005
  -0.01462
   0.00893
  -0.00309
  -0.00281
   0.00865
  -0.01435
   0.01980
  -0.02490
   0.02957
  -0.03373
   0.03730
  -0.04022
   0.04244
  -0.04393
   0.04465
  -0.04459
   0.04376
  -0.04217
   0.03985
  -0.03683
   0.03317
  -0.02894
   0.02420
  -0.01904
   0.01355
  -0.00783
   0.00197
