   0.03680
  -0.04117
   0.00733
   0.03332
  -0.04304
   0.01280
   0.02932
  -0.04422
   0.01807
   0.02486
  -0.04471
   0.02305
   0.02001
  -0.04449
   0.02767
   0.01483
  -0.04357
   0.03186
   0.00943
  -0.04196
   0.03554
   0.00388
  -0.03969
   0.03866
  -0.00174
  -0.03680
   0.04117
  -0.00733
  -0.03332
   0.04304
  -0.01280
  -0.02932
   0.04422
  -0.01807
  -0.02486
   0.04471
  -0.02305
  -0.02001
   0.04449
  -0.02767
  -0.01483
   0.04357
  -0.03186
  -0.00943
   0.04196
  -0.03554
  -0.00388
   0.03969
  -0.03866
   0.00174
   0.03680
  -0.04117
   0.00733
   0.03332
  -0.04304
   0.01280
   0.02932
  -0.04422
   0.01807
   0.02486
  -0.04471
   0.02305
   0.02001
  -0.04449
   0.02767
   0.01483
  -0.04357
   0.03186
   0.00943
  -0.04196
   0.03554
   0.00388
  -0.03969
   0.03866
  -0.00174
  -0.03680
   0.04117
  -0.00733
  -0.03332
   0.04304
  -0.01280
  -0.02932
   0.04422
  -0.01807
  -0.02486
   0.04471
  -0.02305
  -0.02001
   0.04449
  -0.02767
  -0.01483
   0.04357
  -0.03186
  -0.00943
   0.04196
  -0.03554
  -0.00388
   0.03969
  -0.03866
   0.00174
   0.03680
  -0.04117
   0.00733
   0.03332
  -0.04304
   0.01280
   0.02932
  -0.04422
   0.01807
   0.02486
  -0.04471
   0.02305
   0.02001
  -0.04449
   0.02767
   0.01483
  -0.04357
   0.03186
   0.00943
  -0.04196
   0.03554
   0.00388
  -0.03969
   0.03866
  -0.00174
  -0.03680
   0.04117
  -0.00733
  -0.03332
   0.04304
  -0.01280
  -0.02932
   0.04422
  -0.01807
  -0.02486
   0.04471
  -0.02305
  -0.02001
   0.04449
  -0.02767
  -0.01483
   0.04357
  -0.03186
  -0.00943
   0.04196
  -0.03554
  -0.00388
   0.03969
  -0.03866
   0.00174
   0.03680
  -0.04117
   0.00733
   0.03332
  -0.04304
   0.01280
   0.02932
  -0.04422
   0.01807
   0.02486
  -0.04471
   0.02305
   0.02001
  -0.04449
   0.02767
   0.01483
  -0.04357
   0.03186
   0.00943
  -0.04196
   0.03554
   0.00388
  -0.03969
   0.03866
  -0.00174
  -0.03680
   0.04117
  -0.00733
  -0.03332
   0.04304
  -0.01280
  -0.02932
   0.04422
  -0.01807
  -0.02486
   0.04471
  -0.02305
  -0.02001
   0.04449
  -0.02767
  -0.01483
   0.04357
  -0.03186
  -0.00943
   0.04196
  -0.03554
  -0.00388
   0.03969
  -0.03866
   0.00174
   0.03680
  -0.04117
   0.00733
   0.03332
  -0.04304
   0.01280
   0.02932
  -0.04422
   0.01807
   0.02486
  -0.04471
   0.02305
   0.02001
  -0.04449
   0.02767
   0.01483
  -0.04357
   0.03186
   0.00943
  -0.04196
   0.03554
   0.00388
  -0.03969
   0.03866
  -0.00174
  -0.03680
   0.04117
  -0.00733
  -0.03332
   0.04304
  -0.01280
  -0.02932
   0.04422
  -0.01807
  -0.02486
   0.04471
  -0.02305
  -0.02001
   0.04449
  -0.02767
  -0.01483
   0.04357
  -0.03186
  -0.00943
   0.04196
  -0.03554
  -0.00388
   0.03969
  -0.03866
   0.00174
   0.03680
  -0.04117
   0.00733
   0.03332
  -0.04304
   0.01280
   0.02932
  -0.04422
   0.01807
   0.02486
  -0.04471
   0.02305
   0.02001
  -0.04449
   0.02767
   0.01483
  -0.04357
   0.03186
   0.00943
  -0.04196
   0.03554
   0.00388
  -0.03969
   0.03866
  -0.00174
  -0.03680
   0.04117
  -0.00733
  -0.03332
   0.04304
  -0.01280
  -0.02932
   0.04422
  -0.01807
  -0.02486
   0.04471
  -0.02305
  -0.02001
   0.04449
  -0.02767
  -0.01483
   0.04357
  -0.03186
  -0.00943
   0.04196
  -0.03554
  -0.00388
   0.03969
  -0.03866
   0.00174
   0.03680
  -0.04117
   0.00733
   0.03332
  -0.04304
   0.01280
   0.02932
  -0.04422
   0.01807
   0.02486
  -0.04471
   0.02305
   0.02001
  -0.04449
   0.02767
   0.01483
  -0.04357
   0.03186
   0.00943
  -0.04196
   0.03554
   0.00388
  -0.03969
   0.03866
  -0.00174
  -0.03680
   0.04117
  -0.00733
  -0.03332
   0.04304
  -0.01280
  -0.02932
   0.04422
  -0.01807
  -0.02486
   0.04471
  -0.02305
  -0.02001
   0.04449
  -0.02767
  -0.01483
   0.04357
  -0.03186
  -0.00943
   0.04196
  -0.03554
  -0.00388
   0.03969
  -0.03866
   0.00174
   0.03680
  -0.04117
   0.00733
   0.03332
  -0.04304
   0.01280
   0.02932
  -0.04422
   0.01807
   0.02486
  -0.04471
   0.02305
   0.02001
  -0.04449
   0.02767
   0.01483
  -0.04357
   0.03186
   0.00943
  -0.04196
   0.03554
   0.00388
  -0.03969
   0.03866
  -0.00174
  -0.03680
   0.04117
  -0.00733
  -0.03332
   0.04304
  -0.01280
  -0.02932
   0.04422
  -0.01807
  -0.02486
   0.04471
  -0.02305
  -0.02001
   0.04449
  -0.02767
  -0.01483
   0.04357
  -0.03186
  -0.00943
   0.04196
  -0.03554
  -0.00388
   0.03969
  -0.03866
   0.00174
   0.03680
  -0.04117
   0.00733
   0.03332
  -0.04304
   0.01280
   0.02932
  -0.04422
   0.01807
   0.02486
  -0.04471
   0.02305
   0.02001
  -0.04449
   0.02767
   0.01483
  -0.04357
   0.03186
   0.00943
  -0.04196
   0.03554
   0.00388
  -0.03969
   0.03866
  -0.00174
  -0.03680
   0.04117
  -0.00733
  -0.03332
   0.04304
  -0.01280
  -0.02932
   0.04422
  -0.01807
  -0.02486
   0.04471
  -0.02305
  -0.02001
   0.04449
  -0.02767
  -0.01483
   0.04357
  -0.03186
  -0.00943
   0.04196
  -0.03554
  -0.00388
   0.03969
  -0.03866
   0.00174
   0.03680
  -0.04117
   0.00733
   0.03332
  -0.04304
   0.01280
   0.02932
  -0.04422
   0.01807
   0.02486
  -0.04471
   0.02305
   0.02001
  -0.04449
   0.02767
   0.01483
  -0.04357
   0.03186
   0.00943
  -0.04196
   0.03554
   0.00388
  -0.03969
   0.03866
  -0.00174
  -0.03680
   0.04117
  -0.00733
  -0.03332
   0.04304
  -0.01280
  -0.02932
   0.04422
  -0.01807
  -0.02486
   0.04471
  -0.02305
  -0.02001
   0.04449
  -0.02767
  -0.01483
   0.04357
  -0.03186
  -0.00943
   0.04196
  -0.03554
  -0.00388
   0.03969
  -0.03866
   0.00174
   0.03680
  -0.04117
   0.00733
   0.03332
  -0.04304
   0.01280
   0.02932
  -0.04422
   0.01807
   0.02486
  -0.04471
   0.02305
   0.02001
  -0.04449
   0.02767
   0.01483
  -0.04357
   0.03186
   0.00943
  -0.04196
   0.03554
   0.00388
  -0.03969
   0.03866
  -0.00174
  -0.03680
   0.04117
  -0.00733
  -0.03332
   0.04304
  -0.01280
  -0.02932
   0.04422
  -0.01807
  -0.02486
   0.04471
  -0.02305
  -0.02001
   0.04449
  -0.02767
  -0.01483
   0.04357
  -0.03186
  -0.00943
   0.04196
  -0.03554
  -0.00388
   0.03969
  -0.03866
   0.00174
   0.03680
  -0.04117
   0.00733
   0.03332
  -0.04304
   0.01280
   0.02932
  -0.04422
   0.01807
   0.02486
  -0.04471
   0.02305
   0.02001
  -0.04449
   0.02767
   0.01483
  -0.04357
   0.03186
   0.00943
  -0.04196
   0.03554
   0.00388
  -0.03969
   0.03866
  -0.00174
  -0.03680
   0.04117
  -0.00733
  -0.03332
   0.04304
  -0.01280
  -0.02932
   0.04422
  -0.01807
  -0.02486
   0.04471
  -0.02305
  -0.02001
   0.04449
  -0.02767
  -0.01483
   0.04357
  -0.03186
  -0.00943
   0.04196
  -0.03554
  -0.00388
   0.03969
  -0.03866
   0.00174
   0.03680
  -0.04117
   0.00733
   0.03332
  -0.04304
   0.01280
   0.02932
  -0.04422
   0.01807
   0.02486
  -0.04471
   0.02305
   0.02001
  -0.04449
   0.02767
   0.01483
  -0.04357
   0.03186
   0.00943
  -0.04196
   0.03554
   0.00388
  -0.03969
   0.03866
  -0.00174
  -0.03680
   0.04117
  -0.00733
  -0.03332
   0.04304
  -0.01280
  -0.02932
   0.04422
  -0.01807
  -0.02486
   0.04471
  -0.02305
  -0.02001
   0.04449
  -0.02767
  -0.01483
   0.04357
  -0.03186
  -0.00943
   0.04196
  -0.03554
  -0.00388
   0.03969
  -0.03866
   0.00174
   0.03680
  -0.04117
   0.00733
   0.03332
  -0.04304
   0.01280
   0.02932
  -0.04422
   0.01807
   0.02486
  -0.04471
   0.02305
   0.02001
  -0.04449
   0.02767
   0.01483
  -0.04357
   0.03186
   0.00943
  -0.04196
   0.03554
   0.00388
  -0.03969
   0.03866
  -0.00174
  -0.03680
   0.04117
  -0.00733
  -0.03332
   0.04304
  -0.01280
  -0.02932
   0.04422
  -0.01807
  -0.02486
   0.04471
  -0.02305
  -0.02001
   0.04449
  -0.02767
  -0.01483
   0.04357
  -0.03186
  -0.00943
   0.04196
  -0.03554
  -0.00388
   0.03969
  -0.03866
   0.00174
   0.03680
  -0.04117
   0.00733
   0.03332
  -0.04304
   0.01280
   0.02932
  -0.04422
   0.01807
   0.02486
  -0.04471
   0.02305
   0.02001
  -0.04449
   0.02767
   0.01483
  -0.04357
   0.03186
   0.00943
  -0.04196
   0.03554
   0.00388
  -0.03969
   0.03866
  -0.00174
  -0.03680
   0.04117
  -0.00733
  -0.03332
   0.04304
  -0.01280
  -0.02932
   0.04422
  -0.01807
  -0.02486
   0.04471
  -0.02305
  -0.02001
   0.04449
  -0.02767
  -0.01483
   0.04357
  -0.03186
  -0.00943
   0.04196
  -0.03554
  -0.00388
   0.03969
  -0.03866
   0.00174
   0.03680
  -0.04117
   0.00733
   0.03332
  -0.04304
   0.01280
   0.02932
  -0.04422
   0.01807
   0.02486
  -0.04471
   0.02305
   0.02001
  -0.04449
   0.02767
   0.01483
  -0.04357
   0.03186
   0.00943
  -0.04196
   0.03554
   0.00388
  -0.03969
   0.03866
  -0.00174
  -0.03680
   0.04117
  -0.00733
  -0.03332
   0.04304
  -0.01280
  -0.02932
   0.04422
  -0.01807
  -0.02486
   0.04471
  -0.02305
  -0.02001
   0.04449
  -0.02767
  -0.01483
   0.04357
  -0.03186
  -0.00943
   0.04196
  -0.03554
  -0.00388
   0.03969
  -0.03866
   0.00174
   0.03680
  -0.04117
   0.00733
   0.03332
  -0.04304
   0.01280
   0.02932
  -0.04422
   0.01807
   0.02486
  -0.04471
   0.02305
   0.02001
  -0.04449
   0.02767
   0.01483
  -0.04357
   0.03186
   0.00943
  -0.04196
   0.03554
   0.00388
  -0.03969
   0.03866
  -0.00174
  -0.03680
   0.04117
  -0.00733
  -0.03332
   0.04304
  -0.01280
  -0.02932
   0.04422
  -0.01807
  -0.02486
   0.04471
  -0.02305
  -0.02001
   0.04449
  -0.02767
  -0.01483
   0.04357
  -0.03186
  -0.00943
   0.04196
  -0.03554
  -0.00388
   0.03969
  -0.03866
   0.00174
   0.03680
  -0.04117
   0.00733
   0.03332
  -0.04304
   0.01280
   0.02932
  -0.04422
   0.01807
   0.02486
  -0.04471
   0.02305
   0.02001
  -0.04449
   0.02767
   0.01483
  -0.04357
   0.03186
   0.00943
  -0.04196
   0.03554
   0.00388
  -0.03969
   0.03866
  -0.00174
  -0.03680
   0.04117
  -0.00733
  -0.03332
   0.04304
  -0.01280
  -0.02932
   0.04422
  -0.01807
  -0.02486
   0.04471
  -0.02305
  -0.02001
   0.04449
  -0.02767
  -0.01483
   0.04357
  -0.03186
  -0.00943
   0.04196
  -0.03554
  -0.00388
   0.03969
  -0.03866
   0.00174
   0.03680
  -0.04117
   0.00733
   0.03332
  -0.04304
   0.01280
   0.02932
  -0.04422
   0.01807
   0.02486
  -0.04471
   0.02305
   0.02001
  -0.04449
   0.02767
   0.01483
  -0.04357
   0.03186
   0.00943
  -0.04196
   0.03554
   0.00388
  -0.03969
   0.03866
  -0.00174
  -0.03680
   0.04117
  -0.00733
  -0.03332
   0.04304
  -0.01280
  -0.02932
   0.04422
  -0.01807
  -0.02486
   0.04471
  -0.02305
  -0.02001
   0.04449
  -0.02767
  -0.01483
   0.04357
  -0.03186
  -0.00943
   0.04196
  -0.03554
  -0.00388
   0.03969
  -0.03866
   0.00174
   0.03680
  -0.04117
   0.00733
   0.03332
  -0.04304
   0.01280
   0.02932
  -0.04422
   0.01807
   0.02486
  -0.04471
   0.02305
   0.02001
  -0.04449
   0.02767
   0.01483
  -0.04357
   0.03186
   0.00943
  -0.04196
   0.03554
   0.00388
  -0.03969
   0.03866
  -0.00174
  -0.03680
   0.04117
  -0.00733
  -0.03332
   0.04304
  -0.01280
  -0.02932
   0.04422
  -0.01807
  -0.02486
   0.04471
  -0.02305
  -0.02001
   0.04449
  -0.02767
  -0.01483
   0.04357
  -0.03186
  -0.00943
   0.04196
  -0.03554
  -0.00388
   0.03969
  -0.03866
   0.00174
