  -0.01508
   0.03780
   0.03157
  -0.02403
  -0.04205
   0.00568
   0.04453
   0.01375
  -0.03853
  -0.03056
   0.02520
   0.04155
  -0.00707
  -0.04464
  -0.01240
   0.03923
   0.02952
  -0.02635
  -0.04101
   0.00846
   0.04470
   0.01105
  -0.03988
  -0.02845
   0.02747
   0.04043
  -0.00983
  -0.04472
  -0.00968
   0.04050
   0.02735
  -0.02857
  -0.03981
   0.01120
   0.04470
   0.00830
  -0.04107
  -0.02622
   0.02963
   0.03915
  -0.01255
  -0.04463
  -0.00692
   0.04161
   0.02507
  -0.03067
  -0.03845
   0.01389
   0.04452
   0.00553
  -0.04210
  -0.02390
   0.03168
   0.03772
  -0.01522
  -0.04436
  -0.00413
   0.04256
   0.02270
  -0.03265
  -0.03694
   0.01654
   0.04416
   0.00273
  -0.04297
  -0.02148
   0.03360
   0.03613
  -0.01783
  -0.04391
  -0.00133
   0.04334
   0.02023
  -0.03451
  -0.03529
   0.01911
   0.04363
  -0.00008
  -0.04366
  -0.01897
   0.03538
   0.03441
  -0.02037
  -0.04330
   0.00148
   0.04394
   0.01769
  -0.03623
  -0.03349
   0.02161
   0.04292
  -0.00289
  -0.04418
  -0.01639
   0.03703
   0.03255
  -0.02283
  -0.04251
   0.00429
   0.04438
   0.01508
  -0.03780
  -0.03157
   0.02403
   0.04205
  -0.00568
  -0.04453
  -0.01375
   0.03853
   0.03056
  -0.02520
  -0.04155
   0.00707
   0.04464
   0.01240
  -0.03923
  -0.02952
   0.02635
   0.04101
  -0.00846
  -0.04470
  -0.01105
   0.03988
   0.02845
  -0.02747
  -0.04043
   0.00983
   0.04472
   0.00968
  -0.04050
  -0.02735
   0.02857
   0.03981
  -0.01120
  -0.04470
  -0.00830
   0.04107
   0.02622
  -0.02963
  -0.03915
   0.01255
   0.04463
   0.00692
  -0.04161
  -0.02507
   0.03067
   0.03845
  -0.01389
  -0.04452
  -0.00553
   0.04210
   0.02390
  -0.03168
  -0.03772
   0.01522
   0.04436
   0.00413
  -0.04256
  -0.02270
   0.03265
   0.03694
  -0.01654
  -0.04416
  -0.00273
   0.04297
   0.02148
  -0.03360
  -0.03613
   0.01783
   0.04391
   0.00133
  -0.04334
  -0.02023
   0.03451
   0.03529
  -0.01911
  -0.04363
   0.00008
   0.04366
   0.01897
  -0.03538
  -0.03441
   0.02037
   0.04330
  -0.00148
  -0.04394
  -0.01769
   0.03623
   0.03349
  -0.02161
  -0.04292
   0.00289
   0.04418
   0.01639
  -0.03703
  -0.03255
   0.02283
   0.04251
  -0.00429
  -0.04438
  -0.01508
   0.03780
   0.03157
  -0.02403
  -0.04205
   0.00568
   0.04453
   0.01375
  -0.03853
  -0.03056
   0.02520
   0.04155
  -0.00707
  -0.04464
  -0.01240
   0.03923
   0.02952
  -0.02635
  -0.04101
   0.00846
   0.04470
   0.01105
  -0.03988
  -0.02845
   0.02747
   0.04043
  -0.00983
  -0.04472
  -0.00968
   0.04050
   0.02735
  -0.02857
  -0.03981
   0.01120
   0.04470
   0.00830
  -0.04107
  -0.02622
   0.02963
   0.03915
  -0.01255
  -0.04463
  -0.00692
   0.04161
   0.02507
  -0.03067
  -0.03845
   0.01389
   0.04452
   0.00553
  -0.04210
  -0.02390
   0.03168
   0.03772
  -0.01522
  -0.04436
  -0.00413
   0.04256
   0.02270
  -0.03265
  -0.03694
   0.01654
   0.04416
   0.00273
  -0.04297
  -0.02148
   0.03360
   0.03613
  -0.01783
  -0.04391
  -0.00133
   0.04334
   0.02023
  -0.03451
  -0.03529
   0.01911
   0.04363
  -0.00008
  -0.04366
  -0.01897
   0.03538
   0.03441
  -0.02037
  -0.04330
   0.00148
   0.04394
   0.01769
  -0.03623
  -0.03349
   0.02161
   0.04292
  -0.00289
  -0.04418
  -0.01639
   0.03703
   0.03255
  -0.02283
  -0.04251
   0.00429
   0.04438
   0.01508
  -0.03780
  -0.03157
   0.02403
   0.04205
  -0.00568
  -0.04453
  -0.01375
   0.03853
   0.03056
  -0.02520
  -0.04155
   0.00707
   0.04464
   0.01240
  -0.03923
  -0.02952
   0.02635
   0.04101
  -0.00846
  -0.04470
  -0.01105
   0.03988
   0.02845
  -0.02747
  -0.04043
   0.00983
   0.04472
   0.00968
  -0.04050
  -0.02735
   0.02857
   0.03981
  -0.01120
  -0.04470
  -0.00830
   0.04107
   0.02622
  -0.02963
  -0.03915
   0.01255
   0.04463
   0.00692
  -0.04161
  -0.02507
   0.03067
   0.03845
  -0.01389
  -0.04452
  -0.00553
   0.04210
   0.02390
  -0.03168
  -0.03772
   0.01522
   0.04436
   0.00413
  -0.04256
  -0.02270
   0.03265
   0.03694
  -0.01654
  -0.04416
  -0.00273
   0.04297
   0.02148
  -0.03360
  -0.03613
   0.01783
   0.04391
   0.00133
  -0.04334
  -0.02023
   0.03451
   0.03529
  -0.01911
  -0.04363
   0.00008
   0.04366
   0.01897
  -0.03538
  -0.03441
   0.02037
   0.04330
  -0.00148
  -0.04394
  -0.01769
   0.03623
   0.03349
  -0.02161
  -0.04292
   0.00289
   0.04418
   0.01639
  -0.03703
  -0.03255
   0.02283
   0.04251
  -0.00429
  -0.04438
  -0.01508
   0.03780
   0.03157
  -0.02403
  -0.04205
   0.00568
   0.04453
   0.01375
  -0.03853
  -0.03056
   0.02520
   0.04155
  -0.00707
  -0.04464
  -0.01240
   0.03923
   0.02952
  -0.02635
  -0.04101
   0.00846
   0.04470
   0.01105
  -0.03988
  -0.02845
   0.02747
   0.04043
  -0.00983
  -0.04472
  -0.00968
   0.04050
   0.02735
  -0.02857
  -0.03981
   0.01120
   0.04470
   0.00830
  -0.04107
  -0.02622
   0.02963
   0.03915
  -0.01255
  -0.04463
  -0.00692
   0.04161
   0.02507
  -0.03067
  -0.03845
   0.01389
   0.04452
   0.00553
  -0.04210
  -0.02390
   0.03168
   0.03772
  -0.01522
  -0.04436
  -0.00413
   0.04256
   0.02270
  -0.03265
  -0.03694
   0.01654
   0.04416
   0.00273
  -0.04297
  -0.02148
   0.03360
   0.03613
  -0.01783
  -0.04391
  -0.00133
   0.04334
   0.02023
  -0.03451
  -0.03529
   0.01911
   0.04363
  -0.00008
  -0.04366
  -0.01897
   0.03538
   0.03441
  -0.02037
  -0.04330
   0.00148
   0.04394
   0.01769
  -0.03623
  -0.03349
   0.02161
   0.04292
  -0.00289
  -0.04418
  -0.01639
   0.03703
   0.03255
  -0.02283
  -0.04251
   0.00429
   0.04438
   0.01508
  -0.03780
  -0.03157
   0.02403
   0.04205
  -0.00568
  -0.04453
  -0.01375
   0.03853
   0.03056
  -0.02520
  -0.04155
   0.00707
   0.04464
   0.01240
  -0.03923
  -0.02952
   0.02635
   0.04101
  -0.00846
  -0.04470
  -0.01105
   0.03988
   0.02845
  -0.02747
  -0.04043
   0.00983
   0.04472
   0.00968
  -0.04050
  -0.02735
   0.02857
   0.03981
  -0.01120
  -0.04470
  -0.00830
   0.04107
   0.02622
  -0.02963
  -0.03915
   0.01255
   0.04463
   0.00692
  -0.04161
  -0.02507
   0.03067
   0.03845
  -0.01389
  -0.04452
  -0.00553
   0.04210
   0.02390
  -0.03168
  -0.03772
   0.01522
   0.04436
   0.00413
  -0.04256
  -0.02270
   0.03265
   0.03694
  -0.01654
  -0.04416
  -0.00273
   0.04297
   0.02148
  -0.03360
  -0.03613
   0.01783
   0.04391
   0.00133
  -0.04334
  -0.02023
   0.03451
   0.03529
  -0.01911
  -0.04363
   0.00008
   0.04366
   0.01897
  -0.03538
  -0.03441
   0.02037
   0.04330
  -0.00148
  -0.04394
  -0.01769
   0.03623
   0.03349
  -0.02161
  -0.04292
   0.00289
   0.04418
   0.01639
  -0.03703
  -0.03255
   0.02283
   0.04251
  -0.00429
  -0.04438
  -0.01508
   0.03780
   0.03157
  -0.02403
  -0.04205
   0.00568
   0.04453
   0.01375
  -0.03853
  -0.03056
   0.02520
   0.04155
  -0.00707
  -0.04464
  -0.01240
   0.03923
   0.02952
  -0.02635
  -0.04101
   0.00846
   0.04470
   0.01105
  -0.03988
  -0.02845
   0.02747
   0.04043
  -0.00983
  -0.04472
  -0.00968
   0.04050
   0.02735
  -0.02857
  -0.03981
   0.01120
   0.04470
   0.00830
  -0.04107
  -0.02622
   0.02963
   0.03915
  -0.01255
  -0.04463
  -0.00692
   0.04161
   0.02507
  -0.03067
  -0.03845
   0.01389
   0.04452
   0.00553
  -0.04210
  -0.02390
   0.03168
   0.03772
  -0.01522
  -0.04436
  -0.00413
   0.04256
   0.02270
  -0.03265
  -0.03694
   0.01654
   0.04416
   0.00273
  -0.04297
  -0.02148
   0.03360
   0.03613
  -0.01783
  -0.04391
  -0.00133
   0.04334
   0.02023
  -0.03451
  -0.03529
   0.01911
   0.04363
  -0.00008
  -0.04366
  -0.01897
   0.03538
   0.03441
  -0.02037
  -0.04330
   0.00148
   0.04394
   0.01769
  -0.03623
  -0.03349
   0.02161
   0.04292
  -0.00289
  -0.04418
  -0.01639
   0.03703
   0.03255
  -0.02283
  -0.04251
   0.00429
   0.04438
   0.01508
  -0.03780
  -0.03157
   0.02403
   0.04205
  -0.00568
  -0.04453
  -0.01375
   0.03853
   0.03056
  -0.02520
  -0.04155
   0.00707
   0.04464
   0.01240
  -0.03923
  -0.02952
   0.02635
   0.04101
  -0.00846
  -0.04470
  -0.01105
   0.03988
   0.02845
  -0.02747
  -0.04043
   0.00983
   0.04472
   0.00968
  -0.04050
  -0.02735
   0.02857
   0.03981
  -0.01120
  -0.04470
  -0.00830
   0.04107
   0.02622
  -0.02963
  -0.03915
   0.01255
   0.04463
   0.00692
  -0.04161
  -0.02507
   0.03067
   0.03845
  -0.01389
  -0.04452
  -0.00553
   0.04210
   0.02390
  -0.03168
  -0.03772
   0.01522
   0.04436
   0.00413
  -0.04256
  -0.02270
   0.03265
   0.03694
  -0.01654
  -0.04416
  -0.00273
   0.04297
   0.02148
  -0.03360
  -0.03613
   0.01783
   0.04391
   0.00133
  -0.04334
  -0.02023
   0.03451
   0.03529
  -0.01911
  -0.04363
   0.00008
   0.04366
   0.01897
  -0.03538
  -0.03441
   0.02037
   0.04330
  -0.00148
  -0.04394
  -0.01769
   0.03623
   0.03349
  -0.02161
  -0.04292
   0.00289
   0.04418
   0.01639
  -0.03703
  -0.03255
   0.02283
   0.04251
  -0.00429
  -0.04438
  -0.01508
   0.03780
   0.03157
  -0.02403
  -0.04205
   0.00568
   0.04453
   0.01375
  -0.03853
  -0.03056
   0.02520
   0.04155
  -0.00707
  -0.04464
  -0.01240
   0.03923
   0.02952
  -0.02635
  -0.04101
   0.00846
   0.04470
   0.01105
  -0.03988
  -0.02845
   0.02747
   0.04043
  -0.00983
  -0.04472
  -0.00968
   0.04050
   0.02735
  -0.02857
  -0.03981
   0.01120
   0.04470
   0.00830
  -0.04107
  -0.02622
   0.02963
   0.03915
  -0.01255
  -0.04463
  -0.00692
   0.04161
   0.02507
  -0.03067
  -0.03845
   0.01389
   0.04452
   0.00553
  -0.04210
  -0.02390
   0.03168
   0.03772
  -0.01522
  -0.04436
  -0.00413
   0.04256
   0.02270
  -0.03265
  -0.03694
   0.01654
   0.04416
   0.00273
  -0.04297
  -0.02148
   0.03360
   0.03613
  -0.01783
  -0.04391
  -0.00133
   0.04334
   0.02023
  -0.03451
  -0.03529
   0.01911
   0.04363
  -0.00008
  -0.04366
  -0.01897
   0.03538
   0.03441
  -0.02037
  -0.04330
   0.00148
   0.04394
   0.01769
  -0.03623
  -0.03349
   0.02161
   0.04292
  -0.00289
  -0.04418
  -0.01639
   0.03703
   0.03255
  -0.02283
  -0.04251
   0.00429
   0.04438
   0.01508
  -0.03780
  -0.03157
   0.02403
   0.04205
  -0.00568
  -0.04453
  -0.01375
   0.03853
   0.03056
  -0.02520
  -0.04155
   0.00707
   0.04464
   0.01240
  -0.03923
  -0.02952
   0.02635
   0.04101
  -0.00846
  -0.04470
  -0.01105
   0.03988
   0.02845
  -0.02747
  -0.04043
   0.00983
   0.04472
   0.00968
  -0.04050
  -0.02735
   0.02857
   0.03981
  -0.01120
  -0.04470
  -0.00830
   0.04107
   0.02622
  -0.02963
  -0.03915
   0.01255
   0.04463
   0.00692
  -0.04161
  -0.02507
   0.03067
   0.03845
  -0.01389
  -0.04452
  -0.00553
   0.04210
   0.02390
  -0.03168
  -0.03772
   0.01522
   0.04436
   0.00413
  -0.04256
  -0.02270
   0.03265
   0.03694
  -0.01654
  -0.04416
  -0.00273
   0.04297
   0.02148
  -0.03360
  -0.03613
   0.01783
   0.04391
   0.00133
  -0.04334
  -0.02023
   0.03451
   0.03529
  -0.01911
  -0.04363
   0.00008
   0.04366
   0.01897
  -0.03538
  -0.03441
   0.02037
   0.04330
  -0.00148
  -0.04394
  -0.01769
   0.03623
   0.03349
  -0.02161
  -0.04292
   0.00289
   0.04418
   0.01639
  -0.03703
  -0.03255
   0.02283
   0.04251
  -0.00429
  -0.04438
