   0.00252
  -0.04470
  -0.00028
   0.04471
  -0.00197
  -0.04461
   0.00421
   0.04440
  -0.00645
  -0.04408
   0.00866
   0.04364
  -0.01085
  -0.04310
   0.01302
   0.04244
  -0.01515
  -0.04168
   0.01725
   0.04081
  -0.01930
  -0.03984
   0.02130
   0.03877
  -0.02325
  -0.03761
   0.02514
   0.03634
  -0.02697
  -0.03499
   0.02873
   0.03354
  -0.03041
  -0.03201
   0.03202
   0.03040
  -0.03355
  -0.02872
   0.03499
   0.02696
  -0.03635
  -0.02513
   0.03761
   0.02324
  -0.03878
  -0.02129
   0.03985
   0.01929
  -0.04082
  -0.01724
   0.04169
   0.01514
  -0.04245
  -0.01301
   0.04310
   0.01084
  -0.04365
  -0.00865
   0.04408
   0.00644
  -0.04440
  -0.00420
   0.04461
   0.00196
  -0.04471
   0.00029
   0.04470
  -0.00253
  -0.04457
   0.00477
   0.04433
  -0.00700
  -0.04398
   0.00921
   0.04352
  -0.01140
  -0.04294
   0.01356
   0.04226
  -0.01568
  -0.04147
   0.01777
   0.04058
  -0.01981
  -0.03959
   0.02179
   0.03849
  -0.02373
  -0.03730
   0.02560
   0.03601
  -0.02741
  -0.03463
   0.02915
   0.03317
  -0.03082
  -0.03162
   0.03241
   0.02999
  -0.03392
  -0.02829
   0.03534
   0.02651
  -0.03667
  -0.02467
   0.03791
   0.02276
  -0.03906
  -0.02080
   0.04010
   0.01878
  -0.04105
  -0.01672
   0.04189
   0.01461
  -0.04262
  -0.01247
   0.04325
   0.01030
  -0.04376
  -0.00810
   0.04417
   0.00588
  -0.04447
  -0.00364
   0.04465
   0.00140
  -0.04472
   0.00085
   0.04468
  -0.00309
  -0.04452
   0.00533
   0.04425
  -0.00756
  -0.04387
   0.00976
   0.04338
  -0.01194
  -0.04278
   0.01409
   0.04208
  -0.01621
  -0.04126
   0.01828
   0.04034
  -0.02031
  -0.03932
   0.02228
   0.03820
  -0.02420
  -0.03699
   0.02606
   0.03568
  -0.02786
  -0.03428
   0.02958
   0.03279
  -0.03123
  -0.03122
   0.03280
   0.02957
  -0.03428
  -0.02785
   0.03568
   0.02605
  -0.03699
  -0.02420
   0.03821
   0.02228
  -0.03933
  -0.02030
   0.04035
   0.01827
  -0.04127
  -0.01620
   0.04208
   0.01408
  -0.04279
  -0.01193
   0.04339
   0.00975
  -0.04388
  -0.00755
   0.04426
   0.00532
  -0.04452
  -0.00308
   0.04468
   0.00084
  -0.04472
   0.00141
   0.04465
  -0.00365
  -0.04447
   0.00589
   0.04417
  -0.00811
  -0.04376
   0.01031
   0.04324
  -0.01248
  -0.04262
   0.01462
   0.04188
  -0.01673
  -0.04104
   0.01879
   0.04010
  -0.02081
  -0.03905
   0.02277
   0.03791
  -0.02467
  -0.03667
   0.02652
   0.03533
  -0.02829
  -0.03391
   0.03000
   0.03240
  -0.03163
  -0.03081
   0.03318
   0.02915
  -0.03464
  -0.02741
   0.03602
   0.02560
  -0.03730
  -0.02372
   0.03850
   0.02179
  -0.03959
  -0.01980
   0.04059
   0.01776
  -0.04148
  -0.01567
   0.04227
   0.01355
  -0.04295
  -0.01139
   0.04352
   0.00920
  -0.04398
  -0.00699
   0.04433
   0.00476
  -0.04457
  -0.00252
   0.04470
   0.00028
  -0.04471
   0.00197
   0.04461
  -0.00421
  -0.04440
   0.00645
   0.04408
  -0.00866
  -0.04364
   0.01085
   0.04310
  -0.01302
  -0.04244
   0.01515
   0.04168
  -0.01725
  -0.04081
   0.01930
   0.03984
  -0.02130
  -0.03877
   0.02325
   0.03761
  -0.02514
  -0.03634
   0.02697
   0.03499
  -0.02873
  -0.03354
   0.03041
   0.03201
  -0.03202
  -0.03040
   0.03355
   0.02872
  -0.03499
  -0.02696
   0.03635
   0.02513
  -0.03761
  -0.02324
   0.03878
   0.02129
  -0.03985
  -0.01929
   0.04082
   0.01724
  -0.04169
  -0.01514
   0.04245
   0.01301
  -0.04310
  -0.01084
   0.04365
   0.00865
  -0.04408
  -0.00644
   0.04440
   0.00420
  -0.04461
  -0.00196
   0.04471
  -0.00029
  -0.04470
   0.00253
   0.04457
  -0.00477
  -0.04433
   0.00700
   0.04398
  -0.00921
  -0.04352
   0.01140
   0.04294
  -0.01356
  -0.04226
   0.01568
   0.04147
  -0.01777
  -0.04058
   0.01981
   0.03959
  -0.02179
  -0.03849
   0.02373
   0.03730
  -0.02560
  -0.03601
   0.02741
   0.03463
  -0.02915
  -0.03317
   0.03082
   0.03162
  -0.03241
  -0.02999
   0.03392
   0.02829
  -0.03534
  -0.02651
   0.03667
   0.02467
  -0.03791
  -0.02276
   0.03906
   0.02080
  -0.04010
  -0.01878
   0.04105
   0.01672
  -0.04189
  -0.01461
   0.04262
   0.01247
  -0.04325
  -0.01030
   0.04376
   0.00810
  -0.04417
  -0.00588
   0.04447
   0.00364
  -0.04465
  -0.00140
   0.04472
  -0.00085
  -0.04468
   0.00309
   0.04452
  -0.00533
  -0.04425
   0.00756
   0.04387
  -0.00976
  -0.04338
   0.01194
   0.04278
  -0.01409
  -0.04208
   0.01621
   0.04126
  -0.01828
  -0.04034
   0.02031
   0.03932
  -0.02228
  -0.03820
   0.02420
   0.03699
  -0.02606
  -0.03568
   0.02786
   0.03428
  -0.02958
  -0.03279
   0.03123
   0.03122
  -0.03280
  -0.02957
   0.03428
   0.02785
  -0.03568
  -0.02605
   0.03699
   0.02420
  -0.03821
  -0.02228
   0.03933
   0.02030
  -0.04035
  -0.01827
   0.04127
   0.01620
  -0.04208
  -0.01408
   0.04279
   0.01193
  -0.04339
  -0.00975
   0.04388
   0.00755
  -0.04426
  -0.00532
   0.04452
   0.00308
  -0.04468
  -0.00084
   0.04472
  -0.00141
  -0.04465
   0.00365
   0.04447
  -0.00589
  -0.04417
   0.00811
   0.04376
  -0.01031
  -0.04324
   0.01248
   0.04262
  -0.01462
  -0.04188
   0.01673
   0.04104
  -0.01879
  -0.04010
   0.02081
   0.03905
  -0.02277
  -0.03791
   0.02467
   0.03667
  -0.02652
  -0.03533
   0.02829
   0.03391
  -0.03000
  -0.03240
   0.03163
   0.03081
  -0.03318
  -0.02915
   0.03464
   0.02741
  -0.03602
  -0.02560
   0.03730
   0.02372
  -0.03850
  -0.02179
   0.03959
   0.01980
  -0.04059
  -0.01776
   0.04148
   0.01567
  -0.04227
  -0.01355
   0.04295
   0.01139
  -0.04352
  -0.00920
   0.04398
   0.00699
  -0.04433
  -0.00476
   0.04457
   0.00252
  -0.04470
  -0.00028
   0.04471
  -0.00197
  -0.04461
   0.00421
   0.04440
  -0.00645
  -0.04408
   0.00866
   0.04364
  -0.01085
  -0.04310
   0.01302
   0.04244
  -0.01515
  -0.04168
   0.01725
   0.04081
  -0.01930
  -0.03984
   0.02130
   0.03877
  -0.02325
  -0.03761
   0.02514
   0.03634
  -0.02697
  -0.03499
   0.02873
   0.03354
  -0.03041
  -0.03201
   0.03202
   0.03040
  -0.03355
  -0.02872
   0.03499
   0.02696
  -0.03635
  -0.02513
   0.03761
   0.02324
  -0.03878
  -0.02129
   0.03985
   0.01929
  -0.04082
  -0.01724
   0.04169
   0.01514
  -0.04245
  -0.01301
   0.04310
   0.01084
  -0.04365
  -0.00865
   0.04408
   0.00644
  -0.04440
  -0.00420
   0.04461
   0.00196
  -0.04471
   0.00029
   0.04470
  -0.00253
  -0.04457
   0.00477
   0.04433
  -0.00700
  -0.04398
   0.00921
   0.04352
  -0.01140
  -0.04294
   0.01356
   0.04226
  -0.01568
  -0.04147
   0.01777
   0.04058
  -0.01981
  -0.03959
   0.02179
   0.03849
  -0.02373
  -0.03730
   0.02560
   0.03601
  -0.02741
  -0.03463
   0.02915
   0.03317
  -0.03082
  -0.03162
   0.03241
   0.02999
  -0.03392
  -0.02829
   0.03534
   0.02651
  -0.03667
  -0.02467
   0.03791
   0.02276
  -0.03906
  -0.02080
   0.04010
   0.01878
  -0.04105
  -0.01672
   0.04189
   0.01461
  -0.04262
  -0.01247
   0.04325
   0.01030
  -0.04376
  -0.00810
   0.04417
   0.00588
  -0.04447
  -0.00364
   0.04465
   0.00140
  -0.04472
   0.00085
   0.04468
  -0.00309
  -0.04452
   0.00533
   0.04425
  -0.00756
  -0.04387
   0.00976
   0.04338
  -0.01194
  -0.04278
   0.01409
   0.04208
  -0.01621
  -0.04126
   0.01828
   0.04034
  -0.02031
  -0.03932
   0.02228
   0.03820
  -0.02420
  -0.03699
   0.02606
   0.03568
  -0.02786
  -0.03428
   0.02958
   0.03279
  -0.03123
  -0.03122
   0.03280
   0.02957
  -0.03428
  -0.02785
   0.03568
   0.02605
  -0.03699
  -0.02420
   0.03821
   0.02228
  -0.03933
  -0.02030
   0.04035
   0.01827
  -0.04127
  -0.01620
   0.04208
   0.01408
  -0.04279
  -0.01193
   0.04339
   0.00975
  -0.04388
  -0.00755
   0.04426
   0.00532
  -0.04452
  -0.00308
   0.04468
   0.00084
  -0.04472
   0.00141
   0.04465
  -0.00365
  -0.04447
   0.00589
   0.04417
  -0.00811
  -0.04376
   0.01031
   0.04324
  -0.01248
  -0.04262
   0.01462
   0.04188
  -0.01673
  -0.04104
   0.01879
   0.04010
  -0.02081
  -0.03905
   0.02277
   0.03791
  -0.02467
  -0.03667
   0.02652
   0.03533
  -0.02829
  -0.03391
   0.03000
   0.03240
  -0.03163
  -0.03081
   0.03318
   0.02915
  -0.03464
  -0.02741
   0.03602
   0.02560
  -0.03730
  -0.02372
   0.03850
   0.02179
  -0.03959
  -0.01980
   0.04059
   0.01776
  -0.04148
  -0.01567
   0.04227
   0.01355
  -0.04295
  -0.01139
   0.04352
   0.00920
  -0.04398
  -0.00699
   0.04433
   0.00476
  -0.04457
  -0.00252
   0.04470
   0.00028
  -0.04471
   0.00197
   0.04461
  -0.00421
  -0.04440
   0.00645
   0.04408
  -0.00866
  -0.04364
   0.01085
   0.04310
  -0.01302
  -0.04244
   0.01515
   0.04168
  -0.01725
  -0.04081
   0.01930
   0.03984
  -0.02130
  -0.03877
   0.02325
   0.03761
  -0.02514
  -0.03634
   0.02697
   0.03499
  -0.02873
  -0.03354
   0.03041
   0.03201
  -0.03202
  -0.03040
   0.03355
   0.02872
  -0.03499
  -0.02696
   0.03635
   0.02513
  -0.03761
  -0.02324
   0.03878
   0.02129
  -0.03985
  -0.01929
   0.04082
   0.01724
  -0.04169
  -0.01514
   0.04245
   0.01301
  -0.04310
  -0.01084
   0.04365
   0.00865
  -0.04408
  -0.00644
   0.04440
   0.00420
  -0.04461
  -0.00196
   0.04471
  -0.00029
  -0.04470
   0.00253
   0.04457
  -0.00477
  -0.04433
   0.00700
   0.04398
  -0.00921
  -0.04352
   0.01140
   0.04294
  -0.01356
  -0.04226
   0.01568
   0.04147
  -0.01777
  -0.04058
   0.01981
   0.03959
  -0.02179
  -0.03849
   0.02373
   0.03730
  -0.02560
  -0.03601
   0.02741
   0.03463
  -0.02915
  -0.03317
   0.03082
   0.03162
  -0.03241
  -0.02999
   0.03392
   0.02829
  -0.03534
  -0.02651
   0.03667
   0.02467
  -0.03791
  -0.02276
   0.03906
   0.02080
  -0.04010
  -0.01878
   0.04105
   0.01672
  -0.04189
  -0.01461
   0.04262
   0.01247
  -0.04325
  -0.01030
   0.04376
   0.00810
  -0.04417
  -0.00588
   0.04447
   0.00364
  -0.04465
  -0.00140
   0.04472
  -0.00085
  -0.04468
   0.00309
   0.04452
  -0.00533
  -0.04425
   0.00756
   0.04387
  -0.00976
  -0.04338
   0.01194
   0.04278
  -0.01409
  -0.04208
   0.01621
   0.04126
  -0.01828
  -0.04034
   0.02031
   0.03932
  -0.02228
  -0.03820
   0.02420
   0.03699
  -0.02606
  -0.03568
   0.02786
   0.03428
  -0.02958
  -0.03279
   0.03123
   0.03122
  -0.03280
  -0.02957
   0.03428
   0.02785
  -0.03568
  -0.02605
   0.03699
   0.02420
  -0.03821
  -0.02228
   0.03933
   0.02030
  -0.04035
  -0.01827
   0.04127
   0.01620
  -0.04208
  -0.01408
   0.04279
   0.01193
  -0.04339
  -0.00975
   0.04388
   0.00755
  -0.04426
  -0.00532
   0.04452
   0.00308
  -0.04468
  -0.00084
   0.04472
  -0.00141
  -0.04465
   0.00365
   0.04447
  -0.00589
  -0.04417
   0.00811
   0.04376
  -0.01031
  -0.04324
   0.01248
   0.04262
  -0.01462
  -0.04188
   0.01673
   0.04104
  -0.01879
  -0.04010
   0.02081
   0.03905
  -0.02277
  -0.03791
   0.02467
   0.03667
  -0.02652
  -0.03533
   0.02829
   0.03391
  -0.03000
  -0.03240
   0.03163
   0.03081
  -0.03318
  -0.02915
   0.03464
   0.02741
  -0.03602
  -0.02560
   0.03730
   0.02372
  -0.03850
  -0.02179
   0.03959
   0.01980
  -0.04059
  -0.01776
   0.04148
   0.01567
  -0.04227
  -0.01355
   0.04295
   0.01139
  -0.04352
  -0.00920
   0.04398
   0.00699
  -0.04433
  -0.00476
   0.04457
