  -0.04444
   0.04370
  -0.04253
   0.04093
  -0.03891
   0.03651
  -0.03373
   0.03061
  -0.02719
   0.02348
  -0.01955
   0.01541
  -0.01112
   0.00672
  -0.00224
  -0.00225
   0.00672
  -0.01112
   0.01542
  -0.01955
   0.02349
  -0.02719
   0.03062
  -0.03373
   0.03651
  -0.03892
   0.04093
  -0.04253
   0.04371
  -0.04444
   0.04472
  -0.04455
   0.04393
  -0.04287
   0.04137
  -0.03946
   0.03714
  -0.03446
   0.03142
  -0.02807
   0.02443
  -0.02055
   0.01646
  -0.01220
   0.00783
  -0.00337
  -0.00113
   0.00561
  -0.01003
   0.01436
  -0.01853
   0.02252
  -0.02629
   0.02979
  -0.03298
   0.03585
  -0.03835
   0.04047
  -0.04217
   0.04345
  -0.04430
   0.04469
  -0.04463
   0.04413
  -0.04317
   0.04178
  -0.03997
   0.03776
  -0.03516
   0.03221
  -0.02894
   0.02537
  -0.02154
   0.01750
  -0.01328
   0.00893
  -0.00449
  -0.00000
   0.00449
  -0.00893
   0.01329
  -0.01750
   0.02155
  -0.02537
   0.02894
  -0.03221
   0.03517
  -0.03776
   0.03997
  -0.04179
   0.04317
  -0.04413
   0.04463
  -0.04469
   0.04429
  -0.04345
   0.04217
  -0.04046
   0.03835
  -0.03585
   0.03298
  -0.02978
   0.02628
  -0.02252
   0.01853
  -0.01435
   0.01003
  -0.00560
   0.00112
   0.00337
  -0.00783
   0.01221
  -0.01647
   0.02056
  -0.02444
   0.02807
  -0.03143
   0.03446
  -0.03715
   0.03946
  -0.04137
   0.04287
  -0.04393
   0.04455
  -0.04472
   0.04444
  -0.04370
   0.04253
  -0.04093
   0.03891
  -0.03651
   0.03373
  -0.03061
   0.02719
  -0.02348
   0.01955
  -0.01541
   0.01112
  -0.00672
   0.00224
   0.00225
  -0.00672
   0.01112
  -0.01542
   0.01955
  -0.02349
   0.02719
  -0.03062
   0.03373
  -0.03651
   0.03892
  -0.04093
   0.04253
  -0.04371
   0.04444
  -0.04472
   0.04455
  -0.04393
   0.04287
  -0.04137
   0.03946
  -0.03714
   0.03446
  -0.03142
   0.02807
  -0.02443
   0.02055
  -0.01646
   0.01220
  -0.00783
   0.00337
   0.00113
  -0.00561
   0.01003
  -0.01436
   0.01853
  -0.02252
   0.02629
  -0.02979
   0.03298
  -0.03585
   0.03835
  -0.04047
   0.04217
  -0.04345
   0.04430
  -0.04469
   0.04463
  -0.04413
   0.04317
  -0.04178
   0.03997
  -0.03776
   0.03516
  -0.03221
   0.02894
  -0.02537
   0.02154
  -0.01750
   0.01328
  -0.00893
   0.00449
   0.00000
  -0.00449
   0.00893
  -0.01329
   0.01750
  -0.02155
   0.02537
  -0.02894
   0.03221
  -0.03517
   0.03776
  -0.03997
   0.04179
  -0.04317
   0.04413
  -0.04463
   0.04469
  -0.04429
   0.04345
  -0.04217
   0.04046
  -0.03835
   0.03585
  -0.03298
   0.02978
  -0.02628
   0.02252
  -0.01853
   0.01435
  -0.01003
   0.00560
  -0.00112
  -0.00337
   0.00783
  -0.01221
   0.01647
  -0.02056
   0.02444
  -0.02807
   0.03143
  -0.03446
   0.03715
  -0.03946
   0.04137
  -0.04287
   0.04393
  -0.04455
   0.04472
  -0.04444
   0.04370
  -0.04253
   0.04093
  -0.03891
   0.03651
  -0.03373
   0.03061
  -0.02719
   0.02348
  -0.01955
   0.01541
  -0.01112
   0.00672
  -0.00224
  -0.00225
   0.00672
  -0.01112
   0.01542
  -0.01955
   0.02349
  -0.02719
   0.03062
  -0.03373
   0.03651
  -0.03892
   0.04093
  -0.04253
   0.04371
  -0.04444
   0.04472
  -0.04455
   0.04393
  -0.04287
   0.04137
  -0.03946
   0.03714
  -0.03446
   0.03142
  -0.02807
   0.02443
  -0.02055
   0.01646
  -0.01220
   0.00783
  -0.00337
  -0.00113
   0.00561
  -0.01003
   0.01436
  -0.01853
   0.02252
  -0.02629
   0.02979
  -0.03298
   0.03585
  -0.03835
   0.04047
  -0.04217
   0.04345
  -0.04430
   0.04469
  -0.04463
   0.04413
  -0.04317
   0.04178
  -0.03997
   0.03776
  -0.03516
   0.03221
  -0.02894
   0.02537
  -0.02154
   0.01750
  -0.01328
   0.00893
  -0.00449
  -0.00000
   0.00449
  -0.00893
   0.01329
  -0.01750
   0.02155
  -0.02537
   0.02894
  -0.03221
   0.03517
  -0.03776
   0.03997
  -0.04179
   0.04317
  -0.04413
   0.04463
  -0.04469
   0.04429
  -0.04345
   0.04217
  -0.04046
   0.03835
  -0.03585
   0.03298
  -0.02978
   0.02628
  -0.02252
   0.01853
  -0.01435
   0.01003
  -0.00560
   0.00112
   0.00337
  -0.00783
   0.01221
  -0.01647
   0.02056
  -0.02444
   0.02807
  -0.03143
   0.03446
  -0.03715
   0.03946
  -0.04137
   0.04287
  -0.04393
   0.04455
  -0.04472
   0.04444
  -0.04370
   0.04253
  -0.04093
   0.03891
  -0.03651
   0.03373
  -0.03061
   0.02719
  -0.02348
   0.01955
  -0.01541
   0.01112
  -0.00672
   0.00224
   0.00225
  -0.00672
   0.01112
  -0.01542
   0.01955
  -0.02349
   0.02719
  -0.03062
   0.03373
  -0.03651
   0.03892
  -0.04093
   0.04253
  -0.04371
   0.04444
  -0.04472
   0.04455
  -0.04393
   0.04287
  -0.04137
   0.03946
  -0.03714
   0.03446
  -0.03142
   0.02807
  -0.02443
   0.02055
  -0.01646
   0.01220
  -0.00783
   0.00337
   0.00113
  -0.00561
   0.01003
  -0.01436
   0.01853
  -0.02252
   0.02629
  -0.02979
   0.03298
  -0.03585
   0.03835
  -0.04047
   0.04217
  -0.04345
   0.04430
  -0.04469
   0.04463
  -0.04413
   0.04317
  -0.04178
   0.03997
  -0.03776
   0.03516
  -0.03221
   0.02894
  -0.02537
   0.02154
  -0.01750
   0.01328
  -0.00893
   0.00449
   0.00000
  -0.00449
   0.00893
  -0.01329
   0.01750
  -0.02155
   0.02537
  -0.02894
   0.03221
  -0.03517
   0.03776
  -0.03997
   0.04179
  -0.04317
   0.04413
  -0.04463
   0.04469
  -0.04429
   0.04345
  -0.04217
   0.04046
  -0.03835
   0.03585
  -0.03298
   0.02978
  -0.02628
   0.02252
  -0.01853
   0.01435
  -0.01003
   0.00560
  -0.00112
  -0.00337
   0.00783
  -0.01221
   0.01647
  -0.02056
   0.02444
  -0.02807
   0.03143
  -0.03446
   0.03715
  -0.03946
   0.04137
  -0.04287
   0.04393
  -0.04455
   0.04472
  -0.04444
   0.04370
  -0.04253
   0.04093
  -0.03891
   0.03651
  -0.03373
   0.03061
  -0.02719
   0.02348
  -0.01955
   0.01541
  -0.01112
   0.00672
  -0.00224
  -0.00225
   0.00672
  -0.01112
   0.01542
  -0.01955
   0.02349
  -0.02719
   0.03062
  -0.03373
   0.03651
  -0.03892
   0.04093
  -0.04253
   0.04371
  -0.04444
   0.04472
  -0.04455
   0.04393
  -0.04287
   0.04137
  -0.03946
   0.03714
  -0.03446
   0.03142
  -0.02807
   0.02443
  -0.02055
   0.01646
  -0.01220
   0.00783
  -0.00337
  -0.00113
   0.00561
  -0.01003
   0.01436
  -0.01853
   0.02252
  -0.02629
   0.02979
  -0.03298
   0.03585
  -0.03835
   0.04047
  -0.04217
   0.04345
  -0.04430
   0.04469
  -0.04463
   0.04413
  -0.04317
   0.04178
  -0.03997
   0.03776
  -0.03516
   0.03221
  -0.02894
   0.02537
  -0.02154
   0.01750
  -0.01328
   0.00893
  -0.00449
  -0.00000
   0.00449
  -0.00893
   0.01329
  -0.01750
   0.02155
  -0.02537
   0.02894
  -0.03221
   0.03517
  -0.03776
   0.03997
  -0.04179
   0.04317
  -0.04413
   0.04463
  -0.04469
   0.04429
  -0.04345
   0.04217
  -0.04046
   0.03835
  -0.03585
   0.03298
  -0.02978
   0.02628
  -0.02252
   0.01853
  -0.01435
   0.01003
  -0.00560
   0.00112
   0.00337
  -0.00783
   0.01221
  -0.01647
   0.02056
  -0.02444
   0.02807
  -0.03143
   0.03446
  -0.03715
   0.03946
  -0.04137
   0.04287
  -0.04393
   0.04455
  -0.04472
   0.04444
  -0.04370
   0.04253
  -0.04093
   0.03891
  -0.03651
   0.03373
  -0.03061
   0.02719
  -0.02348
   0.01955
  -0.01541
   0.01112
  -0.00672
   0.00224
   0.00225
  -0.00672
   0.01112
  -0.01542
   0.01955
  -0.02349
   0.02719
  -0.03062
   0.03373
  -0.03651
   0.03892
  -0.04093
   0.04253
  -0.04371
   0.04444
  -0.04472
   0.04455
  -0.04393
   0.04287
  -0.04137
   0.03946
  -0.03714
   0.03446
  -0.03142
   0.02807
  -0.02443
   0.02055
  -0.01646
   0.01220
  -0.00783
   0.00337
   0.00113
  -0.00561
   0.01003
  -0.01436
   0.01853
  -0.02252
   0.02629
  -0.02979
   0.03298
  -0.03585
   0.03835
  -0.04047
   0.04217
  -0.04345
   0.04430
  -0.04469
   0.04463
  -0.04413
   0.04317
  -0.04178
   0.03997
  -0.03776
   0.03516
  -0.03221
   0.02894
  -0.02537
   0.02154
  -0.01750
   0.01328
  -0.00893
   0.00449
   0.00000
  -0.00449
   0.00893
  -0.01329
   0.01750
  -0.02155
   0.02537
  -0.02894
   0.03221
  -0.03517
   0.03776
  -0.03997
   0.04179
  -0.04317
   0.04413
  -0.04463
   0.04469
  -0.04429
   0.04345
  -0.04217
   0.04046
  -0.03835
   0.03585
  -0.03298
   0.02978
  -0.02628
   0.02252
  -0.01853
   0.01435
  -0.01003
   0.00560
  -0.00112
  -0.00337
   0.00783
  -0.01221
   0.01647
  -0.02056
   0.02444
  -0.02807
   0.03143
  -0.03446
   0.03715
  -0.03946
   0.04137
  -0.04287
   0.04393
  -0.04455
   0.04472
  -0.04444
   0.04370
  -0.04253
   0.04093
  -0.03891
   0.03651
  -0.03373
   0.03061
  -0.02719
   0.02348
  -0.01955
   0.01541
  -0.01112
   0.00672
  -0.00224
  -0.00225
   0.00672
  -0.01112
   0.01542
  -0.01955
   0.02349
  -0.02719
   0.03062
  -0.03373
   0.03651
  -0.03892
   0.04093
  -0.04253
   0.04371
  -0.04444
   0.04472
  -0.04455
   0.04393
  -0.04287
   0.04137
  -0.03946
   0.03714
  -0.03446
   0.03142
  -0.02807
   0.02443
  -0.02055
   0.01646
  -0.01220
   0.00783
  -0.00337
  -0.00113
   0.00561
  -0.01003
   0.01436
  -0.01853
   0.02252
  -0.02629
   0.02979
  -0.03298
   0.03585
  -0.03835
   0.04047
  -0.04217
   0.04345
  -0.04430
   0.04469
  -0.04463
   0.04413
  -0.04317
   0.04178
  -0.03997
   0.03776
  -0.03516
   0.03221
  -0.02894
   0.02537
  -0.02154
   0.01750
  -0.01328
   0.00893
  -0.00449
  -0.00000
   0.00449
  -0.00893
   0.01329
  -0.01750
   0.02155
  -0.02537
   0.02894
  -0.03221
   0.03517
  -0.03776
   0.03997
  -0.04179
   0.04317
  -0.04413
   0.04463
  -0.04469
   0.04429
  -0.04345
   0.04217
  -0.04046
   0.03835
  -0.03585
   0.03298
  -0.02978
   0.02628
  -0.02252
   0.01853
  -0.01435
   0.01003
  -0.00560
   0.00112
   0.00337
  -0.00783
   0.01221
  -0.01647
   0.02056
  -0.02444
   0.02807
  -0.03143
   0.03446
  -0.03715
   0.03946
  -0.04137
   0.04287
  -0.04393
   0.04455
  -0.04472
   0.04444
  -0.04370
   0.04253
  -0.04093
   0.03891
  -0.03651
   0.03373
  -0.03061
   0.02719
  -0.02348
   0.01955
  -0.01541
   0.01112
  -0.00672
   0.00224
   0.00225
  -0.00672
   0.01112
  -0.01542
   0.01955
  -0.02349
   0.02719
  -0.03062
   0.03373
  -0.03651
   0.03892
  -0.04093
   0.04253
  -0.04371
   0.04444
  -0.04472
   0.04455
  -0.04393
   0.04287
  -0.04137
   0.03946
  -0.03714
   0.03446
  -0.03142
   0.02807
  -0.02443
   0.02055
  -0.01646
   0.01220
  -0.00783
   0.00337
   0.00113
  -0.00561
   0.01003
  -0.01436
   0.01853
  -0.02252
   0.02629
  -0.02979
   0.03298
  -0.03585
   0.03835
  -0.04047
   0.04217
  -0.04345
   0.04430
  -0.04469
   0.04463
  -0.04413
   0.04317
  -0.04178
   0.03997
  -0.03776
   0.03516
  -0.03221
   0.02894
  -0.02537
   0.02154
  -0.01750
   0.01328
  -0.00893
   0.00449
   0.00000
  -0.00449
   0.00893
  -0.01329
   0.01750
  -0.02155
   0.02537
  -0.02894
   0.03221
  -0.03517
   0.03776
  -0.03997
   0.04179
  -0.04317
   0.04413
  -0.04463
   0.04469
  -0.04429
   0.04345
  -0.04217
   0.04046
  -0.03835
   0.03585
  -0.03298
   0.02978
  -0.02628
   0.02252
  -0.01853
   0.01435
  -0.01003
   0.00560
  -0.00112
  -0.00337
   0.00783
  -0.01221
   0.01647
  -0.02056
   0.02444
  -0.02807
   0.03143
  -0.03446
   0.03715
  -0.03946
   0.04137
  -0.04287
   0.04393
  -0.04455
   0.04472
