  -0.04423
   0.04304
  -0.04118
   0.03867
  -0.03556
   0.03188
  -0.02769
   0.02307
  -0.01809
   0.01282
  -0.00735
   0.00176
   0.00385
  -0.00941
   0.01481
  -0.01998
   0.02484
  -0.02930
   0.03331
  -0.03679
   0.03968
  -0.04195
   0.04356
  -0.04449
   0.04471
  -0.04423
   0.04304
  -0.04118
   0.03867
  -0.03556
   0.03188
  -0.02769
   0.02307
  -0.01809
   0.01282
  -0.00735
   0.00176
   0.00385
  -0.00941
   0.01481
  -0.01998
   0.02484
  -0.02930
   0.03331
  -0.03679
   0.03968
  -0.04195
   0.04356
  -0.04449
   0.04471
  -0.04423
   0.04304
  -0.04118
   0.03867
  -0.03556
   0.03188
  -0.02769
   0.02307
  -0.01809
   0.01282
  -0.00735
   0.00176
   0.00385
  -0.00941
   0.01481
  -0.01998
   0.02484
  -0.02930
   0.03331
  -0.03679
   0.03968
  -0.04195
   0.04356
  -0.04449
   0.04471
  -0.04423
   0.04304
  -0.04118
   0.03867
  -0.03556
   0.03188
  -0.02769
   0.02307
  -0.01809
   0.01282
  -0.00735
   0.00176
   0.00385
  -0.00941
   0.01481
  -0.01998
   0.02484
  -0.02930
   0.03331
  -0.03679
   0.03968
  -0.04195
   0.04356
  -0.04449
   0.04471
  -0.04423
   0.04304
  -0.04118
   0.03867
  -0.03556
   0.03188
  -0.02769
   0.02307
  -0.01809
   0.01282
  -0.00735
   0.00176
   0.00385
  -0.00941
   0.01481
  -0.01998
   0.02484
  -0.02930
   0.03331
  -0.03679
   0.03968
  -0.04195
   0.04356
  -0.04449
   0.04471
  -0.04423
   0.04304
  -0.04118
   0.03867
  -0.03556
   0.03188
  -0.02769
   0.02307
  -0.01809
   0.01282
  -0.00735
   0.00176
   0.00385
  -0.00941
   0.01481
  -0.01998
   0.02484
  -0.02930
   0.03331
  -0.03679
   0.03968
  -0.04195
   0.04356
  -0.04449
   0.04471
  -0.04423
   0.04304
  -0.04118
   0.03867
  -0.03556
   0.03188
  -0.02769
   0.02307
  -0.01809
   0.01282
  -0.00735
   0.00176
   0.00385
  -0.00941
   0.01481
  -0.01998
   0.02484
  -0.02930
   0.03331
  -0.03679
   0.03968
  -0.04195
   0.04356
  -0.04449
   0.04471
  -0.04423
   0.04304
  -0.04118
   0.03867
  -0.03556
   0.03188
  -0.02769
   0.02307
  -0.01809
   0.01282
  -0.00735
   0.00176
   0.00385
  -0.00941
   0.01481
  -0.01998
   0.02484
  -0.02930
   0.03331
  -0.03679
   0.03968
  -0.04195
   0.04356
  -0.04449
   0.04471
  -0.04423
   0.04304
  -0.04118
   0.03867
  -0.03556
   0.03188
  -0.02769
   0.02307
  -0.01809
   0.01282
  -0.00735
   0.00176
   0.00385
  -0.00941
   0.01481
  -0.01998
   0.02484
  -0.02930
   0.03331
  -0.03679
   0.03968
  -0.04195
   0.04356
  -0.04449
   0.04471
  -0.04423
   0.04304
  -0.04118
   0.03867
  -0.03556
   0.03188
  -0.02769
   0.02307
  -0.01809
   0.01282
  -0.00735
   0.00176
   0.00385
  -0.00941
   0.01481
  -0.01998
   0.02484
  -0.02930
   0.03331
  -0.03679
   0.03968
  -0.04195
   0.04356
  -0.04449
   0.04471
  -0.04423
   0.04304
  -0.04118
   0.03867
  -0.03556
   0.03188
  -0.02769
   0.02307
  -0.01809
   0.01282
  -0.00735
   0.00176
   0.00385
  -0.00941
   0.01481
  -0.01998
   0.02484
  -0.02930
   0.03331
  -0.03679
   0.03968
  -0.04195
   0.04356
  -0.04449
   0.04471
  -0.04423
   0.04304
  -0.04118
   0.03867
  -0.03556
   0.03188
  -0.02769
   0.02307
  -0.01809
   0.01282
  -0.00735
   0.00176
   0.00385
  -0.00941
   0.01481
  -0.01998
   0.02484
  -0.02930
   0.03331
  -0.03679
   0.03968
  -0.04195
   0.04356
  -0.04449
   0.04471
  -0.04423
   0.04304
  -0.04118
   0.03867
  -0.03556
   0.03188
  -0.02769
   0.02307
  -0.01809
   0.01282
  -0.00735
   0.00176
   0.00385
  -0.00941
   0.01481
  -0.01998
   0.02484
  -0.02930
   0.03331
  -0.03679
   0.03968
  -0.04195
   0.04356
  -0.04449
   0.04471
  -0.04423
   0.04304
  -0.04118
   0.03867
  -0.03556
   0.03188
  -0.02769
   0.02307
  -0.01809
   0.01282
  -0.00735
   0.00176
   0.00385
  -0.00941
   0.01481
  -0.01998
   0.02484
  -0.02930
   0.03331
  -0.03679
   0.03968
  -0.04195
   0.04356
  -0.04449
   0.04471
  -0.04423
   0.04304
  -0.04118
   0.03867
  -0.03556
   0.03188
  -0.02769
   0.02307
  -0.01809
   0.01282
  -0.00735
   0.00176
   0.00385
  -0.00941
   0.01481
  -0.01998
   0.02484
  -0.02930
   0.03331
  -0.03679
   0.03968
  -0.04195
   0.04356
  -0.04449
   0.04471
  -0.04423
   0.04304
  -0.04118
   0.03867
  -0.03556
   0.03188
  -0.02769
   0.02307
  -0.01809
   0.01282
  -0.00735
   0.00176
   0.00385
  -0.00941
   0.01481
  -0.01998
   0.02484
  -0.02930
   0.03331
  -0.03679
   0.03968
  -0.04195
   0.04356
  -0.04449
   0.04471
  -0.04423
   0.04304
  -0.04118
   0.03867
  -0.03556
   0.03188
  -0.02769
   0.02307
  -0.01809
   0.01282
  -0.00735
   0.00176
   0.00385
  -0.00941
   0.01481
  -0.01998
   0.02484
  -0.02930
   0.03331
  -0.03679
   0.03968
  -0.04195
   0.04356
  -0.04449
   0.04471
  -0.04423
   0.04304
  -0.04118
   0.03867
  -0.03556
   0.03188
  -0.02769
   0.02307
  -0.01809
   0.01282
  -0.00735
   0.00176
   0.00385
  -0.00941
   0.01481
  -0.01998
   0.02484
  -0.02930
   0.03331
  -0.03679
   0.03968
  -0.04195
   0.04356
  -0.04449
   0.04471
  -0.04423
   0.04304
  -0.04118
   0.03867
  -0.03556
   0.03188
  -0.02769
   0.02307
  -0.01809
   0.01282
  -0.00735
   0.00176
   0.00385
  -0.00941
   0.01481
  -0.01998
   0.02484
  -0.02930
   0.03331
  -0.03679
   0.03968
  -0.04195
   0.04356
  -0.04449
   0.04471
  -0.04423
   0.04304
  -0.04118
   0.03867
  -0.03556
   0.03188
  -0.02769
   0.02307
  -0.01809
   0.01282
  -0.00735
   0.00176
   0.00385
  -0.00941
   0.01481
  -0.01998
   0.02484
  -0.02930
   0.03331
  -0.03679
   0.03968
  -0.04195
   0.04356
  -0.04449
   0.04471
  -0.04423
   0.04304
  -0.04118
   0.03867
  -0.03556
   0.03188
  -0.02769
   0.02307
  -0.01809
   0.01282
  -0.00735
   0.00176
   0.00385
  -0.00941
   0.01481
  -0.01998
   0.02484
  -0.02930
   0.03331
  -0.03679
   0.03968
  -0.04195
   0.04356
  -0.04449
   0.04471
  -0.04423
   0.04304
  -0.04118
   0.03867
  -0.03556
   0.03188
  -0.02769
   0.02307
  -0.01809
   0.01282
  -0.00735
   0.00176
   0.00385
  -0.00941
   0.01481
  -0.01998
   0.02484
  -0.02930
   0.03331
  -0.03679
   0.03968
  -0.04195
   0.04356
  -0.04449
   0.04471
  -0.04423
   0.04304
  -0.04118
   0.03867
  -0.03556
   0.03188
  -0.02769
   0.02307
  -0.01809
   0.01282
  -0.00735
   0.00176
   0.00385
  -0.00941
   0.01481
  -0.01998
   0.02484
  -0.02930
   0.03331
  -0.03679
   0.03968
  -0.04195
   0.04356
  -0.04449
   0.04471
  -0.04423
   0.04304
  -0.04118
   0.03867
  -0.03556
   0.03188
  -0.02769
   0.02307
  -0.01809
   0.01282
  -0.00735
   0.00176
   0.00385
  -0.00941
   0.01481
  -0.01998
   0.02484
  -0.02930
   0.03331
  -0.03679
   0.03968
  -0.04195
   0.04356
  -0.04449
   0.04471
  -0.04423
   0.04304
  -0.04118
   0.03867
  -0.03556
   0.03188
  -0.02769
   0.02307
  -0.01809
   0.01282
  -0.00735
   0.00176
   0.00385
  -0.00941
   0.01481
  -0.01998
   0.02484
  -0.02930
   0.03331
  -0.03679
   0.03968
  -0.04195
   0.04356
  -0.04449
   0.04471
  -0.04423
   0.04304
  -0.04118
   0.03867
  -0.03556
   0.03188
  -0.02769
   0.02307
  -0.01809
   0.01282
  -0.00735
   0.00176
   0.00385
  -0.00941
   0.01481
  -0.01998
   0.02484
  -0.02930
   0.03331
  -0.03679
   0.03968
  -0.04195
   0.04356
  -0.04449
   0.04471
  -0.04423
   0.04304
  -0.04118
   0.03867
  -0.03556
   0.03188
  -0.02769
   0.02307
  -0.01809
   0.01282
  -0.00735
   0.00176
   0.00385
  -0.00941
   0.01481
  -0.01998
   0.02484
  -0.02930
   0.03331
  -0.03679
   0.03968
  -0.04195
   0.04356
  -0.04449
   0.04471
  -0.04423
   0.04304
  -0.04118
   0.03867
  -0.03556
   0.03188
  -0.02769
   0.02307
  -0.01809
   0.01282
  -0.00735
   0.00176
   0.00385
  -0.00941
   0.01481
  -0.01998
   0.02484
  -0.02930
   0.03331
  -0.03679
   0.03968
  -0.04195
   0.04356
  -0.04449
   0.04471
  -0.04423
   0.04304
  -0.04118
   0.03867
  -0.03556
   0.03188
  -0.02769
   0.02307
  -0.01809
   0.01282
  -0.00735
   0.00176
   0.00385
  -0.00941
   0.01481
  -0.01998
   0.02484
  -0.02930
   0.03331
  -0.03679
   0.03968
  -0.04195
   0.04356
  -0.04449
   0.04471
  -0.04423
   0.04304
  -0.04118
   0.03867
  -0.03556
   0.03188
  -0.02769
   0.02307
  -0.01809
   0.01282
  -0.00735
   0.00176
   0.00385
  -0.00941
   0.01481
  -0.01998
   0.02484
  -0.02930
   0.03331
  -0.03679
   0.03968
  -0.04195
   0.04356
  -0.04449
   0.04471
  -0.04423
   0.04304
  -0.04118
   0.03867
  -0.03556
   0.03188
  -0.02769
   0.02307
  -0.01809
   0.01282
  -0.00735
   0.00176
   0.00385
  -0.00941
   0.01481
  -0.01998
   0.02484
  -0.02930
   0.03331
  -0.03679
   0.03968
  -0.04195
   0.04356
  -0.04449
   0.04471
  -0.04423
   0.04304
  -0.04118
   0.03867
  -0.03556
   0.03188
  -0.02769
   0.02307
  -0.01809
   0.01282
  -0.00735
   0.00176
   0.00385
  -0.00941
   0.01481
  -0.01998
   0.02484
  -0.02930
   0.03331
  -0.03679
   0.03968
  -0.04195
   0.04356
  -0.04449
   0.04471
  -0.04423
   0.04304
  -0.04118
   0.03867
  -0.03556
   0.03188
  -0.02769
   0.02307
  -0.01809
   0.01282
  -0.00735
   0.00176
   0.00385
  -0.00941
   0.01481
  -0.01998
   0.02484
  -0.02930
   0.03331
  -0.03679
   0.03968
  -0.04195
   0.04356
  -0.04449
   0.04471
  -0.04423
   0.04304
  -0.04118
   0.03867
  -0.03556
   0.03188
  -0.02769
   0.02307
  -0.01809
   0.01282
  -0.00735
   0.00176
   0.00385
  -0.00941
   0.01481
  -0.01998
   0.02484
  -0.02930
   0.03331
  -0.03679
   0.03968
  -0.04195
   0.04356
  -0.04449
   0.04471
  -0.04423
   0.04304
  -0.04118
   0.03867
  -0.03556
   0.03188
  -0.02769
   0.02307
  -0.01809
   0.01282
  -0.00735
   0.00176
   0.00385
  -0.00941
   0.01481
  -0.01998
   0.02484
  -0.02930
   0.03331
  -0.03679
   0.03968
  -0.04195
   0.04356
  -0.04449
   0.04471
  -0.04423
   0.04304
  -0.04118
   0.03867
  -0.03556
   0.03188
  -0.02769
   0.02307
  -0.01809
   0.01282
  -0.00735
   0.00176
   0.00385
  -0.00941
   0.01481
  -0.01998
   0.02484
  -0.02930
   0.03331
  -0.03679
   0.03968
  -0.04195
   0.04356
  -0.04449
   0.04471
  -0.04423
   0.04304
  -0.04118
   0.03867
  -0.03556
   0.03188
  -0.02769
   0.02307
  -0.01809
   0.01282
  -0.00735
   0.00176
   0.00385
  -0.00941
   0.01481
  -0.01998
   0.02484
  -0.02930
   0.03331
  -0.03679
   0.03968
  -0.04195
   0.04356
  -0.04449
   0.04471
  -0.04423
   0.04304
  -0.04118
   0.03867
  -0.03556
   0.03188
  -0.02769
   0.02307
  -0.01809
   0.01282
  -0.00735
   0.00176
   0.00385
  -0.00941
   0.01481
  -0.01998
   0.02484
  -0.02930
   0.03331
  -0.03679
   0.03968
  -0.04195
   0.04356
  -0.04449
   0.04471
  -0.04423
   0.04304
  -0.04118
   0.03867
  -0.03556
   0.03188
  -0.02769
   0.02307
  -0.01809
   0.01282
  -0.00735
   0.00176
   0.00385
  -0.00941
   0.01481
  -0.01998
   0.02484
  -0.02930
   0.03331
  -0.03679
   0.03968
  -0.04195
   0.04356
  -0.04449
   0.04471
  -0.04423
   0.04304
  -0.04118
   0.03867
  -0.03556
   0.03188
  -0.02769
   0.02307
  -0.01809
   0.01282
  -0.00735
   0.00176
   0.00385
  -0.00941
   0.01481
  -0.01998
   0.02484
  -0.02930
   0.03331
  -0.03679
   0.03968
  -0.04195
   0.04356
  -0.04449
   0.04471
