   0.03844
  -0.04162
   0.01258
   0.02620
  -0.04470
   0.02859
   0.00966
  -0.04042
   0.03989
  -0.00848
  -0.02950
   0.04464
  -0.02522
  -0.01372
   0.04204
  -0.03781
   0.00431
   0.03253
  -0.04419
   0.02163
   0.01767
  -0.04329
   0.03540
  -0.00010
  -0.03527
   0.04334
  -0.01785
  -0.02145
   0.04415
  -0.03267
  -0.00411
   0.03770
  -0.04211
   0.01392
   0.02505
  -0.04463
   0.02965
   0.00828
  -0.03980
   0.04051
  -0.00986
  -0.02843
   0.04470
  -0.02637
  -0.01238
   0.04154
  -0.03855
   0.00571
   0.03155
  -0.04438
   0.02285
   0.01637
  -0.04292
   0.03624
  -0.00151
  -0.03439
   0.04367
  -0.01913
  -0.02021
   0.04391
  -0.03361
  -0.00271
   0.03693
  -0.04256
   0.01525
   0.02388
  -0.04451
   0.03069
   0.00689
  -0.03914
   0.04108
  -0.01122
  -0.02733
   0.04472
  -0.02749
  -0.01102
   0.04100
  -0.03924
   0.00710
   0.03054
  -0.04453
   0.02405
   0.01505
  -0.04250
   0.03705
  -0.00291
  -0.03348
   0.04395
  -0.02039
  -0.01895
   0.04362
  -0.03452
  -0.00130
   0.03612
  -0.04297
   0.01656
   0.02268
  -0.04436
   0.03170
   0.00550
  -0.03844
   0.04162
  -0.01258
  -0.02620
   0.04470
  -0.02859
  -0.00966
   0.04042
  -0.03989
   0.00848
   0.02950
  -0.04464
   0.02522
   0.01372
  -0.04204
   0.03781
  -0.00431
  -0.03253
   0.04419
  -0.02163
  -0.01767
   0.04329
  -0.03540
   0.00010
   0.03527
  -0.04334
   0.01785
   0.02145
  -0.04415
   0.03267
   0.00411
  -0.03770
   0.04211
  -0.01392
  -0.02505
   0.04463
  -0.02965
  -0.00828
   0.03980
  -0.04051
   0.00986
   0.02843
  -0.04470
   0.02637
   0.01238
  -0.04154
   0.03855
  -0.00571
  -0.03155
   0.04438
  -0.02285
  -0.01637
   0.04292
  -0.03624
   0.00151
   0.03439
  -0.04367
   0.01913
   0.02021
  -0.04391
   0.03361
   0.00271
  -0.03693
   0.04256
  -0.01525
  -0.02388
   0.04451
  -0.03069
  -0.00689
   0.03914
  -0.04108
   0.01122
   0.02733
  -0.04472
   0.02749
   0.01102
  -0.04100
   0.03924
  -0.00710
  -0.03054
   0.04453
  -0.02405
  -0.01505
   0.04250
  -0.03705
   0.00291
   0.03348
  -0.04395
   0.02039
   0.01895
  -0.04362
   0.03452
   0.00130
  -0.03612
   0.04297
  -0.01656
  -0.02268
   0.04436
  -0.03170
  -0.00550
   0.03844
  -0.04162
   0.01258
   0.02620
  -0.04470
   0.02859
   0.00966
  -0.04042
   0.03989
  -0.00848
  -0.02950
   0.04464
  -0.02522
  -0.01372
   0.04204
  -0.03781
   0.00431
   0.03253
  -0.04419
   0.02163
   0.01767
  -0.04329
   0.03540
  -0.00010
  -0.03527
   0.04334
  -0.01785
  -0.02145
   0.04415
  -0.03267
  -0.00411
   0.03770
  -0.04211
   0.01392
   0.02505
  -0.04463
   0.02965
   0.00828
  -0.03980
   0.04051
  -0.00986
  -0.02843
   0.04470
  -0.02637
  -0.01238
   0.04154
  -0.03855
   0.00571
   0.03155
  -0.04438
   0.02285
   0.01637
  -0.04292
   0.03624
  -0.00151
  -0.03439
   0.04367
  -0.01913
  -0.02021
   0.04391
  -0.03361
  -0.00271
   0.03693
  -0.04256
   0.01525
   0.02388
  -0.04451
   0.03069
   0.00689
  -0.03914
   0.04108
  -0.01122
  -0.02733
   0.04472
  -0.02749
  -0.01102
   0.04100
  -0.03924
   0.00710
   0.03054
  -0.04453
   0.02405
   0.01505
  -0.04250
   0.03705
  -0.00291
  -0.03348
   0.04395
  -0.02039
  -0.01895
   0.04362
  -0.03452
  -0.00130
   0.03612
  -0.04297
   0.01656
   0.02268
  -0.04436
   0.03170
   0.00550
  -0.03844
   0.04162
  -0.01258
  -0.02620
   0.04470
  -0.02859
  -0.00966
   0.04042
  -0.03989
   0.00848
   0.02950
  -0.04464
   0.02522
   0.01372
  -0.04204
   0.03781
  -0.00431
  -0.03253
   0.04419
  -0.02163
  -0.01767
   0.04329
  -0.03540
   0.00010
   0.03527
  -0.04334
   0.01785
   0.02145
  -0.04415
   0.03267
   0.00411
  -0.03770
   0.04211
  -0.01392
  -0.02505
   0.04463
  -0.02965
  -0.00828
   0.03980
  -0.04051
   0.00986
   0.02843
  -0.04470
   0.02637
   0.01238
  -0.04154
   0.03855
  -0.00571
  -0.03155
   0.04438
  -0.02285
  -0.01637
   0.04292
  -0.03624
   0.00151
   0.03439
  -0.04367
   0.01913
   0.02021
  -0.04391
   0.03361
   0.00271
  -0.03693
   0.04256
  -0.01525
  -0.02388
   0.04451
  -0.03069
  -0.00689
   0.03914
  -0.04108
   0.01122
   0.02733
  -0.04472
   0.02749
   0.01102
  -0.04100
   0.03924
  -0.00710
  -0.03054
   0.04453
  -0.02405
  -0.01505
   0.04250
  -0.03705
   0.00291
   0.03348
  -0.04395
   0.02039
   0.01895
  -0.04362
   0.03452
   0.00130
  -0.03612
   0.04297
  -0.01656
  -0.02268
   0.04436
  -0.03170
  -0.00550
   0.03844
  -0.04162
   0.01258
   0.02620
  -0.04470
   0.02859
   0.00966
  -0.04042
   0.03989
  -0.00848
  -0.02950
   0.04464
  -0.02522
  -0.01372
   0.04204
  -0.03781
   0.00431
   0.03253
  -0.04419
   0.02163
   0.01767
  -0.04329
   0.03540
  -0.00010
  -0.03527
   0.04334
  -0.01785
  -0.02145
   0.04415
  -0.03267
  -0.00411
   0.03770
  -0.04211
   0.01392
   0.02505
  -0.04463
   0.02965
   0.00828
  -0.03980
   0.04051
  -0.00986
  -0.02843
   0.04470
  -0.02637
  -0.01238
   0.04154
  -0.03855
   0.00571
   0.03155
  -0.04438
   0.02285
   0.01637
  -0.04292
   0.03624
  -0.00151
  -0.03439
   0.04367
  -0.01913
  -0.02021
   0.04391
  -0.03361
  -0.00271
   0.03693
  -0.04256
   0.01525
   0.02388
  -0.04451
   0.03069
   0.00689
  -0.03914
   0.04108
  -0.01122
  -0.02733
   0.04472
  -0.02749
  -0.01102
   0.04100
  -0.03924
   0.00710
   0.03054
  -0.04453
   0.02405
   0.01505
  -0.04250
   0.03705
  -0.00291
  -0.03348
   0.04395
  -0.02039
  -0.01895
   0.04362
  -0.03452
  -0.00130
   0.03612
  -0.04297
   0.01656
   0.02268
  -0.04436
   0.03170
   0.00550
  -0.03844
   0.04162
  -0.01258
  -0.02620
   0.04470
  -0.02859
  -0.00966
   0.04042
  -0.03989
   0.00848
   0.02950
  -0.04464
   0.02522
   0.01372
  -0.04204
   0.03781
  -0.00431
  -0.03253
   0.04419
  -0.02163
  -0.01767
   0.04329
  -0.03540
   0.00010
   0.03527
  -0.04334
   0.01785
   0.02145
  -0.04415
   0.03267
   0.00411
  -0.03770
   0.04211
  -0.01392
  -0.02505
   0.04463
  -0.02965
  -0.00828
   0.03980
  -0.04051
   0.00986
   0.02843
  -0.04470
   0.02637
   0.01238
  -0.04154
   0.03855
  -0.00571
  -0.03155
   0.04438
  -0.02285
  -0.01637
   0.04292
  -0.03624
   0.00151
   0.03439
  -0.04367
   0.01913
   0.02021
  -0.04391
   0.03361
   0.00271
  -0.03693
   0.04256
  -0.01525
  -0.02388
   0.04451
  -0.03069
  -0.00689
   0.03914
  -0.04108
   0.01122
   0.02733
  -0.04472
   0.02749
   0.01102
  -0.04100
   0.03924
  -0.00710
  -0.03054
   0.04453
  -0.02405
  -0.01505
   0.04250
  -0.03705
   0.00291
   0.03348
  -0.04395
   0.02039
   0.01895
  -0.04362
   0.03452
   0.00130
  -0.03612
   0.04297
  -0.01656
  -0.02268
   0.04436
  -0.03170
  -0.00550
   0.03844
  -0.04162
   0.01258
   0.02620
  -0.04470
   0.02859
   0.00966
  -0.04042
   0.03989
  -0.00848
  -0.02950
   0.04464
  -0.02522
  -0.01372
   0.04204
  -0.03781
   0.00431
   0.03253
  -0.04419
   0.02163
   0.01767
  -0.04329
   0.03540
  -0.00010
  -0.03527
   0.04334
  -0.01785
  -0.02145
   0.04415
  -0.03267
  -0.00411
   0.03770
  -0.04211
   0.01392
   0.02505
  -0.04463
   0.02965
   0.00828
  -0.03980
   0.04051
  -0.00986
  -0.02843
   0.04470
  -0.02637
  -0.01238
   0.04154
  -0.03855
   0.00571
   0.03155
  -0.04438
   0.02285
   0.01637
  -0.04292
   0.03624
  -0.00151
  -0.03439
   0.04367
  -0.01913
  -0.02021
   0.04391
  -0.03361
  -0.00271
   0.03693
  -0.04256
   0.01525
   0.02388
  -0.04451
   0.03069
   0.00689
  -0.03914
   0.04108
  -0.01122
  -0.02733
   0.04472
  -0.02749
  -0.01102
   0.04100
  -0.03924
   0.00710
   0.03054
  -0.04453
   0.02405
   0.01505
  -0.04250
   0.03705
  -0.00291
  -0.03348
   0.04395
  -0.02039
  -0.01895
   0.04362
  -0.03452
  -0.00130
   0.03612
  -0.04297
   0.01656
   0.02268
  -0.04436
   0.03170
   0.00550
  -0.03844
   0.04162
  -0.01258
  -0.02620
   0.04470
  -0.02859
  -0.00966
   0.04042
  -0.03989
   0.00848
   0.02950
  -0.04464
   0.02522
   0.01372
  -0.04204
   0.03781
  -0.00431
  -0.03253
   0.04419
  -0.02163
  -0.01767
   0.04329
  -0.03540
   0.00010
   0.03527
  -0.04334
   0.01785
   0.02145
  -0.04415
   0.03267
   0.00411
  -0.03770
   0.04211
  -0.01392
  -0.02505
   0.04463
  -0.02965
  -0.00828
   0.03980
  -0.04051
   0.00986
   0.02843
  -0.04470
   0.02637
   0.01238
  -0.04154
   0.03855
  -0.00571
  -0.03155
   0.04438
  -0.02285
  -0.01637
   0.04292
  -0.03624
   0.00151
   0.03439
  -0.04367
   0.01913
   0.02021
  -0.04391
   0.03361
   0.00271
  -0.03693
   0.04256
  -0.01525
  -0.02388
   0.04451
  -0.03069
  -0.00689
   0.03914
  -0.04108
   0.01122
   0.02733
  -0.04472
   0.02749
   0.01102
  -0.04100
   0.03924
  -0.00710
  -0.03054
   0.04453
  -0.02405
  -0.01505
   0.04250
  -0.03705
   0.00291
   0.03348
  -0.04395
   0.02039
   0.01895
  -0.04362
   0.03452
   0.00130
  -0.03612
   0.04297
  -0.01656
  -0.02268
   0.04436
  -0.03170
  -0.00550
   0.03844
  -0.04162
   0.01258
   0.02620
  -0.04470
   0.02859
   0.00966
  -0.04042
   0.03989
  -0.00848
  -0.02950
   0.04464
  -0.02522
  -0.01372
   0.04204
  -0.03781
   0.00431
   0.03253
  -0.04419
   0.02163
   0.01767
  -0.04329
   0.03540
  -0.00010
  -0.03527
   0.04334
  -0.01785
  -0.02145
   0.04415
  -0.03267
  -0.00411
   0.03770
  -0.04211
   0.01392
   0.02505
  -0.04463
   0.02965
   0.00828
  -0.03980
   0.04051
  -0.00986
  -0.02843
   0.04470
  -0.02637
  -0.01238
   0.04154
  -0.03855
   0.00571
   0.03155
  -0.04438
   0.02285
   0.01637
  -0.04292
   0.03624
  -0.00151
  -0.03439
   0.04367
  -0.01913
  -0.02021
   0.04391
  -0.03361
  -0.00271
   0.03693
  -0.04256
   0.01525
   0.02388
  -0.04451
   0.03069
   0.00689
  -0.03914
   0.04108
  -0.01122
  -0.02733
   0.04472
  -0.02749
  -0.01102
   0.04100
  -0.03924
   0.00710
   0.03054
  -0.04453
   0.02405
   0.01505
  -0.04250
   0.03705
  -0.00291
  -0.03348
   0.04395
  -0.02039
  -0.01895
   0.04362
  -0.03452
  -0.00130
   0.03612
  -0.04297
   0.01656
   0.02268
  -0.04436
   0.03170
   0.00550
  -0.03844
   0.04162
  -0.01258
  -0.02620
   0.04470
  -0.02859
  -0.00966
   0.04042
  -0.03989
   0.00848
   0.02950
  -0.04464
   0.02522
   0.01372
  -0.04204
   0.03781
  -0.00431
  -0.03253
   0.04419
  -0.02163
  -0.01767
   0.04329
  -0.03540
   0.00010
   0.03527
  -0.04334
   0.01785
   0.02145
  -0.04415
   0.03267
   0.00411
  -0.03770
   0.04211
  -0.01392
  -0.02505
   0.04463
  -0.02965
  -0.00828
   0.03980
  -0.04051
   0.00986
   0.02843
  -0.04470
   0.02637
   0.01238
  -0.04154
   0.03855
  -0.00571
  -0.03155
   0.04438
  -0.02285
  -0.01637
   0.04292
  -0.03624
   0.00151
   0.03439
  -0.04367
   0.01913
   0.02021
  -0.04391
   0.03361
   0.00271
  -0.03693
   0.04256
  -0.01525
  -0.02388
   0.04451
  -0.03069
  -0.00689
   0.03914
  -0.04108
   0.01122
   0.02733
  -0.04472
   0.02749
   0.01102
  -0.04100
   0.03924
  -0.00710
  -0.03054
   0.04453
  -0.02405
  -0.01505
   0.04250
  -0.03705
   0.00291
   0.03348
  -0.04395
   0.02039
   0.01895
  -0.04362
   0.03452
   0.00130
  -0.03612
   0.04297
  -0.01656
  -0.02268
   0.04436
  -0.03170
  -0.00550
