  -0.01975
   0.04340
   0.00135
  -0.04397
   0.01730
   0.03664
  -0.03283
  -0.02272
   0.04246
   0.00471
  -0.04446
   0.01414
   0.03847
  -0.03045
  -0.02555
   0.04128
   0.00805
  -0.04470
   0.01090
   0.04007
  -0.02790
  -0.02825
   0.03987
   0.01134
  -0.04468
   0.00761
   0.04146
  -0.02518
  -0.03078
   0.03823
   0.01457
  -0.04441
   0.00426
   0.04260
  -0.02233
  -0.03313
   0.03638
   0.01771
  -0.04389
   0.00090
   0.04351
  -0.01935
  -0.03530
   0.03431
   0.02075
  -0.04311
  -0.00247
   0.04416
  -0.01625
  -0.03727
   0.03206
   0.02368
  -0.04210
  -0.00583
   0.04457
  -0.01307
  -0.03903
   0.02962
   0.02647
  -0.04084
  -0.00915
   0.04472
  -0.00981
  -0.04056
   0.02701
   0.02911
  -0.03935
  -0.01242
   0.04462
  -0.00650
  -0.04186
   0.02425
   0.03158
  -0.03764
  -0.01562
   0.04426
  -0.00314
  -0.04293
   0.02135
   0.03388
  -0.03571
  -0.01874
   0.04366
   0.00023
  -0.04375
   0.01833
   0.03598
  -0.03358
  -0.02174
   0.04280
   0.00359
  -0.04433
   0.01520
   0.03788
  -0.03126
  -0.02462
   0.04170
   0.00694
  -0.04465
   0.01199
   0.03956
  -0.02877
  -0.02737
   0.04037
   0.01025
  -0.04471
   0.00871
   0.04102
  -0.02610
  -0.02995
   0.03880
   0.01350
  -0.04453
   0.00538
   0.04225
  -0.02329
  -0.03237
   0.03702
   0.01667
  -0.04409
   0.00202
   0.04323
  -0.02035
  -0.03460
   0.03502
   0.01975
  -0.04340
  -0.00135
   0.04397
  -0.01730
  -0.03664
   0.03283
   0.02272
  -0.04246
  -0.00471
   0.04446
  -0.01414
  -0.03847
   0.03045
   0.02555
  -0.04128
  -0.00805
   0.04470
  -0.01090
  -0.04007
   0.02790
   0.02825
  -0.03987
  -0.01134
   0.04468
  -0.00761
  -0.04146
   0.02518
   0.03078
  -0.03823
  -0.01457
   0.04441
  -0.00426
  -0.04260
   0.02233
   0.03313
  -0.03638
  -0.01771
   0.04389
  -0.00090
  -0.04351
   0.01935
   0.03530
  -0.03431
  -0.02075
   0.04311
   0.00247
  -0.04416
   0.01625
   0.03727
  -0.03206
  -0.02368
   0.04210
   0.00583
  -0.04457
   0.01307
   0.03903
  -0.02962
  -0.02647
   0.04084
   0.00915
  -0.04472
   0.00981
   0.04056
  -0.02701
  -0.02911
   0.03935
   0.01242
  -0.04462
   0.00650
   0.04186
  -0.02425
  -0.03158
   0.03764
   0.01562
  -0.04426
   0.00314
   0.04293
  -0.02135
  -0.03388
   0.03571
   0.01874
  -0.04366
  -0.00023
   0.04375
  -0.01833
  -0.03598
   0.03358
   0.02174
  -0.04280
  -0.00359
   0.04433
  -0.01520
  -0.03788
   0.03126
   0.02462
  -0.04170
  -0.00694
   0.04465
  -0.01199
  -0.03956
   0.02877
   0.02737
  -0.04037
  -0.01025
   0.04471
  -0.00871
  -0.04102
   0.02610
   0.02995
  -0.03880
  -0.01350
   0.04453
  -0.00538
  -0.04225
   0.02329
   0.03237
  -0.03702
  -0.01667
   0.04409
  -0.00202
  -0.04323
   0.02035
   0.03460
  -0.03502
  -0.01975
   0.04340
   0.00135
  -0.04397
   0.01730
   0.03664
  -0.03283
  -0.02272
   0.04246
   0.00471
  -0.04446
   0.01414
   0.03847
  -0.03045
  -0.02555
   0.04128
   0.00805
  -0.04470
   0.01090
   0.04007
  -0.02790
  -0.02825
   0.03987
   0.01134
  -0.04468
   0.00761
   0.04146
  -0.02518
  -0.03078
   0.03823
   0.01457
  -0.04441
   0.00426
   0.04260
  -0.02233
  -0.03313
   0.03638
   0.01771
  -0.04389
   0.00090
   0.04351
  -0.01935
  -0.03530
   0.03431
   0.02075
  -0.04311
  -0.00247
   0.04416
  -0.01625
  -0.03727
   0.03206
   0.02368
  -0.04210
  -0.00583
   0.04457
  -0.01307
  -0.03903
   0.02962
   0.02647
  -0.04084
  -0.00915
   0.04472
  -0.00981
  -0.04056
   0.02701
   0.02911
  -0.03935
  -0.01242
   0.04462
  -0.00650
  -0.04186
   0.02425
   0.03158
  -0.03764
  -0.01562
   0.04426
  -0.00314
  -0.04293
   0.02135
   0.03388
  -0.03571
  -0.01874
   0.04366
   0.00023
  -0.04375
   0.01833
   0.03598
  -0.03358
  -0.02174
   0.04280
   0.00359
  -0.04433
   0.01520
   0.03788
  -0.03126
  -0.02462
   0.04170
   0.00694
  -0.04465
   0.01199
   0.03956
  -0.02877
  -0.02737
   0.04037
   0.01025
  -0.04471
   0.00871
   0.04102
  -0.02610
  -0.02995
   0.03880
   0.01350
  -0.04453
   0.00538
   0.04225
  -0.02329
  -0.03237
   0.03702
   0.01667
  -0.04409
   0.00202
   0.04323
  -0.02035
  -0.03460
   0.03502
   0.01975
  -0.04340
  -0.00135
   0.04397
  -0.01730
  -0.03664
   0.03283
   0.02272
  -0.04246
  -0.00471
   0.04446
  -0.01414
  -0.03847
   0.03045
   0.02555
  -0.04128
  -0.00805
   0.04470
  -0.01090
  -0.04007
   0.02790
   0.02825
  -0.03987
  -0.01134
   0.04468
  -0.00761
  -0.04146
   0.02518
   0.03078
  -0.03823
  -0.01457
   0.04441
  -0.00426
  -0.04260
   0.02233
   0.03313
  -0.03638
  -0.01771
   0.04389
  -0.00090
  -0.04351
   0.01935
   0.03530
  -0.03431
  -0.02075
   0.04311
   0.00247
  -0.04416
   0.01625
   0.03727
  -0.03206
  -0.02368
   0.04210
   0.00583
  -0.04457
   0.01307
   0.03903
  -0.02962
  -0.02647
   0.04084
   0.00915
  -0.04472
   0.00981
   0.04056
  -0.02701
  -0.02911
   0.03935
   0.01242
  -0.04462
   0.00650
   0.04186
  -0.02425
  -0.03158
   0.03764
   0.01562
  -0.04426
   0.00314
   0.04293
  -0.02135
  -0.03388
   0.03571
   0.01874
  -0.04366
  -0.00023
   0.04375
  -0.01833
  -0.03598
   0.03358
   0.02174
  -0.04280
  -0.00359
   0.04433
  -0.01520
  -0.03788
   0.03126
   0.02462
  -0.04170
  -0.00694
   0.04465
  -0.01199
  -0.03956
   0.02877
   0.02737
  -0.04037
  -0.01025
   0.04471
  -0.00871
  -0.04102
   0.02610
   0.02995
  -0.03880
  -0.01350
   0.04453
  -0.00538
  -0.04225
   0.02329
   0.03237
  -0.03702
  -0.01667
   0.04409
  -0.00202
  -0.04323
   0.02035
   0.03460
  -0.03502
  -0.01975
   0.04340
   0.00135
  -0.04397
   0.01730
   0.03664
  -0.03283
  -0.02272
   0.04246
   0.00471
  -0.04446
   0.01414
   0.03847
  -0.03045
  -0.02555
   0.04128
   0.00805
  -0.04470
   0.01090
   0.04007
  -0.02790
  -0.02825
   0.03987
   0.01134
  -0.04468
   0.00761
   0.04146
  -0.02518
  -0.03078
   0.03823
   0.01457
  -0.04441
   0.00426
   0.04260
  -0.02233
  -0.03313
   0.03638
   0.01771
  -0.04389
   0.00090
   0.04351
  -0.01935
  -0.03530
   0.03431
   0.02075
  -0.04311
  -0.00247
   0.04416
  -0.01625
  -0.03727
   0.03206
   0.02368
  -0.04210
  -0.00583
   0.04457
  -0.01307
  -0.03903
   0.02962
   0.02647
  -0.04084
  -0.00915
   0.04472
  -0.00981
  -0.04056
   0.02701
   0.02911
  -0.03935
  -0.01242
   0.04462
  -0.00650
  -0.04186
   0.02425
   0.03158
  -0.03764
  -0.01562
   0.04426
  -0.00314
  -0.04293
   0.02135
   0.03388
  -0.03571
  -0.01874
   0.04366
   0.00023
  -0.04375
   0.01833
   0.03598
  -0.03358
  -0.02174
   0.04280
   0.00359
  -0.04433
   0.01520
   0.03788
  -0.03126
  -0.02462
   0.04170
   0.00694
  -0.04465
   0.01199
   0.03956
  -0.02877
  -0.02737
   0.04037
   0.01025
  -0.04471
   0.00871
   0.04102
  -0.02610
  -0.02995
   0.03880
   0.01350
  -0.04453
   0.00538
   0.04225
  -0.02329
  -0.03237
   0.03702
   0.01667
  -0.04409
   0.00202
   0.04323
  -0.02035
  -0.03460
   0.03502
   0.01975
  -0.04340
  -0.00135
   0.04397
  -0.01730
  -0.03664
   0.03283
   0.02272
  -0.04246
  -0.00471
   0.04446
  -0.01414
  -0.03847
   0.03045
   0.02555
  -0.04128
  -0.00805
   0.04470
  -0.01090
  -0.04007
   0.02790
   0.02825
  -0.03987
  -0.01134
   0.04468
  -0.00761
  -0.04146
   0.02518
   0.03078
  -0.03823
  -0.01457
   0.04441
  -0.00426
  -0.04260
   0.02233
   0.03313
  -0.03638
  -0.01771
   0.04389
  -0.00090
  -0.04351
   0.01935
   0.03530
  -0.03431
  -0.02075
   0.04311
   0.00247
  -0.04416
   0.01625
   0.03727
  -0.03206
  -0.02368
   0.04210
   0.00583
  -0.04457
   0.01307
   0.03903
  -0.02962
  -0.02647
   0.04084
   0.00915
  -0.04472
   0.00981
   0.04056
  -0.02701
  -0.02911
   0.03935
   0.01242
  -0.04462
   0.00650
   0.04186
  -0.02425
  -0.03158
   0.03764
   0.01562
  -0.04426
   0.00314
   0.04293
  -0.02135
  -0.03388
   0.03571
   0.01874
  -0.04366
  -0.00023
   0.04375
  -0.01833
  -0.03598
   0.03358
   0.02174
  -0.04280
  -0.00359
   0.04433
  -0.01520
  -0.03788
   0.03126
   0.02462
  -0.04170
  -0.00694
   0.04465
  -0.01199
  -0.03956
   0.02877
   0.02737
  -0.04037
  -0.01025
   0.04471
  -0.00871
  -0.04102
   0.02610
   0.02995
  -0.03880
  -0.01350
   0.04453
  -0.00538
  -0.04225
   0.02329
   0.03237
  -0.03702
  -0.01667
   0.04409
  -0.00202
  -0.04323
   0.02035
   0.03460
  -0.03502
  -0.01975
   0.04340
   0.00135
  -0.04397
   0.01730
   0.03664
  -0.03283
  -0.02272
   0.04246
   0.00471
  -0.04446
   0.01414
   0.03847
  -0.03045
  -0.02555
   0.04128
   0.00805
  -0.04470
   0.01090
   0.04007
  -0.02790
  -0.02825
   0.03987
   0.01134
  -0.04468
   0.00761
   0.04146
  -0.02518
  -0.03078
   0.03823
   0.01457
  -0.04441
   0.00426
   0.04260
  -0.02233
  -0.03313
   0.03638
   0.01771
  -0.04389
   0.00090
   0.04351
  -0.01935
  -0.03530
   0.03431
   0.02075
  -0.04311
  -0.00247
   0.04416
  -0.01625
  -0.03727
   0.03206
   0.02368
  -0.04210
  -0.00583
   0.04457
  -0.01307
  -0.03903
   0.02962
   0.02647
  -0.04084
  -0.00915
   0.04472
  -0.00981
  -0.04056
   0.02701
   0.02911
  -0.03935
  -0.01242
   0.04462
  -0.00650
  -0.04186
   0.02425
   0.03158
  -0.03764
  -0.01562
   0.04426
  -0.00314
  -0.04293
   0.02135
   0.03388
  -0.03571
  -0.01874
   0.04366
   0.00023
  -0.04375
   0.01833
   0.03598
  -0.03358
  -0.02174
   0.04280
   0.00359
  -0.04433
   0.01520
   0.03788
  -0.03126
  -0.02462
   0.04170
   0.00694
  -0.04465
   0.01199
   0.03956
  -0.02877
  -0.02737
   0.04037
   0.01025
  -0.04471
   0.00871
   0.04102
  -0.02610
  -0.02995
   0.03880
   0.01350
  -0.04453
   0.00538
   0.04225
  -0.02329
  -0.03237
   0.03702
   0.01667
  -0.04409
   0.00202
   0.04323
  -0.02035
  -0.03460
   0.03502
   0.01975
  -0.04340
  -0.00135
   0.04397
  -0.01730
  -0.03664
   0.03283
   0.02272
  -0.04246
  -0.00471
   0.04446
  -0.01414
  -0.03847
   0.03045
   0.02555
  -0.04128
  -0.00805
   0.04470
  -0.01090
  -0.04007
   0.02790
   0.02825
  -0.03987
  -0.01134
   0.04468
  -0.00761
  -0.04146
   0.02518
   0.03078
  -0.03823
  -0.01457
   0.04441
  -0.00426
  -0.04260
   0.02233
   0.03313
  -0.03638
  -0.01771
   0.04389
  -0.00090
  -0.04351
   0.01935
   0.03530
  -0.03431
  -0.02075
   0.04311
   0.00247
  -0.04416
   0.01625
   0.03727
  -0.03206
  -0.02368
   0.04210
   0.00583
  -0.04457
   0.01307
   0.03903
  -0.02962
  -0.02647
   0.04084
   0.00915
  -0.04472
   0.00981
   0.04056
  -0.02701
  -0.02911
   0.03935
   0.01242
  -0.04462
   0.00650
   0.04186
  -0.02425
  -0.03158
   0.03764
   0.01562
  -0.04426
   0.00314
   0.04293
  -0.02135
  -0.03388
   0.03571
   0.01874
  -0.04366
  -0.00023
   0.04375
  -0.01833
  -0.03598
   0.03358
   0.02174
  -0.04280
  -0.00359
   0.04433
  -0.01520
  -0.03788
   0.03126
   0.02462
  -0.04170
  -0.00694
   0.04465
  -0.01199
  -0.03956
   0.02877
   0.02737
  -0.04037
  -0.01025
   0.04471
  -0.00871
  -0.04102
   0.02610
   0.02995
  -0.03880
  -0.01350
   0.04453
  -0.00538
  -0.04225
   0.02329
   0.03237
  -0.03702
  -0.01667
   0.04409
  -0.00202
  -0.04323
   0.02035
   0.03460
  -0.03502
