   0.03527
  -0.04313
   0.01630
   0.02364
  -0.04456
   0.02965
   0.00910
  -0.04054
   0.03937
  -0.00655
  -0.03155
   0.04427
  -0.02139
  -0.01869
   0.04374
  -0.03362
  -0.00354
   0.03785
  -0.04172
   0.01204
   0.02733
  -0.04472
   0.02614
   0.01345
  -0.04223
   0.03705
  -0.00207
  -0.03457
   0.04341
  -0.01734
  -0.02267
   0.04446
  -0.03049
  -0.00800
   0.04005
  -0.03989
   0.00765
   0.03074
  -0.04442
   0.02237
   0.01766
  -0.04349
   0.03435
   0.00242
  -0.03724
   0.04211
  -0.01312
  -0.02643
   0.04472
  -0.02705
  -0.01238
   0.04185
  -0.03767
   0.00319
   0.03385
  -0.04367
   0.01837
   0.02170
  -0.04432
   0.03130
   0.00689
  -0.03954
   0.04039
  -0.00876
  -0.02992
   0.04453
  -0.02334
  -0.01663
   0.04322
  -0.03506
  -0.00130
   0.03661
  -0.04248
   0.01419
   0.02551
  -0.04470
   0.02793
   0.01129
  -0.04144
   0.03826
  -0.00431
  -0.03310
   0.04390
  -0.01939
  -0.02071
   0.04415
  -0.03209
  -0.00578
   0.03900
  -0.04086
   0.00986
   0.02907
  -0.04462
   0.02429
   0.01558
  -0.04292
   0.03574
   0.00018
  -0.03595
   0.04282
  -0.01525
  -0.02458
   0.04464
  -0.02880
  -0.01020
   0.04100
  -0.03883
   0.00543
   0.03233
  -0.04410
   0.02040
   0.01971
  -0.04396
   0.03286
   0.00466
  -0.03844
   0.04130
  -0.01095
  -0.02821
   0.04468
  -0.02522
  -0.01452
   0.04259
  -0.03641
   0.00095
   0.03527
  -0.04313
   0.01630
   0.02364
  -0.04456
   0.02965
   0.00910
  -0.04054
   0.03937
  -0.00655
  -0.03155
   0.04427
  -0.02139
  -0.01869
   0.04374
  -0.03362
  -0.00354
   0.03785
  -0.04172
   0.01204
   0.02733
  -0.04472
   0.02614
   0.01345
  -0.04223
   0.03705
  -0.00207
  -0.03457
   0.04341
  -0.01734
  -0.02267
   0.04446
  -0.03049
  -0.00800
   0.04005
  -0.03989
   0.00765
   0.03074
  -0.04442
   0.02237
   0.01766
  -0.04349
   0.03435
   0.00242
  -0.03724
   0.04211
  -0.01312
  -0.02643
   0.04472
  -0.02705
  -0.01238
   0.04185
  -0.03767
   0.00319
   0.03385
  -0.04367
   0.01837
   0.02170
  -0.04432
   0.03130
   0.00689
  -0.03954
   0.04039
  -0.00876
  -0.02992
   0.04453
  -0.02334
  -0.01663
   0.04322
  -0.03506
  -0.00130
   0.03661
  -0.04248
   0.01419
   0.02551
  -0.04470
   0.02793
   0.01129
  -0.04144
   0.03826
  -0.00431
  -0.03310
   0.04390
  -0.01939
  -0.02071
   0.04415
  -0.03209
  -0.00578
   0.03900
  -0.04086
   0.00986
   0.02907
  -0.04462
   0.02429
   0.01558
  -0.04292
   0.03574
   0.00018
  -0.03595
   0.04282
  -0.01525
  -0.02458
   0.04464
  -0.02880
  -0.01020
   0.04100
  -0.03883
   0.00543
   0.03233
  -0.04410
   0.02040
   0.01971
  -0.04396
   0.03286
   0.00466
  -0.03844
   0.04130
  -0.01095
  -0.02821
   0.04468
  -0.02522
  -0.01452
   0.04259
  -0.03641
   0.00095
   0.03527
  -0.04313
   0.01630
   0.02364
  -0.04456
   0.02965
   0.00910
  -0.04054
   0.03937
  -0.00655
  -0.03155
   0.04427
  -0.02139
  -0.01869
   0.04374
  -0.03362
  -0.00354
   0.03785
  -0.04172
   0.01204
   0.02733
  -0.04472
   0.02614
   0.01345
  -0.04223
   0.03705
  -0.00207
  -0.03457
   0.04341
  -0.01734
  -0.02267
   0.04446
  -0.03049
  -0.00800
   0.04005
  -0.03989
   0.00765
   0.03074
  -0.04442
   0.02237
   0.01766
  -0.04349
   0.03435
   0.00242
  -0.03724
   0.04211
  -0.01312
  -0.02643
   0.04472
  -0.02705
  -0.01238
   0.04185
  -0.03767
   0.00319
   0.03385
  -0.04367
   0.01837
   0.02170
  -0.04432
   0.03130
   0.00689
  -0.03954
   0.04039
  -0.00876
  -0.02992
   0.04453
  -0.02334
  -0.01663
   0.04322
  -0.03506
  -0.00130
   0.03661
  -0.04248
   0.01419
   0.02551
  -0.04470
   0.02793
   0.01129
  -0.04144
   0.03826
  -0.00431
  -0.03310
   0.04390
  -0.01939
  -0.02071
   0.04415
  -0.03209
  -0.00578
   0.03900
  -0.04086
   0.00986
   0.02907
  -0.04462
   0.02429
   0.01558
  -0.04292
   0.03574
   0.00018
  -0.03595
   0.04282
  -0.01525
  -0.02458
   0.04464
  -0.02880
  -0.01020
   0.04100
  -0.03883
   0.00543
   0.03233
  -0.04410
   0.02040
   0.01971
  -0.04396
   0.03286
   0.00466
  -0.03844
   0.04130
  -0.01095
  -0.02821
   0.04468
  -0.02522
  -0.01452
   0.04259
  -0.03641
   0.00095
   0.03527
  -0.04313
   0.01630
   0.02364
  -0.04456
   0.02965
   0.00910
  -0.04054
   0.03937
  -0.00655
  -0.03155
   0.04427
  -0.02139
  -0.01869
   0.04374
  -0.03362
  -0.00354
   0.03785
  -0.04172
   0.01204
   0.02733
  -0.04472
   0.02614
   0.01345
  -0.04223
   0.03705
  -0.00207
  -0.03457
   0.04341
  -0.01734
  -0.02267
   0.04446
  -0.03049
  -0.00800
   0.04005
  -0.03989
   0.00765
   0.03074
  -0.04442
   0.02237
   0.01766
  -0.04349
   0.03435
   0.00242
  -0.03724
   0.04211
  -0.01312
  -0.02643
   0.04472
  -0.02705
  -0.01238
   0.04185
  -0.03767
   0.00319
   0.03385
  -0.04367
   0.01837
   0.02170
  -0.04432
   0.03130
   0.00689
  -0.03954
   0.04039
  -0.00876
  -0.02992
   0.04453
  -0.02334
  -0.01663
   0.04322
  -0.03506
  -0.00130
   0.03661
  -0.04248
   0.01419
   0.02551
  -0.04470
   0.02793
   0.01129
  -0.04144
   0.03826
  -0.00431
  -0.03310
   0.04390
  -0.01939
  -0.02071
   0.04415
  -0.03209
  -0.00578
   0.03900
  -0.04086
   0.00986
   0.02907
  -0.04462
   0.02429
   0.01558
  -0.04292
   0.03574
   0.00018
  -0.03595
   0.04282
  -0.01525
  -0.02458
   0.04464
  -0.02880
  -0.01020
   0.04100
  -0.03883
   0.00543
   0.03233
  -0.04410
   0.02040
   0.01971
  -0.04396
   0.03286
   0.00466
  -0.03844
   0.04130
  -0.01095
  -0.02821
   0.04468
  -0.02522
  -0.01452
   0.04259
  -0.03641
   0.00095
   0.03527
  -0.04313
   0.01630
   0.02364
  -0.04456
   0.02965
   0.00910
  -0.04054
   0.03937
  -0.00655
  -0.03155
   0.04427
  -0.02139
  -0.01869
   0.04374
  -0.03362
  -0.00354
   0.03785
  -0.04172
   0.01204
   0.02733
  -0.04472
   0.02614
   0.01345
  -0.04223
   0.03705
  -0.00207
  -0.03457
   0.04341
  -0.01734
  -0.02267
   0.04446
  -0.03049
  -0.00800
   0.04005
  -0.03989
   0.00765
   0.03074
  -0.04442
   0.02237
   0.01766
  -0.04349
   0.03435
   0.00242
  -0.03724
   0.04211
  -0.01312
  -0.02643
   0.04472
  -0.02705
  -0.01238
   0.04185
  -0.03767
   0.00319
   0.03385
  -0.04367
   0.01837
   0.02170
  -0.04432
   0.03130
   0.00689
  -0.03954
   0.04039
  -0.00876
  -0.02992
   0.04453
  -0.02334
  -0.01663
   0.04322
  -0.03506
  -0.00130
   0.03661
  -0.04248
   0.01419
   0.02551
  -0.04470
   0.02793
   0.01129
  -0.04144
   0.03826
  -0.00431
  -0.03310
   0.04390
  -0.01939
  -0.02071
   0.04415
  -0.03209
  -0.00578
   0.03900
  -0.04086
   0.00986
   0.02907
  -0.04462
   0.02429
   0.01558
  -0.04292
   0.03574
   0.00018
  -0.03595
   0.04282
  -0.01525
  -0.02458
   0.04464
  -0.02880
  -0.01020
   0.04100
  -0.03883
   0.00543
   0.03233
  -0.04410
   0.02040
   0.01971
  -0.04396
   0.03286
   0.00466
  -0.03844
   0.04130
  -0.01095
  -0.02821
   0.04468
  -0.02522
  -0.01452
   0.04259
  -0.03641
   0.00095
   0.03527
  -0.04313
   0.01630
   0.02364
  -0.04456
   0.02965
   0.00910
  -0.04054
   0.03937
  -0.00655
  -0.03155
   0.04427
  -0.02139
  -0.01869
   0.04374
  -0.03362
  -0.00354
   0.03785
  -0.04172
   0.01204
   0.02733
  -0.04472
   0.02614
   0.01345
  -0.04223
   0.03705
  -0.00207
  -0.03457
   0.04341
  -0.01734
  -0.02267
   0.04446
  -0.03049
  -0.00800
   0.04005
  -0.03989
   0.00765
   0.03074
  -0.04442
   0.02237
   0.01766
  -0.04349
   0.03435
   0.00242
  -0.03724
   0.04211
  -0.01312
  -0.02643
   0.04472
  -0.02705
  -0.01238
   0.04185
  -0.03767
   0.00319
   0.03385
  -0.04367
   0.01837
   0.02170
  -0.04432
   0.03130
   0.00689
  -0.03954
   0.04039
  -0.00876
  -0.02992
   0.04453
  -0.02334
  -0.01663
   0.04322
  -0.03506
  -0.00130
   0.03661
  -0.04248
   0.01419
   0.02551
  -0.04470
   0.02793
   0.01129
  -0.04144
   0.03826
  -0.00431
  -0.03310
   0.04390
  -0.01939
  -0.02071
   0.04415
  -0.03209
  -0.00578
   0.03900
  -0.04086
   0.00986
   0.02907
  -0.04462
   0.02429
   0.01558
  -0.04292
   0.03574
   0.00018
  -0.03595
   0.04282
  -0.01525
  -0.02458
   0.04464
  -0.02880
  -0.01020
   0.04100
  -0.03883
   0.00543
   0.03233
  -0.04410
   0.02040
   0.01971
  -0.04396
   0.03286
   0.00466
  -0.03844
   0.04130
  -0.01095
  -0.02821
   0.04468
  -0.02522
  -0.01452
   0.04259
  -0.03641
   0.00095
   0.03527
  -0.04313
   0.01630
   0.02364
  -0.04456
   0.02965
   0.00910
  -0.04054
   0.03937
  -0.00655
  -0.03155
   0.04427
  -0.02139
  -0.01869
   0.04374
  -0.03362
  -0.00354
   0.03785
  -0.04172
   0.01204
   0.02733
  -0.04472
   0.02614
   0.01345
  -0.04223
   0.03705
  -0.00207
  -0.03457
   0.04341
  -0.01734
  -0.02267
   0.04446
  -0.03049
  -0.00800
   0.04005
  -0.03989
   0.00765
   0.03074
  -0.04442
   0.02237
   0.01766
  -0.04349
   0.03435
   0.00242
  -0.03724
   0.04211
  -0.01312
  -0.02643
   0.04472
  -0.02705
  -0.01238
   0.04185
  -0.03767
   0.00319
   0.03385
  -0.04367
   0.01837
   0.02170
  -0.04432
   0.03130
   0.00689
  -0.03954
   0.04039
  -0.00876
  -0.02992
   0.04453
  -0.02334
  -0.01663
   0.04322
  -0.03506
  -0.00130
   0.03661
  -0.04248
   0.01419
   0.02551
  -0.04470
   0.02793
   0.01129
  -0.04144
   0.03826
  -0.00431
  -0.03310
   0.04390
  -0.01939
  -0.02071
   0.04415
  -0.03209
  -0.00578
   0.03900
  -0.04086
   0.00986
   0.02907
  -0.04462
   0.02429
   0.01558
  -0.04292
   0.03574
   0.00018
  -0.03595
   0.04282
  -0.01525
  -0.02458
   0.04464
  -0.02880
  -0.01020
   0.04100
  -0.03883
   0.00543
   0.03233
  -0.04410
   0.02040
   0.01971
  -0.04396
   0.03286
   0.00466
  -0.03844
   0.04130
  -0.01095
  -0.02821
   0.04468
  -0.02522
  -0.01452
   0.04259
  -0.03641
   0.00095
   0.03527
  -0.04313
   0.01630
   0.02364
  -0.04456
   0.02965
   0.00910
  -0.04054
   0.03937
  -0.00655
  -0.03155
   0.04427
  -0.02139
  -0.01869
   0.04374
  -0.03362
  -0.00354
   0.03785
  -0.04172
   0.01204
   0.02733
  -0.04472
   0.02614
   0.01345
  -0.04223
   0.03705
  -0.00207
  -0.03457
   0.04341
  -0.01734
  -0.02267
   0.04446
  -0.03049
  -0.00800
   0.04005
  -0.03989
   0.00765
   0.03074
  -0.04442
   0.02237
   0.01766
  -0.04349
   0.03435
   0.00242
  -0.03724
   0.04211
  -0.01312
  -0.02643
   0.04472
  -0.02705
  -0.01238
   0.04185
  -0.03767
   0.00319
   0.03385
  -0.04367
   0.01837
   0.02170
  -0.04432
   0.03130
   0.00689
  -0.03954
   0.04039
  -0.00876
  -0.02992
   0.04453
  -0.02334
  -0.01663
   0.04322
  -0.03506
  -0.00130
   0.03661
  -0.04248
   0.01419
   0.02551
  -0.04470
   0.02793
   0.01129
  -0.04144
   0.03826
  -0.00431
  -0.03310
   0.04390
  -0.01939
  -0.02071
   0.04415
  -0.03209
  -0.00578
   0.03900
  -0.04086
   0.00986
   0.02907
  -0.04462
   0.02429
   0.01558
  -0.04292
   0.03574
   0.00018
  -0.03595
   0.04282
  -0.01525
  -0.02458
   0.04464
  -0.02880
  -0.01020
   0.04100
  -0.03883
   0.00543
   0.03233
  -0.04410
   0.02040
   0.01971
  -0.04396
   0.03286
   0.00466
  -0.03844
   0.04130
  -0.01095
  -0.02821
   0.04468
  -0.02522
  -0.01452
   0.04259
  -0.03641
   0.00095
