  -0.03707
  -0.01660
   0.00961
   0.03250
   0.04415
   0.04053
   0.02289
  -0.00266
  -0.02730
  -0.04249
  -0.04299
  -0.02862
  -0.00435
   0.02142
   0.03978
   0.04439
   0.03364
   0.01126
  -0.01501
  -0.03609
  -0.04469
  -0.03784
  -0.01789
   0.00824
   0.03152
   0.04390
   0.04110
   0.02409
  -0.00126
  -0.02617
  -0.04203
  -0.04335
  -0.02968
  -0.00575
   0.02017
   0.03912
   0.04454
   0.03455
   0.01262
  -0.01368
  -0.03525
  -0.04462
  -0.03857
  -0.01917
   0.00685
   0.03051
   0.04361
   0.04163
   0.02526
   0.00015
  -0.02502
  -0.04153
  -0.04368
  -0.03072
  -0.00714
   0.01891
   0.03842
   0.04464
   0.03543
   0.01396
  -0.01234
  -0.03437
  -0.04451
  -0.03926
  -0.02043
   0.00546
   0.02947
   0.04328
   0.04213
   0.02640
   0.00155
  -0.02384
  -0.04099
  -0.04396
  -0.03173
  -0.00852
   0.01763
   0.03768
   0.04470
   0.03627
   0.01529
  -0.01098
  -0.03345
  -0.04435
  -0.03991
  -0.02167
   0.00406
   0.02839
   0.04290
   0.04258
   0.02752
   0.00295
  -0.02264
  -0.04040
  -0.04419
  -0.03270
  -0.00990
   0.01633
   0.03691
   0.04472
   0.03707
   0.01660
  -0.00961
  -0.03250
  -0.04415
  -0.04053
  -0.02289
   0.00266
   0.02730
   0.04249
   0.04299
   0.02862
   0.00435
  -0.02142
  -0.03978
  -0.04439
  -0.03364
  -0.01126
   0.01501
   0.03609
   0.04469
   0.03784
   0.01789
  -0.00824
  -0.03152
  -0.04390
  -0.04110
  -0.02409
   0.00126
   0.02617
   0.04203
   0.04335
   0.02968
   0.00575
  -0.02017
  -0.03912
  -0.04454
  -0.03455
  -0.01262
   0.01368
   0.03525
   0.04462
   0.03857
   0.01917
  -0.00685
  -0.03051
  -0.04361
  -0.04163
  -0.02526
  -0.00015
   0.02502
   0.04153
   0.04368
   0.03072
   0.00714
  -0.01891
  -0.03842
  -0.04464
  -0.03543
  -0.01396
   0.01234
   0.03437
   0.04451
   0.03926
   0.02043
  -0.00546
  -0.02947
  -0.04328
  -0.04213
  -0.02640
  -0.00155
   0.02384
   0.04099
   0.04396
   0.03173
   0.00852
  -0.01763
  -0.03768
  -0.04470
  -0.03627
  -0.01529
   0.01098
   0.03345
   0.04435
   0.03991
   0.02167
  -0.00406
  -0.02839
  -0.04290
  -0.04258
  -0.02752
  -0.00295
   0.02264
   0.04040
   0.04419
   0.03270
   0.00990
  -0.01633
  -0.03691
  -0.04472
  -0.03707
  -0.01660
   0.00961
   0.03250
   0.04415
   0.04053
   0.02289
  -0.00266
  -0.02730
  -0.04249
  -0.04299
  -0.02862
  -0.00435
   0.02142
   0.03978
   0.04439
   0.03364
   0.01126
  -0.01501
  -0.03609
  -0.04469
  -0.03784
  -0.01789
   0.00824
   0.03152
   0.04390
   0.04110
   0.02409
  -0.00126
  -0.02617
  -0.04203
  -0.04335
  -0.02968
  -0.00575
   0.02017
   0.03912
   0.04454
   0.03455
   0.01262
  -0.01368
  -0.03525
  -0.04462
  -0.03857
  -0.01917
   0.00685
   0.03051
   0.04361
   0.04163
   0.02526
   0.00015
  -0.02502
  -0.04153
  -0.04368
  -0.03072
  -0.00714
   0.01891
   0.03842
   0.04464
   0.03543
   0.01396
  -0.01234
  -0.03437
  -0.04451
  -0.03926
  -0.02043
   0.00546
   0.02947
   0.04328
   0.04213
   0.02640
   0.00155
  -0.02384
  -0.04099
  -0.04396
  -0.03173
  -0.00852
   0.01763
   0.03768
   0.04470
   0.03627
   0.01529
  -0.01098
  -0.03345
  -0.04435
  -0.03991
  -0.02167
   0.00406
   0.02839
   0.04290
   0.04258
   0.02752
   0.00295
  -0.02264
  -0.04040
  -0.04419
  -0.03270
  -0.00990
   0.01633
   0.03691
   0.04472
   0.03707
   0.01660
  -0.00961
  -0.03250
  -0.04415
  -0.04053
  -0.02289
   0.00266
   0.02730
   0.04249
   0.04299
   0.02862
   0.00435
  -0.02142
  -0.03978
  -0.04439
  -0.03364
  -0.01126
   0.01501
   0.03609
   0.04469
   0.03784
   0.01789
  -0.00824
  -0.03152
  -0.04390
  -0.04110
  -0.02409
   0.00126
   0.02617
   0.04203
   0.04335
   0.02968
   0.00575
  -0.02017
  -0.03912
  -0.04454
  -0.03455
  -0.01262
   0.01368
   0.03525
   0.04462
   0.03857
   0.01917
  -0.00685
  -0.03051
  -0.04361
  -0.04163
  -0.02526
  -0.00015
   0.02502
   0.04153
   0.04368
   0.03072
   0.00714
  -0.01891
  -0.03842
  -0.04464
  -0.03543
  -0.01396
   0.01234
   0.03437
   0.04451
   0.03926
   0.02043
  -0.00546
  -0.02947
  -0.04328
  -0.04213
  -0.02640
  -0.00155
   0.02384
   0.04099
   0.04396
   0.03173
   0.00852
  -0.01763
  -0.03768
  -0.04470
  -0.03627
  -0.01529
   0.01098
   0.03345
   0.04435
   0.03991
   0.02167
  -0.00406
  -0.02839
  -0.04290
  -0.04258
  -0.02752
  -0.00295
   0.02264
   0.04040
   0.04419
   0.03270
   0.00990
  -0.01633
  -0.03691
  -0.04472
  -0.03707
  -0.01660
   0.00961
   0.03250
   0.04415
   0.04053
   0.02289
  -0.00266
  -0.02730
  -0.04249
  -0.04299
  -0.02862
  -0.00435
   0.02142
   0.03978
   0.04439
   0.03364
   0.01126
  -0.01501
  -0.03609
  -0.04469
  -0.03784
  -0.01789
   0.00824
   0.03152
   0.04390
   0.04110
   0.02409
  -0.00126
  -0.02617
  -0.04203
  -0.04335
  -0.02968
  -0.00575
   0.02017
   0.03912
   0.04454
   0.03455
   0.01262
  -0.01368
  -0.03525
  -0.04462
  -0.03857
  -0.01917
   0.00685
   0.03051
   0.04361
   0.04163
   0.02526
   0.00015
  -0.02502
  -0.04153
  -0.04368
  -0.03072
  -0.00714
   0.01891
   0.03842
   0.04464
   0.03543
   0.01396
  -0.01234
  -0.03437
  -0.04451
  -0.03926
  -0.02043
   0.00546
   0.02947
   0.04328
   0.04213
   0.02640
   0.00155
  -0.02384
  -0.04099
  -0.04396
  -0.03173
  -0.00852
   0.01763
   0.03768
   0.04470
   0.03627
   0.01529
  -0.01098
  -0.03345
  -0.04435
  -0.03991
  -0.02167
   0.00406
   0.02839
   0.04290
   0.04258
   0.02752
   0.00295
  -0.02264
  -0.04040
  -0.04419
  -0.03270
  -0.00990
   0.01633
   0.03691
   0.04472
   0.03707
   0.01660
  -0.00961
  -0.03250
  -0.04415
  -0.04053
  -0.02289
   0.00266
   0.02730
   0.04249
   0.04299
   0.02862
   0.00435
  -0.02142
  -0.03978
  -0.04439
  -0.03364
  -0.01126
   0.01501
   0.03609
   0.04469
   0.03784
   0.01789
  -0.00824
  -0.03152
  -0.04390
  -0.04110
  -0.02409
   0.00126
   0.02617
   0.04203
   0.04335
   0.02968
   0.00575
  -0.02017
  -0.03912
  -0.04454
  -0.03455
  -0.01262
   0.01368
   0.03525
   0.04462
   0.03857
   0.01917
  -0.00685
  -0.03051
  -0.04361
  -0.04163
  -0.02526
  -0.00015
   0.02502
   0.04153
   0.04368
   0.03072
   0.00714
  -0.01891
  -0.03842
  -0.04464
  -0.03543
  -0.01396
   0.01234
   0.03437
   0.04451
   0.03926
   0.02043
  -0.00546
  -0.02947
  -0.04328
  -0.04213
  -0.02640
  -0.00155
   0.02384
   0.04099
   0.04396
   0.03173
   0.00852
  -0.01763
  -0.03768
  -0.04470
  -0.03627
  -0.01529
   0.01098
   0.03345
   0.04435
   0.03991
   0.02167
  -0.00406
  -0.02839
  -0.04290
  -0.04258
  -0.02752
  -0.00295
   0.02264
   0.04040
   0.04419
   0.03270
   0.00990
  -0.01633
  -0.03691
  -0.04472
  -0.03707
  -0.01660
   0.00961
   0.03250
   0.04415
   0.04053
   0.02289
  -0.00266
  -0.02730
  -0.04249
  -0.04299
  -0.02862
  -0.00435
   0.02142
   0.03978
   0.04439
   0.03364
   0.01126
  -0.01501
  -0.03609
  -0.04469
  -0.03784
  -0.01789
   0.00824
   0.03152
   0.04390
   0.04110
   0.02409
  -0.00126
  -0.02617
  -0.04203
  -0.04335
  -0.02968
  -0.00575
   0.02017
   0.03912
   0.04454
   0.03455
   0.01262
  -0.01368
  -0.03525
  -0.04462
  -0.03857
  -0.01917
   0.00685
   0.03051
   0.04361
   0.04163
   0.02526
   0.00015
  -0.02502
  -0.04153
  -0.04368
  -0.03072
  -0.00714
   0.01891
   0.03842
   0.04464
   0.03543
   0.01396
  -0.01234
  -0.03437
  -0.04451
  -0.03926
  -0.02043
   0.00546
   0.02947
   0.04328
   0.04213
   0.02640
   0.00155
  -0.02384
  -0.04099
  -0.04396
  -0.03173
  -0.00852
   0.01763
   0.03768
   0.04470
   0.03627
   0.01529
  -0.01098
  -0.03345
  -0.04435
  -0.03991
  -0.02167
   0.00406
   0.02839
   0.04290
   0.04258
   0.02752
   0.00295
  -0.02264
  -0.04040
  -0.04419
  -0.03270
  -0.00990
   0.01633
   0.03691
   0.04472
   0.03707
   0.01660
  -0.00961
  -0.03250
  -0.04415
  -0.04053
  -0.02289
   0.00266
   0.02730
   0.04249
   0.04299
   0.02862
   0.00435
  -0.02142
  -0.03978
  -0.04439
  -0.03364
  -0.01126
   0.01501
   0.03609
   0.04469
   0.03784
   0.01789
  -0.00824
  -0.03152
  -0.04390
  -0.04110
  -0.02409
   0.00126
   0.02617
   0.04203
   0.04335
   0.02968
   0.00575
  -0.02017
  -0.03912
  -0.04454
  -0.03455
  -0.01262
   0.01368
   0.03525
   0.04462
   0.03857
   0.01917
  -0.00685
  -0.03051
  -0.04361
  -0.04163
  -0.02526
  -0.00015
   0.02502
   0.04153
   0.04368
   0.03072
   0.00714
  -0.01891
  -0.03842
  -0.04464
  -0.03543
  -0.01396
   0.01234
   0.03437
   0.04451
   0.03926
   0.02043
  -0.00546
  -0.02947
  -0.04328
  -0.04213
  -0.02640
  -0.00155
   0.02384
   0.04099
   0.04396
   0.03173
   0.00852
  -0.01763
  -0.03768
  -0.04470
  -0.03627
  -0.01529
   0.01098
   0.03345
   0.04435
   0.03991
   0.02167
  -0.00406
  -0.02839
  -0.04290
  -0.04258
  -0.02752
  -0.00295
   0.02264
   0.04040
   0.04419
   0.03270
   0.00990
  -0.01633
  -0.03691
  -0.04472
  -0.03707
  -0.01660
   0.00961
   0.03250
   0.04415
   0.04053
   0.02289
  -0.00266
  -0.02730
  -0.04249
  -0.04299
  -0.02862
  -0.00435
   0.02142
   0.03978
   0.04439
   0.03364
   0.01126
  -0.01501
  -0.03609
  -0.04469
  -0.03784
  -0.01789
   0.00824
   0.03152
   0.04390
   0.04110
   0.02409
  -0.00126
  -0.02617
  -0.04203
  -0.04335
  -0.02968
  -0.00575
   0.02017
   0.03912
   0.04454
   0.03455
   0.01262
  -0.01368
  -0.03525
  -0.04462
  -0.03857
  -0.01917
   0.00685
   0.03051
   0.04361
   0.04163
   0.02526
   0.00015
  -0.02502
  -0.04153
  -0.04368
  -0.03072
  -0.00714
   0.01891
   0.03842
   0.04464
   0.03543
   0.01396
  -0.01234
  -0.03437
  -0.04451
  -0.03926
  -0.02043
   0.00546
   0.02947
   0.04328
   0.04213
   0.02640
   0.00155
  -0.02384
  -0.04099
  -0.04396
  -0.03173
  -0.00852
   0.01763
   0.03768
   0.04470
   0.03627
   0.01529
  -0.01098
  -0.03345
  -0.04435
  -0.03991
  -0.02167
   0.00406
   0.02839
   0.04290
   0.04258
   0.02752
   0.00295
  -0.02264
  -0.04040
  -0.04419
  -0.03270
  -0.00990
   0.01633
   0.03691
   0.04472
   0.03707
   0.01660
  -0.00961
  -0.03250
  -0.04415
  -0.04053
  -0.02289
   0.00266
   0.02730
   0.04249
   0.04299
   0.02862
   0.00435
  -0.02142
  -0.03978
  -0.04439
  -0.03364
  -0.01126
   0.01501
   0.03609
   0.04469
   0.03784
   0.01789
  -0.00824
  -0.03152
  -0.04390
  -0.04110
  -0.02409
   0.00126
   0.02617
   0.04203
   0.04335
   0.02968
   0.00575
  -0.02017
  -0.03912
  -0.04454
  -0.03455
  -0.01262
   0.01368
   0.03525
   0.04462
   0.03857
   0.01917
  -0.00685
  -0.03051
  -0.04361
  -0.04163
  -0.02526
  -0.00015
   0.02502
   0.04153
   0.04368
   0.03072
   0.00714
  -0.01891
  -0.03842
  -0.04464
  -0.03543
  -0.01396
   0.01234
   0.03437
   0.04451
   0.03926
   0.02043
  -0.00546
  -0.02947
  -0.04328
  -0.04213
  -0.02640
  -0.00155
   0.02384
   0.04099
   0.04396
   0.03173
   0.00852
  -0.01763
  -0.03768
  -0.04470
  -0.03627
  -0.01529
   0.01098
   0.03345
   0.04435
   0.03991
   0.02167
  -0.00406
  -0.02839
  -0.04290
  -0.04258
  -0.02752
  -0.00295
   0.02264
   0.04040
   0.04419
   0.03270
   0.00990
  -0.01633
  -0.03691
  -0.04472
