   0.00675
  -0.01385
   0.02058
  -0.02676
   0.03223
  -0.03685
   0.04048
  -0.04303
   0.04444
  -0.04466
   0.04370
  -0.04157
   0.03833
  -0.03408
   0.02891
  -0.02298
   0.01644
  -0.00945
   0.00222
   0.00508
  -0.01224
   0.01907
  -0.02539
   0.03104
  -0.03586
   0.03973
  -0.04254
   0.04422
  -0.04472
   0.04403
  -0.04216
   0.03918
  -0.03515
   0.03018
  -0.02441
   0.01799
  -0.01109
   0.00390
   0.00340
  -0.01061
   0.01753
  -0.02399
   0.02981
  -0.03483
   0.03893
  -0.04199
   0.04393
  -0.04471
   0.04429
  -0.04269
   0.03996
  -0.03616
   0.03140
  -0.02581
   0.01952
  -0.01272
   0.00558
   0.00172
  -0.00896
   0.01597
  -0.02255
   0.02853
  -0.03375
   0.03807
  -0.04138
   0.04359
  -0.04463
   0.04449
  -0.04317
   0.04069
  -0.03713
   0.03258
  -0.02716
   0.02102
  -0.01432
   0.00724
   0.00003
  -0.00730
   0.01438
  -0.02108
   0.02721
  -0.03262
   0.03716
  -0.04071
   0.04318
  -0.04450
   0.04463
  -0.04358
   0.04136
  -0.03804
   0.03371
  -0.02848
   0.02250
  -0.01591
   0.00890
  -0.00166
  -0.00563
   0.01277
  -0.01958
   0.02585
  -0.03144
   0.03620
  -0.03999
   0.04271
  -0.04430
   0.04471
  -0.04392
   0.04197
  -0.03890
   0.03480
  -0.02976
   0.02394
  -0.01748
   0.01055
  -0.00334
  -0.00396
   0.01115
  -0.01805
   0.02446
  -0.03022
   0.03518
  -0.03920
   0.04218
  -0.04404
   0.04472
  -0.04421
   0.04252
  -0.03971
   0.03583
  -0.03100
   0.02534
  -0.01901
   0.01218
  -0.00502
  -0.00228
   0.00951
  -0.01649
   0.02303
  -0.02896
   0.03412
  -0.03837
   0.04159
  -0.04371
   0.04467
  -0.04443
   0.04302
  -0.04045
   0.03681
  -0.03219
   0.02672
  -0.02053
   0.01379
  -0.00669
  -0.00059
   0.00786
  -0.01491
   0.02157
  -0.02765
   0.03300
  -0.03747
   0.04094
  -0.04332
   0.04455
  -0.04459
   0.04345
  -0.04114
   0.03774
  -0.03334
   0.02805
  -0.02201
   0.01539
  -0.00835
   0.00109
   0.00619
  -0.01331
   0.02008
  -0.02631
   0.03184
  -0.03652
   0.04024
  -0.04287
   0.04437
  -0.04469
   0.04381
  -0.04177
   0.03862
  -0.03444
   0.02934
  -0.02346
   0.01696
  -0.01000
   0.00278
   0.00452
  -0.01169
   0.01856
  -0.02493
   0.03064
  -0.03553
   0.03947
  -0.04237
   0.04413
  -0.04472
   0.04412
  -0.04235
   0.03944
  -0.03549
   0.03059
  -0.02488
   0.01850
  -0.01164
   0.00446
   0.00284
  -0.01006
   0.01701
  -0.02351
   0.02939
  -0.03448
   0.03865
  -0.04180
   0.04383
  -0.04469
   0.04436
  -0.04286
   0.04021
  -0.03649
   0.03180
  -0.02626
   0.02003
  -0.01326
   0.00613
   0.00115
  -0.00841
   0.01544
  -0.02206
   0.02809
  -0.03338
   0.03778
  -0.04117
   0.04346
  -0.04460
   0.04455
  -0.04331
   0.04092
  -0.03744
   0.03296
  -0.02761
   0.02152
  -0.01486
   0.00780
  -0.00053
  -0.00675
   0.01385
  -0.02058
   0.02676
  -0.03223
   0.03685
  -0.04048
   0.04303
  -0.04444
   0.04466
  -0.04370
   0.04157
  -0.03833
   0.03408
  -0.02891
   0.02298
  -0.01644
   0.00945
  -0.00222
  -0.00508
   0.01224
  -0.01907
   0.02539
  -0.03104
   0.03586
  -0.03973
   0.04254
  -0.04422
   0.04472
  -0.04403
   0.04216
  -0.03918
   0.03515
  -0.03018
   0.02441
  -0.01799
   0.01109
  -0.00390
  -0.00340
   0.01061
  -0.01753
   0.02399
  -0.02981
   0.03483
  -0.03893
   0.04199
  -0.04393
   0.04471
  -0.04429
   0.04269
  -0.03996
   0.03616
  -0.03140
   0.02581
  -0.01952
   0.01272
  -0.00558
  -0.00172
   0.00896
  -0.01597
   0.02255
  -0.02853
   0.03375
  -0.03807
   0.04138
  -0.04359
   0.04463
  -0.04449
   0.04317
  -0.04069
   0.03713
  -0.03258
   0.02716
  -0.02102
   0.01432
  -0.00724
  -0.00003
   0.00730
  -0.01438
   0.02108
  -0.02721
   0.03262
  -0.03716
   0.04071
  -0.04318
   0.04450
  -0.04463
   0.04358
  -0.04136
   0.03804
  -0.03371
   0.02848
  -0.02250
   0.01591
  -0.00890
   0.00166
   0.00563
  -0.01277
   0.01958
  -0.02585
   0.03144
  -0.03620
   0.03999
  -0.04271
   0.04430
  -0.04471
   0.04392
  -0.04197
   0.03890
  -0.03480
   0.02976
  -0.02394
   0.01748
  -0.01055
   0.00334
   0.00396
  -0.01115
   0.01805
  -0.02446
   0.03022
  -0.03518
   0.03920
  -0.04218
   0.04404
  -0.04472
   0.04421
  -0.04252
   0.03971
  -0.03583
   0.03100
  -0.02534
   0.01901
  -0.01218
   0.00502
   0.00228
  -0.00951
   0.01649
  -0.02303
   0.02896
  -0.03412
   0.03837
  -0.04159
   0.04371
  -0.04467
   0.04443
  -0.04302
   0.04045
  -0.03681
   0.03219
  -0.02672
   0.02053
  -0.01379
   0.00669
   0.00059
  -0.00786
   0.01491
  -0.02157
   0.02765
  -0.03300
   0.03747
  -0.04094
   0.04332
  -0.04455
   0.04459
  -0.04345
   0.04114
  -0.03774
   0.03334
  -0.02805
   0.02201
  -0.01539
   0.00835
  -0.00109
  -0.00619
   0.01331
  -0.02008
   0.02631
  -0.03184
   0.03652
  -0.04024
   0.04287
  -0.04437
   0.04469
  -0.04381
   0.04177
  -0.03862
   0.03444
  -0.02934
   0.02346
  -0.01696
   0.01000
  -0.00278
  -0.00452
   0.01169
  -0.01856
   0.02493
  -0.03064
   0.03553
  -0.03947
   0.04237
  -0.04413
   0.04472
  -0.04412
   0.04235
  -0.03944
   0.03549
  -0.03059
   0.02488
  -0.01850
   0.01164
  -0.00446
  -0.00284
   0.01006
  -0.01701
   0.02351
  -0.02939
   0.03448
  -0.03865
   0.04180
  -0.04383
   0.04469
  -0.04436
   0.04286
  -0.04021
   0.03649
  -0.03180
   0.02626
  -0.02003
   0.01326
  -0.00613
  -0.00115
   0.00841
  -0.01544
   0.02206
  -0.02809
   0.03338
  -0.03778
   0.04117
  -0.04346
   0.04460
  -0.04455
   0.04331
  -0.04092
   0.03744
  -0.03296
   0.02761
  -0.02152
   0.01486
  -0.00780
   0.00053
   0.00675
  -0.01385
   0.02058
  -0.02676
   0.03223
  -0.03685
   0.04048
  -0.04303
   0.04444
  -0.04466
   0.04370
  -0.04157
   0.03833
  -0.03408
   0.02891
  -0.02298
   0.01644
  -0.00945
   0.00222
   0.00508
  -0.01224
   0.01907
  -0.02539
   0.03104
  -0.03586
   0.03973
  -0.04254
   0.04422
  -0.04472
   0.04403
  -0.04216
   0.03918
  -0.03515
   0.03018
  -0.02441
   0.01799
  -0.01109
   0.00390
   0.00340
  -0.01061
   0.01753
  -0.02399
   0.02981
  -0.03483
   0.03893
  -0.04199
   0.04393
  -0.04471
   0.04429
  -0.04269
   0.03996
  -0.03616
   0.03140
  -0.02581
   0.01952
  -0.01272
   0.00558
   0.00172
  -0.00896
   0.01597
  -0.02255
   0.02853
  -0.03375
   0.03807
  -0.04138
   0.04359
  -0.04463
   0.04449
  -0.04317
   0.04069
  -0.03713
   0.03258
  -0.02716
   0.02102
  -0.01432
   0.00724
   0.00003
  -0.00730
   0.01438
  -0.02108
   0.02721
  -0.03262
   0.03716
  -0.04071
   0.04318
  -0.04450
   0.04463
  -0.04358
   0.04136
  -0.03804
   0.03371
  -0.02848
   0.02250
  -0.01591
   0.00890
  -0.00166
  -0.00563
   0.01277
  -0.01958
   0.02585
  -0.03144
   0.03620
  -0.03999
   0.04271
  -0.04430
   0.04471
  -0.04392
   0.04197
  -0.03890
   0.03480
  -0.02976
   0.02394
  -0.01748
   0.01055
  -0.00334
  -0.00396
   0.01115
  -0.01805
   0.02446
  -0.03022
   0.03518
  -0.03920
   0.04218
  -0.04404
   0.04472
  -0.04421
   0.04252
  -0.03971
   0.03583
  -0.03100
   0.02534
  -0.01901
   0.01218
  -0.00502
  -0.00228
   0.00951
  -0.01649
   0.02303
  -0.02896
   0.03412
  -0.03837
   0.04159
  -0.04371
   0.04467
  -0.04443
   0.04302
  -0.04045
   0.03681
  -0.03219
   0.02672
  -0.02053
   0.01379
  -0.00669
  -0.00059
   0.00786
  -0.01491
   0.02157
  -0.02765
   0.03300
  -0.03747
   0.04094
  -0.04332
   0.04455
  -0.04459
   0.04345
  -0.04114
   0.03774
  -0.03334
   0.02805
  -0.02201
   0.01539
  -0.00835
   0.00109
   0.00619
  -0.01331
   0.02008
  -0.02631
   0.03184
  -0.03652
   0.04024
  -0.04287
   0.04437
  -0.04469
   0.04381
  -0.04177
   0.03862
  -0.03444
   0.02934
  -0.02346
   0.01696
  -0.01000
   0.00278
   0.00452
  -0.01169
   0.01856
  -0.02493
   0.03064
  -0.03553
   0.03947
  -0.04237
   0.04413
  -0.04472
   0.04412
  -0.04235
   0.03944
  -0.03549
   0.03059
  -0.02488
   0.01850
  -0.01164
   0.00446
   0.00284
  -0.01006
   0.01701
  -0.02351
   0.02939
  -0.03448
   0.03865
  -0.04180
   0.04383
  -0.04469
   0.04436
  -0.04286
   0.04021
  -0.03649
   0.03180
  -0.02626
   0.02003
  -0.01326
   0.00613
   0.00115
  -0.00841
   0.01544
  -0.02206
   0.02809
  -0.03338
   0.03778
  -0.04117
   0.04346
  -0.04460
   0.04455
  -0.04331
   0.04092
  -0.03744
   0.03296
  -0.02761
   0.02152
  -0.01486
   0.00780
  -0.00053
  -0.00675
   0.01385
  -0.02058
   0.02676
  -0.03223
   0.03685
  -0.04048
   0.04303
  -0.04444
   0.04466
  -0.04370
   0.04157
  -0.03833
   0.03408
  -0.02891
   0.02298
  -0.01644
   0.00945
  -0.00222
  -0.00508
   0.01224
  -0.01907
   0.02539
  -0.03104
   0.03586
  -0.03973
   0.04254
  -0.04422
   0.04472
  -0.04403
   0.04216
  -0.03918
   0.03515
  -0.03018
   0.02441
  -0.01799
   0.01109
  -0.00390
  -0.00340
   0.01061
  -0.01753
   0.02399
  -0.02981
   0.03483
  -0.03893
   0.04199
  -0.04393
   0.04471
  -0.04429
   0.04269
  -0.03996
   0.03616
  -0.03140
   0.02581
  -0.01952
   0.01272
  -0.00558
  -0.00172
   0.00896
  -0.01597
   0.02255
  -0.02853
   0.03375
  -0.03807
   0.04138
  -0.04359
   0.04463
  -0.04449
   0.04317
  -0.04069
   0.03713
  -0.03258
   0.02716
  -0.02102
   0.01432
  -0.00724
  -0.00003
   0.00730
  -0.01438
   0.02108
  -0.02721
   0.03262
  -0.03716
   0.04071
  -0.04318
   0.04450
  -0.04463
   0.04358
  -0.04136
   0.03804
  -0.03371
   0.02848
  -0.02250
   0.01591
  -0.00890
   0.00166
   0.00563
  -0.01277
   0.01958
  -0.02585
   0.03144
  -0.03620
   0.03999
  -0.04271
   0.04430
  -0.04471
   0.04392
  -0.04197
   0.03890
  -0.03480
   0.02976
  -0.02394
   0.01748
  -0.01055
   0.00334
   0.00396
  -0.01115
   0.01805
  -0.02446
   0.03022
  -0.03518
   0.03920
  -0.04218
   0.04404
  -0.04472
   0.04421
  -0.04252
   0.03971
  -0.03583
   0.03100
  -0.02534
   0.01901
  -0.01218
   0.00502
   0.00228
  -0.00951
   0.01649
  -0.02303
   0.02896
  -0.03412
   0.03837
  -0.04159
   0.04371
  -0.04467
   0.04443
  -0.04302
   0.04045
  -0.03681
   0.03219
  -0.02672
   0.02053
  -0.01379
   0.00669
   0.00059
  -0.00786
   0.01491
  -0.02157
   0.02765
  -0.03300
   0.03747
  -0.04094
   0.04332
  -0.04455
   0.04459
  -0.04345
   0.04114
  -0.03774
   0.03334
  -0.02805
   0.02201
  -0.01539
   0.00835
  -0.00109
  -0.00619
   0.01331
  -0.02008
   0.02631
  -0.03184
   0.03652
  -0.04024
   0.04287
  -0.04437
   0.04469
  -0.04381
   0.04177
  -0.03862
   0.03444
  -0.02934
   0.02346
  -0.01696
   0.01000
  -0.00278
  -0.00452
   0.01169
  -0.01856
   0.02493
  -0.03064
   0.03553
  -0.03947
   0.04237
  -0.04413
   0.04472
  -0.04412
   0.04235
  -0.03944
   0.03549
  -0.03059
   0.02488
  -0.01850
   0.01164
  -0.00446
  -0.00284
   0.01006
  -0.01701
   0.02351
  -0.02939
   0.03448
  -0.03865
   0.04180
  -0.04383
   0.04469
  -0.04436
   0.04286
  -0.04021
   0.03649
  -0.03180
   0.02626
  -0.02003
   0.01326
  -0.00613
  -0.00115
   0.00841
  -0.01544
   0.02206
  -0.02809
   0.03338
  -0.03778
   0.04117
  -0.04346
   0.04460
  -0.04455
   0.04331
  -0.04092
   0.03744
  -0.03296
   0.02761
  -0.02152
   0.01486
  -0.00780
   0.00053
