  -0.00680
   0.01470
  -0.02211
   0.02879
  -0.03451
   0.03910
  -0.04238
   0.04427
  -0.04469
   0.04363
  -0.04112
   0.03725
  -0.03215
   0.02599
  -0.01896
   0.01131
  -0.00328
  -0.00485
   0.01283
  -0.02038
   0.02726
  -0.03323
   0.03810
  -0.04172
   0.04395
  -0.04472
   0.04402
  -0.04185
   0.03830
  -0.03349
   0.02756
  -0.02072
   0.01320
  -0.00524
  -0.00290
   0.01093
  -0.01861
   0.02567
  -0.03188
   0.03704
  -0.04097
   0.04354
  -0.04467
   0.04432
  -0.04251
   0.03928
  -0.03476
   0.02908
  -0.02245
   0.01507
  -0.00719
  -0.00093
   0.00902
  -0.01681
   0.02404
  -0.03047
   0.03590
  -0.04014
   0.04305
  -0.04453
   0.04454
  -0.04308
   0.04018
  -0.03596
   0.03055
  -0.02413
   0.01690
  -0.00912
   0.00104
   0.00708
  -0.01497
   0.02236
  -0.02900
   0.03469
  -0.03923
   0.04247
  -0.04431
   0.04467
  -0.04356
   0.04101
  -0.03710
   0.03196
  -0.02576
   0.01871
  -0.01104
   0.00300
   0.00513
  -0.01310
   0.02063
  -0.02748
   0.03342
  -0.03825
   0.04182
  -0.04400
   0.04472
  -0.04397
   0.04175
  -0.03816
   0.03330
  -0.02734
   0.02048
  -0.01293
   0.00496
   0.00318
  -0.01121
   0.01887
  -0.02590
   0.03208
  -0.03719
   0.04108
  -0.04360
   0.04468
  -0.04428
   0.04242
  -0.03915
   0.03458
  -0.02887
   0.02220
  -0.01480
   0.00691
   0.00121
  -0.00929
   0.01707
  -0.02427
   0.03068
  -0.03607
   0.04026
  -0.04312
   0.04456
  -0.04451
   0.04300
  -0.04006
   0.03579
  -0.03034
   0.02389
  -0.01664
   0.00885
  -0.00076
  -0.00736
   0.01523
  -0.02260
   0.02922
  -0.03487
   0.03937
  -0.04256
   0.04434
  -0.04466
   0.04350
  -0.04090
   0.03694
  -0.03176
   0.02553
  -0.01845
   0.01076
  -0.00272
  -0.00541
   0.01337
  -0.02088
   0.02770
  -0.03360
   0.03839
  -0.04191
   0.04405
  -0.04472
   0.04391
  -0.04165
   0.03801
  -0.03311
   0.02712
  -0.02023
   0.01266
  -0.00468
  -0.00346
   0.01148
  -0.01912
   0.02613
  -0.03227
   0.03735
  -0.04119
   0.04366
  -0.04469
   0.04424
  -0.04233
   0.03901
  -0.03440
   0.02866
  -0.02196
   0.01454
  -0.00663
  -0.00149
   0.00957
  -0.01732
   0.02451
  -0.03088
   0.03623
  -0.04038
   0.04320
  -0.04458
   0.04449
  -0.04292
   0.03993
  -0.03563
   0.03014
  -0.02365
   0.01638
  -0.00857
   0.00047
   0.00764
  -0.01549
   0.02284
  -0.02943
   0.03504
  -0.03950
   0.04264
  -0.04438
   0.04464
  -0.04343
   0.04078
  -0.03678
   0.03156
  -0.02530
   0.01820
  -0.01049
   0.00244
   0.00569
  -0.01364
   0.02113
  -0.02792
   0.03379
  -0.03854
   0.04201
  -0.04409
   0.04472
  -0.04386
   0.04155
  -0.03786
   0.03292
  -0.02689
   0.01997
  -0.01239
   0.00440
   0.00374
  -0.01175
   0.01937
  -0.02636
   0.03247
  -0.03750
   0.04130
  -0.04372
   0.04470
  -0.04420
   0.04224
  -0.03887
   0.03422
  -0.02844
   0.02171
  -0.01427
   0.00635
   0.00177
  -0.00984
   0.01758
  -0.02474
   0.03108
  -0.03640
   0.04050
  -0.04327
   0.04460
  -0.04446
   0.04284
  -0.03981
   0.03546
  -0.02993
   0.02341
  -0.01612
   0.00829
  -0.00019
  -0.00791
   0.01576
  -0.02308
   0.02964
  -0.03522
   0.03963
  -0.04273
   0.04441
  -0.04463
   0.04336
  -0.04066
   0.03662
  -0.03136
   0.02506
  -0.01794
   0.01022
  -0.00216
  -0.00597
   0.01390
  -0.02137
   0.02814
  -0.03397
   0.03868
  -0.04211
   0.04414
  -0.04471
   0.04380
  -0.04144
   0.03771
  -0.03273
   0.02667
  -0.01972
   0.01212
  -0.00412
  -0.00402
   0.01202
  -0.01963
   0.02658
  -0.03266
   0.03766
  -0.04140
   0.04378
  -0.04471
   0.04416
  -0.04214
   0.03873
  -0.03404
   0.02822
  -0.02147
   0.01400
  -0.00608
  -0.00205
   0.01011
  -0.01784
   0.02498
  -0.03129
   0.03656
  -0.04062
   0.04334
  -0.04462
   0.04443
  -0.04276
   0.03968
  -0.03528
   0.02972
  -0.02317
   0.01586
  -0.00802
  -0.00009
   0.00819
  -0.01602
   0.02332
  -0.02985
   0.03539
  -0.03976
   0.04281
  -0.04445
   0.04461
  -0.04329
   0.04055
  -0.03646
   0.03116
  -0.02483
   0.01768
  -0.00994
   0.00188
   0.00625
  -0.01417
   0.02162
  -0.02836
   0.03415
  -0.03882
   0.04220
  -0.04418
   0.04470
  -0.04375
   0.04134
  -0.03756
   0.03254
  -0.02644
   0.01947
  -0.01185
   0.00384
   0.00430
  -0.01229
   0.01988
  -0.02681
   0.03285
  -0.03781
   0.04151
  -0.04384
   0.04471
  -0.04411
   0.04205
  -0.03859
   0.03386
  -0.02800
   0.02122
  -0.01374
   0.00580
   0.00233
  -0.01039
   0.01810
  -0.02521
   0.03149
  -0.03672
   0.04074
  -0.04341
   0.04464
  -0.04439
   0.04268
  -0.03955
   0.03511
  -0.02951
   0.02293
  -0.01559
   0.00774
   0.00037
  -0.00847
   0.01628
  -0.02356
   0.03006
  -0.03556
   0.03989
  -0.04289
   0.04448
  -0.04459
   0.04322
  -0.04043
   0.03629
  -0.03096
   0.02460
  -0.01742
   0.00967
  -0.00160
  -0.00653
   0.01444
  -0.02187
   0.02857
  -0.03433
   0.03896
  -0.04229
   0.04423
  -0.04470
   0.04369
  -0.04123
   0.03741
  -0.03235
   0.02622
  -0.01922
   0.01158
  -0.00356
  -0.00458
   0.01256
  -0.02013
   0.02703
  -0.03304
   0.03796
  -0.04161
   0.04389
  -0.04472
   0.04406
  -0.04195
   0.03845
  -0.03367
   0.02778
  -0.02097
   0.01347
  -0.00552
  -0.00261
   0.01066
  -0.01836
   0.02544
  -0.03168
   0.03688
  -0.04085
   0.04347
  -0.04465
   0.04436
  -0.04259
   0.03942
  -0.03494
   0.02930
  -0.02269
   0.01533
  -0.00746
  -0.00065
   0.00874
  -0.01654
   0.02380
  -0.03027
   0.03573
  -0.04001
   0.04297
  -0.04450
   0.04457
  -0.04315
   0.04031
  -0.03613
   0.03075
  -0.02436
   0.01716
  -0.00940
   0.00132
   0.00680
  -0.01470
   0.02211
  -0.02879
   0.03451
  -0.03910
   0.04238
  -0.04427
   0.04469
  -0.04363
   0.04112
  -0.03725
   0.03215
  -0.02599
   0.01896
  -0.01131
   0.00328
   0.00485
  -0.01283
   0.02038
  -0.02726
   0.03323
  -0.03810
   0.04172
  -0.04395
   0.04472
  -0.04402
   0.04185
  -0.03830
   0.03349
  -0.02756
   0.02072
  -0.01320
   0.00524
   0.00290
  -0.01093
   0.01861
  -0.02567
   0.03188
  -0.03704
   0.04097
  -0.04354
   0.04467
  -0.04432
   0.04251
  -0.03928
   0.03476
  -0.02908
   0.02245
  -0.01507
   0.00719
   0.00093
  -0.00902
   0.01681
  -0.02404
   0.03047
  -0.03590
   0.04014
  -0.04305
   0.04453
  -0.04454
   0.04308
  -0.04018
   0.03596
  -0.03055
   0.02413
  -0.01690
   0.00912
  -0.00104
  -0.00708
   0.01497
  -0.02236
   0.02900
  -0.03469
   0.03923
  -0.04247
   0.04431
  -0.04467
   0.04356
  -0.04101
   0.03710
  -0.03196
   0.02576
  -0.01871
   0.01104
  -0.00300
  -0.00513
   0.01310
  -0.02063
   0.02748
  -0.03342
   0.03825
  -0.04182
   0.04400
  -0.04472
   0.04397
  -0.04175
   0.03816
  -0.03330
   0.02734
  -0.02048
   0.01293
  -0.00496
  -0.00318
   0.01121
  -0.01887
   0.02590
  -0.03208
   0.03719
  -0.04108
   0.04360
  -0.04468
   0.04428
  -0.04242
   0.03915
  -0.03458
   0.02887
  -0.02220
   0.01480
  -0.00691
  -0.00121
   0.00929
  -0.01707
   0.02427
  -0.03068
   0.03607
  -0.04026
   0.04312
  -0.04456
   0.04451
  -0.04300
   0.04006
  -0.03579
   0.03034
  -0.02389
   0.01664
  -0.00885
   0.00076
   0.00736
  -0.01523
   0.02260
  -0.02922
   0.03487
  -0.03937
   0.04256
  -0.04434
   0.04466
  -0.04350
   0.04090
  -0.03694
   0.03176
  -0.02553
   0.01845
  -0.01076
   0.00272
   0.00541
  -0.01337
   0.02088
  -0.02770
   0.03360
  -0.03839
   0.04191
  -0.04405
   0.04472
  -0.04391
   0.04165
  -0.03801
   0.03311
  -0.02712
   0.02023
  -0.01266
   0.00468
   0.00346
  -0.01148
   0.01912
  -0.02613
   0.03227
  -0.03735
   0.04119
  -0.04366
   0.04469
  -0.04424
   0.04233
  -0.03901
   0.03440
  -0.02866
   0.02196
  -0.01454
   0.00663
   0.00149
  -0.00957
   0.01732
  -0.02451
   0.03088
  -0.03623
   0.04038
  -0.04320
   0.04458
  -0.04449
   0.04292
  -0.03993
   0.03563
  -0.03014
   0.02365
  -0.01638
   0.00857
  -0.00047
  -0.00764
   0.01549
  -0.02284
   0.02943
  -0.03504
   0.03950
  -0.04264
   0.04438
  -0.04464
   0.04343
  -0.04078
   0.03678
  -0.03156
   0.02530
  -0.01820
   0.01049
  -0.00244
  -0.00569
   0.01364
  -0.02113
   0.02792
  -0.03379
   0.03854
  -0.04201
   0.04409
  -0.04472
   0.04386
  -0.04155
   0.03786
  -0.03292
   0.02689
  -0.01997
   0.01239
  -0.00440
  -0.00374
   0.01175
  -0.01937
   0.02636
  -0.03247
   0.03750
  -0.04130
   0.04372
  -0.04470
   0.04420
  -0.04224
   0.03887
  -0.03422
   0.02844
  -0.02171
   0.01427
  -0.00635
  -0.00177
   0.00984
  -0.01758
   0.02474
  -0.03108
   0.03640
  -0.04050
   0.04327
  -0.04460
   0.04446
  -0.04284
   0.03981
  -0.03546
   0.02993
  -0.02341
   0.01612
  -0.00829
   0.00019
   0.00791
  -0.01576
   0.02308
  -0.02964
   0.03522
  -0.03963
   0.04273
  -0.04441
   0.04463
  -0.04336
   0.04066
  -0.03662
   0.03136
  -0.02506
   0.01794
  -0.01022
   0.00216
   0.00597
  -0.01390
   0.02137
  -0.02814
   0.03397
  -0.03868
   0.04211
  -0.04414
   0.04471
  -0.04380
   0.04144
  -0.03771
   0.03273
  -0.02667
   0.01972
  -0.01212
   0.00412
   0.00402
  -0.01202
   0.01963
  -0.02658
   0.03266
  -0.03766
   0.04140
  -0.04378
   0.04471
  -0.04416
   0.04214
  -0.03873
   0.03404
  -0.02822
   0.02147
  -0.01400
   0.00608
   0.00205
  -0.01011
   0.01784
  -0.02498
   0.03129
  -0.03656
   0.04062
  -0.04334
   0.04462
  -0.04443
   0.04276
  -0.03968
   0.03528
  -0.02972
   0.02317
  -0.01586
   0.00802
   0.00009
  -0.00819
   0.01602
  -0.02332
   0.02985
  -0.03539
   0.03976
  -0.04281
   0.04445
  -0.04461
   0.04329
  -0.04055
   0.03646
  -0.03116
   0.02483
  -0.01768
   0.00994
  -0.00188
  -0.00625
   0.01417
  -0.02162
   0.02836
  -0.03415
   0.03882
  -0.04220
   0.04418
  -0.04470
   0.04375
  -0.04134
   0.03756
  -0.03254
   0.02644
  -0.01947
   0.01185
  -0.00384
  -0.00430
   0.01229
  -0.01988
   0.02681
  -0.03285
   0.03781
  -0.04151
   0.04384
  -0.04471
   0.04411
  -0.04205
   0.03859
  -0.03386
   0.02800
  -0.02122
   0.01374
  -0.00580
  -0.00233
   0.01039
  -0.01810
   0.02521
  -0.03149
   0.03672
  -0.04074
   0.04341
  -0.04464
   0.04439
  -0.04268
   0.03955
  -0.03511
   0.02951
  -0.02293
   0.01559
  -0.00774
  -0.00037
   0.00847
  -0.01628
   0.02356
  -0.03006
   0.03556
  -0.03989
   0.04289
  -0.04448
   0.04459
  -0.04322
   0.04043
  -0.03629
   0.03096
  -0.02460
   0.01742
  -0.00967
   0.00160
   0.00653
  -0.01444
   0.02187
  -0.02857
   0.03433
  -0.03896
   0.04229
  -0.04423
   0.04470
  -0.04369
   0.04123
  -0.03741
   0.03235
  -0.02622
   0.01922
  -0.01158
   0.00356
   0.00458
  -0.01256
   0.02013
  -0.02703
   0.03304
  -0.03796
   0.04161
  -0.04389
   0.04472
  -0.04406
   0.04195
  -0.03845
   0.03367
  -0.02778
   0.02097
  -0.01347
   0.00552
   0.00261
  -0.01066
   0.01836
  -0.02544
   0.03168
  -0.03688
   0.04085
  -0.04347
   0.04465
  -0.04436
   0.04259
  -0.03942
   0.03494
  -0.02930
   0.02269
  -0.01533
   0.00746
   0.00065
  -0.00874
   0.01654
  -0.02380
   0.03027
  -0.03573
   0.04001
  -0.04297
   0.04450
  -0.04457
   0.04315
  -0.04031
   0.03613
  -0.03075
   0.02436
  -0.01716
   0.00940
  -0.00132
