  -0.04407
  -0.01680
   0.03694
   0.03246
  -0.02318
  -0.04229
   0.00524
   0.04452
   0.01363
  -0.03874
  -0.03006
   0.02599
   0.04108
  -0.00857
  -0.04471
  -0.01038
   0.04031
   0.02748
  -0.02866
  -0.03963
   0.01186
   0.04465
   0.00708
  -0.04165
  -0.02474
   0.03116
   0.03795
  -0.01507
  -0.04434
  -0.00373
   0.04276
   0.02186
  -0.03349
  -0.03606
   0.01820
   0.04378
   0.00036
  -0.04363
  -0.01886
   0.03563
   0.03397
  -0.02123
  -0.04297
   0.00301
   0.04424
   0.01575
  -0.03756
  -0.03168
   0.02413
   0.04191
  -0.00636
  -0.04461
  -0.01256
   0.03928
   0.02921
  -0.02690
  -0.04062
   0.00967
   0.04472
   0.00929
  -0.04078
  -0.02658
   0.02951
   0.03909
  -0.01294
  -0.04458
  -0.00597
   0.04205
   0.02380
  -0.03196
  -0.03735
   0.01612
   0.04418
   0.00261
  -0.04308
  -0.02088
   0.03423
   0.03539
  -0.01922
  -0.04354
   0.00076
   0.04386
   0.01784
  -0.03630
  -0.03323
   0.02221
   0.04264
  -0.00413
  -0.04439
  -0.01470
   0.03816
   0.03088
  -0.02507
  -0.04151
   0.00747
   0.04467
   0.01147
  -0.03981
  -0.02835
   0.02779
   0.04014
  -0.01077
  -0.04470
  -0.00819
   0.04123
   0.02567
  -0.03035
  -0.03854
   0.01401
   0.04448
   0.00485
  -0.04242
  -0.02284
   0.03274
   0.03672
  -0.01717
  -0.04400
  -0.00149
   0.04337
   0.01988
  -0.03494
  -0.03469
   0.02023
   0.04327
  -0.00188
  -0.04407
  -0.01680
   0.03694
   0.03246
  -0.02318
  -0.04229
   0.00524
   0.04452
   0.01363
  -0.03874
  -0.03006
   0.02599
   0.04108
  -0.00857
  -0.04471
  -0.01038
   0.04031
   0.02748
  -0.02866
  -0.03963
   0.01186
   0.04465
   0.00708
  -0.04165
  -0.02474
   0.03116
   0.03795
  -0.01507
  -0.04434
  -0.00373
   0.04276
   0.02186
  -0.03349
  -0.03606
   0.01820
   0.04378
   0.00036
  -0.04363
  -0.01886
   0.03563
   0.03397
  -0.02123
  -0.04297
   0.00301
   0.04424
   0.01575
  -0.03756
  -0.03168
   0.02413
   0.04191
  -0.00636
  -0.04461
  -0.01256
   0.03928
   0.02921
  -0.02690
  -0.04062
   0.00967
   0.04472
   0.00929
  -0.04078
  -0.02658
   0.02951
   0.03909
  -0.01294
  -0.04458
  -0.00597
   0.04205
   0.02380
  -0.03196
  -0.03735
   0.01612
   0.04418
   0.00261
  -0.04308
  -0.02088
   0.03423
   0.03539
  -0.01922
  -0.04354
   0.00076
   0.04386
   0.01784
  -0.03630
  -0.03323
   0.02221
   0.04264
  -0.00413
  -0.04439
  -0.01470
   0.03816
   0.03088
  -0.02507
  -0.04151
   0.00747
   0.04467
   0.01147
  -0.03981
  -0.02835
   0.02779
   0.04014
  -0.01077
  -0.04470
  -0.00819
   0.04123
   0.02567
  -0.03035
  -0.03854
   0.01401
   0.04448
   0.00485
  -0.04242
  -0.02284
   0.03274
   0.03672
  -0.01717
  -0.04400
  -0.00149
   0.04337
   0.01988
  -0.03494
  -0.03469
   0.02023
   0.04327
  -0.00188
  -0.04407
  -0.01680
   0.03694
   0.03246
  -0.02318
  -0.04229
   0.00524
   0.04452
   0.01363
  -0.03874
  -0.03006
   0.02599
   0.04108
  -0.00857
  -0.04471
  -0.01038
   0.04031
   0.02748
  -0.02866
  -0.03963
   0.01186
   0.04465
   0.00708
  -0.04165
  -0.02474
   0.03116
   0.03795
  -0.01507
  -0.04434
  -0.00373
   0.04276
   0.02186
  -0.03349
  -0.03606
   0.01820
   0.04378
   0.00036
  -0.04363
  -0.01886
   0.03563
   0.03397
  -0.02123
  -0.04297
   0.00301
   0.04424
   0.01575
  -0.03756
  -0.03168
   0.02413
   0.04191
  -0.00636
  -0.04461
  -0.01256
   0.03928
   0.02921
  -0.02690
  -0.04062
   0.00967
   0.04472
   0.00929
  -0.04078
  -0.02658
   0.02951
   0.03909
  -0.01294
  -0.04458
  -0.00597
   0.04205
   0.02380
  -0.03196
  -0.03735
   0.01612
   0.04418
   0.00261
  -0.04308
  -0.02088
   0.03423
   0.03539
  -0.01922
  -0.04354
   0.00076
   0.04386
   0.01784
  -0.03630
  -0.03323
   0.02221
   0.04264
  -0.00413
  -0.04439
  -0.01470
   0.03816
   0.03088
  -0.02507
  -0.04151
   0.00747
   0.04467
   0.01147
  -0.03981
  -0.02835
   0.02779
   0.04014
  -0.01077
  -0.04470
  -0.00819
   0.04123
   0.02567
  -0.03035
  -0.03854
   0.01401
   0.04448
   0.00485
  -0.04242
  -0.02284
   0.03274
   0.03672
  -0.01717
  -0.04400
  -0.00149
   0.04337
   0.01988
  -0.03494
  -0.03469
   0.02023
   0.04327
  -0.00188
  -0.04407
  -0.01680
   0.03694
   0.03246
  -0.02318
  -0.04229
   0.00524
   0.04452
   0.01363
  -0.03874
  -0.03006
   0.02599
   0.04108
  -0.00857
  -0.04471
  -0.01038
   0.04031
   0.02748
  -0.02866
  -0.03963
   0.01186
   0.04465
   0.00708
  -0.04165
  -0.02474
   0.03116
   0.03795
  -0.01507
  -0.04434
  -0.00373
   0.04276
   0.02186
  -0.03349
  -0.03606
   0.01820
   0.04378
   0.00036
  -0.04363
  -0.01886
   0.03563
   0.03397
  -0.02123
  -0.04297
   0.00301
   0.04424
   0.01575
  -0.03756
  -0.03168
   0.02413
   0.04191
  -0.00636
  -0.04461
  -0.01256
   0.03928
   0.02921
  -0.02690
  -0.04062
   0.00967
   0.04472
   0.00929
  -0.04078
  -0.02658
   0.02951
   0.03909
  -0.01294
  -0.04458
  -0.00597
   0.04205
   0.02380
  -0.03196
  -0.03735
   0.01612
   0.04418
   0.00261
  -0.04308
  -0.02088
   0.03423
   0.03539
  -0.01922
  -0.04354
   0.00076
   0.04386
   0.01784
  -0.03630
  -0.03323
   0.02221
   0.04264
  -0.00413
  -0.04439
  -0.01470
   0.03816
   0.03088
  -0.02507
  -0.04151
   0.00747
   0.04467
   0.01147
  -0.03981
  -0.02835
   0.02779
   0.04014
  -0.01077
  -0.04470
  -0.00819
   0.04123
   0.02567
  -0.03035
  -0.03854
   0.01401
   0.04448
   0.00485
  -0.04242
  -0.02284
   0.03274
   0.03672
  -0.01717
  -0.04400
  -0.00149
   0.04337
   0.01988
  -0.03494
  -0.03469
   0.02023
   0.04327
  -0.00188
  -0.04407
  -0.01680
   0.03694
   0.03246
  -0.02318
  -0.04229
   0.00524
   0.04452
   0.01363
  -0.03874
  -0.03006
   0.02599
   0.04108
  -0.00857
  -0.04471
  -0.01038
   0.04031
   0.02748
  -0.02866
  -0.03963
   0.01186
   0.04465
   0.00708
  -0.04165
  -0.02474
   0.03116
   0.03795
  -0.01507
  -0.04434
  -0.00373
   0.04276
   0.02186
  -0.03349
  -0.03606
   0.01820
   0.04378
   0.00036
  -0.04363
  -0.01886
   0.03563
   0.03397
  -0.02123
  -0.04297
   0.00301
   0.04424
   0.01575
  -0.03756
  -0.03168
   0.02413
   0.04191
  -0.00636
  -0.04461
  -0.01256
   0.03928
   0.02921
  -0.02690
  -0.04062
   0.00967
   0.04472
   0.00929
  -0.04078
  -0.02658
   0.02951
   0.03909
  -0.01294
  -0.04458
  -0.00597
   0.04205
   0.02380
  -0.03196
  -0.03735
   0.01612
   0.04418
   0.00261
  -0.04308
  -0.02088
   0.03423
   0.03539
  -0.01922
  -0.04354
   0.00076
   0.04386
   0.01784
  -0.03630
  -0.03323
   0.02221
   0.04264
  -0.00413
  -0.04439
  -0.01470
   0.03816
   0.03088
  -0.02507
  -0.04151
   0.00747
   0.04467
   0.01147
  -0.03981
  -0.02835
   0.02779
   0.04014
  -0.01077
  -0.04470
  -0.00819
   0.04123
   0.02567
  -0.03035
  -0.03854
   0.01401
   0.04448
   0.00485
  -0.04242
  -0.02284
   0.03274
   0.03672
  -0.01717
  -0.04400
  -0.00149
   0.04337
   0.01988
  -0.03494
  -0.03469
   0.02023
   0.04327
  -0.00188
  -0.04407
  -0.01680
   0.03694
   0.03246
  -0.02318
  -0.04229
   0.00524
   0.04452
   0.01363
  -0.03874
  -0.03006
   0.02599
   0.04108
  -0.00857
  -0.04471
  -0.01038
   0.04031
   0.02748
  -0.02866
  -0.03963
   0.01186
   0.04465
   0.00708
  -0.04165
  -0.02474
   0.03116
   0.03795
  -0.01507
  -0.04434
  -0.00373
   0.04276
   0.02186
  -0.03349
  -0.03606
   0.01820
   0.04378
   0.00036
  -0.04363
  -0.01886
   0.03563
   0.03397
  -0.02123
  -0.04297
   0.00301
   0.04424
   0.01575
  -0.03756
  -0.03168
   0.02413
   0.04191
  -0.00636
  -0.04461
  -0.01256
   0.03928
   0.02921
  -0.02690
  -0.04062
   0.00967
   0.04472
   0.00929
  -0.04078
  -0.02658
   0.02951
   0.03909
  -0.01294
  -0.04458
  -0.00597
   0.04205
   0.02380
  -0.03196
  -0.03735
   0.01612
   0.04418
   0.00261
  -0.04308
  -0.02088
   0.03423
   0.03539
  -0.01922
  -0.04354
   0.00076
   0.04386
   0.01784
  -0.03630
  -0.03323
   0.02221
   0.04264
  -0.00413
  -0.04439
  -0.01470
   0.03816
   0.03088
  -0.02507
  -0.04151
   0.00747
   0.04467
   0.01147
  -0.03981
  -0.02835
   0.02779
   0.04014
  -0.01077
  -0.04470
  -0.00819
   0.04123
   0.02567
  -0.03035
  -0.03854
   0.01401
   0.04448
   0.00485
  -0.04242
  -0.02284
   0.03274
   0.03672
  -0.01717
  -0.04400
  -0.00149
   0.04337
   0.01988
  -0.03494
  -0.03469
   0.02023
   0.04327
  -0.00188
  -0.04407
  -0.01680
   0.03694
   0.03246
  -0.02318
  -0.04229
   0.00524
   0.04452
   0.01363
  -0.03874
  -0.03006
   0.02599
   0.04108
  -0.00857
  -0.04471
  -0.01038
   0.04031
   0.02748
  -0.02866
  -0.03963
   0.01186
   0.04465
   0.00708
  -0.04165
  -0.02474
   0.03116
   0.03795
  -0.01507
  -0.04434
  -0.00373
   0.04276
   0.02186
  -0.03349
  -0.03606
   0.01820
   0.04378
   0.00036
  -0.04363
  -0.01886
   0.03563
   0.03397
  -0.02123
  -0.04297
   0.00301
   0.04424
   0.01575
  -0.03756
  -0.03168
   0.02413
   0.04191
  -0.00636
  -0.04461
  -0.01256
   0.03928
   0.02921
  -0.02690
  -0.04062
   0.00967
   0.04472
   0.00929
  -0.04078
  -0.02658
   0.02951
   0.03909
  -0.01294
  -0.04458
  -0.00597
   0.04205
   0.02380
  -0.03196
  -0.03735
   0.01612
   0.04418
   0.00261
  -0.04308
  -0.02088
   0.03423
   0.03539
  -0.01922
  -0.04354
   0.00076
   0.04386
   0.01784
  -0.03630
  -0.03323
   0.02221
   0.04264
  -0.00413
  -0.04439
  -0.01470
   0.03816
   0.03088
  -0.02507
  -0.04151
   0.00747
   0.04467
   0.01147
  -0.03981
  -0.02835
   0.02779
   0.04014
  -0.01077
  -0.04470
  -0.00819
   0.04123
   0.02567
  -0.03035
  -0.03854
   0.01401
   0.04448
   0.00485
  -0.04242
  -0.02284
   0.03274
   0.03672
  -0.01717
  -0.04400
  -0.00149
   0.04337
   0.01988
  -0.03494
  -0.03469
   0.02023
   0.04327
  -0.00188
  -0.04407
  -0.01680
   0.03694
   0.03246
  -0.02318
  -0.04229
   0.00524
   0.04452
   0.01363
  -0.03874
  -0.03006
   0.02599
   0.04108
  -0.00857
  -0.04471
  -0.01038
   0.04031
   0.02748
  -0.02866
  -0.03963
   0.01186
   0.04465
   0.00708
  -0.04165
  -0.02474
   0.03116
   0.03795
  -0.01507
  -0.04434
  -0.00373
   0.04276
   0.02186
  -0.03349
  -0.03606
   0.01820
   0.04378
   0.00036
  -0.04363
  -0.01886
   0.03563
   0.03397
  -0.02123
  -0.04297
   0.00301
   0.04424
   0.01575
  -0.03756
  -0.03168
   0.02413
   0.04191
  -0.00636
  -0.04461
  -0.01256
   0.03928
   0.02921
  -0.02690
  -0.04062
   0.00967
   0.04472
   0.00929
  -0.04078
  -0.02658
   0.02951
   0.03909
  -0.01294
  -0.04458
  -0.00597
   0.04205
   0.02380
  -0.03196
  -0.03735
   0.01612
   0.04418
   0.00261
  -0.04308
  -0.02088
   0.03423
   0.03539
  -0.01922
  -0.04354
   0.00076
   0.04386
   0.01784
  -0.03630
  -0.03323
   0.02221
   0.04264
  -0.00413
  -0.04439
  -0.01470
   0.03816
   0.03088
  -0.02507
  -0.04151
   0.00747
   0.04467
   0.01147
  -0.03981
  -0.02835
   0.02779
   0.04014
  -0.01077
  -0.04470
  -0.00819
   0.04123
   0.02567
  -0.03035
  -0.03854
   0.01401
   0.04448
   0.00485
  -0.04242
  -0.02284
   0.03274
   0.03672
  -0.01717
  -0.04400
  -0.00149
   0.04337
   0.01988
  -0.03494
  -0.03469
   0.02023
   0.04327
  -0.00188
