   0.04236
  -0.03651
   0.02763
  -0.01646
   0.00393
   0.00893
  -0.02105
   0.03142
  -0.03919
   0.04370
  -0.04459
   0.04178
  -0.03551
   0.02629
  -0.01488
   0.00225
   0.01058
  -0.02252
   0.03260
  -0.03997
   0.04403
  -0.04444
   0.04115
  -0.03446
   0.02490
  -0.01328
   0.00056
   0.01221
  -0.02396
   0.03373
  -0.04070
   0.04429
  -0.04421
   0.04046
  -0.03336
   0.02349
  -0.01166
  -0.00112
   0.01382
  -0.02537
   0.03481
  -0.04137
   0.04450
  -0.04393
   0.03972
  -0.03221
   0.02203
  -0.01003
  -0.00281
   0.01541
  -0.02674
   0.03585
  -0.04198
   0.04463
  -0.04358
   0.03892
  -0.03102
   0.02055
  -0.00838
  -0.00449
   0.01699
  -0.02807
   0.03683
  -0.04253
   0.04471
  -0.04317
   0.03806
  -0.02978
   0.01904
  -0.00672
  -0.00616
   0.01853
  -0.02936
   0.03776
  -0.04302
   0.04472
  -0.04270
   0.03714
  -0.02851
   0.01750
  -0.00505
  -0.00783
   0.02005
  -0.03061
   0.03864
  -0.04345
   0.04466
  -0.04217
   0.03618
  -0.02719
   0.01594
  -0.00337
  -0.00948
   0.02155
  -0.03182
   0.03946
  -0.04382
   0.04455
  -0.04158
   0.03516
  -0.02583
   0.01435
  -0.00168
  -0.01112
   0.02301
  -0.03298
   0.04022
  -0.04413
   0.04437
  -0.04093
   0.03410
  -0.02443
   0.01275
   0.00000
  -0.01275
   0.02444
  -0.03410
   0.04093
  -0.04437
   0.04413
  -0.04022
   0.03298
  -0.02301
   0.01112
   0.00169
  -0.01435
   0.02583
  -0.03516
   0.04158
  -0.04455
   0.04382
  -0.03946
   0.03182
  -0.02154
   0.00948
   0.00337
  -0.01594
   0.02719
  -0.03618
   0.04217
  -0.04466
   0.04345
  -0.03864
   0.03061
  -0.02005
   0.00783
   0.00505
  -0.01750
   0.02851
  -0.03715
   0.04270
  -0.04472
   0.04302
  -0.03776
   0.02936
  -0.01853
   0.00616
   0.00672
  -0.01904
   0.02979
  -0.03806
   0.04317
  -0.04471
   0.04253
  -0.03683
   0.02807
  -0.01698
   0.00449
   0.00838
  -0.02055
   0.03102
  -0.03892
   0.04358
  -0.04463
   0.04198
  -0.03585
   0.02674
  -0.01541
   0.00281
   0.01003
  -0.02204
   0.03221
  -0.03972
   0.04393
  -0.04450
   0.04137
  -0.03481
   0.02537
  -0.01382
   0.00112
   0.01167
  -0.02349
   0.03336
  -0.04047
   0.04421
  -0.04429
   0.04070
  -0.03373
   0.02396
  -0.01221
  -0.00056
   0.01329
  -0.02491
   0.03446
  -0.04115
   0.04444
  -0.04403
   0.03997
  -0.03260
   0.02252
  -0.01058
  -0.00225
   0.01489
  -0.02629
   0.03551
  -0.04178
   0.04459
  -0.04370
   0.03919
  -0.03142
   0.02105
  -0.00893
  -0.00393
   0.01646
  -0.02763
   0.03651
  -0.04236
   0.04469
  -0.04332
   0.03835
  -0.03020
   0.01955
  -0.00727
  -0.00561
   0.01802
  -0.02894
   0.03746
  -0.04287
   0.04472
  -0.04287
   0.03745
  -0.02894
   0.01802
  -0.00560
  -0.00727
   0.01955
  -0.03020
   0.03835
  -0.04332
   0.04469
  -0.04236
   0.03651
  -0.02763
   0.01646
  -0.00393
  -0.00893
   0.02105
  -0.03142
   0.03919
  -0.04370
   0.04459
  -0.04178
   0.03551
  -0.02629
   0.01488
  -0.00225
  -0.01058
   0.02252
  -0.03260
   0.03997
  -0.04403
   0.04444
  -0.04115
   0.03446
  -0.02490
   0.01328
  -0.00056
  -0.01221
   0.02396
  -0.03373
   0.04070
  -0.04429
   0.04421
  -0.04046
   0.03336
  -0.02349
   0.01166
   0.00112
  -0.01382
   0.02537
  -0.03481
   0.04137
  -0.04450
   0.04393
  -0.03972
   0.03221
  -0.02203
   0.01003
   0.00281
  -0.01541
   0.02674
  -0.03585
   0.04198
  -0.04463
   0.04358
  -0.03892
   0.03102
  -0.02055
   0.00838
   0.00449
  -0.01699
   0.02807
  -0.03683
   0.04253
  -0.04471
   0.04317
  -0.03806
   0.02978
  -0.01904
   0.00672
   0.00616
  -0.01853
   0.02936
  -0.03776
   0.04302
  -0.04472
   0.04270
  -0.03714
   0.02851
  -0.01750
   0.00505
   0.00783
  -0.02005
   0.03061
  -0.03864
   0.04345
  -0.04466
   0.04217
  -0.03618
   0.02719
  -0.01594
   0.00337
   0.00948
  -0.02155
   0.03182
  -0.03946
   0.04382
  -0.04455
   0.04158
  -0.03516
   0.02583
  -0.01435
   0.00168
   0.01112
  -0.02301
   0.03298
  -0.04022
   0.04413
  -0.04437
   0.04093
  -0.03410
   0.02443
  -0.01275
  -0.00000
   0.01275
  -0.02444
   0.03410
  -0.04093
   0.04437
  -0.04413
   0.04022
  -0.03298
   0.02301
  -0.01112
  -0.00169
   0.01435
  -0.02583
   0.03516
  -0.04158
   0.04455
  -0.04382
   0.03946
  -0.03182
   0.02154
  -0.00948
  -0.00337
   0.01594
  -0.02719
   0.03618
  -0.04217
   0.04466
  -0.04345
   0.03864
  -0.03061
   0.02005
  -0.00783
  -0.00505
   0.01750
  -0.02851
   0.03715
  -0.04270
   0.04472
  -0.04302
   0.03776
  -0.02936
   0.01853
  -0.00616
  -0.00672
   0.01904
  -0.02979
   0.03806
  -0.04317
   0.04471
  -0.04253
   0.03683
  -0.02807
   0.01698
  -0.00449
  -0.00838
   0.02055
  -0.03102
   0.03892
  -0.04358
   0.04463
  -0.04198
   0.03585
  -0.02674
   0.01541
  -0.00281
  -0.01003
   0.02204
  -0.03221
   0.03972
  -0.04393
   0.04450
  -0.04137
   0.03481
  -0.02537
   0.01382
  -0.00112
  -0.01167
   0.02349
  -0.03336
   0.04047
  -0.04421
   0.04429
  -0.04070
   0.03373
  -0.02396
   0.01221
   0.00056
  -0.01329
   0.02491
  -0.03446
   0.04115
  -0.04444
   0.04403
  -0.03997
   0.03260
  -0.02252
   0.01058
   0.00225
  -0.01489
   0.02629
  -0.03551
   0.04178
  -0.04459
   0.04370
  -0.03919
   0.03142
  -0.02105
   0.00893
   0.00393
  -0.01646
   0.02763
  -0.03651
   0.04236
  -0.04469
   0.04332
  -0.03835
   0.03020
  -0.01955
   0.00727
   0.00561
  -0.01802
   0.02894
  -0.03746
   0.04287
  -0.04472
   0.04287
  -0.03745
   0.02894
  -0.01802
   0.00560
   0.00727
  -0.01955
   0.03020
  -0.03835
   0.04332
  -0.04469
   0.04236
  -0.03651
   0.02763
  -0.01646
   0.00393
   0.00893
  -0.02105
   0.03142
  -0.03919
   0.04370
  -0.04459
   0.04178
  -0.03551
   0.02629
  -0.01488
   0.00225
   0.01058
  -0.02252
   0.03260
  -0.03997
   0.04403
  -0.04444
   0.04115
  -0.03446
   0.02490
  -0.01328
   0.00056
   0.01221
  -0.02396
   0.03373
  -0.04070
   0.04429
  -0.04421
   0.04046
  -0.03336
   0.02349
  -0.01166
  -0.00112
   0.01382
  -0.02537
   0.03481
  -0.04137
   0.04450
  -0.04393
   0.03972
  -0.03221
   0.02203
  -0.01003
  -0.00281
   0.01541
  -0.02674
   0.03585
  -0.04198
   0.04463
  -0.04358
   0.03892
  -0.03102
   0.02055
  -0.00838
  -0.00449
   0.01699
  -0.02807
   0.03683
  -0.04253
   0.04471
  -0.04317
   0.03806
  -0.02978
   0.01904
  -0.00672
  -0.00616
   0.01853
  -0.02936
   0.03776
  -0.04302
   0.04472
  -0.04270
   0.03714
  -0.02851
   0.01750
  -0.00505
  -0.00783
   0.02005
  -0.03061
   0.03864
  -0.04345
   0.04466
  -0.04217
   0.03618
  -0.02719
   0.01594
  -0.00337
  -0.00948
   0.02155
  -0.03182
   0.03946
  -0.04382
   0.04455
  -0.04158
   0.03516
  -0.02583
   0.01435
  -0.00168
  -0.01112
   0.02301
  -0.03298
   0.04022
  -0.04413
   0.04437
  -0.04093
   0.03410
  -0.02443
   0.01275
   0.00000
  -0.01275
   0.02444
  -0.03410
   0.04093
  -0.04437
   0.04413
  -0.04022
   0.03298
  -0.02301
   0.01112
   0.00169
  -0.01435
   0.02583
  -0.03516
   0.04158
  -0.04455
   0.04382
  -0.03946
   0.03182
  -0.02154
   0.00948
   0.00337
  -0.01594
   0.02719
  -0.03618
   0.04217
  -0.04466
   0.04345
  -0.03864
   0.03061
  -0.02005
   0.00783
   0.00505
  -0.01750
   0.02851
  -0.03715
   0.04270
  -0.04472
   0.04302
  -0.03776
   0.02936
  -0.01853
   0.00616
   0.00672
  -0.01904
   0.02979
  -0.03806
   0.04317
  -0.04471
   0.04253
  -0.03683
   0.02807
  -0.01698
   0.00449
   0.00838
  -0.02055
   0.03102
  -0.03892
   0.04358
  -0.04463
   0.04198
  -0.03585
   0.02674
  -0.01541
   0.00281
   0.01003
  -0.02204
   0.03221
  -0.03972
   0.04393
  -0.04450
   0.04137
  -0.03481
   0.02537
  -0.01382
   0.00112
   0.01167
  -0.02349
   0.03336
  -0.04047
   0.04421
  -0.04429
   0.04070
  -0.03373
   0.02396
  -0.01221
  -0.00056
   0.01329
  -0.02491
   0.03446
  -0.04115
   0.04444
  -0.04403
   0.03997
  -0.03260
   0.02252
  -0.01058
  -0.00225
   0.01489
  -0.02629
   0.03551
  -0.04178
   0.04459
  -0.04370
   0.03919
  -0.03142
   0.02105
  -0.00893
  -0.00393
   0.01646
  -0.02763
   0.03651
  -0.04236
   0.04469
  -0.04332
   0.03835
  -0.03020
   0.01955
  -0.00727
  -0.00561
   0.01802
  -0.02894
   0.03746
  -0.04287
   0.04472
  -0.04287
   0.03745
  -0.02894
   0.01802
  -0.00560
  -0.00727
   0.01955
  -0.03020
   0.03835
  -0.04332
   0.04469
  -0.04236
   0.03651
  -0.02763
   0.01646
  -0.00393
  -0.00893
   0.02105
  -0.03142
   0.03919
  -0.04370
   0.04459
  -0.04178
   0.03551
  -0.02629
   0.01488
  -0.00225
  -0.01058
   0.02252
  -0.03260
   0.03997
  -0.04403
   0.04444
  -0.04115
   0.03446
  -0.02490
   0.01328
  -0.00056
  -0.01221
   0.02396
  -0.03373
   0.04070
  -0.04429
   0.04421
  -0.04046
   0.03336
  -0.02349
   0.01166
   0.00112
  -0.01382
   0.02537
  -0.03481
   0.04137
  -0.04450
   0.04393
  -0.03972
   0.03221
  -0.02203
   0.01003
   0.00281
  -0.01541
   0.02674
  -0.03585
   0.04198
  -0.04463
   0.04358
  -0.03892
   0.03102
  -0.02055
   0.00838
   0.00449
  -0.01699
   0.02807
  -0.03683
   0.04253
  -0.04471
   0.04317
  -0.03806
   0.02978
  -0.01904
   0.00672
   0.00616
  -0.01853
   0.02936
  -0.03776
   0.04302
  -0.04472
   0.04270
  -0.03714
   0.02851
  -0.01750
   0.00505
   0.00783
  -0.02005
   0.03061
  -0.03864
   0.04345
  -0.04466
   0.04217
  -0.03618
   0.02719
  -0.01594
   0.00337
   0.00948
  -0.02155
   0.03182
  -0.03946
   0.04382
  -0.04455
   0.04158
  -0.03516
   0.02583
  -0.01435
   0.00168
   0.01112
  -0.02301
   0.03298
  -0.04022
   0.04413
  -0.04437
   0.04093
  -0.03410
   0.02443
  -0.01275
  -0.00000
   0.01275
  -0.02444
   0.03410
  -0.04093
   0.04437
  -0.04413
   0.04022
  -0.03298
   0.02301
  -0.01112
  -0.00169
   0.01435
  -0.02583
   0.03516
  -0.04158
   0.04455
  -0.04382
   0.03946
  -0.03182
   0.02154
  -0.00948
  -0.00337
   0.01594
  -0.02719
   0.03618
  -0.04217
   0.04466
  -0.04345
   0.03864
  -0.03061
   0.02005
  -0.00783
  -0.00505
   0.01750
  -0.02851
   0.03715
  -0.04270
   0.04472
  -0.04302
   0.03776
  -0.02936
   0.01853
  -0.00616
  -0.00672
   0.01904
  -0.02979
   0.03806
  -0.04317
   0.04471
  -0.04253
   0.03683
  -0.02807
   0.01698
  -0.00449
  -0.00838
   0.02055
  -0.03102
   0.03892
  -0.04358
   0.04463
  -0.04198
   0.03585
  -0.02674
   0.01541
  -0.00281
  -0.01003
   0.02204
  -0.03221
   0.03972
  -0.04393
   0.04450
  -0.04137
   0.03481
  -0.02537
   0.01382
  -0.00112
  -0.01167
   0.02349
  -0.03336
   0.04047
  -0.04421
   0.04429
  -0.04070
   0.03373
  -0.02396
   0.01221
   0.00056
  -0.01329
   0.02491
  -0.03446
   0.04115
  -0.04444
   0.04403
  -0.03997
   0.03260
  -0.02252
   0.01058
   0.00225
  -0.01489
   0.02629
  -0.03551
   0.04178
  -0.04459
   0.04370
  -0.03919
   0.03142
  -0.02105
   0.00893
   0.00393
  -0.01646
   0.02763
  -0.03651
   0.04236
  -0.04469
   0.04332
  -0.03835
   0.03020
  -0.01955
   0.00727
   0.00561
  -0.01802
   0.02894
  -0.03746
   0.04287
  -0.04472
   0.04287
  -0.03745
   0.02894
  -0.01802
   0.00560
   0.00727
  -0.01955
   0.03020
  -0.03835
   0.04332
  -0.04469
