  -0.02471
   0.04209
  -0.04277
   0.02647
   0.00033
  -0.02700
   0.04296
  -0.04187
   0.02416
   0.00314
  -0.02919
   0.04365
  -0.04080
   0.02175
   0.00593
  -0.03126
   0.04418
  -0.03957
   0.01925
   0.00870
  -0.03320
   0.04453
  -0.03818
   0.01668
   0.01144
  -0.03502
   0.04470
  -0.03664
   0.01404
   0.01413
  -0.03670
   0.04470
  -0.03496
   0.01135
   0.01677
  -0.03823
   0.04452
  -0.03314
   0.00861
   0.01934
  -0.03961
   0.04416
  -0.03119
   0.00584
   0.02183
  -0.04084
   0.04363
  -0.02911
   0.00304
   0.02424
  -0.04190
   0.04293
  -0.02693
   0.00023
   0.02655
  -0.04280
   0.04206
  -0.02463
  -0.00258
   0.02876
  -0.04353
   0.04102
  -0.02224
  -0.00537
   0.03085
  -0.04409
   0.03982
  -0.01976
  -0.00815
   0.03283
  -0.04447
   0.03847
  -0.01720
  -0.01090
   0.03467
  -0.04468
   0.03696
  -0.01457
  -0.01360
   0.03637
  -0.04471
   0.03531
  -0.01189
  -0.01625
   0.03794
  -0.04457
   0.03351
  -0.00916
  -0.01883
   0.03935
  -0.04425
   0.03159
  -0.00639
  -0.02134
   0.04060
  -0.04375
   0.02954
  -0.00360
  -0.02377
   0.04170
  -0.04309
   0.02737
  -0.00079
  -0.02610
   0.04263
  -0.04225
   0.02510
   0.00201
  -0.02833
   0.04340
  -0.04124
   0.02272
   0.00482
  -0.03044
   0.04399
  -0.04008
   0.02026
   0.00760
  -0.03244
   0.04441
  -0.03875
   0.01772
   0.01035
  -0.03431
   0.04465
  -0.03727
   0.01510
   0.01306
  -0.03604
   0.04472
  -0.03565
   0.01243
   0.01572
  -0.03763
   0.04461
  -0.03388
   0.00971
   0.01832
  -0.03908
   0.04433
  -0.03198
   0.00695
   0.02085
  -0.04037
   0.04387
  -0.02996
   0.00416
   0.02329
  -0.04149
   0.04323
  -0.02781
   0.00136
   0.02564
  -0.04246
   0.04243
  -0.02556
  -0.00145
   0.02789
  -0.04326
   0.04146
  -0.02321
  -0.00426
   0.03003
  -0.04389
   0.04032
  -0.02076
  -0.00704
   0.03205
  -0.04434
   0.03903
  -0.01823
  -0.00980
   0.03395
  -0.04462
   0.03758
  -0.01563
  -0.01252
   0.03571
  -0.04472
   0.03599
  -0.01297
  -0.01519
   0.03733
  -0.04465
   0.03425
  -0.01026
  -0.01781
   0.03880
  -0.04440
   0.03237
  -0.00750
  -0.02035
   0.04012
  -0.04397
   0.03037
  -0.00472
  -0.02281
   0.04128
  -0.04337
   0.02825
  -0.00192
  -0.02518
   0.04228
  -0.04260
   0.02602
   0.00089
  -0.02745
   0.04311
  -0.04167
   0.02368
   0.00370
  -0.02961
   0.04377
  -0.04056
   0.02126
   0.00649
  -0.03166
   0.04426
  -0.03930
   0.01874
   0.00925
  -0.03358
   0.04458
  -0.03788
   0.01616
   0.01198
  -0.03537
   0.04471
  -0.03632
   0.01351
   0.01466
  -0.03702
   0.04468
  -0.03461
   0.01080
   0.01729
  -0.03852
   0.04446
  -0.03276
   0.00806
   0.01984
  -0.03987
   0.04407
  -0.03078
   0.00528
   0.02232
  -0.04106
   0.04351
  -0.02869
   0.00248
   0.02471
  -0.04209
   0.04277
  -0.02647
  -0.00033
   0.02700
  -0.04296
   0.04187
  -0.02416
  -0.00314
   0.02919
  -0.04365
   0.04080
  -0.02175
  -0.00593
   0.03126
  -0.04418
   0.03957
  -0.01925
  -0.00870
   0.03320
  -0.04453
   0.03818
  -0.01668
  -0.01144
   0.03502
  -0.04470
   0.03664
  -0.01404
  -0.01413
   0.03670
  -0.04470
   0.03496
  -0.01135
  -0.01677
   0.03823
  -0.04452
   0.03314
  -0.00861
  -0.01934
   0.03961
  -0.04416
   0.03119
  -0.00584
  -0.02183
   0.04084
  -0.04363
   0.02911
  -0.00304
  -0.02424
   0.04190
  -0.04293
   0.02693
  -0.00023
  -0.02655
   0.04280
  -0.04206
   0.02463
   0.00258
  -0.02876
   0.04353
  -0.04102
   0.02224
   0.00537
  -0.03085
   0.04409
  -0.03982
   0.01976
   0.00815
  -0.03283
   0.04447
  -0.03847
   0.01720
   0.01090
  -0.03467
   0.04468
  -0.03696
   0.01457
   0.01360
  -0.03637
   0.04471
  -0.03531
   0.01189
   0.01625
  -0.03794
   0.04457
  -0.03351
   0.00916
   0.01883
  -0.03935
   0.04425
  -0.03159
   0.00639
   0.02134
  -0.04060
   0.04375
  -0.02954
   0.00360
   0.02377
  -0.04170
   0.04309
  -0.02737
   0.00079
   0.02610
  -0.04263
   0.04225
  -0.02510
  -0.00201
   0.02833
  -0.04340
   0.04124
  -0.02272
  -0.00482
   0.03044
  -0.04399
   0.04008
  -0.02026
  -0.00760
   0.03244
  -0.04441
   0.03875
  -0.01772
  -0.01035
   0.03431
  -0.04465
   0.03727
  -0.01510
  -0.01306
   0.03604
  -0.04472
   0.03565
  -0.01243
  -0.01572
   0.03763
  -0.04461
   0.03388
  -0.00971
  -0.01832
   0.03908
  -0.04433
   0.03198
  -0.00695
  -0.02085
   0.04037
  -0.04387
   0.02996
  -0.00416
  -0.02329
   0.04149
  -0.04323
   0.02781
  -0.00136
  -0.02564
   0.04246
  -0.04243
   0.02556
   0.00145
  -0.02789
   0.04326
  -0.04146
   0.02321
   0.00426
  -0.03003
   0.04389
  -0.04032
   0.02076
   0.00704
  -0.03205
   0.04434
  -0.03903
   0.01823
   0.00980
  -0.03395
   0.04462
  -0.03758
   0.01563
   0.01252
  -0.03571
   0.04472
  -0.03599
   0.01297
   0.01519
  -0.03733
   0.04465
  -0.03425
   0.01026
   0.01781
  -0.03880
   0.04440
  -0.03237
   0.00750
   0.02035
  -0.04012
   0.04397
  -0.03037
   0.00472
   0.02281
  -0.04128
   0.04337
  -0.02825
   0.00192
   0.02518
  -0.04228
   0.04260
  -0.02602
  -0.00089
   0.02745
  -0.04311
   0.04167
  -0.02368
  -0.00370
   0.02961
  -0.04377
   0.04056
  -0.02126
  -0.00649
   0.03166
  -0.04426
   0.03930
  -0.01874
  -0.00925
   0.03358
  -0.04458
   0.03788
  -0.01616
  -0.01198
   0.03537
  -0.04471
   0.03632
  -0.01351
  -0.01466
   0.03702
  -0.04468
   0.03461
  -0.01080
  -0.01729
   0.03852
  -0.04446
   0.03276
  -0.00806
  -0.01984
   0.03987
  -0.04407
   0.03078
  -0.00528
  -0.02232
   0.04106
  -0.04351
   0.02869
  -0.00248
  -0.02471
   0.04209
  -0.04277
   0.02647
   0.00033
  -0.02700
   0.04296
  -0.04187
   0.02416
   0.00314
  -0.02919
   0.04365
  -0.04080
   0.02175
   0.00593
  -0.03126
   0.04418
  -0.03957
   0.01925
   0.00870
  -0.03320
   0.04453
  -0.03818
   0.01668
   0.01144
  -0.03502
   0.04470
  -0.03664
   0.01404
   0.01413
  -0.03670
   0.04470
  -0.03496
   0.01135
   0.01677
  -0.03823
   0.04452
  -0.03314
   0.00861
   0.01934
  -0.03961
   0.04416
  -0.03119
   0.00584
   0.02183
  -0.04084
   0.04363
  -0.02911
   0.00304
   0.02424
  -0.04190
   0.04293
  -0.02693
   0.00023
   0.02655
  -0.04280
   0.04206
  -0.02463
  -0.00258
   0.02876
  -0.04353
   0.04102
  -0.02224
  -0.00537
   0.03085
  -0.04409
   0.03982
  -0.01976
  -0.00815
   0.03283
  -0.04447
   0.03847
  -0.01720
  -0.01090
   0.03467
  -0.04468
   0.03696
  -0.01457
  -0.01360
   0.03637
  -0.04471
   0.03531
  -0.01189
  -0.01625
   0.03794
  -0.04457
   0.03351
  -0.00916
  -0.01883
   0.03935
  -0.04425
   0.03159
  -0.00639
  -0.02134
   0.04060
  -0.04375
   0.02954
  -0.00360
  -0.02377
   0.04170
  -0.04309
   0.02737
  -0.00079
  -0.02610
   0.04263
  -0.04225
   0.02510
   0.00201
  -0.02833
   0.04340
  -0.04124
   0.02272
   0.00482
  -0.03044
   0.04399
  -0.04008
   0.02026
   0.00760
  -0.03244
   0.04441
  -0.03875
   0.01772
   0.01035
  -0.03431
   0.04465
  -0.03727
   0.01510
   0.01306
  -0.03604
   0.04472
  -0.03565
   0.01243
   0.01572
  -0.03763
   0.04461
  -0.03388
   0.00971
   0.01832
  -0.03908
   0.04433
  -0.03198
   0.00695
   0.02085
  -0.04037
   0.04387
  -0.02996
   0.00416
   0.02329
  -0.04149
   0.04323
  -0.02781
   0.00136
   0.02564
  -0.04246
   0.04243
  -0.02556
  -0.00145
   0.02789
  -0.04326
   0.04146
  -0.02321
  -0.00426
   0.03003
  -0.04389
   0.04032
  -0.02076
  -0.00704
   0.03205
  -0.04434
   0.03903
  -0.01823
  -0.00980
   0.03395
  -0.04462
   0.03758
  -0.01563
  -0.01252
   0.03571
  -0.04472
   0.03599
  -0.01297
  -0.01519
   0.03733
  -0.04465
   0.03425
  -0.01026
  -0.01781
   0.03880
  -0.04440
   0.03237
  -0.00750
  -0.02035
   0.04012
  -0.04397
   0.03037
  -0.00472
  -0.02281
   0.04128
  -0.04337
   0.02825
  -0.00192
  -0.02518
   0.04228
  -0.04260
   0.02602
   0.00089
  -0.02745
   0.04311
  -0.04167
   0.02368
   0.00370
  -0.02961
   0.04377
  -0.04056
   0.02126
   0.00649
  -0.03166
   0.04426
  -0.03930
   0.01874
   0.00925
  -0.03358
   0.04458
  -0.03788
   0.01616
   0.01198
  -0.03537
   0.04471
  -0.03632
   0.01351
   0.01466
  -0.03702
   0.04468
  -0.03461
   0.01080
   0.01729
  -0.03852
   0.04446
  -0.03276
   0.00806
   0.01984
  -0.03987
   0.04407
  -0.03078
   0.00528
   0.02232
  -0.04106
   0.04351
  -0.02869
   0.00248
   0.02471
  -0.04209
   0.04277
  -0.02647
  -0.00033
   0.02700
  -0.04296
   0.04187
  -0.02416
  -0.00314
   0.02919
  -0.04365
   0.04080
  -0.02175
  -0.00593
   0.03126
  -0.04418
   0.03957
  -0.01925
  -0.00870
   0.03320
  -0.04453
   0.03818
  -0.01668
  -0.01144
   0.03502
  -0.04470
   0.03664
  -0.01404
  -0.01413
   0.03670
  -0.04470
   0.03496
  -0.01135
  -0.01677
   0.03823
  -0.04452
   0.03314
  -0.00861
  -0.01934
   0.03961
  -0.04416
   0.03119
  -0.00584
  -0.02183
   0.04084
  -0.04363
   0.02911
  -0.00304
  -0.02424
   0.04190
  -0.04293
   0.02693
  -0.00023
  -0.02655
   0.04280
  -0.04206
   0.02463
   0.00258
  -0.02876
   0.04353
  -0.04102
   0.02224
   0.00537
  -0.03085
   0.04409
  -0.03982
   0.01976
   0.00815
  -0.03283
   0.04447
  -0.03847
   0.01720
   0.01090
  -0.03467
   0.04468
  -0.03696
   0.01457
   0.01360
  -0.03637
   0.04471
  -0.03531
   0.01189
   0.01625
  -0.03794
   0.04457
  -0.03351
   0.00916
   0.01883
  -0.03935
   0.04425
  -0.03159
   0.00639
   0.02134
  -0.04060
   0.04375
  -0.02954
   0.00360
   0.02377
  -0.04170
   0.04309
  -0.02737
   0.00079
   0.02610
  -0.04263
   0.04225
  -0.02510
  -0.00201
   0.02833
  -0.04340
   0.04124
  -0.02272
  -0.00482
   0.03044
  -0.04399
   0.04008
  -0.02026
  -0.00760
   0.03244
  -0.04441
   0.03875
  -0.01772
  -0.01035
   0.03431
  -0.04465
   0.03727
  -0.01510
  -0.01306
   0.03604
  -0.04472
   0.03565
  -0.01243
  -0.01572
   0.03763
  -0.04461
   0.03388
  -0.00971
  -0.01832
   0.03908
  -0.04433
   0.03198
  -0.00695
  -0.02085
   0.04037
  -0.04387
   0.02996
  -0.00416
  -0.02329
   0.04149
  -0.04323
   0.02781
  -0.00136
  -0.02564
   0.04246
  -0.04243
   0.02556
   0.00145
  -0.02789
   0.04326
  -0.04146
   0.02321
   0.00426
  -0.03003
   0.04389
  -0.04032
   0.02076
   0.00704
  -0.03205
   0.04434
  -0.03903
   0.01823
   0.00980
  -0.03395
   0.04462
  -0.03758
   0.01563
   0.01252
  -0.03571
   0.04472
  -0.03599
   0.01297
   0.01519
  -0.03733
   0.04465
  -0.03425
   0.01026
   0.01781
  -0.03880
   0.04440
  -0.03237
   0.00750
   0.02035
  -0.04012
   0.04397
  -0.03037
   0.00472
   0.02281
  -0.04128
   0.04337
  -0.02825
   0.00192
   0.02518
  -0.04228
   0.04260
  -0.02602
  -0.00089
   0.02745
  -0.04311
   0.04167
  -0.02368
  -0.00370
   0.02961
  -0.04377
   0.04056
  -0.02126
  -0.00649
   0.03166
  -0.04426
   0.03930
  -0.01874
  -0.00925
   0.03358
  -0.04458
   0.03788
  -0.01616
  -0.01198
   0.03537
  -0.04471
   0.03632
  -0.01351
  -0.01466
   0.03702
  -0.04468
   0.03461
  -0.01080
  -0.01729
   0.03852
  -0.04446
   0.03276
  -0.00806
  -0.01984
   0.03987
  -0.04407
   0.03078
  -0.00528
  -0.02232
   0.04106
  -0.04351
   0.02869
  -0.00248
