  -0.00357
   0.00692
  -0.01023
   0.01348
  -0.01665
   0.01973
  -0.02270
   0.02554
  -0.02823
   0.03076
  -0.03312
   0.03529
  -0.03726
   0.03902
  -0.04055
   0.04186
  -0.04292
   0.04375
  -0.04432
   0.04465
  -0.04471
   0.04453
  -0.04409
   0.04340
  -0.04247
   0.04129
  -0.03988
   0.03824
  -0.03639
   0.03433
  -0.03207
   0.02963
  -0.02703
   0.02426
  -0.02137
   0.01835
  -0.01522
   0.01201
  -0.00873
   0.00540
  -0.00204
  -0.00133
   0.00469
  -0.00803
   0.01132
  -0.01455
   0.01769
  -0.02073
   0.02366
  -0.02645
   0.02909
  -0.03157
   0.03386
  -0.03597
   0.03787
  -0.03955
   0.04101
  -0.04224
   0.04323
  -0.04397
   0.04446
  -0.04470
   0.04468
  -0.04441
   0.04389
  -0.04312
   0.04210
  -0.04085
   0.03936
  -0.03765
   0.03572
  -0.03360
   0.03128
  -0.02878
   0.02612
  -0.02331
   0.02037
  -0.01731
   0.01416
  -0.01092
   0.00763
  -0.00429
   0.00092
   0.00245
  -0.00581
   0.00913
  -0.01240
   0.01560
  -0.01872
   0.02172
  -0.02461
   0.02735
  -0.02994
   0.03235
  -0.03459
   0.03663
  -0.03845
   0.04006
  -0.04145
   0.04260
  -0.04350
   0.04416
  -0.04457
   0.04472
  -0.04462
   0.04427
  -0.04366
   0.04281
  -0.04171
   0.04038
  -0.03881
   0.03703
  -0.03504
   0.03284
  -0.03046
   0.02791
  -0.02520
   0.02235
  -0.01936
   0.01627
  -0.01309
   0.00983
  -0.00652
   0.00317
   0.00020
  -0.00357
   0.00692
  -0.01023
   0.01348
  -0.01665
   0.01973
  -0.02270
   0.02554
  -0.02823
   0.03076
  -0.03312
   0.03529
  -0.03726
   0.03902
  -0.04055
   0.04186
  -0.04292
   0.04375
  -0.04432
   0.04465
  -0.04471
   0.04453
  -0.04409
   0.04340
  -0.04247
   0.04129
  -0.03988
   0.03824
  -0.03639
   0.03433
  -0.03207
   0.02963
  -0.02703
   0.02426
  -0.02137
   0.01835
  -0.01522
   0.01201
  -0.00873
   0.00540
  -0.00204
  -0.00133
   0.00469
  -0.00803
   0.01132
  -0.01455
   0.01769
  -0.02073
   0.02366
  -0.02645
   0.02909
  -0.03157
   0.03386
  -0.03597
   0.03787
  -0.03955
   0.04101
  -0.04224
   0.04323
  -0.04397
   0.04446
  -0.04470
   0.04468
  -0.04441
   0.04389
  -0.04312
   0.04210
  -0.04085
   0.03936
  -0.03765
   0.03572
  -0.03360
   0.03128
  -0.02878
   0.02612
  -0.02331
   0.02037
  -0.01731
   0.01416
  -0.01092
   0.00763
  -0.00429
   0.00092
   0.00245
  -0.00581
   0.00913
  -0.01240
   0.01560
  -0.01872
   0.02172
  -0.02461
   0.02735
  -0.02994
   0.03235
  -0.03459
   0.03663
  -0.03845
   0.04006
  -0.04145
   0.04260
  -0.04350
   0.04416
  -0.04457
   0.04472
  -0.04462
   0.04427
  -0.04366
   0.04281
  -0.04171
   0.04038
  -0.03881
   0.03703
  -0.03504
   0.03284
  -0.03046
   0.02791
  -0.02520
   0.02235
  -0.01936
   0.01627
  -0.01309
   0.00983
  -0.00652
   0.00317
   0.00020
  -0.00357
   0.00692
  -0.01023
   0.01348
  -0.01665
   0.01973
  -0.02270
   0.02554
  -0.02823
   0.03076
  -0.03312
   0.03529
  -0.03726
   0.03902
  -0.04055
   0.04186
  -0.04292
   0.04375
  -0.04432
   0.04465
  -0.04471
   0.04453
  -0.04409
   0.04340
  -0.04247
   0.04129
  -0.03988
   0.03824
  -0.03639
   0.03433
  -0.03207
   0.02963
  -0.02703
   0.02426
  -0.02137
   0.01835
  -0.01522
   0.01201
  -0.00873
   0.00540
  -0.00204
  -0.00133
   0.00469
  -0.00803
   0.01132
  -0.01455
   0.01769
  -0.02073
   0.02366
  -0.02645
   0.02909
  -0.03157
   0.03386
  -0.03597
   0.03787
  -0.03955
   0.04101
  -0.04224
   0.04323
  -0.04397
   0.04446
  -0.04470
   0.04468
  -0.04441
   0.04389
  -0.04312
   0.04210
  -0.04085
   0.03936
  -0.03765
   0.03572
  -0.03360
   0.03128
  -0.02878
   0.02612
  -0.02331
   0.02037
  -0.01731
   0.01416
  -0.01092
   0.00763
  -0.00429
   0.00092
   0.00245
  -0.00581
   0.00913
  -0.01240
   0.01560
  -0.01872
   0.02172
  -0.02461
   0.02735
  -0.02994
   0.03235
  -0.03459
   0.03663
  -0.03845
   0.04006
  -0.04145
   0.04260
  -0.04350
   0.04416
  -0.04457
   0.04472
  -0.04462
   0.04427
  -0.04366
   0.04281
  -0.04171
   0.04038
  -0.03881
   0.03703
  -0.03504
   0.03284
  -0.03046
   0.02791
  -0.02520
   0.02235
  -0.01936
   0.01627
  -0.01309
   0.00983
  -0.00652
   0.00317
   0.00020
  -0.00357
   0.00692
  -0.01023
   0.01348
  -0.01665
   0.01973
  -0.02270
   0.02554
  -0.02823
   0.03076
  -0.03312
   0.03529
  -0.03726
   0.03902
  -0.04055
   0.04186
  -0.04292
   0.04375
  -0.04432
   0.04465
  -0.04471
   0.04453
  -0.04409
   0.04340
  -0.04247
   0.04129
  -0.03988
   0.03824
  -0.03639
   0.03433
  -0.03207
   0.02963
  -0.02703
   0.02426
  -0.02137
   0.01835
  -0.01522
   0.01201
  -0.00873
   0.00540
  -0.00204
  -0.00133
   0.00469
  -0.00803
   0.01132
  -0.01455
   0.01769
  -0.02073
   0.02366
  -0.02645
   0.02909
  -0.03157
   0.03386
  -0.03597
   0.03787
  -0.03955
   0.04101
  -0.04224
   0.04323
  -0.04397
   0.04446
  -0.04470
   0.04468
  -0.04441
   0.04389
  -0.04312
   0.04210
  -0.04085
   0.03936
  -0.03765
   0.03572
  -0.03360
   0.03128
  -0.02878
   0.02612
  -0.02331
   0.02037
  -0.01731
   0.01416
  -0.01092
   0.00763
  -0.00429
   0.00092
   0.00245
  -0.00581
   0.00913
  -0.01240
   0.01560
  -0.01872
   0.02172
  -0.02461
   0.02735
  -0.02994
   0.03235
  -0.03459
   0.03663
  -0.03845
   0.04006
  -0.04145
   0.04260
  -0.04350
   0.04416
  -0.04457
   0.04472
  -0.04462
   0.04427
  -0.04366
   0.04281
  -0.04171
   0.04038
  -0.03881
   0.03703
  -0.03504
   0.03284
  -0.03046
   0.02791
  -0.02520
   0.02235
  -0.01936
   0.01627
  -0.01309
   0.00983
  -0.00652
   0.00317
   0.00020
  -0.00357
   0.00692
  -0.01023
   0.01348
  -0.01665
   0.01973
  -0.02270
   0.02554
  -0.02823
   0.03076
  -0.03312
   0.03529
  -0.03726
   0.03902
  -0.04055
   0.04186
  -0.04292
   0.04375
  -0.04432
   0.04465
  -0.04471
   0.04453
  -0.04409
   0.04340
  -0.04247
   0.04129
  -0.03988
   0.03824
  -0.03639
   0.03433
  -0.03207
   0.02963
  -0.02703
   0.02426
  -0.02137
   0.01835
  -0.01522
   0.01201
  -0.00873
   0.00540
  -0.00204
  -0.00133
   0.00469
  -0.00803
   0.01132
  -0.01455
   0.01769
  -0.02073
   0.02366
  -0.02645
   0.02909
  -0.03157
   0.03386
  -0.03597
   0.03787
  -0.03955
   0.04101
  -0.04224
   0.04323
  -0.04397
   0.04446
  -0.04470
   0.04468
  -0.04441
   0.04389
  -0.04312
   0.04210
  -0.04085
   0.03936
  -0.03765
   0.03572
  -0.03360
   0.03128
  -0.02878
   0.02612
  -0.02331
   0.02037
  -0.01731
   0.01416
  -0.01092
   0.00763
  -0.00429
   0.00092
   0.00245
  -0.00581
   0.00913
  -0.01240
   0.01560
  -0.01872
   0.02172
  -0.02461
   0.02735
  -0.02994
   0.03235
  -0.03459
   0.03663
  -0.03845
   0.04006
  -0.04145
   0.04260
  -0.04350
   0.04416
  -0.04457
   0.04472
  -0.04462
   0.04427
  -0.04366
   0.04281
  -0.04171
   0.04038
  -0.03881
   0.03703
  -0.03504
   0.03284
  -0.03046
   0.02791
  -0.02520
   0.02235
  -0.01936
   0.01627
  -0.01309
   0.00983
  -0.00652
   0.00317
   0.00020
  -0.00357
   0.00692
  -0.01023
   0.01348
  -0.01665
   0.01973
  -0.02270
   0.02554
  -0.02823
   0.03076
  -0.03312
   0.03529
  -0.03726
   0.03902
  -0.04055
   0.04186
  -0.04292
   0.04375
  -0.04432
   0.04465
  -0.04471
   0.04453
  -0.04409
   0.04340
  -0.04247
   0.04129
  -0.03988
   0.03824
  -0.03639
   0.03433
  -0.03207
   0.02963
  -0.02703
   0.02426
  -0.02137
   0.01835
  -0.01522
   0.01201
  -0.00873
   0.00540
  -0.00204
  -0.00133
   0.00469
  -0.00803
   0.01132
  -0.01455
   0.01769
  -0.02073
   0.02366
  -0.02645
   0.02909
  -0.03157
   0.03386
  -0.03597
   0.03787
  -0.03955
   0.04101
  -0.04224
   0.04323
  -0.04397
   0.04446
  -0.04470
   0.04468
  -0.04441
   0.04389
  -0.04312
   0.04210
  -0.04085
   0.03936
  -0.03765
   0.03572
  -0.03360
   0.03128
  -0.02878
   0.02612
  -0.02331
   0.02037
  -0.01731
   0.01416
  -0.01092
   0.00763
  -0.00429
   0.00092
   0.00245
  -0.00581
   0.00913
  -0.01240
   0.01560
  -0.01872
   0.02172
  -0.02461
   0.02735
  -0.02994
   0.03235
  -0.03459
   0.03663
  -0.03845
   0.04006
  -0.04145
   0.04260
  -0.04350
   0.04416
  -0.04457
   0.04472
  -0.04462
   0.04427
  -0.04366
   0.04281
  -0.04171
   0.04038
  -0.03881
   0.03703
  -0.03504
   0.03284
  -0.03046
   0.02791
  -0.02520
   0.02235
  -0.01936
   0.01627
  -0.01309
   0.00983
  -0.00652
   0.00317
   0.00020
  -0.00357
   0.00692
  -0.01023
   0.01348
  -0.01665
   0.01973
  -0.02270
   0.02554
  -0.02823
   0.03076
  -0.03312
   0.03529
  -0.03726
   0.03902
  -0.04055
   0.04186
  -0.04292
   0.04375
  -0.04432
   0.04465
  -0.04471
   0.04453
  -0.04409
   0.04340
  -0.04247
   0.04129
  -0.03988
   0.03824
  -0.03639
   0.03433
  -0.03207
   0.02963
  -0.02703
   0.02426
  -0.02137
   0.01835
  -0.01522
   0.01201
  -0.00873
   0.00540
  -0.00204
  -0.00133
   0.00469
  -0.00803
   0.01132
  -0.01455
   0.01769
  -0.02073
   0.02366
  -0.02645
   0.02909
  -0.03157
   0.03386
  -0.03597
   0.03787
  -0.03955
   0.04101
  -0.04224
   0.04323
  -0.04397
   0.04446
  -0.04470
   0.04468
  -0.04441
   0.04389
  -0.04312
   0.04210
  -0.04085
   0.03936
  -0.03765
   0.03572
  -0.03360
   0.03128
  -0.02878
   0.02612
  -0.02331
   0.02037
  -0.01731
   0.01416
  -0.01092
   0.00763
  -0.00429
   0.00092
   0.00245
  -0.00581
   0.00913
  -0.01240
   0.01560
  -0.01872
   0.02172
  -0.02461
   0.02735
  -0.02994
   0.03235
  -0.03459
   0.03663
  -0.03845
   0.04006
  -0.04145
   0.04260
  -0.04350
   0.04416
  -0.04457
   0.04472
  -0.04462
   0.04427
  -0.04366
   0.04281
  -0.04171
   0.04038
  -0.03881
   0.03703
  -0.03504
   0.03284
  -0.03046
   0.02791
  -0.02520
   0.02235
  -0.01936
   0.01627
  -0.01309
   0.00983
  -0.00652
   0.00317
   0.00020
  -0.00357
   0.00692
  -0.01023
   0.01348
  -0.01665
   0.01973
  -0.02270
   0.02554
  -0.02823
   0.03076
  -0.03312
   0.03529
  -0.03726
   0.03902
  -0.04055
   0.04186
  -0.04292
   0.04375
  -0.04432
   0.04465
  -0.04471
   0.04453
  -0.04409
   0.04340
  -0.04247
   0.04129
  -0.03988
   0.03824
  -0.03639
   0.03433
  -0.03207
   0.02963
  -0.02703
   0.02426
  -0.02137
   0.01835
  -0.01522
   0.01201
  -0.00873
   0.00540
  -0.00204
  -0.00133
   0.00469
  -0.00803
   0.01132
  -0.01455
   0.01769
  -0.02073
   0.02366
  -0.02645
   0.02909
  -0.03157
   0.03386
  -0.03597
   0.03787
  -0.03955
   0.04101
  -0.04224
   0.04323
  -0.04397
   0.04446
  -0.04470
   0.04468
  -0.04441
   0.04389
  -0.04312
   0.04210
  -0.04085
   0.03936
  -0.03765
   0.03572
  -0.03360
   0.03128
  -0.02878
   0.02612
  -0.02331
   0.02037
  -0.01731
   0.01416
  -0.01092
   0.00763
  -0.00429
   0.00092
   0.00245
  -0.00581
   0.00913
  -0.01240
   0.01560
  -0.01872
   0.02172
  -0.02461
   0.02735
  -0.02994
   0.03235
  -0.03459
   0.03663
  -0.03845
   0.04006
  -0.04145
   0.04260
  -0.04350
   0.04416
  -0.04457
   0.04472
  -0.04462
   0.04427
  -0.04366
   0.04281
  -0.04171
   0.04038
  -0.03881
   0.03703
  -0.03504
   0.03284
  -0.03046
   0.02791
  -0.02520
   0.02235
  -0.01936
   0.01627
  -0.01309
   0.00983
  -0.00652
   0.00317
   0.00020
