   0.03585
  -0.04235
   0.01220
   0.02851
  -0.04455
   0.02203
   0.01956
  -0.04422
   0.03061
   0.00949
  -0.04137
   0.03745
  -0.00112
  -0.03619
   0.04217
  -0.01166
  -0.02894
   0.04449
  -0.02154
  -0.02006
   0.04430
  -0.03020
  -0.01004
   0.04158
  -0.03714
   0.00055
   0.03651
  -0.04198
   0.01111
   0.02937
  -0.04443
   0.02104
   0.02056
  -0.04437
   0.02978
   0.01058
  -0.04179
   0.03682
   0.00001
  -0.03683
   0.04178
  -0.01057
  -0.02979
   0.04437
  -0.02055
  -0.02106
   0.04444
  -0.02936
  -0.01113
   0.04198
  -0.03650
  -0.00057
   0.03715
  -0.04158
   0.01002
   0.03021
  -0.04429
   0.02004
   0.02155
  -0.04450
   0.02893
   0.01167
  -0.04217
   0.03618
   0.00113
  -0.03746
   0.04137
  -0.00947
  -0.03062
   0.04421
  -0.01954
  -0.02204
   0.04455
  -0.02850
  -0.01221
   0.04236
  -0.03584
  -0.00169
   0.03776
  -0.04115
   0.00892
   0.03103
  -0.04412
   0.01903
   0.02253
  -0.04459
   0.02806
   0.01275
  -0.04254
   0.03550
   0.00226
  -0.03806
   0.04093
  -0.00837
  -0.03143
   0.04403
  -0.01852
  -0.02301
   0.04463
  -0.02762
  -0.01329
   0.04271
  -0.03516
  -0.00282
   0.03835
  -0.04070
   0.00782
   0.03183
  -0.04393
   0.01801
   0.02349
  -0.04467
   0.02718
   0.01383
  -0.04287
   0.03481
   0.00338
  -0.03864
   0.04046
  -0.00727
  -0.03222
   0.04382
  -0.01750
  -0.02397
   0.04469
  -0.02673
  -0.01436
   0.04303
  -0.03445
  -0.00394
   0.03892
  -0.04022
   0.00671
   0.03261
  -0.04370
   0.01698
   0.02444
  -0.04471
   0.02628
   0.01489
  -0.04318
   0.03409
   0.00450
  -0.03919
   0.03997
  -0.00615
  -0.03299
   0.04358
  -0.01646
  -0.02491
   0.04472
  -0.02582
  -0.01542
   0.04332
  -0.03373
  -0.00506
   0.03946
  -0.03971
   0.00560
   0.03337
  -0.04345
   0.01593
   0.02538
  -0.04472
   0.02536
   0.01595
  -0.04345
   0.03335
   0.00561
  -0.03972
   0.03945
  -0.00504
  -0.03374
   0.04331
  -0.01541
  -0.02584
   0.04472
  -0.02490
  -0.01647
   0.04358
  -0.03298
  -0.00617
   0.03998
  -0.03919
   0.00448
   0.03410
  -0.04317
   0.01488
   0.02629
  -0.04471
   0.02443
   0.01699
  -0.04371
   0.03259
   0.00673
  -0.04023
   0.03891
  -0.00392
  -0.03446
   0.04302
  -0.01435
  -0.02675
   0.04469
  -0.02396
  -0.01751
   0.04382
  -0.03221
  -0.00728
   0.04047
  -0.03863
   0.00336
   0.03482
  -0.04286
   0.01381
   0.02719
  -0.04466
   0.02348
   0.01803
  -0.04393
   0.03181
   0.00784
  -0.04070
   0.03835
  -0.00280
  -0.03517
   0.04270
  -0.01328
  -0.02764
   0.04463
  -0.02300
  -0.01854
   0.04403
  -0.03142
  -0.00839
   0.04093
  -0.03805
   0.00224
   0.03551
  -0.04253
   0.01274
   0.02808
  -0.04459
   0.02252
   0.01905
  -0.04413
   0.03102
   0.00894
  -0.04116
   0.03775
  -0.00168
  -0.03585
   0.04235
  -0.01220
  -0.02851
   0.04455
  -0.02203
  -0.01956
   0.04422
  -0.03061
  -0.00949
   0.04137
  -0.03745
   0.00112
   0.03619
  -0.04217
   0.01166
   0.02894
  -0.04449
   0.02154
   0.02006
  -0.04430
   0.03020
   0.01004
  -0.04158
   0.03714
  -0.00055
  -0.03651
   0.04198
  -0.01111
  -0.02937
   0.04443
  -0.02104
  -0.02056
   0.04437
  -0.02978
  -0.01058
   0.04179
  -0.03682
  -0.00001
   0.03683
  -0.04178
   0.01057
   0.02979
  -0.04437
   0.02055
   0.02106
  -0.04444
   0.02936
   0.01113
  -0.04198
   0.03650
   0.00057
  -0.03715
   0.04158
  -0.01002
  -0.03021
   0.04429
  -0.02004
  -0.02155
   0.04450
  -0.02893
  -0.01167
   0.04217
  -0.03618
  -0.00113
   0.03746
  -0.04137
   0.00947
   0.03062
  -0.04421
   0.01954
   0.02204
  -0.04455
   0.02850
   0.01221
  -0.04236
   0.03584
   0.00169
  -0.03776
   0.04115
  -0.00892
  -0.03103
   0.04412
  -0.01903
  -0.02253
   0.04459
  -0.02806
  -0.01275
   0.04254
  -0.03550
  -0.00226
   0.03806
  -0.04093
   0.00837
   0.03143
  -0.04403
   0.01852
   0.02301
  -0.04463
   0.02762
   0.01329
  -0.04271
   0.03516
   0.00282
  -0.03835
   0.04070
  -0.00782
  -0.03183
   0.04393
  -0.01801
  -0.02349
   0.04467
  -0.02718
  -0.01383
   0.04287
  -0.03481
  -0.00338
   0.03864
  -0.04046
   0.00727
   0.03222
  -0.04382
   0.01750
   0.02397
  -0.04469
   0.02673
   0.01436
  -0.04303
   0.03445
   0.00394
  -0.03892
   0.04022
  -0.00671
  -0.03261
   0.04370
  -0.01698
  -0.02444
   0.04471
  -0.02628
  -0.01489
   0.04318
  -0.03409
  -0.00450
   0.03919
  -0.03997
   0.00615
   0.03299
  -0.04358
   0.01646
   0.02491
  -0.04472
   0.02582
   0.01542
  -0.04332
   0.03373
   0.00506
  -0.03946
   0.03971
  -0.00560
  -0.03337
   0.04345
  -0.01593
  -0.02538
   0.04472
  -0.02536
  -0.01595
   0.04345
  -0.03335
  -0.00561
   0.03972
  -0.03945
   0.00504
   0.03374
  -0.04331
   0.01541
   0.02584
  -0.04472
   0.02490
   0.01647
  -0.04358
   0.03298
   0.00617
  -0.03998
   0.03919
  -0.00448
  -0.03410
   0.04317
  -0.01488
  -0.02629
   0.04471
  -0.02443
  -0.01699
   0.04371
  -0.03259
  -0.00673
   0.04023
  -0.03891
   0.00392
   0.03446
  -0.04302
   0.01435
   0.02675
  -0.04469
   0.02396
   0.01751
  -0.04382
   0.03221
   0.00728
  -0.04047
   0.03863
  -0.00336
  -0.03482
   0.04286
  -0.01381
  -0.02719
   0.04466
  -0.02348
  -0.01803
   0.04393
  -0.03181
  -0.00784
   0.04070
  -0.03835
   0.00280
   0.03517
  -0.04270
   0.01328
   0.02764
  -0.04463
   0.02300
   0.01854
  -0.04403
   0.03142
   0.00839
  -0.04093
   0.03805
  -0.00224
  -0.03551
   0.04253
  -0.01274
  -0.02808
   0.04459
  -0.02252
  -0.01905
   0.04413
  -0.03102
  -0.00894
   0.04116
  -0.03775
   0.00168
   0.03585
  -0.04235
   0.01220
   0.02851
  -0.04455
   0.02203
   0.01956
  -0.04422
   0.03061
   0.00949
  -0.04137
   0.03745
  -0.00112
  -0.03619
   0.04217
  -0.01166
  -0.02894
   0.04449
  -0.02154
  -0.02006
   0.04430
  -0.03020
  -0.01004
   0.04158
  -0.03714
   0.00055
   0.03651
  -0.04198
   0.01111
   0.02937
  -0.04443
   0.02104
   0.02056
  -0.04437
   0.02978
   0.01058
  -0.04179
   0.03682
   0.00001
  -0.03683
   0.04178
  -0.01057
  -0.02979
   0.04437
  -0.02055
  -0.02106
   0.04444
  -0.02936
  -0.01113
   0.04198
  -0.03650
  -0.00057
   0.03715
  -0.04158
   0.01002
   0.03021
  -0.04429
   0.02004
   0.02155
  -0.04450
   0.02893
   0.01167
  -0.04217
   0.03618
   0.00113
  -0.03746
   0.04137
  -0.00947
  -0.03062
   0.04421
  -0.01954
  -0.02204
   0.04455
  -0.02850
  -0.01221
   0.04236
  -0.03584
  -0.00169
   0.03776
  -0.04115
   0.00892
   0.03103
  -0.04412
   0.01903
   0.02253
  -0.04459
   0.02806
   0.01275
  -0.04254
   0.03550
   0.00226
  -0.03806
   0.04093
  -0.00837
  -0.03143
   0.04403
  -0.01852
  -0.02301
   0.04463
  -0.02762
  -0.01329
   0.04271
  -0.03516
  -0.00282
   0.03835
  -0.04070
   0.00782
   0.03183
  -0.04393
   0.01801
   0.02349
  -0.04467
   0.02718
   0.01383
  -0.04287
   0.03481
   0.00338
  -0.03864
   0.04046
  -0.00727
  -0.03222
   0.04382
  -0.01750
  -0.02397
   0.04469
  -0.02673
  -0.01436
   0.04303
  -0.03445
  -0.00394
   0.03892
  -0.04022
   0.00671
   0.03261
  -0.04370
   0.01698
   0.02444
  -0.04471
   0.02628
   0.01489
  -0.04318
   0.03409
   0.00450
  -0.03919
   0.03997
  -0.00615
  -0.03299
   0.04358
  -0.01646
  -0.02491
   0.04472
  -0.02582
  -0.01542
   0.04332
  -0.03373
  -0.00506
   0.03946
  -0.03971
   0.00560
   0.03337
  -0.04345
   0.01593
   0.02538
  -0.04472
   0.02536
   0.01595
  -0.04345
   0.03335
   0.00561
  -0.03972
   0.03945
  -0.00504
  -0.03374
   0.04331
  -0.01541
  -0.02584
   0.04472
  -0.02490
  -0.01647
   0.04358
  -0.03298
  -0.00617
   0.03998
  -0.03919
   0.00448
   0.03410
  -0.04317
   0.01488
   0.02629
  -0.04471
   0.02443
   0.01699
  -0.04371
   0.03259
   0.00673
  -0.04023
   0.03891
  -0.00392
  -0.03446
   0.04302
  -0.01435
  -0.02675
   0.04469
  -0.02396
  -0.01751
   0.04382
  -0.03221
  -0.00728
   0.04047
  -0.03863
   0.00336
   0.03482
  -0.04286
   0.01381
   0.02719
  -0.04466
   0.02348
   0.01803
  -0.04393
   0.03181
   0.00784
  -0.04070
   0.03835
  -0.00280
  -0.03517
   0.04270
  -0.01328
  -0.02764
   0.04463
  -0.02300
  -0.01854
   0.04403
  -0.03142
  -0.00839
   0.04093
  -0.03805
   0.00224
   0.03551
  -0.04253
   0.01274
   0.02808
  -0.04459
   0.02252
   0.01905
  -0.04413
   0.03102
   0.00894
  -0.04116
   0.03775
  -0.00168
  -0.03585
   0.04235
  -0.01220
  -0.02851
   0.04455
  -0.02203
  -0.01956
   0.04422
  -0.03061
  -0.00949
   0.04137
  -0.03745
   0.00112
   0.03619
  -0.04217
   0.01166
   0.02894
  -0.04449
   0.02154
   0.02006
  -0.04430
   0.03020
   0.01004
  -0.04158
   0.03714
  -0.00055
  -0.03651
   0.04198
  -0.01111
  -0.02937
   0.04443
  -0.02104
  -0.02056
   0.04437
  -0.02978
  -0.01058
   0.04179
  -0.03682
  -0.00001
   0.03683
  -0.04178
   0.01057
   0.02979
  -0.04437
   0.02055
   0.02106
  -0.04444
   0.02936
   0.01113
  -0.04198
   0.03650
   0.00057
  -0.03715
   0.04158
  -0.01002
  -0.03021
   0.04429
  -0.02004
  -0.02155
   0.04450
  -0.02893
  -0.01167
   0.04217
  -0.03618
  -0.00113
   0.03746
  -0.04137
   0.00947
   0.03062
  -0.04421
   0.01954
   0.02204
  -0.04455
   0.02850
   0.01221
  -0.04236
   0.03584
   0.00169
  -0.03776
   0.04115
  -0.00892
  -0.03103
   0.04412
  -0.01903
  -0.02253
   0.04459
  -0.02806
  -0.01275
   0.04254
  -0.03550
  -0.00226
   0.03806
  -0.04093
   0.00837
   0.03143
  -0.04403
   0.01852
   0.02301
  -0.04463
   0.02762
   0.01329
  -0.04271
   0.03516
   0.00282
  -0.03835
   0.04070
  -0.00782
  -0.03183
   0.04393
  -0.01801
  -0.02349
   0.04467
  -0.02718
  -0.01383
   0.04287
  -0.03481
  -0.00338
   0.03864
  -0.04046
   0.00727
   0.03222
  -0.04382
   0.01750
   0.02397
  -0.04469
   0.02673
   0.01436
  -0.04303
   0.03445
   0.00394
  -0.03892
   0.04022
  -0.00671
  -0.03261
   0.04370
  -0.01698
  -0.02444
   0.04471
  -0.02628
  -0.01489
   0.04318
  -0.03409
  -0.00450
   0.03919
  -0.03997
   0.00615
   0.03299
  -0.04358
   0.01646
   0.02491
  -0.04472
   0.02582
   0.01542
  -0.04332
   0.03373
   0.00506
  -0.03946
   0.03971
  -0.00560
  -0.03337
   0.04345
  -0.01593
  -0.02538
   0.04472
  -0.02536
  -0.01595
   0.04345
  -0.03335
  -0.00561
   0.03972
  -0.03945
   0.00504
   0.03374
  -0.04331
   0.01541
   0.02584
  -0.04472
   0.02490
   0.01647
  -0.04358
   0.03298
   0.00617
  -0.03998
   0.03919
  -0.00448
  -0.03410
   0.04317
  -0.01488
  -0.02629
   0.04471
  -0.02443
  -0.01699
   0.04371
  -0.03259
  -0.00673
   0.04023
  -0.03891
   0.00392
   0.03446
  -0.04302
   0.01435
   0.02675
  -0.04469
   0.02396
   0.01751
  -0.04382
   0.03221
   0.00728
  -0.04047
   0.03863
  -0.00336
  -0.03482
   0.04286
  -0.01381
  -0.02719
   0.04466
  -0.02348
  -0.01803
   0.04393
  -0.03181
  -0.00784
   0.04070
  -0.03835
   0.00280
   0.03517
  -0.04270
   0.01328
   0.02764
  -0.04463
   0.02300
   0.01854
  -0.04403
   0.03142
   0.00839
  -0.04093
   0.03805
  -0.00224
  -0.03551
   0.04253
  -0.01274
  -0.02808
   0.04459
  -0.02252
  -0.01905
   0.04413
  -0.03102
  -0.00894
   0.04116
  -0.03775
   0.00168
