  -0.00332
  -0.04472
  -0.00229
   0.04443
   0.00787
  -0.04344
  -0.01333
   0.04177
   0.01857
  -0.03944
  -0.02353
   0.03648
   0.02811
  -0.03295
  -0.03224
   0.02890
   0.03587
  -0.02440
  -0.03894
   0.01951
   0.04139
  -0.01431
  -0.04319
   0.00889
   0.04430
  -0.00332
  -0.04472
  -0.00229
   0.04443
   0.00787
  -0.04344
  -0.01333
   0.04177
   0.01857
  -0.03944
  -0.02353
   0.03648
   0.02811
  -0.03295
  -0.03224
   0.02890
   0.03587
  -0.02440
  -0.03894
   0.01951
   0.04139
  -0.01431
  -0.04319
   0.00889
   0.04430
  -0.00332
  -0.04472
  -0.00229
   0.04443
   0.00787
  -0.04344
  -0.01333
   0.04177
   0.01857
  -0.03944
  -0.02353
   0.03648
   0.02811
  -0.03295
  -0.03224
   0.02890
   0.03587
  -0.02440
  -0.03894
   0.01951
   0.04139
  -0.01431
  -0.04319
   0.00889
   0.04430
  -0.00332
  -0.04472
  -0.00229
   0.04443
   0.00787
  -0.04344
  -0.01333
   0.04177
   0.01857
  -0.03944
  -0.02353
   0.03648
   0.02811
  -0.03295
  -0.03224
   0.02890
   0.03587
  -0.02440
  -0.03894
   0.01951
   0.04139
  -0.01431
  -0.04319
   0.00889
   0.04430
  -0.00332
  -0.04472
  -0.00229
   0.04443
   0.00787
  -0.04344
  -0.01333
   0.04177
   0.01857
  -0.03944
  -0.02353
   0.03648
   0.02811
  -0.03295
  -0.03224
   0.02890
   0.03587
  -0.02440
  -0.03894
   0.01951
   0.04139
  -0.01431
  -0.04319
   0.00889
   0.04430
  -0.00332
  -0.04472
  -0.00229
   0.04443
   0.00787
  -0.04344
  -0.01333
   0.04177
   0.01857
  -0.03944
  -0.02353
   0.03648
   0.02811
  -0.03295
  -0.03224
   0.02890
   0.03587
  -0.02440
  -0.03894
   0.01951
   0.04139
  -0.01431
  -0.04319
   0.00889
   0.04430
  -0.00332
  -0.04472
  -0.00229
   0.04443
   0.00787
  -0.04344
  -0.01333
   0.04177
   0.01857
  -0.03944
  -0.02353
   0.03648
   0.02811
  -0.03295
  -0.03224
   0.02890
   0.03587
  -0.02440
  -0.03894
   0.01951
   0.04139
  -0.01431
  -0.04319
   0.00889
   0.04430
  -0.00332
  -0.04472
  -0.00229
   0.04443
   0.00787
  -0.04344
  -0.01333
   0.04177
   0.01857
  -0.03944
  -0.02353
   0.03648
   0.02811
  -0.03295
  -0.03224
   0.02890
   0.03587
  -0.02440
  -0.03894
   0.01951
   0.04139
  -0.01431
  -0.04319
   0.00889
   0.04430
  -0.00332
  -0.04472
  -0.00229
   0.04443
   0.00787
  -0.04344
  -0.01333
   0.04177
   0.01857
  -0.03944
  -0.02353
   0.03648
   0.02811
  -0.03295
  -0.03224
   0.02890
   0.03587
  -0.02440
  -0.03894
   0.01951
   0.04139
  -0.01431
  -0.04319
   0.00889
   0.04430
  -0.00332
  -0.04472
  -0.00229
   0.04443
   0.00787
  -0.04344
  -0.01333
   0.04177
   0.01857
  -0.03944
  -0.02353
   0.03648
   0.02811
  -0.03295
  -0.03224
   0.02890
   0.03587
  -0.02440
  -0.03894
   0.01951
   0.04139
  -0.01431
  -0.04319
   0.00889
   0.04430
  -0.00332
  -0.04472
  -0.00229
   0.04443
   0.00787
  -0.04344
  -0.01333
   0.04177
   0.01857
  -0.03944
  -0.02353
   0.03648
   0.02811
  -0.03295
  -0.03224
   0.02890
   0.03587
  -0.02440
  -0.03894
   0.01951
   0.04139
  -0.01431
  -0.04319
   0.00889
   0.04430
  -0.00332
  -0.04472
  -0.00229
   0.04443
   0.00787
  -0.04344
  -0.01333
   0.04177
   0.01857
  -0.03944
  -0.02353
   0.03648
   0.02811
  -0.03295
  -0.03224
   0.02890
   0.03587
  -0.02440
  -0.03894
   0.01951
   0.04139
  -0.01431
  -0.04319
   0.00889
   0.04430
  -0.00332
  -0.04472
  -0.00229
   0.04443
   0.00787
  -0.04344
  -0.01333
   0.04177
   0.01857
  -0.03944
  -0.02353
   0.03648
   0.02811
  -0.03295
  -0.03224
   0.02890
   0.03587
  -0.02440
  -0.03894
   0.01951
   0.04139
  -0.01431
  -0.04319
   0.00889
   0.04430
  -0.00332
  -0.04472
  -0.00229
   0.04443
   0.00787
  -0.04344
  -0.01333
   0.04177
   0.01857
  -0.03944
  -0.02353
   0.03648
   0.02811
  -0.03295
  -0.03224
   0.02890
   0.03587
  -0.02440
  -0.03894
   0.01951
   0.04139
  -0.01431
  -0.04319
   0.00889
   0.04430
  -0.00332
  -0.04472
  -0.00229
   0.04443
   0.00787
  -0.04344
  -0.01333
   0.04177
   0.01857
  -0.03944
  -0.02353
   0.03648
   0.02811
  -0.03295
  -0.03224
   0.02890
   0.03587
  -0.02440
  -0.03894
   0.01951
   0.04139
  -0.01431
  -0.04319
   0.00889
   0.04430
  -0.00332
  -0.04472
  -0.00229
   0.04443
   0.00787
  -0.04344
  -0.01333
   0.04177
   0.01857
  -0.03944
  -0.02353
   0.03648
   0.02811
  -0.03295
  -0.03224
   0.02890
   0.03587
  -0.02440
  -0.03894
   0.01951
   0.04139
  -0.01431
  -0.04319
   0.00889
   0.04430
  -0.00332
  -0.04472
  -0.00229
   0.04443
   0.00787
  -0.04344
  -0.01333
   0.04177
   0.01857
  -0.03944
  -0.02353
   0.03648
   0.02811
  -0.03295
  -0.03224
   0.02890
   0.03587
  -0.02440
  -0.03894
   0.01951
   0.04139
  -0.01431
  -0.04319
   0.00889
   0.04430
  -0.00332
  -0.04472
  -0.00229
   0.04443
   0.00787
  -0.04344
  -0.01333
   0.04177
   0.01857
  -0.03944
  -0.02353
   0.03648
   0.02811
  -0.03295
  -0.03224
   0.02890
   0.03587
  -0.02440
  -0.03894
   0.01951
   0.04139
  -0.01431
  -0.04319
   0.00889
   0.04430
  -0.00332
  -0.04472
  -0.00229
   0.04443
   0.00787
  -0.04344
  -0.01333
   0.04177
   0.01857
  -0.03944
  -0.02353
   0.03648
   0.02811
  -0.03295
  -0.03224
   0.02890
   0.03587
  -0.02440
  -0.03894
   0.01951
   0.04139
  -0.01431
  -0.04319
   0.00889
   0.04430
  -0.00332
  -0.04472
  -0.00229
   0.04443
   0.00787
  -0.04344
  -0.01333
   0.04177
   0.01857
  -0.03944
  -0.02353
   0.03648
   0.02811
  -0.03295
  -0.03224
   0.02890
   0.03587
  -0.02440
  -0.03894
   0.01951
   0.04139
  -0.01431
  -0.04319
   0.00889
   0.04430
  -0.00332
  -0.04472
  -0.00229
   0.04443
   0.00787
  -0.04344
  -0.01333
   0.04177
   0.01857
  -0.03944
  -0.02353
   0.03648
   0.02811
  -0.03295
  -0.03224
   0.02890
   0.03587
  -0.02440
  -0.03894
   0.01951
   0.04139
  -0.01431
  -0.04319
   0.00889
   0.04430
  -0.00332
  -0.04472
  -0.00229
   0.04443
   0.00787
  -0.04344
  -0.01333
   0.04177
   0.01857
  -0.03944
  -0.02353
   0.03648
   0.02811
  -0.03295
  -0.03224
   0.02890
   0.03587
  -0.02440
  -0.03894
   0.01951
   0.04139
  -0.01431
  -0.04319
   0.00889
   0.04430
  -0.00332
  -0.04472
  -0.00229
   0.04443
   0.00787
  -0.04344
  -0.01333
   0.04177
   0.01857
  -0.03944
  -0.02353
   0.03648
   0.02811
  -0.03295
  -0.03224
   0.02890
   0.03587
  -0.02440
  -0.03894
   0.01951
   0.04139
  -0.01431
  -0.04319
   0.00889
   0.04430
  -0.00332
  -0.04472
  -0.00229
   0.04443
   0.00787
  -0.04344
  -0.01333
   0.04177
   0.01857
  -0.03944
  -0.02353
   0.03648
   0.02811
  -0.03295
  -0.03224
   0.02890
   0.03587
  -0.02440
  -0.03894
   0.01951
   0.04139
  -0.01431
  -0.04319
   0.00889
   0.04430
  -0.00332
  -0.04472
  -0.00229
   0.04443
   0.00787
  -0.04344
  -0.01333
   0.04177
   0.01857
  -0.03944
  -0.02353
   0.03648
   0.02811
  -0.03295
  -0.03224
   0.02890
   0.03587
  -0.02440
  -0.03894
   0.01951
   0.04139
  -0.01431
  -0.04319
   0.00889
   0.04430
  -0.00332
  -0.04472
  -0.00229
   0.04443
   0.00787
  -0.04344
  -0.01333
   0.04177
   0.01857
  -0.03944
  -0.02353
   0.03648
   0.02811
  -0.03295
  -0.03224
   0.02890
   0.03587
  -0.02440
  -0.03894
   0.01951
   0.04139
  -0.01431
  -0.04319
   0.00889
   0.04430
  -0.00332
  -0.04472
  -0.00229
   0.04443
   0.00787
  -0.04344
  -0.01333
   0.04177
   0.01857
  -0.03944
  -0.02353
   0.03648
   0.02811
  -0.03295
  -0.03224
   0.02890
   0.03587
  -0.02440
  -0.03894
   0.01951
   0.04139
  -0.01431
  -0.04319
   0.00889
   0.04430
  -0.00332
  -0.04472
  -0.00229
   0.04443
   0.00787
  -0.04344
  -0.01333
   0.04177
   0.01857
  -0.03944
  -0.02353
   0.03648
   0.02811
  -0.03295
  -0.03224
   0.02890
   0.03587
  -0.02440
  -0.03894
   0.01951
   0.04139
  -0.01431
  -0.04319
   0.00889
   0.04430
  -0.00332
  -0.04472
  -0.00229
   0.04443
   0.00787
  -0.04344
  -0.01333
   0.04177
   0.01857
  -0.03944
  -0.02353
   0.03648
   0.02811
  -0.03295
  -0.03224
   0.02890
   0.03587
  -0.02440
  -0.03894
   0.01951
   0.04139
  -0.01431
  -0.04319
   0.00889
   0.04430
  -0.00332
  -0.04472
  -0.00229
   0.04443
   0.00787
  -0.04344
  -0.01333
   0.04177
   0.01857
  -0.03944
  -0.02353
   0.03648
   0.02811
  -0.03295
  -0.03224
   0.02890
   0.03587
  -0.02440
  -0.03894
   0.01951
   0.04139
  -0.01431
  -0.04319
   0.00889
   0.04430
  -0.00332
  -0.04472
  -0.00229
   0.04443
   0.00787
  -0.04344
  -0.01333
   0.04177
   0.01857
  -0.03944
  -0.02353
   0.03648
   0.02811
  -0.03295
  -0.03224
   0.02890
   0.03587
  -0.02440
  -0.03894
   0.01951
   0.04139
  -0.01431
  -0.04319
   0.00889
   0.04430
  -0.00332
  -0.04472
  -0.00229
   0.04443
   0.00787
  -0.04344
  -0.01333
   0.04177
   0.01857
  -0.03944
  -0.02353
   0.03648
   0.02811
  -0.03295
  -0.03224
   0.02890
   0.03587
  -0.02440
  -0.03894
   0.01951
   0.04139
  -0.01431
  -0.04319
   0.00889
   0.04430
  -0.00332
  -0.04472
  -0.00229
   0.04443
   0.00787
  -0.04344
  -0.01333
   0.04177
   0.01857
  -0.03944
  -0.02353
   0.03648
   0.02811
  -0.03295
  -0.03224
   0.02890
   0.03587
  -0.02440
  -0.03894
   0.01951
   0.04139
  -0.01431
  -0.04319
   0.00889
   0.04430
  -0.00332
  -0.04472
  -0.00229
   0.04443
   0.00787
  -0.04344
  -0.01333
   0.04177
   0.01857
  -0.03944
  -0.02353
   0.03648
   0.02811
  -0.03295
  -0.03224
   0.02890
   0.03587
  -0.02440
  -0.03894
   0.01951
   0.04139
  -0.01431
  -0.04319
   0.00889
   0.04430
  -0.00332
  -0.04472
  -0.00229
   0.04443
   0.00787
  -0.04344
  -0.01333
   0.04177
   0.01857
  -0.03944
  -0.02353
   0.03648
   0.02811
  -0.03295
  -0.03224
   0.02890
   0.03587
  -0.02440
  -0.03894
   0.01951
   0.04139
  -0.01431
  -0.04319
   0.00889
   0.04430
  -0.00332
  -0.04472
  -0.00229
   0.04443
   0.00787
  -0.04344
  -0.01333
   0.04177
   0.01857
  -0.03944
  -0.02353
   0.03648
   0.02811
  -0.03295
  -0.03224
   0.02890
   0.03587
  -0.02440
  -0.03894
   0.01951
   0.04139
  -0.01431
  -0.04319
   0.00889
   0.04430
  -0.00332
  -0.04472
  -0.00229
   0.04443
   0.00787
  -0.04344
  -0.01333
   0.04177
   0.01857
  -0.03944
  -0.02353
   0.03648
   0.02811
  -0.03295
  -0.03224
   0.02890
   0.03587
  -0.02440
  -0.03894
   0.01951
   0.04139
  -0.01431
  -0.04319
   0.00889
   0.04430
  -0.00332
  -0.04472
  -0.00229
   0.04443
   0.00787
  -0.04344
  -0.01333
   0.04177
   0.01857
  -0.03944
  -0.02353
   0.03648
   0.02811
  -0.03295
  -0.03224
   0.02890
   0.03587
  -0.02440
  -0.03894
   0.01951
   0.04139
  -0.01431
  -0.04319
   0.00889
   0.04430
  -0.00332
  -0.04472
  -0.00229
   0.04443
   0.00787
  -0.04344
  -0.01333
   0.04177
   0.01857
  -0.03944
  -0.02353
   0.03648
   0.02811
  -0.03295
  -0.03224
   0.02890
   0.03587
  -0.02440
  -0.03894
   0.01951
   0.04139
  -0.01431
  -0.04319
   0.00889
   0.04430
  -0.00332
  -0.04472
  -0.00229
   0.04443
   0.00787
  -0.04344
  -0.01333
   0.04177
   0.01857
  -0.03944
  -0.02353
   0.03648
   0.02811
  -0.03295
  -0.03224
   0.02890
   0.03587
  -0.02440
  -0.03894
   0.01951
   0.04139
  -0.01431
  -0.04319
   0.00889
   0.04430
