  -0.04145
  -0.02835
   0.02461
   0.04297
   0.00092
  -0.04242
  -0.02612
   0.02690
   0.04210
  -0.00189
  -0.04323
  -0.02379
   0.02909
   0.04107
  -0.00469
  -0.04386
  -0.02136
   0.03117
   0.03988
  -0.00748
  -0.04432
  -0.01886
   0.03312
   0.03853
  -0.01023
  -0.04461
  -0.01627
   0.03494
   0.03703
  -0.01294
  -0.04472
  -0.01362
   0.03663
   0.03538
  -0.01561
  -0.04465
  -0.01092
   0.03817
   0.03360
  -0.01821
  -0.04441
  -0.00818
   0.03955
   0.03168
  -0.02074
  -0.04399
  -0.00540
   0.04079
   0.02963
  -0.02318
  -0.04340
  -0.00260
   0.04186
   0.02747
  -0.02554
  -0.04264
   0.00021
   0.04276
   0.02520
  -0.02779
  -0.04171
   0.00301
   0.04350
   0.02283
  -0.02994
  -0.04062
   0.00581
   0.04407
   0.02037
  -0.03196
  -0.03936
   0.00858
   0.04446
   0.01783
  -0.03387
  -0.03795
   0.01132
   0.04467
   0.01522
  -0.03563
  -0.03639
   0.01401
   0.04471
   0.01255
  -0.03726
  -0.03468
   0.01665
   0.04458
   0.00983
  -0.03874
  -0.03284
   0.01923
   0.04427
   0.00707
  -0.04007
  -0.03087
   0.02172
   0.04378
   0.00428
  -0.04123
  -0.02878
   0.02414
   0.04312
   0.00148
  -0.04224
  -0.02657
   0.02645
   0.04229
  -0.00133
  -0.04308
  -0.02426
   0.02866
   0.04129
  -0.00413
  -0.04375
  -0.02186
   0.03076
   0.04013
  -0.00692
  -0.04424
  -0.01936
   0.03274
   0.03881
  -0.00968
  -0.04457
  -0.01679
   0.03459
   0.03734
  -0.01240
  -0.04471
  -0.01416
   0.03630
   0.03572
  -0.01508
  -0.04468
  -0.01147
   0.03787
   0.03396
  -0.01769
  -0.04447
  -0.00873
   0.03929
   0.03207
  -0.02024
  -0.04409
  -0.00596
   0.04055
   0.03005
  -0.02270
  -0.04354
  -0.00316
   0.04166
   0.02791
  -0.02507
  -0.04281
  -0.00036
   0.04260
   0.02566
  -0.02735
  -0.04191
   0.00245
   0.04337
   0.02331
  -0.02952
  -0.04085
   0.00525
   0.04397
   0.02087
  -0.03157
  -0.03962
   0.00803
   0.04439
   0.01834
  -0.03350
  -0.03824
   0.01078
   0.04465
   0.01575
  -0.03529
  -0.03671
   0.01348
   0.04472
   0.01309
  -0.03695
  -0.03504
   0.01613
   0.04462
   0.01038
  -0.03846
  -0.03322
   0.01872
   0.04434
   0.00762
  -0.03981
  -0.03128
   0.02123
   0.04389
   0.00484
  -0.04101
  -0.02921
   0.02366
   0.04326
   0.00204
  -0.04205
  -0.02702
   0.02600
   0.04247
  -0.00077
  -0.04292
  -0.02473
   0.02823
   0.04150
  -0.00357
  -0.04363
  -0.02234
   0.03035
   0.04038
  -0.00637
  -0.04416
  -0.01987
   0.03236
   0.03909
  -0.00913
  -0.04452
  -0.01731
   0.03423
   0.03765
  -0.01186
  -0.04470
  -0.01469
   0.03597
   0.03606
  -0.01455
  -0.04470
  -0.01201
   0.03757
   0.03433
  -0.01717
  -0.04453
  -0.00928
   0.03902
   0.03246
  -0.01973
  -0.04418
  -0.00652
   0.04031
   0.03046
  -0.02221
  -0.04366
  -0.00372
   0.04145
   0.02835
  -0.02461
  -0.04297
  -0.00092
   0.04242
   0.02612
  -0.02690
  -0.04210
   0.00189
   0.04323
   0.02379
  -0.02909
  -0.04107
   0.00469
   0.04386
   0.02136
  -0.03117
  -0.03988
   0.00748
   0.04432
   0.01886
  -0.03312
  -0.03853
   0.01023
   0.04461
   0.01627
  -0.03494
  -0.03703
   0.01294
   0.04472
   0.01362
  -0.03663
  -0.03538
   0.01561
   0.04465
   0.01092
  -0.03817
  -0.03360
   0.01821
   0.04441
   0.00818
  -0.03955
  -0.03168
   0.02074
   0.04399
   0.00540
  -0.04079
  -0.02963
   0.02318
   0.04340
   0.00260
  -0.04186
  -0.02747
   0.02554
   0.04264
  -0.00021
  -0.04276
  -0.02520
   0.02779
   0.04171
  -0.00301
  -0.04350
  -0.02283
   0.02994
   0.04062
  -0.00581
  -0.04407
  -0.02037
   0.03196
   0.03936
  -0.00858
  -0.04446
  -0.01783
   0.03387
   0.03795
  -0.01132
  -0.04467
  -0.01522
   0.03563
   0.03639
  -0.01401
  -0.04471
  -0.01255
   0.03726
   0.03468
  -0.01665
  -0.04458
  -0.00983
   0.03874
   0.03284
  -0.01923
  -0.04427
  -0.00707
   0.04007
   0.03087
  -0.02172
  -0.04378
  -0.00428
   0.04123
   0.02878
  -0.02414
  -0.04312
  -0.00148
   0.04224
   0.02657
  -0.02645
  -0.04229
   0.00133
   0.04308
   0.02426
  -0.02866
  -0.04129
   0.00413
   0.04375
   0.02186
  -0.03076
  -0.04013
   0.00692
   0.04424
   0.01936
  -0.03274
  -0.03881
   0.00968
   0.04457
   0.01679
  -0.03459
  -0.03734
   0.01240
   0.04471
   0.01416
  -0.03630
  -0.03572
   0.01508
   0.04468
   0.01147
  -0.03787
  -0.03396
   0.01769
   0.04447
   0.00873
  -0.03929
  -0.03207
   0.02024
   0.04409
   0.00596
  -0.04055
  -0.03005
   0.02270
   0.04354
   0.00316
  -0.04166
  -0.02791
   0.02507
   0.04281
   0.00036
  -0.04260
  -0.02566
   0.02735
   0.04191
  -0.00245
  -0.04337
  -0.02331
   0.02952
   0.04085
  -0.00525
  -0.04397
  -0.02087
   0.03157
   0.03962
  -0.00803
  -0.04439
  -0.01834
   0.03350
   0.03824
  -0.01078
  -0.04465
  -0.01575
   0.03529
   0.03671
  -0.01348
  -0.04472
  -0.01309
   0.03695
   0.03504
  -0.01613
  -0.04462
  -0.01038
   0.03846
   0.03322
  -0.01872
  -0.04434
  -0.00762
   0.03981
   0.03128
  -0.02123
  -0.04389
  -0.00484
   0.04101
   0.02921
  -0.02366
  -0.04326
  -0.00204
   0.04205
   0.02702
  -0.02600
  -0.04247
   0.00077
   0.04292
   0.02473
  -0.02823
  -0.04150
   0.00357
   0.04363
   0.02234
  -0.03035
  -0.04038
   0.00637
   0.04416
   0.01987
  -0.03236
  -0.03909
   0.00913
   0.04452
   0.01731
  -0.03423
  -0.03765
   0.01186
   0.04470
   0.01469
  -0.03597
  -0.03606
   0.01455
   0.04470
   0.01201
  -0.03757
  -0.03433
   0.01717
   0.04453
   0.00928
  -0.03902
  -0.03246
   0.01973
   0.04418
   0.00652
  -0.04031
  -0.03046
   0.02221
   0.04366
   0.00372
  -0.04145
  -0.02835
   0.02461
   0.04297
   0.00092
  -0.04242
  -0.02612
   0.02690
   0.04210
  -0.00189
  -0.04323
  -0.02379
   0.02909
   0.04107
  -0.00469
  -0.04386
  -0.02136
   0.03117
   0.03988
  -0.00748
  -0.04432
  -0.01886
   0.03312
   0.03853
  -0.01023
  -0.04461
  -0.01627
   0.03494
   0.03703
  -0.01294
  -0.04472
  -0.01362
   0.03663
   0.03538
  -0.01561
  -0.04465
  -0.01092
   0.03817
   0.03360
  -0.01821
  -0.04441
  -0.00818
   0.03955
   0.03168
  -0.02074
  -0.04399
  -0.00540
   0.04079
   0.02963
  -0.02318
  -0.04340
  -0.00260
   0.04186
   0.02747
  -0.02554
  -0.04264
   0.00021
   0.04276
   0.02520
  -0.02779
  -0.04171
   0.00301
   0.04350
   0.02283
  -0.02994
  -0.04062
   0.00581
   0.04407
   0.02037
  -0.03196
  -0.03936
   0.00858
   0.04446
   0.01783
  -0.03387
  -0.03795
   0.01132
   0.04467
   0.01522
  -0.03563
  -0.03639
   0.01401
   0.04471
   0.01255
  -0.03726
  -0.03468
   0.01665
   0.04458
   0.00983
  -0.03874
  -0.03284
   0.01923
   0.04427
   0.00707
  -0.04007
  -0.03087
   0.02172
   0.04378
   0.00428
  -0.04123
  -0.02878
   0.02414
   0.04312
   0.00148
  -0.04224
  -0.02657
   0.02645
   0.04229
  -0.00133
  -0.04308
  -0.02426
   0.02866
   0.04129
  -0.00413
  -0.04375
  -0.02186
   0.03076
   0.04013
  -0.00692
  -0.04424
  -0.01936
   0.03274
   0.03881
  -0.00968
  -0.04457
  -0.01679
   0.03459
   0.03734
  -0.01240
  -0.04471
  -0.01416
   0.03630
   0.03572
  -0.01508
  -0.04468
  -0.01147
   0.03787
   0.03396
  -0.01769
  -0.04447
  -0.00873
   0.03929
   0.03207
  -0.02024
  -0.04409
  -0.00596
   0.04055
   0.03005
  -0.02270
  -0.04354
  -0.00316
   0.04166
   0.02791
  -0.02507
  -0.04281
  -0.00036
   0.04260
   0.02566
  -0.02735
  -0.04191
   0.00245
   0.04337
   0.02331
  -0.02952
  -0.04085
   0.00525
   0.04397
   0.02087
  -0.03157
  -0.03962
   0.00803
   0.04439
   0.01834
  -0.03350
  -0.03824
   0.01078
   0.04465
   0.01575
  -0.03529
  -0.03671
   0.01348
   0.04472
   0.01309
  -0.03695
  -0.03504
   0.01613
   0.04462
   0.01038
  -0.03846
  -0.03322
   0.01872
   0.04434
   0.00762
  -0.03981
  -0.03128
   0.02123
   0.04389
   0.00484
  -0.04101
  -0.02921
   0.02366
   0.04326
   0.00204
  -0.04205
  -0.02702
   0.02600
   0.04247
  -0.00077
  -0.04292
  -0.02473
   0.02823
   0.04150
  -0.00357
  -0.04363
  -0.02234
   0.03035
   0.04038
  -0.00637
  -0.04416
  -0.01987
   0.03236
   0.03909
  -0.00913
  -0.04452
  -0.01731
   0.03423
   0.03765
  -0.01186
  -0.04470
  -0.01469
   0.03597
   0.03606
  -0.01455
  -0.04470
  -0.01201
   0.03757
   0.03433
  -0.01717
  -0.04453
  -0.00928
   0.03902
   0.03246
  -0.01973
  -0.04418
  -0.00652
   0.04031
   0.03046
  -0.02221
  -0.04366
  -0.00372
   0.04145
   0.02835
  -0.02461
  -0.04297
  -0.00092
   0.04242
   0.02612
  -0.02690
  -0.04210
   0.00189
   0.04323
   0.02379
  -0.02909
  -0.04107
   0.00469
   0.04386
   0.02136
  -0.03117
  -0.03988
   0.00748
   0.04432
   0.01886
  -0.03312
  -0.03853
   0.01023
   0.04461
   0.01627
  -0.03494
  -0.03703
   0.01294
   0.04472
   0.01362
  -0.03663
  -0.03538
   0.01561
   0.04465
   0.01092
  -0.03817
  -0.03360
   0.01821
   0.04441
   0.00818
  -0.03955
  -0.03168
   0.02074
   0.04399
   0.00540
  -0.04079
  -0.02963
   0.02318
   0.04340
   0.00260
  -0.04186
  -0.02747
   0.02554
   0.04264
  -0.00021
  -0.04276
  -0.02520
   0.02779
   0.04171
  -0.00301
  -0.04350
  -0.02283
   0.02994
   0.04062
  -0.00581
  -0.04407
  -0.02037
   0.03196
   0.03936
  -0.00858
  -0.04446
  -0.01783
   0.03387
   0.03795
  -0.01132
  -0.04467
  -0.01522
   0.03563
   0.03639
  -0.01401
  -0.04471
  -0.01255
   0.03726
   0.03468
  -0.01665
  -0.04458
  -0.00983
   0.03874
   0.03284
  -0.01923
  -0.04427
  -0.00707
   0.04007
   0.03087
  -0.02172
  -0.04378
  -0.00428
   0.04123
   0.02878
  -0.02414
  -0.04312
  -0.00148
   0.04224
   0.02657
  -0.02645
  -0.04229
   0.00133
   0.04308
   0.02426
  -0.02866
  -0.04129
   0.00413
   0.04375
   0.02186
  -0.03076
  -0.04013
   0.00692
   0.04424
   0.01936
  -0.03274
  -0.03881
   0.00968
   0.04457
   0.01679
  -0.03459
  -0.03734
   0.01240
   0.04471
   0.01416
  -0.03630
  -0.03572
   0.01508
   0.04468
   0.01147
  -0.03787
  -0.03396
   0.01769
   0.04447
   0.00873
  -0.03929
  -0.03207
   0.02024
   0.04409
   0.00596
  -0.04055
  -0.03005
   0.02270
   0.04354
   0.00316
  -0.04166
  -0.02791
   0.02507
   0.04281
   0.00036
  -0.04260
  -0.02566
   0.02735
   0.04191
  -0.00245
  -0.04337
  -0.02331
   0.02952
   0.04085
  -0.00525
  -0.04397
  -0.02087
   0.03157
   0.03962
  -0.00803
  -0.04439
  -0.01834
   0.03350
   0.03824
  -0.01078
  -0.04465
  -0.01575
   0.03529
   0.03671
  -0.01348
  -0.04472
  -0.01309
   0.03695
   0.03504
  -0.01613
  -0.04462
  -0.01038
   0.03846
   0.03322
  -0.01872
  -0.04434
  -0.00762
   0.03981
   0.03128
  -0.02123
  -0.04389
  -0.00484
   0.04101
   0.02921
  -0.02366
  -0.04326
  -0.00204
   0.04205
   0.02702
  -0.02600
  -0.04247
   0.00077
   0.04292
   0.02473
  -0.02823
  -0.04150
   0.00357
   0.04363
   0.02234
  -0.03035
  -0.04038
   0.00637
   0.04416
   0.01987
  -0.03236
  -0.03909
   0.00913
   0.04452
   0.01731
  -0.03423
  -0.03765
   0.01186
   0.04470
   0.01469
  -0.03597
  -0.03606
   0.01455
   0.04470
   0.01201
  -0.03757
  -0.03433
   0.01717
   0.04453
   0.00928
  -0.03902
  -0.03246
   0.01973
   0.04418
   0.00652
  -0.04031
  -0.03046
   0.02221
   0.04366
   0.00372
