  -0.02288
   0.02290
   0.04468
   0.01966
  -0.02595
  -0.04438
  -0.01632
   0.02884
   0.04379
   0.01287
  -0.03153
  -0.04290
  -0.00933
   0.03401
   0.04173
   0.00573
  -0.03627
  -0.04028
  -0.00210
   0.03828
   0.03856
  -0.00156
  -0.04004
  -0.03658
   0.00520
   0.04153
   0.03436
  -0.00881
  -0.04275
  -0.03191
   0.01235
   0.04368
   0.02925
  -0.01582
  -0.04432
  -0.02639
   0.01918
   0.04466
   0.02336
  -0.02241
  -0.04470
  -0.02017
   0.02549
   0.04445
   0.01684
  -0.02841
  -0.04390
  -0.01341
   0.03113
   0.04306
   0.00988
  -0.03365
  -0.04193
  -0.00629
   0.03594
   0.04052
   0.00266
  -0.03799
  -0.03884
   0.00100
   0.03979
   0.03690
  -0.00464
  -0.04132
  -0.03472
   0.00825
   0.04258
   0.03230
  -0.01181
  -0.04355
  -0.02967
   0.01529
   0.04424
   0.02684
  -0.01867
  -0.04462
  -0.02383
   0.02192
   0.04472
   0.02067
  -0.02503
  -0.04451
  -0.01736
   0.02797
   0.04400
   0.01394
  -0.03072
  -0.04321
  -0.01043
   0.03327
   0.04212
   0.00685
  -0.03560
  -0.04075
  -0.00322
   0.03769
   0.03912
  -0.00043
  -0.03953
  -0.03722
   0.00408
   0.04110
   0.03507
  -0.00770
  -0.04240
  -0.03269
   0.01127
   0.04342
   0.03009
  -0.01476
  -0.04415
  -0.02729
   0.01816
   0.04458
   0.02431
  -0.02143
  -0.04472
  -0.02116
   0.02456
   0.04456
   0.01788
  -0.02753
  -0.04410
  -0.01447
   0.03031
   0.04335
   0.01097
  -0.03290
  -0.04231
  -0.00740
   0.03526
   0.04098
   0.00378
  -0.03738
  -0.03939
  -0.00013
   0.03926
   0.03753
  -0.00352
  -0.04088
  -0.03542
   0.00715
   0.04222
   0.03307
  -0.01072
  -0.04328
  -0.03050
   0.01423
   0.04406
   0.02773
  -0.01764
  -0.04454
  -0.02478
   0.02094
   0.04472
   0.02166
  -0.02409
  -0.04460
  -0.01839
   0.02709
   0.04419
   0.01501
  -0.02990
  -0.04348
  -0.01152
   0.03251
   0.04249
   0.00795
  -0.03491
  -0.04120
  -0.00434
   0.03707
   0.03965
   0.00069
  -0.03899
  -0.03783
   0.00296
   0.04065
   0.03576
  -0.00659
  -0.04203
  -0.03345
   0.01018
   0.04314
   0.03091
  -0.01370
  -0.04396
  -0.02817
   0.01712
   0.04448
   0.02524
  -0.02044
  -0.04471
  -0.02215
   0.02362
   0.04464
   0.01890
  -0.02664
  -0.04427
  -0.01553
   0.02948
   0.04361
   0.01206
  -0.03212
  -0.04266
  -0.00851
   0.03456
   0.04142
   0.00490
  -0.03676
  -0.03991
  -0.00125
   0.03871
   0.03813
  -0.00240
  -0.04041
  -0.03609
   0.00603
   0.04184
   0.03382
  -0.00963
  -0.04299
  -0.03132
   0.01316
   0.04385
   0.02861
  -0.01660
  -0.04442
  -0.02571
   0.01994
   0.04470
   0.02263
  -0.02314
  -0.04467
  -0.01941
   0.02618
   0.04435
   0.01606
  -0.02905
  -0.04373
  -0.01260
   0.03173
   0.04282
   0.00906
  -0.03420
  -0.04163
  -0.00545
   0.03643
   0.04016
   0.00181
  -0.03843
  -0.03842
   0.00184
   0.04017
   0.03642
  -0.00548
  -0.04164
  -0.03418
   0.00908
   0.04283
   0.03171
  -0.01262
  -0.04374
  -0.02904
   0.01608
   0.04435
   0.02616
  -0.01943
  -0.04467
  -0.02312
   0.02265
   0.04469
   0.01992
  -0.02572
  -0.04442
  -0.01658
   0.02862
   0.04385
   0.01314
  -0.03133
  -0.04298
  -0.00961
   0.03383
   0.04183
   0.00601
  -0.03610
  -0.04040
  -0.00238
   0.03814
   0.03870
  -0.00128
  -0.03992
  -0.03674
   0.00492
   0.04143
   0.03454
  -0.00853
  -0.04266
  -0.03211
   0.01208
   0.04362
   0.02946
  -0.01556
  -0.04428
  -0.02662
   0.01892
   0.04464
   0.02360
  -0.02217
  -0.04471
  -0.02042
   0.02526
   0.04448
   0.01710
  -0.02819
  -0.04395
  -0.01367
   0.03093
   0.04313
   0.01016
  -0.03346
  -0.04203
  -0.00657
   0.03577
   0.04064
   0.00294
  -0.03784
  -0.03898
   0.00071
   0.03966
   0.03706
  -0.00436
  -0.04121
  -0.03489
   0.00798
   0.04249
   0.03250
  -0.01154
  -0.04349
  -0.02988
   0.01503
   0.04419
   0.02707
  -0.01841
  -0.04461
  -0.02407
   0.02168
   0.04472
   0.02092
  -0.02480
  -0.04453
  -0.01762
   0.02775
   0.04405
   0.01421
  -0.03052
  -0.04328
  -0.01070
   0.03309
   0.04221
   0.00712
  -0.03543
  -0.04087
  -0.00350
   0.03754
   0.03925
  -0.00015
  -0.03940
  -0.03737
   0.00380
   0.04099
   0.03524
  -0.00742
  -0.04231
  -0.03288
   0.01100
   0.04335
   0.03030
  -0.01450
  -0.04410
  -0.02751
   0.01790
   0.04456
   0.02454
  -0.02118
  -0.04472
  -0.02141
   0.02433
   0.04458
   0.01814
  -0.02731
  -0.04415
  -0.01474
   0.03011
   0.04342
   0.01125
  -0.03270
  -0.04240
  -0.00768
   0.03508
   0.04109
   0.00406
  -0.03723
  -0.03952
  -0.00041
   0.03913
   0.03768
  -0.00324
  -0.04076
  -0.03559
   0.00687
   0.04213
   0.03326
  -0.01045
  -0.04321
  -0.03071
   0.01396
   0.04401
   0.02795
  -0.01738
  -0.04451
  -0.02501
   0.02069
   0.04472
   0.02190
  -0.02385
  -0.04462
  -0.01865
   0.02686
   0.04423
   0.01527
  -0.02969
  -0.04355
  -0.01179
   0.03232
   0.04257
   0.00823
  -0.03473
  -0.04131
  -0.00462
   0.03692
   0.03978
   0.00097
  -0.03885
  -0.03798
   0.00268
   0.04053
   0.03592
  -0.00631
  -0.04194
  -0.03363
   0.00990
   0.04306
   0.03111
  -0.01343
  -0.04390
  -0.02839
   0.01686
   0.04445
   0.02548
  -0.02019
  -0.04470
  -0.02239
   0.02338
   0.04466
   0.01916
  -0.02641
  -0.04431
  -0.01580
   0.02927
   0.04367
   0.01233
  -0.03193
  -0.04274
  -0.00878
   0.03438
   0.04152
   0.00518
  -0.03660
  -0.04003
  -0.00153
   0.03857
   0.03827
  -0.00212
  -0.04029
  -0.03626
   0.00576
   0.04174
   0.03400
  -0.00936
  -0.04291
  -0.03152
   0.01289
   0.04379
   0.02882
  -0.01634
  -0.04439
  -0.02593
   0.01969
   0.04468
   0.02288
  -0.02290
  -0.04468
  -0.01966
   0.02595
   0.04438
   0.01632
  -0.02884
  -0.04379
  -0.01287
   0.03153
   0.04290
   0.00933
  -0.03401
  -0.04173
  -0.00573
   0.03627
   0.04028
   0.00210
  -0.03828
  -0.03856
   0.00156
   0.04004
   0.03658
  -0.00520
  -0.04153
  -0.03436
   0.00881
   0.04275
   0.03191
  -0.01235
  -0.04368
  -0.02925
   0.01582
   0.04432
   0.02639
  -0.01918
  -0.04466
  -0.02336
   0.02241
   0.04470
   0.02017
  -0.02549
  -0.04445
  -0.01684
   0.02841
   0.04390
   0.01341
  -0.03113
  -0.04306
  -0.00988
   0.03365
   0.04193
   0.00629
  -0.03594
  -0.04052
  -0.00266
   0.03799
   0.03884
  -0.00100
  -0.03979
  -0.03690
   0.00464
   0.04132
   0.03472
  -0.00825
  -0.04258
  -0.03230
   0.01181
   0.04355
   0.02967
  -0.01529
  -0.04424
  -0.02684
   0.01867
   0.04462
   0.02383
  -0.02192
  -0.04472
  -0.02067
   0.02503
   0.04451
   0.01736
  -0.02797
  -0.04400
  -0.01394
   0.03072
   0.04321
   0.01043
  -0.03327
  -0.04212
  -0.00685
   0.03560
   0.04075
   0.00322
  -0.03769
  -0.03912
   0.00043
   0.03953
   0.03722
  -0.00408
  -0.04110
  -0.03507
   0.00770
   0.04240
   0.03269
  -0.01127
  -0.04342
  -0.03009
   0.01476
   0.04415
   0.02729
  -0.01816
  -0.04458
  -0.02431
   0.02143
   0.04472
   0.02116
  -0.02456
  -0.04456
  -0.01788
   0.02753
   0.04410
   0.01447
  -0.03031
  -0.04335
  -0.01097
   0.03290
   0.04231
   0.00740
  -0.03526
  -0.04098
  -0.00378
   0.03738
   0.03939
   0.00013
  -0.03926
  -0.03753
   0.00352
   0.04088
   0.03542
  -0.00715
  -0.04222
  -0.03307
   0.01072
   0.04328
   0.03050
  -0.01423
  -0.04406
  -0.02773
   0.01764
   0.04454
   0.02478
  -0.02094
  -0.04472
  -0.02166
   0.02409
   0.04460
   0.01839
  -0.02709
  -0.04419
  -0.01501
   0.02990
   0.04348
   0.01152
  -0.03251
  -0.04249
  -0.00795
   0.03491
   0.04120
   0.00434
  -0.03707
  -0.03965
  -0.00069
   0.03899
   0.03783
  -0.00296
  -0.04065
  -0.03576
   0.00659
   0.04203
   0.03345
  -0.01018
  -0.04314
  -0.03091
   0.01370
   0.04396
   0.02817
  -0.01712
  -0.04448
  -0.02524
   0.02044
   0.04471
   0.02215
  -0.02362
  -0.04464
  -0.01890
   0.02664
   0.04427
   0.01553
  -0.02948
  -0.04361
  -0.01206
   0.03212
   0.04266
   0.00851
  -0.03456
  -0.04142
  -0.00490
   0.03676
   0.03991
   0.00125
  -0.03871
  -0.03813
   0.00240
   0.04041
   0.03609
  -0.00603
  -0.04184
  -0.03382
   0.00963
   0.04299
   0.03132
  -0.01316
  -0.04385
  -0.02861
   0.01660
   0.04442
   0.02571
  -0.01994
  -0.04470
  -0.02263
   0.02314
   0.04467
   0.01941
  -0.02618
  -0.04435
  -0.01606
   0.02905
   0.04373
   0.01260
  -0.03173
  -0.04282
  -0.00906
   0.03420
   0.04163
   0.00545
  -0.03643
  -0.04016
  -0.00181
   0.03843
   0.03842
  -0.00184
  -0.04017
  -0.03642
   0.00548
   0.04164
   0.03418
  -0.00908
  -0.04283
  -0.03171
   0.01262
   0.04374
   0.02904
  -0.01608
  -0.04435
  -0.02616
   0.01943
   0.04467
   0.02312
  -0.02265
  -0.04469
  -0.01992
   0.02572
   0.04442
   0.01658
  -0.02862
  -0.04385
  -0.01314
   0.03133
   0.04298
   0.00961
  -0.03383
  -0.04183
  -0.00601
   0.03610
   0.04040
   0.00238
  -0.03814
  -0.03870
   0.00128
   0.03992
   0.03674
  -0.00492
  -0.04143
  -0.03454
   0.00853
   0.04266
   0.03211
  -0.01208
  -0.04362
  -0.02946
   0.01556
   0.04428
   0.02662
  -0.01892
  -0.04464
  -0.02360
   0.02217
   0.04471
   0.02042
  -0.02526
  -0.04448
  -0.01710
   0.02819
   0.04395
   0.01367
  -0.03093
  -0.04313
  -0.01016
   0.03346
   0.04203
   0.00657
  -0.03577
  -0.04064
  -0.00294
   0.03784
   0.03898
  -0.00071
  -0.03966
  -0.03706
   0.00436
   0.04121
   0.03489
  -0.00798
  -0.04249
  -0.03250
   0.01154
   0.04349
   0.02988
  -0.01503
  -0.04419
  -0.02707
   0.01841
   0.04461
   0.02407
  -0.02168
  -0.04472
  -0.02092
   0.02480
   0.04453
   0.01762
  -0.02775
  -0.04405
  -0.01421
   0.03052
   0.04328
   0.01070
  -0.03309
  -0.04221
  -0.00712
   0.03543
   0.04087
   0.00350
  -0.03754
  -0.03925
   0.00015
   0.03940
   0.03737
  -0.00380
  -0.04099
  -0.03524
   0.00742
   0.04231
   0.03288
  -0.01100
  -0.04335
  -0.03030
   0.01450
   0.04410
   0.02751
  -0.01790
  -0.04456
  -0.02454
   0.02118
   0.04472
   0.02141
  -0.02433
  -0.04458
  -0.01814
   0.02731
   0.04415
   0.01474
  -0.03011
  -0.04342
  -0.01125
   0.03270
   0.04240
   0.00768
  -0.03508
  -0.04109
  -0.00406
   0.03723
   0.03952
   0.00041
  -0.03913
  -0.03768
   0.00324
   0.04076
   0.03559
  -0.00687
  -0.04213
  -0.03326
   0.01045
   0.04321
   0.03071
  -0.01396
  -0.04401
  -0.02795
   0.01738
   0.04451
   0.02501
  -0.02069
  -0.04472
  -0.02190
   0.02385
   0.04462
   0.01865
  -0.02686
  -0.04423
  -0.01527
   0.02969
   0.04355
   0.01179
  -0.03232
  -0.04257
  -0.00823
   0.03473
   0.04131
   0.00462
  -0.03692
  -0.03978
  -0.00097
   0.03885
   0.03798
  -0.00268
  -0.04053
  -0.03592
   0.00631
   0.04194
   0.03363
  -0.00990
  -0.04306
  -0.03111
   0.01343
   0.04390
   0.02839
  -0.01686
  -0.04445
  -0.02548
   0.02019
   0.04470
   0.02239
  -0.02338
  -0.04466
  -0.01916
   0.02641
   0.04431
   0.01580
  -0.02927
  -0.04367
  -0.01233
   0.03193
   0.04274
   0.00878
  -0.03438
  -0.04152
  -0.00518
   0.03660
   0.04003
   0.00153
  -0.03857
  -0.03827
   0.00212
   0.04029
   0.03626
  -0.00576
  -0.04174
  -0.03400
   0.00936
   0.04291
   0.03152
  -0.01289
  -0.04379
  -0.02882
   0.01634
   0.04439
   0.02593
  -0.01969
  -0.04468
