  -0.02303
   0.02201
   0.04472
   0.02206
  -0.02298
  -0.04471
  -0.02108
   0.02394
   0.04467
   0.02008
  -0.02488
  -0.04460
  -0.01907
   0.02580
   0.04450
   0.01805
  -0.02671
  -0.04437
  -0.01701
   0.02761
   0.04422
   0.01597
  -0.02848
  -0.04404
  -0.01492
   0.02934
   0.04383
   0.01385
  -0.03018
  -0.04359
  -0.01278
   0.03100
   0.04332
   0.01170
  -0.03180
  -0.04303
  -0.01061
   0.03258
   0.04271
   0.00951
  -0.03334
  -0.04237
  -0.00841
   0.03408
   0.04199
   0.00731
  -0.03479
  -0.04159
  -0.00619
   0.03549
   0.04117
   0.00508
  -0.03616
  -0.04071
  -0.00396
   0.03681
   0.04024
   0.00284
  -0.03744
  -0.03973
  -0.00172
   0.03804
   0.03921
   0.00059
  -0.03862
  -0.03865
   0.00053
   0.03917
   0.03807
  -0.00165
  -0.03970
  -0.03747
   0.00278
   0.04021
   0.03685
  -0.00390
  -0.04069
  -0.03620
   0.00501
   0.04114
   0.03553
  -0.00613
  -0.04157
  -0.03483
   0.00724
   0.04197
   0.03412
  -0.00835
  -0.04234
  -0.03338
   0.00945
   0.04269
   0.03262
  -0.01054
  -0.04301
  -0.03184
   0.01163
   0.04331
   0.03104
  -0.01271
  -0.04357
  -0.03023
   0.01379
   0.04381
   0.02939
  -0.01485
  -0.04403
  -0.02853
   0.01591
   0.04421
   0.02766
  -0.01695
  -0.04436
  -0.02677
   0.01799
   0.04449
   0.02586
  -0.01901
  -0.04459
  -0.02493
   0.02002
   0.04466
   0.02399
  -0.02102
  -0.04471
  -0.02303
   0.02201
   0.04472
   0.02206
  -0.02298
  -0.04471
  -0.02108
   0.02394
   0.04467
   0.02008
  -0.02488
  -0.04460
  -0.01907
   0.02580
   0.04450
   0.01805
  -0.02671
  -0.04437
  -0.01701
   0.02761
   0.04422
   0.01597
  -0.02848
  -0.04404
  -0.01492
   0.02934
   0.04383
   0.01385
  -0.03018
  -0.04359
  -0.01278
   0.03100
   0.04332
   0.01170
  -0.03180
  -0.04303
  -0.01061
   0.03258
   0.04271
   0.00951
  -0.03334
  -0.04237
  -0.00841
   0.03408
   0.04199
   0.00731
  -0.03479
  -0.04159
  -0.00619
   0.03549
   0.04117
   0.00508
  -0.03616
  -0.04071
  -0.00396
   0.03681
   0.04024
   0.00284
  -0.03744
  -0.03973
  -0.00172
   0.03804
   0.03921
   0.00059
  -0.03862
  -0.03865
   0.00053
   0.03917
   0.03807
  -0.00165
  -0.03970
  -0.03747
   0.00278
   0.04021
   0.03685
  -0.00390
  -0.04069
  -0.03620
   0.00501
   0.04114
   0.03553
  -0.00613
  -0.04157
  -0.03483
   0.00724
   0.04197
   0.03412
  -0.00835
  -0.04234
  -0.03338
   0.00945
   0.04269
   0.03262
  -0.01054
  -0.04301
  -0.03184
   0.01163
   0.04331
   0.03104
  -0.01271
  -0.04357
  -0.03023
   0.01379
   0.04381
   0.02939
  -0.01485
  -0.04403
  -0.02853
   0.01591
   0.04421
   0.02766
  -0.01695
  -0.04436
  -0.02677
   0.01799
   0.04449
   0.02586
  -0.01901
  -0.04459
  -0.02493
   0.02002
   0.04466
   0.02399
  -0.02102
  -0.04471
  -0.02303
   0.02201
   0.04472
   0.02206
  -0.02298
  -0.04471
  -0.02108
   0.02394
   0.04467
   0.02008
  -0.02488
  -0.04460
  -0.01907
   0.02580
   0.04450
   0.01805
  -0.02671
  -0.04437
  -0.01701
   0.02761
   0.04422
   0.01597
  -0.02848
  -0.04404
  -0.01492
   0.02934
   0.04383
   0.01385
  -0.03018
  -0.04359
  -0.01278
   0.03100
   0.04332
   0.01170
  -0.03180
  -0.04303
  -0.01061
   0.03258
   0.04271
   0.00951
  -0.03334
  -0.04237
  -0.00841
   0.03408
   0.04199
   0.00731
  -0.03479
  -0.04159
  -0.00619
   0.03549
   0.04117
   0.00508
  -0.03616
  -0.04071
  -0.00396
   0.03681
   0.04024
   0.00284
  -0.03744
  -0.03973
  -0.00172
   0.03804
   0.03921
   0.00059
  -0.03862
  -0.03865
   0.00053
   0.03917
   0.03807
  -0.00165
  -0.03970
  -0.03747
   0.00278
   0.04021
   0.03685
  -0.00390
  -0.04069
  -0.03620
   0.00501
   0.04114
   0.03553
  -0.00613
  -0.04157
  -0.03483
   0.00724
   0.04197
   0.03412
  -0.00835
  -0.04234
  -0.03338
   0.00945
   0.04269
   0.03262
  -0.01054
  -0.04301
  -0.03184
   0.01163
   0.04331
   0.03104
  -0.01271
  -0.04357
  -0.03023
   0.01379
   0.04381
   0.02939
  -0.01485
  -0.04403
  -0.02853
   0.01591
   0.04421
   0.02766
  -0.01695
  -0.04436
  -0.02677
   0.01799
   0.04449
   0.02586
  -0.01901
  -0.04459
  -0.02493
   0.02002
   0.04466
   0.02399
  -0.02102
  -0.04471
  -0.02303
   0.02201
   0.04472
   0.02206
  -0.02298
  -0.04471
  -0.02108
   0.02394
   0.04467
   0.02008
  -0.02488
  -0.04460
  -0.01907
   0.02580
   0.04450
   0.01805
  -0.02671
  -0.04437
  -0.01701
   0.02761
   0.04422
   0.01597
  -0.02848
  -0.04404
  -0.01492
   0.02934
   0.04383
   0.01385
  -0.03018
  -0.04359
  -0.01278
   0.03100
   0.04332
   0.01170
  -0.03180
  -0.04303
  -0.01061
   0.03258
   0.04271
   0.00951
  -0.03334
  -0.04237
  -0.00841
   0.03408
   0.04199
   0.00731
  -0.03479
  -0.04159
  -0.00619
   0.03549
   0.04117
   0.00508
  -0.03616
  -0.04071
  -0.00396
   0.03681
   0.04024
   0.00284
  -0.03744
  -0.03973
  -0.00172
   0.03804
   0.03921
   0.00059
  -0.03862
  -0.03865
   0.00053
   0.03917
   0.03807
  -0.00165
  -0.03970
  -0.03747
   0.00278
   0.04021
   0.03685
  -0.00390
  -0.04069
  -0.03620
   0.00501
   0.04114
   0.03553
  -0.00613
  -0.04157
  -0.03483
   0.00724
   0.04197
   0.03412
  -0.00835
  -0.04234
  -0.03338
   0.00945
   0.04269
   0.03262
  -0.01054
  -0.04301
  -0.03184
   0.01163
   0.04331
   0.03104
  -0.01271
  -0.04357
  -0.03023
   0.01379
   0.04381
   0.02939
  -0.01485
  -0.04403
  -0.02853
   0.01591
   0.04421
   0.02766
  -0.01695
  -0.04436
  -0.02677
   0.01799
   0.04449
   0.02586
  -0.01901
  -0.04459
  -0.02493
   0.02002
   0.04466
   0.02399
  -0.02102
  -0.04471
  -0.02303
   0.02201
   0.04472
   0.02206
  -0.02298
  -0.04471
  -0.02108
   0.02394
   0.04467
   0.02008
  -0.02488
  -0.04460
  -0.01907
   0.02580
   0.04450
   0.01805
  -0.02671
  -0.04437
  -0.01701
   0.02761
   0.04422
   0.01597
  -0.02848
  -0.04404
  -0.01492
   0.02934
   0.04383
   0.01385
  -0.03018
  -0.04359
  -0.01278
   0.03100
   0.04332
   0.01170
  -0.03180
  -0.04303
  -0.01061
   0.03258
   0.04271
   0.00951
  -0.03334
  -0.04237
  -0.00841
   0.03408
   0.04199
   0.00731
  -0.03479
  -0.04159
  -0.00619
   0.03549
   0.04117
   0.00508
  -0.03616
  -0.04071
  -0.00396
   0.03681
   0.04024
   0.00284
  -0.03744
  -0.03973
  -0.00172
   0.03804
   0.03921
   0.00059
  -0.03862
  -0.03865
   0.00053
   0.03917
   0.03807
  -0.00165
  -0.03970
  -0.03747
   0.00278
   0.04021
   0.03685
  -0.00390
  -0.04069
  -0.03620
   0.00501
   0.04114
   0.03553
  -0.00613
  -0.04157
  -0.03483
   0.00724
   0.04197
   0.03412
  -0.00835
  -0.04234
  -0.03338
   0.00945
   0.04269
   0.03262
  -0.01054
  -0.04301
  -0.03184
   0.01163
   0.04331
   0.03104
  -0.01271
  -0.04357
  -0.03023
   0.01379
   0.04381
   0.02939
  -0.01485
  -0.04403
  -0.02853
   0.01591
   0.04421
   0.02766
  -0.01695
  -0.04436
  -0.02677
   0.01799
   0.04449
   0.02586
  -0.01901
  -0.04459
  -0.02493
   0.02002
   0.04466
   0.02399
  -0.02102
  -0.04471
  -0.02303
   0.02201
   0.04472
   0.02206
  -0.02298
  -0.04471
  -0.02108
   0.02394
   0.04467
   0.02008
  -0.02488
  -0.04460
  -0.01907
   0.02580
   0.04450
   0.01805
  -0.02671
  -0.04437
  -0.01701
   0.02761
   0.04422
   0.01597
  -0.02848
  -0.04404
  -0.01492
   0.02934
   0.04383
   0.01385
  -0.03018
  -0.04359
  -0.01278
   0.03100
   0.04332
   0.01170
  -0.03180
  -0.04303
  -0.01061
   0.03258
   0.04271
   0.00951
  -0.03334
  -0.04237
  -0.00841
   0.03408
   0.04199
   0.00731
  -0.03479
  -0.04159
  -0.00619
   0.03549
   0.04117
   0.00508
  -0.03616
  -0.04071
  -0.00396
   0.03681
   0.04024
   0.00284
  -0.03744
  -0.03973
  -0.00172
   0.03804
   0.03921
   0.00059
  -0.03862
  -0.03865
   0.00053
   0.03917
   0.03807
  -0.00165
  -0.03970
  -0.03747
   0.00278
   0.04021
   0.03685
  -0.00390
  -0.04069
  -0.03620
   0.00501
   0.04114
   0.03553
  -0.00613
  -0.04157
  -0.03483
   0.00724
   0.04197
   0.03412
  -0.00835
  -0.04234
  -0.03338
   0.00945
   0.04269
   0.03262
  -0.01054
  -0.04301
  -0.03184
   0.01163
   0.04331
   0.03104
  -0.01271
  -0.04357
  -0.03023
   0.01379
   0.04381
   0.02939
  -0.01485
  -0.04403
  -0.02853
   0.01591
   0.04421
   0.02766
  -0.01695
  -0.04436
  -0.02677
   0.01799
   0.04449
   0.02586
  -0.01901
  -0.04459
  -0.02493
   0.02002
   0.04466
   0.02399
  -0.02102
  -0.04471
  -0.02303
   0.02201
   0.04472
   0.02206
  -0.02298
  -0.04471
  -0.02108
   0.02394
   0.04467
   0.02008
  -0.02488
  -0.04460
  -0.01907
   0.02580
   0.04450
   0.01805
  -0.02671
  -0.04437
  -0.01701
   0.02761
   0.04422
   0.01597
  -0.02848
  -0.04404
  -0.01492
   0.02934
   0.04383
   0.01385
  -0.03018
  -0.04359
  -0.01278
   0.03100
   0.04332
   0.01170
  -0.03180
  -0.04303
  -0.01061
   0.03258
   0.04271
   0.00951
  -0.03334
  -0.04237
  -0.00841
   0.03408
   0.04199
   0.00731
  -0.03479
  -0.04159
  -0.00619
   0.03549
   0.04117
   0.00508
  -0.03616
  -0.04071
  -0.00396
   0.03681
   0.04024
   0.00284
  -0.03744
  -0.03973
  -0.00172
   0.03804
   0.03921
   0.00059
  -0.03862
  -0.03865
   0.00053
   0.03917
   0.03807
  -0.00165
  -0.03970
  -0.03747
   0.00278
   0.04021
   0.03685
  -0.00390
  -0.04069
  -0.03620
   0.00501
   0.04114
   0.03553
  -0.00613
  -0.04157
  -0.03483
   0.00724
   0.04197
   0.03412
  -0.00835
  -0.04234
  -0.03338
   0.00945
   0.04269
   0.03262
  -0.01054
  -0.04301
  -0.03184
   0.01163
   0.04331
   0.03104
  -0.01271
  -0.04357
  -0.03023
   0.01379
   0.04381
   0.02939
  -0.01485
  -0.04403
  -0.02853
   0.01591
   0.04421
   0.02766
  -0.01695
  -0.04436
  -0.02677
   0.01799
   0.04449
   0.02586
  -0.01901
  -0.04459
  -0.02493
   0.02002
   0.04466
   0.02399
  -0.02102
  -0.04471
  -0.02303
   0.02201
   0.04472
   0.02206
  -0.02298
  -0.04471
  -0.02108
   0.02394
   0.04467
   0.02008
  -0.02488
  -0.04460
  -0.01907
   0.02580
   0.04450
   0.01805
  -0.02671
  -0.04437
  -0.01701
   0.02761
   0.04422
   0.01597
  -0.02848
  -0.04404
  -0.01492
   0.02934
   0.04383
   0.01385
  -0.03018
  -0.04359
  -0.01278
   0.03100
   0.04332
   0.01170
  -0.03180
  -0.04303
  -0.01061
   0.03258
   0.04271
   0.00951
  -0.03334
  -0.04237
  -0.00841
   0.03408
   0.04199
   0.00731
  -0.03479
  -0.04159
  -0.00619
   0.03549
   0.04117
   0.00508
  -0.03616
  -0.04071
  -0.00396
   0.03681
   0.04024
   0.00284
  -0.03744
  -0.03973
  -0.00172
   0.03804
   0.03921
   0.00059
  -0.03862
  -0.03865
   0.00053
   0.03917
   0.03807
  -0.00165
  -0.03970
  -0.03747
   0.00278
   0.04021
   0.03685
  -0.00390
  -0.04069
  -0.03620
   0.00501
   0.04114
   0.03553
  -0.00613
  -0.04157
  -0.03483
   0.00724
   0.04197
   0.03412
  -0.00835
  -0.04234
  -0.03338
   0.00945
   0.04269
   0.03262
  -0.01054
  -0.04301
  -0.03184
   0.01163
   0.04331
   0.03104
  -0.01271
  -0.04357
  -0.03023
   0.01379
   0.04381
   0.02939
  -0.01485
  -0.04403
  -0.02853
   0.01591
   0.04421
   0.02766
  -0.01695
  -0.04436
  -0.02677
   0.01799
   0.04449
   0.02586
  -0.01901
  -0.04459
  -0.02493
   0.02002
   0.04466
   0.02399
  -0.02102
  -0.04471
