  -0.00278
  -0.00557
  -0.00835
  -0.01109
  -0.01379
  -0.01643
  -0.01901
  -0.02152
  -0.02394
  -0.02626
  -0.02848
  -0.03059
  -0.03258
  -0.03444
  -0.03616
  -0.03774
  -0.03917
  -0.04045
  -0.04157
  -0.04252
  -0.04331
  -0.04392
  -0.04436
  -0.04463
  -0.04472
  -0.04464
  -0.04437
  -0.04393
  -0.04332
  -0.04254
  -0.04159
  -0.04048
  -0.03920
  -0.03778
  -0.03620
  -0.03448
  -0.03262
  -0.03064
  -0.02853
  -0.02631
  -0.02399
  -0.02157
  -0.01907
  -0.01649
  -0.01385
  -0.01115
  -0.00841
  -0.00564
  -0.00284
  -0.00003
   0.00278
   0.00557
   0.00835
   0.01109
   0.01379
   0.01643
   0.01901
   0.02152
   0.02394
   0.02626
   0.02848
   0.03059
   0.03258
   0.03444
   0.03616
   0.03774
   0.03917
   0.04045
   0.04157
   0.04252
   0.04331
   0.04392
   0.04436
   0.04463
   0.04472
   0.04464
   0.04437
   0.04393
   0.04332
   0.04254
   0.04159
   0.04048
   0.03920
   0.03778
   0.03620
   0.03448
   0.03262
   0.03064
   0.02853
   0.02631
   0.02399
   0.02157
   0.01907
   0.01649
   0.01385
   0.01115
   0.00841
   0.00564
   0.00284
   0.00003
  -0.00278
  -0.00557
  -0.00835
  -0.01109
  -0.01379
  -0.01643
  -0.01901
  -0.02152
  -0.02394
  -0.02626
  -0.02848
  -0.03059
  -0.03258
  -0.03444
  -0.03616
  -0.03774
  -0.03917
  -0.04045
  -0.04157
  -0.04252
  -0.04331
  -0.04392
  -0.04436
  -0.04463
  -0.04472
  -0.04464
  -0.04437
  -0.04393
  -0.04332
  -0.04254
  -0.04159
  -0.04048
  -0.03920
  -0.03778
  -0.03620
  -0.03448
  -0.03262
  -0.03064
  -0.02853
  -0.02631
  -0.02399
  -0.02157
  -0.01907
  -0.01649
  -0.01385
  -0.01115
  -0.00841
  -0.00564
  -0.00284
  -0.00003
   0.00278
   0.00557
   0.00835
   0.01109
   0.01379
   0.01643
   0.01901
   0.02152
   0.02394
   0.02626
   0.02848
   0.03059
   0.03258
   0.03444
   0.03616
   0.03774
   0.03917
   0.04045
   0.04157
   0.04252
   0.04331
   0.04392
   0.04436
   0.04463
   0.04472
   0.04464
   0.04437
   0.04393
   0.04332
   0.04254
   0.04159
   0.04048
   0.03920
   0.03778
   0.03620
   0.03448
   0.03262
   0.03064
   0.02853
   0.02631
   0.02399
   0.02157
   0.01907
   0.01649
   0.01385
   0.01115
   0.00841
   0.00564
   0.00284
   0.00003
  -0.00278
  -0.00557
  -0.00835
  -0.01109
  -0.01379
  -0.01643
  -0.01901
  -0.02152
  -0.02394
  -0.02626
  -0.02848
  -0.03059
  -0.03258
  -0.03444
  -0.03616
  -0.03774
  -0.03917
  -0.04045
  -0.04157
  -0.04252
  -0.04331
  -0.04392
  -0.04436
  -0.04463
  -0.04472
  -0.04464
  -0.04437
  -0.04393
  -0.04332
  -0.04254
  -0.04159
  -0.04048
  -0.03920
  -0.03778
  -0.03620
  -0.03448
  -0.03262
  -0.03064
  -0.02853
  -0.02631
  -0.02399
  -0.02157
  -0.01907
  -0.01649
  -0.01385
  -0.01115
  -0.00841
  -0.00564
  -0.00284
  -0.00003
   0.00278
   0.00557
   0.00835
   0.01109
   0.01379
   0.01643
   0.01901
   0.02152
   0.02394
   0.02626
   0.02848
   0.03059
   0.03258
   0.03444
   0.03616
   0.03774
   0.03917
   0.04045
   0.04157
   0.04252
   0.04331
   0.04392
   0.04436
   0.04463
   0.04472
   0.04464
   0.04437
   0.04393
   0.04332
   0.04254
   0.04159
   0.04048
   0.03920
   0.03778
   0.03620
   0.03448
   0.03262
   0.03064
   0.02853
   0.02631
   0.02399
   0.02157
   0.01907
   0.01649
   0.01385
   0.01115
   0.00841
   0.00564
   0.00284
   0.00003
  -0.00278
  -0.00557
  -0.00835
  -0.01109
  -0.01379
  -0.01643
  -0.01901
  -0.02152
  -0.02394
  -0.02626
  -0.02848
  -0.03059
  -0.03258
  -0.03444
  -0.03616
  -0.03774
  -0.03917
  -0.04045
  -0.04157
  -0.04252
  -0.04331
  -0.04392
  -0.04436
  -0.04463
  -0.04472
  -0.04464
  -0.04437
  -0.04393
  -0.04332
  -0.04254
  -0.04159
  -0.04048
  -0.03920
  -0.03778
  -0.03620
  -0.03448
  -0.03262
  -0.03064
  -0.02853
  -0.02631
  -0.02399
  -0.02157
  -0.01907
  -0.01649
  -0.01385
  -0.01115
  -0.00841
  -0.00564
  -0.00284
  -0.00003
   0.00278
   0.00557
   0.00835
   0.01109
   0.01379
   0.01643
   0.01901
   0.02152
   0.02394
   0.02626
   0.02848
   0.03059
   0.03258
   0.03444
   0.03616
   0.03774
   0.03917
   0.04045
   0.04157
   0.04252
   0.04331
   0.04392
   0.04436
   0.04463
   0.04472
   0.04464
   0.04437
   0.04393
   0.04332
   0.04254
   0.04159
   0.04048
   0.03920
   0.03778
   0.03620
   0.03448
   0.03262
   0.03064
   0.02853
   0.02631
   0.02399
   0.02157
   0.01907
   0.01649
   0.01385
   0.01115
   0.00841
   0.00564
   0.00284
   0.00003
  -0.00278
  -0.00557
  -0.00835
  -0.01109
  -0.01379
  -0.01643
  -0.01901
  -0.02152
  -0.02394
  -0.02626
  -0.02848
  -0.03059
  -0.03258
  -0.03444
  -0.03616
  -0.03774
  -0.03917
  -0.04045
  -0.04157
  -0.04252
  -0.04331
  -0.04392
  -0.04436
  -0.04463
  -0.04472
  -0.04464
  -0.04437
  -0.04393
  -0.04332
  -0.04254
  -0.04159
  -0.04048
  -0.03920
  -0.03778
  -0.03620
  -0.03448
  -0.03262
  -0.03064
  -0.02853
  -0.02631
  -0.02399
  -0.02157
  -0.01907
  -0.01649
  -0.01385
  -0.01115
  -0.00841
  -0.00564
  -0.00284
  -0.00003
   0.00278
   0.00557
   0.00835
   0.01109
   0.01379
   0.01643
   0.01901
   0.02152
   0.02394
   0.02626
   0.02848
   0.03059
   0.03258
   0.03444
   0.03616
   0.03774
   0.03917
   0.04045
   0.04157
   0.04252
   0.04331
   0.04392
   0.04436
   0.04463
   0.04472
   0.04464
   0.04437
   0.04393
   0.04332
   0.04254
   0.04159
   0.04048
   0.03920
   0.03778
   0.03620
   0.03448
   0.03262
   0.03064
   0.02853
   0.02631
   0.02399
   0.02157
   0.01907
   0.01649
   0.01385
   0.01115
   0.00841
   0.00564
   0.00284
   0.00003
  -0.00278
  -0.00557
  -0.00835
  -0.01109
  -0.01379
  -0.01643
  -0.01901
  -0.02152
  -0.02394
  -0.02626
  -0.02848
  -0.03059
  -0.03258
  -0.03444
  -0.03616
  -0.03774
  -0.03917
  -0.04045
  -0.04157
  -0.04252
  -0.04331
  -0.04392
  -0.04436
  -0.04463
  -0.04472
  -0.04464
  -0.04437
  -0.04393
  -0.04332
  -0.04254
  -0.04159
  -0.04048
  -0.03920
  -0.03778
  -0.03620
  -0.03448
  -0.03262
  -0.03064
  -0.02853
  -0.02631
  -0.02399
  -0.02157
  -0.01907
  -0.01649
  -0.01385
  -0.01115
  -0.00841
  -0.00564
  -0.00284
  -0.00003
   0.00278
   0.00557
   0.00835
   0.01109
   0.01379
   0.01643
   0.01901
   0.02152
   0.02394
   0.02626
   0.02848
   0.03059
   0.03258
   0.03444
   0.03616
   0.03774
   0.03917
   0.04045
   0.04157
   0.04252
   0.04331
   0.04392
   0.04436
   0.04463
   0.04472
   0.04464
   0.04437
   0.04393
   0.04332
   0.04254
   0.04159
   0.04048
   0.03920
   0.03778
   0.03620
   0.03448
   0.03262
   0.03064
   0.02853
   0.02631
   0.02399
   0.02157
   0.01907
   0.01649
   0.01385
   0.01115
   0.00841
   0.00564
   0.00284
   0.00003
  -0.00278
  -0.00557
  -0.00835
  -0.01109
  -0.01379
  -0.01643
  -0.01901
  -0.02152
  -0.02394
  -0.02626
  -0.02848
  -0.03059
  -0.03258
  -0.03444
  -0.03616
  -0.03774
  -0.03917
  -0.04045
  -0.04157
  -0.04252
  -0.04331
  -0.04392
  -0.04436
  -0.04463
  -0.04472
  -0.04464
  -0.04437
  -0.04393
  -0.04332
  -0.04254
  -0.04159
  -0.04048
  -0.03920
  -0.03778
  -0.03620
  -0.03448
  -0.03262
  -0.03064
  -0.02853
  -0.02631
  -0.02399
  -0.02157
  -0.01907
  -0.01649
  -0.01385
  -0.01115
  -0.00841
  -0.00564
  -0.00284
  -0.00003
   0.00278
   0.00557
   0.00835
   0.01109
   0.01379
   0.01643
   0.01901
   0.02152
   0.02394
   0.02626
   0.02848
   0.03059
   0.03258
   0.03444
   0.03616
   0.03774
   0.03917
   0.04045
   0.04157
   0.04252
   0.04331
   0.04392
   0.04436
   0.04463
   0.04472
   0.04464
   0.04437
   0.04393
   0.04332
   0.04254
   0.04159
   0.04048
   0.03920
   0.03778
   0.03620
   0.03448
   0.03262
   0.03064
   0.02853
   0.02631
   0.02399
   0.02157
   0.01907
   0.01649
   0.01385
   0.01115
   0.00841
   0.00564
   0.00284
   0.00003
  -0.00278
  -0.00557
  -0.00835
  -0.01109
  -0.01379
  -0.01643
  -0.01901
  -0.02152
  -0.02394
  -0.02626
  -0.02848
  -0.03059
  -0.03258
  -0.03444
  -0.03616
  -0.03774
  -0.03917
  -0.04045
  -0.04157
  -0.04252
  -0.04331
  -0.04392
  -0.04436
  -0.04463
  -0.04472
  -0.04464
  -0.04437
  -0.04393
  -0.04332
  -0.04254
  -0.04159
  -0.04048
  -0.03920
  -0.03778
  -0.03620
  -0.03448
  -0.03262
  -0.03064
  -0.02853
  -0.02631
  -0.02399
  -0.02157
  -0.01907
  -0.01649
  -0.01385
  -0.01115
  -0.00841
  -0.00564
  -0.00284
  -0.00003
   0.00278
   0.00557
   0.00835
   0.01109
   0.01379
   0.01643
   0.01901
   0.02152
   0.02394
   0.02626
   0.02848
   0.03059
   0.03258
   0.03444
   0.03616
   0.03774
   0.03917
   0.04045
   0.04157
   0.04252
   0.04331
   0.04392
   0.04436
   0.04463
   0.04472
   0.04464
   0.04437
   0.04393
   0.04332
   0.04254
   0.04159
   0.04048
   0.03920
   0.03778
   0.03620
   0.03448
   0.03262
   0.03064
   0.02853
   0.02631
   0.02399
   0.02157
   0.01907
   0.01649
   0.01385
   0.01115
   0.00841
   0.00564
   0.00284
   0.00003
  -0.00278
  -0.00557
  -0.00835
  -0.01109
  -0.01379
  -0.01643
  -0.01901
  -0.02152
  -0.02394
  -0.02626
  -0.02848
  -0.03059
  -0.03258
  -0.03444
  -0.03616
  -0.03774
  -0.03917
  -0.04045
  -0.04157
  -0.04252
  -0.04331
  -0.04392
  -0.04436
  -0.04463
  -0.04472
  -0.04464
  -0.04437
  -0.04393
  -0.04332
  -0.04254
  -0.04159
  -0.04048
  -0.03920
  -0.03778
  -0.03620
  -0.03448
  -0.03262
  -0.03064
  -0.02853
  -0.02631
  -0.02399
  -0.02157
  -0.01907
  -0.01649
  -0.01385
  -0.01115
  -0.00841
  -0.00564
  -0.00284
  -0.00003
   0.00278
   0.00557
   0.00835
   0.01109
   0.01379
   0.01643
   0.01901
   0.02152
   0.02394
   0.02626
   0.02848
   0.03059
   0.03258
   0.03444
   0.03616
   0.03774
   0.03917
   0.04045
   0.04157
   0.04252
   0.04331
   0.04392
   0.04436
   0.04463
   0.04472
   0.04464
   0.04437
   0.04393
   0.04332
   0.04254
   0.04159
   0.04048
   0.03920
   0.03778
   0.03620
   0.03448
   0.03262
   0.03064
   0.02853
   0.02631
   0.02399
   0.02157
   0.01907
   0.01649
   0.01385
   0.01115
   0.00841
   0.00564
   0.00284
   0.00003
  -0.00278
  -0.00557
  -0.00835
  -0.01109
  -0.01379
  -0.01643
  -0.01901
  -0.02152
  -0.02394
  -0.02626
  -0.02848
  -0.03059
  -0.03258
  -0.03444
  -0.03616
  -0.03774
  -0.03917
  -0.04045
  -0.04157
  -0.04252
  -0.04331
  -0.04392
  -0.04436
  -0.04463
  -0.04472
  -0.04464
  -0.04437
  -0.04393
  -0.04332
  -0.04254
  -0.04159
  -0.04048
  -0.03920
  -0.03778
  -0.03620
  -0.03448
  -0.03262
  -0.03064
  -0.02853
  -0.02631
  -0.02399
  -0.02157
  -0.01907
  -0.01649
  -0.01385
  -0.01115
  -0.00841
  -0.00564
  -0.00284
  -0.00003
   0.00278
   0.00557
   0.00835
   0.01109
   0.01379
   0.01643
   0.01901
   0.02152
   0.02394
   0.02626
   0.02848
   0.03059
   0.03258
   0.03444
   0.03616
   0.03774
   0.03917
   0.04045
   0.04157
   0.04252
   0.04331
   0.04392
   0.04436
   0.04463
   0.04472
   0.04464
   0.04437
   0.04393
   0.04332
   0.04254
   0.04159
   0.04048
   0.03920
   0.03778
   0.03620
   0.03448
   0.03262
   0.03064
   0.02853
   0.02631
   0.02399
   0.02157
   0.01907
   0.01649
   0.01385
   0.01115
   0.00841
   0.00564
   0.00284
   0.00003
