   0.01285
  -0.02213
   0.03028
  -0.03689
   0.04162
  -0.04423
   0.04459
  -0.04267
   0.03858
  -0.03252
   0.02481
  -0.01584
   0.00605
   0.00404
  -0.01393
   0.02310
  -0.03110
   0.03752
  -0.04202
   0.04438
  -0.04448
   0.04232
  -0.03800
   0.03174
  -0.02387
   0.01478
  -0.00494
  -0.00516
   0.01499
  -0.02406
   0.03190
  -0.03812
   0.04239
  -0.04451
   0.04435
  -0.04194
   0.03739
  -0.03094
   0.02291
  -0.01371
   0.00382
   0.00627
  -0.01604
   0.02500
  -0.03268
   0.03869
  -0.04274
   0.04460
  -0.04420
   0.04154
  -0.03677
   0.03012
  -0.02194
   0.01264
  -0.00270
  -0.00738
   0.01709
  -0.02592
   0.03343
  -0.03924
   0.04305
  -0.04467
   0.04401
  -0.04111
   0.03611
  -0.02928
   0.02095
  -0.01156
   0.00157
   0.00849
  -0.01812
   0.02683
  -0.03417
   0.03977
  -0.04334
   0.04471
  -0.04380
   0.04066
  -0.03544
   0.02842
  -0.01995
   0.01047
  -0.00045
  -0.00959
   0.01914
  -0.02772
   0.03488
  -0.04027
   0.04361
  -0.04472
   0.04356
  -0.04017
   0.03474
  -0.02754
   0.01894
  -0.00937
  -0.00067
   0.01068
  -0.02015
   0.02859
  -0.03558
   0.04075
  -0.04384
   0.04470
  -0.04329
   0.03967
  -0.03403
   0.02665
  -0.01792
   0.00827
   0.00180
  -0.01177
   0.02115
  -0.02945
   0.03625
  -0.04120
   0.04405
  -0.04466
   0.04299
  -0.03914
   0.03329
  -0.02574
   0.01688
  -0.00716
  -0.00292
   0.01285
  -0.02213
   0.03028
  -0.03689
   0.04162
  -0.04423
   0.04459
  -0.04267
   0.03858
  -0.03252
   0.02481
  -0.01584
   0.00605
   0.00404
  -0.01393
   0.02310
  -0.03110
   0.03752
  -0.04202
   0.04438
  -0.04448
   0.04232
  -0.03800
   0.03174
  -0.02387
   0.01478
  -0.00494
  -0.00516
   0.01499
  -0.02406
   0.03190
  -0.03812
   0.04239
  -0.04451
   0.04435
  -0.04194
   0.03739
  -0.03094
   0.02291
  -0.01371
   0.00382
   0.00627
  -0.01604
   0.02500
  -0.03268
   0.03869
  -0.04274
   0.04460
  -0.04420
   0.04154
  -0.03677
   0.03012
  -0.02194
   0.01264
  -0.00270
  -0.00738
   0.01709
  -0.02592
   0.03343
  -0.03924
   0.04305
  -0.04467
   0.04401
  -0.04111
   0.03611
  -0.02928
   0.02095
  -0.01156
   0.00157
   0.00849
  -0.01812
   0.02683
  -0.03417
   0.03977
  -0.04334
   0.04471
  -0.04380
   0.04066
  -0.03544
   0.02842
  -0.01995
   0.01047
  -0.00045
  -0.00959
   0.01914
  -0.02772
   0.03488
  -0.04027
   0.04361
  -0.04472
   0.04356
  -0.04017
   0.03474
  -0.02754
   0.01894
  -0.00937
  -0.00067
   0.01068
  -0.02015
   0.02859
  -0.03558
   0.04075
  -0.04384
   0.04470
  -0.04329
   0.03967
  -0.03403
   0.02665
  -0.01792
   0.00827
   0.00180
  -0.01177
   0.02115
  -0.02945
   0.03625
  -0.04120
   0.04405
  -0.04466
   0.04299
  -0.03914
   0.03329
  -0.02574
   0.01688
  -0.00716
  -0.00292
   0.01285
  -0.02213
   0.03028
  -0.03689
   0.04162
  -0.04423
   0.04459
  -0.04267
   0.03858
  -0.03252
   0.02481
  -0.01584
   0.00605
   0.00404
  -0.01393
   0.02310
  -0.03110
   0.03752
  -0.04202
   0.04438
  -0.04448
   0.04232
  -0.03800
   0.03174
  -0.02387
   0.01478
  -0.00494
  -0.00516
   0.01499
  -0.02406
   0.03190
  -0.03812
   0.04239
  -0.04451
   0.04435
  -0.04194
   0.03739
  -0.03094
   0.02291
  -0.01371
   0.00382
   0.00627
  -0.01604
   0.02500
  -0.03268
   0.03869
  -0.04274
   0.04460
  -0.04420
   0.04154
  -0.03677
   0.03012
  -0.02194
   0.01264
  -0.00270
  -0.00738
   0.01709
  -0.02592
   0.03343
  -0.03924
   0.04305
  -0.04467
   0.04401
  -0.04111
   0.03611
  -0.02928
   0.02095
  -0.01156
   0.00157
   0.00849
  -0.01812
   0.02683
  -0.03417
   0.03977
  -0.04334
   0.04471
  -0.04380
   0.04066
  -0.03544
   0.02842
  -0.01995
   0.01047
  -0.00045
  -0.00959
   0.01914
  -0.02772
   0.03488
  -0.04027
   0.04361
  -0.04472
   0.04356
  -0.04017
   0.03474
  -0.02754
   0.01894
  -0.00937
  -0.00067
   0.01068
  -0.02015
   0.02859
  -0.03558
   0.04075
  -0.04384
   0.04470
  -0.04329
   0.03967
  -0.03403
   0.02665
  -0.01792
   0.00827
   0.00180
  -0.01177
   0.02115
  -0.02945
   0.03625
  -0.04120
   0.04405
  -0.04466
   0.04299
  -0.03914
   0.03329
  -0.02574
   0.01688
  -0.00716
  -0.00292
   0.01285
  -0.02213
   0.03028
  -0.03689
   0.04162
  -0.04423
   0.04459
  -0.04267
   0.03858
  -0.03252
   0.02481
  -0.01584
   0.00605
   0.00404
  -0.01393
   0.02310
  -0.03110
   0.03752
  -0.04202
   0.04438
  -0.04448
   0.04232
  -0.03800
   0.03174
  -0.02387
   0.01478
  -0.00494
  -0.00516
   0.01499
  -0.02406
   0.03190
  -0.03812
   0.04239
  -0.04451
   0.04435
  -0.04194
   0.03739
  -0.03094
   0.02291
  -0.01371
   0.00382
   0.00627
  -0.01604
   0.02500
  -0.03268
   0.03869
  -0.04274
   0.04460
  -0.04420
   0.04154
  -0.03677
   0.03012
  -0.02194
   0.01264
  -0.00270
  -0.00738
   0.01709
  -0.02592
   0.03343
  -0.03924
   0.04305
  -0.04467
   0.04401
  -0.04111
   0.03611
  -0.02928
   0.02095
  -0.01156
   0.00157
   0.00849
  -0.01812
   0.02683
  -0.03417
   0.03977
  -0.04334
   0.04471
  -0.04380
   0.04066
  -0.03544
   0.02842
  -0.01995
   0.01047
  -0.00045
  -0.00959
   0.01914
  -0.02772
   0.03488
  -0.04027
   0.04361
  -0.04472
   0.04356
  -0.04017
   0.03474
  -0.02754
   0.01894
  -0.00937
  -0.00067
   0.01068
  -0.02015
   0.02859
  -0.03558
   0.04075
  -0.04384
   0.04470
  -0.04329
   0.03967
  -0.03403
   0.02665
  -0.01792
   0.00827
   0.00180
  -0.01177
   0.02115
  -0.02945
   0.03625
  -0.04120
   0.04405
  -0.04466
   0.04299
  -0.03914
   0.03329
  -0.02574
   0.01688
  -0.00716
  -0.00292
   0.01285
  -0.02213
   0.03028
  -0.03689
   0.04162
  -0.04423
   0.04459
  -0.04267
   0.03858
  -0.03252
   0.02481
  -0.01584
   0.00605
   0.00404
  -0.01393
   0.02310
  -0.03110
   0.03752
  -0.04202
   0.04438
  -0.04448
   0.04232
  -0.03800
   0.03174
  -0.02387
   0.01478
  -0.00494
  -0.00516
   0.01499
  -0.02406
   0.03190
  -0.03812
   0.04239
  -0.04451
   0.04435
  -0.04194
   0.03739
  -0.03094
   0.02291
  -0.01371
   0.00382
   0.00627
  -0.01604
   0.02500
  -0.03268
   0.03869
  -0.04274
   0.04460
  -0.04420
   0.04154
  -0.03677
   0.03012
  -0.02194
   0.01264
  -0.00270
  -0.00738
   0.01709
  -0.02592
   0.03343
  -0.03924
   0.04305
  -0.04467
   0.04401
  -0.04111
   0.03611
  -0.02928
   0.02095
  -0.01156
   0.00157
   0.00849
  -0.01812
   0.02683
  -0.03417
   0.03977
  -0.04334
   0.04471
  -0.04380
   0.04066
  -0.03544
   0.02842
  -0.01995
   0.01047
  -0.00045
  -0.00959
   0.01914
  -0.02772
   0.03488
  -0.04027
   0.04361
  -0.04472
   0.04356
  -0.04017
   0.03474
  -0.02754
   0.01894
  -0.00937
  -0.00067
   0.01068
  -0.02015
   0.02859
  -0.03558
   0.04075
  -0.04384
   0.04470
  -0.04329
   0.03967
  -0.03403
   0.02665
  -0.01792
   0.00827
   0.00180
  -0.01177
   0.02115
  -0.02945
   0.03625
  -0.04120
   0.04405
  -0.04466
   0.04299
  -0.03914
   0.03329
  -0.02574
   0.01688
  -0.00716
  -0.00292
   0.01285
  -0.02213
   0.03028
  -0.03689
   0.04162
  -0.04423
   0.04459
  -0.04267
   0.03858
  -0.03252
   0.02481
  -0.01584
   0.00605
   0.00404
  -0.01393
   0.02310
  -0.03110
   0.03752
  -0.04202
   0.04438
  -0.04448
   0.04232
  -0.03800
   0.03174
  -0.02387
   0.01478
  -0.00494
  -0.00516
   0.01499
  -0.02406
   0.03190
  -0.03812
   0.04239
  -0.04451
   0.04435
  -0.04194
   0.03739
  -0.03094
   0.02291
  -0.01371
   0.00382
   0.00627
  -0.01604
   0.02500
  -0.03268
   0.03869
  -0.04274
   0.04460
  -0.04420
   0.04154
  -0.03677
   0.03012
  -0.02194
   0.01264
  -0.00270
  -0.00738
   0.01709
  -0.02592
   0.03343
  -0.03924
   0.04305
  -0.04467
   0.04401
  -0.04111
   0.03611
  -0.02928
   0.02095
  -0.01156
   0.00157
   0.00849
  -0.01812
   0.02683
  -0.03417
   0.03977
  -0.04334
   0.04471
  -0.04380
   0.04066
  -0.03544
   0.02842
  -0.01995
   0.01047
  -0.00045
  -0.00959
   0.01914
  -0.02772
   0.03488
  -0.04027
   0.04361
  -0.04472
   0.04356
  -0.04017
   0.03474
  -0.02754
   0.01894
  -0.00937
  -0.00067
   0.01068
  -0.02015
   0.02859
  -0.03558
   0.04075
  -0.04384
   0.04470
  -0.04329
   0.03967
  -0.03403
   0.02665
  -0.01792
   0.00827
   0.00180
  -0.01177
   0.02115
  -0.02945
   0.03625
  -0.04120
   0.04405
  -0.04466
   0.04299
  -0.03914
   0.03329
  -0.02574
   0.01688
  -0.00716
  -0.00292
   0.01285
  -0.02213
   0.03028
  -0.03689
   0.04162
  -0.04423
   0.04459
  -0.04267
   0.03858
  -0.03252
   0.02481
  -0.01584
   0.00605
   0.00404
  -0.01393
   0.02310
  -0.03110
   0.03752
  -0.04202
   0.04438
  -0.04448
   0.04232
  -0.03800
   0.03174
  -0.02387
   0.01478
  -0.00494
  -0.00516
   0.01499
  -0.02406
   0.03190
  -0.03812
   0.04239
  -0.04451
   0.04435
  -0.04194
   0.03739
  -0.03094
   0.02291
  -0.01371
   0.00382
   0.00627
  -0.01604
   0.02500
  -0.03268
   0.03869
  -0.04274
   0.04460
  -0.04420
   0.04154
  -0.03677
   0.03012
  -0.02194
   0.01264
  -0.00270
  -0.00738
   0.01709
  -0.02592
   0.03343
  -0.03924
   0.04305
  -0.04467
   0.04401
  -0.04111
   0.03611
  -0.02928
   0.02095
  -0.01156
   0.00157
   0.00849
  -0.01812
   0.02683
  -0.03417
   0.03977
  -0.04334
   0.04471
  -0.04380
   0.04066
  -0.03544
   0.02842
  -0.01995
   0.01047
  -0.00045
  -0.00959
   0.01914
  -0.02772
   0.03488
  -0.04027
   0.04361
  -0.04472
   0.04356
  -0.04017
   0.03474
  -0.02754
   0.01894
  -0.00937
  -0.00067
   0.01068
  -0.02015
   0.02859
  -0.03558
   0.04075
  -0.04384
   0.04470
  -0.04329
   0.03967
  -0.03403
   0.02665
  -0.01792
   0.00827
   0.00180
  -0.01177
   0.02115
  -0.02945
   0.03625
  -0.04120
   0.04405
  -0.04466
   0.04299
  -0.03914
   0.03329
  -0.02574
   0.01688
  -0.00716
  -0.00292
   0.01285
  -0.02213
   0.03028
  -0.03689
   0.04162
  -0.04423
   0.04459
  -0.04267
   0.03858
  -0.03252
   0.02481
  -0.01584
   0.00605
   0.00404
  -0.01393
   0.02310
  -0.03110
   0.03752
  -0.04202
   0.04438
  -0.04448
   0.04232
  -0.03800
   0.03174
  -0.02387
   0.01478
  -0.00494
  -0.00516
   0.01499
  -0.02406
   0.03190
  -0.03812
   0.04239
  -0.04451
   0.04435
  -0.04194
   0.03739
  -0.03094
   0.02291
  -0.01371
   0.00382
   0.00627
  -0.01604
   0.02500
  -0.03268
   0.03869
  -0.04274
   0.04460
  -0.04420
   0.04154
  -0.03677
   0.03012
  -0.02194
   0.01264
  -0.00270
  -0.00738
   0.01709
  -0.02592
   0.03343
  -0.03924
   0.04305
  -0.04467
   0.04401
  -0.04111
   0.03611
  -0.02928
   0.02095
  -0.01156
   0.00157
   0.00849
  -0.01812
   0.02683
  -0.03417
   0.03977
  -0.04334
   0.04471
  -0.04380
   0.04066
  -0.03544
   0.02842
  -0.01995
   0.01047
  -0.00045
  -0.00959
   0.01914
  -0.02772
   0.03488
  -0.04027
   0.04361
  -0.04472
   0.04356
  -0.04017
   0.03474
  -0.02754
   0.01894
  -0.00937
  -0.00067
   0.01068
  -0.02015
   0.02859
  -0.03558
   0.04075
  -0.04384
   0.04470
  -0.04329
   0.03967
  -0.03403
   0.02665
  -0.01792
   0.00827
   0.00180
  -0.01177
   0.02115
  -0.02945
   0.03625
  -0.04120
   0.04405
  -0.04466
   0.04299
  -0.03914
   0.03329
  -0.02574
   0.01688
  -0.00716
  -0.00292
