  -0.01820
  -0.03360
   0.03816
   0.01093
  -0.04465
   0.01560
   0.03538
  -0.03662
  -0.01363
   0.04472
  -0.01294
  -0.03703
   0.03494
   0.01627
  -0.04461
   0.01023
   0.03853
  -0.03312
  -0.01886
   0.04432
  -0.00747
  -0.03988
   0.03117
   0.02137
  -0.04386
   0.00469
   0.04107
  -0.02909
  -0.02379
   0.04323
  -0.00189
  -0.04210
   0.02690
   0.02612
  -0.04242
  -0.00092
   0.04297
  -0.02461
  -0.02835
   0.04145
   0.00373
  -0.04366
   0.02221
   0.03047
  -0.04031
  -0.00652
   0.04418
  -0.01973
  -0.03246
   0.03902
   0.00928
  -0.04453
   0.01717
   0.03433
  -0.03757
  -0.01201
   0.04470
  -0.01455
  -0.03606
   0.03597
   0.01469
  -0.04470
   0.01186
   0.03765
  -0.03423
  -0.01732
   0.04452
  -0.00913
  -0.03909
   0.03235
   0.01987
  -0.04416
   0.00636
   0.04038
  -0.03035
  -0.02235
   0.04363
  -0.00357
  -0.04151
   0.02823
   0.02474
  -0.04292
   0.00076
   0.04247
  -0.02600
  -0.02703
   0.04205
   0.00204
  -0.04327
   0.02366
   0.02921
  -0.04101
  -0.00485
   0.04389
  -0.02123
  -0.03128
   0.03981
   0.00763
  -0.04434
   0.01872
   0.03322
  -0.03845
  -0.01038
   0.04462
  -0.01613
  -0.03504
   0.03694
   0.01309
  -0.04472
   0.01348
   0.03671
  -0.03529
  -0.01575
   0.04465
  -0.01077
  -0.03824
   0.03349
   0.01835
  -0.04439
   0.00803
   0.03963
  -0.03157
  -0.02087
   0.04397
  -0.00525
  -0.04085
   0.02952
   0.02331
  -0.04337
   0.00245
   0.04191
  -0.02735
  -0.02566
   0.04259
   0.00036
  -0.04281
   0.02507
   0.02791
  -0.04166
  -0.00317
   0.04354
  -0.02270
  -0.03005
   0.04055
   0.00596
  -0.04409
   0.02023
   0.03207
  -0.03929
  -0.00873
   0.04447
  -0.01769
  -0.03397
   0.03787
   0.01147
  -0.04468
   0.01508
   0.03573
  -0.03630
  -0.01416
   0.04471
  -0.01240
  -0.03734
   0.03459
   0.01680
  -0.04457
   0.00968
   0.03882
  -0.03274
  -0.01937
   0.04424
  -0.00692
  -0.04013
   0.03076
   0.02186
  -0.04375
   0.00413
   0.04129
  -0.02866
  -0.02427
   0.04308
  -0.00133
  -0.04229
   0.02645
   0.02658
  -0.04224
  -0.00148
   0.04312
  -0.02413
  -0.02878
   0.04123
   0.00429
  -0.04378
   0.02172
   0.03087
  -0.04006
  -0.00707
   0.04427
  -0.01922
  -0.03285
   0.03874
   0.00983
  -0.04458
   0.01665
   0.03469
  -0.03726
  -0.01255
   0.04471
  -0.01401
  -0.03639
   0.03563
   0.01522
  -0.04467
   0.01132
   0.03795
  -0.03386
  -0.01783
   0.04446
  -0.00858
  -0.03936
   0.03196
   0.02037
  -0.04407
   0.00581
   0.04062
  -0.02994
  -0.02283
   0.04350
  -0.00301
  -0.04171
   0.02779
   0.02520
  -0.04276
   0.00020
   0.04264
  -0.02554
  -0.02747
   0.04186
   0.00261
  -0.04340
   0.02318
   0.02963
  -0.04078
  -0.00540
   0.04400
  -0.02073
  -0.03168
   0.03955
   0.00818
  -0.04441
   0.01820
   0.03360
  -0.03816
  -0.01093
   0.04465
  -0.01560
  -0.03538
   0.03662
   0.01363
  -0.04472
   0.01294
   0.03703
  -0.03494
  -0.01627
   0.04461
  -0.01023
  -0.03853
   0.03312
   0.01886
  -0.04432
   0.00747
   0.03988
  -0.03117
  -0.02137
   0.04386
  -0.00469
  -0.04107
   0.02909
   0.02379
  -0.04323
   0.00189
   0.04210
  -0.02690
  -0.02612
   0.04242
   0.00092
  -0.04297
   0.02461
   0.02835
  -0.04145
  -0.00373
   0.04366
  -0.02221
  -0.03047
   0.04031
   0.00652
  -0.04418
   0.01973
   0.03246
  -0.03902
  -0.00928
   0.04453
  -0.01717
  -0.03433
   0.03757
   0.01201
  -0.04470
   0.01455
   0.03606
  -0.03597
  -0.01469
   0.04470
  -0.01186
  -0.03765
   0.03423
   0.01732
  -0.04452
   0.00913
   0.03909
  -0.03235
  -0.01987
   0.04416
  -0.00636
  -0.04038
   0.03035
   0.02235
  -0.04363
   0.00357
   0.04151
  -0.02823
  -0.02474
   0.04292
  -0.00076
  -0.04247
   0.02600
   0.02703
  -0.04205
  -0.00204
   0.04327
  -0.02366
  -0.02921
   0.04101
   0.00485
  -0.04389
   0.02123
   0.03128
  -0.03981
  -0.00763
   0.04434
  -0.01872
  -0.03322
   0.03845
   0.01038
  -0.04462
   0.01613
   0.03504
  -0.03694
  -0.01309
   0.04472
  -0.01348
  -0.03671
   0.03529
   0.01575
  -0.04465
   0.01077
   0.03824
  -0.03349
  -0.01835
   0.04439
  -0.00803
  -0.03963
   0.03157
   0.02087
  -0.04397
   0.00525
   0.04085
  -0.02952
  -0.02331
   0.04337
  -0.00245
  -0.04191
   0.02735
   0.02566
  -0.04259
  -0.00036
   0.04281
  -0.02507
  -0.02791
   0.04166
   0.00317
  -0.04354
   0.02270
   0.03005
  -0.04055
  -0.00596
   0.04409
  -0.02023
  -0.03207
   0.03929
   0.00873
  -0.04447
   0.01769
   0.03397
  -0.03787
  -0.01147
   0.04468
  -0.01508
  -0.03573
   0.03630
   0.01416
  -0.04471
   0.01240
   0.03734
  -0.03459
  -0.01680
   0.04457
  -0.00968
  -0.03882
   0.03274
   0.01937
  -0.04424
   0.00692
   0.04013
  -0.03076
  -0.02186
   0.04375
  -0.00413
  -0.04129
   0.02866
   0.02427
  -0.04308
   0.00133
   0.04229
  -0.02645
  -0.02658
   0.04224
   0.00148
  -0.04312
   0.02413
   0.02878
  -0.04123
  -0.00429
   0.04378
  -0.02172
  -0.03087
   0.04006
   0.00707
  -0.04427
   0.01922
   0.03285
  -0.03874
  -0.00983
   0.04458
  -0.01665
  -0.03469
   0.03726
   0.01255
  -0.04471
   0.01401
   0.03639
  -0.03563
  -0.01522
   0.04467
  -0.01132
  -0.03795
   0.03386
   0.01783
  -0.04446
   0.00858
   0.03936
  -0.03196
  -0.02037
   0.04407
  -0.00581
  -0.04062
   0.02994
   0.02283
  -0.04350
   0.00301
   0.04171
  -0.02779
  -0.02520
   0.04276
  -0.00020
  -0.04264
   0.02554
   0.02747
  -0.04186
  -0.00261
   0.04340
  -0.02318
  -0.02963
   0.04078
   0.00540
  -0.04400
   0.02073
   0.03168
  -0.03955
  -0.00818
   0.04441
  -0.01820
  -0.03360
   0.03816
   0.01093
  -0.04465
   0.01560
   0.03538
  -0.03662
  -0.01363
   0.04472
  -0.01294
  -0.03703
   0.03494
   0.01627
  -0.04461
   0.01023
   0.03853
  -0.03312
  -0.01886
   0.04432
  -0.00747
  -0.03988
   0.03117
   0.02137
  -0.04386
   0.00469
   0.04107
  -0.02909
  -0.02379
   0.04323
  -0.00189
  -0.04210
   0.02690
   0.02612
  -0.04242
  -0.00092
   0.04297
  -0.02461
  -0.02835
   0.04145
   0.00373
  -0.04366
   0.02221
   0.03047
  -0.04031
  -0.00652
   0.04418
  -0.01973
  -0.03246
   0.03902
   0.00928
  -0.04453
   0.01717
   0.03433
  -0.03757
  -0.01201
   0.04470
  -0.01455
  -0.03606
   0.03597
   0.01469
  -0.04470
   0.01186
   0.03765
  -0.03423
  -0.01732
   0.04452
  -0.00913
  -0.03909
   0.03235
   0.01987
  -0.04416
   0.00636
   0.04038
  -0.03035
  -0.02235
   0.04363
  -0.00357
  -0.04151
   0.02823
   0.02474
  -0.04292
   0.00076
   0.04247
  -0.02600
  -0.02703
   0.04205
   0.00204
  -0.04327
   0.02366
   0.02921
  -0.04101
  -0.00485
   0.04389
  -0.02123
  -0.03128
   0.03981
   0.00763
  -0.04434
   0.01872
   0.03322
  -0.03845
  -0.01038
   0.04462
  -0.01613
  -0.03504
   0.03694
   0.01309
  -0.04472
   0.01348
   0.03671
  -0.03529
  -0.01575
   0.04465
  -0.01077
  -0.03824
   0.03349
   0.01835
  -0.04439
   0.00803
   0.03963
  -0.03157
  -0.02087
   0.04397
  -0.00525
  -0.04085
   0.02952
   0.02331
  -0.04337
   0.00245
   0.04191
  -0.02735
  -0.02566
   0.04259
   0.00036
  -0.04281
   0.02507
   0.02791
  -0.04166
  -0.00317
   0.04354
  -0.02270
  -0.03005
   0.04055
   0.00596
  -0.04409
   0.02023
   0.03207
  -0.03929
  -0.00873
   0.04447
  -0.01769
  -0.03397
   0.03787
   0.01147
  -0.04468
   0.01508
   0.03573
  -0.03630
  -0.01416
   0.04471
  -0.01240
  -0.03734
   0.03459
   0.01680
  -0.04457
   0.00968
   0.03882
  -0.03274
  -0.01937
   0.04424
  -0.00692
  -0.04013
   0.03076
   0.02186
  -0.04375
   0.00413
   0.04129
  -0.02866
  -0.02427
   0.04308
  -0.00133
  -0.04229
   0.02645
   0.02658
  -0.04224
  -0.00148
   0.04312
  -0.02413
  -0.02878
   0.04123
   0.00429
  -0.04378
   0.02172
   0.03087
  -0.04006
  -0.00707
   0.04427
  -0.01922
  -0.03285
   0.03874
   0.00983
  -0.04458
   0.01665
   0.03469
  -0.03726
  -0.01255
   0.04471
  -0.01401
  -0.03639
   0.03563
   0.01522
  -0.04467
   0.01132
   0.03795
  -0.03386
  -0.01783
   0.04446
  -0.00858
  -0.03936
   0.03196
   0.02037
  -0.04407
   0.00581
   0.04062
  -0.02994
  -0.02283
   0.04350
  -0.00301
  -0.04171
   0.02779
   0.02520
  -0.04276
   0.00020
   0.04264
  -0.02554
  -0.02747
   0.04186
   0.00261
  -0.04340
   0.02318
   0.02963
  -0.04078
  -0.00540
   0.04400
  -0.02073
  -0.03168
   0.03955
   0.00818
  -0.04441
   0.01820
   0.03360
  -0.03816
  -0.01093
   0.04465
  -0.01560
  -0.03538
   0.03662
   0.01363
  -0.04472
   0.01294
   0.03703
  -0.03494
  -0.01627
   0.04461
  -0.01023
  -0.03853
   0.03312
   0.01886
  -0.04432
   0.00747
   0.03988
  -0.03117
  -0.02137
   0.04386
  -0.00469
  -0.04107
   0.02909
   0.02379
  -0.04323
   0.00189
   0.04210
  -0.02690
  -0.02612
   0.04242
   0.00092
  -0.04297
   0.02461
   0.02835
  -0.04145
  -0.00373
   0.04366
  -0.02221
  -0.03047
   0.04031
   0.00652
  -0.04418
   0.01973
   0.03246
  -0.03902
  -0.00928
   0.04453
  -0.01717
  -0.03433
   0.03757
   0.01201
  -0.04470
   0.01455
   0.03606
  -0.03597
  -0.01469
   0.04470
  -0.01186
  -0.03765
   0.03423
   0.01732
  -0.04452
   0.00913
   0.03909
  -0.03235
  -0.01987
   0.04416
  -0.00636
  -0.04038
   0.03035
   0.02235
  -0.04363
   0.00357
   0.04151
  -0.02823
  -0.02474
   0.04292
  -0.00076
  -0.04247
   0.02600
   0.02703
  -0.04205
  -0.00204
   0.04327
  -0.02366
  -0.02921
   0.04101
   0.00485
  -0.04389
   0.02123
   0.03128
  -0.03981
  -0.00763
   0.04434
  -0.01872
  -0.03322
   0.03845
   0.01038
  -0.04462
   0.01613
   0.03504
  -0.03694
  -0.01309
   0.04472
  -0.01348
  -0.03671
   0.03529
   0.01575
  -0.04465
   0.01077
   0.03824
  -0.03349
  -0.01835
   0.04439
  -0.00803
  -0.03963
   0.03157
   0.02087
  -0.04397
   0.00525
   0.04085
  -0.02952
  -0.02331
   0.04337
  -0.00245
  -0.04191
   0.02735
   0.02566
  -0.04259
  -0.00036
   0.04281
  -0.02507
  -0.02791
   0.04166
   0.00317
  -0.04354
   0.02270
   0.03005
  -0.04055
  -0.00596
   0.04409
  -0.02023
  -0.03207
   0.03929
   0.00873
  -0.04447
   0.01769
   0.03397
  -0.03787
  -0.01147
   0.04468
  -0.01508
  -0.03573
   0.03630
   0.01416
  -0.04471
   0.01240
   0.03734
  -0.03459
  -0.01680
   0.04457
  -0.00968
  -0.03882
   0.03274
   0.01937
  -0.04424
   0.00692
   0.04013
  -0.03076
  -0.02186
   0.04375
  -0.00413
  -0.04129
   0.02866
   0.02427
  -0.04308
   0.00133
   0.04229
  -0.02645
  -0.02658
   0.04224
   0.00148
  -0.04312
   0.02413
   0.02878
  -0.04123
  -0.00429
   0.04378
  -0.02172
  -0.03087
   0.04006
   0.00707
  -0.04427
   0.01922
   0.03285
  -0.03874
  -0.00983
   0.04458
  -0.01665
  -0.03469
   0.03726
   0.01255
  -0.04471
   0.01401
   0.03639
  -0.03563
  -0.01522
   0.04467
  -0.01132
  -0.03795
   0.03386
   0.01783
  -0.04446
   0.00858
   0.03936
  -0.03196
  -0.02037
   0.04407
  -0.00581
  -0.04062
   0.02994
   0.02283
  -0.04350
   0.00301
   0.04171
  -0.02779
  -0.02520
   0.04276
  -0.00020
  -0.04264
   0.02554
   0.02747
  -0.04186
  -0.00261
   0.04340
  -0.02318
  -0.02963
   0.04078
   0.00540
  -0.04400
   0.02073
   0.03168
  -0.03955
  -0.00818
   0.04441
