   0.01249
   0.02374
   0.03318
   0.04011
   0.04398
   0.04452
   0.04168
   0.03567
   0.02695
   0.01618
   0.00419
  -0.00812
  -0.01982
  -0.03001
  -0.03792
  -0.04295
  -0.04472
  -0.04309
  -0.03819
  -0.03039
  -0.02029
  -0.00864
   0.00367
   0.01569
   0.02653
   0.03535
   0.04148
   0.04447
   0.04408
   0.04034
   0.03353
   0.02418
   0.01300
   0.00082
  -0.01141
  -0.02278
  -0.03242
  -0.03960
  -0.04377
  -0.04461
  -0.04207
  -0.03633
  -0.02784
  -0.01723
  -0.00531
   0.00701
   0.01880
   0.02916
   0.03731
   0.04262
   0.04470
   0.04338
   0.03877
   0.03121
   0.02128
   0.00974
  -0.00255
  -0.01464
  -0.02562
  -0.03465
  -0.04105
  -0.04434
  -0.04425
  -0.04081
  -0.03427
  -0.02512
  -0.01407
  -0.00195
   0.01032
   0.02181
   0.03164
   0.03906
   0.04352
   0.04468
   0.04244
   0.03698
   0.02871
   0.01826
   0.00642
  -0.00590
  -0.01778
  -0.02830
  -0.03668
  -0.04227
  -0.04465
  -0.04364
  -0.03932
  -0.03200
  -0.02226
  -0.01083
   0.00142
   0.01357
   0.02469
   0.03393
   0.04059
   0.04417
   0.04440
   0.04126
   0.03498
   0.02604
   0.01513
   0.00307
  -0.00922
  -0.02082
  -0.03083
  -0.03850
  -0.04325
  -0.04471
  -0.04278
  -0.03760
  -0.02956
  -0.01928
  -0.00753
   0.00479
   0.01674
   0.02742
   0.03603
   0.04189
   0.04457
   0.04387
   0.03984
   0.03278
   0.02323
   0.01192
  -0.00030
  -0.01249
  -0.02374
  -0.03318
  -0.04011
  -0.04398
  -0.04452
  -0.04168
  -0.03567
  -0.02695
  -0.01618
  -0.00419
   0.00812
   0.01982
   0.03001
   0.03792
   0.04295
   0.04472
   0.04309
   0.03819
   0.03039
   0.02029
   0.00864
  -0.00367
  -0.01569
  -0.02653
  -0.03535
  -0.04148
  -0.04447
  -0.04408
  -0.04034
  -0.03353
  -0.02418
  -0.01300
  -0.00082
   0.01141
   0.02278
   0.03242
   0.03960
   0.04377
   0.04461
   0.04207
   0.03633
   0.02784
   0.01723
   0.00531
  -0.00701
  -0.01880
  -0.02916
  -0.03731
  -0.04262
  -0.04470
  -0.04338
  -0.03877
  -0.03121
  -0.02128
  -0.00974
   0.00255
   0.01464
   0.02562
   0.03465
   0.04105
   0.04434
   0.04425
   0.04081
   0.03427
   0.02512
   0.01407
   0.00195
  -0.01032
  -0.02181
  -0.03164
  -0.03906
  -0.04352
  -0.04468
  -0.04244
  -0.03698
  -0.02871
  -0.01826
  -0.00642
   0.00590
   0.01778
   0.02830
   0.03668
   0.04227
   0.04465
   0.04364
   0.03932
   0.03200
   0.02226
   0.01083
  -0.00142
  -0.01357
  -0.02469
  -0.03393
  -0.04059
  -0.04417
  -0.04440
  -0.04126
  -0.03498
  -0.02604
  -0.01513
  -0.00307
   0.00922
   0.02082
   0.03083
   0.03850
   0.04325
   0.04471
   0.04278
   0.03760
   0.02956
   0.01928
   0.00753
  -0.00479
  -0.01674
  -0.02742
  -0.03603
  -0.04189
  -0.04457
  -0.04387
  -0.03984
  -0.03278
  -0.02323
  -0.01192
   0.00030
   0.01249
   0.02374
   0.03318
   0.04011
   0.04398
   0.04452
   0.04168
   0.03567
   0.02695
   0.01618
   0.00419
  -0.00812
  -0.01982
  -0.03001
  -0.03792
  -0.04295
  -0.04472
  -0.04309
  -0.03819
  -0.03039
  -0.02029
  -0.00864
   0.00367
   0.01569
   0.02653
   0.03535
   0.04148
   0.04447
   0.04408
   0.04034
   0.03353
   0.02418
   0.01300
   0.00082
  -0.01141
  -0.02278
  -0.03242
  -0.03960
  -0.04377
  -0.04461
  -0.04207
  -0.03633
  -0.02784
  -0.01723
  -0.00531
   0.00701
   0.01880
   0.02916
   0.03731
   0.04262
   0.04470
   0.04338
   0.03877
   0.03121
   0.02128
   0.00974
  -0.00255
  -0.01464
  -0.02562
  -0.03465
  -0.04105
  -0.04434
  -0.04425
  -0.04081
  -0.03427
  -0.02512
  -0.01407
  -0.00195
   0.01032
   0.02181
   0.03164
   0.03906
   0.04352
   0.04468
   0.04244
   0.03698
   0.02871
   0.01826
   0.00642
  -0.00590
  -0.01778
  -0.02830
  -0.03668
  -0.04227
  -0.04465
  -0.04364
  -0.03932
  -0.03200
  -0.02226
  -0.01083
   0.00142
   0.01357
   0.02469
   0.03393
   0.04059
   0.04417
   0.04440
   0.04126
   0.03498
   0.02604
   0.01513
   0.00307
  -0.00922
  -0.02082
  -0.03083
  -0.03850
  -0.04325
  -0.04471
  -0.04278
  -0.03760
  -0.02956
  -0.01928
  -0.00753
   0.00479
   0.01674
   0.02742
   0.03603
   0.04189
   0.04457
   0.04387
   0.03984
   0.03278
   0.02323
   0.01192
  -0.00030
  -0.01249
  -0.02374
  -0.03318
  -0.04011
  -0.04398
  -0.04452
  -0.04168
  -0.03567
  -0.02695
  -0.01618
  -0.00419
   0.00812
   0.01982
   0.03001
   0.03792
   0.04295
   0.04472
   0.04309
   0.03819
   0.03039
   0.02029
   0.00864
  -0.00367
  -0.01569
  -0.02653
  -0.03535
  -0.04148
  -0.04447
  -0.04408
  -0.04034
  -0.03353
  -0.02418
  -0.01300
  -0.00082
   0.01141
   0.02278
   0.03242
   0.03960
   0.04377
   0.04461
   0.04207
   0.03633
   0.02784
   0.01723
   0.00531
  -0.00701
  -0.01880
  -0.02916
  -0.03731
  -0.04262
  -0.04470
  -0.04338
  -0.03877
  -0.03121
  -0.02128
  -0.00974
   0.00255
   0.01464
   0.02562
   0.03465
   0.04105
   0.04434
   0.04425
   0.04081
   0.03427
   0.02512
   0.01407
   0.00195
  -0.01032
  -0.02181
  -0.03164
  -0.03906
  -0.04352
  -0.04468
  -0.04244
  -0.03698
  -0.02871
  -0.01826
  -0.00642
   0.00590
   0.01778
   0.02830
   0.03668
   0.04227
   0.04465
   0.04364
   0.03932
   0.03200
   0.02226
   0.01083
  -0.00142
  -0.01357
  -0.02469
  -0.03393
  -0.04059
  -0.04417
  -0.04440
  -0.04126
  -0.03498
  -0.02604
  -0.01513
  -0.00307
   0.00922
   0.02082
   0.03083
   0.03850
   0.04325
   0.04471
   0.04278
   0.03760
   0.02956
   0.01928
   0.00753
  -0.00479
  -0.01674
  -0.02742
  -0.03603
  -0.04189
  -0.04457
  -0.04387
  -0.03984
  -0.03278
  -0.02323
  -0.01192
   0.00030
   0.01249
   0.02374
   0.03318
   0.04011
   0.04398
   0.04452
   0.04168
   0.03567
   0.02695
   0.01618
   0.00419
  -0.00812
  -0.01982
  -0.03001
  -0.03792
  -0.04295
  -0.04472
  -0.04309
  -0.03819
  -0.03039
  -0.02029
  -0.00864
   0.00367
   0.01569
   0.02653
   0.03535
   0.04148
   0.04447
   0.04408
   0.04034
   0.03353
   0.02418
   0.01300
   0.00082
  -0.01141
  -0.02278
  -0.03242
  -0.03960
  -0.04377
  -0.04461
  -0.04207
  -0.03633
  -0.02784
  -0.01723
  -0.00531
   0.00701
   0.01880
   0.02916
   0.03731
   0.04262
   0.04470
   0.04338
   0.03877
   0.03121
   0.02128
   0.00974
  -0.00255
  -0.01464
  -0.02562
  -0.03465
  -0.04105
  -0.04434
  -0.04425
  -0.04081
  -0.03427
  -0.02512
  -0.01407
  -0.00195
   0.01032
   0.02181
   0.03164
   0.03906
   0.04352
   0.04468
   0.04244
   0.03698
   0.02871
   0.01826
   0.00642
  -0.00590
  -0.01778
  -0.02830
  -0.03668
  -0.04227
  -0.04465
  -0.04364
  -0.03932
  -0.03200
  -0.02226
  -0.01083
   0.00142
   0.01357
   0.02469
   0.03393
   0.04059
   0.04417
   0.04440
   0.04126
   0.03498
   0.02604
   0.01513
   0.00307
  -0.00922
  -0.02082
  -0.03083
  -0.03850
  -0.04325
  -0.04471
  -0.04278
  -0.03760
  -0.02956
  -0.01928
  -0.00753
   0.00479
   0.01674
   0.02742
   0.03603
   0.04189
   0.04457
   0.04387
   0.03984
   0.03278
   0.02323
   0.01192
  -0.00030
  -0.01249
  -0.02374
  -0.03318
  -0.04011
  -0.04398
  -0.04452
  -0.04168
  -0.03567
  -0.02695
  -0.01618
  -0.00419
   0.00812
   0.01982
   0.03001
   0.03792
   0.04295
   0.04472
   0.04309
   0.03819
   0.03039
   0.02029
   0.00864
  -0.00367
  -0.01569
  -0.02653
  -0.03535
  -0.04148
  -0.04447
  -0.04408
  -0.04034
  -0.03353
  -0.02418
  -0.01300
  -0.00082
   0.01141
   0.02278
   0.03242
   0.03960
   0.04377
   0.04461
   0.04207
   0.03633
   0.02784
   0.01723
   0.00531
  -0.00701
  -0.01880
  -0.02916
  -0.03731
  -0.04262
  -0.04470
  -0.04338
  -0.03877
  -0.03121
  -0.02128
  -0.00974
   0.00255
   0.01464
   0.02562
   0.03465
   0.04105
   0.04434
   0.04425
   0.04081
   0.03427
   0.02512
   0.01407
   0.00195
  -0.01032
  -0.02181
  -0.03164
  -0.03906
  -0.04352
  -0.04468
  -0.04244
  -0.03698
  -0.02871
  -0.01826
  -0.00642
   0.00590
   0.01778
   0.02830
   0.03668
   0.04227
   0.04465
   0.04364
   0.03932
   0.03200
   0.02226
   0.01083
  -0.00142
  -0.01357
  -0.02469
  -0.03393
  -0.04059
  -0.04417
  -0.04440
  -0.04126
  -0.03498
  -0.02604
  -0.01513
  -0.00307
   0.00922
   0.02082
   0.03083
   0.03850
   0.04325
   0.04471
   0.04278
   0.03760
   0.02956
   0.01928
   0.00753
  -0.00479
  -0.01674
  -0.02742
  -0.03603
  -0.04189
  -0.04457
  -0.04387
  -0.03984
  -0.03278
  -0.02323
  -0.01192
   0.00030
   0.01249
   0.02374
   0.03318
   0.04011
   0.04398
   0.04452
   0.04168
   0.03567
   0.02695
   0.01618
   0.00419
  -0.00812
  -0.01982
  -0.03001
  -0.03792
  -0.04295
  -0.04472
  -0.04309
  -0.03819
  -0.03039
  -0.02029
  -0.00864
   0.00367
   0.01569
   0.02653
   0.03535
   0.04148
   0.04447
   0.04408
   0.04034
   0.03353
   0.02418
   0.01300
   0.00082
  -0.01141
  -0.02278
  -0.03242
  -0.03960
  -0.04377
  -0.04461
  -0.04207
  -0.03633
  -0.02784
  -0.01723
  -0.00531
   0.00701
   0.01880
   0.02916
   0.03731
   0.04262
   0.04470
   0.04338
   0.03877
   0.03121
   0.02128
   0.00974
  -0.00255
  -0.01464
  -0.02562
  -0.03465
  -0.04105
  -0.04434
  -0.04425
  -0.04081
  -0.03427
  -0.02512
  -0.01407
  -0.00195
   0.01032
   0.02181
   0.03164
   0.03906
   0.04352
   0.04468
   0.04244
   0.03698
   0.02871
   0.01826
   0.00642
  -0.00590
  -0.01778
  -0.02830
  -0.03668
  -0.04227
  -0.04465
  -0.04364
  -0.03932
  -0.03200
  -0.02226
  -0.01083
   0.00142
   0.01357
   0.02469
   0.03393
   0.04059
   0.04417
   0.04440
   0.04126
   0.03498
   0.02604
   0.01513
   0.00307
  -0.00922
  -0.02082
  -0.03083
  -0.03850
  -0.04325
  -0.04471
  -0.04278
  -0.03760
  -0.02956
  -0.01928
  -0.00753
   0.00479
   0.01674
   0.02742
   0.03603
   0.04189
   0.04457
   0.04387
   0.03984
   0.03278
   0.02323
   0.01192
  -0.00030
  -0.01249
  -0.02374
  -0.03318
  -0.04011
  -0.04398
  -0.04452
  -0.04168
  -0.03567
  -0.02695
  -0.01618
  -0.00419
   0.00812
   0.01982
   0.03001
   0.03792
   0.04295
   0.04472
   0.04309
   0.03819
   0.03039
   0.02029
   0.00864
  -0.00367
  -0.01569
  -0.02653
  -0.03535
  -0.04148
  -0.04447
  -0.04408
  -0.04034
  -0.03353
  -0.02418
  -0.01300
  -0.00082
   0.01141
   0.02278
   0.03242
   0.03960
   0.04377
   0.04461
   0.04207
   0.03633
   0.02784
   0.01723
   0.00531
  -0.00701
  -0.01880
  -0.02916
  -0.03731
  -0.04262
  -0.04470
  -0.04338
  -0.03877
  -0.03121
  -0.02128
  -0.00974
   0.00255
   0.01464
   0.02562
   0.03465
   0.04105
   0.04434
   0.04425
   0.04081
   0.03427
   0.02512
   0.01407
   0.00195
  -0.01032
  -0.02181
  -0.03164
  -0.03906
  -0.04352
  -0.04468
  -0.04244
  -0.03698
  -0.02871
  -0.01826
  -0.00642
   0.00590
   0.01778
   0.02830
   0.03668
   0.04227
   0.04465
   0.04364
   0.03932
   0.03200
   0.02226
   0.01083
  -0.00142
  -0.01357
  -0.02469
  -0.03393
  -0.04059
  -0.04417
  -0.04440
  -0.04126
  -0.03498
  -0.02604
  -0.01513
  -0.00307
   0.00922
   0.02082
   0.03083
   0.03850
   0.04325
   0.04471
   0.04278
   0.03760
   0.02956
   0.01928
   0.00753
  -0.00479
  -0.01674
  -0.02742
  -0.03603
  -0.04189
  -0.04457
  -0.04387
  -0.03984
  -0.03278
  -0.02323
  -0.01192
   0.00030
