  -0.04280
  -0.03718
  -0.02833
  -0.01704
  -0.00427
   0.00887
   0.02125
   0.03178
   0.03956
   0.04392
   0.04447
   0.04118
   0.03432
   0.02448
   0.01253
  -0.00050
  -0.01350
  -0.02532
  -0.03495
  -0.04156
  -0.04457
  -0.04372
  -0.03908
  -0.03106
  -0.02036
  -0.00789
   0.00527
   0.01796
   0.02911
   0.03773
   0.04308
   0.04471
   0.04246
   0.03654
   0.02746
   0.01599
   0.00315
  -0.00997
  -0.02223
  -0.03256
  -0.04007
  -0.04412
  -0.04434
  -0.04073
  -0.03358
  -0.02354
  -0.01145
   0.00163
   0.01456
   0.02624
   0.03564
   0.04196
   0.04465
   0.04347
   0.03852
   0.03025
   0.01935
   0.00678
  -0.00638
  -0.01899
  -0.02995
  -0.03832
  -0.04337
  -0.04467
  -0.04210
  -0.03588
  -0.02656
  -0.01494
  -0.00202
   0.01106
   0.02320
   0.03332
   0.04056
   0.04429
   0.04418
   0.04025
   0.03283
   0.02257
   0.01036
  -0.00275
  -0.01562
  -0.02714
  -0.03631
  -0.04234
  -0.04470
  -0.04319
  -0.03794
  -0.02941
  -0.01833
  -0.00566
   0.00749
   0.02000
   0.03078
   0.03889
   0.04363
   0.04460
   0.04170
   0.03520
   0.02565
   0.01388
   0.00090
  -0.01215
  -0.02415
  -0.03406
  -0.04102
  -0.04443
  -0.04399
  -0.03975
  -0.03206
  -0.02160
  -0.00926
   0.00387
   0.01667
   0.02803
   0.03696
   0.04269
   0.04472
   0.04288
   0.03733
   0.02855
   0.01730
   0.00455
  -0.00860
  -0.02100
  -0.03158
  -0.03943
  -0.04386
  -0.04450
  -0.04129
  -0.03450
  -0.02472
  -0.01280
   0.00022
   0.01323
   0.02509
   0.03478
   0.04145
   0.04454
   0.04378
   0.03922
   0.03126
   0.02061
   0.00816
  -0.00499
  -0.01771
  -0.02889
  -0.03758
  -0.04301
  -0.04471
  -0.04255
  -0.03670
  -0.02768
  -0.01626
  -0.00343
   0.00970
   0.02198
   0.03237
   0.03995
   0.04407
   0.04438
   0.04084
   0.03377
   0.02377
   0.01172
  -0.00135
  -0.01430
  -0.02601
  -0.03547
  -0.04186
  -0.04463
  -0.04353
  -0.03867
  -0.03045
  -0.01960
  -0.00705
   0.00610
   0.01873
   0.02974
   0.03817
   0.04330
   0.04468
   0.04219
   0.03605
   0.02679
   0.01520
   0.00231
  -0.01079
  -0.02296
  -0.03313
  -0.04044
  -0.04425
  -0.04422
  -0.04037
  -0.03302
  -0.02282
  -0.01063
   0.00247
   0.01536
   0.02692
   0.03615
   0.04225
   0.04469
   0.04326
   0.03809
   0.02962
   0.01858
   0.00594
  -0.00722
  -0.01975
  -0.03057
  -0.03875
  -0.04357
  -0.04462
  -0.04181
  -0.03537
  -0.02588
  -0.01414
  -0.00118
   0.01188
   0.02391
   0.03388
   0.04091
   0.04440
   0.04404
   0.03987
   0.03225
   0.02184
   0.00954
  -0.00359
  -0.01641
  -0.02781
  -0.03680
  -0.04260
  -0.04472
  -0.04296
  -0.03749
  -0.02877
  -0.01756
  -0.00483
   0.00832
   0.02075
   0.03138
   0.03930
   0.04381
   0.04453
   0.04139
   0.03467
   0.02495
   0.01307
   0.00006
  -0.01296
  -0.02486
  -0.03460
  -0.04135
  -0.04452
  -0.04383
  -0.03935
  -0.03147
  -0.02085
  -0.00844
   0.00471
   0.01745
   0.02868
   0.03742
   0.04293
   0.04472
   0.04264
   0.03686
   0.02790
   0.01652
   0.00371
  -0.00942
  -0.02174
  -0.03217
  -0.03982
  -0.04402
  -0.04441
  -0.04095
  -0.03395
  -0.02401
  -0.01199
   0.00107
   0.01403
   0.02578
   0.03530
   0.04176
   0.04461
   0.04360
   0.03881
   0.03066
   0.01985
   0.00733
  -0.00583
  -0.01848
  -0.02953
  -0.03803
  -0.04323
  -0.04469
  -0.04228
  -0.03621
  -0.02701
  -0.01547
  -0.00259
   0.01052
   0.02271
   0.03294
   0.04032
   0.04420
   0.04426
   0.04049
   0.03321
   0.02306
   0.01091
  -0.00219
  -0.01509
  -0.02669
  -0.03598
  -0.04215
  -0.04468
  -0.04333
  -0.03823
  -0.02983
  -0.01884
  -0.00622
   0.00694
   0.01950
   0.03037
   0.03861
   0.04350
   0.04464
   0.04190
   0.03554
   0.02611
   0.01441
   0.00146
  -0.01161
  -0.02368
  -0.03369
  -0.04079
  -0.04436
  -0.04409
  -0.04000
  -0.03245
  -0.02209
  -0.00981
   0.00331
   0.01615
   0.02759
   0.03664
   0.04251
   0.04471
   0.04304
   0.03764
   0.02898
   0.01781
   0.00511
  -0.00805
  -0.02050
  -0.03118
  -0.03916
  -0.04375
  -0.04455
  -0.04150
  -0.03485
  -0.02519
  -0.01334
  -0.00034
   0.01269
   0.02462
   0.03442
   0.04124
   0.04449
   0.04389
   0.03948
   0.03166
   0.02110
   0.00871
  -0.00443
  -0.01719
  -0.02846
  -0.03727
  -0.04285
  -0.04472
  -0.04272
  -0.03702
  -0.02812
  -0.01678
  -0.00399
   0.00915
   0.02149
   0.03198
   0.03969
   0.04397
   0.04444
   0.04107
   0.03414
   0.02425
   0.01226
  -0.00078
  -0.01376
  -0.02555
  -0.03513
  -0.04166
  -0.04459
  -0.04366
  -0.03894
  -0.03086
  -0.02010
  -0.00761
   0.00555
   0.01822
   0.02932
   0.03788
   0.04316
   0.04470
   0.04237
   0.03638
   0.02723
   0.01573
   0.00287
  -0.01025
  -0.02247
  -0.03275
  -0.04020
  -0.04416
  -0.04430
  -0.04061
  -0.03340
  -0.02330
  -0.01118
   0.00191
   0.01483
   0.02647
   0.03581
   0.04206
   0.04466
   0.04340
   0.03838
   0.03004
   0.01909
   0.00650
  -0.00666
  -0.01924
  -0.03016
  -0.03846
  -0.04344
  -0.04465
  -0.04200
  -0.03571
  -0.02633
  -0.01467
  -0.00174
   0.01134
   0.02344
   0.03351
   0.04068
   0.04432
   0.04414
   0.04012
   0.03264
   0.02233
   0.01009
  -0.00303
  -0.01588
  -0.02736
  -0.03647
  -0.04243
  -0.04471
  -0.04311
  -0.03779
  -0.02920
  -0.01807
  -0.00538
   0.00777
   0.02025
   0.03098
   0.03902
   0.04369
   0.04458
   0.04160
   0.03503
   0.02542
   0.01361
   0.00062
  -0.01242
  -0.02439
  -0.03424
  -0.04113
  -0.04446
  -0.04394
  -0.03962
  -0.03186
  -0.02135
  -0.00899
   0.00415
   0.01693
   0.02824
   0.03711
   0.04277
   0.04472
   0.04280
   0.03718
   0.02833
   0.01704
   0.00427
  -0.00887
  -0.02125
  -0.03178
  -0.03956
  -0.04392
  -0.04447
  -0.04118
  -0.03432
  -0.02448
  -0.01253
   0.00050
   0.01350
   0.02532
   0.03495
   0.04156
   0.04457
   0.04372
   0.03908
   0.03106
   0.02036
   0.00789
  -0.00527
  -0.01796
  -0.02911
  -0.03773
  -0.04308
  -0.04471
  -0.04246
  -0.03654
  -0.02746
  -0.01599
  -0.00315
   0.00997
   0.02223
   0.03256
   0.04007
   0.04412
   0.04434
   0.04073
   0.03358
   0.02354
   0.01145
  -0.00163
  -0.01456
  -0.02624
  -0.03564
  -0.04196
  -0.04465
  -0.04347
  -0.03852
  -0.03025
  -0.01935
  -0.00678
   0.00638
   0.01899
   0.02995
   0.03832
   0.04337
   0.04467
   0.04210
   0.03588
   0.02656
   0.01494
   0.00202
  -0.01106
  -0.02320
  -0.03332
  -0.04056
  -0.04429
  -0.04418
  -0.04025
  -0.03283
  -0.02257
  -0.01036
   0.00275
   0.01562
   0.02714
   0.03631
   0.04234
   0.04470
   0.04319
   0.03794
   0.02941
   0.01833
   0.00566
  -0.00749
  -0.02000
  -0.03078
  -0.03889
  -0.04363
  -0.04460
  -0.04170
  -0.03520
  -0.02565
  -0.01388
  -0.00090
   0.01215
   0.02415
   0.03406
   0.04102
   0.04443
   0.04399
   0.03975
   0.03206
   0.02160
   0.00926
  -0.00387
  -0.01667
  -0.02803
  -0.03696
  -0.04269
  -0.04472
  -0.04288
  -0.03733
  -0.02855
  -0.01730
  -0.00455
   0.00860
   0.02100
   0.03158
   0.03943
   0.04386
   0.04450
   0.04129
   0.03450
   0.02472
   0.01280
  -0.00022
  -0.01323
  -0.02509
  -0.03478
  -0.04145
  -0.04454
  -0.04378
  -0.03922
  -0.03126
  -0.02061
  -0.00816
   0.00499
   0.01771
   0.02889
   0.03758
   0.04301
   0.04471
   0.04255
   0.03670
   0.02768
   0.01626
   0.00343
  -0.00970
  -0.02198
  -0.03237
  -0.03995
  -0.04407
  -0.04438
  -0.04084
  -0.03377
  -0.02377
  -0.01172
   0.00135
   0.01430
   0.02601
   0.03547
   0.04186
   0.04463
   0.04353
   0.03867
   0.03045
   0.01960
   0.00705
  -0.00610
  -0.01873
  -0.02974
  -0.03817
  -0.04330
  -0.04468
  -0.04219
  -0.03605
  -0.02679
  -0.01520
  -0.00231
   0.01079
   0.02296
   0.03313
   0.04044
   0.04425
   0.04422
   0.04037
   0.03302
   0.02282
   0.01063
  -0.00247
  -0.01536
  -0.02692
  -0.03615
  -0.04225
  -0.04469
  -0.04326
  -0.03809
  -0.02962
  -0.01858
  -0.00594
   0.00722
   0.01975
   0.03057
   0.03875
   0.04357
   0.04462
   0.04181
   0.03537
   0.02588
   0.01414
   0.00118
  -0.01188
  -0.02391
  -0.03388
  -0.04091
  -0.04440
  -0.04404
  -0.03987
  -0.03225
  -0.02184
  -0.00954
   0.00359
   0.01641
   0.02781
   0.03680
   0.04260
   0.04472
   0.04296
   0.03749
   0.02877
   0.01756
   0.00483
  -0.00832
  -0.02075
  -0.03138
  -0.03930
  -0.04381
  -0.04453
  -0.04139
  -0.03467
  -0.02495
  -0.01307
  -0.00006
   0.01296
   0.02486
   0.03460
   0.04135
   0.04452
   0.04383
   0.03935
   0.03147
   0.02085
   0.00844
  -0.00471
  -0.01745
  -0.02868
  -0.03742
  -0.04293
  -0.04472
  -0.04264
  -0.03686
  -0.02790
  -0.01652
  -0.00371
   0.00942
   0.02174
   0.03217
   0.03982
   0.04402
   0.04441
   0.04095
   0.03395
   0.02401
   0.01199
  -0.00107
  -0.01403
  -0.02578
  -0.03530
  -0.04176
  -0.04461
  -0.04360
  -0.03881
  -0.03066
  -0.01985
  -0.00733
   0.00583
   0.01848
   0.02953
   0.03803
   0.04323
   0.04469
   0.04228
   0.03621
   0.02701
   0.01547
   0.00259
  -0.01052
  -0.02271
  -0.03294
  -0.04032
  -0.04420
  -0.04426
  -0.04049
  -0.03321
  -0.02306
  -0.01091
   0.00219
   0.01509
   0.02669
   0.03598
   0.04215
   0.04468
   0.04333
   0.03823
   0.02983
   0.01884
   0.00622
  -0.00694
  -0.01950
  -0.03037
  -0.03861
  -0.04350
  -0.04464
  -0.04190
  -0.03554
  -0.02611
  -0.01441
  -0.00146
   0.01161
   0.02368
   0.03369
   0.04079
   0.04436
   0.04409
   0.04000
   0.03245
   0.02209
   0.00981
  -0.00331
  -0.01615
  -0.02759
  -0.03664
  -0.04251
  -0.04471
  -0.04304
  -0.03764
  -0.02898
  -0.01781
  -0.00511
   0.00805
   0.02050
   0.03118
   0.03916
   0.04375
   0.04455
   0.04150
   0.03485
   0.02519
   0.01334
   0.00034
  -0.01269
  -0.02462
  -0.03442
  -0.04124
  -0.04449
  -0.04389
  -0.03948
  -0.03166
  -0.02110
  -0.00871
   0.00443
   0.01719
   0.02846
   0.03727
   0.04285
   0.04472
   0.04272
   0.03702
   0.02812
   0.01678
   0.00399
  -0.00915
  -0.02149
  -0.03198
  -0.03969
  -0.04397
  -0.04444
  -0.04107
  -0.03414
  -0.02425
  -0.01226
   0.00078
   0.01376
   0.02555
   0.03513
   0.04166
   0.04459
   0.04366
   0.03894
   0.03086
   0.02010
   0.00761
  -0.00555
  -0.01822
  -0.02932
  -0.03788
  -0.04316
  -0.04470
  -0.04237
  -0.03638
  -0.02723
  -0.01573
  -0.00287
   0.01025
   0.02247
   0.03275
   0.04020
   0.04416
   0.04430
   0.04061
   0.03340
   0.02330
   0.01118
  -0.00191
  -0.01483
  -0.02647
  -0.03581
  -0.04206
  -0.04466
  -0.04340
  -0.03838
  -0.03004
  -0.01909
  -0.00650
   0.00666
   0.01924
   0.03016
   0.03846
   0.04344
   0.04465
   0.04200
   0.03571
   0.02633
   0.01467
   0.00174
  -0.01134
  -0.02344
  -0.03351
  -0.04068
  -0.04432
  -0.04414
  -0.04012
  -0.03264
  -0.02233
  -0.01009
   0.00303
   0.01588
   0.02736
   0.03647
   0.04243
   0.04471
   0.04311
   0.03779
   0.02920
   0.01807
   0.00538
  -0.00777
  -0.02025
  -0.03098
  -0.03902
  -0.04369
  -0.04458
  -0.04160
  -0.03503
  -0.02542
  -0.01361
  -0.00062
   0.01242
   0.02439
   0.03424
   0.04113
   0.04446
   0.04394
   0.03962
   0.03186
   0.02135
   0.00899
  -0.00415
  -0.01693
  -0.02824
  -0.03711
  -0.04277
  -0.04472
