  -0.03309
  -0.04423
  -0.02287
   0.01530
   0.04223
   0.03812
   0.00600
  -0.03053
  -0.04462
  -0.02593
   0.01182
   0.04088
   0.03990
   0.00960
  -0.02776
  -0.04472
  -0.02881
   0.00826
   0.03927
   0.04142
   0.01313
  -0.02480
  -0.04451
  -0.03151
   0.00465
   0.03739
   0.04265
   0.01657
  -0.02169
  -0.04401
  -0.03399
   0.00100
   0.03526
   0.04361
   0.01991
  -0.01842
  -0.04321
  -0.03625
  -0.00265
   0.03290
   0.04427
   0.02311
  -0.01504
  -0.04213
  -0.03827
  -0.00628
   0.03032
   0.04464
   0.02616
  -0.01155
  -0.04077
  -0.04003
  -0.00987
   0.02754
   0.04471
   0.02903
  -0.00799
  -0.03913
  -0.04152
  -0.01340
   0.02457
   0.04448
   0.03171
  -0.00437
  -0.03723
  -0.04274
  -0.01683
   0.02144
   0.04396
   0.03417
  -0.00072
  -0.03509
  -0.04367
  -0.02016
   0.01817
   0.04314
   0.03641
   0.00293
  -0.03271
  -0.04431
  -0.02335
   0.01477
   0.04204
   0.03841
   0.00656
  -0.03011
  -0.04466
  -0.02638
   0.01128
   0.04065
   0.04015
   0.01015
  -0.02732
  -0.04470
  -0.02924
   0.00771
   0.03899
   0.04162
   0.01367
  -0.02434
  -0.04445
  -0.03190
   0.00409
   0.03708
   0.04282
   0.01709
  -0.02119
  -0.04391
  -0.03436
   0.00044
   0.03491
   0.04373
   0.02041
  -0.01791
  -0.04307
  -0.03658
  -0.00321
   0.03252
   0.04435
   0.02359
  -0.01451
  -0.04194
  -0.03855
  -0.00684
   0.02991
   0.04467
   0.02661
  -0.01101
  -0.04053
  -0.04027
  -0.01042
   0.02709
   0.04470
   0.02945
  -0.00743
  -0.03886
  -0.04173
  -0.01393
   0.02410
   0.04442
   0.03210
  -0.00381
  -0.03692
  -0.04290
  -0.01735
   0.02094
   0.04385
   0.03453
  -0.00016
  -0.03474
  -0.04379
  -0.02066
   0.01765
   0.04299
   0.03674
   0.00349
  -0.03232
  -0.04438
  -0.02383
   0.01424
   0.04184
   0.03870
   0.00711
  -0.02970
  -0.04468
  -0.02684
   0.01073
   0.04041
   0.04040
   0.01069
  -0.02687
  -0.04468
  -0.02966
   0.00716
   0.03872
   0.04183
   0.01420
  -0.02386
  -0.04439
  -0.03230
   0.00353
   0.03676
   0.04298
   0.01761
  -0.02070
  -0.04380
  -0.03471
  -0.00012
   0.03456
   0.04384
   0.02091
  -0.01739
  -0.04291
  -0.03690
  -0.00377
   0.03213
   0.04442
   0.02406
  -0.01397
  -0.04174
  -0.03884
  -0.00739
   0.02948
   0.04469
   0.02706
  -0.01046
  -0.04029
  -0.04052
  -0.01097
   0.02664
   0.04467
   0.02987
  -0.00688
  -0.03858
  -0.04193
  -0.01447
   0.02362
   0.04435
   0.03249
  -0.00325
  -0.03660
  -0.04306
  -0.01787
   0.02045
   0.04374
   0.03489
   0.00040
  -0.03438
  -0.04390
  -0.02116
   0.01713
   0.04283
   0.03706
   0.00405
  -0.03193
  -0.04445
  -0.02430
   0.01371
   0.04164
   0.03897
   0.00767
  -0.02927
  -0.04470
  -0.02728
   0.01019
   0.04017
   0.04063
   0.01124
  -0.02642
  -0.04466
  -0.03008
   0.00660
   0.03843
   0.04202
   0.01473
  -0.02338
  -0.04432
  -0.03268
   0.00297
   0.03644
   0.04313
   0.01813
  -0.02020
  -0.04368
  -0.03506
  -0.00068
   0.03420
   0.04395
   0.02140
  -0.01687
  -0.04275
  -0.03721
  -0.00433
   0.03174
   0.04448
   0.02454
  -0.01344
  -0.04154
  -0.03911
  -0.00795
   0.02906
   0.04471
   0.02750
  -0.00991
  -0.04005
  -0.04075
  -0.01151
   0.02619
   0.04464
   0.03029
  -0.00632
  -0.03829
  -0.04212
  -0.01500
   0.02314
   0.04428
   0.03287
  -0.00269
  -0.03627
  -0.04320
  -0.01838
   0.01995
   0.04362
   0.03524
   0.00096
  -0.03402
  -0.04400
  -0.02165
   0.01661
   0.04267
   0.03737
   0.00461
  -0.03154
  -0.04451
  -0.02477
   0.01317
   0.04143
   0.03925
   0.00822
  -0.02885
  -0.04472
  -0.02773
   0.00964
   0.03992
   0.04087
   0.01178
  -0.02596
  -0.04463
  -0.03050
   0.00604
   0.03814
   0.04221
   0.01526
  -0.02290
  -0.04424
  -0.03306
   0.00241
   0.03611
   0.04328
   0.01864
  -0.01969
  -0.04356
  -0.03541
  -0.00124
   0.03384
   0.04405
   0.02190
  -0.01635
  -0.04258
  -0.03752
  -0.00489
   0.03134
   0.04453
   0.02500
  -0.01290
  -0.04133
  -0.03938
  -0.00850
   0.02863
   0.04472
   0.02795
  -0.00936
  -0.03979
  -0.04098
  -0.01205
   0.02573
   0.04461
   0.03070
  -0.00576
  -0.03799
  -0.04230
  -0.01553
   0.02266
   0.04420
   0.03325
  -0.00213
  -0.03594
  -0.04335
  -0.01890
   0.01944
   0.04349
   0.03558
   0.00152
  -0.03365
  -0.04410
  -0.02214
   0.01609
   0.04250
   0.03767
   0.00517
  -0.03114
  -0.04456
  -0.02524
   0.01263
   0.04122
   0.03951
   0.00877
  -0.02841
  -0.04472
  -0.02816
   0.00909
   0.03966
   0.04109
   0.01232
  -0.02550
  -0.04459
  -0.03090
   0.00549
   0.03785
   0.04239
   0.01579
  -0.02242
  -0.04415
  -0.03344
   0.00185
   0.03578
   0.04341
   0.01915
  -0.01919
  -0.04342
  -0.03575
  -0.00181
   0.03347
   0.04415
   0.02238
  -0.01583
  -0.04241
  -0.03782
  -0.00545
   0.03093
   0.04458
   0.02547
  -0.01236
  -0.04111
  -0.03964
  -0.00905
   0.02820
   0.04472
   0.02838
  -0.00881
  -0.03953
  -0.04120
  -0.01259
   0.02527
   0.04456
   0.03111
  -0.00521
  -0.03770
  -0.04248
  -0.01605
   0.02218
   0.04411
   0.03363
  -0.00157
  -0.03561
  -0.04348
  -0.01940
   0.01893
   0.04336
   0.03592
   0.00209
  -0.03328
  -0.04419
  -0.02263
   0.01556
   0.04232
   0.03797
   0.00572
  -0.03073
  -0.04460
  -0.02570
   0.01209
   0.04100
   0.03977
   0.00932
  -0.02798
  -0.04472
  -0.02860
   0.00854
   0.03940
   0.04131
   0.01286
  -0.02504
  -0.04454
  -0.03131
   0.00493
   0.03754
   0.04257
   0.01631
  -0.02193
  -0.04406
  -0.03381
   0.00129
   0.03544
   0.04355
   0.01966
  -0.01868
  -0.04329
  -0.03609
  -0.00237
   0.03309
   0.04423
   0.02287
  -0.01530
  -0.04223
  -0.03812
  -0.00600
   0.03053
   0.04462
   0.02593
  -0.01182
  -0.04088
  -0.03990
  -0.00960
   0.02776
   0.04472
   0.02881
  -0.00826
  -0.03927
  -0.04142
  -0.01313
   0.02480
   0.04451
   0.03151
  -0.00465
  -0.03739
  -0.04265
  -0.01657
   0.02169
   0.04401
   0.03399
  -0.00100
  -0.03526
  -0.04361
  -0.01991
   0.01842
   0.04321
   0.03625
   0.00265
  -0.03290
  -0.04427
  -0.02311
   0.01504
   0.04213
   0.03827
   0.00628
  -0.03032
  -0.04464
  -0.02616
   0.01155
   0.04077
   0.04003
   0.00987
  -0.02754
  -0.04471
  -0.02903
   0.00799
   0.03913
   0.04152
   0.01340
  -0.02457
  -0.04448
  -0.03171
   0.00437
   0.03723
   0.04274
   0.01683
  -0.02144
  -0.04396
  -0.03417
   0.00072
   0.03509
   0.04367
   0.02016
  -0.01817
  -0.04314
  -0.03641
  -0.00293
   0.03271
   0.04431
   0.02335
  -0.01477
  -0.04204
  -0.03841
  -0.00656
   0.03011
   0.04466
   0.02638
  -0.01128
  -0.04065
  -0.04015
  -0.01015
   0.02732
   0.04470
   0.02924
  -0.00771
  -0.03899
  -0.04162
  -0.01367
   0.02434
   0.04445
   0.03190
  -0.00409
  -0.03708
  -0.04282
  -0.01709
   0.02119
   0.04391
   0.03436
  -0.00044
  -0.03491
  -0.04373
  -0.02041
   0.01791
   0.04307
   0.03658
   0.00321
  -0.03252
  -0.04435
  -0.02359
   0.01451
   0.04194
   0.03855
   0.00684
  -0.02991
  -0.04467
  -0.02661
   0.01101
   0.04053
   0.04027
   0.01042
  -0.02709
  -0.04470
  -0.02945
   0.00743
   0.03886
   0.04173
   0.01393
  -0.02410
  -0.04442
  -0.03210
   0.00381
   0.03692
   0.04290
   0.01735
  -0.02094
  -0.04385
  -0.03453
   0.00016
   0.03474
   0.04379
   0.02066
  -0.01765
  -0.04299
  -0.03674
  -0.00349
   0.03232
   0.04438
   0.02383
  -0.01424
  -0.04184
  -0.03870
  -0.00711
   0.02970
   0.04468
   0.02684
  -0.01073
  -0.04041
  -0.04040
  -0.01069
   0.02687
   0.04468
   0.02966
  -0.00716
  -0.03872
  -0.04183
  -0.01420
   0.02386
   0.04439
   0.03230
  -0.00353
  -0.03676
  -0.04298
  -0.01761
   0.02070
   0.04380
   0.03471
   0.00012
  -0.03456
  -0.04384
  -0.02091
   0.01739
   0.04291
   0.03690
   0.00377
  -0.03213
  -0.04442
  -0.02406
   0.01397
   0.04174
   0.03884
   0.00739
  -0.02948
  -0.04469
  -0.02706
   0.01046
   0.04029
   0.04052
   0.01097
  -0.02664
  -0.04467
  -0.02987
   0.00688
   0.03858
   0.04193
   0.01447
  -0.02362
  -0.04435
  -0.03249
   0.00325
   0.03660
   0.04306
   0.01787
  -0.02045
  -0.04374
  -0.03489
  -0.00040
   0.03438
   0.04390
   0.02116
  -0.01713
  -0.04283
  -0.03706
  -0.00405
   0.03193
   0.04445
   0.02430
  -0.01371
  -0.04164
  -0.03897
  -0.00767
   0.02927
   0.04470
   0.02728
  -0.01019
  -0.04017
  -0.04063
  -0.01124
   0.02642
   0.04466
   0.03008
  -0.00660
  -0.03843
  -0.04202
  -0.01473
   0.02338
   0.04432
   0.03268
  -0.00297
  -0.03644
  -0.04313
  -0.01813
   0.02020
   0.04368
   0.03506
   0.00068
  -0.03420
  -0.04395
  -0.02140
   0.01687
   0.04275
   0.03721
   0.00433
  -0.03174
  -0.04448
  -0.02454
   0.01344
   0.04154
   0.03911
   0.00795
  -0.02906
  -0.04471
  -0.02750
   0.00991
   0.04005
   0.04075
   0.01151
  -0.02619
  -0.04464
  -0.03029
   0.00632
   0.03829
   0.04212
   0.01500
  -0.02314
  -0.04428
  -0.03287
   0.00269
   0.03627
   0.04320
   0.01838
  -0.01995
  -0.04362
  -0.03524
  -0.00096
   0.03402
   0.04400
   0.02165
  -0.01661
  -0.04267
  -0.03737
  -0.00461
   0.03154
   0.04451
   0.02477
  -0.01317
  -0.04143
  -0.03925
  -0.00822
   0.02885
   0.04472
   0.02773
  -0.00964
  -0.03992
  -0.04087
  -0.01178
   0.02596
   0.04463
   0.03050
  -0.00604
  -0.03814
  -0.04221
  -0.01526
   0.02290
   0.04424
   0.03306
  -0.00241
  -0.03611
  -0.04328
  -0.01864
   0.01969
   0.04356
   0.03541
   0.00124
  -0.03384
  -0.04405
  -0.02190
   0.01635
   0.04258
   0.03752
   0.00489
  -0.03134
  -0.04453
  -0.02500
   0.01290
   0.04133
   0.03938
   0.00850
  -0.02863
  -0.04472
  -0.02795
   0.00936
   0.03979
   0.04098
   0.01205
  -0.02573
  -0.04461
  -0.03070
   0.00576
   0.03799
   0.04230
   0.01553
  -0.02266
  -0.04420
  -0.03325
   0.00213
   0.03594
   0.04335
   0.01890
  -0.01944
  -0.04349
  -0.03558
  -0.00152
   0.03365
   0.04410
   0.02214
  -0.01609
  -0.04250
  -0.03767
  -0.00517
   0.03114
   0.04456
   0.02524
  -0.01263
  -0.04122
  -0.03951
  -0.00877
   0.02841
   0.04472
   0.02816
  -0.00909
  -0.03966
  -0.04109
  -0.01232
   0.02550
   0.04459
   0.03090
  -0.00549
  -0.03785
  -0.04239
  -0.01579
   0.02242
   0.04415
   0.03344
  -0.00185
  -0.03578
  -0.04341
  -0.01915
   0.01919
   0.04342
   0.03575
   0.00181
  -0.03347
  -0.04415
  -0.02238
   0.01583
   0.04241
   0.03782
   0.00545
  -0.03093
  -0.04458
  -0.02547
   0.01236
   0.04111
   0.03964
   0.00905
  -0.02820
  -0.04472
  -0.02838
   0.00881
   0.03953
   0.04120
   0.01259
  -0.02527
  -0.04456
  -0.03111
   0.00521
   0.03770
   0.04248
   0.01605
  -0.02218
  -0.04411
  -0.03363
   0.00157
   0.03561
   0.04348
   0.01940
  -0.01893
  -0.04336
  -0.03592
  -0.00209
   0.03328
   0.04419
   0.02263
  -0.01556
  -0.04232
  -0.03797
  -0.00572
   0.03073
   0.04460
   0.02570
  -0.01209
  -0.04100
  -0.03977
  -0.00932
   0.02798
   0.04472
   0.02860
  -0.00854
  -0.03940
  -0.04131
  -0.01286
   0.02504
   0.04454
   0.03131
  -0.00493
  -0.03754
  -0.04257
  -0.01631
   0.02193
   0.04406
   0.03381
  -0.00129
  -0.03544
  -0.04355
  -0.01966
   0.01868
   0.04329
   0.03609
   0.00237
