   0.04148
  -0.03891
   0.00698
   0.03021
  -0.04461
   0.02536
   0.01303
  -0.04159
   0.03877
  -0.00670
  -0.03042
   0.04459
  -0.02512
  -0.01330
   0.04169
  -0.03863
   0.00642
   0.03063
  -0.04457
   0.02489
   0.01357
  -0.04179
   0.03849
  -0.00615
  -0.03083
   0.04455
  -0.02466
  -0.01384
   0.04189
  -0.03834
   0.00587
   0.03103
  -0.04452
   0.02442
   0.01410
  -0.04199
   0.03820
  -0.00559
  -0.03123
   0.04449
  -0.02419
  -0.01437
   0.04208
  -0.03805
   0.00531
   0.03144
  -0.04446
   0.02395
   0.01463
  -0.04218
   0.03790
  -0.00503
  -0.03163
   0.04443
  -0.02371
  -0.01490
   0.04227
  -0.03775
   0.00475
   0.03183
  -0.04440
   0.02347
   0.01516
  -0.04236
   0.03760
  -0.00447
  -0.03203
   0.04437
  -0.02323
  -0.01543
   0.04245
  -0.03745
   0.00419
   0.03222
  -0.04433
   0.02299
   0.01569
  -0.04254
   0.03729
  -0.00391
  -0.03242
   0.04429
  -0.02275
  -0.01595
   0.04262
  -0.03714
   0.00363
   0.03261
  -0.04425
   0.02251
   0.01622
  -0.04271
   0.03698
  -0.00335
  -0.03280
   0.04421
  -0.02227
  -0.01648
   0.04279
  -0.03682
   0.00307
   0.03299
  -0.04417
   0.02202
   0.01674
  -0.04287
   0.03666
  -0.00279
  -0.03318
   0.04412
  -0.02178
  -0.01700
   0.04295
  -0.03650
   0.00251
   0.03337
  -0.04408
   0.02153
   0.01726
  -0.04303
   0.03634
  -0.00223
  -0.03356
   0.04403
  -0.02128
  -0.01752
   0.04310
  -0.03617
   0.00195
   0.03374
  -0.04398
   0.02104
   0.01778
  -0.04318
   0.03600
  -0.00167
  -0.03393
   0.04393
  -0.02079
  -0.01803
   0.04325
  -0.03584
   0.00139
   0.03411
  -0.04387
   0.02054
   0.01829
  -0.04332
   0.03567
  -0.00111
  -0.03429
   0.04382
  -0.02029
  -0.01855
   0.04339
  -0.03550
   0.00083
   0.03447
  -0.04376
   0.02004
   0.01880
  -0.04346
   0.03533
  -0.00055
  -0.03465
   0.04370
  -0.01979
  -0.01906
   0.04352
  -0.03515
   0.00026
   0.03482
  -0.04364
   0.01953
   0.01931
  -0.04359
   0.03498
   0.00002
  -0.03500
   0.04358
  -0.01928
  -0.01956
   0.04365
  -0.03480
  -0.00030
   0.03517
  -0.04351
   0.01903
   0.01982
  -0.04371
   0.03463
   0.00058
  -0.03535
   0.04345
  -0.01877
  -0.02007
   0.04377
  -0.03445
  -0.00086
   0.03552
  -0.04338
   0.01852
   0.02032
  -0.04382
   0.03427
   0.00114
  -0.03569
   0.04331
  -0.01826
  -0.02057
   0.04388
  -0.03409
  -0.00142
   0.03586
  -0.04324
   0.01800
   0.02082
  -0.04393
   0.03390
   0.00170
  -0.03602
   0.04317
  -0.01775
  -0.02107
   0.04398
  -0.03372
  -0.00198
   0.03619
  -0.04309
   0.01749
   0.02131
  -0.04403
   0.03353
   0.00226
  -0.03635
   0.04302
  -0.01723
  -0.02156
   0.04408
  -0.03335
  -0.00254
   0.03652
  -0.04294
   0.01697
   0.02181
  -0.04413
   0.03316
   0.00282
  -0.03668
   0.04286
  -0.01671
  -0.02205
   0.04417
  -0.03297
  -0.00311
   0.03684
  -0.04278
   0.01645
   0.02229
  -0.04422
   0.03278
   0.00339
  -0.03700
   0.04270
  -0.01619
  -0.02254
   0.04426
  -0.03259
  -0.00367
   0.03715
  -0.04261
   0.01592
   0.02278
  -0.04430
   0.03240
   0.00395
  -0.03731
   0.04253
  -0.01566
  -0.02302
   0.04433
  -0.03220
  -0.00423
   0.03746
  -0.04244
   0.01540
   0.02326
  -0.04437
   0.03201
   0.00450
  -0.03762
   0.04235
  -0.01513
  -0.02350
   0.04441
  -0.03181
  -0.00478
   0.03777
  -0.04226
   0.01487
   0.02374
  -0.04444
   0.03161
   0.00506
  -0.03792
   0.04217
  -0.01460
  -0.02398
   0.04447
  -0.03141
  -0.00534
   0.03807
  -0.04207
   0.01434
   0.02421
  -0.04450
   0.03121
   0.00562
  -0.03821
   0.04198
  -0.01407
  -0.02445
   0.04452
  -0.03101
  -0.00590
   0.03836
  -0.04188
   0.01380
   0.02468
  -0.04455
   0.03081
   0.00618
  -0.03850
   0.04178
  -0.01354
  -0.02492
   0.04457
  -0.03060
  -0.00646
   0.03864
  -0.04168
   0.01327
   0.02515
  -0.04460
   0.03040
   0.00673
  -0.03878
   0.04157
  -0.01300
  -0.02538
   0.04462
  -0.03019
  -0.00701
   0.03892
  -0.04147
   0.01273
   0.02561
  -0.04463
   0.02998
   0.00729
  -0.03906
   0.04136
  -0.01246
  -0.02584
   0.04465
  -0.02977
  -0.00757
   0.03920
  -0.04126
   0.01219
   0.02607
  -0.04467
   0.02956
   0.00784
  -0.03933
   0.04115
  -0.01192
  -0.02630
   0.04468
  -0.02935
  -0.00812
   0.03947
  -0.04104
   0.01165
   0.02653
  -0.04469
   0.02914
   0.00840
  -0.03960
   0.04092
  -0.01138
  -0.02675
   0.04470
  -0.02892
  -0.00867
   0.03973
  -0.04081
   0.01111
   0.02698
  -0.04471
   0.02871
   0.00895
  -0.03985
   0.04069
  -0.01083
  -0.02720
   0.04471
  -0.02849
  -0.00922
   0.03998
  -0.04058
   0.01056
   0.02742
  -0.04472
   0.02828
   0.00950
  -0.04011
   0.04046
  -0.01029
  -0.02764
   0.04472
  -0.02806
  -0.00977
   0.04023
  -0.04034
   0.01001
   0.02786
  -0.04472
   0.02784
   0.01005
  -0.04035
   0.04022
  -0.00974
  -0.02808
   0.04472
  -0.02762
  -0.01032
   0.04047
  -0.04009
   0.00946
   0.02830
  -0.04472
   0.02740
   0.01059
  -0.04059
   0.03997
  -0.00919
  -0.02852
   0.04471
  -0.02717
  -0.01087
   0.04071
  -0.03984
   0.00891
   0.02874
  -0.04471
   0.02695
   0.01114
  -0.04082
   0.03971
  -0.00864
  -0.02895
   0.04470
  -0.02673
  -0.01141
   0.04094
  -0.03958
   0.00836
   0.02916
  -0.04469
   0.02650
   0.01168
  -0.04105
   0.03945
  -0.00809
  -0.02938
   0.04468
  -0.02627
  -0.01195
   0.04116
  -0.03932
   0.00781
   0.02959
  -0.04466
   0.02605
   0.01222
  -0.04127
   0.03918
  -0.00753
  -0.02980
   0.04465
  -0.02582
  -0.01249
   0.04138
  -0.03905
   0.00726
   0.03001
  -0.04463
   0.02559
   0.01276
  -0.04148
   0.03891
  -0.00698
  -0.03021
   0.04461
  -0.02536
  -0.01303
   0.04159
  -0.03877
   0.00670
   0.03042
  -0.04459
   0.02512
   0.01330
  -0.04169
   0.03863
  -0.00642
  -0.03063
   0.04457
  -0.02489
  -0.01357
   0.04179
  -0.03849
   0.00615
   0.03083
  -0.04455
   0.02466
   0.01384
  -0.04189
   0.03834
  -0.00587
  -0.03103
   0.04452
  -0.02442
  -0.01410
   0.04199
  -0.03820
   0.00559
   0.03123
  -0.04449
   0.02419
   0.01437
  -0.04208
   0.03805
  -0.00531
  -0.03144
   0.04446
  -0.02395
  -0.01463
   0.04218
  -0.03790
   0.00503
   0.03163
  -0.04443
   0.02371
   0.01490
  -0.04227
   0.03775
  -0.00475
  -0.03183
   0.04440
  -0.02347
  -0.01516
   0.04236
  -0.03760
   0.00447
   0.03203
  -0.04437
   0.02323
   0.01543
  -0.04245
   0.03745
  -0.00419
  -0.03222
   0.04433
  -0.02299
  -0.01569
   0.04254
  -0.03729
   0.00391
   0.03242
  -0.04429
   0.02275
   0.01595
  -0.04262
   0.03714
  -0.00363
  -0.03261
   0.04425
  -0.02251
  -0.01622
   0.04271
  -0.03698
   0.00335
   0.03280
  -0.04421
   0.02227
   0.01648
  -0.04279
   0.03682
  -0.00307
  -0.03299
   0.04417
  -0.02202
  -0.01674
   0.04287
  -0.03666
   0.00279
   0.03318
  -0.04412
   0.02178
   0.01700
  -0.04295
   0.03650
  -0.00251
  -0.03337
   0.04408
  -0.02153
  -0.01726
   0.04303
  -0.03634
   0.00223
   0.03356
  -0.04403
   0.02128
   0.01752
  -0.04310
   0.03617
  -0.00195
  -0.03374
   0.04398
  -0.02104
  -0.01778
   0.04318
  -0.03600
   0.00167
   0.03393
  -0.04393
   0.02079
   0.01803
  -0.04325
   0.03584
  -0.00139
  -0.03411
   0.04387
  -0.02054
  -0.01829
   0.04332
  -0.03567
   0.00111
   0.03429
  -0.04382
   0.02029
   0.01855
  -0.04339
   0.03550
  -0.00083
  -0.03447
   0.04376
  -0.02004
  -0.01880
   0.04346
  -0.03533
   0.00055
   0.03465
  -0.04370
   0.01979
   0.01906
  -0.04352
   0.03515
  -0.00026
  -0.03482
   0.04364
  -0.01953
  -0.01931
   0.04359
  -0.03498
  -0.00002
   0.03500
  -0.04358
   0.01928
   0.01956
  -0.04365
   0.03480
   0.00030
  -0.03517
   0.04351
  -0.01903
  -0.01982
   0.04371
  -0.03463
  -0.00058
   0.03535
  -0.04345
   0.01877
   0.02007
  -0.04377
   0.03445
   0.00086
  -0.03552
   0.04338
  -0.01852
  -0.02032
   0.04382
  -0.03427
  -0.00114
   0.03569
  -0.04331
   0.01826
   0.02057
  -0.04388
   0.03409
   0.00142
  -0.03586
   0.04324
  -0.01800
  -0.02082
   0.04393
  -0.03390
  -0.00170
   0.03602
  -0.04317
   0.01775
   0.02107
  -0.04398
   0.03372
   0.00198
  -0.03619
   0.04309
  -0.01749
  -0.02131
   0.04403
  -0.03353
  -0.00226
   0.03635
  -0.04302
   0.01723
   0.02156
  -0.04408
   0.03335
   0.00254
  -0.03652
   0.04294
  -0.01697
  -0.02181
   0.04413
  -0.03316
  -0.00282
   0.03668
  -0.04286
   0.01671
   0.02205
  -0.04417
   0.03297
   0.00311
  -0.03684
   0.04278
  -0.01645
  -0.02229
   0.04422
  -0.03278
  -0.00339
   0.03700
  -0.04270
   0.01619
   0.02254
  -0.04426
   0.03259
   0.00367
  -0.03715
   0.04261
  -0.01592
  -0.02278
   0.04430
  -0.03240
  -0.00395
   0.03731
  -0.04253
   0.01566
   0.02302
  -0.04433
   0.03220
   0.00423
  -0.03746
   0.04244
  -0.01540
  -0.02326
   0.04437
  -0.03201
  -0.00450
   0.03762
  -0.04235
   0.01513
   0.02350
  -0.04441
   0.03181
   0.00478
  -0.03777
   0.04226
  -0.01487
  -0.02374
   0.04444
  -0.03161
  -0.00506
   0.03792
  -0.04217
   0.01460
   0.02398
  -0.04447
   0.03141
   0.00534
  -0.03807
   0.04207
  -0.01434
  -0.02421
   0.04450
  -0.03121
  -0.00562
   0.03821
  -0.04198
   0.01407
   0.02445
  -0.04452
   0.03101
   0.00590
  -0.03836
   0.04188
  -0.01380
  -0.02468
   0.04455
  -0.03081
  -0.00618
   0.03850
  -0.04178
   0.01354
   0.02492
  -0.04457
   0.03060
   0.00646
  -0.03864
   0.04168
  -0.01327
  -0.02515
   0.04460
  -0.03040
  -0.00673
   0.03878
  -0.04157
   0.01300
   0.02538
  -0.04462
   0.03019
   0.00701
  -0.03892
   0.04147
  -0.01273
  -0.02561
   0.04463
  -0.02998
  -0.00729
   0.03906
  -0.04136
   0.01246
   0.02584
  -0.04465
   0.02977
   0.00757
  -0.03920
   0.04126
  -0.01219
  -0.02607
   0.04467
  -0.02956
  -0.00784
   0.03933
  -0.04115
   0.01192
   0.02630
  -0.04468
   0.02935
   0.00812
  -0.03947
   0.04104
  -0.01165
  -0.02653
   0.04469
  -0.02914
  -0.00840
   0.03960
  -0.04092
   0.01138
   0.02675
  -0.04470
   0.02892
   0.00867
  -0.03973
   0.04081
  -0.01111
  -0.02698
   0.04471
  -0.02871
  -0.00895
   0.03985
  -0.04069
   0.01083
   0.02720
  -0.04471
   0.02849
   0.00922
  -0.03998
   0.04058
  -0.01056
  -0.02742
   0.04472
  -0.02828
  -0.00950
   0.04011
  -0.04046
   0.01029
   0.02764
  -0.04472
   0.02806
   0.00977
  -0.04023
   0.04034
  -0.01001
  -0.02786
   0.04472
  -0.02784
  -0.01005
   0.04035
  -0.04022
   0.00974
   0.02808
  -0.04472
   0.02762
   0.01032
  -0.04047
   0.04009
  -0.00946
  -0.02830
   0.04472
  -0.02740
  -0.01059
   0.04059
  -0.03997
   0.00919
   0.02852
  -0.04471
   0.02717
   0.01087
  -0.04071
   0.03984
  -0.00891
  -0.02874
   0.04471
  -0.02695
  -0.01114
   0.04082
  -0.03971
   0.00864
   0.02895
  -0.04470
   0.02673
   0.01141
  -0.04094
   0.03958
  -0.00836
  -0.02916
   0.04469
  -0.02650
  -0.01168
   0.04105
  -0.03945
   0.00809
   0.02938
  -0.04468
   0.02627
   0.01195
  -0.04116
   0.03932
  -0.00781
  -0.02959
   0.04466
  -0.02605
  -0.01222
   0.04127
  -0.03918
   0.00753
   0.02980
  -0.04465
   0.02582
   0.01249
  -0.04138
   0.03905
  -0.00726
  -0.03001
   0.04463
  -0.02559
  -0.01276
