  -0.01754
   0.03140
   0.04139
   0.00004
  -0.04136
  -0.03145
   0.01747
   0.04472
   0.01650
  -0.03219
  -0.04095
   0.00109
   0.04177
   0.03064
  -0.01850
  -0.04469
  -0.01545
   0.03296
   0.04048
  -0.00221
  -0.04216
  -0.02981
   0.01951
   0.04464
   0.01439
  -0.03371
  -0.03999
   0.00333
   0.04252
   0.02897
  -0.02052
  -0.04455
  -0.01332
   0.03443
   0.03948
  -0.00445
  -0.04286
  -0.02810
   0.02151
   0.04444
   0.01224
  -0.03514
  -0.03893
   0.00557
   0.04316
   0.02722
  -0.02249
  -0.04430
  -0.01116
   0.03582
   0.03837
  -0.00668
  -0.04344
  -0.02632
   0.02345
   0.04413
   0.01007
  -0.03649
  -0.03778
   0.00779
   0.04370
   0.02540
  -0.02440
  -0.04394
  -0.00897
   0.03712
   0.03717
  -0.00889
  -0.04392
  -0.02447
   0.02534
   0.04371
   0.00786
  -0.03774
  -0.03653
   0.00999
   0.04412
   0.02352
  -0.02626
  -0.04346
  -0.00676
   0.03833
   0.03587
  -0.01108
  -0.04429
  -0.02256
   0.02716
   0.04318
   0.00564
  -0.03890
  -0.03519
   0.01217
   0.04443
   0.02158
  -0.02804
  -0.04288
  -0.00453
   0.03944
   0.03448
  -0.01325
  -0.04455
  -0.02059
   0.02891
   0.04254
   0.00341
  -0.03996
  -0.03376
   0.01432
   0.04463
   0.01958
  -0.02976
  -0.04218
  -0.00229
   0.04045
   0.03301
  -0.01538
  -0.04469
  -0.01857
   0.03059
   0.04180
   0.00116
  -0.04092
  -0.03224
   0.01643
   0.04472
   0.01754
  -0.03140
  -0.04139
  -0.00004
   0.04136
   0.03145
  -0.01747
  -0.04472
  -0.01650
   0.03219
   0.04095
  -0.00109
  -0.04177
  -0.03064
   0.01850
   0.04469
   0.01545
  -0.03296
  -0.04048
   0.00221
   0.04216
   0.02981
  -0.01951
  -0.04464
  -0.01439
   0.03371
   0.03999
  -0.00333
  -0.04252
  -0.02897
   0.02052
   0.04455
   0.01332
  -0.03443
  -0.03948
   0.00445
   0.04286
   0.02810
  -0.02151
  -0.04444
  -0.01224
   0.03514
   0.03893
  -0.00557
  -0.04316
  -0.02722
   0.02249
   0.04430
   0.01116
  -0.03582
  -0.03837
   0.00668
   0.04344
   0.02632
  -0.02345
  -0.04413
  -0.01007
   0.03649
   0.03778
  -0.00779
  -0.04370
  -0.02540
   0.02440
   0.04394
   0.00897
  -0.03712
  -0.03717
   0.00889
   0.04392
   0.02447
  -0.02534
  -0.04371
  -0.00786
   0.03774
   0.03653
  -0.00999
  -0.04412
  -0.02352
   0.02626
   0.04346
   0.00676
  -0.03833
  -0.03587
   0.01108
   0.04429
   0.02256
  -0.02716
  -0.04318
  -0.00564
   0.03890
   0.03519
  -0.01217
  -0.04443
  -0.02158
   0.02804
   0.04288
   0.00453
  -0.03944
  -0.03448
   0.01325
   0.04455
   0.02059
  -0.02891
  -0.04254
  -0.00341
   0.03996
   0.03376
  -0.01432
  -0.04463
  -0.01958
   0.02976
   0.04218
   0.00229
  -0.04045
  -0.03301
   0.01538
   0.04469
   0.01857
  -0.03059
  -0.04180
  -0.00116
   0.04092
   0.03224
  -0.01643
  -0.04472
  -0.01754
   0.03140
   0.04139
   0.00004
  -0.04136
  -0.03145
   0.01747
   0.04472
   0.01650
  -0.03219
  -0.04095
   0.00109
   0.04177
   0.03064
  -0.01850
  -0.04469
  -0.01545
   0.03296
   0.04048
  -0.00221
  -0.04216
  -0.02981
   0.01951
   0.04464
   0.01439
  -0.03371
  -0.03999
   0.00333
   0.04252
   0.02897
  -0.02052
  -0.04455
  -0.01332
   0.03443
   0.03948
  -0.00445
  -0.04286
  -0.02810
   0.02151
   0.04444
   0.01224
  -0.03514
  -0.03893
   0.00557
   0.04316
   0.02722
  -0.02249
  -0.04430
  -0.01116
   0.03582
   0.03837
  -0.00668
  -0.04344
  -0.02632
   0.02345
   0.04413
   0.01007
  -0.03649
  -0.03778
   0.00779
   0.04370
   0.02540
  -0.02440
  -0.04394
  -0.00897
   0.03712
   0.03717
  -0.00889
  -0.04392
  -0.02447
   0.02534
   0.04371
   0.00786
  -0.03774
  -0.03653
   0.00999
   0.04412
   0.02352
  -0.02626
  -0.04346
  -0.00676
   0.03833
   0.03587
  -0.01108
  -0.04429
  -0.02256
   0.02716
   0.04318
   0.00564
  -0.03890
  -0.03519
   0.01217
   0.04443
   0.02158
  -0.02804
  -0.04288
  -0.00453
   0.03944
   0.03448
  -0.01325
  -0.04455
  -0.02059
   0.02891
   0.04254
   0.00341
  -0.03996
  -0.03376
   0.01432
   0.04463
   0.01958
  -0.02976
  -0.04218
  -0.00229
   0.04045
   0.03301
  -0.01538
  -0.04469
  -0.01857
   0.03059
   0.04180
   0.00116
  -0.04092
  -0.03224
   0.01643
   0.04472
   0.01754
  -0.03140
  -0.04139
  -0.00004
   0.04136
   0.03145
  -0.01747
  -0.04472
  -0.01650
   0.03219
   0.04095
  -0.00109
  -0.04177
  -0.03064
   0.01850
   0.04469
   0.01545
  -0.03296
  -0.04048
   0.00221
   0.04216
   0.02981
  -0.01951
  -0.04464
  -0.01439
   0.03371
   0.03999
  -0.00333
  -0.04252
  -0.02897
   0.02052
   0.04455
   0.01332
  -0.03443
  -0.03948
   0.00445
   0.04286
   0.02810
  -0.02151
  -0.04444
  -0.01224
   0.03514
   0.03893
  -0.00557
  -0.04316
  -0.02722
   0.02249
   0.04430
   0.01116
  -0.03582
  -0.03837
   0.00668
   0.04344
   0.02632
  -0.02345
  -0.04413
  -0.01007
   0.03649
   0.03778
  -0.00779
  -0.04370
  -0.02540
   0.02440
   0.04394
   0.00897
  -0.03712
  -0.03717
   0.00889
   0.04392
   0.02447
  -0.02534
  -0.04371
  -0.00786
   0.03774
   0.03653
  -0.00999
  -0.04412
  -0.02352
   0.02626
   0.04346
   0.00676
  -0.03833
  -0.03587
   0.01108
   0.04429
   0.02256
  -0.02716
  -0.04318
  -0.00564
   0.03890
   0.03519
  -0.01217
  -0.04443
  -0.02158
   0.02804
   0.04288
   0.00453
  -0.03944
  -0.03448
   0.01325
   0.04455
   0.02059
  -0.02891
  -0.04254
  -0.00341
   0.03996
   0.03376
  -0.01432
  -0.04463
  -0.01958
   0.02976
   0.04218
   0.00229
  -0.04045
  -0.03301
   0.01538
   0.04469
   0.01857
  -0.03059
  -0.04180
  -0.00116
   0.04092
   0.03224
  -0.01643
  -0.04472
  -0.01754
   0.03140
   0.04139
   0.00004
  -0.04136
  -0.03145
   0.01747
   0.04472
   0.01650
  -0.03219
  -0.04095
   0.00109
   0.04177
   0.03064
  -0.01850
  -0.04469
  -0.01545
   0.03296
   0.04048
  -0.00221
  -0.04216
  -0.02981
   0.01951
   0.04464
   0.01439
  -0.03371
  -0.03999
   0.00333
   0.04252
   0.02897
  -0.02052
  -0.04455
  -0.01332
   0.03443
   0.03948
  -0.00445
  -0.04286
  -0.02810
   0.02151
   0.04444
   0.01224
  -0.03514
  -0.03893
   0.00557
   0.04316
   0.02722
  -0.02249
  -0.04430
  -0.01116
   0.03582
   0.03837
  -0.00668
  -0.04344
  -0.02632
   0.02345
   0.04413
   0.01007
  -0.03649
  -0.03778
   0.00779
   0.04370
   0.02540
  -0.02440
  -0.04394
  -0.00897
   0.03712
   0.03717
  -0.00889
  -0.04392
  -0.02447
   0.02534
   0.04371
   0.00786
  -0.03774
  -0.03653
   0.00999
   0.04412
   0.02352
  -0.02626
  -0.04346
  -0.00676
   0.03833
   0.03587
  -0.01108
  -0.04429
  -0.02256
   0.02716
   0.04318
   0.00564
  -0.03890
  -0.03519
   0.01217
   0.04443
   0.02158
  -0.02804
  -0.04288
  -0.00453
   0.03944
   0.03448
  -0.01325
  -0.04455
  -0.02059
   0.02891
   0.04254
   0.00341
  -0.03996
  -0.03376
   0.01432
   0.04463
   0.01958
  -0.02976
  -0.04218
  -0.00229
   0.04045
   0.03301
  -0.01538
  -0.04469
  -0.01857
   0.03059
   0.04180
   0.00116
  -0.04092
  -0.03224
   0.01643
   0.04472
   0.01754
  -0.03140
  -0.04139
  -0.00004
   0.04136
   0.03145
  -0.01747
  -0.04472
  -0.01650
   0.03219
   0.04095
  -0.00109
  -0.04177
  -0.03064
   0.01850
   0.04469
   0.01545
  -0.03296
  -0.04048
   0.00221
   0.04216
   0.02981
  -0.01951
  -0.04464
  -0.01439
   0.03371
   0.03999
  -0.00333
  -0.04252
  -0.02897
   0.02052
   0.04455
   0.01332
  -0.03443
  -0.03948
   0.00445
   0.04286
   0.02810
  -0.02151
  -0.04444
  -0.01224
   0.03514
   0.03893
  -0.00557
  -0.04316
  -0.02722
   0.02249
   0.04430
   0.01116
  -0.03582
  -0.03837
   0.00668
   0.04344
   0.02632
  -0.02345
  -0.04413
  -0.01007
   0.03649
   0.03778
  -0.00779
  -0.04370
  -0.02540
   0.02440
   0.04394
   0.00897
  -0.03712
  -0.03717
   0.00889
   0.04392
   0.02447
  -0.02534
  -0.04371
  -0.00786
   0.03774
   0.03653
  -0.00999
  -0.04412
  -0.02352
   0.02626
   0.04346
   0.00676
  -0.03833
  -0.03587
   0.01108
   0.04429
   0.02256
  -0.02716
  -0.04318
  -0.00564
   0.03890
   0.03519
  -0.01217
  -0.04443
  -0.02158
   0.02804
   0.04288
   0.00453
  -0.03944
  -0.03448
   0.01325
   0.04455
   0.02059
  -0.02891
  -0.04254
  -0.00341
   0.03996
   0.03376
  -0.01432
  -0.04463
  -0.01958
   0.02976
   0.04218
   0.00229
  -0.04045
  -0.03301
   0.01538
   0.04469
   0.01857
  -0.03059
  -0.04180
  -0.00116
   0.04092
   0.03224
  -0.01643
  -0.04472
  -0.01754
   0.03140
   0.04139
   0.00004
  -0.04136
  -0.03145
   0.01747
   0.04472
   0.01650
  -0.03219
  -0.04095
   0.00109
   0.04177
   0.03064
  -0.01850
  -0.04469
  -0.01545
   0.03296
   0.04048
  -0.00221
  -0.04216
  -0.02981
   0.01951
   0.04464
   0.01439
  -0.03371
  -0.03999
   0.00333
   0.04252
   0.02897
  -0.02052
  -0.04455
  -0.01332
   0.03443
   0.03948
  -0.00445
  -0.04286
  -0.02810
   0.02151
   0.04444
   0.01224
  -0.03514
  -0.03893
   0.00557
   0.04316
   0.02722
  -0.02249
  -0.04430
  -0.01116
   0.03582
   0.03837
  -0.00668
  -0.04344
  -0.02632
   0.02345
   0.04413
   0.01007
  -0.03649
  -0.03778
   0.00779
   0.04370
   0.02540
  -0.02440
  -0.04394
  -0.00897
   0.03712
   0.03717
  -0.00889
  -0.04392
  -0.02447
   0.02534
   0.04371
   0.00786
  -0.03774
  -0.03653
   0.00999
   0.04412
   0.02352
  -0.02626
  -0.04346
  -0.00676
   0.03833
   0.03587
  -0.01108
  -0.04429
  -0.02256
   0.02716
   0.04318
   0.00564
  -0.03890
  -0.03519
   0.01217
   0.04443
   0.02158
  -0.02804
  -0.04288
  -0.00453
   0.03944
   0.03448
  -0.01325
  -0.04455
  -0.02059
   0.02891
   0.04254
   0.00341
  -0.03996
  -0.03376
   0.01432
   0.04463
   0.01958
  -0.02976
  -0.04218
  -0.00229
   0.04045
   0.03301
  -0.01538
  -0.04469
  -0.01857
   0.03059
   0.04180
   0.00116
  -0.04092
  -0.03224
   0.01643
   0.04472
   0.01754
  -0.03140
  -0.04139
  -0.00004
   0.04136
   0.03145
  -0.01747
  -0.04472
  -0.01650
   0.03219
   0.04095
  -0.00109
  -0.04177
  -0.03064
   0.01850
   0.04469
   0.01545
  -0.03296
  -0.04048
   0.00221
   0.04216
   0.02981
  -0.01951
  -0.04464
  -0.01439
   0.03371
   0.03999
  -0.00333
  -0.04252
  -0.02897
   0.02052
   0.04455
   0.01332
  -0.03443
  -0.03948
   0.00445
   0.04286
   0.02810
  -0.02151
  -0.04444
  -0.01224
   0.03514
   0.03893
  -0.00557
  -0.04316
  -0.02722
   0.02249
   0.04430
   0.01116
  -0.03582
  -0.03837
   0.00668
   0.04344
   0.02632
  -0.02345
  -0.04413
  -0.01007
   0.03649
   0.03778
  -0.00779
  -0.04370
  -0.02540
   0.02440
   0.04394
   0.00897
  -0.03712
  -0.03717
   0.00889
   0.04392
   0.02447
  -0.02534
  -0.04371
  -0.00786
   0.03774
   0.03653
  -0.00999
  -0.04412
  -0.02352
   0.02626
   0.04346
   0.00676
  -0.03833
  -0.03587
   0.01108
   0.04429
   0.02256
  -0.02716
  -0.04318
  -0.00564
   0.03890
   0.03519
  -0.01217
  -0.04443
  -0.02158
   0.02804
   0.04288
   0.00453
  -0.03944
  -0.03448
   0.01325
   0.04455
   0.02059
  -0.02891
  -0.04254
  -0.00341
   0.03996
   0.03376
  -0.01432
  -0.04463
  -0.01958
   0.02976
   0.04218
   0.00229
  -0.04045
  -0.03301
   0.01538
   0.04469
   0.01857
  -0.03059
  -0.04180
  -0.00116
   0.04092
   0.03224
  -0.01643
  -0.04472
