   0.00982
  -0.02086
   0.03045
  -0.03794
   0.04280
  -0.04470
   0.04350
  -0.03929
   0.03236
  -0.02319
   0.01242
  -0.00078
  -0.01091
   0.02185
  -0.03127
   0.03853
  -0.04312
   0.04472
  -0.04323
   0.03875
  -0.03158
   0.02222
  -0.01133
  -0.00034
   0.01200
  -0.02282
   0.03206
  -0.03908
   0.04340
  -0.04471
   0.04293
  -0.03817
   0.03077
  -0.02124
   0.01024
   0.00147
  -0.01308
   0.02378
  -0.03283
   0.03962
  -0.04366
   0.04468
  -0.04260
   0.03757
  -0.02995
   0.02025
  -0.00914
  -0.00259
   0.01415
  -0.02472
   0.03359
  -0.04013
   0.04389
  -0.04461
   0.04224
  -0.03695
   0.02910
  -0.01924
   0.00804
   0.00371
  -0.01521
   0.02565
  -0.03432
   0.04061
  -0.04409
   0.04452
  -0.04186
   0.03631
  -0.02824
   0.01822
  -0.00693
  -0.00483
   0.01626
  -0.02656
   0.03503
  -0.04107
   0.04426
  -0.04440
   0.04145
  -0.03564
   0.02736
  -0.01719
   0.00582
   0.00595
  -0.01730
   0.02746
  -0.03572
   0.04150
  -0.04441
   0.04425
  -0.04102
   0.03495
  -0.02646
   0.01614
  -0.00471
  -0.00706
   0.01833
  -0.02834
   0.03638
  -0.04191
   0.04453
  -0.04407
   0.04056
  -0.03424
   0.02555
  -0.01509
   0.00359
   0.00817
  -0.01935
   0.02920
  -0.03702
   0.04229
  -0.04462
   0.04386
  -0.04007
   0.03350
  -0.02462
   0.01403
  -0.00246
  -0.00927
   0.02036
  -0.03004
   0.03764
  -0.04264
   0.04468
  -0.04363
   0.03956
  -0.03275
   0.02367
  -0.01296
   0.00134
   0.01036
  -0.02135
   0.03086
  -0.03824
   0.04296
  -0.04471
   0.04337
  -0.03902
   0.03197
  -0.02271
   0.01188
  -0.00022
  -0.01145
   0.02233
  -0.03167
   0.03881
  -0.04326
   0.04472
  -0.04308
   0.03846
  -0.03118
   0.02174
  -0.01079
  -0.00091
   0.01254
  -0.02330
   0.03245
  -0.03935
   0.04353
  -0.04470
   0.04277
  -0.03788
   0.03036
  -0.02075
   0.00969
   0.00203
  -0.01361
   0.02425
  -0.03321
   0.03988
  -0.04378
   0.04465
  -0.04242
   0.03727
  -0.02953
   0.01974
  -0.00859
  -0.00315
   0.01468
  -0.02519
   0.03396
  -0.04037
   0.04399
  -0.04457
   0.04206
  -0.03663
   0.02867
  -0.01873
   0.00749
   0.00427
  -0.01574
   0.02611
  -0.03468
   0.04084
  -0.04418
   0.04446
  -0.04166
   0.03598
  -0.02780
   0.01770
  -0.00638
  -0.00539
   0.01678
  -0.02701
   0.03538
  -0.04129
   0.04434
  -0.04432
   0.04124
  -0.03530
   0.02691
  -0.01667
   0.00526
   0.00650
  -0.01782
   0.02790
  -0.03605
   0.04171
  -0.04447
   0.04416
  -0.04079
   0.03460
  -0.02601
   0.01562
  -0.00415
  -0.00761
   0.01884
  -0.02877
   0.03671
  -0.04210
   0.04458
  -0.04397
   0.04032
  -0.03387
   0.02509
  -0.01456
   0.00303
   0.00872
  -0.01986
   0.02962
  -0.03734
   0.04246
  -0.04465
   0.04375
  -0.03982
   0.03313
  -0.02415
   0.01349
  -0.00190
  -0.00982
   0.02086
  -0.03045
   0.03794
  -0.04280
   0.04470
  -0.04350
   0.03929
  -0.03236
   0.02319
  -0.01242
   0.00078
   0.01091
  -0.02185
   0.03127
  -0.03853
   0.04312
  -0.04472
   0.04323
  -0.03875
   0.03158
  -0.02222
   0.01133
   0.00034
  -0.01200
   0.02282
  -0.03206
   0.03908
  -0.04340
   0.04471
  -0.04293
   0.03817
  -0.03077
   0.02124
  -0.01024
  -0.00147
   0.01308
  -0.02378
   0.03283
  -0.03962
   0.04366
  -0.04468
   0.04260
  -0.03757
   0.02995
  -0.02025
   0.00914
   0.00259
  -0.01415
   0.02472
  -0.03359
   0.04013
  -0.04389
   0.04461
  -0.04224
   0.03695
  -0.02910
   0.01924
  -0.00804
  -0.00371
   0.01521
  -0.02565
   0.03432
  -0.04061
   0.04409
  -0.04452
   0.04186
  -0.03631
   0.02824
  -0.01822
   0.00693
   0.00483
  -0.01626
   0.02656
  -0.03503
   0.04107
  -0.04426
   0.04440
  -0.04145
   0.03564
  -0.02736
   0.01719
  -0.00582
  -0.00595
   0.01730
  -0.02746
   0.03572
  -0.04150
   0.04441
  -0.04425
   0.04102
  -0.03495
   0.02646
  -0.01614
   0.00471
   0.00706
  -0.01833
   0.02834
  -0.03638
   0.04191
  -0.04453
   0.04407
  -0.04056
   0.03424
  -0.02555
   0.01509
  -0.00359
  -0.00817
   0.01935
  -0.02920
   0.03702
  -0.04229
   0.04462
  -0.04386
   0.04007
  -0.03350
   0.02462
  -0.01403
   0.00246
   0.00927
  -0.02036
   0.03004
  -0.03764
   0.04264
  -0.04468
   0.04363
  -0.03956
   0.03275
  -0.02367
   0.01296
  -0.00134
  -0.01036
   0.02135
  -0.03086
   0.03824
  -0.04296
   0.04471
  -0.04337
   0.03902
  -0.03197
   0.02271
  -0.01188
   0.00022
   0.01145
  -0.02233
   0.03167
  -0.03881
   0.04326
  -0.04472
   0.04308
  -0.03846
   0.03118
  -0.02174
   0.01079
   0.00091
  -0.01254
   0.02330
  -0.03245
   0.03935
  -0.04353
   0.04470
  -0.04277
   0.03788
  -0.03036
   0.02075
  -0.00969
  -0.00203
   0.01361
  -0.02425
   0.03321
  -0.03988
   0.04378
  -0.04465
   0.04242
  -0.03727
   0.02953
  -0.01974
   0.00859
   0.00315
  -0.01468
   0.02519
  -0.03396
   0.04037
  -0.04399
   0.04457
  -0.04206
   0.03663
  -0.02867
   0.01873
  -0.00749
  -0.00427
   0.01574
  -0.02611
   0.03468
  -0.04084
   0.04418
  -0.04446
   0.04166
  -0.03598
   0.02780
  -0.01770
   0.00638
   0.00539
  -0.01678
   0.02701
  -0.03538
   0.04129
  -0.04434
   0.04432
  -0.04124
   0.03530
  -0.02691
   0.01667
  -0.00526
  -0.00650
   0.01782
  -0.02790
   0.03605
  -0.04171
   0.04447
  -0.04416
   0.04079
  -0.03460
   0.02601
  -0.01562
   0.00415
   0.00761
  -0.01884
   0.02877
  -0.03671
   0.04210
  -0.04458
   0.04397
  -0.04032
   0.03387
  -0.02509
   0.01456
  -0.00303
  -0.00872
   0.01986
  -0.02962
   0.03734
  -0.04246
   0.04465
  -0.04375
   0.03982
  -0.03313
   0.02415
  -0.01349
   0.00190
   0.00982
  -0.02086
   0.03045
  -0.03794
   0.04280
  -0.04470
   0.04350
  -0.03929
   0.03236
  -0.02319
   0.01242
  -0.00078
  -0.01091
   0.02185
  -0.03127
   0.03853
  -0.04312
   0.04472
  -0.04323
   0.03875
  -0.03158
   0.02222
  -0.01133
  -0.00034
   0.01200
  -0.02282
   0.03206
  -0.03908
   0.04340
  -0.04471
   0.04293
  -0.03817
   0.03077
  -0.02124
   0.01024
   0.00147
  -0.01308
   0.02378
  -0.03283
   0.03962
  -0.04366
   0.04468
  -0.04260
   0.03757
  -0.02995
   0.02025
  -0.00914
  -0.00259
   0.01415
  -0.02472
   0.03359
  -0.04013
   0.04389
  -0.04461
   0.04224
  -0.03695
   0.02910
  -0.01924
   0.00804
   0.00371
  -0.01521
   0.02565
  -0.03432
   0.04061
  -0.04409
   0.04452
  -0.04186
   0.03631
  -0.02824
   0.01822
  -0.00693
  -0.00483
   0.01626
  -0.02656
   0.03503
  -0.04107
   0.04426
  -0.04440
   0.04145
  -0.03564
   0.02736
  -0.01719
   0.00582
   0.00595
  -0.01730
   0.02746
  -0.03572
   0.04150
  -0.04441
   0.04425
  -0.04102
   0.03495
  -0.02646
   0.01614
  -0.00471
  -0.00706
   0.01833
  -0.02834
   0.03638
  -0.04191
   0.04453
  -0.04407
   0.04056
  -0.03424
   0.02555
  -0.01509
   0.00359
   0.00817
  -0.01935
   0.02920
  -0.03702
   0.04229
  -0.04462
   0.04386
  -0.04007
   0.03350
  -0.02462
   0.01403
  -0.00246
  -0.00927
   0.02036
  -0.03004
   0.03764
  -0.04264
   0.04468
  -0.04363
   0.03956
  -0.03275
   0.02367
  -0.01296
   0.00134
   0.01036
  -0.02135
   0.03086
  -0.03824
   0.04296
  -0.04471
   0.04337
  -0.03902
   0.03197
  -0.02271
   0.01188
  -0.00022
  -0.01145
   0.02233
  -0.03167
   0.03881
  -0.04326
   0.04472
  -0.04308
   0.03846
  -0.03118
   0.02174
  -0.01079
  -0.00091
   0.01254
  -0.02330
   0.03245
  -0.03935
   0.04353
  -0.04470
   0.04277
  -0.03788
   0.03036
  -0.02075
   0.00969
   0.00203
  -0.01361
   0.02425
  -0.03321
   0.03988
  -0.04378
   0.04465
  -0.04242
   0.03727
  -0.02953
   0.01974
  -0.00859
  -0.00315
   0.01468
  -0.02519
   0.03396
  -0.04037
   0.04399
  -0.04457
   0.04206
  -0.03663
   0.02867
  -0.01873
   0.00749
   0.00427
  -0.01574
   0.02611
  -0.03468
   0.04084
  -0.04418
   0.04446
  -0.04166
   0.03598
  -0.02780
   0.01770
  -0.00638
  -0.00539
   0.01678
  -0.02701
   0.03538
  -0.04129
   0.04434
  -0.04432
   0.04124
  -0.03530
   0.02691
  -0.01667
   0.00526
   0.00650
  -0.01782
   0.02790
  -0.03605
   0.04171
  -0.04447
   0.04416
  -0.04079
   0.03460
  -0.02601
   0.01562
  -0.00415
  -0.00761
   0.01884
  -0.02877
   0.03671
  -0.04210
   0.04458
  -0.04397
   0.04032
  -0.03387
   0.02509
  -0.01456
   0.00303
   0.00872
  -0.01986
   0.02962
  -0.03734
   0.04246
  -0.04465
   0.04375
  -0.03982
   0.03313
  -0.02415
   0.01349
  -0.00190
  -0.00982
   0.02086
  -0.03045
   0.03794
  -0.04280
   0.04470
  -0.04350
   0.03929
  -0.03236
   0.02319
  -0.01242
   0.00078
   0.01091
  -0.02185
   0.03127
  -0.03853
   0.04312
  -0.04472
   0.04323
  -0.03875
   0.03158
  -0.02222
   0.01133
   0.00034
  -0.01200
   0.02282
  -0.03206
   0.03908
  -0.04340
   0.04471
  -0.04293
   0.03817
  -0.03077
   0.02124
  -0.01024
  -0.00147
   0.01308
  -0.02378
   0.03283
  -0.03962
   0.04366
  -0.04468
   0.04260
  -0.03757
   0.02995
  -0.02025
   0.00914
   0.00259
  -0.01415
   0.02472
  -0.03359
   0.04013
  -0.04389
   0.04461
  -0.04224
   0.03695
  -0.02910
   0.01924
  -0.00804
  -0.00371
   0.01521
  -0.02565
   0.03432
  -0.04061
   0.04409
  -0.04452
   0.04186
  -0.03631
   0.02824
  -0.01822
   0.00693
   0.00483
  -0.01626
   0.02656
  -0.03503
   0.04107
  -0.04426
   0.04440
  -0.04145
   0.03564
  -0.02736
   0.01719
  -0.00582
  -0.00595
   0.01730
  -0.02746
   0.03572
  -0.04150
   0.04441
  -0.04425
   0.04102
  -0.03495
   0.02646
  -0.01614
   0.00471
   0.00706
  -0.01833
   0.02834
  -0.03638
   0.04191
  -0.04453
   0.04407
  -0.04056
   0.03424
  -0.02555
   0.01509
  -0.00359
  -0.00817
   0.01935
  -0.02920
   0.03702
  -0.04229
   0.04462
  -0.04386
   0.04007
  -0.03350
   0.02462
  -0.01403
   0.00246
   0.00927
  -0.02036
   0.03004
  -0.03764
   0.04264
  -0.04468
   0.04363
  -0.03956
   0.03275
  -0.02367
   0.01296
  -0.00134
  -0.01036
   0.02135
  -0.03086
   0.03824
  -0.04296
   0.04471
  -0.04337
   0.03902
  -0.03197
   0.02271
  -0.01188
   0.00022
   0.01145
  -0.02233
   0.03167
  -0.03881
   0.04326
  -0.04472
   0.04308
  -0.03846
   0.03118
  -0.02174
   0.01079
   0.00091
  -0.01254
   0.02330
  -0.03245
   0.03935
  -0.04353
   0.04470
  -0.04277
   0.03788
  -0.03036
   0.02075
  -0.00969
  -0.00203
   0.01361
  -0.02425
   0.03321
  -0.03988
   0.04378
  -0.04465
   0.04242
  -0.03727
   0.02953
  -0.01974
   0.00859
   0.00315
  -0.01468
   0.02519
  -0.03396
   0.04037
  -0.04399
   0.04457
  -0.04206
   0.03663
  -0.02867
   0.01873
  -0.00749
  -0.00427
   0.01574
  -0.02611
   0.03468
  -0.04084
   0.04418
  -0.04446
   0.04166
  -0.03598
   0.02780
  -0.01770
   0.00638
   0.00539
  -0.01678
   0.02701
  -0.03538
   0.04129
  -0.04434
   0.04432
  -0.04124
   0.03530
  -0.02691
   0.01667
  -0.00526
  -0.00650
   0.01782
  -0.02790
   0.03605
  -0.04171
   0.04447
  -0.04416
   0.04079
  -0.03460
   0.02601
  -0.01562
   0.00415
   0.00761
  -0.01884
   0.02877
  -0.03671
   0.04210
  -0.04458
   0.04397
  -0.04032
   0.03387
  -0.02509
   0.01456
  -0.00303
  -0.00872
   0.01986
  -0.02962
   0.03734
  -0.04246
   0.04465
  -0.04375
   0.03982
  -0.03313
   0.02415
  -0.01349
   0.00190
