   0.03075
  -0.00654
  -0.03882
  -0.04144
  -0.01238
   0.02614
   0.04468
   0.02908
  -0.00875
  -0.03989
  -0.04054
  -0.01021
   0.02793
   0.04472
   0.02733
  -0.01094
  -0.04086
  -0.03954
  -0.00801
   0.02965
   0.04464
   0.02552
  -0.01311
  -0.04172
  -0.03844
  -0.00579
   0.03129
   0.04446
   0.02364
  -0.01524
  -0.04248
  -0.03725
  -0.00355
   0.03286
   0.04416
   0.02171
  -0.01733
  -0.04312
  -0.03596
  -0.00131
   0.03434
   0.04374
   0.01971
  -0.01938
  -0.04367
  -0.03458
   0.00094
   0.03574
   0.04322
   0.01767
  -0.02138
  -0.04410
  -0.03311
   0.00318
   0.03704
   0.04259
   0.01559
  -0.02333
  -0.04441
  -0.03155
   0.00542
   0.03825
   0.04185
   0.01346
  -0.02522
  -0.04462
  -0.02992
   0.00765
   0.03937
   0.04100
   0.01130
  -0.02704
  -0.04472
  -0.02821
   0.00985
   0.04039
   0.04006
   0.00911
  -0.02880
  -0.04470
  -0.02644
   0.01203
   0.04130
   0.03901
   0.00690
  -0.03048
  -0.04456
  -0.02459
   0.01418
   0.04211
   0.03786
   0.00467
  -0.03208
  -0.04432
  -0.02268
   0.01629
   0.04281
   0.03661
   0.00243
  -0.03361
  -0.04396
  -0.02072
   0.01836
   0.04341
   0.03528
   0.00018
  -0.03505
  -0.04350
  -0.01870
   0.02039
   0.04389
   0.03385
  -0.00206
  -0.03640
  -0.04292
  -0.01663
   0.02236
   0.04427
   0.03234
  -0.00430
  -0.03766
  -0.04223
  -0.01453
   0.02428
   0.04453
   0.03075
  -0.00654
  -0.03882
  -0.04144
  -0.01238
   0.02614
   0.04468
   0.02908
  -0.00875
  -0.03989
  -0.04054
  -0.01021
   0.02793
   0.04472
   0.02733
  -0.01094
  -0.04086
  -0.03954
  -0.00801
   0.02965
   0.04464
   0.02552
  -0.01311
  -0.04172
  -0.03844
  -0.00579
   0.03129
   0.04446
   0.02364
  -0.01524
  -0.04248
  -0.03725
  -0.00355
   0.03286
   0.04416
   0.02171
  -0.01733
  -0.04312
  -0.03596
  -0.00131
   0.03434
   0.04374
   0.01971
  -0.01938
  -0.04367
  -0.03458
   0.00094
   0.03574
   0.04322
   0.01767
  -0.02138
  -0.04410
  -0.03311
   0.00318
   0.03704
   0.04259
   0.01559
  -0.02333
  -0.04441
  -0.03155
   0.00542
   0.03825
   0.04185
   0.01346
  -0.02522
  -0.04462
  -0.02992
   0.00765
   0.03937
   0.04100
   0.01130
  -0.02704
  -0.04472
  -0.02821
   0.00985
   0.04039
   0.04006
   0.00911
  -0.02880
  -0.04470
  -0.02644
   0.01203
   0.04130
   0.03901
   0.00690
  -0.03048
  -0.04456
  -0.02459
   0.01418
   0.04211
   0.03786
   0.00467
  -0.03208
  -0.04432
  -0.02268
   0.01629
   0.04281
   0.03661
   0.00243
  -0.03361
  -0.04396
  -0.02072
   0.01836
   0.04341
   0.03528
   0.00018
  -0.03505
  -0.04350
  -0.01870
   0.02039
   0.04389
   0.03385
  -0.00206
  -0.03640
  -0.04292
  -0.01663
   0.02236
   0.04427
   0.03234
  -0.00430
  -0.03766
  -0.04223
  -0.01453
   0.02428
   0.04453
   0.03075
  -0.00654
  -0.03882
  -0.04144
  -0.01238
   0.02614
   0.04468
   0.02908
  -0.00875
  -0.03989
  -0.04054
  -0.01021
   0.02793
   0.04472
   0.02733
  -0.01094
  -0.04086
  -0.03954
  -0.00801
   0.02965
   0.04464
   0.02552
  -0.01311
  -0.04172
  -0.03844
  -0.00579
   0.03129
   0.04446
   0.02364
  -0.01524
  -0.04248
  -0.03725
  -0.00355
   0.03286
   0.04416
   0.02171
  -0.01733
  -0.04312
  -0.03596
  -0.00131
   0.03434
   0.04374
   0.01971
  -0.01938
  -0.04367
  -0.03458
   0.00094
   0.03574
   0.04322
   0.01767
  -0.02138
  -0.04410
  -0.03311
   0.00318
   0.03704
   0.04259
   0.01559
  -0.02333
  -0.04441
  -0.03155
   0.00542
   0.03825
   0.04185
   0.01346
  -0.02522
  -0.04462
  -0.02992
   0.00765
   0.03937
   0.04100
   0.01130
  -0.02704
  -0.04472
  -0.02821
   0.00985
   0.04039
   0.04006
   0.00911
  -0.02880
  -0.04470
  -0.02644
   0.01203
   0.04130
   0.03901
   0.00690
  -0.03048
  -0.04456
  -0.02459
   0.01418
   0.04211
   0.03786
   0.00467
  -0.03208
  -0.04432
  -0.02268
   0.01629
   0.04281
   0.03661
   0.00243
  -0.03361
  -0.04396
  -0.02072
   0.01836
   0.04341
   0.03528
   0.00018
  -0.03505
  -0.04350
  -0.01870
   0.02039
   0.04389
   0.03385
  -0.00206
  -0.03640
  -0.04292
  -0.01663
   0.02236
   0.04427
   0.03234
  -0.00430
  -0.03766
  -0.04223
  -0.01453
   0.02428
   0.04453
   0.03075
  -0.00654
  -0.03882
  -0.04144
  -0.01238
   0.02614
   0.04468
   0.02908
  -0.00875
  -0.03989
  -0.04054
  -0.01021
   0.02793
   0.04472
   0.02733
  -0.01094
  -0.04086
  -0.03954
  -0.00801
   0.02965
   0.04464
   0.02552
  -0.01311
  -0.04172
  -0.03844
  -0.00579
   0.03129
   0.04446
   0.02364
  -0.01524
  -0.04248
  -0.03725
  -0.00355
   0.03286
   0.04416
   0.02171
  -0.01733
  -0.04312
  -0.03596
  -0.00131
   0.03434
   0.04374
   0.01971
  -0.01938
  -0.04367
  -0.03458
   0.00094
   0.03574
   0.04322
   0.01767
  -0.02138
  -0.04410
  -0.03311
   0.00318
   0.03704
   0.04259
   0.01559
  -0.02333
  -0.04441
  -0.03155
   0.00542
   0.03825
   0.04185
   0.01346
  -0.02522
  -0.04462
  -0.02992
   0.00765
   0.03937
   0.04100
   0.01130
  -0.02704
  -0.04472
  -0.02821
   0.00985
   0.04039
   0.04006
   0.00911
  -0.02880
  -0.04470
  -0.02644
   0.01203
   0.04130
   0.03901
   0.00690
  -0.03048
  -0.04456
  -0.02459
   0.01418
   0.04211
   0.03786
   0.00467
  -0.03208
  -0.04432
  -0.02268
   0.01629
   0.04281
   0.03661
   0.00243
  -0.03361
  -0.04396
  -0.02072
   0.01836
   0.04341
   0.03528
   0.00018
  -0.03505
  -0.04350
  -0.01870
   0.02039
   0.04389
   0.03385
  -0.00206
  -0.03640
  -0.04292
  -0.01663
   0.02236
   0.04427
   0.03234
  -0.00430
  -0.03766
  -0.04223
  -0.01453
   0.02428
   0.04453
   0.03075
  -0.00654
  -0.03882
  -0.04144
  -0.01238
   0.02614
   0.04468
   0.02908
  -0.00875
  -0.03989
  -0.04054
  -0.01021
   0.02793
   0.04472
   0.02733
  -0.01094
  -0.04086
  -0.03954
  -0.00801
   0.02965
   0.04464
   0.02552
  -0.01311
  -0.04172
  -0.03844
  -0.00579
   0.03129
   0.04446
   0.02364
  -0.01524
  -0.04248
  -0.03725
  -0.00355
   0.03286
   0.04416
   0.02171
  -0.01733
  -0.04312
  -0.03596
  -0.00131
   0.03434
   0.04374
   0.01971
  -0.01938
  -0.04367
  -0.03458
   0.00094
   0.03574
   0.04322
   0.01767
  -0.02138
  -0.04410
  -0.03311
   0.00318
   0.03704
   0.04259
   0.01559
  -0.02333
  -0.04441
  -0.03155
   0.00542
   0.03825
   0.04185
   0.01346
  -0.02522
  -0.04462
  -0.02992
   0.00765
   0.03937
   0.04100
   0.01130
  -0.02704
  -0.04472
  -0.02821
   0.00985
   0.04039
   0.04006
   0.00911
  -0.02880
  -0.04470
  -0.02644
   0.01203
   0.04130
   0.03901
   0.00690
  -0.03048
  -0.04456
  -0.02459
   0.01418
   0.04211
   0.03786
   0.00467
  -0.03208
  -0.04432
  -0.02268
   0.01629
   0.04281
   0.03661
   0.00243
  -0.03361
  -0.04396
  -0.02072
   0.01836
   0.04341
   0.03528
   0.00018
  -0.03505
  -0.04350
  -0.01870
   0.02039
   0.04389
   0.03385
  -0.00206
  -0.03640
  -0.04292
  -0.01663
   0.02236
   0.04427
   0.03234
  -0.00430
  -0.03766
  -0.04223
  -0.01453
   0.02428
   0.04453
   0.03075
  -0.00654
  -0.03882
  -0.04144
  -0.01238
   0.02614
   0.04468
   0.02908
  -0.00875
  -0.03989
  -0.04054
  -0.01021
   0.02793
   0.04472
   0.02733
  -0.01094
  -0.04086
  -0.03954
  -0.00801
   0.02965
   0.04464
   0.02552
  -0.01311
  -0.04172
  -0.03844
  -0.00579
   0.03129
   0.04446
   0.02364
  -0.01524
  -0.04248
  -0.03725
  -0.00355
   0.03286
   0.04416
   0.02171
  -0.01733
  -0.04312
  -0.03596
  -0.00131
   0.03434
   0.04374
   0.01971
  -0.01938
  -0.04367
  -0.03458
   0.00094
   0.03574
   0.04322
   0.01767
  -0.02138
  -0.04410
  -0.03311
   0.00318
   0.03704
   0.04259
   0.01559
  -0.02333
  -0.04441
  -0.03155
   0.00542
   0.03825
   0.04185
   0.01346
  -0.02522
  -0.04462
  -0.02992
   0.00765
   0.03937
   0.04100
   0.01130
  -0.02704
  -0.04472
  -0.02821
   0.00985
   0.04039
   0.04006
   0.00911
  -0.02880
  -0.04470
  -0.02644
   0.01203
   0.04130
   0.03901
   0.00690
  -0.03048
  -0.04456
  -0.02459
   0.01418
   0.04211
   0.03786
   0.00467
  -0.03208
  -0.04432
  -0.02268
   0.01629
   0.04281
   0.03661
   0.00243
  -0.03361
  -0.04396
  -0.02072
   0.01836
   0.04341
   0.03528
   0.00018
  -0.03505
  -0.04350
  -0.01870
   0.02039
   0.04389
   0.03385
  -0.00206
  -0.03640
  -0.04292
  -0.01663
   0.02236
   0.04427
   0.03234
  -0.00430
  -0.03766
  -0.04223
  -0.01453
   0.02428
   0.04453
   0.03075
  -0.00654
  -0.03882
  -0.04144
  -0.01238
   0.02614
   0.04468
   0.02908
  -0.00875
  -0.03989
  -0.04054
  -0.01021
   0.02793
   0.04472
   0.02733
  -0.01094
  -0.04086
  -0.03954
  -0.00801
   0.02965
   0.04464
   0.02552
  -0.01311
  -0.04172
  -0.03844
  -0.00579
   0.03129
   0.04446
   0.02364
  -0.01524
  -0.04248
  -0.03725
  -0.00355
   0.03286
   0.04416
   0.02171
  -0.01733
  -0.04312
  -0.03596
  -0.00131
   0.03434
   0.04374
   0.01971
  -0.01938
  -0.04367
  -0.03458
   0.00094
   0.03574
   0.04322
   0.01767
  -0.02138
  -0.04410
  -0.03311
   0.00318
   0.03704
   0.04259
   0.01559
  -0.02333
  -0.04441
  -0.03155
   0.00542
   0.03825
   0.04185
   0.01346
  -0.02522
  -0.04462
  -0.02992
   0.00765
   0.03937
   0.04100
   0.01130
  -0.02704
  -0.04472
  -0.02821
   0.00985
   0.04039
   0.04006
   0.00911
  -0.02880
  -0.04470
  -0.02644
   0.01203
   0.04130
   0.03901
   0.00690
  -0.03048
  -0.04456
  -0.02459
   0.01418
   0.04211
   0.03786
   0.00467
  -0.03208
  -0.04432
  -0.02268
   0.01629
   0.04281
   0.03661
   0.00243
  -0.03361
  -0.04396
  -0.02072
   0.01836
   0.04341
   0.03528
   0.00018
  -0.03505
  -0.04350
  -0.01870
   0.02039
   0.04389
   0.03385
  -0.00206
  -0.03640
  -0.04292
  -0.01663
   0.02236
   0.04427
   0.03234
  -0.00430
  -0.03766
  -0.04223
  -0.01453
   0.02428
   0.04453
   0.03075
  -0.00654
  -0.03882
  -0.04144
  -0.01238
   0.02614
   0.04468
   0.02908
  -0.00875
  -0.03989
  -0.04054
  -0.01021
   0.02793
   0.04472
   0.02733
  -0.01094
  -0.04086
  -0.03954
  -0.00801
   0.02965
   0.04464
   0.02552
  -0.01311
  -0.04172
  -0.03844
  -0.00579
   0.03129
   0.04446
   0.02364
  -0.01524
  -0.04248
  -0.03725
  -0.00355
   0.03286
   0.04416
   0.02171
  -0.01733
  -0.04312
  -0.03596
  -0.00131
   0.03434
   0.04374
   0.01971
  -0.01938
  -0.04367
  -0.03458
   0.00094
   0.03574
   0.04322
   0.01767
  -0.02138
  -0.04410
  -0.03311
   0.00318
   0.03704
   0.04259
   0.01559
  -0.02333
  -0.04441
  -0.03155
   0.00542
   0.03825
   0.04185
   0.01346
  -0.02522
  -0.04462
  -0.02992
   0.00765
   0.03937
   0.04100
   0.01130
  -0.02704
  -0.04472
  -0.02821
   0.00985
   0.04039
   0.04006
   0.00911
  -0.02880
  -0.04470
  -0.02644
   0.01203
   0.04130
   0.03901
   0.00690
  -0.03048
  -0.04456
  -0.02459
   0.01418
   0.04211
   0.03786
   0.00467
  -0.03208
  -0.04432
  -0.02268
   0.01629
   0.04281
   0.03661
   0.00243
  -0.03361
  -0.04396
  -0.02072
   0.01836
   0.04341
   0.03528
   0.00018
  -0.03505
  -0.04350
  -0.01870
   0.02039
   0.04389
   0.03385
  -0.00206
  -0.03640
  -0.04292
  -0.01663
   0.02236
   0.04427
   0.03234
  -0.00430
  -0.03766
  -0.04223
  -0.01453
   0.02428
   0.04453
