  -0.03982
  -0.02508
  -0.00414
   0.01782
   0.03538
   0.04418
   0.04205
   0.02952
   0.00969
  -0.01254
  -0.03167
  -0.04296
  -0.04363
  -0.03350
  -0.01509
   0.00706
   0.02746
   0.04107
   0.04452
   0.03695
   0.02024
  -0.00147
  -0.02282
  -0.03853
  -0.04470
  -0.03982
  -0.02508
  -0.00414
   0.01782
   0.03538
   0.04418
   0.04205
   0.02952
   0.00969
  -0.01254
  -0.03167
  -0.04296
  -0.04363
  -0.03350
  -0.01509
   0.00706
   0.02746
   0.04107
   0.04452
   0.03695
   0.02024
  -0.00147
  -0.02282
  -0.03853
  -0.04470
  -0.03982
  -0.02508
  -0.00414
   0.01782
   0.03538
   0.04418
   0.04205
   0.02952
   0.00969
  -0.01254
  -0.03167
  -0.04296
  -0.04363
  -0.03350
  -0.01509
   0.00706
   0.02746
   0.04107
   0.04452
   0.03695
   0.02024
  -0.00147
  -0.02282
  -0.03853
  -0.04470
  -0.03982
  -0.02508
  -0.00414
   0.01782
   0.03538
   0.04418
   0.04205
   0.02952
   0.00969
  -0.01254
  -0.03167
  -0.04296
  -0.04363
  -0.03350
  -0.01509
   0.00706
   0.02746
   0.04107
   0.04452
   0.03695
   0.02024
  -0.00147
  -0.02282
  -0.03853
  -0.04470
  -0.03982
  -0.02508
  -0.00414
   0.01782
   0.03538
   0.04418
   0.04205
   0.02952
   0.00969
  -0.01254
  -0.03167
  -0.04296
  -0.04363
  -0.03350
  -0.01509
   0.00706
   0.02746
   0.04107
   0.04452
   0.03695
   0.02024
  -0.00147
  -0.02282
  -0.03853
  -0.04470
  -0.03982
  -0.02508
  -0.00414
   0.01782
   0.03538
   0.04418
   0.04205
   0.02952
   0.00969
  -0.01254
  -0.03167
  -0.04296
  -0.04363
  -0.03350
  -0.01509
   0.00706
   0.02746
   0.04107
   0.04452
   0.03695
   0.02024
  -0.00147
  -0.02282
  -0.03853
  -0.04470
  -0.03982
  -0.02508
  -0.00414
   0.01782
   0.03538
   0.04418
   0.04205
   0.02952
   0.00969
  -0.01254
  -0.03167
  -0.04296
  -0.04363
  -0.03350
  -0.01509
   0.00706
   0.02746
   0.04107
   0.04452
   0.03695
   0.02024
  -0.00147
  -0.02282
  -0.03853
  -0.04470
  -0.03982
  -0.02508
  -0.00414
   0.01782
   0.03538
   0.04418
   0.04205
   0.02952
   0.00969
  -0.01254
  -0.03167
  -0.04296
  -0.04363
  -0.03350
  -0.01509
   0.00706
   0.02746
   0.04107
   0.04452
   0.03695
   0.02024
  -0.00147
  -0.02282
  -0.03853
  -0.04470
  -0.03982
  -0.02508
  -0.00414
   0.01782
   0.03538
   0.04418
   0.04205
   0.02952
   0.00969
  -0.01254
  -0.03167
  -0.04296
  -0.04363
  -0.03350
  -0.01509
   0.00706
   0.02746
   0.04107
   0.04452
   0.03695
   0.02024
  -0.00147
  -0.02282
  -0.03853
  -0.04470
  -0.03982
  -0.02508
  -0.00414
   0.01782
   0.03538
   0.04418
   0.04205
   0.02952
   0.00969
  -0.01254
  -0.03167
  -0.04296
  -0.04363
  -0.03350
  -0.01509
   0.00706
   0.02746
   0.04107
   0.04452
   0.03695
   0.02024
  -0.00147
  -0.02282
  -0.03853
  -0.04470
  -0.03982
  -0.02508
  -0.00414
   0.01782
   0.03538
   0.04418
   0.04205
   0.02952
   0.00969
  -0.01254
  -0.03167
  -0.04296
  -0.04363
  -0.03350
  -0.01509
   0.00706
   0.02746
   0.04107
   0.04452
   0.03695
   0.02024
  -0.00147
  -0.02282
  -0.03853
  -0.04470
  -0.03982
  -0.02508
  -0.00414
   0.01782
   0.03538
   0.04418
   0.04205
   0.02952
   0.00969
  -0.01254
  -0.03167
  -0.04296
  -0.04363
  -0.03350
  -0.01509
   0.00706
   0.02746
   0.04107
   0.04452
   0.03695
   0.02024
  -0.00147
  -0.02282
  -0.03853
  -0.04470
  -0.03982
  -0.02508
  -0.00414
   0.01782
   0.03538
   0.04418
   0.04205
   0.02952
   0.00969
  -0.01254
  -0.03167
  -0.04296
  -0.04363
  -0.03350
  -0.01509
   0.00706
   0.02746
   0.04107
   0.04452
   0.03695
   0.02024
  -0.00147
  -0.02282
  -0.03853
  -0.04470
  -0.03982
  -0.02508
  -0.00414
   0.01782
   0.03538
   0.04418
   0.04205
   0.02952
   0.00969
  -0.01254
  -0.03167
  -0.04296
  -0.04363
  -0.03350
  -0.01509
   0.00706
   0.02746
   0.04107
   0.04452
   0.03695
   0.02024
  -0.00147
  -0.02282
  -0.03853
  -0.04470
  -0.03982
  -0.02508
  -0.00414
   0.01782
   0.03538
   0.04418
   0.04205
   0.02952
   0.00969
  -0.01254
  -0.03167
  -0.04296
  -0.04363
  -0.03350
  -0.01509
   0.00706
   0.02746
   0.04107
   0.04452
   0.03695
   0.02024
  -0.00147
  -0.02282
  -0.03853
  -0.04470
  -0.03982
  -0.02508
  -0.00414
   0.01782
   0.03538
   0.04418
   0.04205
   0.02952
   0.00969
  -0.01254
  -0.03167
  -0.04296
  -0.04363
  -0.03350
  -0.01509
   0.00706
   0.02746
   0.04107
   0.04452
   0.03695
   0.02024
  -0.00147
  -0.02282
  -0.03853
  -0.04470
  -0.03982
  -0.02508
  -0.00414
   0.01782
   0.03538
   0.04418
   0.04205
   0.02952
   0.00969
  -0.01254
  -0.03167
  -0.04296
  -0.04363
  -0.03350
  -0.01509
   0.00706
   0.02746
   0.04107
   0.04452
   0.03695
   0.02024
  -0.00147
  -0.02282
  -0.03853
  -0.04470
  -0.03982
  -0.02508
  -0.00414
   0.01782
   0.03538
   0.04418
   0.04205
   0.02952
   0.00969
  -0.01254
  -0.03167
  -0.04296
  -0.04363
  -0.03350
  -0.01509
   0.00706
   0.02746
   0.04107
   0.04452
   0.03695
   0.02024
  -0.00147
  -0.02282
  -0.03853
  -0.04470
  -0.03982
  -0.02508
  -0.00414
   0.01782
   0.03538
   0.04418
   0.04205
   0.02952
   0.00969
  -0.01254
  -0.03167
  -0.04296
  -0.04363
  -0.03350
  -0.01509
   0.00706
   0.02746
   0.04107
   0.04452
   0.03695
   0.02024
  -0.00147
  -0.02282
  -0.03853
  -0.04470
  -0.03982
  -0.02508
  -0.00414
   0.01782
   0.03538
   0.04418
   0.04205
   0.02952
   0.00969
  -0.01254
  -0.03167
  -0.04296
  -0.04363
  -0.03350
  -0.01509
   0.00706
   0.02746
   0.04107
   0.04452
   0.03695
   0.02024
  -0.00147
  -0.02282
  -0.03853
  -0.04470
  -0.03982
  -0.02508
  -0.00414
   0.01782
   0.03538
   0.04418
   0.04205
   0.02952
   0.00969
  -0.01254
  -0.03167
  -0.04296
  -0.04363
  -0.03350
  -0.01509
   0.00706
   0.02746
   0.04107
   0.04452
   0.03695
   0.02024
  -0.00147
  -0.02282
  -0.03853
  -0.04470
  -0.03982
  -0.02508
  -0.00414
   0.01782
   0.03538
   0.04418
   0.04205
   0.02952
   0.00969
  -0.01254
  -0.03167
  -0.04296
  -0.04363
  -0.03350
  -0.01509
   0.00706
   0.02746
   0.04107
   0.04452
   0.03695
   0.02024
  -0.00147
  -0.02282
  -0.03853
  -0.04470
  -0.03982
  -0.02508
  -0.00414
   0.01782
   0.03538
   0.04418
   0.04205
   0.02952
   0.00969
  -0.01254
  -0.03167
  -0.04296
  -0.04363
  -0.03350
  -0.01509
   0.00706
   0.02746
   0.04107
   0.04452
   0.03695
   0.02024
  -0.00147
  -0.02282
  -0.03853
  -0.04470
  -0.03982
  -0.02508
  -0.00414
   0.01782
   0.03538
   0.04418
   0.04205
   0.02952
   0.00969
  -0.01254
  -0.03167
  -0.04296
  -0.04363
  -0.03350
  -0.01509
   0.00706
   0.02746
   0.04107
   0.04452
   0.03695
   0.02024
  -0.00147
  -0.02282
  -0.03853
  -0.04470
  -0.03982
  -0.02508
  -0.00414
   0.01782
   0.03538
   0.04418
   0.04205
   0.02952
   0.00969
  -0.01254
  -0.03167
  -0.04296
  -0.04363
  -0.03350
  -0.01509
   0.00706
   0.02746
   0.04107
   0.04452
   0.03695
   0.02024
  -0.00147
  -0.02282
  -0.03853
  -0.04470
  -0.03982
  -0.02508
  -0.00414
   0.01782
   0.03538
   0.04418
   0.04205
   0.02952
   0.00969
  -0.01254
  -0.03167
  -0.04296
  -0.04363
  -0.03350
  -0.01509
   0.00706
   0.02746
   0.04107
   0.04452
   0.03695
   0.02024
  -0.00147
  -0.02282
  -0.03853
  -0.04470
  -0.03982
  -0.02508
  -0.00414
   0.01782
   0.03538
   0.04418
   0.04205
   0.02952
   0.00969
  -0.01254
  -0.03167
  -0.04296
  -0.04363
  -0.03350
  -0.01509
   0.00706
   0.02746
   0.04107
   0.04452
   0.03695
   0.02024
  -0.00147
  -0.02282
  -0.03853
  -0.04470
  -0.03982
  -0.02508
  -0.00414
   0.01782
   0.03538
   0.04418
   0.04205
   0.02952
   0.00969
  -0.01254
  -0.03167
  -0.04296
  -0.04363
  -0.03350
  -0.01509
   0.00706
   0.02746
   0.04107
   0.04452
   0.03695
   0.02024
  -0.00147
  -0.02282
  -0.03853
  -0.04470
  -0.03982
  -0.02508
  -0.00414
   0.01782
   0.03538
   0.04418
   0.04205
   0.02952
   0.00969
  -0.01254
  -0.03167
  -0.04296
  -0.04363
  -0.03350
  -0.01509
   0.00706
   0.02746
   0.04107
   0.04452
   0.03695
   0.02024
  -0.00147
  -0.02282
  -0.03853
  -0.04470
  -0.03982
  -0.02508
  -0.00414
   0.01782
   0.03538
   0.04418
   0.04205
   0.02952
   0.00969
  -0.01254
  -0.03167
  -0.04296
  -0.04363
  -0.03350
  -0.01509
   0.00706
   0.02746
   0.04107
   0.04452
   0.03695
   0.02024
  -0.00147
  -0.02282
  -0.03853
  -0.04470
  -0.03982
  -0.02508
  -0.00414
   0.01782
   0.03538
   0.04418
   0.04205
   0.02952
   0.00969
  -0.01254
  -0.03167
  -0.04296
  -0.04363
  -0.03350
  -0.01509
   0.00706
   0.02746
   0.04107
   0.04452
   0.03695
   0.02024
  -0.00147
  -0.02282
  -0.03853
  -0.04470
  -0.03982
  -0.02508
  -0.00414
   0.01782
   0.03538
   0.04418
   0.04205
   0.02952
   0.00969
  -0.01254
  -0.03167
  -0.04296
  -0.04363
  -0.03350
  -0.01509
   0.00706
   0.02746
   0.04107
   0.04452
   0.03695
   0.02024
  -0.00147
  -0.02282
  -0.03853
  -0.04470
  -0.03982
  -0.02508
  -0.00414
   0.01782
   0.03538
   0.04418
   0.04205
   0.02952
   0.00969
  -0.01254
  -0.03167
  -0.04296
  -0.04363
  -0.03350
  -0.01509
   0.00706
   0.02746
   0.04107
   0.04452
   0.03695
   0.02024
  -0.00147
  -0.02282
  -0.03853
  -0.04470
  -0.03982
  -0.02508
  -0.00414
   0.01782
   0.03538
   0.04418
   0.04205
   0.02952
   0.00969
  -0.01254
  -0.03167
  -0.04296
  -0.04363
  -0.03350
  -0.01509
   0.00706
   0.02746
   0.04107
   0.04452
   0.03695
   0.02024
  -0.00147
  -0.02282
  -0.03853
  -0.04470
  -0.03982
  -0.02508
  -0.00414
   0.01782
   0.03538
   0.04418
   0.04205
   0.02952
   0.00969
  -0.01254
  -0.03167
  -0.04296
  -0.04363
  -0.03350
  -0.01509
   0.00706
   0.02746
   0.04107
   0.04452
   0.03695
   0.02024
  -0.00147
  -0.02282
  -0.03853
  -0.04470
  -0.03982
  -0.02508
  -0.00414
   0.01782
   0.03538
   0.04418
   0.04205
   0.02952
   0.00969
  -0.01254
  -0.03167
  -0.04296
  -0.04363
  -0.03350
  -0.01509
   0.00706
   0.02746
   0.04107
   0.04452
   0.03695
   0.02024
  -0.00147
  -0.02282
  -0.03853
  -0.04470
  -0.03982
  -0.02508
  -0.00414
   0.01782
   0.03538
   0.04418
   0.04205
   0.02952
   0.00969
  -0.01254
  -0.03167
  -0.04296
  -0.04363
  -0.03350
  -0.01509
   0.00706
   0.02746
   0.04107
   0.04452
   0.03695
   0.02024
  -0.00147
  -0.02282
  -0.03853
  -0.04470
  -0.03982
  -0.02508
  -0.00414
   0.01782
   0.03538
   0.04418
   0.04205
   0.02952
   0.00969
  -0.01254
  -0.03167
  -0.04296
  -0.04363
  -0.03350
  -0.01509
   0.00706
   0.02746
   0.04107
   0.04452
   0.03695
   0.02024
  -0.00147
  -0.02282
  -0.03853
  -0.04470
  -0.03982
  -0.02508
  -0.00414
   0.01782
   0.03538
   0.04418
   0.04205
   0.02952
   0.00969
  -0.01254
  -0.03167
  -0.04296
  -0.04363
  -0.03350
  -0.01509
   0.00706
   0.02746
   0.04107
   0.04452
   0.03695
   0.02024
  -0.00147
  -0.02282
  -0.03853
  -0.04470
  -0.03982
  -0.02508
  -0.00414
   0.01782
   0.03538
   0.04418
   0.04205
   0.02952
   0.00969
  -0.01254
  -0.03167
  -0.04296
  -0.04363
  -0.03350
  -0.01509
   0.00706
   0.02746
   0.04107
   0.04452
   0.03695
   0.02024
  -0.00147
  -0.02282
  -0.03853
  -0.04470
