  -0.00817
   0.01574
  -0.02283
   0.02920
  -0.03468
   0.03909
  -0.04229
   0.04418
  -0.04471
   0.04386
  -0.04166
   0.03817
  -0.03350
   0.02780
  -0.02124
   0.01402
  -0.00637
  -0.00148
   0.00928
  -0.01679
   0.02379
  -0.03005
   0.03538
  -0.03962
   0.04264
  -0.04434
   0.04467
  -0.04363
   0.04124
  -0.03757
   0.03274
  -0.02691
   0.02024
  -0.01295
   0.00526
   0.00260
  -0.01037
   0.01783
  -0.02473
   0.03087
  -0.03606
   0.04013
  -0.04297
   0.04447
  -0.04461
   0.04337
  -0.04079
   0.03695
  -0.03197
   0.02600
  -0.01923
   0.01187
  -0.00414
  -0.00372
   0.01146
  -0.01885
   0.02566
  -0.03167
   0.03671
  -0.04061
   0.04326
  -0.04458
   0.04452
  -0.04308
   0.04031
  -0.03630
   0.03117
  -0.02508
   0.01821
  -0.01078
   0.00302
   0.00484
  -0.01254
   0.01986
  -0.02657
   0.03246
  -0.03734
   0.04107
  -0.04353
   0.04465
  -0.04439
   0.04276
  -0.03981
   0.03564
  -0.03036
   0.02414
  -0.01718
   0.00969
  -0.00190
  -0.00595
   0.01362
  -0.02086
   0.02747
  -0.03322
   0.03795
  -0.04150
   0.04378
  -0.04470
   0.04424
  -0.04242
   0.03929
  -0.03495
   0.02952
  -0.02319
   0.01614
  -0.00859
   0.00077
   0.00707
  -0.01469
   0.02185
  -0.02834
   0.03396
  -0.03853
   0.04191
  -0.04399
   0.04472
  -0.04407
   0.04205
  -0.03874
   0.03423
  -0.02867
   0.02222
  -0.01508
   0.00748
   0.00035
  -0.00817
   0.01574
  -0.02283
   0.02920
  -0.03468
   0.03909
  -0.04229
   0.04418
  -0.04471
   0.04386
  -0.04166
   0.03817
  -0.03350
   0.02780
  -0.02124
   0.01402
  -0.00637
  -0.00148
   0.00928
  -0.01679
   0.02379
  -0.03005
   0.03538
  -0.03962
   0.04264
  -0.04434
   0.04467
  -0.04363
   0.04124
  -0.03757
   0.03274
  -0.02691
   0.02024
  -0.01295
   0.00526
   0.00260
  -0.01037
   0.01783
  -0.02473
   0.03087
  -0.03606
   0.04013
  -0.04297
   0.04447
  -0.04461
   0.04337
  -0.04079
   0.03695
  -0.03197
   0.02600
  -0.01923
   0.01187
  -0.00414
  -0.00372
   0.01146
  -0.01885
   0.02566
  -0.03167
   0.03671
  -0.04061
   0.04326
  -0.04458
   0.04452
  -0.04308
   0.04031
  -0.03630
   0.03117
  -0.02508
   0.01821
  -0.01078
   0.00302
   0.00484
  -0.01254
   0.01986
  -0.02657
   0.03246
  -0.03734
   0.04107
  -0.04353
   0.04465
  -0.04439
   0.04276
  -0.03981
   0.03564
  -0.03036
   0.02414
  -0.01718
   0.00969
  -0.00190
  -0.00595
   0.01362
  -0.02086
   0.02747
  -0.03322
   0.03795
  -0.04150
   0.04378
  -0.04470
   0.04424
  -0.04242
   0.03929
  -0.03495
   0.02952
  -0.02319
   0.01614
  -0.00859
   0.00077
   0.00707
  -0.01469
   0.02185
  -0.02834
   0.03396
  -0.03853
   0.04191
  -0.04399
   0.04472
  -0.04407
   0.04205
  -0.03874
   0.03423
  -0.02867
   0.02222
  -0.01508
   0.00748
   0.00035
  -0.00817
   0.01574
  -0.02283
   0.02920
  -0.03468
   0.03909
  -0.04229
   0.04418
  -0.04471
   0.04386
  -0.04166
   0.03817
  -0.03350
   0.02780
  -0.02124
   0.01402
  -0.00637
  -0.00148
   0.00928
  -0.01679
   0.02379
  -0.03005
   0.03538
  -0.03962
   0.04264
  -0.04434
   0.04467
  -0.04363
   0.04124
  -0.03757
   0.03274
  -0.02691
   0.02024
  -0.01295
   0.00526
   0.00260
  -0.01037
   0.01783
  -0.02473
   0.03087
  -0.03606
   0.04013
  -0.04297
   0.04447
  -0.04461
   0.04337
  -0.04079
   0.03695
  -0.03197
   0.02600
  -0.01923
   0.01187
  -0.00414
  -0.00372
   0.01146
  -0.01885
   0.02566
  -0.03167
   0.03671
  -0.04061
   0.04326
  -0.04458
   0.04452
  -0.04308
   0.04031
  -0.03630
   0.03117
  -0.02508
   0.01821
  -0.01078
   0.00302
   0.00484
  -0.01254
   0.01986
  -0.02657
   0.03246
  -0.03734
   0.04107
  -0.04353
   0.04465
  -0.04439
   0.04276
  -0.03981
   0.03564
  -0.03036
   0.02414
  -0.01718
   0.00969
  -0.00190
  -0.00595
   0.01362
  -0.02086
   0.02747
  -0.03322
   0.03795
  -0.04150
   0.04378
  -0.04470
   0.04424
  -0.04242
   0.03929
  -0.03495
   0.02952
  -0.02319
   0.01614
  -0.00859
   0.00077
   0.00707
  -0.01469
   0.02185
  -0.02834
   0.03396
  -0.03853
   0.04191
  -0.04399
   0.04472
  -0.04407
   0.04205
  -0.03874
   0.03423
  -0.02867
   0.02222
  -0.01508
   0.00748
   0.00035
  -0.00817
   0.01574
  -0.02283
   0.02920
  -0.03468
   0.03909
  -0.04229
   0.04418
  -0.04471
   0.04386
  -0.04166
   0.03817
  -0.03350
   0.02780
  -0.02124
   0.01402
  -0.00637
  -0.00148
   0.00928
  -0.01679
   0.02379
  -0.03005
   0.03538
  -0.03962
   0.04264
  -0.04434
   0.04467
  -0.04363
   0.04124
  -0.03757
   0.03274
  -0.02691
   0.02024
  -0.01295
   0.00526
   0.00260
  -0.01037
   0.01783
  -0.02473
   0.03087
  -0.03606
   0.04013
  -0.04297
   0.04447
  -0.04461
   0.04337
  -0.04079
   0.03695
  -0.03197
   0.02600
  -0.01923
   0.01187
  -0.00414
  -0.00372
   0.01146
  -0.01885
   0.02566
  -0.03167
   0.03671
  -0.04061
   0.04326
  -0.04458
   0.04452
  -0.04308
   0.04031
  -0.03630
   0.03117
  -0.02508
   0.01821
  -0.01078
   0.00302
   0.00484
  -0.01254
   0.01986
  -0.02657
   0.03246
  -0.03734
   0.04107
  -0.04353
   0.04465
  -0.04439
   0.04276
  -0.03981
   0.03564
  -0.03036
   0.02414
  -0.01718
   0.00969
  -0.00190
  -0.00595
   0.01362
  -0.02086
   0.02747
  -0.03322
   0.03795
  -0.04150
   0.04378
  -0.04470
   0.04424
  -0.04242
   0.03929
  -0.03495
   0.02952
  -0.02319
   0.01614
  -0.00859
   0.00077
   0.00707
  -0.01469
   0.02185
  -0.02834
   0.03396
  -0.03853
   0.04191
  -0.04399
   0.04472
  -0.04407
   0.04205
  -0.03874
   0.03423
  -0.02867
   0.02222
  -0.01508
   0.00748
   0.00035
  -0.00817
   0.01574
  -0.02283
   0.02920
  -0.03468
   0.03909
  -0.04229
   0.04418
  -0.04471
   0.04386
  -0.04166
   0.03817
  -0.03350
   0.02780
  -0.02124
   0.01402
  -0.00637
  -0.00148
   0.00928
  -0.01679
   0.02379
  -0.03005
   0.03538
  -0.03962
   0.04264
  -0.04434
   0.04467
  -0.04363
   0.04124
  -0.03757
   0.03274
  -0.02691
   0.02024
  -0.01295
   0.00526
   0.00260
  -0.01037
   0.01783
  -0.02473
   0.03087
  -0.03606
   0.04013
  -0.04297
   0.04447
  -0.04461
   0.04337
  -0.04079
   0.03695
  -0.03197
   0.02600
  -0.01923
   0.01187
  -0.00414
  -0.00372
   0.01146
  -0.01885
   0.02566
  -0.03167
   0.03671
  -0.04061
   0.04326
  -0.04458
   0.04452
  -0.04308
   0.04031
  -0.03630
   0.03117
  -0.02508
   0.01821
  -0.01078
   0.00302
   0.00484
  -0.01254
   0.01986
  -0.02657
   0.03246
  -0.03734
   0.04107
  -0.04353
   0.04465
  -0.04439
   0.04276
  -0.03981
   0.03564
  -0.03036
   0.02414
  -0.01718
   0.00969
  -0.00190
  -0.00595
   0.01362
  -0.02086
   0.02747
  -0.03322
   0.03795
  -0.04150
   0.04378
  -0.04470
   0.04424
  -0.04242
   0.03929
  -0.03495
   0.02952
  -0.02319
   0.01614
  -0.00859
   0.00077
   0.00707
  -0.01469
   0.02185
  -0.02834
   0.03396
  -0.03853
   0.04191
  -0.04399
   0.04472
  -0.04407
   0.04205
  -0.03874
   0.03423
  -0.02867
   0.02222
  -0.01508
   0.00748
   0.00035
  -0.00817
   0.01574
  -0.02283
   0.02920
  -0.03468
   0.03909
  -0.04229
   0.04418
  -0.04471
   0.04386
  -0.04166
   0.03817
  -0.03350
   0.02780
  -0.02124
   0.01402
  -0.00637
  -0.00148
   0.00928
  -0.01679
   0.02379
  -0.03005
   0.03538
  -0.03962
   0.04264
  -0.04434
   0.04467
  -0.04363
   0.04124
  -0.03757
   0.03274
  -0.02691
   0.02024
  -0.01295
   0.00526
   0.00260
  -0.01037
   0.01783
  -0.02473
   0.03087
  -0.03606
   0.04013
  -0.04297
   0.04447
  -0.04461
   0.04337
  -0.04079
   0.03695
  -0.03197
   0.02600
  -0.01923
   0.01187
  -0.00414
  -0.00372
   0.01146
  -0.01885
   0.02566
  -0.03167
   0.03671
  -0.04061
   0.04326
  -0.04458
   0.04452
  -0.04308
   0.04031
  -0.03630
   0.03117
  -0.02508
   0.01821
  -0.01078
   0.00302
   0.00484
  -0.01254
   0.01986
  -0.02657
   0.03246
  -0.03734
   0.04107
  -0.04353
   0.04465
  -0.04439
   0.04276
  -0.03981
   0.03564
  -0.03036
   0.02414
  -0.01718
   0.00969
  -0.00190
  -0.00595
   0.01362
  -0.02086
   0.02747
  -0.03322
   0.03795
  -0.04150
   0.04378
  -0.04470
   0.04424
  -0.04242
   0.03929
  -0.03495
   0.02952
  -0.02319
   0.01614
  -0.00859
   0.00077
   0.00707
  -0.01469
   0.02185
  -0.02834
   0.03396
  -0.03853
   0.04191
  -0.04399
   0.04472
  -0.04407
   0.04205
  -0.03874
   0.03423
  -0.02867
   0.02222
  -0.01508
   0.00748
   0.00035
  -0.00817
   0.01574
  -0.02283
   0.02920
  -0.03468
   0.03909
  -0.04229
   0.04418
  -0.04471
   0.04386
  -0.04166
   0.03817
  -0.03350
   0.02780
  -0.02124
   0.01402
  -0.00637
  -0.00148
   0.00928
  -0.01679
   0.02379
  -0.03005
   0.03538
  -0.03962
   0.04264
  -0.04434
   0.04467
  -0.04363
   0.04124
  -0.03757
   0.03274
  -0.02691
   0.02024
  -0.01295
   0.00526
   0.00260
  -0.01037
   0.01783
  -0.02473
   0.03087
  -0.03606
   0.04013
  -0.04297
   0.04447
  -0.04461
   0.04337
  -0.04079
   0.03695
  -0.03197
   0.02600
  -0.01923
   0.01187
  -0.00414
  -0.00372
   0.01146
  -0.01885
   0.02566
  -0.03167
   0.03671
  -0.04061
   0.04326
  -0.04458
   0.04452
  -0.04308
   0.04031
  -0.03630
   0.03117
  -0.02508
   0.01821
  -0.01078
   0.00302
   0.00484
  -0.01254
   0.01986
  -0.02657
   0.03246
  -0.03734
   0.04107
  -0.04353
   0.04465
  -0.04439
   0.04276
  -0.03981
   0.03564
  -0.03036
   0.02414
  -0.01718
   0.00969
  -0.00190
  -0.00595
   0.01362
  -0.02086
   0.02747
  -0.03322
   0.03795
  -0.04150
   0.04378
  -0.04470
   0.04424
  -0.04242
   0.03929
  -0.03495
   0.02952
  -0.02319
   0.01614
  -0.00859
   0.00077
   0.00707
  -0.01469
   0.02185
  -0.02834
   0.03396
  -0.03853
   0.04191
  -0.04399
   0.04472
  -0.04407
   0.04205
  -0.03874
   0.03423
  -0.02867
   0.02222
  -0.01508
   0.00748
   0.00035
  -0.00817
   0.01574
  -0.02283
   0.02920
  -0.03468
   0.03909
  -0.04229
   0.04418
  -0.04471
   0.04386
  -0.04166
   0.03817
  -0.03350
   0.02780
  -0.02124
   0.01402
  -0.00637
  -0.00148
   0.00928
  -0.01679
   0.02379
  -0.03005
   0.03538
  -0.03962
   0.04264
  -0.04434
   0.04467
  -0.04363
   0.04124
  -0.03757
   0.03274
  -0.02691
   0.02024
  -0.01295
   0.00526
   0.00260
  -0.01037
   0.01783
  -0.02473
   0.03087
  -0.03606
   0.04013
  -0.04297
   0.04447
  -0.04461
   0.04337
  -0.04079
   0.03695
  -0.03197
   0.02600
  -0.01923
   0.01187
  -0.00414
  -0.00372
   0.01146
  -0.01885
   0.02566
  -0.03167
   0.03671
  -0.04061
   0.04326
  -0.04458
   0.04452
  -0.04308
   0.04031
  -0.03630
   0.03117
  -0.02508
   0.01821
  -0.01078
   0.00302
   0.00484
  -0.01254
   0.01986
  -0.02657
   0.03246
  -0.03734
   0.04107
  -0.04353
   0.04465
  -0.04439
   0.04276
  -0.03981
   0.03564
  -0.03036
   0.02414
  -0.01718
   0.00969
  -0.00190
  -0.00595
   0.01362
  -0.02086
   0.02747
  -0.03322
   0.03795
  -0.04150
   0.04378
  -0.04470
   0.04424
  -0.04242
   0.03929
  -0.03495
   0.02952
  -0.02319
   0.01614
  -0.00859
   0.00077
   0.00707
  -0.01469
   0.02185
  -0.02834
   0.03396
  -0.03853
   0.04191
  -0.04399
   0.04472
  -0.04407
   0.04205
  -0.03874
   0.03423
  -0.02867
   0.02222
  -0.01508
   0.00748
   0.00035
