   0.00230
  -0.00370
   0.00510
  -0.00649
   0.00788
  -0.00926
   0.01063
  -0.01198
   0.01333
  -0.01467
   0.01599
  -0.01729
   0.01858
  -0.01985
   0.02109
  -0.02232
   0.02353
  -0.02471
   0.02587
  -0.02700
   0.02811
  -0.02919
   0.03024
  -0.03126
   0.03225
  -0.03321
   0.03413
  -0.03502
   0.03588
  -0.03670
   0.03748
  -0.03823
   0.03894
  -0.03961
   0.04024
  -0.04084
   0.04139
  -0.04190
   0.04237
  -0.04280
   0.04319
  -0.04353
   0.04383
  -0.04409
   0.04430
  -0.04447
   0.04460
  -0.04468
   0.04472
  -0.04471
   0.04466
  -0.04457
   0.04443
  -0.04425
   0.04402
  -0.04375
   0.04344
  -0.04309
   0.04269
  -0.04225
   0.04177
  -0.04124
   0.04068
  -0.04008
   0.03943
  -0.03875
   0.03803
  -0.03727
   0.03648
  -0.03565
   0.03478
  -0.03388
   0.03295
  -0.03198
   0.03099
  -0.02996
   0.02890
  -0.02781
   0.02670
  -0.02556
   0.02439
  -0.02320
   0.02199
  -0.02076
   0.01950
  -0.01823
   0.01694
  -0.01563
   0.01431
  -0.01297
   0.01162
  -0.01025
   0.00888
  -0.00750
   0.00611
  -0.00472
   0.00332
  -0.00192
   0.00051
   0.00089
  -0.00230
   0.00370
  -0.00510
   0.00649
  -0.00788
   0.00926
  -0.01063
   0.01198
  -0.01333
   0.01467
  -0.01599
   0.01729
  -0.01858
   0.01985
  -0.02109
   0.02232
  -0.02353
   0.02471
  -0.02587
   0.02700
  -0.02811
   0.02919
  -0.03024
   0.03126
  -0.03225
   0.03321
  -0.03413
   0.03502
  -0.03588
   0.03670
  -0.03748
   0.03823
  -0.03894
   0.03961
  -0.04024
   0.04084
  -0.04139
   0.04190
  -0.04237
   0.04280
  -0.04319
   0.04353
  -0.04383
   0.04409
  -0.04430
   0.04447
  -0.04460
   0.04468
  -0.04472
   0.04471
  -0.04466
   0.04457
  -0.04443
   0.04425
  -0.04402
   0.04375
  -0.04344
   0.04309
  -0.04269
   0.04225
  -0.04177
   0.04124
  -0.04068
   0.04008
  -0.03943
   0.03875
  -0.03803
   0.03727
  -0.03648
   0.03565
  -0.03478
   0.03388
  -0.03295
   0.03198
  -0.03099
   0.02996
  -0.02890
   0.02781
  -0.02670
   0.02556
  -0.02439
   0.02320
  -0.02199
   0.02076
  -0.01950
   0.01823
  -0.01694
   0.01563
  -0.01431
   0.01297
  -0.01162
   0.01025
  -0.00888
   0.00750
  -0.00611
   0.00472
  -0.00332
   0.00192
  -0.00051
  -0.00089
   0.00230
  -0.00370
   0.00510
  -0.00649
   0.00788
  -0.00926
   0.01063
  -0.01198
   0.01333
  -0.01467
   0.01599
  -0.01729
   0.01858
  -0.01985
   0.02109
  -0.02232
   0.02353
  -0.02471
   0.02587
  -0.02700
   0.02811
  -0.02919
   0.03024
  -0.03126
   0.03225
  -0.03321
   0.03413
  -0.03502
   0.03588
  -0.03670
   0.03748
  -0.03823
   0.03894
  -0.03961
   0.04024
  -0.04084
   0.04139
  -0.04190
   0.04237
  -0.04280
   0.04319
  -0.04353
   0.04383
  -0.04409
   0.04430
  -0.04447
   0.04460
  -0.04468
   0.04472
  -0.04471
   0.04466
  -0.04457
   0.04443
  -0.04425
   0.04402
  -0.04375
   0.04344
  -0.04309
   0.04269
  -0.04225
   0.04177
  -0.04124
   0.04068
  -0.04008
   0.03943
  -0.03875
   0.03803
  -0.03727
   0.03648
  -0.03565
   0.03478
  -0.03388
   0.03295
  -0.03198
   0.03099
  -0.02996
   0.02890
  -0.02781
   0.02670
  -0.02556
   0.02439
  -0.02320
   0.02199
  -0.02076
   0.01950
  -0.01823
   0.01694
  -0.01563
   0.01431
  -0.01297
   0.01162
  -0.01025
   0.00888
  -0.00750
   0.00611
  -0.00472
   0.00332
  -0.00192
   0.00051
   0.00089
  -0.00230
   0.00370
  -0.00510
   0.00649
  -0.00788
   0.00926
  -0.01063
   0.01198
  -0.01333
   0.01467
  -0.01599
   0.01729
  -0.01858
   0.01985
  -0.02109
   0.02232
  -0.02353
   0.02471
  -0.02587
   0.02700
  -0.02811
   0.02919
  -0.03024
   0.03126
  -0.03225
   0.03321
  -0.03413
   0.03502
  -0.03588
   0.03670
  -0.03748
   0.03823
  -0.03894
   0.03961
  -0.04024
   0.04084
  -0.04139
   0.04190
  -0.04237
   0.04280
  -0.04319
   0.04353
  -0.04383
   0.04409
  -0.04430
   0.04447
  -0.04460
   0.04468
  -0.04472
   0.04471
  -0.04466
   0.04457
  -0.04443
   0.04425
  -0.04402
   0.04375
  -0.04344
   0.04309
  -0.04269
   0.04225
  -0.04177
   0.04124
  -0.04068
   0.04008
  -0.03943
   0.03875
  -0.03803
   0.03727
  -0.03648
   0.03565
  -0.03478
   0.03388
  -0.03295
   0.03198
  -0.03099
   0.02996
  -0.02890
   0.02781
  -0.02670
   0.02556
  -0.02439
   0.02320
  -0.02199
   0.02076
  -0.01950
   0.01823
  -0.01694
   0.01563
  -0.01431
   0.01297
  -0.01162
   0.01025
  -0.00888
   0.00750
  -0.00611
   0.00472
  -0.00332
   0.00192
  -0.00051
  -0.00089
   0.00230
  -0.00370
   0.00510
  -0.00649
   0.00788
  -0.00926
   0.01063
  -0.01198
   0.01333
  -0.01467
   0.01599
  -0.01729
   0.01858
  -0.01985
   0.02109
  -0.02232
   0.02353
  -0.02471
   0.02587
  -0.02700
   0.02811
  -0.02919
   0.03024
  -0.03126
   0.03225
  -0.03321
   0.03413
  -0.03502
   0.03588
  -0.03670
   0.03748
  -0.03823
   0.03894
  -0.03961
   0.04024
  -0.04084
   0.04139
  -0.04190
   0.04237
  -0.04280
   0.04319
  -0.04353
   0.04383
  -0.04409
   0.04430
  -0.04447
   0.04460
  -0.04468
   0.04472
  -0.04471
   0.04466
  -0.04457
   0.04443
  -0.04425
   0.04402
  -0.04375
   0.04344
  -0.04309
   0.04269
  -0.04225
   0.04177
  -0.04124
   0.04068
  -0.04008
   0.03943
  -0.03875
   0.03803
  -0.03727
   0.03648
  -0.03565
   0.03478
  -0.03388
   0.03295
  -0.03198
   0.03099
  -0.02996
   0.02890
  -0.02781
   0.02670
  -0.02556
   0.02439
  -0.02320
   0.02199
  -0.02076
   0.01950
  -0.01823
   0.01694
  -0.01563
   0.01431
  -0.01297
   0.01162
  -0.01025
   0.00888
  -0.00750
   0.00611
  -0.00472
   0.00332
  -0.00192
   0.00051
   0.00089
  -0.00230
   0.00370
  -0.00510
   0.00649
  -0.00788
   0.00926
  -0.01063
   0.01198
  -0.01333
   0.01467
  -0.01599
   0.01729
  -0.01858
   0.01985
  -0.02109
   0.02232
  -0.02353
   0.02471
  -0.02587
   0.02700
  -0.02811
   0.02919
  -0.03024
   0.03126
  -0.03225
   0.03321
  -0.03413
   0.03502
  -0.03588
   0.03670
  -0.03748
   0.03823
  -0.03894
   0.03961
  -0.04024
   0.04084
  -0.04139
   0.04190
  -0.04237
   0.04280
  -0.04319
   0.04353
  -0.04383
   0.04409
  -0.04430
   0.04447
  -0.04460
   0.04468
  -0.04472
   0.04471
  -0.04466
   0.04457
  -0.04443
   0.04425
  -0.04402
   0.04375
  -0.04344
   0.04309
  -0.04269
   0.04225
  -0.04177
   0.04124
  -0.04068
   0.04008
  -0.03943
   0.03875
  -0.03803
   0.03727
  -0.03648
   0.03565
  -0.03478
   0.03388
  -0.03295
   0.03198
  -0.03099
   0.02996
  -0.02890
   0.02781
  -0.02670
   0.02556
  -0.02439
   0.02320
  -0.02199
   0.02076
  -0.01950
   0.01823
  -0.01694
   0.01563
  -0.01431
   0.01297
  -0.01162
   0.01025
  -0.00888
   0.00750
  -0.00611
   0.00472
  -0.00332
   0.00192
  -0.00051
  -0.00089
   0.00230
  -0.00370
   0.00510
  -0.00649
   0.00788
  -0.00926
   0.01063
  -0.01198
   0.01333
  -0.01467
   0.01599
  -0.01729
   0.01858
  -0.01985
   0.02109
  -0.02232
   0.02353
  -0.02471
   0.02587
  -0.02700
   0.02811
  -0.02919
   0.03024
  -0.03126
   0.03225
  -0.03321
   0.03413
  -0.03502
   0.03588
  -0.03670
   0.03748
  -0.03823
   0.03894
  -0.03961
   0.04024
  -0.04084
   0.04139
  -0.04190
   0.04237
  -0.04280
   0.04319
  -0.04353
   0.04383
  -0.04409
   0.04430
  -0.04447
   0.04460
  -0.04468
   0.04472
  -0.04471
   0.04466
  -0.04457
   0.04443
  -0.04425
   0.04402
  -0.04375
   0.04344
  -0.04309
   0.04269
  -0.04225
   0.04177
  -0.04124
   0.04068
  -0.04008
   0.03943
  -0.03875
   0.03803
  -0.03727
   0.03648
  -0.03565
   0.03478
  -0.03388
   0.03295
  -0.03198
   0.03099
  -0.02996
   0.02890
  -0.02781
   0.02670
  -0.02556
   0.02439
  -0.02320
   0.02199
  -0.02076
   0.01950
  -0.01823
   0.01694
  -0.01563
   0.01431
  -0.01297
   0.01162
  -0.01025
   0.00888
  -0.00750
   0.00611
  -0.00472
   0.00332
  -0.00192
   0.00051
   0.00089
  -0.00230
   0.00370
  -0.00510
   0.00649
  -0.00788
   0.00926
  -0.01063
   0.01198
  -0.01333
   0.01467
  -0.01599
   0.01729
  -0.01858
   0.01985
  -0.02109
   0.02232
  -0.02353
   0.02471
  -0.02587
   0.02700
  -0.02811
   0.02919
  -0.03024
   0.03126
  -0.03225
   0.03321
  -0.03413
   0.03502
  -0.03588
   0.03670
  -0.03748
   0.03823
  -0.03894
   0.03961
  -0.04024
   0.04084
  -0.04139
   0.04190
  -0.04237
   0.04280
  -0.04319
   0.04353
  -0.04383
   0.04409
  -0.04430
   0.04447
  -0.04460
   0.04468
  -0.04472
   0.04471
  -0.04466
   0.04457
  -0.04443
   0.04425
  -0.04402
   0.04375
  -0.04344
   0.04309
  -0.04269
   0.04225
  -0.04177
   0.04124
  -0.04068
   0.04008
  -0.03943
   0.03875
  -0.03803
   0.03727
  -0.03648
   0.03565
  -0.03478
   0.03388
  -0.03295
   0.03198
  -0.03099
   0.02996
  -0.02890
   0.02781
  -0.02670
   0.02556
  -0.02439
   0.02320
  -0.02199
   0.02076
  -0.01950
   0.01823
  -0.01694
   0.01563
  -0.01431
   0.01297
  -0.01162
   0.01025
  -0.00888
   0.00750
  -0.00611
   0.00472
  -0.00332
   0.00192
  -0.00051
  -0.00089
   0.00230
  -0.00370
   0.00510
  -0.00649
   0.00788
  -0.00926
   0.01063
  -0.01198
   0.01333
  -0.01467
   0.01599
  -0.01729
   0.01858
  -0.01985
   0.02109
  -0.02232
   0.02353
  -0.02471
   0.02587
  -0.02700
   0.02811
  -0.02919
   0.03024
  -0.03126
   0.03225
  -0.03321
   0.03413
  -0.03502
   0.03588
  -0.03670
   0.03748
  -0.03823
   0.03894
  -0.03961
   0.04024
  -0.04084
   0.04139
  -0.04190
   0.04237
  -0.04280
   0.04319
  -0.04353
   0.04383
  -0.04409
   0.04430
  -0.04447
   0.04460
  -0.04468
   0.04472
  -0.04471
   0.04466
  -0.04457
   0.04443
  -0.04425
   0.04402
  -0.04375
   0.04344
  -0.04309
   0.04269
  -0.04225
   0.04177
  -0.04124
   0.04068
  -0.04008
   0.03943
  -0.03875
   0.03803
  -0.03727
   0.03648
  -0.03565
   0.03478
  -0.03388
   0.03295
  -0.03198
   0.03099
  -0.02996
   0.02890
  -0.02781
   0.02670
  -0.02556
   0.02439
  -0.02320
   0.02199
  -0.02076
   0.01950
  -0.01823
   0.01694
  -0.01563
   0.01431
  -0.01297
   0.01162
  -0.01025
   0.00888
  -0.00750
   0.00611
  -0.00472
   0.00332
  -0.00192
   0.00051
   0.00089
  -0.00230
   0.00370
  -0.00510
   0.00649
  -0.00788
   0.00926
  -0.01063
   0.01198
  -0.01333
   0.01467
  -0.01599
   0.01729
  -0.01858
   0.01985
  -0.02109
   0.02232
  -0.02353
   0.02471
  -0.02587
   0.02700
  -0.02811
   0.02919
  -0.03024
   0.03126
  -0.03225
   0.03321
  -0.03413
   0.03502
  -0.03588
   0.03670
  -0.03748
   0.03823
  -0.03894
   0.03961
  -0.04024
   0.04084
  -0.04139
   0.04190
  -0.04237
   0.04280
  -0.04319
   0.04353
  -0.04383
   0.04409
  -0.04430
   0.04447
  -0.04460
   0.04468
  -0.04472
   0.04471
  -0.04466
   0.04457
  -0.04443
   0.04425
  -0.04402
   0.04375
  -0.04344
   0.04309
  -0.04269
   0.04225
  -0.04177
   0.04124
  -0.04068
   0.04008
  -0.03943
   0.03875
  -0.03803
   0.03727
  -0.03648
   0.03565
  -0.03478
   0.03388
  -0.03295
   0.03198
  -0.03099
   0.02996
  -0.02890
   0.02781
  -0.02670
   0.02556
  -0.02439
   0.02320
  -0.02199
   0.02076
  -0.01950
   0.01823
  -0.01694
   0.01563
  -0.01431
   0.01297
  -0.01162
   0.01025
  -0.00888
   0.00750
  -0.00611
   0.00472
  -0.00332
   0.00192
  -0.00051
  -0.00089
