  -0.01477
  -0.02798
  -0.03799
  -0.04368
  -0.04438
  -0.04003
  -0.03111
  -0.01864
  -0.00405
   0.01101
   0.02480
   0.03578
   0.04267
   0.04469
   0.04162
   0.03381
   0.02214
   0.00794
  -0.00716
  -0.02144
  -0.03328
  -0.04133
  -0.04466
  -0.04290
  -0.03625
  -0.02547
  -0.01178
   0.00325
   0.01791
   0.03053
   0.03966
   0.04428
   0.04384
   0.03841
   0.02860
   0.01553
   0.00068
  -0.01424
  -0.02754
  -0.03770
  -0.04356
  -0.04445
  -0.04027
  -0.03151
  -0.01915
  -0.00461
   0.01046
   0.02434
   0.03544
   0.04250
   0.04471
   0.04183
   0.03417
   0.02263
   0.00850
  -0.00660
  -0.02094
  -0.03290
  -0.04111
  -0.04463
  -0.04306
  -0.03658
  -0.02593
  -0.01232
   0.00269
   0.01739
   0.03011
   0.03940
   0.04420
   0.04395
   0.03870
   0.02903
   0.01605
   0.00124
  -0.01371
  -0.02709
  -0.03739
  -0.04342
  -0.04451
  -0.04052
  -0.03190
  -0.01966
  -0.00517
   0.00991
   0.02386
   0.03509
   0.04232
   0.04472
   0.04202
   0.03453
   0.02311
   0.00905
  -0.00604
  -0.02045
  -0.03252
  -0.04088
  -0.04459
  -0.04320
  -0.03690
  -0.02638
  -0.01286
   0.00213
   0.01687
   0.02970
   0.03913
   0.04411
   0.04405
   0.03897
   0.02945
   0.01657
   0.00181
  -0.01317
  -0.02664
  -0.03708
  -0.04329
  -0.04456
  -0.04075
  -0.03230
  -0.02016
  -0.00572
   0.00936
   0.02338
   0.03474
   0.04213
   0.04472
   0.04221
   0.03489
   0.02359
   0.00960
  -0.00549
  -0.01995
  -0.03213
  -0.04065
  -0.04454
  -0.04335
  -0.03721
  -0.02683
  -0.01340
   0.00157
   0.01635
   0.02927
   0.03886
   0.04401
   0.04415
   0.03925
   0.02987
   0.01709
   0.00237
  -0.01263
  -0.02619
  -0.03676
  -0.04314
  -0.04460
  -0.04098
  -0.03268
  -0.02066
  -0.00628
   0.00881
   0.02290
   0.03438
   0.04194
   0.04472
   0.04239
   0.03524
   0.02406
   0.01015
  -0.00493
  -0.01944
  -0.03174
  -0.04041
  -0.04448
  -0.04348
  -0.03752
  -0.02728
  -0.01393
   0.00100
   0.01583
   0.02885
   0.03858
   0.04391
   0.04423
   0.03951
   0.03029
   0.01761
   0.00293
  -0.01209
  -0.02573
  -0.03644
  -0.04299
  -0.04464
  -0.04120
  -0.03306
  -0.02116
  -0.00684
   0.00826
   0.02242
   0.03402
   0.04174
   0.04470
   0.04257
   0.03558
   0.02454
   0.01069
  -0.00437
  -0.01893
  -0.03134
  -0.04017
  -0.04442
  -0.04361
  -0.03782
  -0.02773
  -0.01447
   0.00044
   0.01530
   0.02841
   0.03829
   0.04380
   0.04431
   0.03977
   0.03070
   0.01813
   0.00349
  -0.01155
  -0.02527
  -0.03611
  -0.04283
  -0.04467
  -0.04142
  -0.03344
  -0.02165
  -0.00739
   0.00771
   0.02193
   0.03365
   0.04154
   0.04468
   0.04274
   0.03592
   0.02500
   0.01124
  -0.00381
  -0.01842
  -0.03093
  -0.03992
  -0.04435
  -0.04373
  -0.03812
  -0.02816
  -0.01500
  -0.00012
   0.01477
   0.02798
   0.03799
   0.04368
   0.04438
   0.04003
   0.03111
   0.01864
   0.00405
  -0.01101
  -0.02480
  -0.03578
  -0.04267
  -0.04469
  -0.04162
  -0.03381
  -0.02214
  -0.00794
   0.00716
   0.02144
   0.03328
   0.04133
   0.04466
   0.04290
   0.03625
   0.02547
   0.01178
  -0.00325
  -0.01791
  -0.03053
  -0.03966
  -0.04428
  -0.04384
  -0.03841
  -0.02860
  -0.01553
  -0.00068
   0.01424
   0.02754
   0.03770
   0.04356
   0.04445
   0.04027
   0.03151
   0.01915
   0.00461
  -0.01046
  -0.02434
  -0.03544
  -0.04250
  -0.04471
  -0.04183
  -0.03417
  -0.02263
  -0.00850
   0.00660
   0.02094
   0.03290
   0.04111
   0.04463
   0.04306
   0.03658
   0.02593
   0.01232
  -0.00269
  -0.01739
  -0.03011
  -0.03940
  -0.04420
  -0.04395
  -0.03870
  -0.02903
  -0.01605
  -0.00124
   0.01371
   0.02709
   0.03739
   0.04342
   0.04451
   0.04052
   0.03190
   0.01966
   0.00517
  -0.00991
  -0.02386
  -0.03509
  -0.04232
  -0.04472
  -0.04202
  -0.03453
  -0.02311
  -0.00905
   0.00604
   0.02045
   0.03252
   0.04088
   0.04459
   0.04320
   0.03690
   0.02638
   0.01286
  -0.00213
  -0.01687
  -0.02970
  -0.03913
  -0.04411
  -0.04405
  -0.03897
  -0.02945
  -0.01657
  -0.00181
   0.01317
   0.02664
   0.03708
   0.04329
   0.04456
   0.04075
   0.03230
   0.02016
   0.00572
  -0.00936
  -0.02338
  -0.03474
  -0.04213
  -0.04472
  -0.04221
  -0.03489
  -0.02359
  -0.00960
   0.00549
   0.01995
   0.03213
   0.04065
   0.04454
   0.04335
   0.03721
   0.02683
   0.01340
  -0.00157
  -0.01635
  -0.02927
  -0.03886
  -0.04401
  -0.04415
  -0.03925
  -0.02987
  -0.01709
  -0.00237
   0.01263
   0.02619
   0.03676
   0.04314
   0.04460
   0.04098
   0.03268
   0.02066
   0.00628
  -0.00881
  -0.02290
  -0.03438
  -0.04194
  -0.04472
  -0.04239
  -0.03524
  -0.02406
  -0.01015
   0.00493
   0.01944
   0.03174
   0.04041
   0.04448
   0.04348
   0.03752
   0.02728
   0.01393
  -0.00100
  -0.01583
  -0.02885
  -0.03858
  -0.04391
  -0.04423
  -0.03951
  -0.03029
  -0.01761
  -0.00293
   0.01209
   0.02573
   0.03644
   0.04299
   0.04464
   0.04120
   0.03306
   0.02116
   0.00684
  -0.00826
  -0.02242
  -0.03402
  -0.04174
  -0.04470
  -0.04257
  -0.03558
  -0.02454
  -0.01069
   0.00437
   0.01893
   0.03134
   0.04017
   0.04442
   0.04361
   0.03782
   0.02773
   0.01447
  -0.00044
  -0.01530
  -0.02841
  -0.03829
  -0.04380
  -0.04431
  -0.03977
  -0.03070
  -0.01813
  -0.00349
   0.01155
   0.02527
   0.03611
   0.04283
   0.04467
   0.04142
   0.03344
   0.02165
   0.00739
  -0.00771
  -0.02193
  -0.03365
  -0.04154
  -0.04468
  -0.04274
  -0.03592
  -0.02500
  -0.01124
   0.00381
   0.01842
   0.03093
   0.03992
   0.04435
   0.04373
   0.03812
   0.02816
   0.01500
   0.00012
  -0.01477
  -0.02798
  -0.03799
  -0.04368
  -0.04438
  -0.04003
  -0.03111
  -0.01864
  -0.00405
   0.01101
   0.02480
   0.03578
   0.04267
   0.04469
   0.04162
   0.03381
   0.02214
   0.00794
  -0.00716
  -0.02144
  -0.03328
  -0.04133
  -0.04466
  -0.04290
  -0.03625
  -0.02547
  -0.01178
   0.00325
   0.01791
   0.03053
   0.03966
   0.04428
   0.04384
   0.03841
   0.02860
   0.01553
   0.00068
  -0.01424
  -0.02754
  -0.03770
  -0.04356
  -0.04445
  -0.04027
  -0.03151
  -0.01915
  -0.00461
   0.01046
   0.02434
   0.03544
   0.04250
   0.04471
   0.04183
   0.03417
   0.02263
   0.00850
  -0.00660
  -0.02094
  -0.03290
  -0.04111
  -0.04463
  -0.04306
  -0.03658
  -0.02593
  -0.01232
   0.00269
   0.01739
   0.03011
   0.03940
   0.04420
   0.04395
   0.03870
   0.02903
   0.01605
   0.00124
  -0.01371
  -0.02709
  -0.03739
  -0.04342
  -0.04451
  -0.04052
  -0.03190
  -0.01966
  -0.00517
   0.00991
   0.02386
   0.03509
   0.04232
   0.04472
   0.04202
   0.03453
   0.02311
   0.00905
  -0.00604
  -0.02045
  -0.03252
  -0.04088
  -0.04459
  -0.04320
  -0.03690
  -0.02638
  -0.01286
   0.00213
   0.01687
   0.02970
   0.03913
   0.04411
   0.04405
   0.03897
   0.02945
   0.01657
   0.00181
  -0.01317
  -0.02664
  -0.03708
  -0.04329
  -0.04456
  -0.04075
  -0.03230
  -0.02016
  -0.00572
   0.00936
   0.02338
   0.03474
   0.04213
   0.04472
   0.04221
   0.03489
   0.02359
   0.00960
  -0.00549
  -0.01995
  -0.03213
  -0.04065
  -0.04454
  -0.04335
  -0.03721
  -0.02683
  -0.01340
   0.00157
   0.01635
   0.02927
   0.03886
   0.04401
   0.04415
   0.03925
   0.02987
   0.01709
   0.00237
  -0.01263
  -0.02619
  -0.03676
  -0.04314
  -0.04460
  -0.04098
  -0.03268
  -0.02066
  -0.00628
   0.00881
   0.02290
   0.03438
   0.04194
   0.04472
   0.04239
   0.03524
   0.02406
   0.01015
  -0.00493
  -0.01944
  -0.03174
  -0.04041
  -0.04448
  -0.04348
  -0.03752
  -0.02728
  -0.01393
   0.00100
   0.01583
   0.02885
   0.03858
   0.04391
   0.04423
   0.03951
   0.03029
   0.01761
   0.00293
  -0.01209
  -0.02573
  -0.03644
  -0.04299
  -0.04464
  -0.04120
  -0.03306
  -0.02116
  -0.00684
   0.00826
   0.02242
   0.03402
   0.04174
   0.04470
   0.04257
   0.03558
   0.02454
   0.01069
  -0.00437
  -0.01893
  -0.03134
  -0.04017
  -0.04442
  -0.04361
  -0.03782
  -0.02773
  -0.01447
   0.00044
   0.01530
   0.02841
   0.03829
   0.04380
   0.04431
   0.03977
   0.03070
   0.01813
   0.00349
  -0.01155
  -0.02527
  -0.03611
  -0.04283
  -0.04467
  -0.04142
  -0.03344
  -0.02165
  -0.00739
   0.00771
   0.02193
   0.03365
   0.04154
   0.04468
   0.04274
   0.03592
   0.02500
   0.01124
  -0.00381
  -0.01842
  -0.03093
  -0.03992
  -0.04435
  -0.04373
  -0.03812
  -0.02816
  -0.01500
  -0.00012
   0.01477
   0.02798
   0.03799
   0.04368
   0.04438
   0.04003
   0.03111
   0.01864
   0.00405
  -0.01101
  -0.02480
  -0.03578
  -0.04267
  -0.04469
  -0.04162
  -0.03381
  -0.02214
  -0.00794
   0.00716
   0.02144
   0.03328
   0.04133
   0.04466
   0.04290
   0.03625
   0.02547
   0.01178
  -0.00325
  -0.01791
  -0.03053
  -0.03966
  -0.04428
  -0.04384
  -0.03841
  -0.02860
  -0.01553
  -0.00068
   0.01424
   0.02754
   0.03770
   0.04356
   0.04445
   0.04027
   0.03151
   0.01915
   0.00461
  -0.01046
  -0.02434
  -0.03544
  -0.04250
  -0.04471
  -0.04183
  -0.03417
  -0.02263
  -0.00850
   0.00660
   0.02094
   0.03290
   0.04111
   0.04463
   0.04306
   0.03658
   0.02593
   0.01232
  -0.00269
  -0.01739
  -0.03011
  -0.03940
  -0.04420
  -0.04395
  -0.03870
  -0.02903
  -0.01605
  -0.00124
   0.01371
   0.02709
   0.03739
   0.04342
   0.04451
   0.04052
   0.03190
   0.01966
   0.00517
  -0.00991
  -0.02386
  -0.03509
  -0.04232
  -0.04472
  -0.04202
  -0.03453
  -0.02311
  -0.00905
   0.00604
   0.02045
   0.03252
   0.04088
   0.04459
   0.04320
   0.03690
   0.02638
   0.01286
  -0.00213
  -0.01687
  -0.02970
  -0.03913
  -0.04411
  -0.04405
  -0.03897
  -0.02945
  -0.01657
  -0.00181
   0.01317
   0.02664
   0.03708
   0.04329
   0.04456
   0.04075
   0.03230
   0.02016
   0.00572
  -0.00936
  -0.02338
  -0.03474
  -0.04213
  -0.04472
  -0.04221
  -0.03489
  -0.02359
  -0.00960
   0.00549
   0.01995
   0.03213
   0.04065
   0.04454
   0.04335
   0.03721
   0.02683
   0.01340
  -0.00157
  -0.01635
  -0.02927
  -0.03886
  -0.04401
  -0.04415
  -0.03925
  -0.02987
  -0.01709
  -0.00237
   0.01263
   0.02619
   0.03676
   0.04314
   0.04460
   0.04098
   0.03268
   0.02066
   0.00628
  -0.00881
  -0.02290
  -0.03438
  -0.04194
  -0.04472
  -0.04239
  -0.03524
  -0.02406
  -0.01015
   0.00493
   0.01944
   0.03174
   0.04041
   0.04448
   0.04348
   0.03752
   0.02728
   0.01393
  -0.00100
  -0.01583
  -0.02885
  -0.03858
  -0.04391
  -0.04423
  -0.03951
  -0.03029
  -0.01761
  -0.00293
   0.01209
   0.02573
   0.03644
   0.04299
   0.04464
   0.04120
   0.03306
   0.02116
   0.00684
  -0.00826
  -0.02242
  -0.03402
  -0.04174
  -0.04470
  -0.04257
  -0.03558
  -0.02454
  -0.01069
   0.00437
   0.01893
   0.03134
   0.04017
   0.04442
   0.04361
   0.03782
   0.02773
   0.01447
  -0.00044
  -0.01530
  -0.02841
  -0.03829
  -0.04380
  -0.04431
  -0.03977
  -0.03070
  -0.01813
  -0.00349
   0.01155
   0.02527
   0.03611
   0.04283
   0.04467
   0.04142
   0.03344
   0.02165
   0.00739
  -0.00771
  -0.02193
  -0.03365
  -0.04154
  -0.04468
  -0.04274
  -0.03592
  -0.02500
  -0.01124
   0.00381
   0.01842
   0.03093
   0.03992
   0.04435
   0.04373
   0.03812
   0.02816
   0.01500
   0.00012
