   0.03863
   0.02004
  -0.00506
  -0.02852
  -0.04271
  -0.04302
  -0.02935
  -0.00615
   0.01905
   0.03806
   0.04471
   0.03682
   0.01697
  -0.00839
  -0.03103
  -0.04359
  -0.04198
  -0.02673
  -0.00279
   0.02205
   0.03972
   0.04449
   0.03481
   0.01381
  -0.01168
  -0.03337
  -0.04422
  -0.04070
  -0.02395
   0.00058
   0.02492
   0.04116
   0.04403
   0.03259
   0.01056
  -0.01490
  -0.03552
  -0.04460
  -0.03918
  -0.02104
   0.00394
   0.02764
   0.04236
   0.04331
   0.03019
   0.00726
  -0.01803
  -0.03746
  -0.04472
  -0.03745
  -0.01801
   0.00729
   0.03021
   0.04332
   0.04235
   0.02762
   0.00392
  -0.02106
  -0.03920
  -0.04459
  -0.03550
  -0.01487
   0.01059
   0.03261
   0.04403
   0.04115
   0.02489
   0.00055
  -0.02397
  -0.04071
  -0.04421
  -0.03335
  -0.01165
   0.01383
   0.03482
   0.04450
   0.03971
   0.02202
  -0.00282
  -0.02675
  -0.04199
  -0.04358
  -0.03101
  -0.00837
   0.01700
   0.03684
   0.04471
   0.03805
   0.01903
  -0.00618
  -0.02937
  -0.04303
  -0.04270
  -0.02850
  -0.00503
   0.02006
   0.03864
   0.04466
   0.03617
   0.01593
  -0.00949
  -0.03183
  -0.04382
  -0.04158
  -0.02582
  -0.00167
   0.02302
   0.04023
   0.04437
   0.03409
   0.01273
  -0.01276
  -0.03411
  -0.04437
  -0.04022
  -0.02299
   0.00170
   0.02584
   0.04159
   0.04382
   0.03181
   0.00947
  -0.01595
  -0.03619
  -0.04467
  -0.03863
  -0.02004
   0.00506
   0.02852
   0.04271
   0.04302
   0.02935
   0.00615
  -0.01905
  -0.03806
  -0.04471
  -0.03682
  -0.01697
   0.00839
   0.03103
   0.04359
   0.04198
   0.02673
   0.00279
  -0.02205
  -0.03972
  -0.04449
  -0.03481
  -0.01381
   0.01168
   0.03337
   0.04422
   0.04070
   0.02395
  -0.00058
  -0.02492
  -0.04116
  -0.04403
  -0.03259
  -0.01056
   0.01490
   0.03552
   0.04460
   0.03918
   0.02104
  -0.00394
  -0.02764
  -0.04236
  -0.04331
  -0.03019
  -0.00726
   0.01803
   0.03746
   0.04472
   0.03745
   0.01801
  -0.00729
  -0.03021
  -0.04332
  -0.04235
  -0.02762
  -0.00392
   0.02106
   0.03920
   0.04459
   0.03550
   0.01487
  -0.01059
  -0.03261
  -0.04403
  -0.04115
  -0.02489
  -0.00055
   0.02397
   0.04071
   0.04421
   0.03335
   0.01165
  -0.01383
  -0.03482
  -0.04450
  -0.03971
  -0.02202
   0.00282
   0.02675
   0.04199
   0.04358
   0.03101
   0.00837
  -0.01700
  -0.03684
  -0.04471
  -0.03805
  -0.01903
   0.00618
   0.02937
   0.04303
   0.04270
   0.02850
   0.00503
  -0.02006
  -0.03864
  -0.04466
  -0.03617
  -0.01593
   0.00949
   0.03183
   0.04382
   0.04158
   0.02582
   0.00167
  -0.02302
  -0.04023
  -0.04437
  -0.03409
  -0.01273
   0.01276
   0.03411
   0.04437
   0.04022
   0.02299
  -0.00170
  -0.02584
  -0.04159
  -0.04382
  -0.03181
  -0.00947
   0.01595
   0.03619
   0.04467
   0.03863
   0.02004
  -0.00506
  -0.02852
  -0.04271
  -0.04302
  -0.02935
  -0.00615
   0.01905
   0.03806
   0.04471
   0.03682
   0.01697
  -0.00839
  -0.03103
  -0.04359
  -0.04198
  -0.02673
  -0.00279
   0.02205
   0.03972
   0.04449
   0.03481
   0.01381
  -0.01168
  -0.03337
  -0.04422
  -0.04070
  -0.02395
   0.00058
   0.02492
   0.04116
   0.04403
   0.03259
   0.01056
  -0.01490
  -0.03552
  -0.04460
  -0.03918
  -0.02104
   0.00394
   0.02764
   0.04236
   0.04331
   0.03019
   0.00726
  -0.01803
  -0.03746
  -0.04472
  -0.03745
  -0.01801
   0.00729
   0.03021
   0.04332
   0.04235
   0.02762
   0.00392
  -0.02106
  -0.03920
  -0.04459
  -0.03550
  -0.01487
   0.01059
   0.03261
   0.04403
   0.04115
   0.02489
   0.00055
  -0.02397
  -0.04071
  -0.04421
  -0.03335
  -0.01165
   0.01383
   0.03482
   0.04450
   0.03971
   0.02202
  -0.00282
  -0.02675
  -0.04199
  -0.04358
  -0.03101
  -0.00837
   0.01700
   0.03684
   0.04471
   0.03805
   0.01903
  -0.00618
  -0.02937
  -0.04303
  -0.04270
  -0.02850
  -0.00503
   0.02006
   0.03864
   0.04466
   0.03617
   0.01593
  -0.00949
  -0.03183
  -0.04382
  -0.04158
  -0.02582
  -0.00167
   0.02302
   0.04023
   0.04437
   0.03409
   0.01273
  -0.01276
  -0.03411
  -0.04437
  -0.04022
  -0.02299
   0.00170
   0.02584
   0.04159
   0.04382
   0.03181
   0.00947
  -0.01595
  -0.03619
  -0.04467
  -0.03863
  -0.02004
   0.00506
   0.02852
   0.04271
   0.04302
   0.02935
   0.00615
  -0.01905
  -0.03806
  -0.04471
  -0.03682
  -0.01697
   0.00839
   0.03103
   0.04359
   0.04198
   0.02673
   0.00279
  -0.02205
  -0.03972
  -0.04449
  -0.03481
  -0.01381
   0.01168
   0.03337
   0.04422
   0.04070
   0.02395
  -0.00058
  -0.02492
  -0.04116
  -0.04403
  -0.03259
  -0.01056
   0.01490
   0.03552
   0.04460
   0.03918
   0.02104
  -0.00394
  -0.02764
  -0.04236
  -0.04331
  -0.03019
  -0.00726
   0.01803
   0.03746
   0.04472
   0.03745
   0.01801
  -0.00729
  -0.03021
  -0.04332
  -0.04235
  -0.02762
  -0.00392
   0.02106
   0.03920
   0.04459
   0.03550
   0.01487
  -0.01059
  -0.03261
  -0.04403
  -0.04115
  -0.02489
  -0.00055
   0.02397
   0.04071
   0.04421
   0.03335
   0.01165
  -0.01383
  -0.03482
  -0.04450
  -0.03971
  -0.02202
   0.00282
   0.02675
   0.04199
   0.04358
   0.03101
   0.00837
  -0.01700
  -0.03684
  -0.04471
  -0.03805
  -0.01903
   0.00618
   0.02937
   0.04303
   0.04270
   0.02850
   0.00503
  -0.02006
  -0.03864
  -0.04466
  -0.03617
  -0.01593
   0.00949
   0.03183
   0.04382
   0.04158
   0.02582
   0.00167
  -0.02302
  -0.04023
  -0.04437
  -0.03409
  -0.01273
   0.01276
   0.03411
   0.04437
   0.04022
   0.02299
  -0.00170
  -0.02584
  -0.04159
  -0.04382
  -0.03181
  -0.00947
   0.01595
   0.03619
   0.04467
   0.03863
   0.02004
  -0.00506
  -0.02852
  -0.04271
  -0.04302
  -0.02935
  -0.00615
   0.01905
   0.03806
   0.04471
   0.03682
   0.01697
  -0.00839
  -0.03103
  -0.04359
  -0.04198
  -0.02673
  -0.00279
   0.02205
   0.03972
   0.04449
   0.03481
   0.01381
  -0.01168
  -0.03337
  -0.04422
  -0.04070
  -0.02395
   0.00058
   0.02492
   0.04116
   0.04403
   0.03259
   0.01056
  -0.01490
  -0.03552
  -0.04460
  -0.03918
  -0.02104
   0.00394
   0.02764
   0.04236
   0.04331
   0.03019
   0.00726
  -0.01803
  -0.03746
  -0.04472
  -0.03745
  -0.01801
   0.00729
   0.03021
   0.04332
   0.04235
   0.02762
   0.00392
  -0.02106
  -0.03920
  -0.04459
  -0.03550
  -0.01487
   0.01059
   0.03261
   0.04403
   0.04115
   0.02489
   0.00055
  -0.02397
  -0.04071
  -0.04421
  -0.03335
  -0.01165
   0.01383
   0.03482
   0.04450
   0.03971
   0.02202
  -0.00282
  -0.02675
  -0.04199
  -0.04358
  -0.03101
  -0.00837
   0.01700
   0.03684
   0.04471
   0.03805
   0.01903
  -0.00618
  -0.02937
  -0.04303
  -0.04270
  -0.02850
  -0.00503
   0.02006
   0.03864
   0.04466
   0.03617
   0.01593
  -0.00949
  -0.03183
  -0.04382
  -0.04158
  -0.02582
  -0.00167
   0.02302
   0.04023
   0.04437
   0.03409
   0.01273
  -0.01276
  -0.03411
  -0.04437
  -0.04022
  -0.02299
   0.00170
   0.02584
   0.04159
   0.04382
   0.03181
   0.00947
  -0.01595
  -0.03619
  -0.04467
  -0.03863
  -0.02004
   0.00506
   0.02852
   0.04271
   0.04302
   0.02935
   0.00615
  -0.01905
  -0.03806
  -0.04471
  -0.03682
  -0.01697
   0.00839
   0.03103
   0.04359
   0.04198
   0.02673
   0.00279
  -0.02205
  -0.03972
  -0.04449
  -0.03481
  -0.01381
   0.01168
   0.03337
   0.04422
   0.04070
   0.02395
  -0.00058
  -0.02492
  -0.04116
  -0.04403
  -0.03259
  -0.01056
   0.01490
   0.03552
   0.04460
   0.03918
   0.02104
  -0.00394
  -0.02764
  -0.04236
  -0.04331
  -0.03019
  -0.00726
   0.01803
   0.03746
   0.04472
   0.03745
   0.01801
  -0.00729
  -0.03021
  -0.04332
  -0.04235
  -0.02762
  -0.00392
   0.02106
   0.03920
   0.04459
   0.03550
   0.01487
  -0.01059
  -0.03261
  -0.04403
  -0.04115
  -0.02489
  -0.00055
   0.02397
   0.04071
   0.04421
   0.03335
   0.01165
  -0.01383
  -0.03482
  -0.04450
  -0.03971
  -0.02202
   0.00282
   0.02675
   0.04199
   0.04358
   0.03101
   0.00837
  -0.01700
  -0.03684
  -0.04471
  -0.03805
  -0.01903
   0.00618
   0.02937
   0.04303
   0.04270
   0.02850
   0.00503
  -0.02006
  -0.03864
  -0.04466
  -0.03617
  -0.01593
   0.00949
   0.03183
   0.04382
   0.04158
   0.02582
   0.00167
  -0.02302
  -0.04023
  -0.04437
  -0.03409
  -0.01273
   0.01276
   0.03411
   0.04437
   0.04022
   0.02299
  -0.00170
  -0.02584
  -0.04159
  -0.04382
  -0.03181
  -0.00947
   0.01595
   0.03619
   0.04467
   0.03863
   0.02004
  -0.00506
  -0.02852
  -0.04271
  -0.04302
  -0.02935
  -0.00615
   0.01905
   0.03806
   0.04471
   0.03682
   0.01697
  -0.00839
  -0.03103
  -0.04359
  -0.04198
  -0.02673
  -0.00279
   0.02205
   0.03972
   0.04449
   0.03481
   0.01381
  -0.01168
  -0.03337
  -0.04422
  -0.04070
  -0.02395
   0.00058
   0.02492
   0.04116
   0.04403
   0.03259
   0.01056
  -0.01490
  -0.03552
  -0.04460
  -0.03918
  -0.02104
   0.00394
   0.02764
   0.04236
   0.04331
   0.03019
   0.00726
  -0.01803
  -0.03746
  -0.04472
  -0.03745
  -0.01801
   0.00729
   0.03021
   0.04332
   0.04235
   0.02762
   0.00392
  -0.02106
  -0.03920
  -0.04459
  -0.03550
  -0.01487
   0.01059
   0.03261
   0.04403
   0.04115
   0.02489
   0.00055
  -0.02397
  -0.04071
  -0.04421
  -0.03335
  -0.01165
   0.01383
   0.03482
   0.04450
   0.03971
   0.02202
  -0.00282
  -0.02675
  -0.04199
  -0.04358
  -0.03101
  -0.00837
   0.01700
   0.03684
   0.04471
   0.03805
   0.01903
  -0.00618
  -0.02937
  -0.04303
  -0.04270
  -0.02850
  -0.00503
   0.02006
   0.03864
   0.04466
   0.03617
   0.01593
  -0.00949
  -0.03183
  -0.04382
  -0.04158
  -0.02582
  -0.00167
   0.02302
   0.04023
   0.04437
   0.03409
   0.01273
  -0.01276
  -0.03411
  -0.04437
  -0.04022
  -0.02299
   0.00170
   0.02584
   0.04159
   0.04382
   0.03181
   0.00947
  -0.01595
  -0.03619
  -0.04467
  -0.03863
  -0.02004
   0.00506
   0.02852
   0.04271
   0.04302
   0.02935
   0.00615
  -0.01905
  -0.03806
  -0.04471
  -0.03682
  -0.01697
   0.00839
   0.03103
   0.04359
   0.04198
   0.02673
   0.00279
  -0.02205
  -0.03972
  -0.04449
  -0.03481
  -0.01381
   0.01168
   0.03337
   0.04422
   0.04070
   0.02395
  -0.00058
  -0.02492
  -0.04116
  -0.04403
  -0.03259
  -0.01056
   0.01490
   0.03552
   0.04460
   0.03918
   0.02104
  -0.00394
  -0.02764
  -0.04236
  -0.04331
  -0.03019
  -0.00726
   0.01803
   0.03746
   0.04472
   0.03745
   0.01801
  -0.00729
  -0.03021
  -0.04332
  -0.04235
  -0.02762
  -0.00392
   0.02106
   0.03920
   0.04459
   0.03550
   0.01487
  -0.01059
  -0.03261
  -0.04403
  -0.04115
  -0.02489
  -0.00055
   0.02397
   0.04071
   0.04421
   0.03335
   0.01165
  -0.01383
  -0.03482
  -0.04450
  -0.03971
  -0.02202
   0.00282
   0.02675
   0.04199
   0.04358
   0.03101
   0.00837
  -0.01700
  -0.03684
  -0.04471
  -0.03805
  -0.01903
   0.00618
   0.02937
   0.04303
   0.04270
   0.02850
   0.00503
  -0.02006
  -0.03864
  -0.04466
  -0.03617
  -0.01593
   0.00949
   0.03183
   0.04382
   0.04158
   0.02582
   0.00167
  -0.02302
  -0.04023
  -0.04437
  -0.03409
  -0.01273
   0.01276
   0.03411
   0.04437
   0.04022
   0.02299
  -0.00170
  -0.02584
  -0.04159
  -0.04382
  -0.03181
  -0.00947
   0.01595
   0.03619
   0.04467
