   0.03216
   0.02899
  -0.03580
  -0.02449
   0.03888
   0.01961
  -0.04134
  -0.01442
   0.04315
   0.00900
  -0.04429
  -0.00344
   0.04472
  -0.00218
  -0.04444
   0.00776
   0.04347
  -0.01322
  -0.04181
   0.01847
   0.03949
  -0.02343
  -0.03655
   0.02802
   0.03303
  -0.03216
  -0.02899
   0.03580
   0.02449
  -0.03888
  -0.01961
   0.04134
   0.01442
  -0.04315
  -0.00900
   0.04429
   0.00344
  -0.04472
   0.00218
   0.04444
  -0.00776
  -0.04347
   0.01322
   0.04181
  -0.01847
  -0.03949
   0.02343
   0.03655
  -0.02802
  -0.03303
   0.03216
   0.02899
  -0.03580
  -0.02449
   0.03888
   0.01961
  -0.04134
  -0.01442
   0.04315
   0.00900
  -0.04429
  -0.00344
   0.04472
  -0.00218
  -0.04444
   0.00776
   0.04347
  -0.01322
  -0.04181
   0.01847
   0.03949
  -0.02343
  -0.03655
   0.02802
   0.03303
  -0.03216
  -0.02899
   0.03580
   0.02449
  -0.03888
  -0.01961
   0.04134
   0.01442
  -0.04315
  -0.00900
   0.04429
   0.00344
  -0.04472
   0.00218
   0.04444
  -0.00776
  -0.04347
   0.01322
   0.04181
  -0.01847
  -0.03949
   0.02343
   0.03655
  -0.02802
  -0.03303
   0.03216
   0.02899
  -0.03580
  -0.02449
   0.03888
   0.01961
  -0.04134
  -0.01442
   0.04315
   0.00900
  -0.04429
  -0.00344
   0.04472
  -0.00218
  -0.04444
   0.00776
   0.04347
  -0.01322
  -0.04181
   0.01847
   0.03949
  -0.02343
  -0.03655
   0.02802
   0.03303
  -0.03216
  -0.02899
   0.03580
   0.02449
  -0.03888
  -0.01961
   0.04134
   0.01442
  -0.04315
  -0.00900
   0.04429
   0.00344
  -0.04472
   0.00218
   0.04444
  -0.00776
  -0.04347
   0.01322
   0.04181
  -0.01847
  -0.03949
   0.02343
   0.03655
  -0.02802
  -0.03303
   0.03216
   0.02899
  -0.03580
  -0.02449
   0.03888
   0.01961
  -0.04134
  -0.01442
   0.04315
   0.00900
  -0.04429
  -0.00344
   0.04472
  -0.00218
  -0.04444
   0.00776
   0.04347
  -0.01322
  -0.04181
   0.01847
   0.03949
  -0.02343
  -0.03655
   0.02802
   0.03303
  -0.03216
  -0.02899
   0.03580
   0.02449
  -0.03888
  -0.01961
   0.04134
   0.01442
  -0.04315
  -0.00900
   0.04429
   0.00344
  -0.04472
   0.00218
   0.04444
  -0.00776
  -0.04347
   0.01322
   0.04181
  -0.01847
  -0.03949
   0.02343
   0.03655
  -0.02802
  -0.03303
   0.03216
   0.02899
  -0.03580
  -0.02449
   0.03888
   0.01961
  -0.04134
  -0.01442
   0.04315
   0.00900
  -0.04429
  -0.00344
   0.04472
  -0.00218
  -0.04444
   0.00776
   0.04347
  -0.01322
  -0.04181
   0.01847
   0.03949
  -0.02343
  -0.03655
   0.02802
   0.03303
  -0.03216
  -0.02899
   0.03580
   0.02449
  -0.03888
  -0.01961
   0.04134
   0.01442
  -0.04315
  -0.00900
   0.04429
   0.00344
  -0.04472
   0.00218
   0.04444
  -0.00776
  -0.04347
   0.01322
   0.04181
  -0.01847
  -0.03949
   0.02343
   0.03655
  -0.02802
  -0.03303
   0.03216
   0.02899
  -0.03580
  -0.02449
   0.03888
   0.01961
  -0.04134
  -0.01442
   0.04315
   0.00900
  -0.04429
  -0.00344
   0.04472
  -0.00218
  -0.04444
   0.00776
   0.04347
  -0.01322
  -0.04181
   0.01847
   0.03949
  -0.02343
  -0.03655
   0.02802
   0.03303
  -0.03216
  -0.02899
   0.03580
   0.02449
  -0.03888
  -0.01961
   0.04134
   0.01442
  -0.04315
  -0.00900
   0.04429
   0.00344
  -0.04472
   0.00218
   0.04444
  -0.00776
  -0.04347
   0.01322
   0.04181
  -0.01847
  -0.03949
   0.02343
   0.03655
  -0.02802
  -0.03303
   0.03216
   0.02899
  -0.03580
  -0.02449
   0.03888
   0.01961
  -0.04134
  -0.01442
   0.04315
   0.00900
  -0.04429
  -0.00344
   0.04472
  -0.00218
  -0.04444
   0.00776
   0.04347
  -0.01322
  -0.04181
   0.01847
   0.03949
  -0.02343
  -0.03655
   0.02802
   0.03303
  -0.03216
  -0.02899
   0.03580
   0.02449
  -0.03888
  -0.01961
   0.04134
   0.01442
  -0.04315
  -0.00900
   0.04429
   0.00344
  -0.04472
   0.00218
   0.04444
  -0.00776
  -0.04347
   0.01322
   0.04181
  -0.01847
  -0.03949
   0.02343
   0.03655
  -0.02802
  -0.03303
   0.03216
   0.02899
  -0.03580
  -0.02449
   0.03888
   0.01961
  -0.04134
  -0.01442
   0.04315
   0.00900
  -0.04429
  -0.00344
   0.04472
  -0.00218
  -0.04444
   0.00776
   0.04347
  -0.01322
  -0.04181
   0.01847
   0.03949
  -0.02343
  -0.03655
   0.02802
   0.03303
  -0.03216
  -0.02899
   0.03580
   0.02449
  -0.03888
  -0.01961
   0.04134
   0.01442
  -0.04315
  -0.00900
   0.04429
   0.00344
  -0.04472
   0.00218
   0.04444
  -0.00776
  -0.04347
   0.01322
   0.04181
  -0.01847
  -0.03949
   0.02343
   0.03655
  -0.02802
  -0.03303
   0.03216
   0.02899
  -0.03580
  -0.02449
   0.03888
   0.01961
  -0.04134
  -0.01442
   0.04315
   0.00900
  -0.04429
  -0.00344
   0.04472
  -0.00218
  -0.04444
   0.00776
   0.04347
  -0.01322
  -0.04181
   0.01847
   0.03949
  -0.02343
  -0.03655
   0.02802
   0.03303
  -0.03216
  -0.02899
   0.03580
   0.02449
  -0.03888
  -0.01961
   0.04134
   0.01442
  -0.04315
  -0.00900
   0.04429
   0.00344
  -0.04472
   0.00218
   0.04444
  -0.00776
  -0.04347
   0.01322
   0.04181
  -0.01847
  -0.03949
   0.02343
   0.03655
  -0.02802
  -0.03303
   0.03216
   0.02899
  -0.03580
  -0.02449
   0.03888
   0.01961
  -0.04134
  -0.01442
   0.04315
   0.00900
  -0.04429
  -0.00344
   0.04472
  -0.00218
  -0.04444
   0.00776
   0.04347
  -0.01322
  -0.04181
   0.01847
   0.03949
  -0.02343
  -0.03655
   0.02802
   0.03303
  -0.03216
  -0.02899
   0.03580
   0.02449
  -0.03888
  -0.01961
   0.04134
   0.01442
  -0.04315
  -0.00900
   0.04429
   0.00344
  -0.04472
   0.00218
   0.04444
  -0.00776
  -0.04347
   0.01322
   0.04181
  -0.01847
  -0.03949
   0.02343
   0.03655
  -0.02802
  -0.03303
   0.03216
   0.02899
  -0.03580
  -0.02449
   0.03888
   0.01961
  -0.04134
  -0.01442
   0.04315
   0.00900
  -0.04429
  -0.00344
   0.04472
  -0.00218
  -0.04444
   0.00776
   0.04347
  -0.01322
  -0.04181
   0.01847
   0.03949
  -0.02343
  -0.03655
   0.02802
   0.03303
  -0.03216
  -0.02899
   0.03580
   0.02449
  -0.03888
  -0.01961
   0.04134
   0.01442
  -0.04315
  -0.00900
   0.04429
   0.00344
  -0.04472
   0.00218
   0.04444
  -0.00776
  -0.04347
   0.01322
   0.04181
  -0.01847
  -0.03949
   0.02343
   0.03655
  -0.02802
  -0.03303
   0.03216
   0.02899
  -0.03580
  -0.02449
   0.03888
   0.01961
  -0.04134
  -0.01442
   0.04315
   0.00900
  -0.04429
  -0.00344
   0.04472
  -0.00218
  -0.04444
   0.00776
   0.04347
  -0.01322
  -0.04181
   0.01847
   0.03949
  -0.02343
  -0.03655
   0.02802
   0.03303
  -0.03216
  -0.02899
   0.03580
   0.02449
  -0.03888
  -0.01961
   0.04134
   0.01442
  -0.04315
  -0.00900
   0.04429
   0.00344
  -0.04472
   0.00218
   0.04444
  -0.00776
  -0.04347
   0.01322
   0.04181
  -0.01847
  -0.03949
   0.02343
   0.03655
  -0.02802
  -0.03303
   0.03216
   0.02899
  -0.03580
  -0.02449
   0.03888
   0.01961
  -0.04134
  -0.01442
   0.04315
   0.00900
  -0.04429
  -0.00344
   0.04472
  -0.00218
  -0.04444
   0.00776
   0.04347
  -0.01322
  -0.04181
   0.01847
   0.03949
  -0.02343
  -0.03655
   0.02802
   0.03303
  -0.03216
  -0.02899
   0.03580
   0.02449
  -0.03888
  -0.01961
   0.04134
   0.01442
  -0.04315
  -0.00900
   0.04429
   0.00344
  -0.04472
   0.00218
   0.04444
  -0.00776
  -0.04347
   0.01322
   0.04181
  -0.01847
  -0.03949
   0.02343
   0.03655
  -0.02802
  -0.03303
   0.03216
   0.02899
  -0.03580
  -0.02449
   0.03888
   0.01961
  -0.04134
  -0.01442
   0.04315
   0.00900
  -0.04429
  -0.00344
   0.04472
  -0.00218
  -0.04444
   0.00776
   0.04347
  -0.01322
  -0.04181
   0.01847
   0.03949
  -0.02343
  -0.03655
   0.02802
   0.03303
  -0.03216
  -0.02899
   0.03580
   0.02449
  -0.03888
  -0.01961
   0.04134
   0.01442
  -0.04315
  -0.00900
   0.04429
   0.00344
  -0.04472
   0.00218
   0.04444
  -0.00776
  -0.04347
   0.01322
   0.04181
  -0.01847
  -0.03949
   0.02343
   0.03655
  -0.02802
  -0.03303
   0.03216
   0.02899
  -0.03580
  -0.02449
   0.03888
   0.01961
  -0.04134
  -0.01442
   0.04315
   0.00900
  -0.04429
  -0.00344
   0.04472
  -0.00218
  -0.04444
   0.00776
   0.04347
  -0.01322
  -0.04181
   0.01847
   0.03949
  -0.02343
  -0.03655
   0.02802
   0.03303
  -0.03216
  -0.02899
   0.03580
   0.02449
  -0.03888
  -0.01961
   0.04134
   0.01442
  -0.04315
  -0.00900
   0.04429
   0.00344
  -0.04472
   0.00218
   0.04444
  -0.00776
  -0.04347
   0.01322
   0.04181
  -0.01847
  -0.03949
   0.02343
   0.03655
  -0.02802
  -0.03303
   0.03216
   0.02899
  -0.03580
  -0.02449
   0.03888
   0.01961
  -0.04134
  -0.01442
   0.04315
   0.00900
  -0.04429
  -0.00344
   0.04472
  -0.00218
  -0.04444
   0.00776
   0.04347
  -0.01322
  -0.04181
   0.01847
   0.03949
  -0.02343
  -0.03655
   0.02802
   0.03303
  -0.03216
  -0.02899
   0.03580
   0.02449
  -0.03888
  -0.01961
   0.04134
   0.01442
  -0.04315
  -0.00900
   0.04429
   0.00344
  -0.04472
   0.00218
   0.04444
  -0.00776
  -0.04347
   0.01322
   0.04181
  -0.01847
  -0.03949
   0.02343
   0.03655
  -0.02802
  -0.03303
   0.03216
   0.02899
  -0.03580
  -0.02449
   0.03888
   0.01961
  -0.04134
  -0.01442
   0.04315
   0.00900
  -0.04429
  -0.00344
   0.04472
  -0.00218
  -0.04444
   0.00776
   0.04347
  -0.01322
  -0.04181
   0.01847
   0.03949
  -0.02343
  -0.03655
   0.02802
   0.03303
  -0.03216
  -0.02899
   0.03580
   0.02449
  -0.03888
  -0.01961
   0.04134
   0.01442
  -0.04315
  -0.00900
   0.04429
   0.00344
  -0.04472
   0.00218
   0.04444
  -0.00776
  -0.04347
   0.01322
   0.04181
  -0.01847
  -0.03949
   0.02343
   0.03655
  -0.02802
  -0.03303
   0.03216
   0.02899
  -0.03580
  -0.02449
   0.03888
   0.01961
  -0.04134
  -0.01442
   0.04315
   0.00900
  -0.04429
  -0.00344
   0.04472
  -0.00218
  -0.04444
   0.00776
   0.04347
  -0.01322
  -0.04181
   0.01847
   0.03949
  -0.02343
  -0.03655
   0.02802
   0.03303
  -0.03216
  -0.02899
   0.03580
   0.02449
  -0.03888
  -0.01961
   0.04134
   0.01442
  -0.04315
  -0.00900
   0.04429
   0.00344
  -0.04472
   0.00218
   0.04444
  -0.00776
  -0.04347
   0.01322
   0.04181
  -0.01847
  -0.03949
   0.02343
   0.03655
  -0.02802
  -0.03303
   0.03216
   0.02899
  -0.03580
  -0.02449
   0.03888
   0.01961
  -0.04134
  -0.01442
   0.04315
   0.00900
  -0.04429
  -0.00344
   0.04472
  -0.00218
  -0.04444
   0.00776
   0.04347
  -0.01322
  -0.04181
   0.01847
   0.03949
  -0.02343
  -0.03655
   0.02802
   0.03303
  -0.03216
  -0.02899
   0.03580
   0.02449
  -0.03888
  -0.01961
   0.04134
   0.01442
  -0.04315
  -0.00900
   0.04429
   0.00344
  -0.04472
   0.00218
   0.04444
  -0.00776
  -0.04347
   0.01322
   0.04181
  -0.01847
  -0.03949
   0.02343
   0.03655
  -0.02802
  -0.03303
   0.03216
   0.02899
  -0.03580
  -0.02449
   0.03888
   0.01961
  -0.04134
  -0.01442
   0.04315
   0.00900
  -0.04429
  -0.00344
   0.04472
  -0.00218
  -0.04444
   0.00776
   0.04347
  -0.01322
  -0.04181
   0.01847
   0.03949
  -0.02343
  -0.03655
   0.02802
   0.03303
  -0.03216
  -0.02899
   0.03580
   0.02449
  -0.03888
  -0.01961
   0.04134
   0.01442
  -0.04315
  -0.00900
   0.04429
   0.00344
  -0.04472
   0.00218
   0.04444
  -0.00776
  -0.04347
   0.01322
   0.04181
  -0.01847
  -0.03949
   0.02343
   0.03655
  -0.02802
  -0.03303
