   0.00256
  -0.04136
  -0.02960
   0.02200
   0.04399
   0.00675
  -0.03957
  -0.03263
   0.01824
   0.04455
   0.01088
  -0.03744
  -0.03536
   0.01432
   0.04472
   0.01492
  -0.03497
  -0.03778
   0.01027
   0.04449
   0.01882
  -0.03219
  -0.03986
   0.00613
   0.04387
   0.02255
  -0.02912
  -0.04159
   0.00193
   0.04286
   0.02609
  -0.02580
  -0.04296
  -0.00228
   0.04146
   0.02939
  -0.02225
  -0.04394
  -0.00648
   0.03970
   0.03243
  -0.01850
  -0.04453
  -0.01061
   0.03759
   0.03519
  -0.01458
  -0.04472
  -0.01465
   0.03514
   0.03763
  -0.01054
  -0.04452
  -0.01856
   0.03238
   0.03974
  -0.00640
  -0.04392
  -0.02231
   0.02934
   0.04149
  -0.00221
  -0.04294
  -0.02586
   0.02603
   0.04288
   0.00200
  -0.04157
  -0.02918
   0.02249
   0.04388
   0.00620
  -0.03983
  -0.03224
   0.01875
   0.04450
   0.01034
  -0.03774
  -0.03501
   0.01485
   0.04472
   0.01439
  -0.03531
  -0.03748
   0.01081
   0.04455
   0.01831
  -0.03258
  -0.03961
   0.00668
   0.04397
   0.02207
  -0.02955
  -0.04138
   0.00249
   0.04301
   0.02563
  -0.02626
  -0.04280
  -0.00172
   0.04167
   0.02896
  -0.02273
  -0.04383
  -0.00592
   0.03996
   0.03204
  -0.01901
  -0.04447
  -0.01007
   0.03789
   0.03484
  -0.01511
  -0.04472
  -0.01412
   0.03549
   0.03732
  -0.01109
  -0.04457
  -0.01805
   0.03277
   0.03947
  -0.00696
  -0.04402
  -0.02182
   0.02976
   0.04128
  -0.00277
  -0.04309
  -0.02540
   0.02648
   0.04271
   0.00144
  -0.04177
  -0.02875
   0.02298
   0.04377
   0.00564
  -0.04008
  -0.03185
   0.01926
   0.04444
   0.00979
  -0.03804
  -0.03466
   0.01538
   0.04471
   0.01385
  -0.03566
  -0.03717
   0.01136
   0.04459
   0.01779
  -0.03296
  -0.03934
   0.00724
   0.04407
   0.02158
  -0.02997
  -0.04117
   0.00305
   0.04316
   0.02517
  -0.02671
  -0.04263
  -0.00116
   0.04187
   0.02853
  -0.02322
  -0.04371
  -0.00536
   0.04021
   0.03165
  -0.01952
  -0.04441
  -0.00952
   0.03819
   0.03448
  -0.01564
  -0.04471
  -0.01359
   0.03583
   0.03701
  -0.01163
  -0.04461
  -0.01754
   0.03315
   0.03921
  -0.00751
  -0.04412
  -0.02133
   0.03017
   0.04106
  -0.00333
  -0.04324
  -0.02493
   0.02693
   0.04254
   0.00088
  -0.04197
  -0.02832
   0.02346
   0.04365
   0.00508
  -0.04033
  -0.03145
   0.01977
   0.04437
   0.00924
  -0.03833
  -0.03430
   0.01591
   0.04470
   0.01332
  -0.03599
  -0.03685
   0.01190
   0.04463
   0.01728
  -0.03334
  -0.03907
   0.00779
   0.04417
   0.02108
  -0.03038
  -0.04095
   0.00361
   0.04331
   0.02470
  -0.02716
  -0.04246
  -0.00060
   0.04207
   0.02810
  -0.02369
  -0.04359
  -0.00480
   0.04045
   0.03125
  -0.02002
  -0.04434
  -0.00897
   0.03848
   0.03412
  -0.01617
  -0.04469
  -0.01305
   0.03616
   0.03669
  -0.01217
  -0.04465
  -0.01702
   0.03352
   0.03893
  -0.00807
  -0.04421
  -0.02083
   0.03059
   0.04083
  -0.00389
  -0.04338
  -0.02447
   0.02738
   0.04237
   0.00032
  -0.04216
  -0.02788
   0.02393
   0.04353
   0.00452
  -0.04057
  -0.03105
   0.02027
   0.04430
   0.00869
  -0.03862
  -0.03394
   0.01643
   0.04468
   0.01278
  -0.03632
  -0.03653
   0.01244
   0.04466
   0.01676
  -0.03371
  -0.03879
   0.00834
   0.04425
   0.02059
  -0.03079
  -0.04072
   0.00417
   0.04344
   0.02423
  -0.02760
  -0.04228
  -0.00004
   0.04225
   0.02766
  -0.02417
  -0.04346
  -0.00424
   0.04069
   0.03084
  -0.02052
  -0.04426
  -0.00842
   0.03876
   0.03376
  -0.01669
  -0.04467
  -0.01251
   0.03649
   0.03637
  -0.01271
  -0.04468
  -0.01650
   0.03389
   0.03865
  -0.00862
  -0.04429
  -0.02034
   0.03099
   0.04060
  -0.00445
  -0.04351
  -0.02399
   0.02782
   0.04218
  -0.00024
  -0.04234
  -0.02744
   0.02441
   0.04339
   0.00397
  -0.04080
  -0.03064
   0.02077
   0.04422
   0.00814
  -0.03890
  -0.03357
   0.01695
   0.04465
   0.01224
  -0.03665
  -0.03620
   0.01298
   0.04469
   0.01624
  -0.03407
  -0.03851
   0.00890
   0.04433
   0.02008
  -0.03120
  -0.04048
   0.00473
   0.04357
   0.02376
  -0.02804
  -0.04209
   0.00053
   0.04243
   0.02722
  -0.02464
  -0.04333
  -0.00369
   0.04092
   0.03044
  -0.02102
  -0.04418
  -0.00786
   0.03904
   0.03338
  -0.01721
  -0.04464
  -0.01197
   0.03681
   0.03604
  -0.01325
  -0.04470
  -0.01597
   0.03426
   0.03837
  -0.00917
  -0.04436
  -0.01983
   0.03140
   0.04036
  -0.00501
  -0.04364
  -0.02352
   0.02826
   0.04199
  -0.00081
  -0.04252
  -0.02699
   0.02487
   0.04325
   0.00340
  -0.04103
  -0.03023
   0.02127
   0.04413
   0.00759
  -0.03917
  -0.03320
   0.01747
   0.04462
   0.01170
  -0.03697
  -0.03587
   0.01352
   0.04471
   0.01571
  -0.03444
  -0.03822
   0.00945
   0.04440
   0.01958
  -0.03160
  -0.04024
   0.00529
   0.04370
   0.02328
  -0.02848
  -0.04190
   0.00109
   0.04261
   0.02677
  -0.02511
  -0.04318
  -0.00312
   0.04114
   0.03002
  -0.02151
  -0.04409
  -0.00731
   0.03931
   0.03301
  -0.01773
  -0.04460
  -0.01143
   0.03713
   0.03570
  -0.01379
  -0.04471
  -0.01545
   0.03461
   0.03808
  -0.00972
  -0.04443
  -0.01933
   0.03180
   0.04012
  -0.00557
  -0.04376
  -0.02304
   0.02869
   0.04180
  -0.00137
  -0.04269
  -0.02654
   0.02534
   0.04311
   0.00284
  -0.04125
  -0.02981
   0.02176
   0.04404
   0.00703
  -0.03944
  -0.03282
   0.01799
   0.04458
   0.01116
  -0.03728
  -0.03553
   0.01405
   0.04472
   0.01518
  -0.03479
  -0.03793
   0.00999
   0.04446
   0.01907
  -0.03199
  -0.03999
   0.00585
   0.04381
   0.02280
  -0.02891
  -0.04170
   0.00165
   0.04277
   0.02632
  -0.02557
  -0.04303
  -0.00256
   0.04136
   0.02960
  -0.02200
  -0.04399
  -0.00675
   0.03957
   0.03263
  -0.01824
  -0.04455
  -0.01088
   0.03744
   0.03536
  -0.01432
  -0.04472
  -0.01492
   0.03497
   0.03778
  -0.01027
  -0.04449
  -0.01882
   0.03219
   0.03986
  -0.00613
  -0.04387
  -0.02255
   0.02912
   0.04159
  -0.00193
  -0.04286
  -0.02609
   0.02580
   0.04296
   0.00228
  -0.04146
  -0.02939
   0.02225
   0.04394
   0.00648
  -0.03970
  -0.03243
   0.01850
   0.04453
   0.01061
  -0.03759
  -0.03519
   0.01458
   0.04472
   0.01465
  -0.03514
  -0.03763
   0.01054
   0.04452
   0.01856
  -0.03238
  -0.03974
   0.00640
   0.04392
   0.02231
  -0.02934
  -0.04149
   0.00221
   0.04294
   0.02586
  -0.02603
  -0.04288
  -0.00200
   0.04157
   0.02918
  -0.02249
  -0.04388
  -0.00620
   0.03983
   0.03224
  -0.01875
  -0.04450
  -0.01034
   0.03774
   0.03501
  -0.01485
  -0.04472
  -0.01439
   0.03531
   0.03748
  -0.01081
  -0.04455
  -0.01831
   0.03258
   0.03961
  -0.00668
  -0.04397
  -0.02207
   0.02955
   0.04138
  -0.00249
  -0.04301
  -0.02563
   0.02626
   0.04280
   0.00172
  -0.04167
  -0.02896
   0.02273
   0.04383
   0.00592
  -0.03996
  -0.03204
   0.01901
   0.04447
   0.01007
  -0.03789
  -0.03484
   0.01511
   0.04472
   0.01412
  -0.03549
  -0.03732
   0.01109
   0.04457
   0.01805
  -0.03277
  -0.03947
   0.00696
   0.04402
   0.02182
  -0.02976
  -0.04128
   0.00277
   0.04309
   0.02540
  -0.02648
  -0.04271
  -0.00144
   0.04177
   0.02875
  -0.02298
  -0.04377
  -0.00564
   0.04008
   0.03185
  -0.01926
  -0.04444
  -0.00979
   0.03804
   0.03466
  -0.01538
  -0.04471
  -0.01385
   0.03566
   0.03717
  -0.01136
  -0.04459
  -0.01779
   0.03296
   0.03934
  -0.00724
  -0.04407
  -0.02158
   0.02997
   0.04117
  -0.00305
  -0.04316
  -0.02517
   0.02671
   0.04263
   0.00116
  -0.04187
  -0.02853
   0.02322
   0.04371
   0.00536
  -0.04021
  -0.03165
   0.01952
   0.04441
   0.00952
  -0.03819
  -0.03448
   0.01564
   0.04471
   0.01359
  -0.03583
  -0.03701
   0.01163
   0.04461
   0.01754
  -0.03315
  -0.03921
   0.00751
   0.04412
   0.02133
  -0.03017
  -0.04106
   0.00333
   0.04324
   0.02493
  -0.02693
  -0.04254
  -0.00088
   0.04197
   0.02832
  -0.02346
  -0.04365
  -0.00508
   0.04033
   0.03145
  -0.01977
  -0.04437
  -0.00924
   0.03833
   0.03430
  -0.01591
  -0.04470
  -0.01332
   0.03599
   0.03685
  -0.01190
  -0.04463
  -0.01728
   0.03334
   0.03907
  -0.00779
  -0.04417
  -0.02108
   0.03038
   0.04095
  -0.00361
  -0.04331
  -0.02470
   0.02716
   0.04246
   0.00060
  -0.04207
  -0.02810
   0.02369
   0.04359
   0.00480
  -0.04045
  -0.03125
   0.02002
   0.04434
   0.00897
  -0.03848
  -0.03412
   0.01617
   0.04469
   0.01305
  -0.03616
  -0.03669
   0.01217
   0.04465
   0.01702
  -0.03352
  -0.03893
   0.00807
   0.04421
   0.02083
  -0.03059
  -0.04083
   0.00389
   0.04338
   0.02447
  -0.02738
  -0.04237
  -0.00032
   0.04216
   0.02788
  -0.02393
  -0.04353
  -0.00452
   0.04057
   0.03105
  -0.02027
  -0.04430
  -0.00869
   0.03862
   0.03394
  -0.01643
  -0.04468
  -0.01278
   0.03632
   0.03653
  -0.01244
  -0.04466
  -0.01676
   0.03371
   0.03879
  -0.00834
  -0.04425
  -0.02059
   0.03079
   0.04072
  -0.00417
  -0.04344
  -0.02423
   0.02760
   0.04228
   0.00004
  -0.04225
  -0.02766
   0.02417
   0.04346
   0.00424
  -0.04069
  -0.03084
   0.02052
   0.04426
   0.00842
  -0.03876
  -0.03376
   0.01669
   0.04467
   0.01251
  -0.03649
  -0.03637
   0.01271
   0.04468
   0.01650
  -0.03389
  -0.03865
   0.00862
   0.04429
   0.02034
  -0.03099
  -0.04060
   0.00445
   0.04351
   0.02399
  -0.02782
  -0.04218
   0.00024
   0.04234
   0.02744
  -0.02441
  -0.04339
  -0.00397
   0.04080
   0.03064
  -0.02077
  -0.04422
  -0.00814
   0.03890
   0.03357
  -0.01695
  -0.04465
  -0.01224
   0.03665
   0.03620
  -0.01298
  -0.04469
  -0.01624
   0.03407
   0.03851
  -0.00890
  -0.04433
  -0.02008
   0.03120
   0.04048
  -0.00473
  -0.04357
  -0.02376
   0.02804
   0.04209
  -0.00053
  -0.04243
  -0.02722
   0.02464
   0.04333
   0.00369
  -0.04092
  -0.03044
   0.02102
   0.04418
   0.00786
  -0.03904
  -0.03338
   0.01721
   0.04464
   0.01197
  -0.03681
  -0.03604
   0.01325
   0.04470
   0.01597
  -0.03426
  -0.03837
   0.00917
   0.04436
   0.01983
  -0.03140
  -0.04036
   0.00501
   0.04364
   0.02352
  -0.02826
  -0.04199
   0.00081
   0.04252
   0.02699
  -0.02487
  -0.04325
  -0.00340
   0.04103
   0.03023
  -0.02127
  -0.04413
  -0.00759
   0.03917
   0.03320
  -0.01747
  -0.04462
  -0.01170
   0.03697
   0.03587
  -0.01352
  -0.04471
  -0.01571
   0.03444
   0.03822
  -0.00945
  -0.04440
  -0.01958
   0.03160
   0.04024
  -0.00529
  -0.04370
  -0.02328
   0.02848
   0.04190
  -0.00109
  -0.04261
  -0.02677
   0.02511
   0.04318
   0.00312
  -0.04114
  -0.03002
   0.02151
   0.04409
   0.00731
  -0.03931
  -0.03301
   0.01773
   0.04460
   0.01143
  -0.03713
  -0.03570
   0.01379
   0.04471
   0.01545
  -0.03461
  -0.03808
   0.00972
   0.04443
   0.01933
  -0.03180
  -0.04012
   0.00557
   0.04376
   0.02304
  -0.02869
  -0.04180
   0.00137
   0.04269
   0.02654
  -0.02534
  -0.04311
  -0.00284
   0.04125
   0.02981
  -0.02176
  -0.04404
  -0.00703
   0.03944
   0.03282
  -0.01799
  -0.04458
  -0.01116
   0.03728
   0.03553
  -0.01405
  -0.04472
  -0.01518
   0.03479
   0.03793
  -0.00999
  -0.04446
  -0.01907
   0.03199
   0.03999
  -0.00585
  -0.04381
  -0.02280
   0.02891
   0.04170
  -0.00165
  -0.04277
  -0.02632
   0.02557
   0.04303
