   0.03758
  -0.01720
  -0.00925
   0.03244
  -0.04418
   0.04032
  -0.02224
  -0.00370
   0.02833
  -0.04296
   0.04243
  -0.02693
   0.00192
   0.02376
  -0.04106
   0.04387
  -0.03119
   0.00750
   0.01883
  -0.03852
   0.04461
  -0.03496
   0.01297
   0.01360
  -0.03537
   0.04465
  -0.03818
   0.01823
   0.00815
  -0.03166
   0.04399
  -0.04080
   0.02321
   0.00257
  -0.02745
   0.04263
  -0.04277
   0.02782
  -0.00304
  -0.02280
   0.04060
  -0.04407
   0.03199
  -0.00861
  -0.01780
   0.03793
  -0.04468
   0.03565
  -0.01404
  -0.01252
   0.03467
  -0.04458
   0.03875
  -0.01925
  -0.00704
   0.03085
  -0.04377
   0.04125
  -0.02416
  -0.00145
   0.02655
  -0.04228
   0.04309
  -0.02869
   0.00416
   0.02183
  -0.04012
   0.04425
  -0.03276
   0.00971
   0.01677
  -0.03733
   0.04471
  -0.03632
   0.01511
   0.01144
  -0.03395
   0.04447
  -0.03930
   0.02026
   0.00593
  -0.03003
   0.04353
  -0.04167
   0.02510
   0.00033
  -0.02564
   0.04190
  -0.04337
   0.02954
  -0.00528
  -0.02084
   0.03961
  -0.04440
   0.03352
  -0.01080
  -0.01572
   0.03670
  -0.04472
   0.03696
  -0.01616
  -0.01035
   0.03320
  -0.04434
   0.03983
  -0.02126
  -0.00481
   0.02919
  -0.04326
   0.04206
  -0.02602
   0.00080
   0.02471
  -0.04149
   0.04363
  -0.03037
   0.00639
   0.01984
  -0.03908
   0.04452
  -0.03425
   0.01189
   0.01466
  -0.03604
   0.04470
  -0.03758
   0.01720
   0.00925
  -0.03244
   0.04418
  -0.04032
   0.02224
   0.00370
  -0.02833
   0.04296
  -0.04243
   0.02693
  -0.00192
  -0.02376
   0.04106
  -0.04387
   0.03119
  -0.00750
  -0.01883
   0.03852
  -0.04461
   0.03496
  -0.01297
  -0.01360
   0.03537
  -0.04465
   0.03818
  -0.01823
  -0.00815
   0.03166
  -0.04399
   0.04080
  -0.02321
  -0.00257
   0.02745
  -0.04263
   0.04277
  -0.02782
   0.00304
   0.02280
  -0.04060
   0.04407
  -0.03199
   0.00861
   0.01780
  -0.03793
   0.04468
  -0.03565
   0.01404
   0.01252
  -0.03467
   0.04458
  -0.03875
   0.01925
   0.00704
  -0.03085
   0.04377
  -0.04125
   0.02416
   0.00145
  -0.02655
   0.04228
  -0.04309
   0.02869
  -0.00416
  -0.02183
   0.04012
  -0.04425
   0.03276
  -0.00971
  -0.01677
   0.03733
  -0.04471
   0.03632
  -0.01511
  -0.01144
   0.03395
  -0.04447
   0.03930
  -0.02026
  -0.00593
   0.03003
  -0.04353
   0.04167
  -0.02510
  -0.00033
   0.02564
  -0.04190
   0.04337
  -0.02954
   0.00528
   0.02084
  -0.03961
   0.04440
  -0.03352
   0.01080
   0.01572
  -0.03670
   0.04472
  -0.03696
   0.01616
   0.01035
  -0.03320
   0.04434
  -0.03983
   0.02126
   0.00481
  -0.02919
   0.04326
  -0.04206
   0.02602
  -0.00080
  -0.02471
   0.04149
  -0.04363
   0.03037
  -0.00639
  -0.01984
   0.03908
  -0.04452
   0.03425
  -0.01189
  -0.01466
   0.03604
  -0.04470
   0.03758
  -0.01720
  -0.00925
   0.03244
  -0.04418
   0.04032
  -0.02224
  -0.00370
   0.02833
  -0.04296
   0.04243
  -0.02693
   0.00192
   0.02376
  -0.04106
   0.04387
  -0.03119
   0.00750
   0.01883
  -0.03852
   0.04461
  -0.03496
   0.01297
   0.01360
  -0.03537
   0.04465
  -0.03818
   0.01823
   0.00815
  -0.03166
   0.04399
  -0.04080
   0.02321
   0.00257
  -0.02745
   0.04263
  -0.04277
   0.02782
  -0.00304
  -0.02280
   0.04060
  -0.04407
   0.03199
  -0.00861
  -0.01780
   0.03793
  -0.04468
   0.03565
  -0.01404
  -0.01252
   0.03467
  -0.04458
   0.03875
  -0.01925
  -0.00704
   0.03085
  -0.04377
   0.04125
  -0.02416
  -0.00145
   0.02655
  -0.04228
   0.04309
  -0.02869
   0.00416
   0.02183
  -0.04012
   0.04425
  -0.03276
   0.00971
   0.01677
  -0.03733
   0.04471
  -0.03632
   0.01511
   0.01144
  -0.03395
   0.04447
  -0.03930
   0.02026
   0.00593
  -0.03003
   0.04353
  -0.04167
   0.02510
   0.00033
  -0.02564
   0.04190
  -0.04337
   0.02954
  -0.00528
  -0.02084
   0.03961
  -0.04440
   0.03352
  -0.01080
  -0.01572
   0.03670
  -0.04472
   0.03696
  -0.01616
  -0.01035
   0.03320
  -0.04434
   0.03983
  -0.02126
  -0.00481
   0.02919
  -0.04326
   0.04206
  -0.02602
   0.00080
   0.02471
  -0.04149
   0.04363
  -0.03037
   0.00639
   0.01984
  -0.03908
   0.04452
  -0.03425
   0.01189
   0.01466
  -0.03604
   0.04470
  -0.03758
   0.01720
   0.00925
  -0.03244
   0.04418
  -0.04032
   0.02224
   0.00370
  -0.02833
   0.04296
  -0.04243
   0.02693
  -0.00192
  -0.02376
   0.04106
  -0.04387
   0.03119
  -0.00750
  -0.01883
   0.03852
  -0.04461
   0.03496
  -0.01297
  -0.01360
   0.03537
  -0.04465
   0.03818
  -0.01823
  -0.00815
   0.03166
  -0.04399
   0.04080
  -0.02321
  -0.00257
   0.02745
  -0.04263
   0.04277
  -0.02782
   0.00304
   0.02280
  -0.04060
   0.04407
  -0.03199
   0.00861
   0.01780
  -0.03793
   0.04468
  -0.03565
   0.01404
   0.01252
  -0.03467
   0.04458
  -0.03875
   0.01925
   0.00704
  -0.03085
   0.04377
  -0.04125
   0.02416
   0.00145
  -0.02655
   0.04228
  -0.04309
   0.02869
  -0.00416
  -0.02183
   0.04012
  -0.04425
   0.03276
  -0.00971
  -0.01677
   0.03733
  -0.04471
   0.03632
  -0.01511
  -0.01144
   0.03395
  -0.04447
   0.03930
  -0.02026
  -0.00593
   0.03003
  -0.04353
   0.04167
  -0.02510
  -0.00033
   0.02564
  -0.04190
   0.04337
  -0.02954
   0.00528
   0.02084
  -0.03961
   0.04440
  -0.03352
   0.01080
   0.01572
  -0.03670
   0.04472
  -0.03696
   0.01616
   0.01035
  -0.03320
   0.04434
  -0.03983
   0.02126
   0.00481
  -0.02919
   0.04326
  -0.04206
   0.02602
  -0.00080
  -0.02471
   0.04149
  -0.04363
   0.03037
  -0.00639
  -0.01984
   0.03908
  -0.04452
   0.03425
  -0.01189
  -0.01466
   0.03604
  -0.04470
   0.03758
  -0.01720
  -0.00925
   0.03244
  -0.04418
   0.04032
  -0.02224
  -0.00370
   0.02833
  -0.04296
   0.04243
  -0.02693
   0.00192
   0.02376
  -0.04106
   0.04387
  -0.03119
   0.00750
   0.01883
  -0.03852
   0.04461
  -0.03496
   0.01297
   0.01360
  -0.03537
   0.04465
  -0.03818
   0.01823
   0.00815
  -0.03166
   0.04399
  -0.04080
   0.02321
   0.00257
  -0.02745
   0.04263
  -0.04277
   0.02782
  -0.00304
  -0.02280
   0.04060
  -0.04407
   0.03199
  -0.00861
  -0.01780
   0.03793
  -0.04468
   0.03565
  -0.01404
  -0.01252
   0.03467
  -0.04458
   0.03875
  -0.01925
  -0.00704
   0.03085
  -0.04377
   0.04125
  -0.02416
  -0.00145
   0.02655
  -0.04228
   0.04309
  -0.02869
   0.00416
   0.02183
  -0.04012
   0.04425
  -0.03276
   0.00971
   0.01677
  -0.03733
   0.04471
  -0.03632
   0.01511
   0.01144
  -0.03395
   0.04447
  -0.03930
   0.02026
   0.00593
  -0.03003
   0.04353
  -0.04167
   0.02510
   0.00033
  -0.02564
   0.04190
  -0.04337
   0.02954
  -0.00528
  -0.02084
   0.03961
  -0.04440
   0.03352
  -0.01080
  -0.01572
   0.03670
  -0.04472
   0.03696
  -0.01616
  -0.01035
   0.03320
  -0.04434
   0.03983
  -0.02126
  -0.00481
   0.02919
  -0.04326
   0.04206
  -0.02602
   0.00080
   0.02471
  -0.04149
   0.04363
  -0.03037
   0.00639
   0.01984
  -0.03908
   0.04452
  -0.03425
   0.01189
   0.01466
  -0.03604
   0.04470
  -0.03758
   0.01720
   0.00925
  -0.03244
   0.04418
  -0.04032
   0.02224
   0.00370
  -0.02833
   0.04296
  -0.04243
   0.02693
  -0.00192
  -0.02376
   0.04106
  -0.04387
   0.03119
  -0.00750
  -0.01883
   0.03852
  -0.04461
   0.03496
  -0.01297
  -0.01360
   0.03537
  -0.04465
   0.03818
  -0.01823
  -0.00815
   0.03166
  -0.04399
   0.04080
  -0.02321
  -0.00257
   0.02745
  -0.04263
   0.04277
  -0.02782
   0.00304
   0.02280
  -0.04060
   0.04407
  -0.03199
   0.00861
   0.01780
  -0.03793
   0.04468
  -0.03565
   0.01404
   0.01252
  -0.03467
   0.04458
  -0.03875
   0.01925
   0.00704
  -0.03085
   0.04377
  -0.04125
   0.02416
   0.00145
  -0.02655
   0.04228
  -0.04309
   0.02869
  -0.00416
  -0.02183
   0.04012
  -0.04425
   0.03276
  -0.00971
  -0.01677
   0.03733
  -0.04471
   0.03632
  -0.01511
  -0.01144
   0.03395
  -0.04447
   0.03930
  -0.02026
  -0.00593
   0.03003
  -0.04353
   0.04167
  -0.02510
  -0.00033
   0.02564
  -0.04190
   0.04337
  -0.02954
   0.00528
   0.02084
  -0.03961
   0.04440
  -0.03352
   0.01080
   0.01572
  -0.03670
   0.04472
  -0.03696
   0.01616
   0.01035
  -0.03320
   0.04434
  -0.03983
   0.02126
   0.00481
  -0.02919
   0.04326
  -0.04206
   0.02602
  -0.00080
  -0.02471
   0.04149
  -0.04363
   0.03037
  -0.00639
  -0.01984
   0.03908
  -0.04452
   0.03425
  -0.01189
  -0.01466
   0.03604
  -0.04470
   0.03758
  -0.01720
  -0.00925
   0.03244
  -0.04418
   0.04032
  -0.02224
  -0.00370
   0.02833
  -0.04296
   0.04243
  -0.02693
   0.00192
   0.02376
  -0.04106
   0.04387
  -0.03119
   0.00750
   0.01883
  -0.03852
   0.04461
  -0.03496
   0.01297
   0.01360
  -0.03537
   0.04465
  -0.03818
   0.01823
   0.00815
  -0.03166
   0.04399
  -0.04080
   0.02321
   0.00257
  -0.02745
   0.04263
  -0.04277
   0.02782
  -0.00304
  -0.02280
   0.04060
  -0.04407
   0.03199
  -0.00861
  -0.01780
   0.03793
  -0.04468
   0.03565
  -0.01404
  -0.01252
   0.03467
  -0.04458
   0.03875
  -0.01925
  -0.00704
   0.03085
  -0.04377
   0.04125
  -0.02416
  -0.00145
   0.02655
  -0.04228
   0.04309
  -0.02869
   0.00416
   0.02183
  -0.04012
   0.04425
  -0.03276
   0.00971
   0.01677
  -0.03733
   0.04471
  -0.03632
   0.01511
   0.01144
  -0.03395
   0.04447
  -0.03930
   0.02026
   0.00593
  -0.03003
   0.04353
  -0.04167
   0.02510
   0.00033
  -0.02564
   0.04190
  -0.04337
   0.02954
  -0.00528
  -0.02084
   0.03961
  -0.04440
   0.03352
  -0.01080
  -0.01572
   0.03670
  -0.04472
   0.03696
  -0.01616
  -0.01035
   0.03320
  -0.04434
   0.03983
  -0.02126
  -0.00481
   0.02919
  -0.04326
   0.04206
  -0.02602
   0.00080
   0.02471
  -0.04149
   0.04363
  -0.03037
   0.00639
   0.01984
  -0.03908
   0.04452
  -0.03425
   0.01189
   0.01466
  -0.03604
   0.04470
  -0.03758
   0.01720
   0.00925
  -0.03244
   0.04418
  -0.04032
   0.02224
   0.00370
  -0.02833
   0.04296
  -0.04243
   0.02693
  -0.00192
  -0.02376
   0.04106
  -0.04387
   0.03119
  -0.00750
  -0.01883
   0.03852
  -0.04461
   0.03496
  -0.01297
  -0.01360
   0.03537
  -0.04465
   0.03818
  -0.01823
  -0.00815
   0.03166
  -0.04399
   0.04080
  -0.02321
  -0.00257
   0.02745
  -0.04263
   0.04277
  -0.02782
   0.00304
   0.02280
  -0.04060
   0.04407
  -0.03199
   0.00861
   0.01780
  -0.03793
   0.04468
  -0.03565
   0.01404
   0.01252
  -0.03467
   0.04458
  -0.03875
   0.01925
   0.00704
  -0.03085
   0.04377
  -0.04125
   0.02416
   0.00145
  -0.02655
   0.04228
  -0.04309
   0.02869
  -0.00416
  -0.02183
   0.04012
  -0.04425
   0.03276
  -0.00971
  -0.01677
   0.03733
  -0.04471
   0.03632
  -0.01511
  -0.01144
   0.03395
  -0.04447
   0.03930
  -0.02026
  -0.00593
   0.03003
  -0.04353
   0.04167
  -0.02510
  -0.00033
   0.02564
  -0.04190
   0.04337
  -0.02954
   0.00528
   0.02084
  -0.03961
   0.04440
  -0.03352
   0.01080
   0.01572
  -0.03670
   0.04472
  -0.03696
   0.01616
   0.01035
  -0.03320
   0.04434
  -0.03983
   0.02126
   0.00481
  -0.02919
   0.04326
  -0.04206
   0.02602
  -0.00080
  -0.02471
   0.04149
  -0.04363
   0.03037
  -0.00639
  -0.01984
   0.03908
  -0.04452
   0.03425
  -0.01189
  -0.01466
   0.03604
  -0.04470
