  -0.03714
  -0.04127
  -0.00839
   0.03201
   0.04371
   0.01621
  -0.02583
  -0.04470
  -0.02349
   0.01878
   0.04421
   0.03000
  -0.01112
  -0.04226
  -0.03551
   0.00308
   0.03891
   0.03985
   0.00505
  -0.03427
  -0.04287
  -0.01302
   0.02850
   0.04447
   0.02056
  -0.02179
  -0.04459
  -0.02741
   0.01435
   0.04324
   0.03336
  -0.00643
  -0.04046
  -0.03821
  -0.00169
   0.03634
   0.04179
   0.00976
  -0.03102
  -0.04398
  -0.01751
   0.02467
   0.04472
   0.02468
  -0.01750
  -0.04398
  -0.03103
   0.00975
   0.04178
   0.03635
  -0.00168
  -0.03820
  -0.04047
  -0.00645
   0.03336
   0.04325
   0.01436
  -0.02741
  -0.04459
  -0.02180
   0.02055
   0.04447
   0.02851
  -0.01301
  -0.04286
  -0.03428
   0.00504
   0.03984
   0.03892
   0.00309
  -0.03550
  -0.04227
  -0.01113
   0.02999
   0.04421
   0.01879
  -0.02348
  -0.04470
  -0.02583
   0.01620
   0.04370
   0.03202
  -0.00837
  -0.04126
  -0.03715
   0.00028
   0.03745
   0.04105
   0.00783
  -0.03240
  -0.04358
  -0.01568
   0.02628
   0.04468
   0.02301
  -0.01929
  -0.04429
  -0.02958
   0.01166
   0.04244
   0.03517
  -0.00364
  -0.03919
  -0.03959
  -0.00449
   0.03463
   0.04270
   0.01248
  -0.02893
  -0.04440
  -0.02006
   0.02227
   0.04463
   0.02697
  -0.01488
  -0.04338
  -0.03299
   0.00699
   0.04070
   0.03791
   0.00113
  -0.03667
  -0.04158
  -0.00921
   0.03142
   0.04388
   0.01699
  -0.02513
  -0.04472
  -0.02420
   0.01801
   0.04408
   0.03062
  -0.01030
  -0.04198
  -0.03602
   0.00224
   0.03849
   0.04023
   0.00589
  -0.03373
  -0.04310
  -0.01383
   0.02785
   0.04455
   0.02130
  -0.02105
  -0.04452
  -0.02808
   0.01355
   0.04302
   0.03392
  -0.00560
  -0.04010
  -0.03864
  -0.00253
   0.03584
   0.04208
   0.01058
  -0.03040
  -0.04413
  -0.01828
   0.02396
   0.04471
   0.02537
  -0.01672
  -0.04382
  -0.03163
   0.00893
   0.04147
   0.03683
  -0.00084
  -0.03776
  -0.04082
  -0.00728
   0.03279
   0.04345
   0.01515
  -0.02673
  -0.04465
  -0.02253
   0.01980
   0.04437
   0.02916
  -0.01220
  -0.04262
  -0.03482
   0.00420
   0.03945
   0.03933
   0.00393
  -0.03499
  -0.04253
  -0.01194
   0.02936
   0.04433
   0.01955
  -0.02276
  -0.04466
  -0.02652
   0.01541
   0.04352
   0.03260
  -0.00754
  -0.04093
  -0.03761
  -0.00057
   0.03698
   0.04137
   0.00866
  -0.03182
  -0.04376
  -0.01647
   0.02560
   0.04471
   0.02373
  -0.01853
  -0.04417
  -0.03021
   0.01084
   0.04217
   0.03568
  -0.00280
  -0.03877
  -0.03998
  -0.00533
   0.03409
   0.04295
   0.01329
  -0.02828
  -0.04450
  -0.02081
   0.02154
   0.04457
   0.02764
  -0.01408
  -0.04317
  -0.03355
   0.00616
   0.04034
   0.03835
   0.00197
  -0.03618
  -0.04189
  -0.01004
   0.03081
   0.04403
   0.01777
  -0.02443
  -0.04472
  -0.02491
   0.01724
   0.04393
   0.03123
  -0.00948
  -0.04168
  -0.03651
   0.00140
   0.03805
   0.04059
   0.00672
  -0.03317
  -0.04332
  -0.01462
   0.02718
   0.04461
   0.02204
  -0.02030
  -0.04444
  -0.02873
   0.01274
   0.04278
   0.03446
  -0.00476
  -0.03972
  -0.03906
  -0.00337
   0.03533
   0.04236
   0.01140
  -0.02978
  -0.04426
  -0.01905
   0.02324
   0.04469
   0.02606
  -0.01593
  -0.04364
  -0.03222
   0.00810
   0.04115
   0.03730
   0.00001
  -0.03730
  -0.04116
  -0.00811
   0.03221
   0.04365
   0.01594
  -0.02605
  -0.04469
  -0.02325
   0.01904
   0.04425
   0.02979
  -0.01139
  -0.04235
  -0.03534
   0.00336
   0.03905
   0.03972
   0.00477
  -0.03445
  -0.04279
  -0.01275
   0.02872
   0.04444
   0.02031
  -0.02203
  -0.04461
  -0.02719
   0.01461
   0.04331
   0.03318
  -0.00671
  -0.04058
  -0.03806
  -0.00141
   0.03650
   0.04169
   0.00949
  -0.03122
  -0.04393
  -0.01725
   0.02490
   0.04472
   0.02444
  -0.01776
  -0.04403
  -0.03082
   0.01002
   0.04188
   0.03618
  -0.00196
  -0.03835
  -0.04035
  -0.00617
   0.03354
   0.04317
   0.01409
  -0.02763
  -0.04457
  -0.02155
   0.02080
   0.04449
   0.02829
  -0.01328
  -0.04294
  -0.03410
   0.00532
   0.03997
   0.03878
   0.00281
  -0.03568
  -0.04217
  -0.01085
   0.03020
   0.04417
   0.01854
  -0.02372
  -0.04471
  -0.02560
   0.01646
   0.04376
   0.03182
  -0.00865
  -0.04137
  -0.03699
   0.00056
   0.03761
   0.04093
   0.00756
  -0.03260
  -0.04352
  -0.01542
   0.02651
   0.04467
   0.02277
  -0.01954
  -0.04433
  -0.02937
   0.01193
   0.04253
   0.03499
  -0.00392
  -0.03932
  -0.03946
  -0.00421
   0.03481
   0.04262
   0.01221
  -0.02915
  -0.04437
  -0.01981
   0.02252
   0.04465
   0.02674
  -0.01514
  -0.04345
  -0.03280
   0.00727
   0.04081
   0.03776
   0.00085
  -0.03683
  -0.04148
  -0.00894
   0.03162
   0.04382
   0.01673
  -0.02536
  -0.04471
  -0.02397
   0.01827
   0.04413
   0.03041
  -0.01057
  -0.04208
  -0.03585
   0.00252
   0.03863
   0.04010
   0.00561
  -0.03391
  -0.04302
  -0.01356
   0.02807
   0.04452
   0.02106
  -0.02129
  -0.04455
  -0.02786
   0.01381
   0.04310
   0.03373
  -0.00588
  -0.04022
  -0.03850
  -0.00225
   0.03601
   0.04198
   0.01031
  -0.03061
  -0.04408
  -0.01802
   0.02419
   0.04472
   0.02514
  -0.01698
  -0.04387
  -0.03143
   0.00920
   0.04158
   0.03667
  -0.00112
  -0.03791
  -0.04070
  -0.00700
   0.03298
   0.04339
   0.01489
  -0.02696
  -0.04463
  -0.02228
   0.02005
   0.04440
   0.02894
  -0.01247
  -0.04270
  -0.03464
   0.00448
   0.03959
   0.03919
   0.00365
  -0.03516
  -0.04245
  -0.01167
   0.02957
   0.04430
   0.01930
  -0.02300
  -0.04468
  -0.02629
   0.01567
   0.04358
   0.03241
  -0.00782
  -0.04104
  -0.03746
  -0.00029
   0.03714
   0.04127
   0.00839
  -0.03201
  -0.04371
  -0.01621
   0.02583
   0.04470
   0.02349
  -0.01878
  -0.04421
  -0.03000
   0.01112
   0.04226
   0.03551
  -0.00308
  -0.03891
  -0.03985
  -0.00505
   0.03427
   0.04287
   0.01302
  -0.02850
  -0.04447
  -0.02056
   0.02179
   0.04459
   0.02741
  -0.01435
  -0.04324
  -0.03336
   0.00643
   0.04046
   0.03821
   0.00169
  -0.03634
  -0.04179
  -0.00976
   0.03102
   0.04398
   0.01751
  -0.02467
  -0.04472
  -0.02468
   0.01750
   0.04398
   0.03103
  -0.00975
  -0.04178
  -0.03635
   0.00168
   0.03820
   0.04047
   0.00645
  -0.03336
  -0.04325
  -0.01436
   0.02741
   0.04459
   0.02180
  -0.02055
  -0.04447
  -0.02851
   0.01301
   0.04286
   0.03428
  -0.00504
  -0.03984
  -0.03892
  -0.00309
   0.03550
   0.04227
   0.01113
  -0.02999
  -0.04421
  -0.01879
   0.02348
   0.04470
   0.02583
  -0.01620
  -0.04370
  -0.03202
   0.00837
   0.04126
   0.03715
  -0.00028
  -0.03745
  -0.04105
  -0.00783
   0.03240
   0.04358
   0.01568
  -0.02628
  -0.04468
  -0.02301
   0.01929
   0.04429
   0.02958
  -0.01166
  -0.04244
  -0.03517
   0.00364
   0.03919
   0.03959
   0.00449
  -0.03463
  -0.04270
  -0.01248
   0.02893
   0.04440
   0.02006
  -0.02227
  -0.04463
  -0.02697
   0.01488
   0.04338
   0.03299
  -0.00699
  -0.04070
  -0.03791
  -0.00113
   0.03667
   0.04158
   0.00921
  -0.03142
  -0.04388
  -0.01699
   0.02513
   0.04472
   0.02420
  -0.01801
  -0.04408
  -0.03062
   0.01030
   0.04198
   0.03602
  -0.00224
  -0.03849
  -0.04023
  -0.00589
   0.03373
   0.04310
   0.01383
  -0.02785
  -0.04455
  -0.02130
   0.02105
   0.04452
   0.02808
  -0.01355
  -0.04302
  -0.03392
   0.00560
   0.04010
   0.03864
   0.00253
  -0.03584
  -0.04208
  -0.01058
   0.03040
   0.04413
   0.01828
  -0.02396
  -0.04471
  -0.02537
   0.01672
   0.04382
   0.03163
  -0.00893
  -0.04147
  -0.03683
   0.00084
   0.03776
   0.04082
   0.00728
  -0.03279
  -0.04345
  -0.01515
   0.02673
   0.04465
   0.02253
  -0.01980
  -0.04437
  -0.02916
   0.01220
   0.04262
   0.03482
  -0.00420
  -0.03945
  -0.03933
  -0.00393
   0.03499
   0.04253
   0.01194
  -0.02936
  -0.04433
  -0.01955
   0.02276
   0.04466
   0.02652
  -0.01541
  -0.04352
  -0.03260
   0.00754
   0.04093
   0.03761
   0.00057
  -0.03698
  -0.04137
  -0.00866
   0.03182
   0.04376
   0.01647
  -0.02560
  -0.04471
  -0.02373
   0.01853
   0.04417
   0.03021
  -0.01084
  -0.04217
  -0.03568
   0.00280
   0.03877
   0.03998
   0.00533
  -0.03409
  -0.04295
  -0.01329
   0.02828
   0.04450
   0.02081
  -0.02154
  -0.04457
  -0.02764
   0.01408
   0.04317
   0.03355
  -0.00616
  -0.04034
  -0.03835
  -0.00197
   0.03618
   0.04189
   0.01004
  -0.03081
  -0.04403
  -0.01777
   0.02443
   0.04472
   0.02491
  -0.01724
  -0.04393
  -0.03123
   0.00948
   0.04168
   0.03651
  -0.00140
  -0.03805
  -0.04059
  -0.00672
   0.03317
   0.04332
   0.01462
  -0.02718
  -0.04461
  -0.02204
   0.02030
   0.04444
   0.02873
  -0.01274
  -0.04278
  -0.03446
   0.00476
   0.03972
   0.03906
   0.00337
  -0.03533
  -0.04236
  -0.01140
   0.02978
   0.04426
   0.01905
  -0.02324
  -0.04469
  -0.02606
   0.01593
   0.04364
   0.03222
  -0.00810
  -0.04115
  -0.03730
  -0.00001
   0.03730
   0.04116
   0.00811
  -0.03221
  -0.04365
  -0.01594
   0.02605
   0.04469
   0.02325
  -0.01904
  -0.04425
  -0.02979
   0.01139
   0.04235
   0.03534
  -0.00336
  -0.03905
  -0.03972
  -0.00477
   0.03445
   0.04279
   0.01275
  -0.02872
  -0.04444
  -0.02031
   0.02203
   0.04461
   0.02719
  -0.01461
  -0.04331
  -0.03318
   0.00671
   0.04058
   0.03806
   0.00141
  -0.03650
  -0.04169
  -0.00949
   0.03122
   0.04393
   0.01725
  -0.02490
  -0.04472
  -0.02444
   0.01776
   0.04403
   0.03082
  -0.01002
  -0.04188
  -0.03618
   0.00196
   0.03835
   0.04035
   0.00617
  -0.03354
  -0.04317
  -0.01409
   0.02763
   0.04457
   0.02155
  -0.02080
  -0.04449
  -0.02829
   0.01328
   0.04294
   0.03410
  -0.00532
  -0.03997
  -0.03878
  -0.00281
   0.03568
   0.04217
   0.01085
  -0.03020
  -0.04417
  -0.01854
   0.02372
   0.04471
   0.02560
  -0.01646
  -0.04376
  -0.03182
   0.00865
   0.04137
   0.03699
  -0.00056
  -0.03761
  -0.04093
  -0.00756
   0.03260
   0.04352
   0.01542
  -0.02651
  -0.04467
  -0.02277
   0.01954
   0.04433
   0.02937
  -0.01193
  -0.04253
  -0.03499
   0.00392
   0.03932
   0.03946
   0.00421
  -0.03481
  -0.04262
  -0.01221
   0.02915
   0.04437
   0.01981
  -0.02252
  -0.04465
  -0.02674
   0.01514
   0.04345
   0.03280
  -0.00727
  -0.04081
  -0.03776
  -0.00085
   0.03683
   0.04148
   0.00894
  -0.03162
  -0.04382
  -0.01673
   0.02536
   0.04471
   0.02397
  -0.01827
  -0.04413
  -0.03041
   0.01057
   0.04208
   0.03585
  -0.00252
  -0.03863
  -0.04010
  -0.00561
   0.03391
   0.04302
   0.01356
  -0.02807
  -0.04452
  -0.02106
   0.02129
   0.04455
   0.02786
  -0.01381
  -0.04310
  -0.03373
   0.00588
   0.04022
   0.03850
   0.00225
  -0.03601
  -0.04198
  -0.01031
   0.03061
   0.04408
   0.01802
  -0.02419
  -0.04472
  -0.02514
   0.01698
   0.04387
   0.03143
  -0.00920
  -0.04158
  -0.03667
   0.00112
   0.03791
   0.04070
   0.00700
  -0.03298
  -0.04339
  -0.01489
   0.02696
   0.04463
   0.02228
  -0.02005
  -0.04440
  -0.02894
   0.01247
   0.04270
   0.03464
  -0.00448
  -0.03959
  -0.03919
  -0.00365
   0.03516
   0.04245
   0.01167
  -0.02957
  -0.04430
  -0.01930
   0.02300
   0.04468
   0.02629
  -0.01567
  -0.04358
  -0.03241
   0.00782
   0.04104
   0.03746
   0.00029
