   0.00598
   0.01203
   0.01785
   0.02333
   0.02836
   0.03286
   0.03672
   0.03989
   0.04230
   0.04389
   0.04466
   0.04456
   0.04362
   0.04185
   0.03928
   0.03596
   0.03195
   0.02734
   0.02220
   0.01664
   0.01076
   0.00467
  -0.00150
  -0.00764
  -0.01364
  -0.01938
  -0.02475
  -0.02965
  -0.03398
  -0.03766
  -0.04062
  -0.04281
  -0.04419
  -0.04472
  -0.04439
  -0.04322
  -0.04123
  -0.03845
  -0.03493
  -0.03075
  -0.02598
  -0.02072
  -0.01506
  -0.00911
  -0.00299
   0.00318
   0.00930
   0.01524
   0.02089
   0.02614
   0.03089
   0.03505
   0.03854
   0.04130
   0.04327
   0.04441
   0.04471
   0.04416
   0.04276
   0.04054
   0.03756
   0.03385
   0.02950
   0.02459
   0.01921
   0.01346
   0.00746
   0.00131
  -0.00486
  -0.01094
  -0.01681
  -0.02236
  -0.02748
  -0.03208
  -0.03607
  -0.03937
  -0.04192
  -0.04366
  -0.04458
  -0.04464
  -0.04386
  -0.04223
  -0.03980
  -0.03662
  -0.03273
  -0.02822
  -0.02317
  -0.01767
  -0.01185
  -0.00579
   0.00038
   0.00653
   0.01257
   0.01836
   0.02381
   0.02879
   0.03323
   0.03704
   0.04014
   0.04247
   0.04400
   0.04468
   0.04451
   0.04350
   0.04165
   0.03901
   0.03562
   0.03156
   0.02689
   0.02171
   0.01611
   0.01021
   0.00411
  -0.00206
  -0.00820
  -0.01418
  -0.01989
  -0.02522
  -0.03006
  -0.03434
  -0.03796
  -0.04086
  -0.04297
  -0.04427
  -0.04472
  -0.04432
  -0.04307
  -0.04101
  -0.03816
  -0.03458
  -0.03034
  -0.02552
  -0.02022
  -0.01453
  -0.00856
  -0.00243
   0.00374
   0.00985
   0.01576
   0.02138
   0.02659
   0.03129
   0.03539
   0.03882
   0.04151
   0.04341
   0.04448
   0.04470
   0.04406
   0.04259
   0.04030
   0.03725
   0.03348
   0.02908
   0.02412
   0.01870
   0.01293
   0.00690
   0.00075
  -0.00542
  -0.01149
  -0.01733
  -0.02285
  -0.02793
  -0.03247
  -0.03640
  -0.03963
  -0.04211
  -0.04378
  -0.04462
  -0.04461
  -0.04374
  -0.04205
  -0.03954
  -0.03629
  -0.03234
  -0.02778
  -0.02268
  -0.01716
  -0.01130
  -0.00523
   0.00094
   0.00709
   0.01311
   0.01887
   0.02428
   0.02922
   0.03361
   0.03735
   0.04039
   0.04265
   0.04410
   0.04470
   0.04446
   0.04336
   0.04144
   0.03873
   0.03528
   0.03116
   0.02644
   0.02121
   0.01559
   0.00966
   0.00355
  -0.00262
  -0.00875
  -0.01471
  -0.02039
  -0.02568
  -0.03048
  -0.03470
  -0.03825
  -0.04108
  -0.04312
  -0.04434
  -0.04472
  -0.04424
  -0.04292
  -0.04078
  -0.03786
  -0.03422
  -0.02992
  -0.02506
  -0.01972
  -0.01400
  -0.00801
  -0.00187
   0.00430
   0.01040
   0.01629
   0.02187
   0.02704
   0.03169
   0.03574
   0.03910
   0.04172
   0.04354
   0.04453
   0.04467
   0.04396
   0.04242
   0.04006
   0.03693
   0.03311
   0.02865
   0.02365
   0.01819
   0.01239
   0.00635
   0.00019
  -0.00598
  -0.01203
  -0.01785
  -0.02333
  -0.02836
  -0.03286
  -0.03672
  -0.03989
  -0.04230
  -0.04389
  -0.04466
  -0.04456
  -0.04362
  -0.04185
  -0.03928
  -0.03596
  -0.03195
  -0.02734
  -0.02220
  -0.01664
  -0.01076
  -0.00467
   0.00150
   0.00764
   0.01364
   0.01938
   0.02475
   0.02965
   0.03398
   0.03766
   0.04062
   0.04281
   0.04419
   0.04472
   0.04439
   0.04322
   0.04123
   0.03845
   0.03493
   0.03075
   0.02598
   0.02072
   0.01506
   0.00911
   0.00299
  -0.00318
  -0.00930
  -0.01524
  -0.02089
  -0.02614
  -0.03089
  -0.03505
  -0.03854
  -0.04130
  -0.04327
  -0.04441
  -0.04471
  -0.04416
  -0.04276
  -0.04054
  -0.03756
  -0.03385
  -0.02950
  -0.02459
  -0.01921
  -0.01346
  -0.00746
  -0.00131
   0.00486
   0.01094
   0.01681
   0.02236
   0.02748
   0.03208
   0.03607
   0.03937
   0.04192
   0.04366
   0.04458
   0.04464
   0.04386
   0.04223
   0.03980
   0.03662
   0.03273
   0.02822
   0.02317
   0.01767
   0.01185
   0.00579
  -0.00038
  -0.00653
  -0.01257
  -0.01836
  -0.02381
  -0.02879
  -0.03323
  -0.03704
  -0.04014
  -0.04247
  -0.04400
  -0.04468
  -0.04451
  -0.04350
  -0.04165
  -0.03901
  -0.03562
  -0.03156
  -0.02689
  -0.02171
  -0.01611
  -0.01021
  -0.00411
   0.00206
   0.00820
   0.01418
   0.01989
   0.02522
   0.03006
   0.03434
   0.03796
   0.04086
   0.04297
   0.04427
   0.04472
   0.04432
   0.04307
   0.04101
   0.03816
   0.03458
   0.03034
   0.02552
   0.02022
   0.01453
   0.00856
   0.00243
  -0.00374
  -0.00985
  -0.01576
  -0.02138
  -0.02659
  -0.03129
  -0.03539
  -0.03882
  -0.04151
  -0.04341
  -0.04448
  -0.04470
  -0.04406
  -0.04259
  -0.04030
  -0.03725
  -0.03348
  -0.02908
  -0.02412
  -0.01870
  -0.01293
  -0.00690
  -0.00075
   0.00542
   0.01149
   0.01733
   0.02285
   0.02793
   0.03247
   0.03640
   0.03963
   0.04211
   0.04378
   0.04462
   0.04461
   0.04374
   0.04205
   0.03954
   0.03629
   0.03234
   0.02778
   0.02268
   0.01716
   0.01130
   0.00523
  -0.00094
  -0.00709
  -0.01311
  -0.01887
  -0.02428
  -0.02922
  -0.03361
  -0.03735
  -0.04039
  -0.04265
  -0.04410
  -0.04470
  -0.04446
  -0.04336
  -0.04144
  -0.03873
  -0.03528
  -0.03116
  -0.02644
  -0.02121
  -0.01559
  -0.00966
  -0.00355
   0.00262
   0.00875
   0.01471
   0.02039
   0.02568
   0.03048
   0.03470
   0.03825
   0.04108
   0.04312
   0.04434
   0.04472
   0.04424
   0.04292
   0.04078
   0.03786
   0.03422
   0.02992
   0.02506
   0.01972
   0.01400
   0.00801
   0.00187
  -0.00430
  -0.01040
  -0.01629
  -0.02187
  -0.02704
  -0.03169
  -0.03574
  -0.03910
  -0.04172
  -0.04354
  -0.04453
  -0.04467
  -0.04396
  -0.04242
  -0.04006
  -0.03693
  -0.03311
  -0.02865
  -0.02365
  -0.01819
  -0.01239
  -0.00635
  -0.00019
   0.00598
   0.01203
   0.01785
   0.02333
   0.02836
   0.03286
   0.03672
   0.03989
   0.04230
   0.04389
   0.04466
   0.04456
   0.04362
   0.04185
   0.03928
   0.03596
   0.03195
   0.02734
   0.02220
   0.01664
   0.01076
   0.00467
  -0.00150
  -0.00764
  -0.01364
  -0.01938
  -0.02475
  -0.02965
  -0.03398
  -0.03766
  -0.04062
  -0.04281
  -0.04419
  -0.04472
  -0.04439
  -0.04322
  -0.04123
  -0.03845
  -0.03493
  -0.03075
  -0.02598
  -0.02072
  -0.01506
  -0.00911
  -0.00299
   0.00318
   0.00930
   0.01524
   0.02089
   0.02614
   0.03089
   0.03505
   0.03854
   0.04130
   0.04327
   0.04441
   0.04471
   0.04416
   0.04276
   0.04054
   0.03756
   0.03385
   0.02950
   0.02459
   0.01921
   0.01346
   0.00746
   0.00131
  -0.00486
  -0.01094
  -0.01681
  -0.02236
  -0.02748
  -0.03208
  -0.03607
  -0.03937
  -0.04192
  -0.04366
  -0.04458
  -0.04464
  -0.04386
  -0.04223
  -0.03980
  -0.03662
  -0.03273
  -0.02822
  -0.02317
  -0.01767
  -0.01185
  -0.00579
   0.00038
   0.00653
   0.01257
   0.01836
   0.02381
   0.02879
   0.03323
   0.03704
   0.04014
   0.04247
   0.04400
   0.04468
   0.04451
   0.04350
   0.04165
   0.03901
   0.03562
   0.03156
   0.02689
   0.02171
   0.01611
   0.01021
   0.00411
  -0.00206
  -0.00820
  -0.01418
  -0.01989
  -0.02522
  -0.03006
  -0.03434
  -0.03796
  -0.04086
  -0.04297
  -0.04427
  -0.04472
  -0.04432
  -0.04307
  -0.04101
  -0.03816
  -0.03458
  -0.03034
  -0.02552
  -0.02022
  -0.01453
  -0.00856
  -0.00243
   0.00374
   0.00985
   0.01576
   0.02138
   0.02659
   0.03129
   0.03539
   0.03882
   0.04151
   0.04341
   0.04448
   0.04470
   0.04406
   0.04259
   0.04030
   0.03725
   0.03348
   0.02908
   0.02412
   0.01870
   0.01293
   0.00690
   0.00075
  -0.00542
  -0.01149
  -0.01733
  -0.02285
  -0.02793
  -0.03247
  -0.03640
  -0.03963
  -0.04211
  -0.04378
  -0.04462
  -0.04461
  -0.04374
  -0.04205
  -0.03954
  -0.03629
  -0.03234
  -0.02778
  -0.02268
  -0.01716
  -0.01130
  -0.00523
   0.00094
   0.00709
   0.01311
   0.01887
   0.02428
   0.02922
   0.03361
   0.03735
   0.04039
   0.04265
   0.04410
   0.04470
   0.04446
   0.04336
   0.04144
   0.03873
   0.03528
   0.03116
   0.02644
   0.02121
   0.01559
   0.00966
   0.00355
  -0.00262
  -0.00875
  -0.01471
  -0.02039
  -0.02568
  -0.03048
  -0.03470
  -0.03825
  -0.04108
  -0.04312
  -0.04434
  -0.04472
  -0.04424
  -0.04292
  -0.04078
  -0.03786
  -0.03422
  -0.02992
  -0.02506
  -0.01972
  -0.01400
  -0.00801
  -0.00187
   0.00430
   0.01040
   0.01629
   0.02187
   0.02704
   0.03169
   0.03574
   0.03910
   0.04172
   0.04354
   0.04453
   0.04467
   0.04396
   0.04242
   0.04006
   0.03693
   0.03311
   0.02865
   0.02365
   0.01819
   0.01239
   0.00635
   0.00019
  -0.00598
  -0.01203
  -0.01785
  -0.02333
  -0.02836
  -0.03286
  -0.03672
  -0.03989
  -0.04230
  -0.04389
  -0.04466
  -0.04456
  -0.04362
  -0.04185
  -0.03928
  -0.03596
  -0.03195
  -0.02734
  -0.02220
  -0.01664
  -0.01076
  -0.00467
   0.00150
   0.00764
   0.01364
   0.01938
   0.02475
   0.02965
   0.03398
   0.03766
   0.04062
   0.04281
   0.04419
   0.04472
   0.04439
   0.04322
   0.04123
   0.03845
   0.03493
   0.03075
   0.02598
   0.02072
   0.01506
   0.00911
   0.00299
  -0.00318
  -0.00930
  -0.01524
  -0.02089
  -0.02614
  -0.03089
  -0.03505
  -0.03854
  -0.04130
  -0.04327
  -0.04441
  -0.04471
  -0.04416
  -0.04276
  -0.04054
  -0.03756
  -0.03385
  -0.02950
  -0.02459
  -0.01921
  -0.01346
  -0.00746
  -0.00131
   0.00486
   0.01094
   0.01681
   0.02236
   0.02748
   0.03208
   0.03607
   0.03937
   0.04192
   0.04366
   0.04458
   0.04464
   0.04386
   0.04223
   0.03980
   0.03662
   0.03273
   0.02822
   0.02317
   0.01767
   0.01185
   0.00579
  -0.00038
  -0.00653
  -0.01257
  -0.01836
  -0.02381
  -0.02879
  -0.03323
  -0.03704
  -0.04014
  -0.04247
  -0.04400
  -0.04468
  -0.04451
  -0.04350
  -0.04165
  -0.03901
  -0.03562
  -0.03156
  -0.02689
  -0.02171
  -0.01611
  -0.01021
  -0.00411
   0.00206
   0.00820
   0.01418
   0.01989
   0.02522
   0.03006
   0.03434
   0.03796
   0.04086
   0.04297
   0.04427
   0.04472
   0.04432
   0.04307
   0.04101
   0.03816
   0.03458
   0.03034
   0.02552
   0.02022
   0.01453
   0.00856
   0.00243
  -0.00374
  -0.00985
  -0.01576
  -0.02138
  -0.02659
  -0.03129
  -0.03539
  -0.03882
  -0.04151
  -0.04341
  -0.04448
  -0.04470
  -0.04406
  -0.04259
  -0.04030
  -0.03725
  -0.03348
  -0.02908
  -0.02412
  -0.01870
  -0.01293
  -0.00690
  -0.00075
   0.00542
   0.01149
   0.01733
   0.02285
   0.02793
   0.03247
   0.03640
   0.03963
   0.04211
   0.04378
   0.04462
   0.04461
   0.04374
   0.04205
   0.03954
   0.03629
   0.03234
   0.02778
   0.02268
   0.01716
   0.01130
   0.00523
  -0.00094
  -0.00709
  -0.01311
  -0.01887
  -0.02428
  -0.02922
  -0.03361
  -0.03735
  -0.04039
  -0.04265
  -0.04410
  -0.04470
  -0.04446
  -0.04336
  -0.04144
  -0.03873
  -0.03528
  -0.03116
  -0.02644
  -0.02121
  -0.01559
  -0.00966
  -0.00355
   0.00262
   0.00875
   0.01471
   0.02039
   0.02568
   0.03048
   0.03470
   0.03825
   0.04108
   0.04312
   0.04434
   0.04472
   0.04424
   0.04292
   0.04078
   0.03786
   0.03422
   0.02992
   0.02506
   0.01972
   0.01400
   0.00801
   0.00187
  -0.00430
  -0.01040
  -0.01629
  -0.02187
  -0.02704
  -0.03169
  -0.03574
  -0.03910
  -0.04172
  -0.04354
  -0.04453
  -0.04467
  -0.04396
  -0.04242
  -0.04006
  -0.03693
  -0.03311
  -0.02865
  -0.02365
  -0.01819
  -0.01239
  -0.00635
  -0.00019
