   0.04383
   0.04118
   0.03687
   0.03107
   0.02402
   0.01600
   0.00734
  -0.00162
  -0.01051
  -0.01898
  -0.02669
  -0.03332
  -0.03860
  -0.04234
  -0.04436
  -0.04460
  -0.04304
  -0.03975
  -0.03485
  -0.02856
  -0.02111
  -0.01281
  -0.00399
   0.00498
   0.01376
   0.02198
   0.02932
   0.03547
   0.04019
   0.04330
   0.04466
   0.04422
   0.04200
   0.03809
   0.03264
   0.02588
   0.01808
   0.00954
   0.00063
  -0.00832
  -0.01693
  -0.02485
  -0.03178
  -0.03742
  -0.04156
  -0.04402
  -0.04471
  -0.04360
  -0.04073
  -0.03622
  -0.03025
  -0.02306
  -0.01494
  -0.00623
   0.00274
   0.01160
   0.02000
   0.02758
   0.03406
   0.03916
   0.04268
   0.04449
   0.04450
   0.04272
   0.03922
   0.03414
   0.02768
   0.02011
   0.01173
   0.00287
  -0.00610
  -0.01482
  -0.02295
  -0.03015
  -0.03614
  -0.04067
  -0.04357
  -0.04471
  -0.04404
  -0.04160
  -0.03749
  -0.03187
  -0.02496
  -0.01704
  -0.00844
   0.00050
   0.00942
   0.01796
   0.02578
   0.03256
   0.03802
   0.04196
   0.04420
   0.04467
   0.04333
   0.04025
   0.03555
   0.02941
   0.02209
   0.01388
   0.00511
  -0.00387
  -0.01269
  -0.02099
  -0.02846
  -0.03477
  -0.03969
  -0.04301
  -0.04459
  -0.04438
  -0.04238
  -0.03867
  -0.03340
  -0.02679
  -0.01910
  -0.01064
  -0.00175
   0.00721
   0.01588
   0.02391
   0.03098
   0.03679
   0.04113
   0.04381
   0.04472
   0.04383
   0.04118
   0.03687
   0.03107
   0.02402
   0.01600
   0.00734
  -0.00162
  -0.01051
  -0.01898
  -0.02669
  -0.03332
  -0.03860
  -0.04234
  -0.04436
  -0.04460
  -0.04304
  -0.03975
  -0.03485
  -0.02856
  -0.02111
  -0.01281
  -0.00399
   0.00498
   0.01376
   0.02198
   0.02932
   0.03547
   0.04019
   0.04330
   0.04466
   0.04422
   0.04200
   0.03809
   0.03264
   0.02588
   0.01808
   0.00954
   0.00063
  -0.00832
  -0.01693
  -0.02485
  -0.03178
  -0.03742
  -0.04156
  -0.04402
  -0.04471
  -0.04360
  -0.04073
  -0.03622
  -0.03025
  -0.02306
  -0.01494
  -0.00623
   0.00274
   0.01160
   0.02000
   0.02758
   0.03406
   0.03916
   0.04268
   0.04449
   0.04450
   0.04272
   0.03922
   0.03414
   0.02768
   0.02011
   0.01173
   0.00287
  -0.00610
  -0.01482
  -0.02295
  -0.03015
  -0.03614
  -0.04067
  -0.04357
  -0.04471
  -0.04404
  -0.04160
  -0.03749
  -0.03187
  -0.02496
  -0.01704
  -0.00844
   0.00050
   0.00942
   0.01796
   0.02578
   0.03256
   0.03802
   0.04196
   0.04420
   0.04467
   0.04333
   0.04025
   0.03555
   0.02941
   0.02209
   0.01388
   0.00511
  -0.00387
  -0.01269
  -0.02099
  -0.02846
  -0.03477
  -0.03969
  -0.04301
  -0.04459
  -0.04438
  -0.04238
  -0.03867
  -0.03340
  -0.02679
  -0.01910
  -0.01064
  -0.00175
   0.00721
   0.01588
   0.02391
   0.03098
   0.03679
   0.04113
   0.04381
   0.04472
   0.04383
   0.04118
   0.03687
   0.03107
   0.02402
   0.01600
   0.00734
  -0.00162
  -0.01051
  -0.01898
  -0.02669
  -0.03332
  -0.03860
  -0.04234
  -0.04436
  -0.04460
  -0.04304
  -0.03975
  -0.03485
  -0.02856
  -0.02111
  -0.01281
  -0.00399
   0.00498
   0.01376
   0.02198
   0.02932
   0.03547
   0.04019
   0.04330
   0.04466
   0.04422
   0.04200
   0.03809
   0.03264
   0.02588
   0.01808
   0.00954
   0.00063
  -0.00832
  -0.01693
  -0.02485
  -0.03178
  -0.03742
  -0.04156
  -0.04402
  -0.04471
  -0.04360
  -0.04073
  -0.03622
  -0.03025
  -0.02306
  -0.01494
  -0.00623
   0.00274
   0.01160
   0.02000
   0.02758
   0.03406
   0.03916
   0.04268
   0.04449
   0.04450
   0.04272
   0.03922
   0.03414
   0.02768
   0.02011
   0.01173
   0.00287
  -0.00610
  -0.01482
  -0.02295
  -0.03015
  -0.03614
  -0.04067
  -0.04357
  -0.04471
  -0.04404
  -0.04160
  -0.03749
  -0.03187
  -0.02496
  -0.01704
  -0.00844
   0.00050
   0.00942
   0.01796
   0.02578
   0.03256
   0.03802
   0.04196
   0.04420
   0.04467
   0.04333
   0.04025
   0.03555
   0.02941
   0.02209
   0.01388
   0.00511
  -0.00387
  -0.01269
  -0.02099
  -0.02846
  -0.03477
  -0.03969
  -0.04301
  -0.04459
  -0.04438
  -0.04238
  -0.03867
  -0.03340
  -0.02679
  -0.01910
  -0.01064
  -0.00175
   0.00721
   0.01588
   0.02391
   0.03098
   0.03679
   0.04113
   0.04381
   0.04472
   0.04383
   0.04118
   0.03687
   0.03107
   0.02402
   0.01600
   0.00734
  -0.00162
  -0.01051
  -0.01898
  -0.02669
  -0.03332
  -0.03860
  -0.04234
  -0.04436
  -0.04460
  -0.04304
  -0.03975
  -0.03485
  -0.02856
  -0.02111
  -0.01281
  -0.00399
   0.00498
   0.01376
   0.02198
   0.02932
   0.03547
   0.04019
   0.04330
   0.04466
   0.04422
   0.04200
   0.03809
   0.03264
   0.02588
   0.01808
   0.00954
   0.00063
  -0.00832
  -0.01693
  -0.02485
  -0.03178
  -0.03742
  -0.04156
  -0.04402
  -0.04471
  -0.04360
  -0.04073
  -0.03622
  -0.03025
  -0.02306
  -0.01494
  -0.00623
   0.00274
   0.01160
   0.02000
   0.02758
   0.03406
   0.03916
   0.04268
   0.04449
   0.04450
   0.04272
   0.03922
   0.03414
   0.02768
   0.02011
   0.01173
   0.00287
  -0.00610
  -0.01482
  -0.02295
  -0.03015
  -0.03614
  -0.04067
  -0.04357
  -0.04471
  -0.04404
  -0.04160
  -0.03749
  -0.03187
  -0.02496
  -0.01704
  -0.00844
   0.00050
   0.00942
   0.01796
   0.02578
   0.03256
   0.03802
   0.04196
   0.04420
   0.04467
   0.04333
   0.04025
   0.03555
   0.02941
   0.02209
   0.01388
   0.00511
  -0.00387
  -0.01269
  -0.02099
  -0.02846
  -0.03477
  -0.03969
  -0.04301
  -0.04459
  -0.04438
  -0.04238
  -0.03867
  -0.03340
  -0.02679
  -0.01910
  -0.01064
  -0.00175
   0.00721
   0.01588
   0.02391
   0.03098
   0.03679
   0.04113
   0.04381
   0.04472
   0.04383
   0.04118
   0.03687
   0.03107
   0.02402
   0.01600
   0.00734
  -0.00162
  -0.01051
  -0.01898
  -0.02669
  -0.03332
  -0.03860
  -0.04234
  -0.04436
  -0.04460
  -0.04304
  -0.03975
  -0.03485
  -0.02856
  -0.02111
  -0.01281
  -0.00399
   0.00498
   0.01376
   0.02198
   0.02932
   0.03547
   0.04019
   0.04330
   0.04466
   0.04422
   0.04200
   0.03809
   0.03264
   0.02588
   0.01808
   0.00954
   0.00063
  -0.00832
  -0.01693
  -0.02485
  -0.03178
  -0.03742
  -0.04156
  -0.04402
  -0.04471
  -0.04360
  -0.04073
  -0.03622
  -0.03025
  -0.02306
  -0.01494
  -0.00623
   0.00274
   0.01160
   0.02000
   0.02758
   0.03406
   0.03916
   0.04268
   0.04449
   0.04450
   0.04272
   0.03922
   0.03414
   0.02768
   0.02011
   0.01173
   0.00287
  -0.00610
  -0.01482
  -0.02295
  -0.03015
  -0.03614
  -0.04067
  -0.04357
  -0.04471
  -0.04404
  -0.04160
  -0.03749
  -0.03187
  -0.02496
  -0.01704
  -0.00844
   0.00050
   0.00942
   0.01796
   0.02578
   0.03256
   0.03802
   0.04196
   0.04420
   0.04467
   0.04333
   0.04025
   0.03555
   0.02941
   0.02209
   0.01388
   0.00511
  -0.00387
  -0.01269
  -0.02099
  -0.02846
  -0.03477
  -0.03969
  -0.04301
  -0.04459
  -0.04438
  -0.04238
  -0.03867
  -0.03340
  -0.02679
  -0.01910
  -0.01064
  -0.00175
   0.00721
   0.01588
   0.02391
   0.03098
   0.03679
   0.04113
   0.04381
   0.04472
   0.04383
   0.04118
   0.03687
   0.03107
   0.02402
   0.01600
   0.00734
  -0.00162
  -0.01051
  -0.01898
  -0.02669
  -0.03332
  -0.03860
  -0.04234
  -0.04436
  -0.04460
  -0.04304
  -0.03975
  -0.03485
  -0.02856
  -0.02111
  -0.01281
  -0.00399
   0.00498
   0.01376
   0.02198
   0.02932
   0.03547
   0.04019
   0.04330
   0.04466
   0.04422
   0.04200
   0.03809
   0.03264
   0.02588
   0.01808
   0.00954
   0.00063
  -0.00832
  -0.01693
  -0.02485
  -0.03178
  -0.03742
  -0.04156
  -0.04402
  -0.04471
  -0.04360
  -0.04073
  -0.03622
  -0.03025
  -0.02306
  -0.01494
  -0.00623
   0.00274
   0.01160
   0.02000
   0.02758
   0.03406
   0.03916
   0.04268
   0.04449
   0.04450
   0.04272
   0.03922
   0.03414
   0.02768
   0.02011
   0.01173
   0.00287
  -0.00610
  -0.01482
  -0.02295
  -0.03015
  -0.03614
  -0.04067
  -0.04357
  -0.04471
  -0.04404
  -0.04160
  -0.03749
  -0.03187
  -0.02496
  -0.01704
  -0.00844
   0.00050
   0.00942
   0.01796
   0.02578
   0.03256
   0.03802
   0.04196
   0.04420
   0.04467
   0.04333
   0.04025
   0.03555
   0.02941
   0.02209
   0.01388
   0.00511
  -0.00387
  -0.01269
  -0.02099
  -0.02846
  -0.03477
  -0.03969
  -0.04301
  -0.04459
  -0.04438
  -0.04238
  -0.03867
  -0.03340
  -0.02679
  -0.01910
  -0.01064
  -0.00175
   0.00721
   0.01588
   0.02391
   0.03098
   0.03679
   0.04113
   0.04381
   0.04472
   0.04383
   0.04118
   0.03687
   0.03107
   0.02402
   0.01600
   0.00734
  -0.00162
  -0.01051
  -0.01898
  -0.02669
  -0.03332
  -0.03860
  -0.04234
  -0.04436
  -0.04460
  -0.04304
  -0.03975
  -0.03485
  -0.02856
  -0.02111
  -0.01281
  -0.00399
   0.00498
   0.01376
   0.02198
   0.02932
   0.03547
   0.04019
   0.04330
   0.04466
   0.04422
   0.04200
   0.03809
   0.03264
   0.02588
   0.01808
   0.00954
   0.00063
  -0.00832
  -0.01693
  -0.02485
  -0.03178
  -0.03742
  -0.04156
  -0.04402
  -0.04471
  -0.04360
  -0.04073
  -0.03622
  -0.03025
  -0.02306
  -0.01494
  -0.00623
   0.00274
   0.01160
   0.02000
   0.02758
   0.03406
   0.03916
   0.04268
   0.04449
   0.04450
   0.04272
   0.03922
   0.03414
   0.02768
   0.02011
   0.01173
   0.00287
  -0.00610
  -0.01482
  -0.02295
  -0.03015
  -0.03614
  -0.04067
  -0.04357
  -0.04471
  -0.04404
  -0.04160
  -0.03749
  -0.03187
  -0.02496
  -0.01704
  -0.00844
   0.00050
   0.00942
   0.01796
   0.02578
   0.03256
   0.03802
   0.04196
   0.04420
   0.04467
   0.04333
   0.04025
   0.03555
   0.02941
   0.02209
   0.01388
   0.00511
  -0.00387
  -0.01269
  -0.02099
  -0.02846
  -0.03477
  -0.03969
  -0.04301
  -0.04459
  -0.04438
  -0.04238
  -0.03867
  -0.03340
  -0.02679
  -0.01910
  -0.01064
  -0.00175
   0.00721
   0.01588
   0.02391
   0.03098
   0.03679
   0.04113
   0.04381
   0.04472
   0.04383
   0.04118
   0.03687
   0.03107
   0.02402
   0.01600
   0.00734
  -0.00162
  -0.01051
  -0.01898
  -0.02669
  -0.03332
  -0.03860
  -0.04234
  -0.04436
  -0.04460
  -0.04304
  -0.03975
  -0.03485
  -0.02856
  -0.02111
  -0.01281
  -0.00399
   0.00498
   0.01376
   0.02198
   0.02932
   0.03547
   0.04019
   0.04330
   0.04466
   0.04422
   0.04200
   0.03809
   0.03264
   0.02588
   0.01808
   0.00954
   0.00063
  -0.00832
  -0.01693
  -0.02485
  -0.03178
  -0.03742
  -0.04156
  -0.04402
  -0.04471
  -0.04360
  -0.04073
  -0.03622
  -0.03025
  -0.02306
  -0.01494
  -0.00623
   0.00274
   0.01160
   0.02000
   0.02758
   0.03406
   0.03916
   0.04268
   0.04449
   0.04450
   0.04272
   0.03922
   0.03414
   0.02768
   0.02011
   0.01173
   0.00287
  -0.00610
  -0.01482
  -0.02295
  -0.03015
  -0.03614
  -0.04067
  -0.04357
  -0.04471
  -0.04404
  -0.04160
  -0.03749
  -0.03187
  -0.02496
  -0.01704
  -0.00844
   0.00050
   0.00942
   0.01796
   0.02578
   0.03256
   0.03802
   0.04196
   0.04420
   0.04467
   0.04333
   0.04025
   0.03555
   0.02941
   0.02209
   0.01388
   0.00511
  -0.00387
  -0.01269
  -0.02099
  -0.02846
  -0.03477
  -0.03969
  -0.04301
  -0.04459
  -0.04438
  -0.04238
  -0.03867
  -0.03340
  -0.02679
  -0.01910
  -0.01064
  -0.00175
   0.00721
   0.01588
   0.02391
   0.03098
   0.03679
   0.04113
   0.04381
   0.04472
