   0.02585
  -0.04271
   0.04197
  -0.02394
  -0.00395
   0.03022
  -0.04404
   0.03971
  -0.01902
  -0.00951
   0.03411
  -0.04467
   0.03681
  -0.01379
  -0.01491
   0.03747
  -0.04459
   0.03334
  -0.00835
  -0.02008
   0.04023
  -0.04382
   0.02934
  -0.00278
  -0.02493
   0.04236
  -0.04235
   0.02488
   0.00283
  -0.02938
   0.04383
  -0.04021
   0.02003
   0.00841
  -0.03338
   0.04460
  -0.03744
   0.01486
   0.01384
  -0.03684
   0.04466
  -0.03408
   0.00946
   0.01907
  -0.03973
   0.04403
  -0.03018
   0.00390
   0.02399
  -0.04199
   0.04270
  -0.02581
  -0.00171
   0.02853
  -0.04359
   0.04069
  -0.02103
  -0.00730
   0.03262
  -0.04450
   0.03804
  -0.01591
  -0.01277
   0.03620
  -0.04471
   0.03480
  -0.01055
  -0.01804
   0.03920
  -0.04421
   0.03100
  -0.00502
  -0.02303
   0.04159
  -0.04302
   0.02672
   0.00059
  -0.02765
   0.04332
  -0.04114
   0.02201
   0.00619
  -0.03184
   0.04437
  -0.03862
   0.01696
   0.01169
  -0.03552
   0.04472
  -0.03549
   0.01164
   0.01701
  -0.03865
   0.04437
  -0.03180
   0.00614
   0.02206
  -0.04116
   0.04331
  -0.02761
   0.00054
   0.02676
  -0.04303
   0.04157
  -0.02298
  -0.00507
   0.03104
  -0.04422
   0.03918
  -0.01799
  -0.01060
   0.03483
  -0.04471
   0.03616
  -0.01272
  -0.01596
   0.03807
  -0.04449
   0.03258
  -0.00725
  -0.02107
   0.04071
  -0.04358
   0.02849
  -0.00166
  -0.02585
   0.04271
  -0.04197
   0.02394
   0.00395
  -0.03022
   0.04404
  -0.03971
   0.01902
   0.00951
  -0.03411
   0.04467
  -0.03681
   0.01379
   0.01491
  -0.03747
   0.04459
  -0.03334
   0.00835
   0.02008
  -0.04023
   0.04382
  -0.02934
   0.00278
   0.02493
  -0.04236
   0.04235
  -0.02488
  -0.00283
   0.02938
  -0.04383
   0.04021
  -0.02003
  -0.00841
   0.03338
  -0.04460
   0.03744
  -0.01486
  -0.01384
   0.03684
  -0.04466
   0.03408
  -0.00946
  -0.01907
   0.03973
  -0.04403
   0.03018
  -0.00390
  -0.02399
   0.04199
  -0.04270
   0.02581
   0.00171
  -0.02853
   0.04359
  -0.04069
   0.02103
   0.00730
  -0.03262
   0.04450
  -0.03804
   0.01591
   0.01277
  -0.03620
   0.04471
  -0.03480
   0.01055
   0.01804
  -0.03920
   0.04421
  -0.03100
   0.00502
   0.02303
  -0.04159
   0.04302
  -0.02672
  -0.00059
   0.02765
  -0.04332
   0.04114
  -0.02201
  -0.00619
   0.03184
  -0.04437
   0.03862
  -0.01696
  -0.01169
   0.03552
  -0.04472
   0.03549
  -0.01164
  -0.01701
   0.03865
  -0.04437
   0.03180
  -0.00614
  -0.02206
   0.04116
  -0.04331
   0.02761
  -0.00054
  -0.02676
   0.04303
  -0.04157
   0.02298
   0.00507
  -0.03104
   0.04422
  -0.03918
   0.01799
   0.01060
  -0.03483
   0.04471
  -0.03616
   0.01272
   0.01596
  -0.03807
   0.04449
  -0.03258
   0.00725
   0.02107
  -0.04071
   0.04358
  -0.02849
   0.00166
   0.02585
  -0.04271
   0.04197
  -0.02394
  -0.00395
   0.03022
  -0.04404
   0.03971
  -0.01902
  -0.00951
   0.03411
  -0.04467
   0.03681
  -0.01379
  -0.01491
   0.03747
  -0.04459
   0.03334
  -0.00835
  -0.02008
   0.04023
  -0.04382
   0.02934
  -0.00278
  -0.02493
   0.04236
  -0.04235
   0.02488
   0.00283
  -0.02938
   0.04383
  -0.04021
   0.02003
   0.00841
  -0.03338
   0.04460
  -0.03744
   0.01486
   0.01384
  -0.03684
   0.04466
  -0.03408
   0.00946
   0.01907
  -0.03973
   0.04403
  -0.03018
   0.00390
   0.02399
  -0.04199
   0.04270
  -0.02581
  -0.00171
   0.02853
  -0.04359
   0.04069
  -0.02103
  -0.00730
   0.03262
  -0.04450
   0.03804
  -0.01591
  -0.01277
   0.03620
  -0.04471
   0.03480
  -0.01055
  -0.01804
   0.03920
  -0.04421
   0.03100
  -0.00502
  -0.02303
   0.04159
  -0.04302
   0.02672
   0.00059
  -0.02765
   0.04332
  -0.04114
   0.02201
   0.00619
  -0.03184
   0.04437
  -0.03862
   0.01696
   0.01169
  -0.03552
   0.04472
  -0.03549
   0.01164
   0.01701
  -0.03865
   0.04437
  -0.03180
   0.00614
   0.02206
  -0.04116
   0.04331
  -0.02761
   0.00054
   0.02676
  -0.04303
   0.04157
  -0.02298
  -0.00507
   0.03104
  -0.04422
   0.03918
  -0.01799
  -0.01060
   0.03483
  -0.04471
   0.03616
  -0.01272
  -0.01596
   0.03807
  -0.04449
   0.03258
  -0.00725
  -0.02107
   0.04071
  -0.04358
   0.02849
  -0.00166
  -0.02585
   0.04271
  -0.04197
   0.02394
   0.00395
  -0.03022
   0.04404
  -0.03971
   0.01902
   0.00951
  -0.03411
   0.04467
  -0.03681
   0.01379
   0.01491
  -0.03747
   0.04459
  -0.03334
   0.00835
   0.02008
  -0.04023
   0.04382
  -0.02934
   0.00278
   0.02493
  -0.04236
   0.04235
  -0.02488
  -0.00283
   0.02938
  -0.04383
   0.04021
  -0.02003
  -0.00841
   0.03338
  -0.04460
   0.03744
  -0.01486
  -0.01384
   0.03684
  -0.04466
   0.03408
  -0.00946
  -0.01907
   0.03973
  -0.04403
   0.03018
  -0.00390
  -0.02399
   0.04199
  -0.04270
   0.02581
   0.00171
  -0.02853
   0.04359
  -0.04069
   0.02103
   0.00730
  -0.03262
   0.04450
  -0.03804
   0.01591
   0.01277
  -0.03620
   0.04471
  -0.03480
   0.01055
   0.01804
  -0.03920
   0.04421
  -0.03100
   0.00502
   0.02303
  -0.04159
   0.04302
  -0.02672
  -0.00059
   0.02765
  -0.04332
   0.04114
  -0.02201
  -0.00619
   0.03184
  -0.04437
   0.03862
  -0.01696
  -0.01169
   0.03552
  -0.04472
   0.03549
  -0.01164
  -0.01701
   0.03865
  -0.04437
   0.03180
  -0.00614
  -0.02206
   0.04116
  -0.04331
   0.02761
  -0.00054
  -0.02676
   0.04303
  -0.04157
   0.02298
   0.00507
  -0.03104
   0.04422
  -0.03918
   0.01799
   0.01060
  -0.03483
   0.04471
  -0.03616
   0.01272
   0.01596
  -0.03807
   0.04449
  -0.03258
   0.00725
   0.02107
  -0.04071
   0.04358
  -0.02849
   0.00166
   0.02585
  -0.04271
   0.04197
  -0.02394
  -0.00395
   0.03022
  -0.04404
   0.03971
  -0.01902
  -0.00951
   0.03411
  -0.04467
   0.03681
  -0.01379
  -0.01491
   0.03747
  -0.04459
   0.03334
  -0.00835
  -0.02008
   0.04023
  -0.04382
   0.02934
  -0.00278
  -0.02493
   0.04236
  -0.04235
   0.02488
   0.00283
  -0.02938
   0.04383
  -0.04021
   0.02003
   0.00841
  -0.03338
   0.04460
  -0.03744
   0.01486
   0.01384
  -0.03684
   0.04466
  -0.03408
   0.00946
   0.01907
  -0.03973
   0.04403
  -0.03018
   0.00390
   0.02399
  -0.04199
   0.04270
  -0.02581
  -0.00171
   0.02853
  -0.04359
   0.04069
  -0.02103
  -0.00730
   0.03262
  -0.04450
   0.03804
  -0.01591
  -0.01277
   0.03620
  -0.04471
   0.03480
  -0.01055
  -0.01804
   0.03920
  -0.04421
   0.03100
  -0.00502
  -0.02303
   0.04159
  -0.04302
   0.02672
   0.00059
  -0.02765
   0.04332
  -0.04114
   0.02201
   0.00619
  -0.03184
   0.04437
  -0.03862
   0.01696
   0.01169
  -0.03552
   0.04472
  -0.03549
   0.01164
   0.01701
  -0.03865
   0.04437
  -0.03180
   0.00614
   0.02206
  -0.04116
   0.04331
  -0.02761
   0.00054
   0.02676
  -0.04303
   0.04157
  -0.02298
  -0.00507
   0.03104
  -0.04422
   0.03918
  -0.01799
  -0.01060
   0.03483
  -0.04471
   0.03616
  -0.01272
  -0.01596
   0.03807
  -0.04449
   0.03258
  -0.00725
  -0.02107
   0.04071
  -0.04358
   0.02849
  -0.00166
  -0.02585
   0.04271
  -0.04197
   0.02394
   0.00395
  -0.03022
   0.04404
  -0.03971
   0.01902
   0.00951
  -0.03411
   0.04467
  -0.03681
   0.01379
   0.01491
  -0.03747
   0.04459
  -0.03334
   0.00835
   0.02008
  -0.04023
   0.04382
  -0.02934
   0.00278
   0.02493
  -0.04236
   0.04235
  -0.02488
  -0.00283
   0.02938
  -0.04383
   0.04021
  -0.02003
  -0.00841
   0.03338
  -0.04460
   0.03744
  -0.01486
  -0.01384
   0.03684
  -0.04466
   0.03408
  -0.00946
  -0.01907
   0.03973
  -0.04403
   0.03018
  -0.00390
  -0.02399
   0.04199
  -0.04270
   0.02581
   0.00171
  -0.02853
   0.04359
  -0.04069
   0.02103
   0.00730
  -0.03262
   0.04450
  -0.03804
   0.01591
   0.01277
  -0.03620
   0.04471
  -0.03480
   0.01055
   0.01804
  -0.03920
   0.04421
  -0.03100
   0.00502
   0.02303
  -0.04159
   0.04302
  -0.02672
  -0.00059
   0.02765
  -0.04332
   0.04114
  -0.02201
  -0.00619
   0.03184
  -0.04437
   0.03862
  -0.01696
  -0.01169
   0.03552
  -0.04472
   0.03549
  -0.01164
  -0.01701
   0.03865
  -0.04437
   0.03180
  -0.00614
  -0.02206
   0.04116
  -0.04331
   0.02761
  -0.00054
  -0.02676
   0.04303
  -0.04157
   0.02298
   0.00507
  -0.03104
   0.04422
  -0.03918
   0.01799
   0.01060
  -0.03483
   0.04471
  -0.03616
   0.01272
   0.01596
  -0.03807
   0.04449
  -0.03258
   0.00725
   0.02107
  -0.04071
   0.04358
  -0.02849
   0.00166
   0.02585
  -0.04271
   0.04197
  -0.02394
  -0.00395
   0.03022
  -0.04404
   0.03971
  -0.01902
  -0.00951
   0.03411
  -0.04467
   0.03681
  -0.01379
  -0.01491
   0.03747
  -0.04459
   0.03334
  -0.00835
  -0.02008
   0.04023
  -0.04382
   0.02934
  -0.00278
  -0.02493
   0.04236
  -0.04235
   0.02488
   0.00283
  -0.02938
   0.04383
  -0.04021
   0.02003
   0.00841
  -0.03338
   0.04460
  -0.03744
   0.01486
   0.01384
  -0.03684
   0.04466
  -0.03408
   0.00946
   0.01907
  -0.03973
   0.04403
  -0.03018
   0.00390
   0.02399
  -0.04199
   0.04270
  -0.02581
  -0.00171
   0.02853
  -0.04359
   0.04069
  -0.02103
  -0.00730
   0.03262
  -0.04450
   0.03804
  -0.01591
  -0.01277
   0.03620
  -0.04471
   0.03480
  -0.01055
  -0.01804
   0.03920
  -0.04421
   0.03100
  -0.00502
  -0.02303
   0.04159
  -0.04302
   0.02672
   0.00059
  -0.02765
   0.04332
  -0.04114
   0.02201
   0.00619
  -0.03184
   0.04437
  -0.03862
   0.01696
   0.01169
  -0.03552
   0.04472
  -0.03549
   0.01164
   0.01701
  -0.03865
   0.04437
  -0.03180
   0.00614
   0.02206
  -0.04116
   0.04331
  -0.02761
   0.00054
   0.02676
  -0.04303
   0.04157
  -0.02298
  -0.00507
   0.03104
  -0.04422
   0.03918
  -0.01799
  -0.01060
   0.03483
  -0.04471
   0.03616
  -0.01272
  -0.01596
   0.03807
  -0.04449
   0.03258
  -0.00725
  -0.02107
   0.04071
  -0.04358
   0.02849
  -0.00166
  -0.02585
   0.04271
  -0.04197
   0.02394
   0.00395
  -0.03022
   0.04404
  -0.03971
   0.01902
   0.00951
  -0.03411
   0.04467
  -0.03681
   0.01379
   0.01491
  -0.03747
   0.04459
  -0.03334
   0.00835
   0.02008
  -0.04023
   0.04382
  -0.02934
   0.00278
   0.02493
  -0.04236
   0.04235
  -0.02488
  -0.00283
   0.02938
  -0.04383
   0.04021
  -0.02003
  -0.00841
   0.03338
  -0.04460
   0.03744
  -0.01486
  -0.01384
   0.03684
  -0.04466
   0.03408
  -0.00946
  -0.01907
   0.03973
  -0.04403
   0.03018
  -0.00390
  -0.02399
   0.04199
  -0.04270
   0.02581
   0.00171
  -0.02853
   0.04359
  -0.04069
   0.02103
   0.00730
  -0.03262
   0.04450
  -0.03804
   0.01591
   0.01277
  -0.03620
   0.04471
  -0.03480
   0.01055
   0.01804
  -0.03920
   0.04421
  -0.03100
   0.00502
   0.02303
  -0.04159
   0.04302
  -0.02672
  -0.00059
   0.02765
  -0.04332
   0.04114
  -0.02201
  -0.00619
   0.03184
  -0.04437
   0.03862
  -0.01696
  -0.01169
   0.03552
  -0.04472
   0.03549
  -0.01164
  -0.01701
   0.03865
  -0.04437
   0.03180
  -0.00614
  -0.02206
   0.04116
  -0.04331
   0.02761
  -0.00054
  -0.02676
   0.04303
  -0.04157
   0.02298
   0.00507
  -0.03104
   0.04422
  -0.03918
   0.01799
   0.01060
  -0.03483
   0.04471
  -0.03616
   0.01272
   0.01596
  -0.03807
   0.04449
  -0.03258
   0.00725
   0.02107
  -0.04071
   0.04358
  -0.02849
   0.00166
