   0.04380
  -0.04133
   0.03740
  -0.03214
   0.02574
  -0.01843
   0.01047
  -0.00214
  -0.00627
   0.01445
  -0.02213
   0.02902
  -0.03488
   0.03951
  -0.04273
   0.04445
  -0.04459
   0.04315
  -0.04018
   0.03578
  -0.03012
   0.02340
  -0.01584
   0.00772
   0.00067
  -0.00904
   0.01708
  -0.02453
   0.03110
  -0.03657
   0.04075
  -0.04348
   0.04467
  -0.04428
   0.04232
  -0.03886
   0.03403
  -0.02799
   0.02096
  -0.01318
   0.00494
   0.00348
  -0.01177
   0.01964
  -0.02683
   0.03305
  -0.03811
   0.04182
  -0.04405
   0.04472
  -0.04380
   0.04133
  -0.03740
   0.03214
  -0.02574
   0.01843
  -0.01047
   0.00214
   0.00627
  -0.01445
   0.02213
  -0.02902
   0.03488
  -0.03951
   0.04273
  -0.04445
   0.04459
  -0.04315
   0.04018
  -0.03578
   0.03012
  -0.02340
   0.01584
  -0.00772
  -0.00067
   0.00904
  -0.01708
   0.02453
  -0.03110
   0.03657
  -0.04075
   0.04348
  -0.04467
   0.04428
  -0.04232
   0.03886
  -0.03403
   0.02799
  -0.02096
   0.01318
  -0.00494
  -0.00348
   0.01177
  -0.01964
   0.02683
  -0.03305
   0.03811
  -0.04182
   0.04405
  -0.04472
   0.04380
  -0.04133
   0.03740
  -0.03214
   0.02574
  -0.01843
   0.01047
  -0.00214
  -0.00627
   0.01445
  -0.02213
   0.02902
  -0.03488
   0.03951
  -0.04273
   0.04445
  -0.04459
   0.04315
  -0.04018
   0.03578
  -0.03012
   0.02340
  -0.01584
   0.00772
   0.00067
  -0.00904
   0.01708
  -0.02453
   0.03110
  -0.03657
   0.04075
  -0.04348
   0.04467
  -0.04428
   0.04232
  -0.03886
   0.03403
  -0.02799
   0.02096
  -0.01318
   0.00494
   0.00348
  -0.01177
   0.01964
  -0.02683
   0.03305
  -0.03811
   0.04182
  -0.04405
   0.04472
  -0.04380
   0.04133
  -0.03740
   0.03214
  -0.02574
   0.01843
  -0.01047
   0.00214
   0.00627
  -0.01445
   0.02213
  -0.02902
   0.03488
  -0.03951
   0.04273
  -0.04445
   0.04459
  -0.04315
   0.04018
  -0.03578
   0.03012
  -0.02340
   0.01584
  -0.00772
  -0.00067
   0.00904
  -0.01708
   0.02453
  -0.03110
   0.03657
  -0.04075
   0.04348
  -0.04467
   0.04428
  -0.04232
   0.03886
  -0.03403
   0.02799
  -0.02096
   0.01318
  -0.00494
  -0.00348
   0.01177
  -0.01964
   0.02683
  -0.03305
   0.03811
  -0.04182
   0.04405
  -0.04472
   0.04380
  -0.04133
   0.03740
  -0.03214
   0.02574
  -0.01843
   0.01047
  -0.00214
  -0.00627
   0.01445
  -0.02213
   0.02902
  -0.03488
   0.03951
  -0.04273
   0.04445
  -0.04459
   0.04315
  -0.04018
   0.03578
  -0.03012
   0.02340
  -0.01584
   0.00772
   0.00067
  -0.00904
   0.01708
  -0.02453
   0.03110
  -0.03657
   0.04075
  -0.04348
   0.04467
  -0.04428
   0.04232
  -0.03886
   0.03403
  -0.02799
   0.02096
  -0.01318
   0.00494
   0.00348
  -0.01177
   0.01964
  -0.02683
   0.03305
  -0.03811
   0.04182
  -0.04405
   0.04472
  -0.04380
   0.04133
  -0.03740
   0.03214
  -0.02574
   0.01843
  -0.01047
   0.00214
   0.00627
  -0.01445
   0.02213
  -0.02902
   0.03488
  -0.03951
   0.04273
  -0.04445
   0.04459
  -0.04315
   0.04018
  -0.03578
   0.03012
  -0.02340
   0.01584
  -0.00772
  -0.00067
   0.00904
  -0.01708
   0.02453
  -0.03110
   0.03657
  -0.04075
   0.04348
  -0.04467
   0.04428
  -0.04232
   0.03886
  -0.03403
   0.02799
  -0.02096
   0.01318
  -0.00494
  -0.00348
   0.01177
  -0.01964
   0.02683
  -0.03305
   0.03811
  -0.04182
   0.04405
  -0.04472
   0.04380
  -0.04133
   0.03740
  -0.03214
   0.02574
  -0.01843
   0.01047
  -0.00214
  -0.00627
   0.01445
  -0.02213
   0.02902
  -0.03488
   0.03951
  -0.04273
   0.04445
  -0.04459
   0.04315
  -0.04018
   0.03578
  -0.03012
   0.02340
  -0.01584
   0.00772
   0.00067
  -0.00904
   0.01708
  -0.02453
   0.03110
  -0.03657
   0.04075
  -0.04348
   0.04467
  -0.04428
   0.04232
  -0.03886
   0.03403
  -0.02799
   0.02096
  -0.01318
   0.00494
   0.00348
  -0.01177
   0.01964
  -0.02683
   0.03305
  -0.03811
   0.04182
  -0.04405
   0.04472
  -0.04380
   0.04133
  -0.03740
   0.03214
  -0.02574
   0.01843
  -0.01047
   0.00214
   0.00627
  -0.01445
   0.02213
  -0.02902
   0.03488
  -0.03951
   0.04273
  -0.04445
   0.04459
  -0.04315
   0.04018
  -0.03578
   0.03012
  -0.02340
   0.01584
  -0.00772
  -0.00067
   0.00904
  -0.01708
   0.02453
  -0.03110
   0.03657
  -0.04075
   0.04348
  -0.04467
   0.04428
  -0.04232
   0.03886
  -0.03403
   0.02799
  -0.02096
   0.01318
  -0.00494
  -0.00348
   0.01177
  -0.01964
   0.02683
  -0.03305
   0.03811
  -0.04182
   0.04405
  -0.04472
   0.04380
  -0.04133
   0.03740
  -0.03214
   0.02574
  -0.01843
   0.01047
  -0.00214
  -0.00627
   0.01445
  -0.02213
   0.02902
  -0.03488
   0.03951
  -0.04273
   0.04445
  -0.04459
   0.04315
  -0.04018
   0.03578
  -0.03012
   0.02340
  -0.01584
   0.00772
   0.00067
  -0.00904
   0.01708
  -0.02453
   0.03110
  -0.03657
   0.04075
  -0.04348
   0.04467
  -0.04428
   0.04232
  -0.03886
   0.03403
  -0.02799
   0.02096
  -0.01318
   0.00494
   0.00348
  -0.01177
   0.01964
  -0.02683
   0.03305
  -0.03811
   0.04182
  -0.04405
   0.04472
  -0.04380
   0.04133
  -0.03740
   0.03214
  -0.02574
   0.01843
  -0.01047
   0.00214
   0.00627
  -0.01445
   0.02213
  -0.02902
   0.03488
  -0.03951
   0.04273
  -0.04445
   0.04459
  -0.04315
   0.04018
  -0.03578
   0.03012
  -0.02340
   0.01584
  -0.00772
  -0.00067
   0.00904
  -0.01708
   0.02453
  -0.03110
   0.03657
  -0.04075
   0.04348
  -0.04467
   0.04428
  -0.04232
   0.03886
  -0.03403
   0.02799
  -0.02096
   0.01318
  -0.00494
  -0.00348
   0.01177
  -0.01964
   0.02683
  -0.03305
   0.03811
  -0.04182
   0.04405
  -0.04472
   0.04380
  -0.04133
   0.03740
  -0.03214
   0.02574
  -0.01843
   0.01047
  -0.00214
  -0.00627
   0.01445
  -0.02213
   0.02902
  -0.03488
   0.03951
  -0.04273
   0.04445
  -0.04459
   0.04315
  -0.04018
   0.03578
  -0.03012
   0.02340
  -0.01584
   0.00772
   0.00067
  -0.00904
   0.01708
  -0.02453
   0.03110
  -0.03657
   0.04075
  -0.04348
   0.04467
  -0.04428
   0.04232
  -0.03886
   0.03403
  -0.02799
   0.02096
  -0.01318
   0.00494
   0.00348
  -0.01177
   0.01964
  -0.02683
   0.03305
  -0.03811
   0.04182
  -0.04405
   0.04472
  -0.04380
   0.04133
  -0.03740
   0.03214
  -0.02574
   0.01843
  -0.01047
   0.00214
   0.00627
  -0.01445
   0.02213
  -0.02902
   0.03488
  -0.03951
   0.04273
  -0.04445
   0.04459
  -0.04315
   0.04018
  -0.03578
   0.03012
  -0.02340
   0.01584
  -0.00772
  -0.00067
   0.00904
  -0.01708
   0.02453
  -0.03110
   0.03657
  -0.04075
   0.04348
  -0.04467
   0.04428
  -0.04232
   0.03886
  -0.03403
   0.02799
  -0.02096
   0.01318
  -0.00494
  -0.00348
   0.01177
  -0.01964
   0.02683
  -0.03305
   0.03811
  -0.04182
   0.04405
  -0.04472
   0.04380
  -0.04133
   0.03740
  -0.03214
   0.02574
  -0.01843
   0.01047
  -0.00214
  -0.00627
   0.01445
  -0.02213
   0.02902
  -0.03488
   0.03951
  -0.04273
   0.04445
  -0.04459
   0.04315
  -0.04018
   0.03578
  -0.03012
   0.02340
  -0.01584
   0.00772
   0.00067
  -0.00904
   0.01708
  -0.02453
   0.03110
  -0.03657
   0.04075
  -0.04348
   0.04467
  -0.04428
   0.04232
  -0.03886
   0.03403
  -0.02799
   0.02096
  -0.01318
   0.00494
   0.00348
  -0.01177
   0.01964
  -0.02683
   0.03305
  -0.03811
   0.04182
  -0.04405
   0.04472
  -0.04380
   0.04133
  -0.03740
   0.03214
  -0.02574
   0.01843
  -0.01047
   0.00214
   0.00627
  -0.01445
   0.02213
  -0.02902
   0.03488
  -0.03951
   0.04273
  -0.04445
   0.04459
  -0.04315
   0.04018
  -0.03578
   0.03012
  -0.02340
   0.01584
  -0.00772
  -0.00067
   0.00904
  -0.01708
   0.02453
  -0.03110
   0.03657
  -0.04075
   0.04348
  -0.04467
   0.04428
  -0.04232
   0.03886
  -0.03403
   0.02799
  -0.02096
   0.01318
  -0.00494
  -0.00348
   0.01177
  -0.01964
   0.02683
  -0.03305
   0.03811
  -0.04182
   0.04405
  -0.04472
   0.04380
  -0.04133
   0.03740
  -0.03214
   0.02574
  -0.01843
   0.01047
  -0.00214
  -0.00627
   0.01445
  -0.02213
   0.02902
  -0.03488
   0.03951
  -0.04273
   0.04445
  -0.04459
   0.04315
  -0.04018
   0.03578
  -0.03012
   0.02340
  -0.01584
   0.00772
   0.00067
  -0.00904
   0.01708
  -0.02453
   0.03110
  -0.03657
   0.04075
  -0.04348
   0.04467
  -0.04428
   0.04232
  -0.03886
   0.03403
  -0.02799
   0.02096
  -0.01318
   0.00494
   0.00348
  -0.01177
   0.01964
  -0.02683
   0.03305
  -0.03811
   0.04182
  -0.04405
   0.04472
  -0.04380
   0.04133
  -0.03740
   0.03214
  -0.02574
   0.01843
  -0.01047
   0.00214
   0.00627
  -0.01445
   0.02213
  -0.02902
   0.03488
  -0.03951
   0.04273
  -0.04445
   0.04459
  -0.04315
   0.04018
  -0.03578
   0.03012
  -0.02340
   0.01584
  -0.00772
  -0.00067
   0.00904
  -0.01708
   0.02453
  -0.03110
   0.03657
  -0.04075
   0.04348
  -0.04467
   0.04428
  -0.04232
   0.03886
  -0.03403
   0.02799
  -0.02096
   0.01318
  -0.00494
  -0.00348
   0.01177
  -0.01964
   0.02683
  -0.03305
   0.03811
  -0.04182
   0.04405
  -0.04472
   0.04380
  -0.04133
   0.03740
  -0.03214
   0.02574
  -0.01843
   0.01047
  -0.00214
  -0.00627
   0.01445
  -0.02213
   0.02902
  -0.03488
   0.03951
  -0.04273
   0.04445
  -0.04459
   0.04315
  -0.04018
   0.03578
  -0.03012
   0.02340
  -0.01584
   0.00772
   0.00067
  -0.00904
   0.01708
  -0.02453
   0.03110
  -0.03657
   0.04075
  -0.04348
   0.04467
  -0.04428
   0.04232
  -0.03886
   0.03403
  -0.02799
   0.02096
  -0.01318
   0.00494
   0.00348
  -0.01177
   0.01964
  -0.02683
   0.03305
  -0.03811
   0.04182
  -0.04405
   0.04472
  -0.04380
   0.04133
  -0.03740
   0.03214
  -0.02574
   0.01843
  -0.01047
   0.00214
   0.00627
  -0.01445
   0.02213
  -0.02902
   0.03488
  -0.03951
   0.04273
  -0.04445
   0.04459
  -0.04315
   0.04018
  -0.03578
   0.03012
  -0.02340
   0.01584
  -0.00772
  -0.00067
   0.00904
  -0.01708
   0.02453
  -0.03110
   0.03657
  -0.04075
   0.04348
  -0.04467
   0.04428
  -0.04232
   0.03886
  -0.03403
   0.02799
  -0.02096
   0.01318
  -0.00494
  -0.00348
   0.01177
  -0.01964
   0.02683
  -0.03305
   0.03811
  -0.04182
   0.04405
  -0.04472
   0.04380
  -0.04133
   0.03740
  -0.03214
   0.02574
  -0.01843
   0.01047
  -0.00214
  -0.00627
   0.01445
  -0.02213
   0.02902
  -0.03488
   0.03951
  -0.04273
   0.04445
  -0.04459
   0.04315
  -0.04018
   0.03578
  -0.03012
   0.02340
  -0.01584
   0.00772
   0.00067
  -0.00904
   0.01708
  -0.02453
   0.03110
  -0.03657
   0.04075
  -0.04348
   0.04467
  -0.04428
   0.04232
  -0.03886
   0.03403
  -0.02799
   0.02096
  -0.01318
   0.00494
   0.00348
  -0.01177
   0.01964
  -0.02683
   0.03305
  -0.03811
   0.04182
  -0.04405
   0.04472
  -0.04380
   0.04133
  -0.03740
   0.03214
  -0.02574
   0.01843
  -0.01047
   0.00214
   0.00627
  -0.01445
   0.02213
  -0.02902
   0.03488
  -0.03951
   0.04273
  -0.04445
   0.04459
  -0.04315
   0.04018
  -0.03578
   0.03012
  -0.02340
   0.01584
  -0.00772
  -0.00067
   0.00904
  -0.01708
   0.02453
  -0.03110
   0.03657
  -0.04075
   0.04348
  -0.04467
   0.04428
  -0.04232
   0.03886
  -0.03403
   0.02799
  -0.02096
   0.01318
  -0.00494
  -0.00348
   0.01177
  -0.01964
   0.02683
  -0.03305
   0.03811
  -0.04182
   0.04405
  -0.04472
