   0.03351
  -0.00359
  -0.02833
   0.04441
  -0.03565
   0.00694
   0.02565
  -0.04389
   0.03758
  -0.01025
  -0.02281
   0.04311
  -0.03930
   0.01350
   0.01985
  -0.04210
   0.04079
  -0.01667
  -0.01678
   0.04084
  -0.04206
   0.01975
   0.01360
  -0.03935
   0.04308
  -0.02272
  -0.01036
   0.03764
  -0.04387
   0.02555
   0.00705
  -0.03571
   0.04440
  -0.02825
  -0.00370
   0.03358
  -0.04468
   0.03078
   0.00034
  -0.03126
   0.04470
  -0.03313
   0.00303
   0.02876
  -0.04447
   0.03530
  -0.00639
  -0.02610
   0.04399
  -0.03727
   0.00970
   0.02329
  -0.04326
   0.03903
  -0.01296
  -0.02035
   0.04228
  -0.04056
   0.01615
   0.01729
  -0.04107
   0.04186
  -0.01925
  -0.01414
   0.03961
  -0.04293
   0.02223
   0.01090
  -0.03794
   0.04375
  -0.02509
  -0.00760
   0.03605
  -0.04433
   0.02781
   0.00426
  -0.03395
   0.04465
  -0.03037
  -0.00090
   0.03166
  -0.04471
   0.03275
  -0.00247
  -0.02919
   0.04453
  -0.03496
   0.00583
   0.02656
  -0.04409
   0.03696
  -0.00915
  -0.02377
   0.04340
  -0.03875
   0.01242
   0.02085
  -0.04246
   0.04032
  -0.01562
  -0.01781
   0.04128
  -0.04166
   0.01874
   0.01467
  -0.03987
   0.04277
  -0.02174
  -0.01145
   0.03823
  -0.04363
   0.02462
   0.00816
  -0.03638
   0.04425
  -0.02737
  -0.00482
   0.03431
  -0.04461
   0.02995
   0.00146
  -0.03206
   0.04472
  -0.03237
   0.00191
   0.02962
  -0.04458
   0.03460
  -0.00527
  -0.02701
   0.04418
  -0.03664
   0.00860
   0.02425
  -0.04353
   0.03847
  -0.01188
  -0.02135
   0.04264
  -0.04007
   0.01510
   0.01833
  -0.04150
   0.04146
  -0.01823
  -0.01520
   0.04012
  -0.04260
   0.02125
   0.01199
  -0.03852
   0.04351
  -0.02415
  -0.00871
   0.03670
  -0.04416
   0.02692
   0.00538
  -0.03467
   0.04457
  -0.02953
  -0.00202
   0.03245
  -0.04472
   0.03198
  -0.00135
  -0.03003
   0.04462
  -0.03424
   0.00471
   0.02745
  -0.04426
   0.03631
  -0.00805
  -0.02472
   0.04366
  -0.03818
   0.01134
   0.02184
  -0.04280
   0.03982
  -0.01457
  -0.01884
   0.04170
  -0.04124
   0.01771
   0.01573
  -0.04037
   0.04243
  -0.02075
  -0.01253
   0.03880
  -0.04337
   0.02368
   0.00926
  -0.03702
   0.04407
  -0.02647
  -0.00594
   0.03502
  -0.04452
   0.02911
   0.00258
  -0.03283
   0.04471
  -0.03158
   0.00079
   0.03045
  -0.04465
   0.03388
  -0.00415
  -0.02790
   0.04434
  -0.03598
   0.00750
   0.02518
  -0.04377
   0.03788
  -0.01080
  -0.02233
   0.04296
  -0.03956
   0.01403
   0.01935
  -0.04190
   0.04102
  -0.01719
  -0.01625
   0.04061
  -0.04225
   0.02025
   0.01307
  -0.03908
   0.04323
  -0.02320
  -0.00981
   0.03733
  -0.04397
   0.02601
   0.00649
  -0.03537
   0.04446
  -0.02868
  -0.00314
   0.03321
  -0.04470
   0.03118
  -0.00023
  -0.03086
   0.04468
  -0.03351
   0.00359
   0.02833
  -0.04441
   0.03565
  -0.00694
  -0.02565
   0.04389
  -0.03758
   0.01025
   0.02281
  -0.04311
   0.03930
  -0.01350
  -0.01985
   0.04210
  -0.04079
   0.01667
   0.01678
  -0.04084
   0.04206
  -0.01975
  -0.01360
   0.03935
  -0.04308
   0.02272
   0.01036
  -0.03764
   0.04387
  -0.02555
  -0.00705
   0.03571
  -0.04440
   0.02825
   0.00370
  -0.03358
   0.04468
  -0.03078
  -0.00034
   0.03126
  -0.04470
   0.03313
  -0.00303
  -0.02876
   0.04447
  -0.03530
   0.00639
   0.02610
  -0.04399
   0.03727
  -0.00970
  -0.02329
   0.04326
  -0.03903
   0.01296
   0.02035
  -0.04228
   0.04056
  -0.01615
  -0.01729
   0.04107
  -0.04186
   0.01925
   0.01414
  -0.03961
   0.04293
  -0.02223
  -0.01090
   0.03794
  -0.04375
   0.02509
   0.00760
  -0.03605
   0.04433
  -0.02781
  -0.00426
   0.03395
  -0.04465
   0.03037
   0.00090
  -0.03166
   0.04471
  -0.03275
   0.00247
   0.02919
  -0.04453
   0.03496
  -0.00583
  -0.02656
   0.04409
  -0.03696
   0.00915
   0.02377
  -0.04340
   0.03875
  -0.01242
  -0.02085
   0.04246
  -0.04032
   0.01562
   0.01781
  -0.04128
   0.04166
  -0.01874
  -0.01467
   0.03987
  -0.04277
   0.02174
   0.01145
  -0.03823
   0.04363
  -0.02462
  -0.00816
   0.03638
  -0.04425
   0.02737
   0.00482
  -0.03431
   0.04461
  -0.02995
  -0.00146
   0.03206
  -0.04472
   0.03237
  -0.00191
  -0.02962
   0.04458
  -0.03460
   0.00527
   0.02701
  -0.04418
   0.03664
  -0.00860
  -0.02425
   0.04353
  -0.03847
   0.01188
   0.02135
  -0.04264
   0.04007
  -0.01510
  -0.01833
   0.04150
  -0.04146
   0.01823
   0.01520
  -0.04012
   0.04260
  -0.02125
  -0.01199
   0.03852
  -0.04351
   0.02415
   0.00871
  -0.03670
   0.04416
  -0.02692
  -0.00538
   0.03467
  -0.04457
   0.02953
   0.00202
  -0.03245
   0.04472
  -0.03198
   0.00135
   0.03003
  -0.04462
   0.03424
  -0.00471
  -0.02745
   0.04426
  -0.03631
   0.00805
   0.02472
  -0.04366
   0.03818
  -0.01134
  -0.02184
   0.04280
  -0.03982
   0.01457
   0.01884
  -0.04170
   0.04124
  -0.01771
  -0.01573
   0.04037
  -0.04243
   0.02075
   0.01253
  -0.03880
   0.04337
  -0.02368
  -0.00926
   0.03702
  -0.04407
   0.02647
   0.00594
  -0.03502
   0.04452
  -0.02911
  -0.00258
   0.03283
  -0.04471
   0.03158
  -0.00079
  -0.03045
   0.04465
  -0.03388
   0.00415
   0.02790
  -0.04434
   0.03598
  -0.00750
  -0.02518
   0.04377
  -0.03788
   0.01080
   0.02233
  -0.04296
   0.03956
  -0.01403
  -0.01935
   0.04190
  -0.04102
   0.01719
   0.01625
  -0.04061
   0.04225
  -0.02025
  -0.01307
   0.03908
  -0.04323
   0.02320
   0.00981
  -0.03733
   0.04397
  -0.02601
  -0.00649
   0.03537
  -0.04446
   0.02868
   0.00314
  -0.03321
   0.04470
  -0.03118
   0.00023
   0.03086
  -0.04468
   0.03351
  -0.00359
  -0.02833
   0.04441
  -0.03565
   0.00694
   0.02565
  -0.04389
   0.03758
  -0.01025
  -0.02281
   0.04311
  -0.03930
   0.01350
   0.01985
  -0.04210
   0.04079
  -0.01667
  -0.01678
   0.04084
  -0.04206
   0.01975
   0.01360
  -0.03935
   0.04308
  -0.02272
  -0.01036
   0.03764
  -0.04387
   0.02555
   0.00705
  -0.03571
   0.04440
  -0.02825
  -0.00370
   0.03358
  -0.04468
   0.03078
   0.00034
  -0.03126
   0.04470
  -0.03313
   0.00303
   0.02876
  -0.04447
   0.03530
  -0.00639
  -0.02610
   0.04399
  -0.03727
   0.00970
   0.02329
  -0.04326
   0.03903
  -0.01296
  -0.02035
   0.04228
  -0.04056
   0.01615
   0.01729
  -0.04107
   0.04186
  -0.01925
  -0.01414
   0.03961
  -0.04293
   0.02223
   0.01090
  -0.03794
   0.04375
  -0.02509
  -0.00760
   0.03605
  -0.04433
   0.02781
   0.00426
  -0.03395
   0.04465
  -0.03037
  -0.00090
   0.03166
  -0.04471
   0.03275
  -0.00247
  -0.02919
   0.04453
  -0.03496
   0.00583
   0.02656
  -0.04409
   0.03696
  -0.00915
  -0.02377
   0.04340
  -0.03875
   0.01242
   0.02085
  -0.04246
   0.04032
  -0.01562
  -0.01781
   0.04128
  -0.04166
   0.01874
   0.01467
  -0.03987
   0.04277
  -0.02174
  -0.01145
   0.03823
  -0.04363
   0.02462
   0.00816
  -0.03638
   0.04425
  -0.02737
  -0.00482
   0.03431
  -0.04461
   0.02995
   0.00146
  -0.03206
   0.04472
  -0.03237
   0.00191
   0.02962
  -0.04458
   0.03460
  -0.00527
  -0.02701
   0.04418
  -0.03664
   0.00860
   0.02425
  -0.04353
   0.03847
  -0.01188
  -0.02135
   0.04264
  -0.04007
   0.01510
   0.01833
  -0.04150
   0.04146
  -0.01823
  -0.01520
   0.04012
  -0.04260
   0.02125
   0.01199
  -0.03852
   0.04351
  -0.02415
  -0.00871
   0.03670
  -0.04416
   0.02692
   0.00538
  -0.03467
   0.04457
  -0.02953
  -0.00202
   0.03245
  -0.04472
   0.03198
  -0.00135
  -0.03003
   0.04462
  -0.03424
   0.00471
   0.02745
  -0.04426
   0.03631
  -0.00805
  -0.02472
   0.04366
  -0.03818
   0.01134
   0.02184
  -0.04280
   0.03982
  -0.01457
  -0.01884
   0.04170
  -0.04124
   0.01771
   0.01573
  -0.04037
   0.04243
  -0.02075
  -0.01253
   0.03880
  -0.04337
   0.02368
   0.00926
  -0.03702
   0.04407
  -0.02647
  -0.00594
   0.03502
  -0.04452
   0.02911
   0.00258
  -0.03283
   0.04471
  -0.03158
   0.00079
   0.03045
  -0.04465
   0.03388
  -0.00415
  -0.02790
   0.04434
  -0.03598
   0.00750
   0.02518
  -0.04377
   0.03788
  -0.01080
  -0.02233
   0.04296
  -0.03956
   0.01403
   0.01935
  -0.04190
   0.04102
  -0.01719
  -0.01625
   0.04061
  -0.04225
   0.02025
   0.01307
  -0.03908
   0.04323
  -0.02320
  -0.00981
   0.03733
  -0.04397
   0.02601
   0.00649
  -0.03537
   0.04446
  -0.02868
  -0.00314
   0.03321
  -0.04470
   0.03118
  -0.00023
  -0.03086
   0.04468
  -0.03351
   0.00359
   0.02833
  -0.04441
   0.03565
  -0.00694
  -0.02565
   0.04389
  -0.03758
   0.01025
   0.02281
  -0.04311
   0.03930
  -0.01350
  -0.01985
   0.04210
  -0.04079
   0.01667
   0.01678
  -0.04084
   0.04206
  -0.01975
  -0.01360
   0.03935
  -0.04308
   0.02272
   0.01036
  -0.03764
   0.04387
  -0.02555
  -0.00705
   0.03571
  -0.04440
   0.02825
   0.00370
  -0.03358
   0.04468
  -0.03078
  -0.00034
   0.03126
  -0.04470
   0.03313
  -0.00303
  -0.02876
   0.04447
  -0.03530
   0.00639
   0.02610
  -0.04399
   0.03727
  -0.00970
  -0.02329
   0.04326
  -0.03903
   0.01296
   0.02035
  -0.04228
   0.04056
  -0.01615
  -0.01729
   0.04107
  -0.04186
   0.01925
   0.01414
  -0.03961
   0.04293
  -0.02223
  -0.01090
   0.03794
  -0.04375
   0.02509
   0.00760
  -0.03605
   0.04433
  -0.02781
  -0.00426
   0.03395
  -0.04465
   0.03037
   0.00090
  -0.03166
   0.04471
  -0.03275
   0.00247
   0.02919
  -0.04453
   0.03496
  -0.00583
  -0.02656
   0.04409
  -0.03696
   0.00915
   0.02377
  -0.04340
   0.03875
  -0.01242
  -0.02085
   0.04246
  -0.04032
   0.01562
   0.01781
  -0.04128
   0.04166
  -0.01874
  -0.01467
   0.03987
  -0.04277
   0.02174
   0.01145
  -0.03823
   0.04363
  -0.02462
  -0.00816
   0.03638
  -0.04425
   0.02737
   0.00482
  -0.03431
   0.04461
  -0.02995
  -0.00146
   0.03206
  -0.04472
   0.03237
  -0.00191
  -0.02962
   0.04458
  -0.03460
   0.00527
   0.02701
  -0.04418
   0.03664
  -0.00860
  -0.02425
   0.04353
  -0.03847
   0.01188
   0.02135
  -0.04264
   0.04007
  -0.01510
  -0.01833
   0.04150
  -0.04146
   0.01823
   0.01520
  -0.04012
   0.04260
  -0.02125
  -0.01199
   0.03852
  -0.04351
   0.02415
   0.00871
  -0.03670
   0.04416
  -0.02692
  -0.00538
   0.03467
  -0.04457
   0.02953
   0.00202
  -0.03245
   0.04472
  -0.03198
   0.00135
   0.03003
  -0.04462
   0.03424
  -0.00471
  -0.02745
   0.04426
  -0.03631
   0.00805
   0.02472
  -0.04366
   0.03818
  -0.01134
  -0.02184
   0.04280
  -0.03982
   0.01457
   0.01884
  -0.04170
   0.04124
  -0.01771
  -0.01573
   0.04037
  -0.04243
   0.02075
   0.01253
  -0.03880
   0.04337
  -0.02368
  -0.00926
   0.03702
  -0.04407
   0.02647
   0.00594
  -0.03502
   0.04452
  -0.02911
  -0.00258
   0.03283
  -0.04471
   0.03158
  -0.00079
  -0.03045
   0.04465
  -0.03388
   0.00415
   0.02790
  -0.04434
   0.03598
  -0.00750
  -0.02518
   0.04377
  -0.03788
   0.01080
   0.02233
  -0.04296
   0.03956
  -0.01403
  -0.01935
   0.04190
  -0.04102
   0.01719
   0.01625
  -0.04061
   0.04225
  -0.02025
  -0.01307
   0.03908
  -0.04323
   0.02320
   0.00981
  -0.03733
   0.04397
  -0.02601
  -0.00649
   0.03537
  -0.04446
   0.02868
   0.00314
  -0.03321
   0.04470
  -0.03118
   0.00023
   0.03086
  -0.04468
