   0.00740
   0.04299
  -0.01710
  -0.03913
   0.02594
   0.03327
  -0.03345
  -0.02572
   0.03925
   0.01686
  -0.04306
  -0.00715
   0.04467
  -0.00294
  -0.04401
   0.01287
   0.04110
  -0.02215
  -0.03610
   0.03030
   0.02927
  -0.03690
  -0.02094
   0.04163
   0.01154
  -0.04423
  -0.00156
   0.04458
  -0.00851
  -0.04266
   0.01814
   0.03857
  -0.02684
  -0.03251
   0.03418
   0.02480
  -0.03978
  -0.01582
   0.04335
   0.00603
  -0.04471
   0.00406
   0.04379
  -0.01394
  -0.04065
   0.02312
   0.03543
  -0.03111
  -0.02841
   0.03753
   0.01994
  -0.04203
  -0.01045
   0.04438
   0.00043
  -0.04448
   0.00961
   0.04231
  -0.01916
  -0.03799
   0.02773
   0.03173
  -0.03489
  -0.02385
   0.04028
   0.01476
  -0.04361
  -0.00492
   0.04472
  -0.00518
  -0.04355
   0.01501
   0.04017
  -0.02407
  -0.03473
   0.03191
   0.02753
  -0.03813
  -0.01892
   0.04240
   0.00935
  -0.04451
   0.00069
   0.04435
  -0.01070
  -0.04194
   0.02017
   0.03738
  -0.02861
  -0.03093
   0.03559
   0.02290
  -0.04075
  -0.01370
   0.04385
   0.00380
  -0.04470
   0.00629
   0.04328
  -0.01606
  -0.03966
   0.02501
   0.03401
  -0.03269
  -0.02664
   0.03870
   0.01790
  -0.04274
  -0.00825
   0.04460
  -0.00181
  -0.04419
   0.01179
   0.04153
  -0.02116
  -0.03676
   0.02946
   0.03011
  -0.03626
  -0.02192
   0.04120
   0.01262
  -0.04405
  -0.00268
   0.04466
  -0.00740
  -0.04299
   0.01710
   0.03913
  -0.02594
  -0.03327
   0.03345
   0.02572
  -0.03925
  -0.01686
   0.04306
   0.00715
  -0.04467
   0.00294
   0.04401
  -0.01287
  -0.04110
   0.02215
   0.03610
  -0.03030
  -0.02927
   0.03690
   0.02094
  -0.04163
  -0.01154
   0.04423
   0.00156
  -0.04458
   0.00851
   0.04266
  -0.01814
  -0.03857
   0.02684
   0.03251
  -0.03418
  -0.02480
   0.03978
   0.01582
  -0.04335
  -0.00603
   0.04471
  -0.00406
  -0.04379
   0.01394
   0.04065
  -0.02312
  -0.03543
   0.03111
   0.02841
  -0.03753
  -0.01994
   0.04203
   0.01045
  -0.04438
  -0.00043
   0.04448
  -0.00961
  -0.04231
   0.01916
   0.03799
  -0.02773
  -0.03173
   0.03489
   0.02385
  -0.04028
  -0.01476
   0.04361
   0.00492
  -0.04472
   0.00518
   0.04355
  -0.01501
  -0.04017
   0.02407
   0.03473
  -0.03191
  -0.02753
   0.03813
   0.01892
  -0.04240
  -0.00935
   0.04451
  -0.00069
  -0.04435
   0.01070
   0.04194
  -0.02017
  -0.03738
   0.02861
   0.03093
  -0.03559
  -0.02290
   0.04075
   0.01370
  -0.04385
  -0.00380
   0.04470
  -0.00629
  -0.04328
   0.01606
   0.03966
  -0.02501
  -0.03401
   0.03269
   0.02664
  -0.03870
  -0.01790
   0.04274
   0.00825
  -0.04460
   0.00181
   0.04419
  -0.01179
  -0.04153
   0.02116
   0.03676
  -0.02946
  -0.03011
   0.03626
   0.02192
  -0.04120
  -0.01262
   0.04405
   0.00268
  -0.04466
   0.00740
   0.04299
  -0.01710
  -0.03913
   0.02594
   0.03327
  -0.03345
  -0.02572
   0.03925
   0.01686
  -0.04306
  -0.00715
   0.04467
  -0.00294
  -0.04401
   0.01287
   0.04110
  -0.02215
  -0.03610
   0.03030
   0.02927
  -0.03690
  -0.02094
   0.04163
   0.01154
  -0.04423
  -0.00156
   0.04458
  -0.00851
  -0.04266
   0.01814
   0.03857
  -0.02684
  -0.03251
   0.03418
   0.02480
  -0.03978
  -0.01582
   0.04335
   0.00603
  -0.04471
   0.00406
   0.04379
  -0.01394
  -0.04065
   0.02312
   0.03543
  -0.03111
  -0.02841
   0.03753
   0.01994
  -0.04203
  -0.01045
   0.04438
   0.00043
  -0.04448
   0.00961
   0.04231
  -0.01916
  -0.03799
   0.02773
   0.03173
  -0.03489
  -0.02385
   0.04028
   0.01476
  -0.04361
  -0.00492
   0.04472
  -0.00518
  -0.04355
   0.01501
   0.04017
  -0.02407
  -0.03473
   0.03191
   0.02753
  -0.03813
  -0.01892
   0.04240
   0.00935
  -0.04451
   0.00069
   0.04435
  -0.01070
  -0.04194
   0.02017
   0.03738
  -0.02861
  -0.03093
   0.03559
   0.02290
  -0.04075
  -0.01370
   0.04385
   0.00380
  -0.04470
   0.00629
   0.04328
  -0.01606
  -0.03966
   0.02501
   0.03401
  -0.03269
  -0.02664
   0.03870
   0.01790
  -0.04274
  -0.00825
   0.04460
  -0.00181
  -0.04419
   0.01179
   0.04153
  -0.02116
  -0.03676
   0.02946
   0.03011
  -0.03626
  -0.02192
   0.04120
   0.01262
  -0.04405
  -0.00268
   0.04466
  -0.00740
  -0.04299
   0.01710
   0.03913
  -0.02594
  -0.03327
   0.03345
   0.02572
  -0.03925
  -0.01686
   0.04306
   0.00715
  -0.04467
   0.00294
   0.04401
  -0.01287
  -0.04110
   0.02215
   0.03610
  -0.03030
  -0.02927
   0.03690
   0.02094
  -0.04163
  -0.01154
   0.04423
   0.00156
  -0.04458
   0.00851
   0.04266
  -0.01814
  -0.03857
   0.02684
   0.03251
  -0.03418
  -0.02480
   0.03978
   0.01582
  -0.04335
  -0.00603
   0.04471
  -0.00406
  -0.04379
   0.01394
   0.04065
  -0.02312
  -0.03543
   0.03111
   0.02841
  -0.03753
  -0.01994
   0.04203
   0.01045
  -0.04438
  -0.00043
   0.04448
  -0.00961
  -0.04231
   0.01916
   0.03799
  -0.02773
  -0.03173
   0.03489
   0.02385
  -0.04028
  -0.01476
   0.04361
   0.00492
  -0.04472
   0.00518
   0.04355
  -0.01501
  -0.04017
   0.02407
   0.03473
  -0.03191
  -0.02753
   0.03813
   0.01892
  -0.04240
  -0.00935
   0.04451
  -0.00069
  -0.04435
   0.01070
   0.04194
  -0.02017
  -0.03738
   0.02861
   0.03093
  -0.03559
  -0.02290
   0.04075
   0.01370
  -0.04385
  -0.00380
   0.04470
  -0.00629
  -0.04328
   0.01606
   0.03966
  -0.02501
  -0.03401
   0.03269
   0.02664
  -0.03870
  -0.01790
   0.04274
   0.00825
  -0.04460
   0.00181
   0.04419
  -0.01179
  -0.04153
   0.02116
   0.03676
  -0.02946
  -0.03011
   0.03626
   0.02192
  -0.04120
  -0.01262
   0.04405
   0.00268
  -0.04466
   0.00740
   0.04299
  -0.01710
  -0.03913
   0.02594
   0.03327
  -0.03345
  -0.02572
   0.03925
   0.01686
  -0.04306
  -0.00715
   0.04467
  -0.00294
  -0.04401
   0.01287
   0.04110
  -0.02215
  -0.03610
   0.03030
   0.02927
  -0.03690
  -0.02094
   0.04163
   0.01154
  -0.04423
  -0.00156
   0.04458
  -0.00851
  -0.04266
   0.01814
   0.03857
  -0.02684
  -0.03251
   0.03418
   0.02480
  -0.03978
  -0.01582
   0.04335
   0.00603
  -0.04471
   0.00406
   0.04379
  -0.01394
  -0.04065
   0.02312
   0.03543
  -0.03111
  -0.02841
   0.03753
   0.01994
  -0.04203
  -0.01045
   0.04438
   0.00043
  -0.04448
   0.00961
   0.04231
  -0.01916
  -0.03799
   0.02773
   0.03173
  -0.03489
  -0.02385
   0.04028
   0.01476
  -0.04361
  -0.00492
   0.04472
  -0.00518
  -0.04355
   0.01501
   0.04017
  -0.02407
  -0.03473
   0.03191
   0.02753
  -0.03813
  -0.01892
   0.04240
   0.00935
  -0.04451
   0.00069
   0.04435
  -0.01070
  -0.04194
   0.02017
   0.03738
  -0.02861
  -0.03093
   0.03559
   0.02290
  -0.04075
  -0.01370
   0.04385
   0.00380
  -0.04470
   0.00629
   0.04328
  -0.01606
  -0.03966
   0.02501
   0.03401
  -0.03269
  -0.02664
   0.03870
   0.01790
  -0.04274
  -0.00825
   0.04460
  -0.00181
  -0.04419
   0.01179
   0.04153
  -0.02116
  -0.03676
   0.02946
   0.03011
  -0.03626
  -0.02192
   0.04120
   0.01262
  -0.04405
  -0.00268
   0.04466
  -0.00740
  -0.04299
   0.01710
   0.03913
  -0.02594
  -0.03327
   0.03345
   0.02572
  -0.03925
  -0.01686
   0.04306
   0.00715
  -0.04467
   0.00294
   0.04401
  -0.01287
  -0.04110
   0.02215
   0.03610
  -0.03030
  -0.02927
   0.03690
   0.02094
  -0.04163
  -0.01154
   0.04423
   0.00156
  -0.04458
   0.00851
   0.04266
  -0.01814
  -0.03857
   0.02684
   0.03251
  -0.03418
  -0.02480
   0.03978
   0.01582
  -0.04335
  -0.00603
   0.04471
  -0.00406
  -0.04379
   0.01394
   0.04065
  -0.02312
  -0.03543
   0.03111
   0.02841
  -0.03753
  -0.01994
   0.04203
   0.01045
  -0.04438
  -0.00043
   0.04448
  -0.00961
  -0.04231
   0.01916
   0.03799
  -0.02773
  -0.03173
   0.03489
   0.02385
  -0.04028
  -0.01476
   0.04361
   0.00492
  -0.04472
   0.00518
   0.04355
  -0.01501
  -0.04017
   0.02407
   0.03473
  -0.03191
  -0.02753
   0.03813
   0.01892
  -0.04240
  -0.00935
   0.04451
  -0.00069
  -0.04435
   0.01070
   0.04194
  -0.02017
  -0.03738
   0.02861
   0.03093
  -0.03559
  -0.02290
   0.04075
   0.01370
  -0.04385
  -0.00380
   0.04470
  -0.00629
  -0.04328
   0.01606
   0.03966
  -0.02501
  -0.03401
   0.03269
   0.02664
  -0.03870
  -0.01790
   0.04274
   0.00825
  -0.04460
   0.00181
   0.04419
  -0.01179
  -0.04153
   0.02116
   0.03676
  -0.02946
  -0.03011
   0.03626
   0.02192
  -0.04120
  -0.01262
   0.04405
   0.00268
  -0.04466
   0.00740
   0.04299
  -0.01710
  -0.03913
   0.02594
   0.03327
  -0.03345
  -0.02572
   0.03925
   0.01686
  -0.04306
  -0.00715
   0.04467
  -0.00294
  -0.04401
   0.01287
   0.04110
  -0.02215
  -0.03610
   0.03030
   0.02927
  -0.03690
  -0.02094
   0.04163
   0.01154
  -0.04423
  -0.00156
   0.04458
  -0.00851
  -0.04266
   0.01814
   0.03857
  -0.02684
  -0.03251
   0.03418
   0.02480
  -0.03978
  -0.01582
   0.04335
   0.00603
  -0.04471
   0.00406
   0.04379
  -0.01394
  -0.04065
   0.02312
   0.03543
  -0.03111
  -0.02841
   0.03753
   0.01994
  -0.04203
  -0.01045
   0.04438
   0.00043
  -0.04448
   0.00961
   0.04231
  -0.01916
  -0.03799
   0.02773
   0.03173
  -0.03489
  -0.02385
   0.04028
   0.01476
  -0.04361
  -0.00492
   0.04472
  -0.00518
  -0.04355
   0.01501
   0.04017
  -0.02407
  -0.03473
   0.03191
   0.02753
  -0.03813
  -0.01892
   0.04240
   0.00935
  -0.04451
   0.00069
   0.04435
  -0.01070
  -0.04194
   0.02017
   0.03738
  -0.02861
  -0.03093
   0.03559
   0.02290
  -0.04075
  -0.01370
   0.04385
   0.00380
  -0.04470
   0.00629
   0.04328
  -0.01606
  -0.03966
   0.02501
   0.03401
  -0.03269
  -0.02664
   0.03870
   0.01790
  -0.04274
  -0.00825
   0.04460
  -0.00181
  -0.04419
   0.01179
   0.04153
  -0.02116
  -0.03676
   0.02946
   0.03011
  -0.03626
  -0.02192
   0.04120
   0.01262
  -0.04405
  -0.00268
   0.04466
  -0.00740
  -0.04299
   0.01710
   0.03913
  -0.02594
  -0.03327
   0.03345
   0.02572
  -0.03925
  -0.01686
   0.04306
   0.00715
  -0.04467
   0.00294
   0.04401
  -0.01287
  -0.04110
   0.02215
   0.03610
  -0.03030
  -0.02927
   0.03690
   0.02094
  -0.04163
  -0.01154
   0.04423
   0.00156
  -0.04458
   0.00851
   0.04266
  -0.01814
  -0.03857
   0.02684
   0.03251
  -0.03418
  -0.02480
   0.03978
   0.01582
  -0.04335
  -0.00603
   0.04471
  -0.00406
  -0.04379
   0.01394
   0.04065
  -0.02312
  -0.03543
   0.03111
   0.02841
  -0.03753
  -0.01994
   0.04203
   0.01045
  -0.04438
  -0.00043
   0.04448
  -0.00961
  -0.04231
   0.01916
   0.03799
  -0.02773
  -0.03173
   0.03489
   0.02385
  -0.04028
  -0.01476
   0.04361
   0.00492
  -0.04472
   0.00518
   0.04355
  -0.01501
  -0.04017
   0.02407
   0.03473
  -0.03191
  -0.02753
   0.03813
   0.01892
  -0.04240
  -0.00935
   0.04451
  -0.00069
  -0.04435
   0.01070
   0.04194
  -0.02017
  -0.03738
   0.02861
   0.03093
  -0.03559
  -0.02290
   0.04075
   0.01370
  -0.04385
  -0.00380
   0.04470
  -0.00629
  -0.04328
   0.01606
   0.03966
  -0.02501
  -0.03401
   0.03269
   0.02664
  -0.03870
  -0.01790
   0.04274
   0.00825
  -0.04460
   0.00181
   0.04419
  -0.01179
  -0.04153
   0.02116
   0.03676
  -0.02946
  -0.03011
   0.03626
   0.02192
  -0.04120
  -0.01262
   0.04405
   0.00268
  -0.04466
