   0.01425
   0.04162
  -0.01843
  -0.03977
   0.02243
   0.03752
  -0.02620
  -0.03488
   0.02970
   0.03190
  -0.03291
  -0.02859
   0.03578
   0.02500
  -0.03829
  -0.02115
   0.04042
   0.01709
  -0.04213
  -0.01285
   0.04343
   0.00849
  -0.04428
  -0.00404
   0.04469
  -0.00045
  -0.04464
   0.00494
   0.04414
  -0.00937
  -0.04320
   0.01371
   0.04182
  -0.01792
  -0.04002
   0.02194
   0.03782
  -0.02574
  -0.03523
   0.02928
   0.03229
  -0.03252
  -0.02902
   0.03544
   0.02546
  -0.03800
  -0.02164
   0.04017
   0.01761
  -0.04194
  -0.01339
   0.04329
   0.00904
  -0.04420
  -0.00460
   0.04466
   0.00011
  -0.04467
   0.00438
   0.04423
  -0.00882
  -0.04334
   0.01318
   0.04202
  -0.01740
  -0.04027
   0.02145
   0.03812
  -0.02528
  -0.03558
   0.02885
   0.03268
  -0.03214
  -0.02945
   0.03509
   0.02592
  -0.03770
  -0.02213
   0.03992
   0.01812
  -0.04174
  -0.01393
   0.04314
   0.00959
  -0.04411
  -0.00516
   0.04463
   0.00067
  -0.04469
   0.00382
   0.04431
  -0.00827
  -0.04348
   0.01264
   0.04221
  -0.01688
  -0.04051
   0.02095
   0.03841
  -0.02481
  -0.03591
   0.02842
   0.03306
  -0.03174
  -0.02987
   0.03474
   0.02638
  -0.03739
  -0.02262
   0.03967
   0.01863
  -0.04154
  -0.01446
   0.04299
   0.01014
  -0.04401
  -0.00572
   0.04459
   0.00124
  -0.04471
   0.00326
   0.04438
  -0.00772
  -0.04361
   0.01210
   0.04239
  -0.01636
  -0.04075
   0.02045
   0.03869
  -0.02434
  -0.03625
   0.02798
   0.03343
  -0.03134
  -0.03028
   0.03439
   0.02683
  -0.03708
  -0.02310
   0.03940
   0.01914
  -0.04133
  -0.01499
   0.04283
   0.01068
  -0.04391
  -0.00627
   0.04454
   0.00180
  -0.04472
   0.00270
   0.04445
  -0.00716
  -0.04373
   0.01156
   0.04257
  -0.01583
  -0.04098
   0.01995
   0.03897
  -0.02387
  -0.03657
   0.02754
   0.03380
  -0.03094
  -0.03070
   0.03403
   0.02728
  -0.03677
  -0.02358
   0.03914
   0.01965
  -0.04111
  -0.01552
   0.04267
   0.01123
  -0.04380
  -0.00683
   0.04448
   0.00236
  -0.04472
   0.00214
   0.04451
  -0.00661
  -0.04384
   0.01101
   0.04274
  -0.01531
  -0.04120
   0.01945
   0.03924
  -0.02339
  -0.03689
   0.02710
   0.03417
  -0.03053
  -0.03110
   0.03366
   0.02772
  -0.03644
  -0.02406
   0.03886
   0.02015
  -0.04089
  -0.01604
   0.04250
   0.01177
  -0.04368
  -0.00738
   0.04442
   0.00292
  -0.04472
   0.00157
   0.04456
  -0.00605
  -0.04395
   0.01047
   0.04290
  -0.01478
  -0.04141
   0.01894
   0.03951
  -0.02291
  -0.03721
   0.02665
   0.03453
  -0.03012
  -0.03150
   0.03329
   0.02816
  -0.03611
  -0.02453
   0.03858
   0.02065
  -0.04065
  -0.01657
   0.04232
   0.01231
  -0.04356
  -0.00794
   0.04435
   0.00348
  -0.04470
   0.00101
   0.04460
  -0.00549
  -0.04405
   0.00992
   0.04305
  -0.01425
  -0.04162
   0.01843
   0.03977
  -0.02243
  -0.03752
   0.02620
   0.03488
  -0.02970
  -0.03190
   0.03291
   0.02859
  -0.03578
  -0.02500
   0.03829
   0.02115
  -0.04042
  -0.01709
   0.04213
   0.01285
  -0.04343
  -0.00849
   0.04428
   0.00404
  -0.04469
   0.00045
   0.04464
  -0.00494
  -0.04414
   0.00937
   0.04320
  -0.01371
  -0.04182
   0.01792
   0.04002
  -0.02194
  -0.03782
   0.02574
   0.03523
  -0.02928
  -0.03229
   0.03252
   0.02902
  -0.03544
  -0.02546
   0.03800
   0.02164
  -0.04017
  -0.01761
   0.04194
   0.01339
  -0.04329
  -0.00904
   0.04420
   0.00460
  -0.04466
  -0.00011
   0.04467
  -0.00438
  -0.04423
   0.00882
   0.04334
  -0.01318
  -0.04202
   0.01740
   0.04027
  -0.02145
  -0.03812
   0.02528
   0.03558
  -0.02885
  -0.03268
   0.03214
   0.02945
  -0.03509
  -0.02592
   0.03770
   0.02213
  -0.03992
  -0.01812
   0.04174
   0.01393
  -0.04314
  -0.00959
   0.04411
   0.00516
  -0.04463
  -0.00067
   0.04469
  -0.00382
  -0.04431
   0.00827
   0.04348
  -0.01264
  -0.04221
   0.01688
   0.04051
  -0.02095
  -0.03841
   0.02481
   0.03591
  -0.02842
  -0.03306
   0.03174
   0.02987
  -0.03474
  -0.02638
   0.03739
   0.02262
  -0.03967
  -0.01863
   0.04154
   0.01446
  -0.04299
  -0.01014
   0.04401
   0.00572
  -0.04459
  -0.00124
   0.04471
  -0.00326
  -0.04438
   0.00772
   0.04361
  -0.01210
  -0.04239
   0.01636
   0.04075
  -0.02045
  -0.03869
   0.02434
   0.03625
  -0.02798
  -0.03343
   0.03134
   0.03028
  -0.03439
  -0.02683
   0.03708
   0.02310
  -0.03940
  -0.01914
   0.04133
   0.01499
  -0.04283
  -0.01068
   0.04391
   0.00627
  -0.04454
  -0.00180
   0.04472
  -0.00270
  -0.04445
   0.00716
   0.04373
  -0.01156
  -0.04257
   0.01583
   0.04098
  -0.01995
  -0.03897
   0.02387
   0.03657
  -0.02754
  -0.03380
   0.03094
   0.03070
  -0.03403
  -0.02728
   0.03677
   0.02358
  -0.03914
  -0.01965
   0.04111
   0.01552
  -0.04267
  -0.01123
   0.04380
   0.00683
  -0.04448
  -0.00236
   0.04472
  -0.00214
  -0.04451
   0.00661
   0.04384
  -0.01101
  -0.04274
   0.01531
   0.04120
  -0.01945
  -0.03924
   0.02339
   0.03689
  -0.02710
  -0.03417
   0.03053
   0.03110
  -0.03366
  -0.02772
   0.03644
   0.02406
  -0.03886
  -0.02015
   0.04089
   0.01604
  -0.04250
  -0.01177
   0.04368
   0.00738
  -0.04442
  -0.00292
   0.04472
  -0.00157
  -0.04456
   0.00605
   0.04395
  -0.01047
  -0.04290
   0.01478
   0.04141
  -0.01894
  -0.03951
   0.02291
   0.03721
  -0.02665
  -0.03453
   0.03012
   0.03150
  -0.03329
  -0.02816
   0.03611
   0.02453
  -0.03858
  -0.02065
   0.04065
   0.01657
  -0.04232
  -0.01231
   0.04356
   0.00794
  -0.04435
  -0.00348
   0.04470
  -0.00101
  -0.04460
   0.00549
   0.04405
  -0.00992
  -0.04305
   0.01425
   0.04162
  -0.01843
  -0.03977
   0.02243
   0.03752
  -0.02620
  -0.03488
   0.02970
   0.03190
  -0.03291
  -0.02859
   0.03578
   0.02500
  -0.03829
  -0.02115
   0.04042
   0.01709
  -0.04213
  -0.01285
   0.04343
   0.00849
  -0.04428
  -0.00404
   0.04469
  -0.00045
  -0.04464
   0.00494
   0.04414
  -0.00937
  -0.04320
   0.01371
   0.04182
  -0.01792
  -0.04002
   0.02194
   0.03782
  -0.02574
  -0.03523
   0.02928
   0.03229
  -0.03252
  -0.02902
   0.03544
   0.02546
  -0.03800
  -0.02164
   0.04017
   0.01761
  -0.04194
  -0.01339
   0.04329
   0.00904
  -0.04420
  -0.00460
   0.04466
   0.00011
  -0.04467
   0.00438
   0.04423
  -0.00882
  -0.04334
   0.01318
   0.04202
  -0.01740
  -0.04027
   0.02145
   0.03812
  -0.02528
  -0.03558
   0.02885
   0.03268
  -0.03214
  -0.02945
   0.03509
   0.02592
  -0.03770
  -0.02213
   0.03992
   0.01812
  -0.04174
  -0.01393
   0.04314
   0.00959
  -0.04411
  -0.00516
   0.04463
   0.00067
  -0.04469
   0.00382
   0.04431
  -0.00827
  -0.04348
   0.01264
   0.04221
  -0.01688
  -0.04051
   0.02095
   0.03841
  -0.02481
  -0.03591
   0.02842
   0.03306
  -0.03174
  -0.02987
   0.03474
   0.02638
  -0.03739
  -0.02262
   0.03967
   0.01863
  -0.04154
  -0.01446
   0.04299
   0.01014
  -0.04401
  -0.00572
   0.04459
   0.00124
  -0.04471
   0.00326
   0.04438
  -0.00772
  -0.04361
   0.01210
   0.04239
  -0.01636
  -0.04075
   0.02045
   0.03869
  -0.02434
  -0.03625
   0.02798
   0.03343
  -0.03134
  -0.03028
   0.03439
   0.02683
  -0.03708
  -0.02310
   0.03940
   0.01914
  -0.04133
  -0.01499
   0.04283
   0.01068
  -0.04391
  -0.00627
   0.04454
   0.00180
  -0.04472
   0.00270
   0.04445
  -0.00716
  -0.04373
   0.01156
   0.04257
  -0.01583
  -0.04098
   0.01995
   0.03897
  -0.02387
  -0.03657
   0.02754
   0.03380
  -0.03094
  -0.03070
   0.03403
   0.02728
  -0.03677
  -0.02358
   0.03914
   0.01965
  -0.04111
  -0.01552
   0.04267
   0.01123
  -0.04380
  -0.00683
   0.04448
   0.00236
  -0.04472
   0.00214
   0.04451
  -0.00661
  -0.04384
   0.01101
   0.04274
  -0.01531
  -0.04120
   0.01945
   0.03924
  -0.02339
  -0.03689
   0.02710
   0.03417
  -0.03053
  -0.03110
   0.03366
   0.02772
  -0.03644
  -0.02406
   0.03886
   0.02015
  -0.04089
  -0.01604
   0.04250
   0.01177
  -0.04368
  -0.00738
   0.04442
   0.00292
  -0.04472
   0.00157
   0.04456
  -0.00605
  -0.04395
   0.01047
   0.04290
  -0.01478
  -0.04141
   0.01894
   0.03951
  -0.02291
  -0.03721
   0.02665
   0.03453
  -0.03012
  -0.03150
   0.03329
   0.02816
  -0.03611
  -0.02453
   0.03858
   0.02065
  -0.04065
  -0.01657
   0.04232
   0.01231
  -0.04356
  -0.00794
   0.04435
   0.00348
  -0.04470
   0.00101
   0.04460
  -0.00549
  -0.04405
   0.00992
   0.04305
  -0.01425
  -0.04162
   0.01843
   0.03977
  -0.02243
  -0.03752
   0.02620
   0.03488
  -0.02970
  -0.03190
   0.03291
   0.02859
  -0.03578
  -0.02500
   0.03829
   0.02115
  -0.04042
  -0.01709
   0.04213
   0.01285
  -0.04343
  -0.00849
   0.04428
   0.00404
  -0.04469
   0.00045
   0.04464
  -0.00494
  -0.04414
   0.00937
   0.04320
  -0.01371
  -0.04182
   0.01792
   0.04002
  -0.02194
  -0.03782
   0.02574
   0.03523
  -0.02928
  -0.03229
   0.03252
   0.02902
  -0.03544
  -0.02546
   0.03800
   0.02164
  -0.04017
  -0.01761
   0.04194
   0.01339
  -0.04329
  -0.00904
   0.04420
   0.00460
  -0.04466
  -0.00011
   0.04467
  -0.00438
  -0.04423
   0.00882
   0.04334
  -0.01318
  -0.04202
   0.01740
   0.04027
  -0.02145
  -0.03812
   0.02528
   0.03558
  -0.02885
  -0.03268
   0.03214
   0.02945
  -0.03509
  -0.02592
   0.03770
   0.02213
  -0.03992
  -0.01812
   0.04174
   0.01393
  -0.04314
  -0.00959
   0.04411
   0.00516
  -0.04463
  -0.00067
   0.04469
  -0.00382
  -0.04431
   0.00827
   0.04348
  -0.01264
  -0.04221
   0.01688
   0.04051
  -0.02095
  -0.03841
   0.02481
   0.03591
  -0.02842
  -0.03306
   0.03174
   0.02987
  -0.03474
  -0.02638
   0.03739
   0.02262
  -0.03967
  -0.01863
   0.04154
   0.01446
  -0.04299
  -0.01014
   0.04401
   0.00572
  -0.04459
  -0.00124
   0.04471
  -0.00326
  -0.04438
   0.00772
   0.04361
  -0.01210
  -0.04239
   0.01636
   0.04075
  -0.02045
  -0.03869
   0.02434
   0.03625
  -0.02798
  -0.03343
   0.03134
   0.03028
  -0.03439
  -0.02683
   0.03708
   0.02310
  -0.03940
  -0.01914
   0.04133
   0.01499
  -0.04283
  -0.01068
   0.04391
   0.00627
  -0.04454
  -0.00180
   0.04472
  -0.00270
  -0.04445
   0.00716
   0.04373
  -0.01156
  -0.04257
   0.01583
   0.04098
  -0.01995
  -0.03897
   0.02387
   0.03657
  -0.02754
  -0.03380
   0.03094
   0.03070
  -0.03403
  -0.02728
   0.03677
   0.02358
  -0.03914
  -0.01965
   0.04111
   0.01552
  -0.04267
  -0.01123
   0.04380
   0.00683
  -0.04448
  -0.00236
   0.04472
  -0.00214
  -0.04451
   0.00661
   0.04384
  -0.01101
  -0.04274
   0.01531
   0.04120
  -0.01945
  -0.03924
   0.02339
   0.03689
  -0.02710
  -0.03417
   0.03053
   0.03110
  -0.03366
  -0.02772
   0.03644
   0.02406
  -0.03886
  -0.02015
   0.04089
   0.01604
  -0.04250
  -0.01177
   0.04368
   0.00738
  -0.04442
  -0.00292
   0.04472
  -0.00157
  -0.04456
   0.00605
   0.04395
  -0.01047
  -0.04290
   0.01478
   0.04141
  -0.01894
  -0.03951
   0.02291
   0.03721
  -0.02665
  -0.03453
   0.03012
   0.03150
  -0.03329
  -0.02816
   0.03611
   0.02453
  -0.03858
  -0.02065
   0.04065
   0.01657
  -0.04232
  -0.01231
   0.04356
   0.00794
  -0.04435
  -0.00348
   0.04470
  -0.00101
  -0.04460
   0.00549
   0.04405
  -0.00992
  -0.04305
