   0.03897
   0.03709
  -0.00571
  -0.04221
  -0.03214
   0.01338
   0.04414
   0.02620
  -0.02064
  -0.04472
  -0.01946
   0.02727
   0.04391
   0.01211
  -0.03305
  -0.04175
  -0.00439
   0.03781
   0.03830
  -0.00347
  -0.04141
  -0.03366
   0.01122
   0.04373
   0.02799
  -0.01862
  -0.04469
  -0.02146
   0.02545
   0.04428
   0.01426
  -0.03150
  -0.04250
  -0.00662
   0.03657
   0.03941
  -0.00122
  -0.04051
  -0.03510
   0.00903
   0.04320
   0.02971
  -0.01656
  -0.04456
  -0.02340
   0.02357
   0.04454
   0.01637
  -0.02986
  -0.04315
  -0.00883
   0.03523
   0.04042
   0.00102
  -0.03950
  -0.03645
   0.00682
   0.04256
   0.03135
  -0.01445
  -0.04431
  -0.02529
   0.02163
   0.04469
   0.01844
  -0.02815
  -0.04368
  -0.01102
   0.03380
   0.04133
   0.00327
  -0.03840
  -0.03771
   0.00459
   0.04182
   0.03291
  -0.01230
  -0.04395
  -0.02711
   0.01964
   0.04472
   0.02046
  -0.02637
  -0.04411
  -0.01319
   0.03228
   0.04214
   0.00550
  -0.03720
  -0.03887
   0.00235
   0.04097
   0.03439
  -0.01013
  -0.04348
  -0.02886
   0.01760
   0.04464
   0.02244
  -0.02452
  -0.04442
  -0.01532
   0.03069
   0.04284
   0.00773
  -0.03591
  -0.03993
   0.00010
   0.04002
   0.03579
  -0.00793
  -0.04290
  -0.03054
   0.01551
   0.04445
   0.02435
  -0.02261
  -0.04463
  -0.01741
   0.02901
   0.04343
   0.00993
  -0.03452
  -0.04089
  -0.00215
   0.03897
   0.03709
  -0.00571
  -0.04221
  -0.03214
   0.01338
   0.04414
   0.02620
  -0.02064
  -0.04472
  -0.01946
   0.02727
   0.04391
   0.01211
  -0.03305
  -0.04175
  -0.00439
   0.03781
   0.03830
  -0.00347
  -0.04141
  -0.03366
   0.01122
   0.04373
   0.02799
  -0.01862
  -0.04469
  -0.02146
   0.02545
   0.04428
   0.01426
  -0.03150
  -0.04250
  -0.00662
   0.03657
   0.03941
  -0.00122
  -0.04051
  -0.03510
   0.00903
   0.04320
   0.02971
  -0.01656
  -0.04456
  -0.02340
   0.02357
   0.04454
   0.01637
  -0.02986
  -0.04315
  -0.00883
   0.03523
   0.04042
   0.00102
  -0.03950
  -0.03645
   0.00682
   0.04256
   0.03135
  -0.01445
  -0.04431
  -0.02529
   0.02163
   0.04469
   0.01844
  -0.02815
  -0.04368
  -0.01102
   0.03380
   0.04133
   0.00327
  -0.03840
  -0.03771
   0.00459
   0.04182
   0.03291
  -0.01230
  -0.04395
  -0.02711
   0.01964
   0.04472
   0.02046
  -0.02637
  -0.04411
  -0.01319
   0.03228
   0.04214
   0.00550
  -0.03720
  -0.03887
   0.00235
   0.04097
   0.03439
  -0.01013
  -0.04348
  -0.02886
   0.01760
   0.04464
   0.02244
  -0.02452
  -0.04442
  -0.01532
   0.03069
   0.04284
   0.00773
  -0.03591
  -0.03993
   0.00010
   0.04002
   0.03579
  -0.00793
  -0.04290
  -0.03054
   0.01551
   0.04445
   0.02435
  -0.02261
  -0.04463
  -0.01741
   0.02901
   0.04343
   0.00993
  -0.03452
  -0.04089
  -0.00215
   0.03897
   0.03709
  -0.00571
  -0.04221
  -0.03214
   0.01338
   0.04414
   0.02620
  -0.02064
  -0.04472
  -0.01946
   0.02727
   0.04391
   0.01211
  -0.03305
  -0.04175
  -0.00439
   0.03781
   0.03830
  -0.00347
  -0.04141
  -0.03366
   0.01122
   0.04373
   0.02799
  -0.01862
  -0.04469
  -0.02146
   0.02545
   0.04428
   0.01426
  -0.03150
  -0.04250
  -0.00662
   0.03657
   0.03941
  -0.00122
  -0.04051
  -0.03510
   0.00903
   0.04320
   0.02971
  -0.01656
  -0.04456
  -0.02340
   0.02357
   0.04454
   0.01637
  -0.02986
  -0.04315
  -0.00883
   0.03523
   0.04042
   0.00102
  -0.03950
  -0.03645
   0.00682
   0.04256
   0.03135
  -0.01445
  -0.04431
  -0.02529
   0.02163
   0.04469
   0.01844
  -0.02815
  -0.04368
  -0.01102
   0.03380
   0.04133
   0.00327
  -0.03840
  -0.03771
   0.00459
   0.04182
   0.03291
  -0.01230
  -0.04395
  -0.02711
   0.01964
   0.04472
   0.02046
  -0.02637
  -0.04411
  -0.01319
   0.03228
   0.04214
   0.00550
  -0.03720
  -0.03887
   0.00235
   0.04097
   0.03439
  -0.01013
  -0.04348
  -0.02886
   0.01760
   0.04464
   0.02244
  -0.02452
  -0.04442
  -0.01532
   0.03069
   0.04284
   0.00773
  -0.03591
  -0.03993
   0.00010
   0.04002
   0.03579
  -0.00793
  -0.04290
  -0.03054
   0.01551
   0.04445
   0.02435
  -0.02261
  -0.04463
  -0.01741
   0.02901
   0.04343
   0.00993
  -0.03452
  -0.04089
  -0.00215
   0.03897
   0.03709
  -0.00571
  -0.04221
  -0.03214
   0.01338
   0.04414
   0.02620
  -0.02064
  -0.04472
  -0.01946
   0.02727
   0.04391
   0.01211
  -0.03305
  -0.04175
  -0.00439
   0.03781
   0.03830
  -0.00347
  -0.04141
  -0.03366
   0.01122
   0.04373
   0.02799
  -0.01862
  -0.04469
  -0.02146
   0.02545
   0.04428
   0.01426
  -0.03150
  -0.04250
  -0.00662
   0.03657
   0.03941
  -0.00122
  -0.04051
  -0.03510
   0.00903
   0.04320
   0.02971
  -0.01656
  -0.04456
  -0.02340
   0.02357
   0.04454
   0.01637
  -0.02986
  -0.04315
  -0.00883
   0.03523
   0.04042
   0.00102
  -0.03950
  -0.03645
   0.00682
   0.04256
   0.03135
  -0.01445
  -0.04431
  -0.02529
   0.02163
   0.04469
   0.01844
  -0.02815
  -0.04368
  -0.01102
   0.03380
   0.04133
   0.00327
  -0.03840
  -0.03771
   0.00459
   0.04182
   0.03291
  -0.01230
  -0.04395
  -0.02711
   0.01964
   0.04472
   0.02046
  -0.02637
  -0.04411
  -0.01319
   0.03228
   0.04214
   0.00550
  -0.03720
  -0.03887
   0.00235
   0.04097
   0.03439
  -0.01013
  -0.04348
  -0.02886
   0.01760
   0.04464
   0.02244
  -0.02452
  -0.04442
  -0.01532
   0.03069
   0.04284
   0.00773
  -0.03591
  -0.03993
   0.00010
   0.04002
   0.03579
  -0.00793
  -0.04290
  -0.03054
   0.01551
   0.04445
   0.02435
  -0.02261
  -0.04463
  -0.01741
   0.02901
   0.04343
   0.00993
  -0.03452
  -0.04089
  -0.00215
   0.03897
   0.03709
  -0.00571
  -0.04221
  -0.03214
   0.01338
   0.04414
   0.02620
  -0.02064
  -0.04472
  -0.01946
   0.02727
   0.04391
   0.01211
  -0.03305
  -0.04175
  -0.00439
   0.03781
   0.03830
  -0.00347
  -0.04141
  -0.03366
   0.01122
   0.04373
   0.02799
  -0.01862
  -0.04469
  -0.02146
   0.02545
   0.04428
   0.01426
  -0.03150
  -0.04250
  -0.00662
   0.03657
   0.03941
  -0.00122
  -0.04051
  -0.03510
   0.00903
   0.04320
   0.02971
  -0.01656
  -0.04456
  -0.02340
   0.02357
   0.04454
   0.01637
  -0.02986
  -0.04315
  -0.00883
   0.03523
   0.04042
   0.00102
  -0.03950
  -0.03645
   0.00682
   0.04256
   0.03135
  -0.01445
  -0.04431
  -0.02529
   0.02163
   0.04469
   0.01844
  -0.02815
  -0.04368
  -0.01102
   0.03380
   0.04133
   0.00327
  -0.03840
  -0.03771
   0.00459
   0.04182
   0.03291
  -0.01230
  -0.04395
  -0.02711
   0.01964
   0.04472
   0.02046
  -0.02637
  -0.04411
  -0.01319
   0.03228
   0.04214
   0.00550
  -0.03720
  -0.03887
   0.00235
   0.04097
   0.03439
  -0.01013
  -0.04348
  -0.02886
   0.01760
   0.04464
   0.02244
  -0.02452
  -0.04442
  -0.01532
   0.03069
   0.04284
   0.00773
  -0.03591
  -0.03993
   0.00010
   0.04002
   0.03579
  -0.00793
  -0.04290
  -0.03054
   0.01551
   0.04445
   0.02435
  -0.02261
  -0.04463
  -0.01741
   0.02901
   0.04343
   0.00993
  -0.03452
  -0.04089
  -0.00215
   0.03897
   0.03709
  -0.00571
  -0.04221
  -0.03214
   0.01338
   0.04414
   0.02620
  -0.02064
  -0.04472
  -0.01946
   0.02727
   0.04391
   0.01211
  -0.03305
  -0.04175
  -0.00439
   0.03781
   0.03830
  -0.00347
  -0.04141
  -0.03366
   0.01122
   0.04373
   0.02799
  -0.01862
  -0.04469
  -0.02146
   0.02545
   0.04428
   0.01426
  -0.03150
  -0.04250
  -0.00662
   0.03657
   0.03941
  -0.00122
  -0.04051
  -0.03510
   0.00903
   0.04320
   0.02971
  -0.01656
  -0.04456
  -0.02340
   0.02357
   0.04454
   0.01637
  -0.02986
  -0.04315
  -0.00883
   0.03523
   0.04042
   0.00102
  -0.03950
  -0.03645
   0.00682
   0.04256
   0.03135
  -0.01445
  -0.04431
  -0.02529
   0.02163
   0.04469
   0.01844
  -0.02815
  -0.04368
  -0.01102
   0.03380
   0.04133
   0.00327
  -0.03840
  -0.03771
   0.00459
   0.04182
   0.03291
  -0.01230
  -0.04395
  -0.02711
   0.01964
   0.04472
   0.02046
  -0.02637
  -0.04411
  -0.01319
   0.03228
   0.04214
   0.00550
  -0.03720
  -0.03887
   0.00235
   0.04097
   0.03439
  -0.01013
  -0.04348
  -0.02886
   0.01760
   0.04464
   0.02244
  -0.02452
  -0.04442
  -0.01532
   0.03069
   0.04284
   0.00773
  -0.03591
  -0.03993
   0.00010
   0.04002
   0.03579
  -0.00793
  -0.04290
  -0.03054
   0.01551
   0.04445
   0.02435
  -0.02261
  -0.04463
  -0.01741
   0.02901
   0.04343
   0.00993
  -0.03452
  -0.04089
  -0.00215
   0.03897
   0.03709
  -0.00571
  -0.04221
  -0.03214
   0.01338
   0.04414
   0.02620
  -0.02064
  -0.04472
  -0.01946
   0.02727
   0.04391
   0.01211
  -0.03305
  -0.04175
  -0.00439
   0.03781
   0.03830
  -0.00347
  -0.04141
  -0.03366
   0.01122
   0.04373
   0.02799
  -0.01862
  -0.04469
  -0.02146
   0.02545
   0.04428
   0.01426
  -0.03150
  -0.04250
  -0.00662
   0.03657
   0.03941
  -0.00122
  -0.04051
  -0.03510
   0.00903
   0.04320
   0.02971
  -0.01656
  -0.04456
  -0.02340
   0.02357
   0.04454
   0.01637
  -0.02986
  -0.04315
  -0.00883
   0.03523
   0.04042
   0.00102
  -0.03950
  -0.03645
   0.00682
   0.04256
   0.03135
  -0.01445
  -0.04431
  -0.02529
   0.02163
   0.04469
   0.01844
  -0.02815
  -0.04368
  -0.01102
   0.03380
   0.04133
   0.00327
  -0.03840
  -0.03771
   0.00459
   0.04182
   0.03291
  -0.01230
  -0.04395
  -0.02711
   0.01964
   0.04472
   0.02046
  -0.02637
  -0.04411
  -0.01319
   0.03228
   0.04214
   0.00550
  -0.03720
  -0.03887
   0.00235
   0.04097
   0.03439
  -0.01013
  -0.04348
  -0.02886
   0.01760
   0.04464
   0.02244
  -0.02452
  -0.04442
  -0.01532
   0.03069
   0.04284
   0.00773
  -0.03591
  -0.03993
   0.00010
   0.04002
   0.03579
  -0.00793
  -0.04290
  -0.03054
   0.01551
   0.04445
   0.02435
  -0.02261
  -0.04463
  -0.01741
   0.02901
   0.04343
   0.00993
  -0.03452
  -0.04089
  -0.00215
   0.03897
   0.03709
  -0.00571
  -0.04221
  -0.03214
   0.01338
   0.04414
   0.02620
  -0.02064
  -0.04472
  -0.01946
   0.02727
   0.04391
   0.01211
  -0.03305
  -0.04175
  -0.00439
   0.03781
   0.03830
  -0.00347
  -0.04141
  -0.03366
   0.01122
   0.04373
   0.02799
  -0.01862
  -0.04469
  -0.02146
   0.02545
   0.04428
   0.01426
  -0.03150
  -0.04250
  -0.00662
   0.03657
   0.03941
  -0.00122
  -0.04051
  -0.03510
   0.00903
   0.04320
   0.02971
  -0.01656
  -0.04456
  -0.02340
   0.02357
   0.04454
   0.01637
  -0.02986
  -0.04315
  -0.00883
   0.03523
   0.04042
   0.00102
  -0.03950
  -0.03645
   0.00682
   0.04256
   0.03135
  -0.01445
  -0.04431
  -0.02529
   0.02163
   0.04469
   0.01844
  -0.02815
  -0.04368
  -0.01102
   0.03380
   0.04133
   0.00327
  -0.03840
  -0.03771
   0.00459
   0.04182
   0.03291
  -0.01230
  -0.04395
  -0.02711
   0.01964
   0.04472
   0.02046
  -0.02637
  -0.04411
  -0.01319
   0.03228
   0.04214
   0.00550
  -0.03720
  -0.03887
   0.00235
   0.04097
   0.03439
  -0.01013
  -0.04348
  -0.02886
   0.01760
   0.04464
   0.02244
  -0.02452
  -0.04442
  -0.01532
   0.03069
   0.04284
   0.00773
  -0.03591
  -0.03993
   0.00010
   0.04002
   0.03579
  -0.00793
  -0.04290
  -0.03054
   0.01551
   0.04445
   0.02435
  -0.02261
  -0.04463
  -0.01741
   0.02901
   0.04343
   0.00993
  -0.03452
  -0.04089
  -0.00215
