  -0.00123
   0.00235
  -0.00347
   0.00459
  -0.00571
   0.00682
  -0.00793
   0.00904
  -0.01013
   0.01122
  -0.01231
   0.01339
  -0.01445
   0.01551
  -0.01656
   0.01760
  -0.01863
   0.01964
  -0.02065
   0.02164
  -0.02261
   0.02358
  -0.02452
   0.02546
  -0.02637
   0.02727
  -0.02815
   0.02902
  -0.02986
   0.03069
  -0.03150
   0.03229
  -0.03305
   0.03380
  -0.03453
   0.03523
  -0.03591
   0.03657
  -0.03720
   0.03782
  -0.03840
   0.03897
  -0.03951
   0.04002
  -0.04051
   0.04097
  -0.04141
   0.04182
  -0.04221
   0.04257
  -0.04290
   0.04320
  -0.04348
   0.04373
  -0.04395
   0.04414
  -0.04431
   0.04445
  -0.04456
   0.04464
  -0.04469
   0.04472
  -0.04472
   0.04469
  -0.04463
   0.04454
  -0.04442
   0.04428
  -0.04411
   0.04391
  -0.04368
   0.04343
  -0.04315
   0.04284
  -0.04250
   0.04214
  -0.04175
   0.04133
  -0.04089
   0.04042
  -0.03993
   0.03941
  -0.03886
   0.03829
  -0.03770
   0.03709
  -0.03645
   0.03578
  -0.03510
   0.03439
  -0.03366
   0.03291
  -0.03214
   0.03135
  -0.03054
   0.02971
  -0.02886
   0.02799
  -0.02710
   0.02620
  -0.02528
   0.02435
  -0.02340
   0.02243
  -0.02145
   0.02046
  -0.01945
   0.01843
  -0.01740
   0.01636
  -0.01531
   0.01425
  -0.01318
   0.01210
  -0.01102
   0.00993
  -0.00883
   0.00772
  -0.00661
   0.00550
  -0.00438
   0.00326
  -0.00214
   0.00102
   0.00011
  -0.00123
   0.00235
  -0.00347
   0.00459
  -0.00571
   0.00682
  -0.00793
   0.00904
  -0.01013
   0.01122
  -0.01231
   0.01339
  -0.01445
   0.01551
  -0.01656
   0.01760
  -0.01863
   0.01964
  -0.02065
   0.02164
  -0.02261
   0.02358
  -0.02452
   0.02546
  -0.02637
   0.02727
  -0.02815
   0.02902
  -0.02986
   0.03069
  -0.03150
   0.03229
  -0.03305
   0.03380
  -0.03453
   0.03523
  -0.03591
   0.03657
  -0.03720
   0.03782
  -0.03840
   0.03897
  -0.03951
   0.04002
  -0.04051
   0.04097
  -0.04141
   0.04182
  -0.04221
   0.04257
  -0.04290
   0.04320
  -0.04348
   0.04373
  -0.04395
   0.04414
  -0.04431
   0.04445
  -0.04456
   0.04464
  -0.04469
   0.04472
  -0.04472
   0.04469
  -0.04463
   0.04454
  -0.04442
   0.04428
  -0.04411
   0.04391
  -0.04368
   0.04343
  -0.04315
   0.04284
  -0.04250
   0.04214
  -0.04175
   0.04133
  -0.04089
   0.04042
  -0.03993
   0.03941
  -0.03886
   0.03829
  -0.03770
   0.03709
  -0.03645
   0.03578
  -0.03510
   0.03439
  -0.03366
   0.03291
  -0.03214
   0.03135
  -0.03054
   0.02971
  -0.02886
   0.02799
  -0.02710
   0.02620
  -0.02528
   0.02435
  -0.02340
   0.02243
  -0.02145
   0.02046
  -0.01945
   0.01843
  -0.01740
   0.01636
  -0.01531
   0.01425
  -0.01318
   0.01210
  -0.01102
   0.00993
  -0.00883
   0.00772
  -0.00661
   0.00550
  -0.00438
   0.00326
  -0.00214
   0.00102
   0.00011
  -0.00123
   0.00235
  -0.00347
   0.00459
  -0.00571
   0.00682
  -0.00793
   0.00904
  -0.01013
   0.01122
  -0.01231
   0.01339
  -0.01445
   0.01551
  -0.01656
   0.01760
  -0.01863
   0.01964
  -0.02065
   0.02164
  -0.02261
   0.02358
  -0.02452
   0.02546
  -0.02637
   0.02727
  -0.02815
   0.02902
  -0.02986
   0.03069
  -0.03150
   0.03229
  -0.03305
   0.03380
  -0.03453
   0.03523
  -0.03591
   0.03657
  -0.03720
   0.03782
  -0.03840
   0.03897
  -0.03951
   0.04002
  -0.04051
   0.04097
  -0.04141
   0.04182
  -0.04221
   0.04257
  -0.04290
   0.04320
  -0.04348
   0.04373
  -0.04395
   0.04414
  -0.04431
   0.04445
  -0.04456
   0.04464
  -0.04469
   0.04472
  -0.04472
   0.04469
  -0.04463
   0.04454
  -0.04442
   0.04428
  -0.04411
   0.04391
  -0.04368
   0.04343
  -0.04315
   0.04284
  -0.04250
   0.04214
  -0.04175
   0.04133
  -0.04089
   0.04042
  -0.03993
   0.03941
  -0.03886
   0.03829
  -0.03770
   0.03709
  -0.03645
   0.03578
  -0.03510
   0.03439
  -0.03366
   0.03291
  -0.03214
   0.03135
  -0.03054
   0.02971
  -0.02886
   0.02799
  -0.02710
   0.02620
  -0.02528
   0.02435
  -0.02340
   0.02243
  -0.02145
   0.02046
  -0.01945
   0.01843
  -0.01740
   0.01636
  -0.01531
   0.01425
  -0.01318
   0.01210
  -0.01102
   0.00993
  -0.00883
   0.00772
  -0.00661
   0.00550
  -0.00438
   0.00326
  -0.00214
   0.00102
   0.00011
  -0.00123
   0.00235
  -0.00347
   0.00459
  -0.00571
   0.00682
  -0.00793
   0.00904
  -0.01013
   0.01122
  -0.01231
   0.01339
  -0.01445
   0.01551
  -0.01656
   0.01760
  -0.01863
   0.01964
  -0.02065
   0.02164
  -0.02261
   0.02358
  -0.02452
   0.02546
  -0.02637
   0.02727
  -0.02815
   0.02902
  -0.02986
   0.03069
  -0.03150
   0.03229
  -0.03305
   0.03380
  -0.03453
   0.03523
  -0.03591
   0.03657
  -0.03720
   0.03782
  -0.03840
   0.03897
  -0.03951
   0.04002
  -0.04051
   0.04097
  -0.04141
   0.04182
  -0.04221
   0.04257
  -0.04290
   0.04320
  -0.04348
   0.04373
  -0.04395
   0.04414
  -0.04431
   0.04445
  -0.04456
   0.04464
  -0.04469
   0.04472
  -0.04472
   0.04469
  -0.04463
   0.04454
  -0.04442
   0.04428
  -0.04411
   0.04391
  -0.04368
   0.04343
  -0.04315
   0.04284
  -0.04250
   0.04214
  -0.04175
   0.04133
  -0.04089
   0.04042
  -0.03993
   0.03941
  -0.03886
   0.03829
  -0.03770
   0.03709
  -0.03645
   0.03578
  -0.03510
   0.03439
  -0.03366
   0.03291
  -0.03214
   0.03135
  -0.03054
   0.02971
  -0.02886
   0.02799
  -0.02710
   0.02620
  -0.02528
   0.02435
  -0.02340
   0.02243
  -0.02145
   0.02046
  -0.01945
   0.01843
  -0.01740
   0.01636
  -0.01531
   0.01425
  -0.01318
   0.01210
  -0.01102
   0.00993
  -0.00883
   0.00772
  -0.00661
   0.00550
  -0.00438
   0.00326
  -0.00214
   0.00102
   0.00011
  -0.00123
   0.00235
  -0.00347
   0.00459
  -0.00571
   0.00682
  -0.00793
   0.00904
  -0.01013
   0.01122
  -0.01231
   0.01339
  -0.01445
   0.01551
  -0.01656
   0.01760
  -0.01863
   0.01964
  -0.02065
   0.02164
  -0.02261
   0.02358
  -0.02452
   0.02546
  -0.02637
   0.02727
  -0.02815
   0.02902
  -0.02986
   0.03069
  -0.03150
   0.03229
  -0.03305
   0.03380
  -0.03453
   0.03523
  -0.03591
   0.03657
  -0.03720
   0.03782
  -0.03840
   0.03897
  -0.03951
   0.04002
  -0.04051
   0.04097
  -0.04141
   0.04182
  -0.04221
   0.04257
  -0.04290
   0.04320
  -0.04348
   0.04373
  -0.04395
   0.04414
  -0.04431
   0.04445
  -0.04456
   0.04464
  -0.04469
   0.04472
  -0.04472
   0.04469
  -0.04463
   0.04454
  -0.04442
   0.04428
  -0.04411
   0.04391
  -0.04368
   0.04343
  -0.04315
   0.04284
  -0.04250
   0.04214
  -0.04175
   0.04133
  -0.04089
   0.04042
  -0.03993
   0.03941
  -0.03886
   0.03829
  -0.03770
   0.03709
  -0.03645
   0.03578
  -0.03510
   0.03439
  -0.03366
   0.03291
  -0.03214
   0.03135
  -0.03054
   0.02971
  -0.02886
   0.02799
  -0.02710
   0.02620
  -0.02528
   0.02435
  -0.02340
   0.02243
  -0.02145
   0.02046
  -0.01945
   0.01843
  -0.01740
   0.01636
  -0.01531
   0.01425
  -0.01318
   0.01210
  -0.01102
   0.00993
  -0.00883
   0.00772
  -0.00661
   0.00550
  -0.00438
   0.00326
  -0.00214
   0.00102
   0.00011
  -0.00123
   0.00235
  -0.00347
   0.00459
  -0.00571
   0.00682
  -0.00793
   0.00904
  -0.01013
   0.01122
  -0.01231
   0.01339
  -0.01445
   0.01551
  -0.01656
   0.01760
  -0.01863
   0.01964
  -0.02065
   0.02164
  -0.02261
   0.02358
  -0.02452
   0.02546
  -0.02637
   0.02727
  -0.02815
   0.02902
  -0.02986
   0.03069
  -0.03150
   0.03229
  -0.03305
   0.03380
  -0.03453
   0.03523
  -0.03591
   0.03657
  -0.03720
   0.03782
  -0.03840
   0.03897
  -0.03951
   0.04002
  -0.04051
   0.04097
  -0.04141
   0.04182
  -0.04221
   0.04257
  -0.04290
   0.04320
  -0.04348
   0.04373
  -0.04395
   0.04414
  -0.04431
   0.04445
  -0.04456
   0.04464
  -0.04469
   0.04472
  -0.04472
   0.04469
  -0.04463
   0.04454
  -0.04442
   0.04428
  -0.04411
   0.04391
  -0.04368
   0.04343
  -0.04315
   0.04284
  -0.04250
   0.04214
  -0.04175
   0.04133
  -0.04089
   0.04042
  -0.03993
   0.03941
  -0.03886
   0.03829
  -0.03770
   0.03709
  -0.03645
   0.03578
  -0.03510
   0.03439
  -0.03366
   0.03291
  -0.03214
   0.03135
  -0.03054
   0.02971
  -0.02886
   0.02799
  -0.02710
   0.02620
  -0.02528
   0.02435
  -0.02340
   0.02243
  -0.02145
   0.02046
  -0.01945
   0.01843
  -0.01740
   0.01636
  -0.01531
   0.01425
  -0.01318
   0.01210
  -0.01102
   0.00993
  -0.00883
   0.00772
  -0.00661
   0.00550
  -0.00438
   0.00326
  -0.00214
   0.00102
   0.00011
  -0.00123
   0.00235
  -0.00347
   0.00459
  -0.00571
   0.00682
  -0.00793
   0.00904
  -0.01013
   0.01122
  -0.01231
   0.01339
  -0.01445
   0.01551
  -0.01656
   0.01760
  -0.01863
   0.01964
  -0.02065
   0.02164
  -0.02261
   0.02358
  -0.02452
   0.02546
  -0.02637
   0.02727
  -0.02815
   0.02902
  -0.02986
   0.03069
  -0.03150
   0.03229
  -0.03305
   0.03380
  -0.03453
   0.03523
  -0.03591
   0.03657
  -0.03720
   0.03782
  -0.03840
   0.03897
  -0.03951
   0.04002
  -0.04051
   0.04097
  -0.04141
   0.04182
  -0.04221
   0.04257
  -0.04290
   0.04320
  -0.04348
   0.04373
  -0.04395
   0.04414
  -0.04431
   0.04445
  -0.04456
   0.04464
  -0.04469
   0.04472
  -0.04472
   0.04469
  -0.04463
   0.04454
  -0.04442
   0.04428
  -0.04411
   0.04391
  -0.04368
   0.04343
  -0.04315
   0.04284
  -0.04250
   0.04214
  -0.04175
   0.04133
  -0.04089
   0.04042
  -0.03993
   0.03941
  -0.03886
   0.03829
  -0.03770
   0.03709
  -0.03645
   0.03578
  -0.03510
   0.03439
  -0.03366
   0.03291
  -0.03214
   0.03135
  -0.03054
   0.02971
  -0.02886
   0.02799
  -0.02710
   0.02620
  -0.02528
   0.02435
  -0.02340
   0.02243
  -0.02145
   0.02046
  -0.01945
   0.01843
  -0.01740
   0.01636
  -0.01531
   0.01425
  -0.01318
   0.01210
  -0.01102
   0.00993
  -0.00883
   0.00772
  -0.00661
   0.00550
  -0.00438
   0.00326
  -0.00214
   0.00102
   0.00011
  -0.00123
   0.00235
  -0.00347
   0.00459
  -0.00571
   0.00682
  -0.00793
   0.00904
  -0.01013
   0.01122
  -0.01231
   0.01339
  -0.01445
   0.01551
  -0.01656
   0.01760
  -0.01863
   0.01964
  -0.02065
   0.02164
  -0.02261
   0.02358
  -0.02452
   0.02546
  -0.02637
   0.02727
  -0.02815
   0.02902
  -0.02986
   0.03069
  -0.03150
   0.03229
  -0.03305
   0.03380
  -0.03453
   0.03523
  -0.03591
   0.03657
  -0.03720
   0.03782
  -0.03840
   0.03897
  -0.03951
   0.04002
  -0.04051
   0.04097
  -0.04141
   0.04182
  -0.04221
   0.04257
  -0.04290
   0.04320
  -0.04348
   0.04373
  -0.04395
   0.04414
  -0.04431
   0.04445
  -0.04456
   0.04464
  -0.04469
   0.04472
  -0.04472
   0.04469
  -0.04463
   0.04454
  -0.04442
   0.04428
  -0.04411
   0.04391
  -0.04368
   0.04343
  -0.04315
   0.04284
  -0.04250
   0.04214
  -0.04175
   0.04133
  -0.04089
   0.04042
  -0.03993
   0.03941
  -0.03886
   0.03829
  -0.03770
   0.03709
  -0.03645
   0.03578
  -0.03510
   0.03439
  -0.03366
   0.03291
  -0.03214
   0.03135
  -0.03054
   0.02971
  -0.02886
   0.02799
  -0.02710
   0.02620
  -0.02528
   0.02435
  -0.02340
   0.02243
  -0.02145
   0.02046
  -0.01945
   0.01843
  -0.01740
   0.01636
  -0.01531
   0.01425
  -0.01318
   0.01210
  -0.01102
   0.00993
  -0.00883
   0.00772
  -0.00661
   0.00550
  -0.00438
   0.00326
  -0.00214
   0.00102
   0.00011
