   0.03151
   0.00013
  -0.03133
  -0.04472
  -0.03230
  -0.00125
   0.03052
   0.04468
   0.03307
   0.00237
  -0.02969
  -0.04462
  -0.03381
  -0.00349
   0.02884
   0.04454
   0.03454
   0.00461
  -0.02797
  -0.04442
  -0.03524
  -0.00573
   0.02709
   0.04428
   0.03592
   0.00684
  -0.02618
  -0.04411
  -0.03658
  -0.00795
   0.02526
   0.04391
   0.03722
   0.00906
  -0.02433
  -0.04368
  -0.03783
  -0.01015
   0.02338
   0.04342
   0.03841
   0.01124
  -0.02241
  -0.04314
  -0.03898
  -0.01233
   0.02143
   0.04283
   0.03952
   0.01340
  -0.02044
  -0.04249
  -0.04003
  -0.01447
   0.01943
   0.04213
   0.04052
   0.01553
  -0.01842
  -0.04174
  -0.04098
  -0.01658
   0.01739
   0.04132
   0.04142
   0.01762
  -0.01635
  -0.04088
  -0.04183
  -0.01865
   0.01529
   0.04041
   0.04221
   0.01966
  -0.01423
  -0.03992
  -0.04257
  -0.02067
   0.01316
   0.03940
   0.04290
   0.02166
  -0.01209
  -0.03885
  -0.04321
  -0.02263
   0.01100
   0.03828
   0.04348
   0.02359
  -0.00991
  -0.03769
  -0.04373
  -0.02454
   0.00881
   0.03707
   0.04395
   0.02547
  -0.00770
  -0.03643
  -0.04415
  -0.02639
   0.00659
   0.03577
   0.04431
   0.02729
  -0.00548
  -0.03509
  -0.04445
  -0.02817
   0.00436
   0.03438
   0.04456
   0.02903
  -0.00324
  -0.03365
  -0.04464
  -0.02988
   0.00212
   0.03290
   0.04469
   0.03071
  -0.00100
  -0.03213
  -0.04472
  -0.03151
  -0.00013
   0.03133
   0.04472
   0.03230
   0.00125
  -0.03052
  -0.04468
  -0.03307
  -0.00237
   0.02969
   0.04462
   0.03381
   0.00349
  -0.02884
  -0.04454
  -0.03454
  -0.00461
   0.02797
   0.04442
   0.03524
   0.00573
  -0.02709
  -0.04428
  -0.03592
  -0.00684
   0.02618
   0.04411
   0.03658
   0.00795
  -0.02526
  -0.04391
  -0.03722
  -0.00906
   0.02433
   0.04368
   0.03783
   0.01015
  -0.02338
  -0.04342
  -0.03841
  -0.01124
   0.02241
   0.04314
   0.03898
   0.01233
  -0.02143
  -0.04283
  -0.03952
  -0.01340
   0.02044
   0.04249
   0.04003
   0.01447
  -0.01943
  -0.04213
  -0.04052
  -0.01553
   0.01842
   0.04174
   0.04098
   0.01658
  -0.01739
  -0.04132
  -0.04142
  -0.01762
   0.01635
   0.04088
   0.04183
   0.01865
  -0.01529
  -0.04041
  -0.04221
  -0.01966
   0.01423
   0.03992
   0.04257
   0.02067
  -0.01316
  -0.03940
  -0.04290
  -0.02166
   0.01209
   0.03885
   0.04321
   0.02263
  -0.01100
  -0.03828
  -0.04348
  -0.02359
   0.00991
   0.03769
   0.04373
   0.02454
  -0.00881
  -0.03707
  -0.04395
  -0.02547
   0.00770
   0.03643
   0.04415
   0.02639
  -0.00659
  -0.03577
  -0.04431
  -0.02729
   0.00548
   0.03509
   0.04445
   0.02817
  -0.00436
  -0.03438
  -0.04456
  -0.02903
   0.00324
   0.03365
   0.04464
   0.02988
  -0.00212
  -0.03290
  -0.04469
  -0.03071
   0.00100
   0.03213
   0.04472
   0.03151
   0.00013
  -0.03133
  -0.04472
  -0.03230
  -0.00125
   0.03052
   0.04468
   0.03307
   0.00237
  -0.02969
  -0.04462
  -0.03381
  -0.00349
   0.02884
   0.04454
   0.03454
   0.00461
  -0.02797
  -0.04442
  -0.03524
  -0.00573
   0.02709
   0.04428
   0.03592
   0.00684
  -0.02618
  -0.04411
  -0.03658
  -0.00795
   0.02526
   0.04391
   0.03722
   0.00906
  -0.02433
  -0.04368
  -0.03783
  -0.01015
   0.02338
   0.04342
   0.03841
   0.01124
  -0.02241
  -0.04314
  -0.03898
  -0.01233
   0.02143
   0.04283
   0.03952
   0.01340
  -0.02044
  -0.04249
  -0.04003
  -0.01447
   0.01943
   0.04213
   0.04052
   0.01553
  -0.01842
  -0.04174
  -0.04098
  -0.01658
   0.01739
   0.04132
   0.04142
   0.01762
  -0.01635
  -0.04088
  -0.04183
  -0.01865
   0.01529
   0.04041
   0.04221
   0.01966
  -0.01423
  -0.03992
  -0.04257
  -0.02067
   0.01316
   0.03940
   0.04290
   0.02166
  -0.01209
  -0.03885
  -0.04321
  -0.02263
   0.01100
   0.03828
   0.04348
   0.02359
  -0.00991
  -0.03769
  -0.04373
  -0.02454
   0.00881
   0.03707
   0.04395
   0.02547
  -0.00770
  -0.03643
  -0.04415
  -0.02639
   0.00659
   0.03577
   0.04431
   0.02729
  -0.00548
  -0.03509
  -0.04445
  -0.02817
   0.00436
   0.03438
   0.04456
   0.02903
  -0.00324
  -0.03365
  -0.04464
  -0.02988
   0.00212
   0.03290
   0.04469
   0.03071
  -0.00100
  -0.03213
  -0.04472
  -0.03151
  -0.00013
   0.03133
   0.04472
   0.03230
   0.00125
  -0.03052
  -0.04468
  -0.03307
  -0.00237
   0.02969
   0.04462
   0.03381
   0.00349
  -0.02884
  -0.04454
  -0.03454
  -0.00461
   0.02797
   0.04442
   0.03524
   0.00573
  -0.02709
  -0.04428
  -0.03592
  -0.00684
   0.02618
   0.04411
   0.03658
   0.00795
  -0.02526
  -0.04391
  -0.03722
  -0.00906
   0.02433
   0.04368
   0.03783
   0.01015
  -0.02338
  -0.04342
  -0.03841
  -0.01124
   0.02241
   0.04314
   0.03898
   0.01233
  -0.02143
  -0.04283
  -0.03952
  -0.01340
   0.02044
   0.04249
   0.04003
   0.01447
  -0.01943
  -0.04213
  -0.04052
  -0.01553
   0.01842
   0.04174
   0.04098
   0.01658
  -0.01739
  -0.04132
  -0.04142
  -0.01762
   0.01635
   0.04088
   0.04183
   0.01865
  -0.01529
  -0.04041
  -0.04221
  -0.01966
   0.01423
   0.03992
   0.04257
   0.02067
  -0.01316
  -0.03940
  -0.04290
  -0.02166
   0.01209
   0.03885
   0.04321
   0.02263
  -0.01100
  -0.03828
  -0.04348
  -0.02359
   0.00991
   0.03769
   0.04373
   0.02454
  -0.00881
  -0.03707
  -0.04395
  -0.02547
   0.00770
   0.03643
   0.04415
   0.02639
  -0.00659
  -0.03577
  -0.04431
  -0.02729
   0.00548
   0.03509
   0.04445
   0.02817
  -0.00436
  -0.03438
  -0.04456
  -0.02903
   0.00324
   0.03365
   0.04464
   0.02988
  -0.00212
  -0.03290
  -0.04469
  -0.03071
   0.00100
   0.03213
   0.04472
   0.03151
   0.00013
  -0.03133
  -0.04472
  -0.03230
  -0.00125
   0.03052
   0.04468
   0.03307
   0.00237
  -0.02969
  -0.04462
  -0.03381
  -0.00349
   0.02884
   0.04454
   0.03454
   0.00461
  -0.02797
  -0.04442
  -0.03524
  -0.00573
   0.02709
   0.04428
   0.03592
   0.00684
  -0.02618
  -0.04411
  -0.03658
  -0.00795
   0.02526
   0.04391
   0.03722
   0.00906
  -0.02433
  -0.04368
  -0.03783
  -0.01015
   0.02338
   0.04342
   0.03841
   0.01124
  -0.02241
  -0.04314
  -0.03898
  -0.01233
   0.02143
   0.04283
   0.03952
   0.01340
  -0.02044
  -0.04249
  -0.04003
  -0.01447
   0.01943
   0.04213
   0.04052
   0.01553
  -0.01842
  -0.04174
  -0.04098
  -0.01658
   0.01739
   0.04132
   0.04142
   0.01762
  -0.01635
  -0.04088
  -0.04183
  -0.01865
   0.01529
   0.04041
   0.04221
   0.01966
  -0.01423
  -0.03992
  -0.04257
  -0.02067
   0.01316
   0.03940
   0.04290
   0.02166
  -0.01209
  -0.03885
  -0.04321
  -0.02263
   0.01100
   0.03828
   0.04348
   0.02359
  -0.00991
  -0.03769
  -0.04373
  -0.02454
   0.00881
   0.03707
   0.04395
   0.02547
  -0.00770
  -0.03643
  -0.04415
  -0.02639
   0.00659
   0.03577
   0.04431
   0.02729
  -0.00548
  -0.03509
  -0.04445
  -0.02817
   0.00436
   0.03438
   0.04456
   0.02903
  -0.00324
  -0.03365
  -0.04464
  -0.02988
   0.00212
   0.03290
   0.04469
   0.03071
  -0.00100
  -0.03213
  -0.04472
  -0.03151
  -0.00013
   0.03133
   0.04472
   0.03230
   0.00125
  -0.03052
  -0.04468
  -0.03307
  -0.00237
   0.02969
   0.04462
   0.03381
   0.00349
  -0.02884
  -0.04454
  -0.03454
  -0.00461
   0.02797
   0.04442
   0.03524
   0.00573
  -0.02709
  -0.04428
  -0.03592
  -0.00684
   0.02618
   0.04411
   0.03658
   0.00795
  -0.02526
  -0.04391
  -0.03722
  -0.00906
   0.02433
   0.04368
   0.03783
   0.01015
  -0.02338
  -0.04342
  -0.03841
  -0.01124
   0.02241
   0.04314
   0.03898
   0.01233
  -0.02143
  -0.04283
  -0.03952
  -0.01340
   0.02044
   0.04249
   0.04003
   0.01447
  -0.01943
  -0.04213
  -0.04052
  -0.01553
   0.01842
   0.04174
   0.04098
   0.01658
  -0.01739
  -0.04132
  -0.04142
  -0.01762
   0.01635
   0.04088
   0.04183
   0.01865
  -0.01529
  -0.04041
  -0.04221
  -0.01966
   0.01423
   0.03992
   0.04257
   0.02067
  -0.01316
  -0.03940
  -0.04290
  -0.02166
   0.01209
   0.03885
   0.04321
   0.02263
  -0.01100
  -0.03828
  -0.04348
  -0.02359
   0.00991
   0.03769
   0.04373
   0.02454
  -0.00881
  -0.03707
  -0.04395
  -0.02547
   0.00770
   0.03643
   0.04415
   0.02639
  -0.00659
  -0.03577
  -0.04431
  -0.02729
   0.00548
   0.03509
   0.04445
   0.02817
  -0.00436
  -0.03438
  -0.04456
  -0.02903
   0.00324
   0.03365
   0.04464
   0.02988
  -0.00212
  -0.03290
  -0.04469
  -0.03071
   0.00100
   0.03213
   0.04472
   0.03151
   0.00013
  -0.03133
  -0.04472
  -0.03230
  -0.00125
   0.03052
   0.04468
   0.03307
   0.00237
  -0.02969
  -0.04462
  -0.03381
  -0.00349
   0.02884
   0.04454
   0.03454
   0.00461
  -0.02797
  -0.04442
  -0.03524
  -0.00573
   0.02709
   0.04428
   0.03592
   0.00684
  -0.02618
  -0.04411
  -0.03658
  -0.00795
   0.02526
   0.04391
   0.03722
   0.00906
  -0.02433
  -0.04368
  -0.03783
  -0.01015
   0.02338
   0.04342
   0.03841
   0.01124
  -0.02241
  -0.04314
  -0.03898
  -0.01233
   0.02143
   0.04283
   0.03952
   0.01340
  -0.02044
  -0.04249
  -0.04003
  -0.01447
   0.01943
   0.04213
   0.04052
   0.01553
  -0.01842
  -0.04174
  -0.04098
  -0.01658
   0.01739
   0.04132
   0.04142
   0.01762
  -0.01635
  -0.04088
  -0.04183
  -0.01865
   0.01529
   0.04041
   0.04221
   0.01966
  -0.01423
  -0.03992
  -0.04257
  -0.02067
   0.01316
   0.03940
   0.04290
   0.02166
  -0.01209
  -0.03885
  -0.04321
  -0.02263
   0.01100
   0.03828
   0.04348
   0.02359
  -0.00991
  -0.03769
  -0.04373
  -0.02454
   0.00881
   0.03707
   0.04395
   0.02547
  -0.00770
  -0.03643
  -0.04415
  -0.02639
   0.00659
   0.03577
   0.04431
   0.02729
  -0.00548
  -0.03509
  -0.04445
  -0.02817
   0.00436
   0.03438
   0.04456
   0.02903
  -0.00324
  -0.03365
  -0.04464
  -0.02988
   0.00212
   0.03290
   0.04469
   0.03071
  -0.00100
  -0.03213
  -0.04472
  -0.03151
  -0.00013
   0.03133
   0.04472
   0.03230
   0.00125
  -0.03052
  -0.04468
  -0.03307
  -0.00237
   0.02969
   0.04462
   0.03381
   0.00349
  -0.02884
  -0.04454
  -0.03454
  -0.00461
   0.02797
   0.04442
   0.03524
   0.00573
  -0.02709
  -0.04428
  -0.03592
  -0.00684
   0.02618
   0.04411
   0.03658
   0.00795
  -0.02526
  -0.04391
  -0.03722
  -0.00906
   0.02433
   0.04368
   0.03783
   0.01015
  -0.02338
  -0.04342
  -0.03841
  -0.01124
   0.02241
   0.04314
   0.03898
   0.01233
  -0.02143
  -0.04283
  -0.03952
  -0.01340
   0.02044
   0.04249
   0.04003
   0.01447
  -0.01943
  -0.04213
  -0.04052
  -0.01553
   0.01842
   0.04174
   0.04098
   0.01658
  -0.01739
  -0.04132
  -0.04142
  -0.01762
   0.01635
   0.04088
   0.04183
   0.01865
  -0.01529
  -0.04041
  -0.04221
  -0.01966
   0.01423
   0.03992
   0.04257
   0.02067
  -0.01316
  -0.03940
  -0.04290
  -0.02166
   0.01209
   0.03885
   0.04321
   0.02263
  -0.01100
  -0.03828
  -0.04348
  -0.02359
   0.00991
   0.03769
   0.04373
   0.02454
  -0.00881
  -0.03707
  -0.04395
  -0.02547
   0.00770
   0.03643
   0.04415
   0.02639
  -0.00659
  -0.03577
  -0.04431
  -0.02729
   0.00548
   0.03509
   0.04445
   0.02817
  -0.00436
  -0.03438
  -0.04456
  -0.02903
   0.00324
   0.03365
   0.04464
   0.02988
  -0.00212
  -0.03290
  -0.04469
  -0.03071
   0.00100
   0.03213
   0.04472
