  -0.04316
   0.03647
  -0.02532
   0.01106
   0.00455
  -0.01960
   0.03225
  -0.04095
   0.04464
  -0.04285
   0.03581
  -0.02439
   0.00997
   0.00566
  -0.02061
   0.03302
  -0.04139
   0.04469
  -0.04251
   0.03513
  -0.02344
   0.00887
   0.00678
  -0.02160
   0.03377
  -0.04181
   0.04472
  -0.04215
   0.03442
  -0.02247
   0.00777
   0.00789
  -0.02257
   0.03450
  -0.04219
   0.04472
  -0.04176
   0.03369
  -0.02149
   0.00666
   0.00899
  -0.02354
   0.03520
  -0.04255
   0.04469
  -0.04135
   0.03294
  -0.02050
   0.00555
   0.01009
  -0.02448
   0.03588
  -0.04288
   0.04463
  -0.04091
   0.03217
  -0.01950
   0.00443
   0.01118
  -0.02542
   0.03654
  -0.04319
   0.04454
  -0.04044
   0.03138
  -0.01848
   0.00331
   0.01226
  -0.02633
   0.03718
  -0.04347
   0.04443
  -0.03995
   0.03057
  -0.01745
   0.00219
   0.01334
  -0.02723
   0.03779
  -0.04372
   0.04429
  -0.03943
   0.02974
  -0.01641
   0.00107
   0.01441
  -0.02812
   0.03838
  -0.04394
   0.04412
  -0.03889
   0.02889
  -0.01536
  -0.00006
   0.01547
  -0.02898
   0.03894
  -0.04414
   0.04392
  -0.03832
   0.02803
  -0.01430
  -0.00118
   0.01652
  -0.02983
   0.03948
  -0.04430
   0.04369
  -0.03773
   0.02714
  -0.01323
  -0.00231
   0.01756
  -0.03066
   0.04000
  -0.04444
   0.04344
  -0.03711
   0.02624
  -0.01215
  -0.00343
   0.01858
  -0.03147
   0.04049
  -0.04455
   0.04316
  -0.03647
   0.02532
  -0.01106
  -0.00455
   0.01960
  -0.03225
   0.04095
  -0.04464
   0.04285
  -0.03581
   0.02439
  -0.00997
  -0.00566
   0.02061
  -0.03302
   0.04139
  -0.04469
   0.04251
  -0.03513
   0.02344
  -0.00887
  -0.00678
   0.02160
  -0.03377
   0.04181
  -0.04472
   0.04215
  -0.03442
   0.02247
  -0.00777
  -0.00789
   0.02257
  -0.03450
   0.04219
  -0.04472
   0.04176
  -0.03369
   0.02149
  -0.00666
  -0.00899
   0.02354
  -0.03520
   0.04255
  -0.04469
   0.04135
  -0.03294
   0.02050
  -0.00555
  -0.01009
   0.02448
  -0.03588
   0.04288
  -0.04463
   0.04091
  -0.03217
   0.01950
  -0.00443
  -0.01118
   0.02542
  -0.03654
   0.04319
  -0.04454
   0.04044
  -0.03138
   0.01848
  -0.00331
  -0.01226
   0.02633
  -0.03718
   0.04347
  -0.04443
   0.03995
  -0.03057
   0.01745
  -0.00219
  -0.01334
   0.02723
  -0.03779
   0.04372
  -0.04429
   0.03943
  -0.02974
   0.01641
  -0.00107
  -0.01441
   0.02812
  -0.03838
   0.04394
  -0.04412
   0.03889
  -0.02889
   0.01536
   0.00006
  -0.01547
   0.02898
  -0.03894
   0.04414
  -0.04392
   0.03832
  -0.02803
   0.01430
   0.00118
  -0.01652
   0.02983
  -0.03948
   0.04430
  -0.04369
   0.03773
  -0.02714
   0.01323
   0.00231
  -0.01756
   0.03066
  -0.04000
   0.04444
  -0.04344
   0.03711
  -0.02624
   0.01215
   0.00343
  -0.01858
   0.03147
  -0.04049
   0.04455
  -0.04316
   0.03647
  -0.02532
   0.01106
   0.00455
  -0.01960
   0.03225
  -0.04095
   0.04464
  -0.04285
   0.03581
  -0.02439
   0.00997
   0.00566
  -0.02061
   0.03302
  -0.04139
   0.04469
  -0.04251
   0.03513
  -0.02344
   0.00887
   0.00678
  -0.02160
   0.03377
  -0.04181
   0.04472
  -0.04215
   0.03442
  -0.02247
   0.00777
   0.00789
  -0.02257
   0.03450
  -0.04219
   0.04472
  -0.04176
   0.03369
  -0.02149
   0.00666
   0.00899
  -0.02354
   0.03520
  -0.04255
   0.04469
  -0.04135
   0.03294
  -0.02050
   0.00555
   0.01009
  -0.02448
   0.03588
  -0.04288
   0.04463
  -0.04091
   0.03217
  -0.01950
   0.00443
   0.01118
  -0.02542
   0.03654
  -0.04319
   0.04454
  -0.04044
   0.03138
  -0.01848
   0.00331
   0.01226
  -0.02633
   0.03718
  -0.04347
   0.04443
  -0.03995
   0.03057
  -0.01745
   0.00219
   0.01334
  -0.02723
   0.03779
  -0.04372
   0.04429
  -0.03943
   0.02974
  -0.01641
   0.00107
   0.01441
  -0.02812
   0.03838
  -0.04394
   0.04412
  -0.03889
   0.02889
  -0.01536
  -0.00006
   0.01547
  -0.02898
   0.03894
  -0.04414
   0.04392
  -0.03832
   0.02803
  -0.01430
  -0.00118
   0.01652
  -0.02983
   0.03948
  -0.04430
   0.04369
  -0.03773
   0.02714
  -0.01323
  -0.00231
   0.01756
  -0.03066
   0.04000
  -0.04444
   0.04344
  -0.03711
   0.02624
  -0.01215
  -0.00343
   0.01858
  -0.03147
   0.04049
  -0.04455
   0.04316
  -0.03647
   0.02532
  -0.01106
  -0.00455
   0.01960
  -0.03225
   0.04095
  -0.04464
   0.04285
  -0.03581
   0.02439
  -0.00997
  -0.00566
   0.02061
  -0.03302
   0.04139
  -0.04469
   0.04251
  -0.03513
   0.02344
  -0.00887
  -0.00678
   0.02160
  -0.03377
   0.04181
  -0.04472
   0.04215
  -0.03442
   0.02247
  -0.00777
  -0.00789
   0.02257
  -0.03450
   0.04219
  -0.04472
   0.04176
  -0.03369
   0.02149
  -0.00666
  -0.00899
   0.02354
  -0.03520
   0.04255
  -0.04469
   0.04135
  -0.03294
   0.02050
  -0.00555
  -0.01009
   0.02448
  -0.03588
   0.04288
  -0.04463
   0.04091
  -0.03217
   0.01950
  -0.00443
  -0.01118
   0.02542
  -0.03654
   0.04319
  -0.04454
   0.04044
  -0.03138
   0.01848
  -0.00331
  -0.01226
   0.02633
  -0.03718
   0.04347
  -0.04443
   0.03995
  -0.03057
   0.01745
  -0.00219
  -0.01334
   0.02723
  -0.03779
   0.04372
  -0.04429
   0.03943
  -0.02974
   0.01641
  -0.00107
  -0.01441
   0.02812
  -0.03838
   0.04394
  -0.04412
   0.03889
  -0.02889
   0.01536
   0.00006
  -0.01547
   0.02898
  -0.03894
   0.04414
  -0.04392
   0.03832
  -0.02803
   0.01430
   0.00118
  -0.01652
   0.02983
  -0.03948
   0.04430
  -0.04369
   0.03773
  -0.02714
   0.01323
   0.00231
  -0.01756
   0.03066
  -0.04000
   0.04444
  -0.04344
   0.03711
  -0.02624
   0.01215
   0.00343
  -0.01858
   0.03147
  -0.04049
   0.04455
  -0.04316
   0.03647
  -0.02532
   0.01106
   0.00455
  -0.01960
   0.03225
  -0.04095
   0.04464
  -0.04285
   0.03581
  -0.02439
   0.00997
   0.00566
  -0.02061
   0.03302
  -0.04139
   0.04469
  -0.04251
   0.03513
  -0.02344
   0.00887
   0.00678
  -0.02160
   0.03377
  -0.04181
   0.04472
  -0.04215
   0.03442
  -0.02247
   0.00777
   0.00789
  -0.02257
   0.03450
  -0.04219
   0.04472
  -0.04176
   0.03369
  -0.02149
   0.00666
   0.00899
  -0.02354
   0.03520
  -0.04255
   0.04469
  -0.04135
   0.03294
  -0.02050
   0.00555
   0.01009
  -0.02448
   0.03588
  -0.04288
   0.04463
  -0.04091
   0.03217
  -0.01950
   0.00443
   0.01118
  -0.02542
   0.03654
  -0.04319
   0.04454
  -0.04044
   0.03138
  -0.01848
   0.00331
   0.01226
  -0.02633
   0.03718
  -0.04347
   0.04443
  -0.03995
   0.03057
  -0.01745
   0.00219
   0.01334
  -0.02723
   0.03779
  -0.04372
   0.04429
  -0.03943
   0.02974
  -0.01641
   0.00107
   0.01441
  -0.02812
   0.03838
  -0.04394
   0.04412
  -0.03889
   0.02889
  -0.01536
  -0.00006
   0.01547
  -0.02898
   0.03894
  -0.04414
   0.04392
  -0.03832
   0.02803
  -0.01430
  -0.00118
   0.01652
  -0.02983
   0.03948
  -0.04430
   0.04369
  -0.03773
   0.02714
  -0.01323
  -0.00231
   0.01756
  -0.03066
   0.04000
  -0.04444
   0.04344
  -0.03711
   0.02624
  -0.01215
  -0.00343
   0.01858
  -0.03147
   0.04049
  -0.04455
   0.04316
  -0.03647
   0.02532
  -0.01106
  -0.00455
   0.01960
  -0.03225
   0.04095
  -0.04464
   0.04285
  -0.03581
   0.02439
  -0.00997
  -0.00566
   0.02061
  -0.03302
   0.04139
  -0.04469
   0.04251
  -0.03513
   0.02344
  -0.00887
  -0.00678
   0.02160
  -0.03377
   0.04181
  -0.04472
   0.04215
  -0.03442
   0.02247
  -0.00777
  -0.00789
   0.02257
  -0.03450
   0.04219
  -0.04472
   0.04176
  -0.03369
   0.02149
  -0.00666
  -0.00899
   0.02354
  -0.03520
   0.04255
  -0.04469
   0.04135
  -0.03294
   0.02050
  -0.00555
  -0.01009
   0.02448
  -0.03588
   0.04288
  -0.04463
   0.04091
  -0.03217
   0.01950
  -0.00443
  -0.01118
   0.02542
  -0.03654
   0.04319
  -0.04454
   0.04044
  -0.03138
   0.01848
  -0.00331
  -0.01226
   0.02633
  -0.03718
   0.04347
  -0.04443
   0.03995
  -0.03057
   0.01745
  -0.00219
  -0.01334
   0.02723
  -0.03779
   0.04372
  -0.04429
   0.03943
  -0.02974
   0.01641
  -0.00107
  -0.01441
   0.02812
  -0.03838
   0.04394
  -0.04412
   0.03889
  -0.02889
   0.01536
   0.00006
  -0.01547
   0.02898
  -0.03894
   0.04414
  -0.04392
   0.03832
  -0.02803
   0.01430
   0.00118
  -0.01652
   0.02983
  -0.03948
   0.04430
  -0.04369
   0.03773
  -0.02714
   0.01323
   0.00231
  -0.01756
   0.03066
  -0.04000
   0.04444
  -0.04344
   0.03711
  -0.02624
   0.01215
   0.00343
  -0.01858
   0.03147
  -0.04049
   0.04455
  -0.04316
   0.03647
  -0.02532
   0.01106
   0.00455
  -0.01960
   0.03225
  -0.04095
   0.04464
  -0.04285
   0.03581
  -0.02439
   0.00997
   0.00566
  -0.02061
   0.03302
  -0.04139
   0.04469
  -0.04251
   0.03513
  -0.02344
   0.00887
   0.00678
  -0.02160
   0.03377
  -0.04181
   0.04472
  -0.04215
   0.03442
  -0.02247
   0.00777
   0.00789
  -0.02257
   0.03450
  -0.04219
   0.04472
  -0.04176
   0.03369
  -0.02149
   0.00666
   0.00899
  -0.02354
   0.03520
  -0.04255
   0.04469
  -0.04135
   0.03294
  -0.02050
   0.00555
   0.01009
  -0.02448
   0.03588
  -0.04288
   0.04463
  -0.04091
   0.03217
  -0.01950
   0.00443
   0.01118
  -0.02542
   0.03654
  -0.04319
   0.04454
  -0.04044
   0.03138
  -0.01848
   0.00331
   0.01226
  -0.02633
   0.03718
  -0.04347
   0.04443
  -0.03995
   0.03057
  -0.01745
   0.00219
   0.01334
  -0.02723
   0.03779
  -0.04372
   0.04429
  -0.03943
   0.02974
  -0.01641
   0.00107
   0.01441
  -0.02812
   0.03838
  -0.04394
   0.04412
  -0.03889
   0.02889
  -0.01536
  -0.00006
   0.01547
  -0.02898
   0.03894
  -0.04414
   0.04392
  -0.03832
   0.02803
  -0.01430
  -0.00118
   0.01652
  -0.02983
   0.03948
  -0.04430
   0.04369
  -0.03773
   0.02714
  -0.01323
  -0.00231
   0.01756
  -0.03066
   0.04000
  -0.04444
   0.04344
  -0.03711
   0.02624
  -0.01215
  -0.00343
   0.01858
  -0.03147
   0.04049
  -0.04455
   0.04316
  -0.03647
   0.02532
  -0.01106
  -0.00455
   0.01960
  -0.03225
   0.04095
  -0.04464
   0.04285
  -0.03581
   0.02439
  -0.00997
  -0.00566
   0.02061
  -0.03302
   0.04139
  -0.04469
   0.04251
  -0.03513
   0.02344
  -0.00887
  -0.00678
   0.02160
  -0.03377
   0.04181
  -0.04472
   0.04215
  -0.03442
   0.02247
  -0.00777
  -0.00789
   0.02257
  -0.03450
   0.04219
  -0.04472
   0.04176
  -0.03369
   0.02149
  -0.00666
  -0.00899
   0.02354
  -0.03520
   0.04255
  -0.04469
   0.04135
  -0.03294
   0.02050
  -0.00555
  -0.01009
   0.02448
  -0.03588
   0.04288
  -0.04463
   0.04091
  -0.03217
   0.01950
  -0.00443
  -0.01118
   0.02542
  -0.03654
   0.04319
  -0.04454
   0.04044
  -0.03138
   0.01848
  -0.00331
  -0.01226
   0.02633
  -0.03718
   0.04347
  -0.04443
   0.03995
  -0.03057
   0.01745
  -0.00219
  -0.01334
   0.02723
  -0.03779
   0.04372
  -0.04429
   0.03943
  -0.02974
   0.01641
  -0.00107
  -0.01441
   0.02812
  -0.03838
   0.04394
  -0.04412
   0.03889
  -0.02889
   0.01536
   0.00006
  -0.01547
   0.02898
  -0.03894
   0.04414
  -0.04392
   0.03832
  -0.02803
   0.01430
   0.00118
  -0.01652
   0.02983
  -0.03948
   0.04430
  -0.04369
   0.03773
  -0.02714
   0.01323
   0.00231
  -0.01756
   0.03066
  -0.04000
   0.04444
  -0.04344
   0.03711
  -0.02624
   0.01215
   0.00343
  -0.01858
   0.03147
  -0.04049
   0.04455
