  -0.04055
   0.03034
  -0.01559
  -0.00149
   0.01836
  -0.03247
   0.04172
  -0.04471
   0.04101
  -0.03116
   0.01664
   0.00037
  -0.01733
   0.03169
  -0.04130
   0.04472
  -0.04144
   0.03196
  -0.01768
   0.00075
   0.01628
  -0.03088
   0.04085
  -0.04470
   0.04185
  -0.03273
   0.01871
  -0.00188
  -0.01523
   0.03006
  -0.04038
   0.04465
  -0.04224
   0.03349
  -0.01972
   0.00300
   0.01417
  -0.02922
   0.03989
  -0.04458
   0.04259
  -0.03422
   0.02072
  -0.00412
  -0.01310
   0.02836
  -0.03937
   0.04448
  -0.04292
   0.03493
  -0.02171
   0.00524
   0.01202
  -0.02748
   0.03882
  -0.04434
   0.04322
  -0.03562
   0.02269
  -0.00635
  -0.01094
   0.02659
  -0.03825
   0.04418
  -0.04350
   0.03629
  -0.02365
   0.00746
   0.00984
  -0.02567
   0.03766
  -0.04400
   0.04374
  -0.03694
   0.02460
  -0.00857
  -0.00874
   0.02474
  -0.03704
   0.04378
  -0.04396
   0.03756
  -0.02553
   0.00967
   0.00764
  -0.02380
   0.03640
  -0.04354
   0.04416
  -0.03816
   0.02644
  -0.01076
  -0.00653
   0.02284
  -0.03573
   0.04327
  -0.04432
   0.03873
  -0.02734
   0.01185
   0.00541
  -0.02187
   0.03505
  -0.04297
   0.04446
  -0.03928
   0.02822
  -0.01293
  -0.00430
   0.02088
  -0.03434
   0.04265
  -0.04456
   0.03981
  -0.02908
   0.01400
   0.00318
  -0.01988
   0.03361
  -0.04229
   0.04464
  -0.04031
   0.02993
  -0.01506
  -0.00206
   0.01887
  -0.03285
   0.04192
  -0.04470
   0.04078
  -0.03075
   0.01612
   0.00093
  -0.01784
   0.03208
  -0.04151
   0.04472
  -0.04123
   0.03156
  -0.01716
   0.00019
   0.01681
  -0.03129
   0.04108
  -0.04472
   0.04165
  -0.03235
   0.01819
  -0.00132
  -0.01576
   0.03047
  -0.04062
   0.04468
  -0.04205
   0.03311
  -0.01921
   0.00244
   0.01470
  -0.02964
   0.04014
  -0.04462
   0.04242
  -0.03386
   0.02022
  -0.00356
  -0.01364
   0.02879
  -0.03963
   0.04453
  -0.04276
   0.03458
  -0.02122
   0.00468
   0.01256
  -0.02792
   0.03910
  -0.04441
   0.04308
  -0.03528
   0.02220
  -0.00580
  -0.01148
   0.02704
  -0.03854
   0.04427
  -0.04336
   0.03596
  -0.02317
   0.00691
   0.01039
  -0.02613
   0.03796
  -0.04409
   0.04362
  -0.03662
   0.02412
  -0.00802
  -0.00929
   0.02521
  -0.03735
   0.04389
  -0.04386
   0.03725
  -0.02506
   0.00912
   0.00819
  -0.02427
   0.03672
  -0.04366
   0.04406
  -0.03786
   0.02599
  -0.01022
  -0.00708
   0.02332
  -0.03607
   0.04341
  -0.04424
   0.03845
  -0.02689
   0.01131
   0.00597
  -0.02236
   0.03539
  -0.04312
   0.04439
  -0.03901
   0.02778
  -0.01239
  -0.00486
   0.02138
  -0.03469
   0.04281
  -0.04451
   0.03955
  -0.02865
   0.01347
   0.00374
  -0.02038
   0.03397
  -0.04247
   0.04461
  -0.04006
   0.02951
  -0.01453
  -0.00262
   0.01938
  -0.03323
   0.04211
  -0.04467
   0.04055
  -0.03034
   0.01559
   0.00149
  -0.01836
   0.03247
  -0.04172
   0.04471
  -0.04101
   0.03116
  -0.01664
  -0.00037
   0.01733
  -0.03169
   0.04130
  -0.04472
   0.04144
  -0.03196
   0.01768
  -0.00075
  -0.01628
   0.03088
  -0.04085
   0.04470
  -0.04185
   0.03273
  -0.01871
   0.00188
   0.01523
  -0.03006
   0.04038
  -0.04465
   0.04224
  -0.03349
   0.01972
  -0.00300
  -0.01417
   0.02922
  -0.03989
   0.04458
  -0.04259
   0.03422
  -0.02072
   0.00412
   0.01310
  -0.02836
   0.03937
  -0.04448
   0.04292
  -0.03493
   0.02171
  -0.00524
  -0.01202
   0.02748
  -0.03882
   0.04434
  -0.04322
   0.03562
  -0.02269
   0.00635
   0.01094
  -0.02659
   0.03825
  -0.04418
   0.04350
  -0.03629
   0.02365
  -0.00746
  -0.00984
   0.02567
  -0.03766
   0.04400
  -0.04374
   0.03694
  -0.02460
   0.00857
   0.00874
  -0.02474
   0.03704
  -0.04378
   0.04396
  -0.03756
   0.02553
  -0.00967
  -0.00764
   0.02380
  -0.03640
   0.04354
  -0.04416
   0.03816
  -0.02644
   0.01076
   0.00653
  -0.02284
   0.03573
  -0.04327
   0.04432
  -0.03873
   0.02734
  -0.01185
  -0.00541
   0.02187
  -0.03505
   0.04297
  -0.04446
   0.03928
  -0.02822
   0.01293
   0.00430
  -0.02088
   0.03434
  -0.04265
   0.04456
  -0.03981
   0.02908
  -0.01400
  -0.00318
   0.01988
  -0.03361
   0.04229
  -0.04464
   0.04031
  -0.02993
   0.01506
   0.00206
  -0.01887
   0.03285
  -0.04192
   0.04470
  -0.04078
   0.03075
  -0.01612
  -0.00093
   0.01784
  -0.03208
   0.04151
  -0.04472
   0.04123
  -0.03156
   0.01716
  -0.00019
  -0.01681
   0.03129
  -0.04108
   0.04472
  -0.04165
   0.03235
  -0.01819
   0.00132
   0.01576
  -0.03047
   0.04062
  -0.04468
   0.04205
  -0.03311
   0.01921
  -0.00244
  -0.01470
   0.02964
  -0.04014
   0.04462
  -0.04242
   0.03386
  -0.02022
   0.00356
   0.01364
  -0.02879
   0.03963
  -0.04453
   0.04276
  -0.03458
   0.02122
  -0.00468
  -0.01256
   0.02792
  -0.03910
   0.04441
  -0.04308
   0.03528
  -0.02220
   0.00580
   0.01148
  -0.02704
   0.03854
  -0.04427
   0.04336
  -0.03596
   0.02317
  -0.00691
  -0.01039
   0.02613
  -0.03796
   0.04409
  -0.04362
   0.03662
  -0.02412
   0.00802
   0.00929
  -0.02521
   0.03735
  -0.04389
   0.04386
  -0.03725
   0.02506
  -0.00912
  -0.00819
   0.02427
  -0.03672
   0.04366
  -0.04406
   0.03786
  -0.02599
   0.01022
   0.00708
  -0.02332
   0.03607
  -0.04341
   0.04424
  -0.03845
   0.02689
  -0.01131
  -0.00597
   0.02236
  -0.03539
   0.04312
  -0.04439
   0.03901
  -0.02778
   0.01239
   0.00486
  -0.02138
   0.03469
  -0.04281
   0.04451
  -0.03955
   0.02865
  -0.01347
  -0.00374
   0.02038
  -0.03397
   0.04247
  -0.04461
   0.04006
  -0.02951
   0.01453
   0.00262
  -0.01938
   0.03323
  -0.04211
   0.04467
  -0.04055
   0.03034
  -0.01559
  -0.00149
   0.01836
  -0.03247
   0.04172
  -0.04471
   0.04101
  -0.03116
   0.01664
   0.00037
  -0.01733
   0.03169
  -0.04130
   0.04472
  -0.04144
   0.03196
  -0.01768
   0.00075
   0.01628
  -0.03088
   0.04085
  -0.04470
   0.04185
  -0.03273
   0.01871
  -0.00188
  -0.01523
   0.03006
  -0.04038
   0.04465
  -0.04224
   0.03349
  -0.01972
   0.00300
   0.01417
  -0.02922
   0.03989
  -0.04458
   0.04259
  -0.03422
   0.02072
  -0.00412
  -0.01310
   0.02836
  -0.03937
   0.04448
  -0.04292
   0.03493
  -0.02171
   0.00524
   0.01202
  -0.02748
   0.03882
  -0.04434
   0.04322
  -0.03562
   0.02269
  -0.00635
  -0.01094
   0.02659
  -0.03825
   0.04418
  -0.04350
   0.03629
  -0.02365
   0.00746
   0.00984
  -0.02567
   0.03766
  -0.04400
   0.04374
  -0.03694
   0.02460
  -0.00857
  -0.00874
   0.02474
  -0.03704
   0.04378
  -0.04396
   0.03756
  -0.02553
   0.00967
   0.00764
  -0.02380
   0.03640
  -0.04354
   0.04416
  -0.03816
   0.02644
  -0.01076
  -0.00653
   0.02284
  -0.03573
   0.04327
  -0.04432
   0.03873
  -0.02734
   0.01185
   0.00541
  -0.02187
   0.03505
  -0.04297
   0.04446
  -0.03928
   0.02822
  -0.01293
  -0.00430
   0.02088
  -0.03434
   0.04265
  -0.04456
   0.03981
  -0.02908
   0.01400
   0.00318
  -0.01988
   0.03361
  -0.04229
   0.04464
  -0.04031
   0.02993
  -0.01506
  -0.00206
   0.01887
  -0.03285
   0.04192
  -0.04470
   0.04078
  -0.03075
   0.01612
   0.00093
  -0.01784
   0.03208
  -0.04151
   0.04472
  -0.04123
   0.03156
  -0.01716
   0.00019
   0.01681
  -0.03129
   0.04108
  -0.04472
   0.04165
  -0.03235
   0.01819
  -0.00132
  -0.01576
   0.03047
  -0.04062
   0.04468
  -0.04205
   0.03311
  -0.01921
   0.00244
   0.01470
  -0.02964
   0.04014
  -0.04462
   0.04242
  -0.03386
   0.02022
  -0.00356
  -0.01364
   0.02879
  -0.03963
   0.04453
  -0.04276
   0.03458
  -0.02122
   0.00468
   0.01256
  -0.02792
   0.03910
  -0.04441
   0.04308
  -0.03528
   0.02220
  -0.00580
  -0.01148
   0.02704
  -0.03854
   0.04427
  -0.04336
   0.03596
  -0.02317
   0.00691
   0.01039
  -0.02613
   0.03796
  -0.04409
   0.04362
  -0.03662
   0.02412
  -0.00802
  -0.00929
   0.02521
  -0.03735
   0.04389
  -0.04386
   0.03725
  -0.02506
   0.00912
   0.00819
  -0.02427
   0.03672
  -0.04366
   0.04406
  -0.03786
   0.02599
  -0.01022
  -0.00708
   0.02332
  -0.03607
   0.04341
  -0.04424
   0.03845
  -0.02689
   0.01131
   0.00597
  -0.02236
   0.03539
  -0.04312
   0.04439
  -0.03901
   0.02778
  -0.01239
  -0.00486
   0.02138
  -0.03469
   0.04281
  -0.04451
   0.03955
  -0.02865
   0.01347
   0.00374
  -0.02038
   0.03397
  -0.04247
   0.04461
  -0.04006
   0.02951
  -0.01453
  -0.00262
   0.01938
  -0.03323
   0.04211
  -0.04467
   0.04055
  -0.03034
   0.01559
   0.00149
  -0.01836
   0.03247
  -0.04172
   0.04471
  -0.04101
   0.03116
  -0.01664
  -0.00037
   0.01733
  -0.03169
   0.04130
  -0.04472
   0.04144
  -0.03196
   0.01768
  -0.00075
  -0.01628
   0.03088
  -0.04085
   0.04470
  -0.04185
   0.03273
  -0.01871
   0.00188
   0.01523
  -0.03006
   0.04038
  -0.04465
   0.04224
  -0.03349
   0.01972
  -0.00300
  -0.01417
   0.02922
  -0.03989
   0.04458
  -0.04259
   0.03422
  -0.02072
   0.00412
   0.01310
  -0.02836
   0.03937
  -0.04448
   0.04292
  -0.03493
   0.02171
  -0.00524
  -0.01202
   0.02748
  -0.03882
   0.04434
  -0.04322
   0.03562
  -0.02269
   0.00635
   0.01094
  -0.02659
   0.03825
  -0.04418
   0.04350
  -0.03629
   0.02365
  -0.00746
  -0.00984
   0.02567
  -0.03766
   0.04400
  -0.04374
   0.03694
  -0.02460
   0.00857
   0.00874
  -0.02474
   0.03704
  -0.04378
   0.04396
  -0.03756
   0.02553
  -0.00967
  -0.00764
   0.02380
  -0.03640
   0.04354
  -0.04416
   0.03816
  -0.02644
   0.01076
   0.00653
  -0.02284
   0.03573
  -0.04327
   0.04432
  -0.03873
   0.02734
  -0.01185
  -0.00541
   0.02187
  -0.03505
   0.04297
  -0.04446
   0.03928
  -0.02822
   0.01293
   0.00430
  -0.02088
   0.03434
  -0.04265
   0.04456
  -0.03981
   0.02908
  -0.01400
  -0.00318
   0.01988
  -0.03361
   0.04229
  -0.04464
   0.04031
  -0.02993
   0.01506
   0.00206
  -0.01887
   0.03285
  -0.04192
   0.04470
  -0.04078
   0.03075
  -0.01612
  -0.00093
   0.01784
  -0.03208
   0.04151
  -0.04472
   0.04123
  -0.03156
   0.01716
  -0.00019
  -0.01681
   0.03129
  -0.04108
   0.04472
  -0.04165
   0.03235
  -0.01819
   0.00132
   0.01576
  -0.03047
   0.04062
  -0.04468
   0.04205
  -0.03311
   0.01921
  -0.00244
  -0.01470
   0.02964
  -0.04014
   0.04462
  -0.04242
   0.03386
  -0.02022
   0.00356
   0.01364
  -0.02879
   0.03963
  -0.04453
   0.04276
  -0.03458
   0.02122
  -0.00468
  -0.01256
   0.02792
  -0.03910
   0.04441
  -0.04308
   0.03528
  -0.02220
   0.00580
   0.01148
  -0.02704
   0.03854
  -0.04427
   0.04336
  -0.03596
   0.02317
  -0.00691
  -0.01039
   0.02613
  -0.03796
   0.04409
  -0.04362
   0.03662
  -0.02412
   0.00802
   0.00929
  -0.02521
   0.03735
  -0.04389
   0.04386
  -0.03725
   0.02506
  -0.00912
  -0.00819
   0.02427
  -0.03672
   0.04366
  -0.04406
   0.03786
  -0.02599
   0.01022
   0.00708
  -0.02332
   0.03607
  -0.04341
   0.04424
  -0.03845
   0.02689
  -0.01131
  -0.00597
   0.02236
  -0.03539
   0.04312
  -0.04439
   0.03901
  -0.02778
   0.01239
   0.00486
  -0.02138
   0.03469
  -0.04281
   0.04451
  -0.03955
   0.02865
  -0.01347
  -0.00374
   0.02038
  -0.03397
   0.04247
  -0.04461
   0.04006
  -0.02951
   0.01453
   0.00262
  -0.01938
   0.03323
  -0.04211
   0.04467
