   0.04355
  -0.00433
  -0.04077
   0.03050
   0.02119
  -0.04410
   0.00711
   0.03953
  -0.03249
  -0.01868
   0.04448
  -0.00987
  -0.03814
   0.03436
   0.01609
  -0.04468
   0.01259
   0.03660
  -0.03608
  -0.01344
   0.04471
  -0.01526
  -0.03492
   0.03767
   0.01073
  -0.04456
   0.01787
   0.03309
  -0.03911
  -0.00799
   0.04424
  -0.02041
  -0.03114
   0.04040
   0.00521
  -0.04374
   0.02287
   0.02906
  -0.04152
  -0.00241
   0.04307
  -0.02524
  -0.02687
   0.04248
  -0.00040
  -0.04223
   0.02750
   0.02457
  -0.04328
   0.00321
   0.04122
  -0.02966
  -0.02218
   0.04390
  -0.00600
  -0.04005
   0.03171
   0.01969
  -0.04435
   0.00877
   0.03872
  -0.03362
  -0.01713
   0.04462
  -0.01151
  -0.03724
   0.03541
   0.01451
  -0.04472
   0.01420
   0.03561
  -0.03706
  -0.01182
   0.04464
  -0.01683
  -0.03384
   0.03855
   0.00909
  -0.04439
   0.01940
   0.03193
  -0.03990
  -0.00632
   0.04396
  -0.02189
  -0.02991
   0.04109
   0.00353
  -0.04336
   0.02430
   0.02776
  -0.04212
  -0.00072
   0.04258
  -0.02661
  -0.02550
   0.04298
  -0.00209
  -0.04164
   0.02881
   0.02315
  -0.04367
   0.00489
   0.04053
  -0.03090
  -0.02070
   0.04419
  -0.00767
  -0.03927
   0.03287
   0.01817
  -0.04453
   0.01042
   0.03785
  -0.03471
  -0.01556
   0.04470
  -0.01313
  -0.03628
   0.03641
   0.01290
  -0.04470
   0.01579
   0.03456
  -0.03797
  -0.01019
   0.04451
  -0.01838
  -0.03271
   0.03938
   0.00743
  -0.04415
   0.02091
   0.03073
  -0.04063
  -0.00465
   0.04362
  -0.02335
  -0.02863
   0.04173
   0.00185
  -0.04291
   0.02570
   0.02642
  -0.04265
   0.00096
   0.04204
  -0.02795
  -0.02410
   0.04341
  -0.00377
  -0.04100
   0.03008
   0.02169
  -0.04400
   0.00656
   0.03979
  -0.03210
  -0.01919
   0.04442
  -0.00932
  -0.03843
   0.03399
   0.01661
  -0.04466
   0.01205
   0.03692
  -0.03575
  -0.01397
   0.04472
  -0.01473
  -0.03526
   0.03737
   0.01128
  -0.04461
   0.01735
   0.03347
  -0.03884
  -0.00854
   0.04432
  -0.01991
  -0.03154
   0.04015
   0.00577
  -0.04385
   0.02238
   0.02949
  -0.04131
  -0.00297
   0.04322
  -0.02477
  -0.02732
   0.04230
   0.00016
  -0.04241
   0.02706
   0.02504
  -0.04313
   0.00265
   0.04143
  -0.02924
  -0.02266
   0.04379
  -0.00544
  -0.04029
   0.03131
   0.02020
  -0.04427
   0.00822
   0.03900
  -0.03325
  -0.01765
   0.04458
  -0.01096
  -0.03754
   0.03506
   0.01504
  -0.04472
   0.01367
   0.03594
  -0.03674
  -0.01236
   0.04467
  -0.01631
  -0.03420
   0.03827
   0.00964
  -0.04445
   0.01889
   0.03233
  -0.03964
  -0.00688
   0.04406
  -0.02140
  -0.03032
   0.04087
   0.00409
  -0.04349
   0.02383
   0.02820
  -0.04193
  -0.00129
   0.04275
  -0.02616
  -0.02596
   0.04282
  -0.00152
  -0.04184
   0.02838
   0.02362
  -0.04355
   0.00433
   0.04077
  -0.03050
  -0.02119
   0.04410
  -0.00711
  -0.03953
   0.03249
   0.01868
  -0.04448
   0.00987
   0.03814
  -0.03436
  -0.01609
   0.04468
  -0.01259
  -0.03660
   0.03608
   0.01344
  -0.04471
   0.01526
   0.03492
  -0.03767
  -0.01073
   0.04456
  -0.01787
  -0.03309
   0.03911
   0.00799
  -0.04424
   0.02041
   0.03114
  -0.04040
  -0.00521
   0.04374
  -0.02287
  -0.02906
   0.04152
   0.00241
  -0.04307
   0.02524
   0.02687
  -0.04248
   0.00040
   0.04223
  -0.02750
  -0.02457
   0.04328
  -0.00321
  -0.04122
   0.02966
   0.02218
  -0.04390
   0.00600
   0.04005
  -0.03171
  -0.01969
   0.04435
  -0.00877
  -0.03872
   0.03362
   0.01713
  -0.04462
   0.01151
   0.03724
  -0.03541
  -0.01451
   0.04472
  -0.01420
  -0.03561
   0.03706
   0.01182
  -0.04464
   0.01683
   0.03384
  -0.03855
  -0.00909
   0.04439
  -0.01940
  -0.03193
   0.03990
   0.00632
  -0.04396
   0.02189
   0.02991
  -0.04109
  -0.00353
   0.04336
  -0.02430
  -0.02776
   0.04212
   0.00072
  -0.04258
   0.02661
   0.02550
  -0.04298
   0.00209
   0.04164
  -0.02881
  -0.02315
   0.04367
  -0.00489
  -0.04053
   0.03090
   0.02070
  -0.04419
   0.00767
   0.03927
  -0.03287
  -0.01817
   0.04453
  -0.01042
  -0.03785
   0.03471
   0.01556
  -0.04470
   0.01313
   0.03628
  -0.03641
  -0.01290
   0.04470
  -0.01579
  -0.03456
   0.03797
   0.01019
  -0.04451
   0.01838
   0.03271
  -0.03938
  -0.00743
   0.04415
  -0.02091
  -0.03073
   0.04063
   0.00465
  -0.04362
   0.02335
   0.02863
  -0.04173
  -0.00185
   0.04291
  -0.02570
  -0.02642
   0.04265
  -0.00096
  -0.04204
   0.02795
   0.02410
  -0.04341
   0.00377
   0.04100
  -0.03008
  -0.02169
   0.04400
  -0.00656
  -0.03979
   0.03210
   0.01919
  -0.04442
   0.00932
   0.03843
  -0.03399
  -0.01661
   0.04466
  -0.01205
  -0.03692
   0.03575
   0.01397
  -0.04472
   0.01473
   0.03526
  -0.03737
  -0.01128
   0.04461
  -0.01735
  -0.03347
   0.03884
   0.00854
  -0.04432
   0.01991
   0.03154
  -0.04015
  -0.00577
   0.04385
  -0.02238
  -0.02949
   0.04131
   0.00297
  -0.04322
   0.02477
   0.02732
  -0.04230
  -0.00016
   0.04241
  -0.02706
  -0.02504
   0.04313
  -0.00265
  -0.04143
   0.02924
   0.02266
  -0.04379
   0.00544
   0.04029
  -0.03131
  -0.02020
   0.04427
  -0.00822
  -0.03900
   0.03325
   0.01765
  -0.04458
   0.01096
   0.03754
  -0.03506
  -0.01504
   0.04472
  -0.01367
  -0.03594
   0.03674
   0.01236
  -0.04467
   0.01631
   0.03420
  -0.03827
  -0.00964
   0.04445
  -0.01889
  -0.03233
   0.03964
   0.00688
  -0.04406
   0.02140
   0.03032
  -0.04087
  -0.00409
   0.04349
  -0.02383
  -0.02820
   0.04193
   0.00129
  -0.04275
   0.02616
   0.02596
  -0.04282
   0.00152
   0.04184
  -0.02838
  -0.02362
   0.04355
  -0.00433
  -0.04077
   0.03050
   0.02119
  -0.04410
   0.00711
   0.03953
  -0.03249
  -0.01868
   0.04448
  -0.00987
  -0.03814
   0.03436
   0.01609
  -0.04468
   0.01259
   0.03660
  -0.03608
  -0.01344
   0.04471
  -0.01526
  -0.03492
   0.03767
   0.01073
  -0.04456
   0.01787
   0.03309
  -0.03911
  -0.00799
   0.04424
  -0.02041
  -0.03114
   0.04040
   0.00521
  -0.04374
   0.02287
   0.02906
  -0.04152
  -0.00241
   0.04307
  -0.02524
  -0.02687
   0.04248
  -0.00040
  -0.04223
   0.02750
   0.02457
  -0.04328
   0.00321
   0.04122
  -0.02966
  -0.02218
   0.04390
  -0.00600
  -0.04005
   0.03171
   0.01969
  -0.04435
   0.00877
   0.03872
  -0.03362
  -0.01713
   0.04462
  -0.01151
  -0.03724
   0.03541
   0.01451
  -0.04472
   0.01420
   0.03561
  -0.03706
  -0.01182
   0.04464
  -0.01683
  -0.03384
   0.03855
   0.00909
  -0.04439
   0.01940
   0.03193
  -0.03990
  -0.00632
   0.04396
  -0.02189
  -0.02991
   0.04109
   0.00353
  -0.04336
   0.02430
   0.02776
  -0.04212
  -0.00072
   0.04258
  -0.02661
  -0.02550
   0.04298
  -0.00209
  -0.04164
   0.02881
   0.02315
  -0.04367
   0.00489
   0.04053
  -0.03090
  -0.02070
   0.04419
  -0.00767
  -0.03927
   0.03287
   0.01817
  -0.04453
   0.01042
   0.03785
  -0.03471
  -0.01556
   0.04470
  -0.01313
  -0.03628
   0.03641
   0.01290
  -0.04470
   0.01579
   0.03456
  -0.03797
  -0.01019
   0.04451
  -0.01838
  -0.03271
   0.03938
   0.00743
  -0.04415
   0.02091
   0.03073
  -0.04063
  -0.00465
   0.04362
  -0.02335
  -0.02863
   0.04173
   0.00185
  -0.04291
   0.02570
   0.02642
  -0.04265
   0.00096
   0.04204
  -0.02795
  -0.02410
   0.04341
  -0.00377
  -0.04100
   0.03008
   0.02169
  -0.04400
   0.00656
   0.03979
  -0.03210
  -0.01919
   0.04442
  -0.00932
  -0.03843
   0.03399
   0.01661
  -0.04466
   0.01205
   0.03692
  -0.03575
  -0.01397
   0.04472
  -0.01473
  -0.03526
   0.03737
   0.01128
  -0.04461
   0.01735
   0.03347
  -0.03884
  -0.00854
   0.04432
  -0.01991
  -0.03154
   0.04015
   0.00577
  -0.04385
   0.02238
   0.02949
  -0.04131
  -0.00297
   0.04322
  -0.02477
  -0.02732
   0.04230
   0.00016
  -0.04241
   0.02706
   0.02504
  -0.04313
   0.00265
   0.04143
  -0.02924
  -0.02266
   0.04379
  -0.00544
  -0.04029
   0.03131
   0.02020
  -0.04427
   0.00822
   0.03900
  -0.03325
  -0.01765
   0.04458
  -0.01096
  -0.03754
   0.03506
   0.01504
  -0.04472
   0.01367
   0.03594
  -0.03674
  -0.01236
   0.04467
  -0.01631
  -0.03420
   0.03827
   0.00964
  -0.04445
   0.01889
   0.03233
  -0.03964
  -0.00688
   0.04406
  -0.02140
  -0.03032
   0.04087
   0.00409
  -0.04349
   0.02383
   0.02820
  -0.04193
  -0.00129
   0.04275
  -0.02616
  -0.02596
   0.04282
  -0.00152
  -0.04184
   0.02838
   0.02362
  -0.04355
   0.00433
   0.04077
  -0.03050
  -0.02119
   0.04410
  -0.00711
  -0.03953
   0.03249
   0.01868
  -0.04448
   0.00987
   0.03814
  -0.03436
  -0.01609
   0.04468
  -0.01259
  -0.03660
   0.03608
   0.01344
  -0.04471
   0.01526
   0.03492
  -0.03767
  -0.01073
   0.04456
  -0.01787
  -0.03309
   0.03911
   0.00799
  -0.04424
   0.02041
   0.03114
  -0.04040
  -0.00521
   0.04374
  -0.02287
  -0.02906
   0.04152
   0.00241
  -0.04307
   0.02524
   0.02687
  -0.04248
   0.00040
   0.04223
  -0.02750
  -0.02457
   0.04328
  -0.00321
  -0.04122
   0.02966
   0.02218
  -0.04390
   0.00600
   0.04005
  -0.03171
  -0.01969
   0.04435
  -0.00877
  -0.03872
   0.03362
   0.01713
  -0.04462
   0.01151
   0.03724
  -0.03541
  -0.01451
   0.04472
  -0.01420
  -0.03561
   0.03706
   0.01182
  -0.04464
   0.01683
   0.03384
  -0.03855
  -0.00909
   0.04439
  -0.01940
  -0.03193
   0.03990
   0.00632
  -0.04396
   0.02189
   0.02991
  -0.04109
  -0.00353
   0.04336
  -0.02430
  -0.02776
   0.04212
   0.00072
  -0.04258
   0.02661
   0.02550
  -0.04298
   0.00209
   0.04164
  -0.02881
  -0.02315
   0.04367
  -0.00489
  -0.04053
   0.03090
   0.02070
  -0.04419
   0.00767
   0.03927
  -0.03287
  -0.01817
   0.04453
  -0.01042
  -0.03785
   0.03471
   0.01556
  -0.04470
   0.01313
   0.03628
  -0.03641
  -0.01290
   0.04470
  -0.01579
  -0.03456
   0.03797
   0.01019
  -0.04451
   0.01838
   0.03271
  -0.03938
  -0.00743
   0.04415
  -0.02091
  -0.03073
   0.04063
   0.00465
  -0.04362
   0.02335
   0.02863
  -0.04173
  -0.00185
   0.04291
  -0.02570
  -0.02642
   0.04265
  -0.00096
  -0.04204
   0.02795
   0.02410
  -0.04341
   0.00377
   0.04100
  -0.03008
  -0.02169
   0.04400
  -0.00656
  -0.03979
   0.03210
   0.01919
  -0.04442
   0.00932
   0.03843
  -0.03399
  -0.01661
   0.04466
  -0.01205
  -0.03692
   0.03575
   0.01397
  -0.04472
   0.01473
   0.03526
  -0.03737
  -0.01128
   0.04461
  -0.01735
  -0.03347
   0.03884
   0.00854
  -0.04432
   0.01991
   0.03154
  -0.04015
  -0.00577
   0.04385
  -0.02238
  -0.02949
   0.04131
   0.00297
  -0.04322
   0.02477
   0.02732
  -0.04230
  -0.00016
   0.04241
  -0.02706
  -0.02504
   0.04313
  -0.00265
  -0.04143
   0.02924
   0.02266
  -0.04379
   0.00544
   0.04029
  -0.03131
  -0.02020
   0.04427
  -0.00822
  -0.03900
   0.03325
   0.01765
  -0.04458
   0.01096
   0.03754
  -0.03506
  -0.01504
   0.04472
  -0.01367
  -0.03594
   0.03674
   0.01236
  -0.04467
   0.01631
   0.03420
  -0.03827
  -0.00964
   0.04445
  -0.01889
  -0.03233
   0.03964
   0.00688
  -0.04406
   0.02140
   0.03032
  -0.04087
  -0.00409
   0.04349
  -0.02383
  -0.02820
   0.04193
   0.00129
  -0.04275
   0.02616
   0.02596
  -0.04282
   0.00152
   0.04184
  -0.02838
  -0.02362
