   0.00986
   0.03954
  -0.03049
  -0.02363
   0.04282
   0.00129
  -0.04349
   0.02139
   0.03233
  -0.03826
  -0.01237
   0.04472
  -0.01096
  -0.03900
   0.03130
   0.02267
  -0.04313
  -0.00017
   0.04322
  -0.02238
  -0.03154
   0.03883
   0.01129
  -0.04472
   0.01204
   0.03844
  -0.03209
  -0.02169
   0.04341
  -0.00095
  -0.04291
   0.02334
   0.03074
  -0.03938
  -0.01020
   0.04470
  -0.01312
  -0.03785
   0.03287
   0.02070
  -0.04367
   0.00208
   0.04258
  -0.02429
  -0.02991
   0.03990
   0.00910
  -0.04464
   0.01419
   0.03724
  -0.03362
  -0.01970
   0.04390
  -0.00320
  -0.04223
   0.02523
   0.02907
  -0.04039
  -0.00800
   0.04456
  -0.01525
  -0.03661
   0.03435
   0.01869
  -0.04410
   0.00432
   0.04184
  -0.02615
  -0.02820
   0.04086
   0.00689
  -0.04445
   0.01630
   0.03595
  -0.03506
  -0.01766
   0.04427
  -0.00544
  -0.04144
   0.02705
   0.02732
  -0.04131
  -0.00577
   0.04432
  -0.01735
  -0.03527
   0.03574
   0.01662
  -0.04442
   0.00655
   0.04100
  -0.02794
  -0.02642
   0.04172
   0.00466
  -0.04415
   0.01838
   0.03457
  -0.03641
  -0.01557
   0.04453
  -0.00766
  -0.04054
   0.02881
   0.02551
  -0.04211
  -0.00354
   0.04396
  -0.01939
  -0.03384
   0.03705
   0.01451
  -0.04462
   0.00876
   0.04005
  -0.02966
  -0.02458
   0.04248
   0.00242
  -0.04374
   0.02040
   0.03310
  -0.03767
  -0.01345
   0.04468
  -0.00986
  -0.03954
   0.03049
   0.02363
  -0.04282
  -0.00129
   0.04349
  -0.02139
  -0.03233
   0.03826
   0.01237
  -0.04472
   0.01096
   0.03900
  -0.03130
  -0.02267
   0.04313
   0.00017
  -0.04322
   0.02238
   0.03154
  -0.03883
  -0.01129
   0.04472
  -0.01204
  -0.03844
   0.03209
   0.02169
  -0.04341
   0.00095
   0.04291
  -0.02334
  -0.03074
   0.03938
   0.01020
  -0.04470
   0.01312
   0.03785
  -0.03287
  -0.02070
   0.04367
  -0.00208
  -0.04258
   0.02429
   0.02991
  -0.03990
  -0.00910
   0.04464
  -0.01419
  -0.03724
   0.03362
   0.01970
  -0.04390
   0.00320
   0.04223
  -0.02523
  -0.02907
   0.04039
   0.00800
  -0.04456
   0.01525
   0.03661
  -0.03435
  -0.01869
   0.04410
  -0.00432
  -0.04184
   0.02615
   0.02820
  -0.04086
  -0.00689
   0.04445
  -0.01630
  -0.03595
   0.03506
   0.01766
  -0.04427
   0.00544
   0.04144
  -0.02705
  -0.02732
   0.04131
   0.00577
  -0.04432
   0.01735
   0.03527
  -0.03574
  -0.01662
   0.04442
  -0.00655
  -0.04100
   0.02794
   0.02642
  -0.04172
  -0.00466
   0.04415
  -0.01838
  -0.03457
   0.03641
   0.01557
  -0.04453
   0.00766
   0.04054
  -0.02881
  -0.02551
   0.04211
   0.00354
  -0.04396
   0.01939
   0.03384
  -0.03705
  -0.01451
   0.04462
  -0.00876
  -0.04005
   0.02966
   0.02458
  -0.04248
  -0.00242
   0.04374
  -0.02040
  -0.03310
   0.03767
   0.01345
  -0.04468
   0.00986
   0.03954
  -0.03049
  -0.02363
   0.04282
   0.00129
  -0.04349
   0.02139
   0.03233
  -0.03826
  -0.01237
   0.04472
  -0.01096
  -0.03900
   0.03130
   0.02267
  -0.04313
  -0.00017
   0.04322
  -0.02238
  -0.03154
   0.03883
   0.01129
  -0.04472
   0.01204
   0.03844
  -0.03209
  -0.02169
   0.04341
  -0.00095
  -0.04291
   0.02334
   0.03074
  -0.03938
  -0.01020
   0.04470
  -0.01312
  -0.03785
   0.03287
   0.02070
  -0.04367
   0.00208
   0.04258
  -0.02429
  -0.02991
   0.03990
   0.00910
  -0.04464
   0.01419
   0.03724
  -0.03362
  -0.01970
   0.04390
  -0.00320
  -0.04223
   0.02523
   0.02907
  -0.04039
  -0.00800
   0.04456
  -0.01525
  -0.03661
   0.03435
   0.01869
  -0.04410
   0.00432
   0.04184
  -0.02615
  -0.02820
   0.04086
   0.00689
  -0.04445
   0.01630
   0.03595
  -0.03506
  -0.01766
   0.04427
  -0.00544
  -0.04144
   0.02705
   0.02732
  -0.04131
  -0.00577
   0.04432
  -0.01735
  -0.03527
   0.03574
   0.01662
  -0.04442
   0.00655
   0.04100
  -0.02794
  -0.02642
   0.04172
   0.00466
  -0.04415
   0.01838
   0.03457
  -0.03641
  -0.01557
   0.04453
  -0.00766
  -0.04054
   0.02881
   0.02551
  -0.04211
  -0.00354
   0.04396
  -0.01939
  -0.03384
   0.03705
   0.01451
  -0.04462
   0.00876
   0.04005
  -0.02966
  -0.02458
   0.04248
   0.00242
  -0.04374
   0.02040
   0.03310
  -0.03767
  -0.01345
   0.04468
  -0.00986
  -0.03954
   0.03049
   0.02363
  -0.04282
  -0.00129
   0.04349
  -0.02139
  -0.03233
   0.03826
   0.01237
  -0.04472
   0.01096
   0.03900
  -0.03130
  -0.02267
   0.04313
   0.00017
  -0.04322
   0.02238
   0.03154
  -0.03883
  -0.01129
   0.04472
  -0.01204
  -0.03844
   0.03209
   0.02169
  -0.04341
   0.00095
   0.04291
  -0.02334
  -0.03074
   0.03938
   0.01020
  -0.04470
   0.01312
   0.03785
  -0.03287
  -0.02070
   0.04367
  -0.00208
  -0.04258
   0.02429
   0.02991
  -0.03990
  -0.00910
   0.04464
  -0.01419
  -0.03724
   0.03362
   0.01970
  -0.04390
   0.00320
   0.04223
  -0.02523
  -0.02907
   0.04039
   0.00800
  -0.04456
   0.01525
   0.03661
  -0.03435
  -0.01869
   0.04410
  -0.00432
  -0.04184
   0.02615
   0.02820
  -0.04086
  -0.00689
   0.04445
  -0.01630
  -0.03595
   0.03506
   0.01766
  -0.04427
   0.00544
   0.04144
  -0.02705
  -0.02732
   0.04131
   0.00577
  -0.04432
   0.01735
   0.03527
  -0.03574
  -0.01662
   0.04442
  -0.00655
  -0.04100
   0.02794
   0.02642
  -0.04172
  -0.00466
   0.04415
  -0.01838
  -0.03457
   0.03641
   0.01557
  -0.04453
   0.00766
   0.04054
  -0.02881
  -0.02551
   0.04211
   0.00354
  -0.04396
   0.01939
   0.03384
  -0.03705
  -0.01451
   0.04462
  -0.00876
  -0.04005
   0.02966
   0.02458
  -0.04248
  -0.00242
   0.04374
  -0.02040
  -0.03310
   0.03767
   0.01345
  -0.04468
   0.00986
   0.03954
  -0.03049
  -0.02363
   0.04282
   0.00129
  -0.04349
   0.02139
   0.03233
  -0.03826
  -0.01237
   0.04472
  -0.01096
  -0.03900
   0.03130
   0.02267
  -0.04313
  -0.00017
   0.04322
  -0.02238
  -0.03154
   0.03883
   0.01129
  -0.04472
   0.01204
   0.03844
  -0.03209
  -0.02169
   0.04341
  -0.00095
  -0.04291
   0.02334
   0.03074
  -0.03938
  -0.01020
   0.04470
  -0.01312
  -0.03785
   0.03287
   0.02070
  -0.04367
   0.00208
   0.04258
  -0.02429
  -0.02991
   0.03990
   0.00910
  -0.04464
   0.01419
   0.03724
  -0.03362
  -0.01970
   0.04390
  -0.00320
  -0.04223
   0.02523
   0.02907
  -0.04039
  -0.00800
   0.04456
  -0.01525
  -0.03661
   0.03435
   0.01869
  -0.04410
   0.00432
   0.04184
  -0.02615
  -0.02820
   0.04086
   0.00689
  -0.04445
   0.01630
   0.03595
  -0.03506
  -0.01766
   0.04427
  -0.00544
  -0.04144
   0.02705
   0.02732
  -0.04131
  -0.00577
   0.04432
  -0.01735
  -0.03527
   0.03574
   0.01662
  -0.04442
   0.00655
   0.04100
  -0.02794
  -0.02642
   0.04172
   0.00466
  -0.04415
   0.01838
   0.03457
  -0.03641
  -0.01557
   0.04453
  -0.00766
  -0.04054
   0.02881
   0.02551
  -0.04211
  -0.00354
   0.04396
  -0.01939
  -0.03384
   0.03705
   0.01451
  -0.04462
   0.00876
   0.04005
  -0.02966
  -0.02458
   0.04248
   0.00242
  -0.04374
   0.02040
   0.03310
  -0.03767
  -0.01345
   0.04468
  -0.00986
  -0.03954
   0.03049
   0.02363
  -0.04282
  -0.00129
   0.04349
  -0.02139
  -0.03233
   0.03826
   0.01237
  -0.04472
   0.01096
   0.03900
  -0.03130
  -0.02267
   0.04313
   0.00017
  -0.04322
   0.02238
   0.03154
  -0.03883
  -0.01129
   0.04472
  -0.01204
  -0.03844
   0.03209
   0.02169
  -0.04341
   0.00095
   0.04291
  -0.02334
  -0.03074
   0.03938
   0.01020
  -0.04470
   0.01312
   0.03785
  -0.03287
  -0.02070
   0.04367
  -0.00208
  -0.04258
   0.02429
   0.02991
  -0.03990
  -0.00910
   0.04464
  -0.01419
  -0.03724
   0.03362
   0.01970
  -0.04390
   0.00320
   0.04223
  -0.02523
  -0.02907
   0.04039
   0.00800
  -0.04456
   0.01525
   0.03661
  -0.03435
  -0.01869
   0.04410
  -0.00432
  -0.04184
   0.02615
   0.02820
  -0.04086
  -0.00689
   0.04445
  -0.01630
  -0.03595
   0.03506
   0.01766
  -0.04427
   0.00544
   0.04144
  -0.02705
  -0.02732
   0.04131
   0.00577
  -0.04432
   0.01735
   0.03527
  -0.03574
  -0.01662
   0.04442
  -0.00655
  -0.04100
   0.02794
   0.02642
  -0.04172
  -0.00466
   0.04415
  -0.01838
  -0.03457
   0.03641
   0.01557
  -0.04453
   0.00766
   0.04054
  -0.02881
  -0.02551
   0.04211
   0.00354
  -0.04396
   0.01939
   0.03384
  -0.03705
  -0.01451
   0.04462
  -0.00876
  -0.04005
   0.02966
   0.02458
  -0.04248
  -0.00242
   0.04374
  -0.02040
  -0.03310
   0.03767
   0.01345
  -0.04468
   0.00986
   0.03954
  -0.03049
  -0.02363
   0.04282
   0.00129
  -0.04349
   0.02139
   0.03233
  -0.03826
  -0.01237
   0.04472
  -0.01096
  -0.03900
   0.03130
   0.02267
  -0.04313
  -0.00017
   0.04322
  -0.02238
  -0.03154
   0.03883
   0.01129
  -0.04472
   0.01204
   0.03844
  -0.03209
  -0.02169
   0.04341
  -0.00095
  -0.04291
   0.02334
   0.03074
  -0.03938
  -0.01020
   0.04470
  -0.01312
  -0.03785
   0.03287
   0.02070
  -0.04367
   0.00208
   0.04258
  -0.02429
  -0.02991
   0.03990
   0.00910
  -0.04464
   0.01419
   0.03724
  -0.03362
  -0.01970
   0.04390
  -0.00320
  -0.04223
   0.02523
   0.02907
  -0.04039
  -0.00800
   0.04456
  -0.01525
  -0.03661
   0.03435
   0.01869
  -0.04410
   0.00432
   0.04184
  -0.02615
  -0.02820
   0.04086
   0.00689
  -0.04445
   0.01630
   0.03595
  -0.03506
  -0.01766
   0.04427
  -0.00544
  -0.04144
   0.02705
   0.02732
  -0.04131
  -0.00577
   0.04432
  -0.01735
  -0.03527
   0.03574
   0.01662
  -0.04442
   0.00655
   0.04100
  -0.02794
  -0.02642
   0.04172
   0.00466
  -0.04415
   0.01838
   0.03457
  -0.03641
  -0.01557
   0.04453
  -0.00766
  -0.04054
   0.02881
   0.02551
  -0.04211
  -0.00354
   0.04396
  -0.01939
  -0.03384
   0.03705
   0.01451
  -0.04462
   0.00876
   0.04005
  -0.02966
  -0.02458
   0.04248
   0.00242
  -0.04374
   0.02040
   0.03310
  -0.03767
  -0.01345
   0.04468
  -0.00986
  -0.03954
   0.03049
   0.02363
  -0.04282
  -0.00129
   0.04349
  -0.02139
  -0.03233
   0.03826
   0.01237
  -0.04472
   0.01096
   0.03900
  -0.03130
  -0.02267
   0.04313
   0.00017
  -0.04322
   0.02238
   0.03154
  -0.03883
  -0.01129
   0.04472
  -0.01204
  -0.03844
   0.03209
   0.02169
  -0.04341
   0.00095
   0.04291
  -0.02334
  -0.03074
   0.03938
   0.01020
  -0.04470
   0.01312
   0.03785
  -0.03287
  -0.02070
   0.04367
  -0.00208
  -0.04258
   0.02429
   0.02991
  -0.03990
  -0.00910
   0.04464
  -0.01419
  -0.03724
   0.03362
   0.01970
  -0.04390
   0.00320
   0.04223
  -0.02523
  -0.02907
   0.04039
   0.00800
  -0.04456
   0.01525
   0.03661
  -0.03435
  -0.01869
   0.04410
  -0.00432
  -0.04184
   0.02615
   0.02820
  -0.04086
  -0.00689
   0.04445
  -0.01630
  -0.03595
   0.03506
   0.01766
  -0.04427
   0.00544
   0.04144
  -0.02705
  -0.02732
   0.04131
   0.00577
  -0.04432
   0.01735
   0.03527
  -0.03574
  -0.01662
   0.04442
  -0.00655
  -0.04100
   0.02794
   0.02642
  -0.04172
  -0.00466
   0.04415
  -0.01838
  -0.03457
   0.03641
   0.01557
  -0.04453
   0.00766
   0.04054
  -0.02881
  -0.02551
   0.04211
   0.00354
  -0.04396
   0.01939
   0.03384
  -0.03705
  -0.01451
   0.04462
  -0.00876
  -0.04005
   0.02966
   0.02458
  -0.04248
  -0.00242
   0.04374
  -0.02040
  -0.03310
   0.03767
   0.01345
  -0.04468
