   0.00319
  -0.00737
   0.01149
  -0.01551
   0.01939
  -0.02309
   0.02659
  -0.02986
   0.03286
  -0.03557
   0.03796
  -0.04002
   0.04172
  -0.04305
   0.04400
  -0.04456
   0.04472
  -0.04449
   0.04386
  -0.04284
   0.04144
  -0.03967
   0.03755
  -0.03510
   0.03234
  -0.02929
   0.02598
  -0.02244
   0.01870
  -0.01479
   0.01075
  -0.00662
   0.00243
   0.00179
  -0.00598
   0.01013
  -0.01418
   0.01811
  -0.02188
   0.02545
  -0.02880
   0.03189
  -0.03470
   0.03720
  -0.03937
   0.04119
  -0.04265
   0.04373
  -0.04441
   0.04471
  -0.04461
   0.04411
  -0.04322
   0.04195
  -0.04030
   0.03830
  -0.03596
   0.03329
  -0.03034
   0.02711
  -0.02364
   0.01996
  -0.01611
   0.01211
  -0.00801
   0.00383
   0.00038
  -0.00459
   0.00875
  -0.01284
   0.01682
  -0.02064
   0.02428
  -0.02771
   0.03089
  -0.03380
   0.03640
  -0.03869
   0.04063
  -0.04220
   0.04341
  -0.04423
   0.04466
  -0.04469
   0.04432
  -0.04356
   0.04241
  -0.04089
   0.03900
  -0.03677
   0.03421
  -0.03135
   0.02821
  -0.02482
   0.02121
  -0.01741
   0.01346
  -0.00938
   0.00523
  -0.00102
  -0.00319
   0.00737
  -0.01149
   0.01551
  -0.01939
   0.02309
  -0.02659
   0.02986
  -0.03286
   0.03557
  -0.03796
   0.04002
  -0.04172
   0.04305
  -0.04400
   0.04456
  -0.04472
   0.04449
  -0.04386
   0.04284
  -0.04144
   0.03967
  -0.03755
   0.03510
  -0.03234
   0.02929
  -0.02598
   0.02244
  -0.01870
   0.01479
  -0.01075
   0.00662
  -0.00243
  -0.00179
   0.00598
  -0.01013
   0.01418
  -0.01811
   0.02188
  -0.02545
   0.02880
  -0.03189
   0.03470
  -0.03720
   0.03937
  -0.04119
   0.04265
  -0.04373
   0.04441
  -0.04471
   0.04461
  -0.04411
   0.04322
  -0.04195
   0.04030
  -0.03830
   0.03596
  -0.03329
   0.03034
  -0.02711
   0.02364
  -0.01996
   0.01611
  -0.01211
   0.00801
  -0.00383
  -0.00038
   0.00459
  -0.00875
   0.01284
  -0.01682
   0.02064
  -0.02428
   0.02771
  -0.03089
   0.03380
  -0.03640
   0.03869
  -0.04063
   0.04220
  -0.04341
   0.04423
  -0.04466
   0.04469
  -0.04432
   0.04356
  -0.04241
   0.04089
  -0.03900
   0.03677
  -0.03421
   0.03135
  -0.02821
   0.02482
  -0.02121
   0.01741
  -0.01346
   0.00938
  -0.00523
   0.00102
   0.00319
  -0.00737
   0.01149
  -0.01551
   0.01939
  -0.02309
   0.02659
  -0.02986
   0.03286
  -0.03557
   0.03796
  -0.04002
   0.04172
  -0.04305
   0.04400
  -0.04456
   0.04472
  -0.04449
   0.04386
  -0.04284
   0.04144
  -0.03967
   0.03755
  -0.03510
   0.03234
  -0.02929
   0.02598
  -0.02244
   0.01870
  -0.01479
   0.01075
  -0.00662
   0.00243
   0.00179
  -0.00598
   0.01013
  -0.01418
   0.01811
  -0.02188
   0.02545
  -0.02880
   0.03189
  -0.03470
   0.03720
  -0.03937
   0.04119
  -0.04265
   0.04373
  -0.04441
   0.04471
  -0.04461
   0.04411
  -0.04322
   0.04195
  -0.04030
   0.03830
  -0.03596
   0.03329
  -0.03034
   0.02711
  -0.02364
   0.01996
  -0.01611
   0.01211
  -0.00801
   0.00383
   0.00038
  -0.00459
   0.00875
  -0.01284
   0.01682
  -0.02064
   0.02428
  -0.02771
   0.03089
  -0.03380
   0.03640
  -0.03869
   0.04063
  -0.04220
   0.04341
  -0.04423
   0.04466
  -0.04469
   0.04432
  -0.04356
   0.04241
  -0.04089
   0.03900
  -0.03677
   0.03421
  -0.03135
   0.02821
  -0.02482
   0.02121
  -0.01741
   0.01346
  -0.00938
   0.00523
  -0.00102
  -0.00319
   0.00737
  -0.01149
   0.01551
  -0.01939
   0.02309
  -0.02659
   0.02986
  -0.03286
   0.03557
  -0.03796
   0.04002
  -0.04172
   0.04305
  -0.04400
   0.04456
  -0.04472
   0.04449
  -0.04386
   0.04284
  -0.04144
   0.03967
  -0.03755
   0.03510
  -0.03234
   0.02929
  -0.02598
   0.02244
  -0.01870
   0.01479
  -0.01075
   0.00662
  -0.00243
  -0.00179
   0.00598
  -0.01013
   0.01418
  -0.01811
   0.02188
  -0.02545
   0.02880
  -0.03189
   0.03470
  -0.03720
   0.03937
  -0.04119
   0.04265
  -0.04373
   0.04441
  -0.04471
   0.04461
  -0.04411
   0.04322
  -0.04195
   0.04030
  -0.03830
   0.03596
  -0.03329
   0.03034
  -0.02711
   0.02364
  -0.01996
   0.01611
  -0.01211
   0.00801
  -0.00383
  -0.00038
   0.00459
  -0.00875
   0.01284
  -0.01682
   0.02064
  -0.02428
   0.02771
  -0.03089
   0.03380
  -0.03640
   0.03869
  -0.04063
   0.04220
  -0.04341
   0.04423
  -0.04466
   0.04469
  -0.04432
   0.04356
  -0.04241
   0.04089
  -0.03900
   0.03677
  -0.03421
   0.03135
  -0.02821
   0.02482
  -0.02121
   0.01741
  -0.01346
   0.00938
  -0.00523
   0.00102
   0.00319
  -0.00737
   0.01149
  -0.01551
   0.01939
  -0.02309
   0.02659
  -0.02986
   0.03286
  -0.03557
   0.03796
  -0.04002
   0.04172
  -0.04305
   0.04400
  -0.04456
   0.04472
  -0.04449
   0.04386
  -0.04284
   0.04144
  -0.03967
   0.03755
  -0.03510
   0.03234
  -0.02929
   0.02598
  -0.02244
   0.01870
  -0.01479
   0.01075
  -0.00662
   0.00243
   0.00179
  -0.00598
   0.01013
  -0.01418
   0.01811
  -0.02188
   0.02545
  -0.02880
   0.03189
  -0.03470
   0.03720
  -0.03937
   0.04119
  -0.04265
   0.04373
  -0.04441
   0.04471
  -0.04461
   0.04411
  -0.04322
   0.04195
  -0.04030
   0.03830
  -0.03596
   0.03329
  -0.03034
   0.02711
  -0.02364
   0.01996
  -0.01611
   0.01211
  -0.00801
   0.00383
   0.00038
  -0.00459
   0.00875
  -0.01284
   0.01682
  -0.02064
   0.02428
  -0.02771
   0.03089
  -0.03380
   0.03640
  -0.03869
   0.04063
  -0.04220
   0.04341
  -0.04423
   0.04466
  -0.04469
   0.04432
  -0.04356
   0.04241
  -0.04089
   0.03900
  -0.03677
   0.03421
  -0.03135
   0.02821
  -0.02482
   0.02121
  -0.01741
   0.01346
  -0.00938
   0.00523
  -0.00102
  -0.00319
   0.00737
  -0.01149
   0.01551
  -0.01939
   0.02309
  -0.02659
   0.02986
  -0.03286
   0.03557
  -0.03796
   0.04002
  -0.04172
   0.04305
  -0.04400
   0.04456
  -0.04472
   0.04449
  -0.04386
   0.04284
  -0.04144
   0.03967
  -0.03755
   0.03510
  -0.03234
   0.02929
  -0.02598
   0.02244
  -0.01870
   0.01479
  -0.01075
   0.00662
  -0.00243
  -0.00179
   0.00598
  -0.01013
   0.01418
  -0.01811
   0.02188
  -0.02545
   0.02880
  -0.03189
   0.03470
  -0.03720
   0.03937
  -0.04119
   0.04265
  -0.04373
   0.04441
  -0.04471
   0.04461
  -0.04411
   0.04322
  -0.04195
   0.04030
  -0.03830
   0.03596
  -0.03329
   0.03034
  -0.02711
   0.02364
  -0.01996
   0.01611
  -0.01211
   0.00801
  -0.00383
  -0.00038
   0.00459
  -0.00875
   0.01284
  -0.01682
   0.02064
  -0.02428
   0.02771
  -0.03089
   0.03380
  -0.03640
   0.03869
  -0.04063
   0.04220
  -0.04341
   0.04423
  -0.04466
   0.04469
  -0.04432
   0.04356
  -0.04241
   0.04089
  -0.03900
   0.03677
  -0.03421
   0.03135
  -0.02821
   0.02482
  -0.02121
   0.01741
  -0.01346
   0.00938
  -0.00523
   0.00102
   0.00319
  -0.00737
   0.01149
  -0.01551
   0.01939
  -0.02309
   0.02659
  -0.02986
   0.03286
  -0.03557
   0.03796
  -0.04002
   0.04172
  -0.04305
   0.04400
  -0.04456
   0.04472
  -0.04449
   0.04386
  -0.04284
   0.04144
  -0.03967
   0.03755
  -0.03510
   0.03234
  -0.02929
   0.02598
  -0.02244
   0.01870
  -0.01479
   0.01075
  -0.00662
   0.00243
   0.00179
  -0.00598
   0.01013
  -0.01418
   0.01811
  -0.02188
   0.02545
  -0.02880
   0.03189
  -0.03470
   0.03720
  -0.03937
   0.04119
  -0.04265
   0.04373
  -0.04441
   0.04471
  -0.04461
   0.04411
  -0.04322
   0.04195
  -0.04030
   0.03830
  -0.03596
   0.03329
  -0.03034
   0.02711
  -0.02364
   0.01996
  -0.01611
   0.01211
  -0.00801
   0.00383
   0.00038
  -0.00459
   0.00875
  -0.01284
   0.01682
  -0.02064
   0.02428
  -0.02771
   0.03089
  -0.03380
   0.03640
  -0.03869
   0.04063
  -0.04220
   0.04341
  -0.04423
   0.04466
  -0.04469
   0.04432
  -0.04356
   0.04241
  -0.04089
   0.03900
  -0.03677
   0.03421
  -0.03135
   0.02821
  -0.02482
   0.02121
  -0.01741
   0.01346
  -0.00938
   0.00523
  -0.00102
  -0.00319
   0.00737
  -0.01149
   0.01551
  -0.01939
   0.02309
  -0.02659
   0.02986
  -0.03286
   0.03557
  -0.03796
   0.04002
  -0.04172
   0.04305
  -0.04400
   0.04456
  -0.04472
   0.04449
  -0.04386
   0.04284
  -0.04144
   0.03967
  -0.03755
   0.03510
  -0.03234
   0.02929
  -0.02598
   0.02244
  -0.01870
   0.01479
  -0.01075
   0.00662
  -0.00243
  -0.00179
   0.00598
  -0.01013
   0.01418
  -0.01811
   0.02188
  -0.02545
   0.02880
  -0.03189
   0.03470
  -0.03720
   0.03937
  -0.04119
   0.04265
  -0.04373
   0.04441
  -0.04471
   0.04461
  -0.04411
   0.04322
  -0.04195
   0.04030
  -0.03830
   0.03596
  -0.03329
   0.03034
  -0.02711
   0.02364
  -0.01996
   0.01611
  -0.01211
   0.00801
  -0.00383
  -0.00038
   0.00459
  -0.00875
   0.01284
  -0.01682
   0.02064
  -0.02428
   0.02771
  -0.03089
   0.03380
  -0.03640
   0.03869
  -0.04063
   0.04220
  -0.04341
   0.04423
  -0.04466
   0.04469
  -0.04432
   0.04356
  -0.04241
   0.04089
  -0.03900
   0.03677
  -0.03421
   0.03135
  -0.02821
   0.02482
  -0.02121
   0.01741
  -0.01346
   0.00938
  -0.00523
   0.00102
   0.00319
  -0.00737
   0.01149
  -0.01551
   0.01939
  -0.02309
   0.02659
  -0.02986
   0.03286
  -0.03557
   0.03796
  -0.04002
   0.04172
  -0.04305
   0.04400
  -0.04456
   0.04472
  -0.04449
   0.04386
  -0.04284
   0.04144
  -0.03967
   0.03755
  -0.03510
   0.03234
  -0.02929
   0.02598
  -0.02244
   0.01870
  -0.01479
   0.01075
  -0.00662
   0.00243
   0.00179
  -0.00598
   0.01013
  -0.01418
   0.01811
  -0.02188
   0.02545
  -0.02880
   0.03189
  -0.03470
   0.03720
  -0.03937
   0.04119
  -0.04265
   0.04373
  -0.04441
   0.04471
  -0.04461
   0.04411
  -0.04322
   0.04195
  -0.04030
   0.03830
  -0.03596
   0.03329
  -0.03034
   0.02711
  -0.02364
   0.01996
  -0.01611
   0.01211
  -0.00801
   0.00383
   0.00038
  -0.00459
   0.00875
  -0.01284
   0.01682
  -0.02064
   0.02428
  -0.02771
   0.03089
  -0.03380
   0.03640
  -0.03869
   0.04063
  -0.04220
   0.04341
  -0.04423
   0.04466
  -0.04469
   0.04432
  -0.04356
   0.04241
  -0.04089
   0.03900
  -0.03677
   0.03421
  -0.03135
   0.02821
  -0.02482
   0.02121
  -0.01741
   0.01346
  -0.00938
   0.00523
  -0.00102
  -0.00319
   0.00737
  -0.01149
   0.01551
  -0.01939
   0.02309
  -0.02659
   0.02986
  -0.03286
   0.03557
  -0.03796
   0.04002
  -0.04172
   0.04305
  -0.04400
   0.04456
  -0.04472
   0.04449
  -0.04386
   0.04284
  -0.04144
   0.03967
  -0.03755
   0.03510
  -0.03234
   0.02929
  -0.02598
   0.02244
  -0.01870
   0.01479
  -0.01075
   0.00662
  -0.00243
  -0.00179
   0.00598
  -0.01013
   0.01418
  -0.01811
   0.02188
  -0.02545
   0.02880
  -0.03189
   0.03470
  -0.03720
   0.03937
  -0.04119
   0.04265
  -0.04373
   0.04441
  -0.04471
   0.04461
  -0.04411
   0.04322
  -0.04195
   0.04030
  -0.03830
   0.03596
  -0.03329
   0.03034
  -0.02711
   0.02364
  -0.01996
   0.01611
  -0.01211
   0.00801
  -0.00383
  -0.00038
   0.00459
  -0.00875
   0.01284
  -0.01682
   0.02064
  -0.02428
   0.02771
  -0.03089
   0.03380
  -0.03640
   0.03869
  -0.04063
   0.04220
  -0.04341
   0.04423
  -0.04466
   0.04469
  -0.04432
   0.04356
  -0.04241
   0.04089
  -0.03900
   0.03677
  -0.03421
   0.03135
  -0.02821
   0.02482
  -0.02121
   0.01741
  -0.01346
   0.00938
  -0.00523
   0.00102
