  -0.03176
   0.00177
   0.03415
   0.04436
   0.02576
  -0.00956
  -0.03868
  -0.04268
  -0.01897
   0.01706
   0.04201
   0.03968
   0.01159
  -0.02403
  -0.04405
  -0.03546
  -0.00385
   0.03026
   0.04472
   0.03014
  -0.00401
  -0.03556
  -0.04402
  -0.02390
   0.01174
   0.03976
   0.04195
   0.01691
  -0.01911
  -0.04273
  -0.03860
  -0.00940
   0.02590
   0.04438
   0.03405
   0.00161
  -0.03188
  -0.04466
  -0.02844
   0.00624
   0.03687
   0.04356
   0.02197
  -0.01390
  -0.04073
  -0.04112
  -0.01481
   0.02112
   0.04334
   0.03741
   0.00719
  -0.02769
  -0.04460
  -0.03255
   0.00064
   0.03341
   0.04449
   0.02667
  -0.00846
  -0.03810
  -0.04300
  -0.01998
   0.01601
   0.04161
   0.04019
   0.01267
  -0.02308
  -0.04384
  -0.03613
  -0.00497
   0.02942
   0.04471
   0.03096
  -0.00289
  -0.03486
  -0.04420
  -0.02484
   0.01065
   0.03923
   0.04233
   0.01795
  -0.01809
  -0.04238
  -0.03915
  -0.01050
   0.02497
   0.04423
   0.03476
   0.00273
  -0.03108
  -0.04471
  -0.02930
   0.00513
   0.03623
   0.04380
   0.02294
  -0.01282
  -0.04026
  -0.04155
  -0.01586
   0.02012
   0.04305
   0.03802
   0.00830
  -0.02680
  -0.04450
  -0.03331
  -0.00048
   0.03266
   0.04459
   0.02757
  -0.00735
  -0.03750
  -0.04330
  -0.02098
   0.01496
   0.04119
   0.04067
   0.01374
  -0.02211
  -0.04360
  -0.03678
  -0.00608
   0.02857
   0.04467
   0.03176
  -0.00177
  -0.03415
  -0.04436
  -0.02576
   0.00956
   0.03868
   0.04268
   0.01897
  -0.01706
  -0.04201
  -0.03968
  -0.01159
   0.02403
   0.04405
   0.03546
   0.00385
  -0.03026
  -0.04472
  -0.03014
   0.00401
   0.03556
   0.04402
   0.02390
  -0.01174
  -0.03976
  -0.04195
  -0.01691
   0.01911
   0.04273
   0.03860
   0.00940
  -0.02590
  -0.04438
  -0.03405
  -0.00161
   0.03188
   0.04466
   0.02844
  -0.00624
  -0.03687
  -0.04356
  -0.02197
   0.01390
   0.04073
   0.04112
   0.01481
  -0.02112
  -0.04334
  -0.03741
  -0.00719
   0.02769
   0.04460
   0.03255
  -0.00064
  -0.03341
  -0.04449
  -0.02667
   0.00846
   0.03810
   0.04300
   0.01998
  -0.01601
  -0.04161
  -0.04019
  -0.01267
   0.02308
   0.04384
   0.03613
   0.00497
  -0.02942
  -0.04471
  -0.03096
   0.00289
   0.03486
   0.04420
   0.02484
  -0.01065
  -0.03923
  -0.04233
  -0.01795
   0.01809
   0.04238
   0.03915
   0.01050
  -0.02497
  -0.04423
  -0.03476
  -0.00273
   0.03108
   0.04471
   0.02930
  -0.00513
  -0.03623
  -0.04380
  -0.02294
   0.01282
   0.04026
   0.04155
   0.01586
  -0.02012
  -0.04305
  -0.03802
  -0.00830
   0.02680
   0.04450
   0.03331
   0.00048
  -0.03266
  -0.04459
  -0.02757
   0.00735
   0.03750
   0.04330
   0.02098
  -0.01496
  -0.04119
  -0.04067
  -0.01374
   0.02211
   0.04360
   0.03678
   0.00608
  -0.02857
  -0.04467
  -0.03176
   0.00177
   0.03415
   0.04436
   0.02576
  -0.00956
  -0.03868
  -0.04268
  -0.01897
   0.01706
   0.04201
   0.03968
   0.01159
  -0.02403
  -0.04405
  -0.03546
  -0.00385
   0.03026
   0.04472
   0.03014
  -0.00401
  -0.03556
  -0.04402
  -0.02390
   0.01174
   0.03976
   0.04195
   0.01691
  -0.01911
  -0.04273
  -0.03860
  -0.00940
   0.02590
   0.04438
   0.03405
   0.00161
  -0.03188
  -0.04466
  -0.02844
   0.00624
   0.03687
   0.04356
   0.02197
  -0.01390
  -0.04073
  -0.04112
  -0.01481
   0.02112
   0.04334
   0.03741
   0.00719
  -0.02769
  -0.04460
  -0.03255
   0.00064
   0.03341
   0.04449
   0.02667
  -0.00846
  -0.03810
  -0.04300
  -0.01998
   0.01601
   0.04161
   0.04019
   0.01267
  -0.02308
  -0.04384
  -0.03613
  -0.00497
   0.02942
   0.04471
   0.03096
  -0.00289
  -0.03486
  -0.04420
  -0.02484
   0.01065
   0.03923
   0.04233
   0.01795
  -0.01809
  -0.04238
  -0.03915
  -0.01050
   0.02497
   0.04423
   0.03476
   0.00273
  -0.03108
  -0.04471
  -0.02930
   0.00513
   0.03623
   0.04380
   0.02294
  -0.01282
  -0.04026
  -0.04155
  -0.01586
   0.02012
   0.04305
   0.03802
   0.00830
  -0.02680
  -0.04450
  -0.03331
  -0.00048
   0.03266
   0.04459
   0.02757
  -0.00735
  -0.03750
  -0.04330
  -0.02098
   0.01496
   0.04119
   0.04067
   0.01374
  -0.02211
  -0.04360
  -0.03678
  -0.00608
   0.02857
   0.04467
   0.03176
  -0.00177
  -0.03415
  -0.04436
  -0.02576
   0.00956
   0.03868
   0.04268
   0.01897
  -0.01706
  -0.04201
  -0.03968
  -0.01159
   0.02403
   0.04405
   0.03546
   0.00385
  -0.03026
  -0.04472
  -0.03014
   0.00401
   0.03556
   0.04402
   0.02390
  -0.01174
  -0.03976
  -0.04195
  -0.01691
   0.01911
   0.04273
   0.03860
   0.00940
  -0.02590
  -0.04438
  -0.03405
  -0.00161
   0.03188
   0.04466
   0.02844
  -0.00624
  -0.03687
  -0.04356
  -0.02197
   0.01390
   0.04073
   0.04112
   0.01481
  -0.02112
  -0.04334
  -0.03741
  -0.00719
   0.02769
   0.04460
   0.03255
  -0.00064
  -0.03341
  -0.04449
  -0.02667
   0.00846
   0.03810
   0.04300
   0.01998
  -0.01601
  -0.04161
  -0.04019
  -0.01267
   0.02308
   0.04384
   0.03613
   0.00497
  -0.02942
  -0.04471
  -0.03096
   0.00289
   0.03486
   0.04420
   0.02484
  -0.01065
  -0.03923
  -0.04233
  -0.01795
   0.01809
   0.04238
   0.03915
   0.01050
  -0.02497
  -0.04423
  -0.03476
  -0.00273
   0.03108
   0.04471
   0.02930
  -0.00513
  -0.03623
  -0.04380
  -0.02294
   0.01282
   0.04026
   0.04155
   0.01586
  -0.02012
  -0.04305
  -0.03802
  -0.00830
   0.02680
   0.04450
   0.03331
   0.00048
  -0.03266
  -0.04459
  -0.02757
   0.00735
   0.03750
   0.04330
   0.02098
  -0.01496
  -0.04119
  -0.04067
  -0.01374
   0.02211
   0.04360
   0.03678
   0.00608
  -0.02857
  -0.04467
  -0.03176
   0.00177
   0.03415
   0.04436
   0.02576
  -0.00956
  -0.03868
  -0.04268
  -0.01897
   0.01706
   0.04201
   0.03968
   0.01159
  -0.02403
  -0.04405
  -0.03546
  -0.00385
   0.03026
   0.04472
   0.03014
  -0.00401
  -0.03556
  -0.04402
  -0.02390
   0.01174
   0.03976
   0.04195
   0.01691
  -0.01911
  -0.04273
  -0.03860
  -0.00940
   0.02590
   0.04438
   0.03405
   0.00161
  -0.03188
  -0.04466
  -0.02844
   0.00624
   0.03687
   0.04356
   0.02197
  -0.01390
  -0.04073
  -0.04112
  -0.01481
   0.02112
   0.04334
   0.03741
   0.00719
  -0.02769
  -0.04460
  -0.03255
   0.00064
   0.03341
   0.04449
   0.02667
  -0.00846
  -0.03810
  -0.04300
  -0.01998
   0.01601
   0.04161
   0.04019
   0.01267
  -0.02308
  -0.04384
  -0.03613
  -0.00497
   0.02942
   0.04471
   0.03096
  -0.00289
  -0.03486
  -0.04420
  -0.02484
   0.01065
   0.03923
   0.04233
   0.01795
  -0.01809
  -0.04238
  -0.03915
  -0.01050
   0.02497
   0.04423
   0.03476
   0.00273
  -0.03108
  -0.04471
  -0.02930
   0.00513
   0.03623
   0.04380
   0.02294
  -0.01282
  -0.04026
  -0.04155
  -0.01586
   0.02012
   0.04305
   0.03802
   0.00830
  -0.02680
  -0.04450
  -0.03331
  -0.00048
   0.03266
   0.04459
   0.02757
  -0.00735
  -0.03750
  -0.04330
  -0.02098
   0.01496
   0.04119
   0.04067
   0.01374
  -0.02211
  -0.04360
  -0.03678
  -0.00608
   0.02857
   0.04467
   0.03176
  -0.00177
  -0.03415
  -0.04436
  -0.02576
   0.00956
   0.03868
   0.04268
   0.01897
  -0.01706
  -0.04201
  -0.03968
  -0.01159
   0.02403
   0.04405
   0.03546
   0.00385
  -0.03026
  -0.04472
  -0.03014
   0.00401
   0.03556
   0.04402
   0.02390
  -0.01174
  -0.03976
  -0.04195
  -0.01691
   0.01911
   0.04273
   0.03860
   0.00940
  -0.02590
  -0.04438
  -0.03405
  -0.00161
   0.03188
   0.04466
   0.02844
  -0.00624
  -0.03687
  -0.04356
  -0.02197
   0.01390
   0.04073
   0.04112
   0.01481
  -0.02112
  -0.04334
  -0.03741
  -0.00719
   0.02769
   0.04460
   0.03255
  -0.00064
  -0.03341
  -0.04449
  -0.02667
   0.00846
   0.03810
   0.04300
   0.01998
  -0.01601
  -0.04161
  -0.04019
  -0.01267
   0.02308
   0.04384
   0.03613
   0.00497
  -0.02942
  -0.04471
  -0.03096
   0.00289
   0.03486
   0.04420
   0.02484
  -0.01065
  -0.03923
  -0.04233
  -0.01795
   0.01809
   0.04238
   0.03915
   0.01050
  -0.02497
  -0.04423
  -0.03476
  -0.00273
   0.03108
   0.04471
   0.02930
  -0.00513
  -0.03623
  -0.04380
  -0.02294
   0.01282
   0.04026
   0.04155
   0.01586
  -0.02012
  -0.04305
  -0.03802
  -0.00830
   0.02680
   0.04450
   0.03331
   0.00048
  -0.03266
  -0.04459
  -0.02757
   0.00735
   0.03750
   0.04330
   0.02098
  -0.01496
  -0.04119
  -0.04067
  -0.01374
   0.02211
   0.04360
   0.03678
   0.00608
  -0.02857
  -0.04467
  -0.03176
   0.00177
   0.03415
   0.04436
   0.02576
  -0.00956
  -0.03868
  -0.04268
  -0.01897
   0.01706
   0.04201
   0.03968
   0.01159
  -0.02403
  -0.04405
  -0.03546
  -0.00385
   0.03026
   0.04472
   0.03014
  -0.00401
  -0.03556
  -0.04402
  -0.02390
   0.01174
   0.03976
   0.04195
   0.01691
  -0.01911
  -0.04273
  -0.03860
  -0.00940
   0.02590
   0.04438
   0.03405
   0.00161
  -0.03188
  -0.04466
  -0.02844
   0.00624
   0.03687
   0.04356
   0.02197
  -0.01390
  -0.04073
  -0.04112
  -0.01481
   0.02112
   0.04334
   0.03741
   0.00719
  -0.02769
  -0.04460
  -0.03255
   0.00064
   0.03341
   0.04449
   0.02667
  -0.00846
  -0.03810
  -0.04300
  -0.01998
   0.01601
   0.04161
   0.04019
   0.01267
  -0.02308
  -0.04384
  -0.03613
  -0.00497
   0.02942
   0.04471
   0.03096
  -0.00289
  -0.03486
  -0.04420
  -0.02484
   0.01065
   0.03923
   0.04233
   0.01795
  -0.01809
  -0.04238
  -0.03915
  -0.01050
   0.02497
   0.04423
   0.03476
   0.00273
  -0.03108
  -0.04471
  -0.02930
   0.00513
   0.03623
   0.04380
   0.02294
  -0.01282
  -0.04026
  -0.04155
  -0.01586
   0.02012
   0.04305
   0.03802
   0.00830
  -0.02680
  -0.04450
  -0.03331
  -0.00048
   0.03266
   0.04459
   0.02757
  -0.00735
  -0.03750
  -0.04330
  -0.02098
   0.01496
   0.04119
   0.04067
   0.01374
  -0.02211
  -0.04360
  -0.03678
  -0.00608
   0.02857
   0.04467
   0.03176
  -0.00177
  -0.03415
  -0.04436
  -0.02576
   0.00956
   0.03868
   0.04268
   0.01897
  -0.01706
  -0.04201
  -0.03968
  -0.01159
   0.02403
   0.04405
   0.03546
   0.00385
  -0.03026
  -0.04472
  -0.03014
   0.00401
   0.03556
   0.04402
   0.02390
  -0.01174
  -0.03976
  -0.04195
  -0.01691
   0.01911
   0.04273
   0.03860
   0.00940
  -0.02590
  -0.04438
  -0.03405
  -0.00161
   0.03188
   0.04466
   0.02844
  -0.00624
  -0.03687
  -0.04356
  -0.02197
   0.01390
   0.04073
   0.04112
   0.01481
  -0.02112
  -0.04334
  -0.03741
  -0.00719
   0.02769
   0.04460
   0.03255
  -0.00064
  -0.03341
  -0.04449
  -0.02667
   0.00846
   0.03810
   0.04300
   0.01998
  -0.01601
  -0.04161
  -0.04019
  -0.01267
   0.02308
   0.04384
   0.03613
   0.00497
  -0.02942
  -0.04471
  -0.03096
   0.00289
   0.03486
   0.04420
   0.02484
  -0.01065
  -0.03923
  -0.04233
  -0.01795
   0.01809
   0.04238
   0.03915
   0.01050
  -0.02497
  -0.04423
  -0.03476
  -0.00273
   0.03108
   0.04471
   0.02930
  -0.00513
  -0.03623
  -0.04380
  -0.02294
   0.01282
   0.04026
   0.04155
   0.01586
  -0.02012
  -0.04305
  -0.03802
  -0.00830
   0.02680
   0.04450
   0.03331
   0.00048
  -0.03266
  -0.04459
  -0.02757
   0.00735
   0.03750
   0.04330
   0.02098
  -0.01496
  -0.04119
  -0.04067
  -0.01374
   0.02211
   0.04360
   0.03678
   0.00608
  -0.02857
  -0.04467
