  -0.01172
   0.02588
  -0.03686
   0.04333
  -0.04449
   0.04020
  -0.03098
   0.01796
  -0.00275
  -0.01280
   0.02679
  -0.03749
   0.04360
  -0.04436
   0.03969
  -0.03016
   0.01693
  -0.00163
  -0.01388
   0.02768
  -0.03809
   0.04383
  -0.04420
   0.03916
  -0.02932
   0.01588
  -0.00050
  -0.01494
   0.02855
  -0.03867
   0.04404
  -0.04402
   0.03861
  -0.02846
   0.01483
   0.00062
  -0.01599
   0.02941
  -0.03922
   0.04422
  -0.04381
   0.03803
  -0.02759
   0.01376
   0.00174
  -0.01704
   0.03025
  -0.03975
   0.04438
  -0.04357
   0.03742
  -0.02669
   0.01269
   0.00287
  -0.01807
   0.03106
  -0.04025
   0.04450
  -0.04330
   0.03680
  -0.02578
   0.01161
   0.00399
  -0.01909
   0.03186
  -0.04073
   0.04460
  -0.04301
   0.03615
  -0.02486
   0.01052
   0.00511
  -0.02010
   0.03264
  -0.04118
   0.04467
  -0.04269
   0.03547
  -0.02391
   0.00942
   0.00622
  -0.02110
   0.03340
  -0.04160
   0.04471
  -0.04234
   0.03478
  -0.02296
   0.00832
   0.00733
  -0.02209
   0.03414
  -0.04200
   0.04472
  -0.04196
   0.03406
  -0.02198
   0.00722
   0.00844
  -0.02306
   0.03485
  -0.04237
   0.04471
  -0.04156
   0.03332
  -0.02100
   0.00610
   0.00954
  -0.02401
   0.03554
  -0.04272
   0.04466
  -0.04113
   0.03256
  -0.02000
   0.00499
   0.01063
  -0.02495
   0.03621
  -0.04304
   0.04459
  -0.04068
   0.03178
  -0.01899
   0.00387
   0.01172
  -0.02588
   0.03686
  -0.04333
   0.04449
  -0.04020
   0.03098
  -0.01796
   0.00275
   0.01280
  -0.02679
   0.03749
  -0.04360
   0.04436
  -0.03969
   0.03016
  -0.01693
   0.00163
   0.01388
  -0.02768
   0.03809
  -0.04383
   0.04420
  -0.03916
   0.02932
  -0.01588
   0.00050
   0.01494
  -0.02855
   0.03867
  -0.04404
   0.04402
  -0.03861
   0.02846
  -0.01483
  -0.00062
   0.01599
  -0.02941
   0.03922
  -0.04422
   0.04381
  -0.03803
   0.02759
  -0.01376
  -0.00174
   0.01704
  -0.03025
   0.03975
  -0.04438
   0.04357
  -0.03742
   0.02669
  -0.01269
  -0.00287
   0.01807
  -0.03106
   0.04025
  -0.04450
   0.04330
  -0.03680
   0.02578
  -0.01161
  -0.00399
   0.01909
  -0.03186
   0.04073
  -0.04460
   0.04301
  -0.03615
   0.02486
  -0.01052
  -0.00511
   0.02010
  -0.03264
   0.04118
  -0.04467
   0.04269
  -0.03547
   0.02391
  -0.00942
  -0.00622
   0.02110
  -0.03340
   0.04160
  -0.04471
   0.04234
  -0.03478
   0.02296
  -0.00832
  -0.00733
   0.02209
  -0.03414
   0.04200
  -0.04472
   0.04196
  -0.03406
   0.02198
  -0.00722
  -0.00844
   0.02306
  -0.03485
   0.04237
  -0.04471
   0.04156
  -0.03332
   0.02100
  -0.00610
  -0.00954
   0.02401
  -0.03554
   0.04272
  -0.04466
   0.04113
  -0.03256
   0.02000
  -0.00499
  -0.01063
   0.02495
  -0.03621
   0.04304
  -0.04459
   0.04068
  -0.03178
   0.01899
  -0.00387
  -0.01172
   0.02588
  -0.03686
   0.04333
  -0.04449
   0.04020
  -0.03098
   0.01796
  -0.00275
  -0.01280
   0.02679
  -0.03749
   0.04360
  -0.04436
   0.03969
  -0.03016
   0.01693
  -0.00163
  -0.01388
   0.02768
  -0.03809
   0.04383
  -0.04420
   0.03916
  -0.02932
   0.01588
  -0.00050
  -0.01494
   0.02855
  -0.03867
   0.04404
  -0.04402
   0.03861
  -0.02846
   0.01483
   0.00062
  -0.01599
   0.02941
  -0.03922
   0.04422
  -0.04381
   0.03803
  -0.02759
   0.01376
   0.00174
  -0.01704
   0.03025
  -0.03975
   0.04438
  -0.04357
   0.03742
  -0.02669
   0.01269
   0.00287
  -0.01807
   0.03106
  -0.04025
   0.04450
  -0.04330
   0.03680
  -0.02578
   0.01161
   0.00399
  -0.01909
   0.03186
  -0.04073
   0.04460
  -0.04301
   0.03615
  -0.02486
   0.01052
   0.00511
  -0.02010
   0.03264
  -0.04118
   0.04467
  -0.04269
   0.03547
  -0.02391
   0.00942
   0.00622
  -0.02110
   0.03340
  -0.04160
   0.04471
  -0.04234
   0.03478
  -0.02296
   0.00832
   0.00733
  -0.02209
   0.03414
  -0.04200
   0.04472
  -0.04196
   0.03406
  -0.02198
   0.00722
   0.00844
  -0.02306
   0.03485
  -0.04237
   0.04471
  -0.04156
   0.03332
  -0.02100
   0.00610
   0.00954
  -0.02401
   0.03554
  -0.04272
   0.04466
  -0.04113
   0.03256
  -0.02000
   0.00499
   0.01063
  -0.02495
   0.03621
  -0.04304
   0.04459
  -0.04068
   0.03178
  -0.01899
   0.00387
   0.01172
  -0.02588
   0.03686
  -0.04333
   0.04449
  -0.04020
   0.03098
  -0.01796
   0.00275
   0.01280
  -0.02679
   0.03749
  -0.04360
   0.04436
  -0.03969
   0.03016
  -0.01693
   0.00163
   0.01388
  -0.02768
   0.03809
  -0.04383
   0.04420
  -0.03916
   0.02932
  -0.01588
   0.00050
   0.01494
  -0.02855
   0.03867
  -0.04404
   0.04402
  -0.03861
   0.02846
  -0.01483
  -0.00062
   0.01599
  -0.02941
   0.03922
  -0.04422
   0.04381
  -0.03803
   0.02759
  -0.01376
  -0.00174
   0.01704
  -0.03025
   0.03975
  -0.04438
   0.04357
  -0.03742
   0.02669
  -0.01269
  -0.00287
   0.01807
  -0.03106
   0.04025
  -0.04450
   0.04330
  -0.03680
   0.02578
  -0.01161
  -0.00399
   0.01909
  -0.03186
   0.04073
  -0.04460
   0.04301
  -0.03615
   0.02486
  -0.01052
  -0.00511
   0.02010
  -0.03264
   0.04118
  -0.04467
   0.04269
  -0.03547
   0.02391
  -0.00942
  -0.00622
   0.02110
  -0.03340
   0.04160
  -0.04471
   0.04234
  -0.03478
   0.02296
  -0.00832
  -0.00733
   0.02209
  -0.03414
   0.04200
  -0.04472
   0.04196
  -0.03406
   0.02198
  -0.00722
  -0.00844
   0.02306
  -0.03485
   0.04237
  -0.04471
   0.04156
  -0.03332
   0.02100
  -0.00610
  -0.00954
   0.02401
  -0.03554
   0.04272
  -0.04466
   0.04113
  -0.03256
   0.02000
  -0.00499
  -0.01063
   0.02495
  -0.03621
   0.04304
  -0.04459
   0.04068
  -0.03178
   0.01899
  -0.00387
  -0.01172
   0.02588
  -0.03686
   0.04333
  -0.04449
   0.04020
  -0.03098
   0.01796
  -0.00275
  -0.01280
   0.02679
  -0.03749
   0.04360
  -0.04436
   0.03969
  -0.03016
   0.01693
  -0.00163
  -0.01388
   0.02768
  -0.03809
   0.04383
  -0.04420
   0.03916
  -0.02932
   0.01588
  -0.00050
  -0.01494
   0.02855
  -0.03867
   0.04404
  -0.04402
   0.03861
  -0.02846
   0.01483
   0.00062
  -0.01599
   0.02941
  -0.03922
   0.04422
  -0.04381
   0.03803
  -0.02759
   0.01376
   0.00174
  -0.01704
   0.03025
  -0.03975
   0.04438
  -0.04357
   0.03742
  -0.02669
   0.01269
   0.00287
  -0.01807
   0.03106
  -0.04025
   0.04450
  -0.04330
   0.03680
  -0.02578
   0.01161
   0.00399
  -0.01909
   0.03186
  -0.04073
   0.04460
  -0.04301
   0.03615
  -0.02486
   0.01052
   0.00511
  -0.02010
   0.03264
  -0.04118
   0.04467
  -0.04269
   0.03547
  -0.02391
   0.00942
   0.00622
  -0.02110
   0.03340
  -0.04160
   0.04471
  -0.04234
   0.03478
  -0.02296
   0.00832
   0.00733
  -0.02209
   0.03414
  -0.04200
   0.04472
  -0.04196
   0.03406
  -0.02198
   0.00722
   0.00844
  -0.02306
   0.03485
  -0.04237
   0.04471
  -0.04156
   0.03332
  -0.02100
   0.00610
   0.00954
  -0.02401
   0.03554
  -0.04272
   0.04466
  -0.04113
   0.03256
  -0.02000
   0.00499
   0.01063
  -0.02495
   0.03621
  -0.04304
   0.04459
  -0.04068
   0.03178
  -0.01899
   0.00387
   0.01172
  -0.02588
   0.03686
  -0.04333
   0.04449
  -0.04020
   0.03098
  -0.01796
   0.00275
   0.01280
  -0.02679
   0.03749
  -0.04360
   0.04436
  -0.03969
   0.03016
  -0.01693
   0.00163
   0.01388
  -0.02768
   0.03809
  -0.04383
   0.04420
  -0.03916
   0.02932
  -0.01588
   0.00050
   0.01494
  -0.02855
   0.03867
  -0.04404
   0.04402
  -0.03861
   0.02846
  -0.01483
  -0.00062
   0.01599
  -0.02941
   0.03922
  -0.04422
   0.04381
  -0.03803
   0.02759
  -0.01376
  -0.00174
   0.01704
  -0.03025
   0.03975
  -0.04438
   0.04357
  -0.03742
   0.02669
  -0.01269
  -0.00287
   0.01807
  -0.03106
   0.04025
  -0.04450
   0.04330
  -0.03680
   0.02578
  -0.01161
  -0.00399
   0.01909
  -0.03186
   0.04073
  -0.04460
   0.04301
  -0.03615
   0.02486
  -0.01052
  -0.00511
   0.02010
  -0.03264
   0.04118
  -0.04467
   0.04269
  -0.03547
   0.02391
  -0.00942
  -0.00622
   0.02110
  -0.03340
   0.04160
  -0.04471
   0.04234
  -0.03478
   0.02296
  -0.00832
  -0.00733
   0.02209
  -0.03414
   0.04200
  -0.04472
   0.04196
  -0.03406
   0.02198
  -0.00722
  -0.00844
   0.02306
  -0.03485
   0.04237
  -0.04471
   0.04156
  -0.03332
   0.02100
  -0.00610
  -0.00954
   0.02401
  -0.03554
   0.04272
  -0.04466
   0.04113
  -0.03256
   0.02000
  -0.00499
  -0.01063
   0.02495
  -0.03621
   0.04304
  -0.04459
   0.04068
  -0.03178
   0.01899
  -0.00387
  -0.01172
   0.02588
  -0.03686
   0.04333
  -0.04449
   0.04020
  -0.03098
   0.01796
  -0.00275
  -0.01280
   0.02679
  -0.03749
   0.04360
  -0.04436
   0.03969
  -0.03016
   0.01693
  -0.00163
  -0.01388
   0.02768
  -0.03809
   0.04383
  -0.04420
   0.03916
  -0.02932
   0.01588
  -0.00050
  -0.01494
   0.02855
  -0.03867
   0.04404
  -0.04402
   0.03861
  -0.02846
   0.01483
   0.00062
  -0.01599
   0.02941
  -0.03922
   0.04422
  -0.04381
   0.03803
  -0.02759
   0.01376
   0.00174
  -0.01704
   0.03025
  -0.03975
   0.04438
  -0.04357
   0.03742
  -0.02669
   0.01269
   0.00287
  -0.01807
   0.03106
  -0.04025
   0.04450
  -0.04330
   0.03680
  -0.02578
   0.01161
   0.00399
  -0.01909
   0.03186
  -0.04073
   0.04460
  -0.04301
   0.03615
  -0.02486
   0.01052
   0.00511
  -0.02010
   0.03264
  -0.04118
   0.04467
  -0.04269
   0.03547
  -0.02391
   0.00942
   0.00622
  -0.02110
   0.03340
  -0.04160
   0.04471
  -0.04234
   0.03478
  -0.02296
   0.00832
   0.00733
  -0.02209
   0.03414
  -0.04200
   0.04472
  -0.04196
   0.03406
  -0.02198
   0.00722
   0.00844
  -0.02306
   0.03485
  -0.04237
   0.04471
  -0.04156
   0.03332
  -0.02100
   0.00610
   0.00954
  -0.02401
   0.03554
  -0.04272
   0.04466
  -0.04113
   0.03256
  -0.02000
   0.00499
   0.01063
  -0.02495
   0.03621
  -0.04304
   0.04459
  -0.04068
   0.03178
  -0.01899
   0.00387
   0.01172
  -0.02588
   0.03686
  -0.04333
   0.04449
  -0.04020
   0.03098
  -0.01796
   0.00275
   0.01280
  -0.02679
   0.03749
  -0.04360
   0.04436
  -0.03969
   0.03016
  -0.01693
   0.00163
   0.01388
  -0.02768
   0.03809
  -0.04383
   0.04420
  -0.03916
   0.02932
  -0.01588
   0.00050
   0.01494
  -0.02855
   0.03867
  -0.04404
   0.04402
  -0.03861
   0.02846
  -0.01483
  -0.00062
   0.01599
  -0.02941
   0.03922
  -0.04422
   0.04381
  -0.03803
   0.02759
  -0.01376
  -0.00174
   0.01704
  -0.03025
   0.03975
  -0.04438
   0.04357
  -0.03742
   0.02669
  -0.01269
  -0.00287
   0.01807
  -0.03106
   0.04025
  -0.04450
   0.04330
  -0.03680
   0.02578
  -0.01161
  -0.00399
   0.01909
  -0.03186
   0.04073
  -0.04460
   0.04301
  -0.03615
   0.02486
  -0.01052
  -0.00511
   0.02010
  -0.03264
   0.04118
  -0.04467
   0.04269
  -0.03547
   0.02391
  -0.00942
  -0.00622
   0.02110
  -0.03340
   0.04160
  -0.04471
   0.04234
  -0.03478
   0.02296
  -0.00832
  -0.00733
   0.02209
  -0.03414
   0.04200
  -0.04472
   0.04196
  -0.03406
   0.02198
  -0.00722
  -0.00844
   0.02306
  -0.03485
   0.04237
  -0.04471
   0.04156
  -0.03332
   0.02100
  -0.00610
  -0.00954
   0.02401
  -0.03554
   0.04272
  -0.04466
   0.04113
  -0.03256
   0.02000
  -0.00499
  -0.01063
   0.02495
  -0.03621
   0.04304
  -0.04459
   0.04068
  -0.03178
   0.01899
  -0.00387
