   0.01655
  -0.03859
  -0.02814
   0.03013
   0.03720
  -0.01896
  -0.04289
   0.00607
   0.04472
   0.00737
  -0.04250
  -0.02014
   0.03645
   0.03109
  -0.02711
  -0.03923
   0.01532
   0.04384
  -0.00215
  -0.04449
  -0.01121
   0.04112
   0.02357
  -0.03404
  -0.03379
   0.02388
   0.04097
  -0.01157
  -0.04445
  -0.00178
   0.04391
   0.01497
  -0.03941
  -0.02681
   0.03136
   0.03624
  -0.02047
  -0.04239
   0.00773
   0.04471
   0.00570
  -0.04300
  -0.01862
   0.03740
   0.02985
  -0.02843
  -0.03840
   0.01690
   0.04347
  -0.00384
  -0.04463
  -0.00957
   0.04175
   0.02212
  -0.03511
  -0.03266
   0.02529
   0.04026
  -0.01319
  -0.04423
  -0.00009
   0.04420
   0.01337
  -0.04018
  -0.02545
   0.03254
   0.03522
  -0.02195
  -0.04182
   0.00939
   0.04464
   0.00402
  -0.04343
  -0.01707
   0.03830
   0.02858
  -0.02971
  -0.03751
   0.01845
   0.04305
  -0.00551
  -0.04470
  -0.00792
   0.04233
   0.02064
  -0.03613
  -0.03149
   0.02666
   0.03950
  -0.01480
  -0.04395
   0.00159
   0.04442
   0.01176
  -0.04089
  -0.02404
   0.03367
   0.03416
  -0.02341
  -0.04119
   0.01103
   0.04450
   0.00234
  -0.04380
  -0.01550
   0.03914
   0.02726
  -0.03095
  -0.03656
   0.01997
   0.04256
  -0.00718
  -0.04472
  -0.00625
   0.04284
   0.01913
  -0.03709
  -0.03027
   0.02800
   0.03868
  -0.01638
  -0.04360
   0.00328
   0.04459
   0.01012
  -0.04155
  -0.02260
   0.03475
   0.03305
  -0.02483
  -0.04050
   0.01266
   0.04431
   0.00066
  -0.04411
  -0.01391
   0.03993
   0.02591
  -0.03215
  -0.03557
   0.02146
   0.04201
  -0.00884
  -0.04467
  -0.00458
   0.04329
   0.01759
  -0.03801
  -0.02901
   0.02929
   0.03781
  -0.01793
  -0.04320
   0.00495
   0.04469
   0.00847
  -0.04214
  -0.02113
   0.03579
   0.03189
  -0.02621
  -0.03976
   0.01426
   0.04405
  -0.00103
  -0.04436
  -0.01230
   0.04066
   0.02451
  -0.03330
  -0.03452
   0.02293
   0.04141
  -0.01049
  -0.04456
  -0.00290
   0.04368
   0.01603
  -0.03887
  -0.02771
   0.03055
   0.03688
  -0.01946
  -0.04273
   0.00663
   0.04472
   0.00681
  -0.04267
  -0.01963
   0.03678
   0.03068
  -0.02756
  -0.03896
   0.01585
   0.04372
  -0.00271
  -0.04454
  -0.01067
   0.04134
   0.02309
  -0.03440
  -0.03342
   0.02436
   0.04074
  -0.01212
  -0.04438
  -0.00122
   0.04401
   0.01444
  -0.03968
  -0.02636
   0.03175
   0.03590
  -0.02097
  -0.04220
   0.00829
   0.04469
   0.00514
  -0.04315
  -0.01810
   0.03771
   0.02943
  -0.02887
  -0.03811
   0.01742
   0.04334
  -0.00440
  -0.04466
  -0.00902
   0.04195
   0.02163
  -0.03545
  -0.03228
   0.02575
   0.04002
  -0.01373
  -0.04414
   0.00047
   0.04428
   0.01284
  -0.04043
  -0.02498
   0.03292
   0.03487
  -0.02244
  -0.04162
   0.00994
   0.04460
   0.00346
  -0.04356
  -0.01655
   0.03859
   0.02814
  -0.03013
  -0.03720
   0.01896
   0.04289
  -0.00607
  -0.04472
  -0.00737
   0.04250
   0.02014
  -0.03645
  -0.03109
   0.02711
   0.03923
  -0.01532
  -0.04384
   0.00215
   0.04449
   0.01121
  -0.04112
  -0.02357
   0.03404
   0.03379
  -0.02388
  -0.04097
   0.01157
   0.04445
   0.00178
  -0.04391
  -0.01497
   0.03941
   0.02681
  -0.03136
  -0.03624
   0.02047
   0.04239
  -0.00773
  -0.04471
  -0.00570
   0.04300
   0.01862
  -0.03740
  -0.02985
   0.02843
   0.03840
  -0.01690
  -0.04347
   0.00384
   0.04463
   0.00957
  -0.04175
  -0.02212
   0.03511
   0.03266
  -0.02529
  -0.04026
   0.01319
   0.04423
   0.00009
  -0.04420
  -0.01337
   0.04018
   0.02545
  -0.03254
  -0.03522
   0.02195
   0.04182
  -0.00939
  -0.04464
  -0.00402
   0.04343
   0.01707
  -0.03830
  -0.02858
   0.02971
   0.03751
  -0.01845
  -0.04305
   0.00551
   0.04470
   0.00792
  -0.04233
  -0.02064
   0.03613
   0.03149
  -0.02666
  -0.03950
   0.01480
   0.04395
  -0.00159
  -0.04442
  -0.01176
   0.04089
   0.02404
  -0.03367
  -0.03416
   0.02341
   0.04119
  -0.01103
  -0.04450
  -0.00234
   0.04380
   0.01550
  -0.03914
  -0.02726
   0.03095
   0.03656
  -0.01997
  -0.04256
   0.00718
   0.04472
   0.00625
  -0.04284
  -0.01913
   0.03709
   0.03027
  -0.02800
  -0.03868
   0.01638
   0.04360
  -0.00328
  -0.04459
  -0.01012
   0.04155
   0.02260
  -0.03475
  -0.03305
   0.02483
   0.04050
  -0.01266
  -0.04431
  -0.00066
   0.04411
   0.01391
  -0.03993
  -0.02591
   0.03215
   0.03557
  -0.02146
  -0.04201
   0.00884
   0.04467
   0.00458
  -0.04329
  -0.01759
   0.03801
   0.02901
  -0.02929
  -0.03781
   0.01793
   0.04320
  -0.00495
  -0.04469
  -0.00847
   0.04214
   0.02113
  -0.03579
  -0.03189
   0.02621
   0.03976
  -0.01426
  -0.04405
   0.00103
   0.04436
   0.01230
  -0.04066
  -0.02451
   0.03330
   0.03452
  -0.02293
  -0.04141
   0.01049
   0.04456
   0.00290
  -0.04368
  -0.01603
   0.03887
   0.02771
  -0.03055
  -0.03688
   0.01946
   0.04273
  -0.00663
  -0.04472
  -0.00681
   0.04267
   0.01963
  -0.03678
  -0.03068
   0.02756
   0.03896
  -0.01585
  -0.04372
   0.00271
   0.04454
   0.01067
  -0.04134
  -0.02309
   0.03440
   0.03342
  -0.02436
  -0.04074
   0.01212
   0.04438
   0.00122
  -0.04401
  -0.01444
   0.03968
   0.02636
  -0.03175
  -0.03590
   0.02097
   0.04220
  -0.00829
  -0.04469
  -0.00514
   0.04315
   0.01810
  -0.03771
  -0.02943
   0.02887
   0.03811
  -0.01742
  -0.04334
   0.00440
   0.04466
   0.00902
  -0.04195
  -0.02163
   0.03545
   0.03228
  -0.02575
  -0.04002
   0.01373
   0.04414
  -0.00047
  -0.04428
  -0.01284
   0.04043
   0.02498
  -0.03292
  -0.03487
   0.02244
   0.04162
  -0.00994
  -0.04460
  -0.00346
   0.04356
   0.01655
  -0.03859
  -0.02814
   0.03013
   0.03720
  -0.01896
  -0.04289
   0.00607
   0.04472
   0.00737
  -0.04250
  -0.02014
   0.03645
   0.03109
  -0.02711
  -0.03923
   0.01532
   0.04384
  -0.00215
  -0.04449
  -0.01121
   0.04112
   0.02357
  -0.03404
  -0.03379
   0.02388
   0.04097
  -0.01157
  -0.04445
  -0.00178
   0.04391
   0.01497
  -0.03941
  -0.02681
   0.03136
   0.03624
  -0.02047
  -0.04239
   0.00773
   0.04471
   0.00570
  -0.04300
  -0.01862
   0.03740
   0.02985
  -0.02843
  -0.03840
   0.01690
   0.04347
  -0.00384
  -0.04463
  -0.00957
   0.04175
   0.02212
  -0.03511
  -0.03266
   0.02529
   0.04026
  -0.01319
  -0.04423
  -0.00009
   0.04420
   0.01337
  -0.04018
  -0.02545
   0.03254
   0.03522
  -0.02195
  -0.04182
   0.00939
   0.04464
   0.00402
  -0.04343
  -0.01707
   0.03830
   0.02858
  -0.02971
  -0.03751
   0.01845
   0.04305
  -0.00551
  -0.04470
  -0.00792
   0.04233
   0.02064
  -0.03613
  -0.03149
   0.02666
   0.03950
  -0.01480
  -0.04395
   0.00159
   0.04442
   0.01176
  -0.04089
  -0.02404
   0.03367
   0.03416
  -0.02341
  -0.04119
   0.01103
   0.04450
   0.00234
  -0.04380
  -0.01550
   0.03914
   0.02726
  -0.03095
  -0.03656
   0.01997
   0.04256
  -0.00718
  -0.04472
  -0.00625
   0.04284
   0.01913
  -0.03709
  -0.03027
   0.02800
   0.03868
  -0.01638
  -0.04360
   0.00328
   0.04459
   0.01012
  -0.04155
  -0.02260
   0.03475
   0.03305
  -0.02483
  -0.04050
   0.01266
   0.04431
   0.00066
  -0.04411
  -0.01391
   0.03993
   0.02591
  -0.03215
  -0.03557
   0.02146
   0.04201
  -0.00884
  -0.04467
  -0.00458
   0.04329
   0.01759
  -0.03801
  -0.02901
   0.02929
   0.03781
  -0.01793
  -0.04320
   0.00495
   0.04469
   0.00847
  -0.04214
  -0.02113
   0.03579
   0.03189
  -0.02621
  -0.03976
   0.01426
   0.04405
  -0.00103
  -0.04436
  -0.01230
   0.04066
   0.02451
  -0.03330
  -0.03452
   0.02293
   0.04141
  -0.01049
  -0.04456
  -0.00290
   0.04368
   0.01603
  -0.03887
  -0.02771
   0.03055
   0.03688
  -0.01946
  -0.04273
   0.00663
   0.04472
   0.00681
  -0.04267
  -0.01963
   0.03678
   0.03068
  -0.02756
  -0.03896
   0.01585
   0.04372
  -0.00271
  -0.04454
  -0.01067
   0.04134
   0.02309
  -0.03440
  -0.03342
   0.02436
   0.04074
  -0.01212
  -0.04438
  -0.00122
   0.04401
   0.01444
  -0.03968
  -0.02636
   0.03175
   0.03590
  -0.02097
  -0.04220
   0.00829
   0.04469
   0.00514
  -0.04315
  -0.01810
   0.03771
   0.02943
  -0.02887
  -0.03811
   0.01742
   0.04334
  -0.00440
  -0.04466
  -0.00902
   0.04195
   0.02163
  -0.03545
  -0.03228
   0.02575
   0.04002
  -0.01373
  -0.04414
   0.00047
   0.04428
   0.01284
  -0.04043
  -0.02498
   0.03292
   0.03487
  -0.02244
  -0.04162
   0.00994
   0.04460
   0.00346
  -0.04356
  -0.01655
   0.03859
   0.02814
  -0.03013
  -0.03720
   0.01896
   0.04289
  -0.00607
  -0.04472
  -0.00737
   0.04250
   0.02014
  -0.03645
  -0.03109
   0.02711
   0.03923
  -0.01532
  -0.04384
   0.00215
   0.04449
   0.01121
  -0.04112
  -0.02357
   0.03404
   0.03379
  -0.02388
  -0.04097
   0.01157
   0.04445
   0.00178
  -0.04391
  -0.01497
   0.03941
   0.02681
  -0.03136
  -0.03624
   0.02047
   0.04239
  -0.00773
  -0.04471
  -0.00570
   0.04300
   0.01862
  -0.03740
  -0.02985
   0.02843
   0.03840
  -0.01690
  -0.04347
   0.00384
   0.04463
   0.00957
  -0.04175
  -0.02212
   0.03511
   0.03266
  -0.02529
  -0.04026
   0.01319
   0.04423
   0.00009
  -0.04420
  -0.01337
   0.04018
   0.02545
  -0.03254
  -0.03522
   0.02195
   0.04182
  -0.00939
  -0.04464
  -0.00402
   0.04343
   0.01707
  -0.03830
  -0.02858
   0.02971
   0.03751
  -0.01845
  -0.04305
   0.00551
   0.04470
   0.00792
  -0.04233
  -0.02064
   0.03613
   0.03149
  -0.02666
  -0.03950
   0.01480
   0.04395
  -0.00159
  -0.04442
  -0.01176
   0.04089
   0.02404
  -0.03367
  -0.03416
   0.02341
   0.04119
  -0.01103
  -0.04450
  -0.00234
   0.04380
   0.01550
  -0.03914
  -0.02726
   0.03095
   0.03656
  -0.01997
  -0.04256
   0.00718
   0.04472
   0.00625
  -0.04284
  -0.01913
   0.03709
   0.03027
  -0.02800
  -0.03868
   0.01638
   0.04360
  -0.00328
  -0.04459
  -0.01012
   0.04155
   0.02260
  -0.03475
  -0.03305
   0.02483
   0.04050
  -0.01266
  -0.04431
  -0.00066
   0.04411
   0.01391
  -0.03993
  -0.02591
   0.03215
   0.03557
  -0.02146
  -0.04201
   0.00884
   0.04467
   0.00458
  -0.04329
  -0.01759
   0.03801
   0.02901
  -0.02929
  -0.03781
   0.01793
   0.04320
  -0.00495
  -0.04469
  -0.00847
   0.04214
   0.02113
  -0.03579
  -0.03189
   0.02621
   0.03976
  -0.01426
  -0.04405
   0.00103
   0.04436
   0.01230
  -0.04066
  -0.02451
   0.03330
   0.03452
  -0.02293
  -0.04141
   0.01049
   0.04456
   0.00290
  -0.04368
  -0.01603
   0.03887
   0.02771
  -0.03055
  -0.03688
   0.01946
   0.04273
  -0.00663
  -0.04472
  -0.00681
   0.04267
   0.01963
  -0.03678
  -0.03068
   0.02756
   0.03896
  -0.01585
  -0.04372
   0.00271
   0.04454
   0.01067
  -0.04134
  -0.02309
   0.03440
   0.03342
  -0.02436
  -0.04074
   0.01212
   0.04438
   0.00122
  -0.04401
  -0.01444
   0.03968
   0.02636
  -0.03175
  -0.03590
   0.02097
   0.04220
  -0.00829
  -0.04469
  -0.00514
   0.04315
   0.01810
  -0.03771
  -0.02943
   0.02887
   0.03811
  -0.01742
  -0.04334
   0.00440
   0.04466
   0.00902
  -0.04195
  -0.02163
   0.03545
   0.03228
  -0.02575
  -0.04002
   0.01373
   0.04414
  -0.00047
  -0.04428
  -0.01284
   0.04043
   0.02498
  -0.03292
  -0.03487
   0.02244
   0.04162
  -0.00994
  -0.04460
  -0.00346
   0.04356
