  -0.04458
   0.04418
  -0.04354
   0.04264
  -0.04151
   0.04013
  -0.03853
   0.03671
  -0.03469
   0.03246
  -0.03005
   0.02747
  -0.02473
   0.02186
  -0.01886
   0.01575
  -0.01255
   0.00928
  -0.00596
   0.00260
   0.00077
  -0.00413
   0.00747
  -0.01077
   0.01401
  -0.01717
   0.02023
  -0.02318
   0.02600
  -0.02866
   0.03117
  -0.03350
   0.03563
  -0.03757
   0.03929
  -0.04079
   0.04205
  -0.04308
   0.04386
  -0.04439
   0.04467
  -0.04470
   0.04447
  -0.04399
   0.04327
  -0.04229
   0.04107
  -0.03962
   0.03795
  -0.03606
   0.03396
  -0.03168
   0.02921
  -0.02658
   0.02379
  -0.02087
   0.01783
  -0.01469
   0.01147
  -0.00818
   0.00484
  -0.00148
  -0.00189
   0.00525
  -0.00858
   0.01186
  -0.01508
   0.01821
  -0.02123
   0.02414
  -0.02690
   0.02952
  -0.03196
   0.03423
  -0.03630
   0.03816
  -0.03981
   0.04123
  -0.04242
   0.04337
  -0.04407
   0.04452
  -0.04471
   0.04465
  -0.04434
   0.04378
  -0.04297
   0.04191
  -0.04062
   0.03909
  -0.03734
   0.03538
  -0.03322
   0.03087
  -0.02835
   0.02566
  -0.02283
   0.01987
  -0.01680
   0.01363
  -0.01038
   0.00707
  -0.00373
   0.00036
   0.00301
  -0.00636
   0.00968
  -0.01294
   0.01613
  -0.01923
   0.02221
  -0.02507
   0.02779
  -0.03035
   0.03274
  -0.03494
   0.03694
  -0.03874
   0.04031
  -0.04166
   0.04276
  -0.04363
   0.04424
  -0.04461
   0.04472
  -0.04458
   0.04418
  -0.04354
   0.04264
  -0.04151
   0.04013
  -0.03853
   0.03671
  -0.03469
   0.03246
  -0.03005
   0.02747
  -0.02473
   0.02186
  -0.01886
   0.01575
  -0.01255
   0.00928
  -0.00596
   0.00260
   0.00077
  -0.00413
   0.00747
  -0.01077
   0.01401
  -0.01717
   0.02023
  -0.02318
   0.02600
  -0.02866
   0.03117
  -0.03350
   0.03563
  -0.03757
   0.03929
  -0.04079
   0.04205
  -0.04308
   0.04386
  -0.04439
   0.04467
  -0.04470
   0.04447
  -0.04399
   0.04327
  -0.04229
   0.04107
  -0.03962
   0.03795
  -0.03606
   0.03396
  -0.03168
   0.02921
  -0.02658
   0.02379
  -0.02087
   0.01783
  -0.01469
   0.01147
  -0.00818
   0.00484
  -0.00148
  -0.00189
   0.00525
  -0.00858
   0.01186
  -0.01508
   0.01821
  -0.02123
   0.02414
  -0.02690
   0.02952
  -0.03196
   0.03423
  -0.03630
   0.03816
  -0.03981
   0.04123
  -0.04242
   0.04337
  -0.04407
   0.04452
  -0.04471
   0.04465
  -0.04434
   0.04378
  -0.04297
   0.04191
  -0.04062
   0.03909
  -0.03734
   0.03538
  -0.03322
   0.03087
  -0.02835
   0.02566
  -0.02283
   0.01987
  -0.01680
   0.01363
  -0.01038
   0.00707
  -0.00373
   0.00036
   0.00301
  -0.00636
   0.00968
  -0.01294
   0.01613
  -0.01923
   0.02221
  -0.02507
   0.02779
  -0.03035
   0.03274
  -0.03494
   0.03694
  -0.03874
   0.04031
  -0.04166
   0.04276
  -0.04363
   0.04424
  -0.04461
   0.04472
  -0.04458
   0.04418
  -0.04354
   0.04264
  -0.04151
   0.04013
  -0.03853
   0.03671
  -0.03469
   0.03246
  -0.03005
   0.02747
  -0.02473
   0.02186
  -0.01886
   0.01575
  -0.01255
   0.00928
  -0.00596
   0.00260
   0.00077
  -0.00413
   0.00747
  -0.01077
   0.01401
  -0.01717
   0.02023
  -0.02318
   0.02600
  -0.02866
   0.03117
  -0.03350
   0.03563
  -0.03757
   0.03929
  -0.04079
   0.04205
  -0.04308
   0.04386
  -0.04439
   0.04467
  -0.04470
   0.04447
  -0.04399
   0.04327
  -0.04229
   0.04107
  -0.03962
   0.03795
  -0.03606
   0.03396
  -0.03168
   0.02921
  -0.02658
   0.02379
  -0.02087
   0.01783
  -0.01469
   0.01147
  -0.00818
   0.00484
  -0.00148
  -0.00189
   0.00525
  -0.00858
   0.01186
  -0.01508
   0.01821
  -0.02123
   0.02414
  -0.02690
   0.02952
  -0.03196
   0.03423
  -0.03630
   0.03816
  -0.03981
   0.04123
  -0.04242
   0.04337
  -0.04407
   0.04452
  -0.04471
   0.04465
  -0.04434
   0.04378
  -0.04297
   0.04191
  -0.04062
   0.03909
  -0.03734
   0.03538
  -0.03322
   0.03087
  -0.02835
   0.02566
  -0.02283
   0.01987
  -0.01680
   0.01363
  -0.01038
   0.00707
  -0.00373
   0.00036
   0.00301
  -0.00636
   0.00968
  -0.01294
   0.01613
  -0.01923
   0.02221
  -0.02507
   0.02779
  -0.03035
   0.03274
  -0.03494
   0.03694
  -0.03874
   0.04031
  -0.04166
   0.04276
  -0.04363
   0.04424
  -0.04461
   0.04472
  -0.04458
   0.04418
  -0.04354
   0.04264
  -0.04151
   0.04013
  -0.03853
   0.03671
  -0.03469
   0.03246
  -0.03005
   0.02747
  -0.02473
   0.02186
  -0.01886
   0.01575
  -0.01255
   0.00928
  -0.00596
   0.00260
   0.00077
  -0.00413
   0.00747
  -0.01077
   0.01401
  -0.01717
   0.02023
  -0.02318
   0.02600
  -0.02866
   0.03117
  -0.03350
   0.03563
  -0.03757
   0.03929
  -0.04079
   0.04205
  -0.04308
   0.04386
  -0.04439
   0.04467
  -0.04470
   0.04447
  -0.04399
   0.04327
  -0.04229
   0.04107
  -0.03962
   0.03795
  -0.03606
   0.03396
  -0.03168
   0.02921
  -0.02658
   0.02379
  -0.02087
   0.01783
  -0.01469
   0.01147
  -0.00818
   0.00484
  -0.00148
  -0.00189
   0.00525
  -0.00858
   0.01186
  -0.01508
   0.01821
  -0.02123
   0.02414
  -0.02690
   0.02952
  -0.03196
   0.03423
  -0.03630
   0.03816
  -0.03981
   0.04123
  -0.04242
   0.04337
  -0.04407
   0.04452
  -0.04471
   0.04465
  -0.04434
   0.04378
  -0.04297
   0.04191
  -0.04062
   0.03909
  -0.03734
   0.03538
  -0.03322
   0.03087
  -0.02835
   0.02566
  -0.02283
   0.01987
  -0.01680
   0.01363
  -0.01038
   0.00707
  -0.00373
   0.00036
   0.00301
  -0.00636
   0.00968
  -0.01294
   0.01613
  -0.01923
   0.02221
  -0.02507
   0.02779
  -0.03035
   0.03274
  -0.03494
   0.03694
  -0.03874
   0.04031
  -0.04166
   0.04276
  -0.04363
   0.04424
  -0.04461
   0.04472
  -0.04458
   0.04418
  -0.04354
   0.04264
  -0.04151
   0.04013
  -0.03853
   0.03671
  -0.03469
   0.03246
  -0.03005
   0.02747
  -0.02473
   0.02186
  -0.01886
   0.01575
  -0.01255
   0.00928
  -0.00596
   0.00260
   0.00077
  -0.00413
   0.00747
  -0.01077
   0.01401
  -0.01717
   0.02023
  -0.02318
   0.02600
  -0.02866
   0.03117
  -0.03350
   0.03563
  -0.03757
   0.03929
  -0.04079
   0.04205
  -0.04308
   0.04386
  -0.04439
   0.04467
  -0.04470
   0.04447
  -0.04399
   0.04327
  -0.04229
   0.04107
  -0.03962
   0.03795
  -0.03606
   0.03396
  -0.03168
   0.02921
  -0.02658
   0.02379
  -0.02087
   0.01783
  -0.01469
   0.01147
  -0.00818
   0.00484
  -0.00148
  -0.00189
   0.00525
  -0.00858
   0.01186
  -0.01508
   0.01821
  -0.02123
   0.02414
  -0.02690
   0.02952
  -0.03196
   0.03423
  -0.03630
   0.03816
  -0.03981
   0.04123
  -0.04242
   0.04337
  -0.04407
   0.04452
  -0.04471
   0.04465
  -0.04434
   0.04378
  -0.04297
   0.04191
  -0.04062
   0.03909
  -0.03734
   0.03538
  -0.03322
   0.03087
  -0.02835
   0.02566
  -0.02283
   0.01987
  -0.01680
   0.01363
  -0.01038
   0.00707
  -0.00373
   0.00036
   0.00301
  -0.00636
   0.00968
  -0.01294
   0.01613
  -0.01923
   0.02221
  -0.02507
   0.02779
  -0.03035
   0.03274
  -0.03494
   0.03694
  -0.03874
   0.04031
  -0.04166
   0.04276
  -0.04363
   0.04424
  -0.04461
   0.04472
  -0.04458
   0.04418
  -0.04354
   0.04264
  -0.04151
   0.04013
  -0.03853
   0.03671
  -0.03469
   0.03246
  -0.03005
   0.02747
  -0.02473
   0.02186
  -0.01886
   0.01575
  -0.01255
   0.00928
  -0.00596
   0.00260
   0.00077
  -0.00413
   0.00747
  -0.01077
   0.01401
  -0.01717
   0.02023
  -0.02318
   0.02600
  -0.02866
   0.03117
  -0.03350
   0.03563
  -0.03757
   0.03929
  -0.04079
   0.04205
  -0.04308
   0.04386
  -0.04439
   0.04467
  -0.04470
   0.04447
  -0.04399
   0.04327
  -0.04229
   0.04107
  -0.03962
   0.03795
  -0.03606
   0.03396
  -0.03168
   0.02921
  -0.02658
   0.02379
  -0.02087
   0.01783
  -0.01469
   0.01147
  -0.00818
   0.00484
  -0.00148
  -0.00189
   0.00525
  -0.00858
   0.01186
  -0.01508
   0.01821
  -0.02123
   0.02414
  -0.02690
   0.02952
  -0.03196
   0.03423
  -0.03630
   0.03816
  -0.03981
   0.04123
  -0.04242
   0.04337
  -0.04407
   0.04452
  -0.04471
   0.04465
  -0.04434
   0.04378
  -0.04297
   0.04191
  -0.04062
   0.03909
  -0.03734
   0.03538
  -0.03322
   0.03087
  -0.02835
   0.02566
  -0.02283
   0.01987
  -0.01680
   0.01363
  -0.01038
   0.00707
  -0.00373
   0.00036
   0.00301
  -0.00636
   0.00968
  -0.01294
   0.01613
  -0.01923
   0.02221
  -0.02507
   0.02779
  -0.03035
   0.03274
  -0.03494
   0.03694
  -0.03874
   0.04031
  -0.04166
   0.04276
  -0.04363
   0.04424
  -0.04461
   0.04472
  -0.04458
   0.04418
  -0.04354
   0.04264
  -0.04151
   0.04013
  -0.03853
   0.03671
  -0.03469
   0.03246
  -0.03005
   0.02747
  -0.02473
   0.02186
  -0.01886
   0.01575
  -0.01255
   0.00928
  -0.00596
   0.00260
   0.00077
  -0.00413
   0.00747
  -0.01077
   0.01401
  -0.01717
   0.02023
  -0.02318
   0.02600
  -0.02866
   0.03117
  -0.03350
   0.03563
  -0.03757
   0.03929
  -0.04079
   0.04205
  -0.04308
   0.04386
  -0.04439
   0.04467
  -0.04470
   0.04447
  -0.04399
   0.04327
  -0.04229
   0.04107
  -0.03962
   0.03795
  -0.03606
   0.03396
  -0.03168
   0.02921
  -0.02658
   0.02379
  -0.02087
   0.01783
  -0.01469
   0.01147
  -0.00818
   0.00484
  -0.00148
  -0.00189
   0.00525
  -0.00858
   0.01186
  -0.01508
   0.01821
  -0.02123
   0.02414
  -0.02690
   0.02952
  -0.03196
   0.03423
  -0.03630
   0.03816
  -0.03981
   0.04123
  -0.04242
   0.04337
  -0.04407
   0.04452
  -0.04471
   0.04465
  -0.04434
   0.04378
  -0.04297
   0.04191
  -0.04062
   0.03909
  -0.03734
   0.03538
  -0.03322
   0.03087
  -0.02835
   0.02566
  -0.02283
   0.01987
  -0.01680
   0.01363
  -0.01038
   0.00707
  -0.00373
   0.00036
   0.00301
  -0.00636
   0.00968
  -0.01294
   0.01613
  -0.01923
   0.02221
  -0.02507
   0.02779
  -0.03035
   0.03274
  -0.03494
   0.03694
  -0.03874
   0.04031
  -0.04166
   0.04276
  -0.04363
   0.04424
  -0.04461
   0.04472
  -0.04458
   0.04418
  -0.04354
   0.04264
  -0.04151
   0.04013
  -0.03853
   0.03671
  -0.03469
   0.03246
  -0.03005
   0.02747
  -0.02473
   0.02186
  -0.01886
   0.01575
  -0.01255
   0.00928
  -0.00596
   0.00260
   0.00077
  -0.00413
   0.00747
  -0.01077
   0.01401
  -0.01717
   0.02023
  -0.02318
   0.02600
  -0.02866
   0.03117
  -0.03350
   0.03563
  -0.03757
   0.03929
  -0.04079
   0.04205
  -0.04308
   0.04386
  -0.04439
   0.04467
  -0.04470
   0.04447
  -0.04399
   0.04327
  -0.04229
   0.04107
  -0.03962
   0.03795
  -0.03606
   0.03396
  -0.03168
   0.02921
  -0.02658
   0.02379
  -0.02087
   0.01783
  -0.01469
   0.01147
  -0.00818
   0.00484
  -0.00148
  -0.00189
   0.00525
  -0.00858
   0.01186
  -0.01508
   0.01821
  -0.02123
   0.02414
  -0.02690
   0.02952
  -0.03196
   0.03423
  -0.03630
   0.03816
  -0.03981
   0.04123
  -0.04242
   0.04337
  -0.04407
   0.04452
  -0.04471
   0.04465
  -0.04434
   0.04378
  -0.04297
   0.04191
  -0.04062
   0.03909
  -0.03734
   0.03538
  -0.03322
   0.03087
  -0.02835
   0.02566
  -0.02283
   0.01987
  -0.01680
   0.01363
  -0.01038
   0.00707
  -0.00373
   0.00036
   0.00301
  -0.00636
   0.00968
  -0.01294
   0.01613
  -0.01923
   0.02221
  -0.02507
   0.02779
  -0.03035
   0.03274
  -0.03494
   0.03694
  -0.03874
   0.04031
  -0.04166
   0.04276
  -0.04363
   0.04424
  -0.04461
   0.04472
