  -0.04091
   0.03186
   0.01745
  -0.04471
   0.01547
   0.03332
  -0.04000
  -0.00387
   0.04285
  -0.02768
  -0.02247
   0.04422
  -0.01009
  -0.03679
   0.03718
   0.00942
  -0.04412
   0.02306
   0.02714
  -0.04304
   0.00455
   0.03969
  -0.03377
  -0.01483
   0.04469
  -0.01808
  -0.03138
   0.04118
   0.00106
  -0.04196
   0.02983
   0.02000
  -0.04455
   0.01281
   0.03513
  -0.03867
  -0.00666
   0.04357
  -0.02542
  -0.02485
   0.04372
  -0.00733
  -0.03832
   0.03555
   0.01215
  -0.04449
   0.02061
   0.02932
  -0.04219
   0.00175
   0.04091
  -0.03186
  -0.01745
   0.04471
  -0.01547
  -0.03332
   0.04000
   0.00387
  -0.04285
   0.02768
   0.02247
  -0.04422
   0.01009
   0.03679
  -0.03718
  -0.00942
   0.04412
  -0.02306
  -0.02714
   0.04304
  -0.00455
  -0.03969
   0.03377
   0.01483
  -0.04469
   0.01808
   0.03138
  -0.04118
  -0.00106
   0.04196
  -0.02983
  -0.02000
   0.04455
  -0.01281
  -0.03513
   0.03867
   0.00666
  -0.04357
   0.02542
   0.02485
  -0.04372
   0.00733
   0.03832
  -0.03555
  -0.01215
   0.04449
  -0.02061
  -0.02932
   0.04219
  -0.00175
  -0.04091
   0.03186
   0.01745
  -0.04471
   0.01547
   0.03332
  -0.04000
  -0.00387
   0.04285
  -0.02768
  -0.02247
   0.04422
  -0.01009
  -0.03679
   0.03718
   0.00942
  -0.04412
   0.02306
   0.02714
  -0.04304
   0.00455
   0.03969
  -0.03377
  -0.01483
   0.04469
  -0.01808
  -0.03138
   0.04118
   0.00106
  -0.04196
   0.02983
   0.02000
  -0.04455
   0.01281
   0.03513
  -0.03867
  -0.00666
   0.04357
  -0.02542
  -0.02485
   0.04372
  -0.00733
  -0.03832
   0.03555
   0.01215
  -0.04449
   0.02061
   0.02932
  -0.04219
   0.00175
   0.04091
  -0.03186
  -0.01745
   0.04471
  -0.01547
  -0.03332
   0.04000
   0.00387
  -0.04285
   0.02768
   0.02247
  -0.04422
   0.01009
   0.03679
  -0.03718
  -0.00942
   0.04412
  -0.02306
  -0.02714
   0.04304
  -0.00455
  -0.03969
   0.03377
   0.01483
  -0.04469
   0.01808
   0.03138
  -0.04118
  -0.00106
   0.04196
  -0.02983
  -0.02000
   0.04455
  -0.01281
  -0.03513
   0.03867
   0.00666
  -0.04357
   0.02542
   0.02485
  -0.04372
   0.00733
   0.03832
  -0.03555
  -0.01215
   0.04449
  -0.02061
  -0.02932
   0.04219
  -0.00175
  -0.04091
   0.03186
   0.01745
  -0.04471
   0.01547
   0.03332
  -0.04000
  -0.00387
   0.04285
  -0.02768
  -0.02247
   0.04422
  -0.01009
  -0.03679
   0.03718
   0.00942
  -0.04412
   0.02306
   0.02714
  -0.04304
   0.00455
   0.03969
  -0.03377
  -0.01483
   0.04469
  -0.01808
  -0.03138
   0.04118
   0.00106
  -0.04196
   0.02983
   0.02000
  -0.04455
   0.01281
   0.03513
  -0.03867
  -0.00666
   0.04357
  -0.02542
  -0.02485
   0.04372
  -0.00733
  -0.03832
   0.03555
   0.01215
  -0.04449
   0.02061
   0.02932
  -0.04219
   0.00175
   0.04091
  -0.03186
  -0.01745
   0.04471
  -0.01547
  -0.03332
   0.04000
   0.00387
  -0.04285
   0.02768
   0.02247
  -0.04422
   0.01009
   0.03679
  -0.03718
  -0.00942
   0.04412
  -0.02306
  -0.02714
   0.04304
  -0.00455
  -0.03969
   0.03377
   0.01483
  -0.04469
   0.01808
   0.03138
  -0.04118
  -0.00106
   0.04196
  -0.02983
  -0.02000
   0.04455
  -0.01281
  -0.03513
   0.03867
   0.00666
  -0.04357
   0.02542
   0.02485
  -0.04372
   0.00733
   0.03832
  -0.03555
  -0.01215
   0.04449
  -0.02061
  -0.02932
   0.04219
  -0.00175
  -0.04091
   0.03186
   0.01745
  -0.04471
   0.01547
   0.03332
  -0.04000
  -0.00387
   0.04285
  -0.02768
  -0.02247
   0.04422
  -0.01009
  -0.03679
   0.03718
   0.00942
  -0.04412
   0.02306
   0.02714
  -0.04304
   0.00455
   0.03969
  -0.03377
  -0.01483
   0.04469
  -0.01808
  -0.03138
   0.04118
   0.00106
  -0.04196
   0.02983
   0.02000
  -0.04455
   0.01281
   0.03513
  -0.03867
  -0.00666
   0.04357
  -0.02542
  -0.02485
   0.04372
  -0.00733
  -0.03832
   0.03555
   0.01215
  -0.04449
   0.02061
   0.02932
  -0.04219
   0.00175
   0.04091
  -0.03186
  -0.01745
   0.04471
  -0.01547
  -0.03332
   0.04000
   0.00387
  -0.04285
   0.02768
   0.02247
  -0.04422
   0.01009
   0.03679
  -0.03718
  -0.00942
   0.04412
  -0.02306
  -0.02714
   0.04304
  -0.00455
  -0.03969
   0.03377
   0.01483
  -0.04469
   0.01808
   0.03138
  -0.04118
  -0.00106
   0.04196
  -0.02983
  -0.02000
   0.04455
  -0.01281
  -0.03513
   0.03867
   0.00666
  -0.04357
   0.02542
   0.02485
  -0.04372
   0.00733
   0.03832
  -0.03555
  -0.01215
   0.04449
  -0.02061
  -0.02932
   0.04219
  -0.00175
  -0.04091
   0.03186
   0.01745
  -0.04471
   0.01547
   0.03332
  -0.04000
  -0.00387
   0.04285
  -0.02768
  -0.02247
   0.04422
  -0.01009
  -0.03679
   0.03718
   0.00942
  -0.04412
   0.02306
   0.02714
  -0.04304
   0.00455
   0.03969
  -0.03377
  -0.01483
   0.04469
  -0.01808
  -0.03138
   0.04118
   0.00106
  -0.04196
   0.02983
   0.02000
  -0.04455
   0.01281
   0.03513
  -0.03867
  -0.00666
   0.04357
  -0.02542
  -0.02485
   0.04372
  -0.00733
  -0.03832
   0.03555
   0.01215
  -0.04449
   0.02061
   0.02932
  -0.04219
   0.00175
   0.04091
  -0.03186
  -0.01745
   0.04471
  -0.01547
  -0.03332
   0.04000
   0.00387
  -0.04285
   0.02768
   0.02247
  -0.04422
   0.01009
   0.03679
  -0.03718
  -0.00942
   0.04412
  -0.02306
  -0.02714
   0.04304
  -0.00455
  -0.03969
   0.03377
   0.01483
  -0.04469
   0.01808
   0.03138
  -0.04118
  -0.00106
   0.04196
  -0.02983
  -0.02000
   0.04455
  -0.01281
  -0.03513
   0.03867
   0.00666
  -0.04357
   0.02542
   0.02485
  -0.04372
   0.00733
   0.03832
  -0.03555
  -0.01215
   0.04449
  -0.02061
  -0.02932
   0.04219
  -0.00175
  -0.04091
   0.03186
   0.01745
  -0.04471
   0.01547
   0.03332
  -0.04000
  -0.00387
   0.04285
  -0.02768
  -0.02247
   0.04422
  -0.01009
  -0.03679
   0.03718
   0.00942
  -0.04412
   0.02306
   0.02714
  -0.04304
   0.00455
   0.03969
  -0.03377
  -0.01483
   0.04469
  -0.01808
  -0.03138
   0.04118
   0.00106
  -0.04196
   0.02983
   0.02000
  -0.04455
   0.01281
   0.03513
  -0.03867
  -0.00666
   0.04357
  -0.02542
  -0.02485
   0.04372
  -0.00733
  -0.03832
   0.03555
   0.01215
  -0.04449
   0.02061
   0.02932
  -0.04219
   0.00175
   0.04091
  -0.03186
  -0.01745
   0.04471
  -0.01547
  -0.03332
   0.04000
   0.00387
  -0.04285
   0.02768
   0.02247
  -0.04422
   0.01009
   0.03679
  -0.03718
  -0.00942
   0.04412
  -0.02306
  -0.02714
   0.04304
  -0.00455
  -0.03969
   0.03377
   0.01483
  -0.04469
   0.01808
   0.03138
  -0.04118
  -0.00106
   0.04196
  -0.02983
  -0.02000
   0.04455
  -0.01281
  -0.03513
   0.03867
   0.00666
  -0.04357
   0.02542
   0.02485
  -0.04372
   0.00733
   0.03832
  -0.03555
  -0.01215
   0.04449
  -0.02061
  -0.02932
   0.04219
  -0.00175
  -0.04091
   0.03186
   0.01745
  -0.04471
   0.01547
   0.03332
  -0.04000
  -0.00387
   0.04285
  -0.02768
  -0.02247
   0.04422
  -0.01009
  -0.03679
   0.03718
   0.00942
  -0.04412
   0.02306
   0.02714
  -0.04304
   0.00455
   0.03969
  -0.03377
  -0.01483
   0.04469
  -0.01808
  -0.03138
   0.04118
   0.00106
  -0.04196
   0.02983
   0.02000
  -0.04455
   0.01281
   0.03513
  -0.03867
  -0.00666
   0.04357
  -0.02542
  -0.02485
   0.04372
  -0.00733
  -0.03832
   0.03555
   0.01215
  -0.04449
   0.02061
   0.02932
  -0.04219
   0.00175
   0.04091
  -0.03186
  -0.01745
   0.04471
  -0.01547
  -0.03332
   0.04000
   0.00387
  -0.04285
   0.02768
   0.02247
  -0.04422
   0.01009
   0.03679
  -0.03718
  -0.00942
   0.04412
  -0.02306
  -0.02714
   0.04304
  -0.00455
  -0.03969
   0.03377
   0.01483
  -0.04469
   0.01808
   0.03138
  -0.04118
  -0.00106
   0.04196
  -0.02983
  -0.02000
   0.04455
  -0.01281
  -0.03513
   0.03867
   0.00666
  -0.04357
   0.02542
   0.02485
  -0.04372
   0.00733
   0.03832
  -0.03555
  -0.01215
   0.04449
  -0.02061
  -0.02932
   0.04219
  -0.00175
  -0.04091
   0.03186
   0.01745
  -0.04471
   0.01547
   0.03332
  -0.04000
  -0.00387
   0.04285
  -0.02768
  -0.02247
   0.04422
  -0.01009
  -0.03679
   0.03718
   0.00942
  -0.04412
   0.02306
   0.02714
  -0.04304
   0.00455
   0.03969
  -0.03377
  -0.01483
   0.04469
  -0.01808
  -0.03138
   0.04118
   0.00106
  -0.04196
   0.02983
   0.02000
  -0.04455
   0.01281
   0.03513
  -0.03867
  -0.00666
   0.04357
  -0.02542
  -0.02485
   0.04372
  -0.00733
  -0.03832
   0.03555
   0.01215
  -0.04449
   0.02061
   0.02932
  -0.04219
   0.00175
   0.04091
  -0.03186
  -0.01745
   0.04471
  -0.01547
  -0.03332
   0.04000
   0.00387
  -0.04285
   0.02768
   0.02247
  -0.04422
   0.01009
   0.03679
  -0.03718
  -0.00942
   0.04412
  -0.02306
  -0.02714
   0.04304
  -0.00455
  -0.03969
   0.03377
   0.01483
  -0.04469
   0.01808
   0.03138
  -0.04118
  -0.00106
   0.04196
  -0.02983
  -0.02000
   0.04455
  -0.01281
  -0.03513
   0.03867
   0.00666
  -0.04357
   0.02542
   0.02485
  -0.04372
   0.00733
   0.03832
  -0.03555
  -0.01215
   0.04449
  -0.02061
  -0.02932
   0.04219
  -0.00175
  -0.04091
   0.03186
   0.01745
  -0.04471
   0.01547
   0.03332
  -0.04000
  -0.00387
   0.04285
  -0.02768
  -0.02247
   0.04422
  -0.01009
  -0.03679
   0.03718
   0.00942
  -0.04412
   0.02306
   0.02714
  -0.04304
   0.00455
   0.03969
  -0.03377
  -0.01483
   0.04469
  -0.01808
  -0.03138
   0.04118
   0.00106
  -0.04196
   0.02983
   0.02000
  -0.04455
   0.01281
   0.03513
  -0.03867
  -0.00666
   0.04357
  -0.02542
  -0.02485
   0.04372
  -0.00733
  -0.03832
   0.03555
   0.01215
  -0.04449
   0.02061
   0.02932
  -0.04219
   0.00175
   0.04091
  -0.03186
  -0.01745
   0.04471
  -0.01547
  -0.03332
   0.04000
   0.00387
  -0.04285
   0.02768
   0.02247
  -0.04422
   0.01009
   0.03679
  -0.03718
  -0.00942
   0.04412
  -0.02306
  -0.02714
   0.04304
  -0.00455
  -0.03969
   0.03377
   0.01483
  -0.04469
   0.01808
   0.03138
  -0.04118
  -0.00106
   0.04196
  -0.02983
  -0.02000
   0.04455
  -0.01281
  -0.03513
   0.03867
   0.00666
  -0.04357
   0.02542
   0.02485
  -0.04372
   0.00733
   0.03832
  -0.03555
  -0.01215
   0.04449
  -0.02061
  -0.02932
   0.04219
  -0.00175
  -0.04091
   0.03186
   0.01745
  -0.04471
   0.01547
   0.03332
  -0.04000
  -0.00387
   0.04285
  -0.02768
  -0.02247
   0.04422
  -0.01009
  -0.03679
   0.03718
   0.00942
  -0.04412
   0.02306
   0.02714
  -0.04304
   0.00455
   0.03969
  -0.03377
  -0.01483
   0.04469
  -0.01808
  -0.03138
   0.04118
   0.00106
  -0.04196
   0.02983
   0.02000
  -0.04455
   0.01281
   0.03513
  -0.03867
  -0.00666
   0.04357
  -0.02542
  -0.02485
   0.04372
  -0.00733
  -0.03832
   0.03555
   0.01215
  -0.04449
   0.02061
   0.02932
  -0.04219
   0.00175
   0.04091
  -0.03186
  -0.01745
   0.04471
  -0.01547
  -0.03332
   0.04000
   0.00387
  -0.04285
   0.02768
   0.02247
  -0.04422
   0.01009
   0.03679
  -0.03718
  -0.00942
   0.04412
  -0.02306
  -0.02714
   0.04304
  -0.00455
  -0.03969
   0.03377
   0.01483
  -0.04469
   0.01808
   0.03138
  -0.04118
  -0.00106
   0.04196
  -0.02983
  -0.02000
   0.04455
  -0.01281
  -0.03513
   0.03867
   0.00666
  -0.04357
   0.02542
   0.02485
  -0.04372
   0.00733
   0.03832
  -0.03555
  -0.01215
   0.04449
  -0.02061
  -0.02932
   0.04219
  -0.00175
