   0.00809
   0.04245
  -0.01979
  -0.03700
   0.02998
   0.02873
  -0.03790
  -0.01829
   0.04294
   0.00646
  -0.04472
   0.00587
   0.04310
  -0.01775
  -0.03821
   0.02828
   0.03042
  -0.03666
  -0.02032
   0.04226
   0.00867
  -0.04465
   0.00363
   0.04365
  -0.01566
  -0.03933
   0.02650
   0.03203
  -0.03533
  -0.02229
   0.04147
   0.01086
  -0.04446
   0.00139
   0.04408
  -0.01354
  -0.04035
   0.02466
   0.03356
  -0.03390
  -0.02421
   0.04058
   0.01303
  -0.04417
  -0.00086
   0.04440
  -0.01138
  -0.04127
   0.02275
   0.03500
  -0.03240
  -0.02607
   0.03958
   0.01516
  -0.04376
  -0.00310
   0.04462
  -0.00919
  -0.04208
   0.02079
   0.03635
  -0.03081
  -0.02786
   0.03849
   0.01726
  -0.04324
  -0.00534
   0.04471
  -0.00698
  -0.04279
   0.01877
   0.03762
  -0.02914
  -0.02959
   0.03729
   0.01931
  -0.04261
  -0.00757
   0.04470
  -0.00475
  -0.04339
   0.01671
   0.03878
  -0.02740
  -0.03123
   0.03601
   0.02131
  -0.04188
  -0.00977
   0.04457
  -0.00251
  -0.04388
   0.01460
   0.03985
  -0.02559
  -0.03280
   0.03463
   0.02326
  -0.04104
  -0.01195
   0.04433
  -0.00027
  -0.04426
   0.01246
   0.04082
  -0.02371
  -0.03429
   0.03316
   0.02515
  -0.04009
  -0.01410
   0.04398
   0.00198
  -0.04452
   0.01029
   0.04169
  -0.02178
  -0.03569
   0.03161
   0.02698
  -0.03905
  -0.01622
   0.04351
   0.00422
  -0.04468
   0.00809
   0.04245
  -0.01979
  -0.03700
   0.02998
   0.02873
  -0.03790
  -0.01829
   0.04294
   0.00646
  -0.04472
   0.00587
   0.04310
  -0.01775
  -0.03821
   0.02828
   0.03042
  -0.03666
  -0.02032
   0.04226
   0.00867
  -0.04465
   0.00363
   0.04365
  -0.01566
  -0.03933
   0.02650
   0.03203
  -0.03533
  -0.02229
   0.04147
   0.01086
  -0.04446
   0.00139
   0.04408
  -0.01354
  -0.04035
   0.02466
   0.03356
  -0.03390
  -0.02421
   0.04058
   0.01303
  -0.04417
  -0.00086
   0.04440
  -0.01138
  -0.04127
   0.02275
   0.03500
  -0.03240
  -0.02607
   0.03958
   0.01516
  -0.04376
  -0.00310
   0.04462
  -0.00919
  -0.04208
   0.02079
   0.03635
  -0.03081
  -0.02786
   0.03849
   0.01726
  -0.04324
  -0.00534
   0.04471
  -0.00698
  -0.04279
   0.01877
   0.03762
  -0.02914
  -0.02959
   0.03729
   0.01931
  -0.04261
  -0.00757
   0.04470
  -0.00475
  -0.04339
   0.01671
   0.03878
  -0.02740
  -0.03123
   0.03601
   0.02131
  -0.04188
  -0.00977
   0.04457
  -0.00251
  -0.04388
   0.01460
   0.03985
  -0.02559
  -0.03280
   0.03463
   0.02326
  -0.04104
  -0.01195
   0.04433
  -0.00027
  -0.04426
   0.01246
   0.04082
  -0.02371
  -0.03429
   0.03316
   0.02515
  -0.04009
  -0.01410
   0.04398
   0.00198
  -0.04452
   0.01029
   0.04169
  -0.02178
  -0.03569
   0.03161
   0.02698
  -0.03905
  -0.01622
   0.04351
   0.00422
  -0.04468
   0.00809
   0.04245
  -0.01979
  -0.03700
   0.02998
   0.02873
  -0.03790
  -0.01829
   0.04294
   0.00646
  -0.04472
   0.00587
   0.04310
  -0.01775
  -0.03821
   0.02828
   0.03042
  -0.03666
  -0.02032
   0.04226
   0.00867
  -0.04465
   0.00363
   0.04365
  -0.01566
  -0.03933
   0.02650
   0.03203
  -0.03533
  -0.02229
   0.04147
   0.01086
  -0.04446
   0.00139
   0.04408
  -0.01354
  -0.04035
   0.02466
   0.03356
  -0.03390
  -0.02421
   0.04058
   0.01303
  -0.04417
  -0.00086
   0.04440
  -0.01138
  -0.04127
   0.02275
   0.03500
  -0.03240
  -0.02607
   0.03958
   0.01516
  -0.04376
  -0.00310
   0.04462
  -0.00919
  -0.04208
   0.02079
   0.03635
  -0.03081
  -0.02786
   0.03849
   0.01726
  -0.04324
  -0.00534
   0.04471
  -0.00698
  -0.04279
   0.01877
   0.03762
  -0.02914
  -0.02959
   0.03729
   0.01931
  -0.04261
  -0.00757
   0.04470
  -0.00475
  -0.04339
   0.01671
   0.03878
  -0.02740
  -0.03123
   0.03601
   0.02131
  -0.04188
  -0.00977
   0.04457
  -0.00251
  -0.04388
   0.01460
   0.03985
  -0.02559
  -0.03280
   0.03463
   0.02326
  -0.04104
  -0.01195
   0.04433
  -0.00027
  -0.04426
   0.01246
   0.04082
  -0.02371
  -0.03429
   0.03316
   0.02515
  -0.04009
  -0.01410
   0.04398
   0.00198
  -0.04452
   0.01029
   0.04169
  -0.02178
  -0.03569
   0.03161
   0.02698
  -0.03905
  -0.01622
   0.04351
   0.00422
  -0.04468
   0.00809
   0.04245
  -0.01979
  -0.03700
   0.02998
   0.02873
  -0.03790
  -0.01829
   0.04294
   0.00646
  -0.04472
   0.00587
   0.04310
  -0.01775
  -0.03821
   0.02828
   0.03042
  -0.03666
  -0.02032
   0.04226
   0.00867
  -0.04465
   0.00363
   0.04365
  -0.01566
  -0.03933
   0.02650
   0.03203
  -0.03533
  -0.02229
   0.04147
   0.01086
  -0.04446
   0.00139
   0.04408
  -0.01354
  -0.04035
   0.02466
   0.03356
  -0.03390
  -0.02421
   0.04058
   0.01303
  -0.04417
  -0.00086
   0.04440
  -0.01138
  -0.04127
   0.02275
   0.03500
  -0.03240
  -0.02607
   0.03958
   0.01516
  -0.04376
  -0.00310
   0.04462
  -0.00919
  -0.04208
   0.02079
   0.03635
  -0.03081
  -0.02786
   0.03849
   0.01726
  -0.04324
  -0.00534
   0.04471
  -0.00698
  -0.04279
   0.01877
   0.03762
  -0.02914
  -0.02959
   0.03729
   0.01931
  -0.04261
  -0.00757
   0.04470
  -0.00475
  -0.04339
   0.01671
   0.03878
  -0.02740
  -0.03123
   0.03601
   0.02131
  -0.04188
  -0.00977
   0.04457
  -0.00251
  -0.04388
   0.01460
   0.03985
  -0.02559
  -0.03280
   0.03463
   0.02326
  -0.04104
  -0.01195
   0.04433
  -0.00027
  -0.04426
   0.01246
   0.04082
  -0.02371
  -0.03429
   0.03316
   0.02515
  -0.04009
  -0.01410
   0.04398
   0.00198
  -0.04452
   0.01029
   0.04169
  -0.02178
  -0.03569
   0.03161
   0.02698
  -0.03905
  -0.01622
   0.04351
   0.00422
  -0.04468
   0.00809
   0.04245
  -0.01979
  -0.03700
   0.02998
   0.02873
  -0.03790
  -0.01829
   0.04294
   0.00646
  -0.04472
   0.00587
   0.04310
  -0.01775
  -0.03821
   0.02828
   0.03042
  -0.03666
  -0.02032
   0.04226
   0.00867
  -0.04465
   0.00363
   0.04365
  -0.01566
  -0.03933
   0.02650
   0.03203
  -0.03533
  -0.02229
   0.04147
   0.01086
  -0.04446
   0.00139
   0.04408
  -0.01354
  -0.04035
   0.02466
   0.03356
  -0.03390
  -0.02421
   0.04058
   0.01303
  -0.04417
  -0.00086
   0.04440
  -0.01138
  -0.04127
   0.02275
   0.03500
  -0.03240
  -0.02607
   0.03958
   0.01516
  -0.04376
  -0.00310
   0.04462
  -0.00919
  -0.04208
   0.02079
   0.03635
  -0.03081
  -0.02786
   0.03849
   0.01726
  -0.04324
  -0.00534
   0.04471
  -0.00698
  -0.04279
   0.01877
   0.03762
  -0.02914
  -0.02959
   0.03729
   0.01931
  -0.04261
  -0.00757
   0.04470
  -0.00475
  -0.04339
   0.01671
   0.03878
  -0.02740
  -0.03123
   0.03601
   0.02131
  -0.04188
  -0.00977
   0.04457
  -0.00251
  -0.04388
   0.01460
   0.03985
  -0.02559
  -0.03280
   0.03463
   0.02326
  -0.04104
  -0.01195
   0.04433
  -0.00027
  -0.04426
   0.01246
   0.04082
  -0.02371
  -0.03429
   0.03316
   0.02515
  -0.04009
  -0.01410
   0.04398
   0.00198
  -0.04452
   0.01029
   0.04169
  -0.02178
  -0.03569
   0.03161
   0.02698
  -0.03905
  -0.01622
   0.04351
   0.00422
  -0.04468
   0.00809
   0.04245
  -0.01979
  -0.03700
   0.02998
   0.02873
  -0.03790
  -0.01829
   0.04294
   0.00646
  -0.04472
   0.00587
   0.04310
  -0.01775
  -0.03821
   0.02828
   0.03042
  -0.03666
  -0.02032
   0.04226
   0.00867
  -0.04465
   0.00363
   0.04365
  -0.01566
  -0.03933
   0.02650
   0.03203
  -0.03533
  -0.02229
   0.04147
   0.01086
  -0.04446
   0.00139
   0.04408
  -0.01354
  -0.04035
   0.02466
   0.03356
  -0.03390
  -0.02421
   0.04058
   0.01303
  -0.04417
  -0.00086
   0.04440
  -0.01138
  -0.04127
   0.02275
   0.03500
  -0.03240
  -0.02607
   0.03958
   0.01516
  -0.04376
  -0.00310
   0.04462
  -0.00919
  -0.04208
   0.02079
   0.03635
  -0.03081
  -0.02786
   0.03849
   0.01726
  -0.04324
  -0.00534
   0.04471
  -0.00698
  -0.04279
   0.01877
   0.03762
  -0.02914
  -0.02959
   0.03729
   0.01931
  -0.04261
  -0.00757
   0.04470
  -0.00475
  -0.04339
   0.01671
   0.03878
  -0.02740
  -0.03123
   0.03601
   0.02131
  -0.04188
  -0.00977
   0.04457
  -0.00251
  -0.04388
   0.01460
   0.03985
  -0.02559
  -0.03280
   0.03463
   0.02326
  -0.04104
  -0.01195
   0.04433
  -0.00027
  -0.04426
   0.01246
   0.04082
  -0.02371
  -0.03429
   0.03316
   0.02515
  -0.04009
  -0.01410
   0.04398
   0.00198
  -0.04452
   0.01029
   0.04169
  -0.02178
  -0.03569
   0.03161
   0.02698
  -0.03905
  -0.01622
   0.04351
   0.00422
  -0.04468
   0.00809
   0.04245
  -0.01979
  -0.03700
   0.02998
   0.02873
  -0.03790
  -0.01829
   0.04294
   0.00646
  -0.04472
   0.00587
   0.04310
  -0.01775
  -0.03821
   0.02828
   0.03042
  -0.03666
  -0.02032
   0.04226
   0.00867
  -0.04465
   0.00363
   0.04365
  -0.01566
  -0.03933
   0.02650
   0.03203
  -0.03533
  -0.02229
   0.04147
   0.01086
  -0.04446
   0.00139
   0.04408
  -0.01354
  -0.04035
   0.02466
   0.03356
  -0.03390
  -0.02421
   0.04058
   0.01303
  -0.04417
  -0.00086
   0.04440
  -0.01138
  -0.04127
   0.02275
   0.03500
  -0.03240
  -0.02607
   0.03958
   0.01516
  -0.04376
  -0.00310
   0.04462
  -0.00919
  -0.04208
   0.02079
   0.03635
  -0.03081
  -0.02786
   0.03849
   0.01726
  -0.04324
  -0.00534
   0.04471
  -0.00698
  -0.04279
   0.01877
   0.03762
  -0.02914
  -0.02959
   0.03729
   0.01931
  -0.04261
  -0.00757
   0.04470
  -0.00475
  -0.04339
   0.01671
   0.03878
  -0.02740
  -0.03123
   0.03601
   0.02131
  -0.04188
  -0.00977
   0.04457
  -0.00251
  -0.04388
   0.01460
   0.03985
  -0.02559
  -0.03280
   0.03463
   0.02326
  -0.04104
  -0.01195
   0.04433
  -0.00027
  -0.04426
   0.01246
   0.04082
  -0.02371
  -0.03429
   0.03316
   0.02515
  -0.04009
  -0.01410
   0.04398
   0.00198
  -0.04452
   0.01029
   0.04169
  -0.02178
  -0.03569
   0.03161
   0.02698
  -0.03905
  -0.01622
   0.04351
   0.00422
  -0.04468
   0.00809
   0.04245
  -0.01979
  -0.03700
   0.02998
   0.02873
  -0.03790
  -0.01829
   0.04294
   0.00646
  -0.04472
   0.00587
   0.04310
  -0.01775
  -0.03821
   0.02828
   0.03042
  -0.03666
  -0.02032
   0.04226
   0.00867
  -0.04465
   0.00363
   0.04365
  -0.01566
  -0.03933
   0.02650
   0.03203
  -0.03533
  -0.02229
   0.04147
   0.01086
  -0.04446
   0.00139
   0.04408
  -0.01354
  -0.04035
   0.02466
   0.03356
  -0.03390
  -0.02421
   0.04058
   0.01303
  -0.04417
  -0.00086
   0.04440
  -0.01138
  -0.04127
   0.02275
   0.03500
  -0.03240
  -0.02607
   0.03958
   0.01516
  -0.04376
  -0.00310
   0.04462
  -0.00919
  -0.04208
   0.02079
   0.03635
  -0.03081
  -0.02786
   0.03849
   0.01726
  -0.04324
  -0.00534
   0.04471
  -0.00698
  -0.04279
   0.01877
   0.03762
  -0.02914
  -0.02959
   0.03729
   0.01931
  -0.04261
  -0.00757
   0.04470
  -0.00475
  -0.04339
   0.01671
   0.03878
  -0.02740
  -0.03123
   0.03601
   0.02131
  -0.04188
  -0.00977
   0.04457
  -0.00251
  -0.04388
   0.01460
   0.03985
  -0.02559
  -0.03280
   0.03463
   0.02326
  -0.04104
  -0.01195
   0.04433
  -0.00027
  -0.04426
   0.01246
   0.04082
  -0.02371
  -0.03429
   0.03316
   0.02515
  -0.04009
  -0.01410
   0.04398
   0.00198
  -0.04452
   0.01029
   0.04169
  -0.02178
  -0.03569
   0.03161
   0.02698
  -0.03905
  -0.01622
   0.04351
   0.00422
  -0.04468
