   0.02420
  -0.01878
  -0.04433
  -0.02872
   0.01355
   0.04324
   0.03279
  -0.00810
  -0.04148
  -0.03635
   0.00252
   0.03905
   0.03933
   0.00309
  -0.03601
  -0.04168
  -0.00866
   0.03241
   0.04339
   0.01409
  -0.02829
  -0.04440
  -0.01930
   0.02372
   0.04472
   0.02420
  -0.01878
  -0.04433
  -0.02872
   0.01355
   0.04324
   0.03279
  -0.00810
  -0.04148
  -0.03635
   0.00252
   0.03905
   0.03933
   0.00309
  -0.03601
  -0.04168
  -0.00866
   0.03241
   0.04339
   0.01409
  -0.02829
  -0.04440
  -0.01930
   0.02372
   0.04472
   0.02420
  -0.01878
  -0.04433
  -0.02872
   0.01355
   0.04324
   0.03279
  -0.00810
  -0.04148
  -0.03635
   0.00252
   0.03905
   0.03933
   0.00309
  -0.03601
  -0.04168
  -0.00866
   0.03241
   0.04339
   0.01409
  -0.02829
  -0.04440
  -0.01930
   0.02372
   0.04472
   0.02420
  -0.01878
  -0.04433
  -0.02872
   0.01355
   0.04324
   0.03279
  -0.00810
  -0.04148
  -0.03635
   0.00252
   0.03905
   0.03933
   0.00309
  -0.03601
  -0.04168
  -0.00866
   0.03241
   0.04339
   0.01409
  -0.02829
  -0.04440
  -0.01930
   0.02372
   0.04472
   0.02420
  -0.01878
  -0.04433
  -0.02872
   0.01355
   0.04324
   0.03279
  -0.00810
  -0.04148
  -0.03635
   0.00252
   0.03905
   0.03933
   0.00309
  -0.03601
  -0.04168
  -0.00866
   0.03241
   0.04339
   0.01409
  -0.02829
  -0.04440
  -0.01930
   0.02372
   0.04472
   0.02420
  -0.01878
  -0.04433
  -0.02872
   0.01355
   0.04324
   0.03279
  -0.00810
  -0.04148
  -0.03635
   0.00252
   0.03905
   0.03933
   0.00309
  -0.03601
  -0.04168
  -0.00866
   0.03241
   0.04339
   0.01409
  -0.02829
  -0.04440
  -0.01930
   0.02372
   0.04472
   0.02420
  -0.01878
  -0.04433
  -0.02872
   0.01355
   0.04324
   0.03279
  -0.00810
  -0.04148
  -0.03635
   0.00252
   0.03905
   0.03933
   0.00309
  -0.03601
  -0.04168
  -0.00866
   0.03241
   0.04339
   0.01409
  -0.02829
  -0.04440
  -0.01930
   0.02372
   0.04472
   0.02420
  -0.01878
  -0.04433
  -0.02872
   0.01355
   0.04324
   0.03279
  -0.00810
  -0.04148
  -0.03635
   0.00252
   0.03905
   0.03933
   0.00309
  -0.03601
  -0.04168
  -0.00866
   0.03241
   0.04339
   0.01409
  -0.02829
  -0.04440
  -0.01930
   0.02372
   0.04472
   0.02420
  -0.01878
  -0.04433
  -0.02872
   0.01355
   0.04324
   0.03279
  -0.00810
  -0.04148
  -0.03635
   0.00252
   0.03905
   0.03933
   0.00309
  -0.03601
  -0.04168
  -0.00866
   0.03241
   0.04339
   0.01409
  -0.02829
  -0.04440
  -0.01930
   0.02372
   0.04472
   0.02420
  -0.01878
  -0.04433
  -0.02872
   0.01355
   0.04324
   0.03279
  -0.00810
  -0.04148
  -0.03635
   0.00252
   0.03905
   0.03933
   0.00309
  -0.03601
  -0.04168
  -0.00866
   0.03241
   0.04339
   0.01409
  -0.02829
  -0.04440
  -0.01930
   0.02372
   0.04472
   0.02420
  -0.01878
  -0.04433
  -0.02872
   0.01355
   0.04324
   0.03279
  -0.00810
  -0.04148
  -0.03635
   0.00252
   0.03905
   0.03933
   0.00309
  -0.03601
  -0.04168
  -0.00866
   0.03241
   0.04339
   0.01409
  -0.02829
  -0.04440
  -0.01930
   0.02372
   0.04472
   0.02420
  -0.01878
  -0.04433
  -0.02872
   0.01355
   0.04324
   0.03279
  -0.00810
  -0.04148
  -0.03635
   0.00252
   0.03905
   0.03933
   0.00309
  -0.03601
  -0.04168
  -0.00866
   0.03241
   0.04339
   0.01409
  -0.02829
  -0.04440
  -0.01930
   0.02372
   0.04472
   0.02420
  -0.01878
  -0.04433
  -0.02872
   0.01355
   0.04324
   0.03279
  -0.00810
  -0.04148
  -0.03635
   0.00252
   0.03905
   0.03933
   0.00309
  -0.03601
  -0.04168
  -0.00866
   0.03241
   0.04339
   0.01409
  -0.02829
  -0.04440
  -0.01930
   0.02372
   0.04472
   0.02420
  -0.01878
  -0.04433
  -0.02872
   0.01355
   0.04324
   0.03279
  -0.00810
  -0.04148
  -0.03635
   0.00252
   0.03905
   0.03933
   0.00309
  -0.03601
  -0.04168
  -0.00866
   0.03241
   0.04339
   0.01409
  -0.02829
  -0.04440
  -0.01930
   0.02372
   0.04472
   0.02420
  -0.01878
  -0.04433
  -0.02872
   0.01355
   0.04324
   0.03279
  -0.00810
  -0.04148
  -0.03635
   0.00252
   0.03905
   0.03933
   0.00309
  -0.03601
  -0.04168
  -0.00866
   0.03241
   0.04339
   0.01409
  -0.02829
  -0.04440
  -0.01930
   0.02372
   0.04472
   0.02420
  -0.01878
  -0.04433
  -0.02872
   0.01355
   0.04324
   0.03279
  -0.00810
  -0.04148
  -0.03635
   0.00252
   0.03905
   0.03933
   0.00309
  -0.03601
  -0.04168
  -0.00866
   0.03241
   0.04339
   0.01409
  -0.02829
  -0.04440
  -0.01930
   0.02372
   0.04472
   0.02420
  -0.01878
  -0.04433
  -0.02872
   0.01355
   0.04324
   0.03279
  -0.00810
  -0.04148
  -0.03635
   0.00252
   0.03905
   0.03933
   0.00309
  -0.03601
  -0.04168
  -0.00866
   0.03241
   0.04339
   0.01409
  -0.02829
  -0.04440
  -0.01930
   0.02372
   0.04472
   0.02420
  -0.01878
  -0.04433
  -0.02872
   0.01355
   0.04324
   0.03279
  -0.00810
  -0.04148
  -0.03635
   0.00252
   0.03905
   0.03933
   0.00309
  -0.03601
  -0.04168
  -0.00866
   0.03241
   0.04339
   0.01409
  -0.02829
  -0.04440
  -0.01930
   0.02372
   0.04472
   0.02420
  -0.01878
  -0.04433
  -0.02872
   0.01355
   0.04324
   0.03279
  -0.00810
  -0.04148
  -0.03635
   0.00252
   0.03905
   0.03933
   0.00309
  -0.03601
  -0.04168
  -0.00866
   0.03241
   0.04339
   0.01409
  -0.02829
  -0.04440
  -0.01930
   0.02372
   0.04472
   0.02420
  -0.01878
  -0.04433
  -0.02872
   0.01355
   0.04324
   0.03279
  -0.00810
  -0.04148
  -0.03635
   0.00252
   0.03905
   0.03933
   0.00309
  -0.03601
  -0.04168
  -0.00866
   0.03241
   0.04339
   0.01409
  -0.02829
  -0.04440
  -0.01930
   0.02372
   0.04472
   0.02420
  -0.01878
  -0.04433
  -0.02872
   0.01355
   0.04324
   0.03279
  -0.00810
  -0.04148
  -0.03635
   0.00252
   0.03905
   0.03933
   0.00309
  -0.03601
  -0.04168
  -0.00866
   0.03241
   0.04339
   0.01409
  -0.02829
  -0.04440
  -0.01930
   0.02372
   0.04472
   0.02420
  -0.01878
  -0.04433
  -0.02872
   0.01355
   0.04324
   0.03279
  -0.00810
  -0.04148
  -0.03635
   0.00252
   0.03905
   0.03933
   0.00309
  -0.03601
  -0.04168
  -0.00866
   0.03241
   0.04339
   0.01409
  -0.02829
  -0.04440
  -0.01930
   0.02372
   0.04472
   0.02420
  -0.01878
  -0.04433
  -0.02872
   0.01355
   0.04324
   0.03279
  -0.00810
  -0.04148
  -0.03635
   0.00252
   0.03905
   0.03933
   0.00309
  -0.03601
  -0.04168
  -0.00866
   0.03241
   0.04339
   0.01409
  -0.02829
  -0.04440
  -0.01930
   0.02372
   0.04472
   0.02420
  -0.01878
  -0.04433
  -0.02872
   0.01355
   0.04324
   0.03279
  -0.00810
  -0.04148
  -0.03635
   0.00252
   0.03905
   0.03933
   0.00309
  -0.03601
  -0.04168
  -0.00866
   0.03241
   0.04339
   0.01409
  -0.02829
  -0.04440
  -0.01930
   0.02372
   0.04472
   0.02420
  -0.01878
  -0.04433
  -0.02872
   0.01355
   0.04324
   0.03279
  -0.00810
  -0.04148
  -0.03635
   0.00252
   0.03905
   0.03933
   0.00309
  -0.03601
  -0.04168
  -0.00866
   0.03241
   0.04339
   0.01409
  -0.02829
  -0.04440
  -0.01930
   0.02372
   0.04472
   0.02420
  -0.01878
  -0.04433
  -0.02872
   0.01355
   0.04324
   0.03279
  -0.00810
  -0.04148
  -0.03635
   0.00252
   0.03905
   0.03933
   0.00309
  -0.03601
  -0.04168
  -0.00866
   0.03241
   0.04339
   0.01409
  -0.02829
  -0.04440
  -0.01930
   0.02372
   0.04472
   0.02420
  -0.01878
  -0.04433
  -0.02872
   0.01355
   0.04324
   0.03279
  -0.00810
  -0.04148
  -0.03635
   0.00252
   0.03905
   0.03933
   0.00309
  -0.03601
  -0.04168
  -0.00866
   0.03241
   0.04339
   0.01409
  -0.02829
  -0.04440
  -0.01930
   0.02372
   0.04472
   0.02420
  -0.01878
  -0.04433
  -0.02872
   0.01355
   0.04324
   0.03279
  -0.00810
  -0.04148
  -0.03635
   0.00252
   0.03905
   0.03933
   0.00309
  -0.03601
  -0.04168
  -0.00866
   0.03241
   0.04339
   0.01409
  -0.02829
  -0.04440
  -0.01930
   0.02372
   0.04472
   0.02420
  -0.01878
  -0.04433
  -0.02872
   0.01355
   0.04324
   0.03279
  -0.00810
  -0.04148
  -0.03635
   0.00252
   0.03905
   0.03933
   0.00309
  -0.03601
  -0.04168
  -0.00866
   0.03241
   0.04339
   0.01409
  -0.02829
  -0.04440
  -0.01930
   0.02372
   0.04472
   0.02420
  -0.01878
  -0.04433
  -0.02872
   0.01355
   0.04324
   0.03279
  -0.00810
  -0.04148
  -0.03635
   0.00252
   0.03905
   0.03933
   0.00309
  -0.03601
  -0.04168
  -0.00866
   0.03241
   0.04339
   0.01409
  -0.02829
  -0.04440
  -0.01930
   0.02372
   0.04472
   0.02420
  -0.01878
  -0.04433
  -0.02872
   0.01355
   0.04324
   0.03279
  -0.00810
  -0.04148
  -0.03635
   0.00252
   0.03905
   0.03933
   0.00309
  -0.03601
  -0.04168
  -0.00866
   0.03241
   0.04339
   0.01409
  -0.02829
  -0.04440
  -0.01930
   0.02372
   0.04472
   0.02420
  -0.01878
  -0.04433
  -0.02872
   0.01355
   0.04324
   0.03279
  -0.00810
  -0.04148
  -0.03635
   0.00252
   0.03905
   0.03933
   0.00309
  -0.03601
  -0.04168
  -0.00866
   0.03241
   0.04339
   0.01409
  -0.02829
  -0.04440
  -0.01930
   0.02372
   0.04472
   0.02420
  -0.01878
  -0.04433
  -0.02872
   0.01355
   0.04324
   0.03279
  -0.00810
  -0.04148
  -0.03635
   0.00252
   0.03905
   0.03933
   0.00309
  -0.03601
  -0.04168
  -0.00866
   0.03241
   0.04339
   0.01409
  -0.02829
  -0.04440
  -0.01930
   0.02372
   0.04472
   0.02420
  -0.01878
  -0.04433
  -0.02872
   0.01355
   0.04324
   0.03279
  -0.00810
  -0.04148
  -0.03635
   0.00252
   0.03905
   0.03933
   0.00309
  -0.03601
  -0.04168
  -0.00866
   0.03241
   0.04339
   0.01409
  -0.02829
  -0.04440
  -0.01930
   0.02372
   0.04472
   0.02420
  -0.01878
  -0.04433
  -0.02872
   0.01355
   0.04324
   0.03279
  -0.00810
  -0.04148
  -0.03635
   0.00252
   0.03905
   0.03933
   0.00309
  -0.03601
  -0.04168
  -0.00866
   0.03241
   0.04339
   0.01409
  -0.02829
  -0.04440
  -0.01930
   0.02372
   0.04472
   0.02420
  -0.01878
  -0.04433
  -0.02872
   0.01355
   0.04324
   0.03279
  -0.00810
  -0.04148
  -0.03635
   0.00252
   0.03905
   0.03933
   0.00309
  -0.03601
  -0.04168
  -0.00866
   0.03241
   0.04339
   0.01409
  -0.02829
  -0.04440
  -0.01930
   0.02372
   0.04472
   0.02420
  -0.01878
  -0.04433
  -0.02872
   0.01355
   0.04324
   0.03279
  -0.00810
  -0.04148
  -0.03635
   0.00252
   0.03905
   0.03933
   0.00309
  -0.03601
  -0.04168
  -0.00866
   0.03241
   0.04339
   0.01409
  -0.02829
  -0.04440
  -0.01930
   0.02372
   0.04472
   0.02420
  -0.01878
  -0.04433
  -0.02872
   0.01355
   0.04324
   0.03279
  -0.00810
  -0.04148
  -0.03635
   0.00252
   0.03905
   0.03933
   0.00309
  -0.03601
  -0.04168
  -0.00866
   0.03241
   0.04339
   0.01409
  -0.02829
  -0.04440
  -0.01930
   0.02372
   0.04472
   0.02420
  -0.01878
  -0.04433
  -0.02872
   0.01355
   0.04324
   0.03279
  -0.00810
  -0.04148
  -0.03635
   0.00252
   0.03905
   0.03933
   0.00309
  -0.03601
  -0.04168
  -0.00866
   0.03241
   0.04339
   0.01409
  -0.02829
  -0.04440
  -0.01930
   0.02372
   0.04472
   0.02420
  -0.01878
  -0.04433
  -0.02872
   0.01355
   0.04324
   0.03279
  -0.00810
  -0.04148
  -0.03635
   0.00252
   0.03905
   0.03933
   0.00309
  -0.03601
  -0.04168
  -0.00866
   0.03241
   0.04339
   0.01409
  -0.02829
  -0.04440
  -0.01930
   0.02372
   0.04472
