   0.04311
  -0.01849
  -0.03732
   0.03017
   0.02789
  -0.03889
  -0.01572
   0.04381
   0.00201
  -0.04444
   0.01189
   0.04072
  -0.02463
  -0.03301
   0.03496
   0.02207
  -0.04187
  -0.00897
   0.04468
  -0.00500
  -0.04311
   0.01849
   0.03732
  -0.03017
  -0.02789
   0.03889
   0.01572
  -0.04381
  -0.00201
   0.04444
  -0.01189
  -0.04072
   0.02463
   0.03301
  -0.03496
  -0.02207
   0.04187
   0.00897
  -0.04468
   0.00500
   0.04311
  -0.01849
  -0.03732
   0.03017
   0.02789
  -0.03889
  -0.01572
   0.04381
   0.00201
  -0.04444
   0.01189
   0.04072
  -0.02463
  -0.03301
   0.03496
   0.02207
  -0.04187
  -0.00897
   0.04468
  -0.00500
  -0.04311
   0.01849
   0.03732
  -0.03017
  -0.02789
   0.03889
   0.01572
  -0.04381
  -0.00201
   0.04444
  -0.01189
  -0.04072
   0.02463
   0.03301
  -0.03496
  -0.02207
   0.04187
   0.00897
  -0.04468
   0.00500
   0.04311
  -0.01849
  -0.03732
   0.03017
   0.02789
  -0.03889
  -0.01572
   0.04381
   0.00201
  -0.04444
   0.01189
   0.04072
  -0.02463
  -0.03301
   0.03496
   0.02207
  -0.04187
  -0.00897
   0.04468
  -0.00500
  -0.04311
   0.01849
   0.03732
  -0.03017
  -0.02789
   0.03889
   0.01572
  -0.04381
  -0.00201
   0.04444
  -0.01189
  -0.04072
   0.02463
   0.03301
  -0.03496
  -0.02207
   0.04187
   0.00897
  -0.04468
   0.00500
   0.04311
  -0.01849
  -0.03732
   0.03017
   0.02789
  -0.03889
  -0.01572
   0.04381
   0.00201
  -0.04444
   0.01189
   0.04072
  -0.02463
  -0.03301
   0.03496
   0.02207
  -0.04187
  -0.00897
   0.04468
  -0.00500
  -0.04311
   0.01849
   0.03732
  -0.03017
  -0.02789
   0.03889
   0.01572
  -0.04381
  -0.00201
   0.04444
  -0.01189
  -0.04072
   0.02463
   0.03301
  -0.03496
  -0.02207
   0.04187
   0.00897
  -0.04468
   0.00500
   0.04311
  -0.01849
  -0.03732
   0.03017
   0.02789
  -0.03889
  -0.01572
   0.04381
   0.00201
  -0.04444
   0.01189
   0.04072
  -0.02463
  -0.03301
   0.03496
   0.02207
  -0.04187
  -0.00897
   0.04468
  -0.00500
  -0.04311
   0.01849
   0.03732
  -0.03017
  -0.02789
   0.03889
   0.01572
  -0.04381
  -0.00201
   0.04444
  -0.01189
  -0.04072
   0.02463
   0.03301
  -0.03496
  -0.02207
   0.04187
   0.00897
  -0.04468
   0.00500
   0.04311
  -0.01849
  -0.03732
   0.03017
   0.02789
  -0.03889
  -0.01572
   0.04381
   0.00201
  -0.04444
   0.01189
   0.04072
  -0.02463
  -0.03301
   0.03496
   0.02207
  -0.04187
  -0.00897
   0.04468
  -0.00500
  -0.04311
   0.01849
   0.03732
  -0.03017
  -0.02789
   0.03889
   0.01572
  -0.04381
  -0.00201
   0.04444
  -0.01189
  -0.04072
   0.02463
   0.03301
  -0.03496
  -0.02207
   0.04187
   0.00897
  -0.04468
   0.00500
   0.04311
  -0.01849
  -0.03732
   0.03017
   0.02789
  -0.03889
  -0.01572
   0.04381
   0.00201
  -0.04444
   0.01189
   0.04072
  -0.02463
  -0.03301
   0.03496
   0.02207
  -0.04187
  -0.00897
   0.04468
  -0.00500
  -0.04311
   0.01849
   0.03732
  -0.03017
  -0.02789
   0.03889
   0.01572
  -0.04381
  -0.00201
   0.04444
  -0.01189
  -0.04072
   0.02463
   0.03301
  -0.03496
  -0.02207
   0.04187
   0.00897
  -0.04468
   0.00500
   0.04311
  -0.01849
  -0.03732
   0.03017
   0.02789
  -0.03889
  -0.01572
   0.04381
   0.00201
  -0.04444
   0.01189
   0.04072
  -0.02463
  -0.03301
   0.03496
   0.02207
  -0.04187
  -0.00897
   0.04468
  -0.00500
  -0.04311
   0.01849
   0.03732
  -0.03017
  -0.02789
   0.03889
   0.01572
  -0.04381
  -0.00201
   0.04444
  -0.01189
  -0.04072
   0.02463
   0.03301
  -0.03496
  -0.02207
   0.04187
   0.00897
  -0.04468
   0.00500
   0.04311
  -0.01849
  -0.03732
   0.03017
   0.02789
  -0.03889
  -0.01572
   0.04381
   0.00201
  -0.04444
   0.01189
   0.04072
  -0.02463
  -0.03301
   0.03496
   0.02207
  -0.04187
  -0.00897
   0.04468
  -0.00500
  -0.04311
   0.01849
   0.03732
  -0.03017
  -0.02789
   0.03889
   0.01572
  -0.04381
  -0.00201
   0.04444
  -0.01189
  -0.04072
   0.02463
   0.03301
  -0.03496
  -0.02207
   0.04187
   0.00897
  -0.04468
   0.00500
   0.04311
  -0.01849
  -0.03732
   0.03017
   0.02789
  -0.03889
  -0.01572
   0.04381
   0.00201
  -0.04444
   0.01189
   0.04072
  -0.02463
  -0.03301
   0.03496
   0.02207
  -0.04187
  -0.00897
   0.04468
  -0.00500
  -0.04311
   0.01849
   0.03732
  -0.03017
  -0.02789
   0.03889
   0.01572
  -0.04381
  -0.00201
   0.04444
  -0.01189
  -0.04072
   0.02463
   0.03301
  -0.03496
  -0.02207
   0.04187
   0.00897
  -0.04468
   0.00500
   0.04311
  -0.01849
  -0.03732
   0.03017
   0.02789
  -0.03889
  -0.01572
   0.04381
   0.00201
  -0.04444
   0.01189
   0.04072
  -0.02463
  -0.03301
   0.03496
   0.02207
  -0.04187
  -0.00897
   0.04468
  -0.00500
  -0.04311
   0.01849
   0.03732
  -0.03017
  -0.02789
   0.03889
   0.01572
  -0.04381
  -0.00201
   0.04444
  -0.01189
  -0.04072
   0.02463
   0.03301
  -0.03496
  -0.02207
   0.04187
   0.00897
  -0.04468
   0.00500
   0.04311
  -0.01849
  -0.03732
   0.03017
   0.02789
  -0.03889
  -0.01572
   0.04381
   0.00201
  -0.04444
   0.01189
   0.04072
  -0.02463
  -0.03301
   0.03496
   0.02207
  -0.04187
  -0.00897
   0.04468
  -0.00500
  -0.04311
   0.01849
   0.03732
  -0.03017
  -0.02789
   0.03889
   0.01572
  -0.04381
  -0.00201
   0.04444
  -0.01189
  -0.04072
   0.02463
   0.03301
  -0.03496
  -0.02207
   0.04187
   0.00897
  -0.04468
   0.00500
   0.04311
  -0.01849
  -0.03732
   0.03017
   0.02789
  -0.03889
  -0.01572
   0.04381
   0.00201
  -0.04444
   0.01189
   0.04072
  -0.02463
  -0.03301
   0.03496
   0.02207
  -0.04187
  -0.00897
   0.04468
  -0.00500
  -0.04311
   0.01849
   0.03732
  -0.03017
  -0.02789
   0.03889
   0.01572
  -0.04381
  -0.00201
   0.04444
  -0.01189
  -0.04072
   0.02463
   0.03301
  -0.03496
  -0.02207
   0.04187
   0.00897
  -0.04468
   0.00500
   0.04311
  -0.01849
  -0.03732
   0.03017
   0.02789
  -0.03889
  -0.01572
   0.04381
   0.00201
  -0.04444
   0.01189
   0.04072
  -0.02463
  -0.03301
   0.03496
   0.02207
  -0.04187
  -0.00897
   0.04468
  -0.00500
  -0.04311
   0.01849
   0.03732
  -0.03017
  -0.02789
   0.03889
   0.01572
  -0.04381
  -0.00201
   0.04444
  -0.01189
  -0.04072
   0.02463
   0.03301
  -0.03496
  -0.02207
   0.04187
   0.00897
  -0.04468
   0.00500
   0.04311
  -0.01849
  -0.03732
   0.03017
   0.02789
  -0.03889
  -0.01572
   0.04381
   0.00201
  -0.04444
   0.01189
   0.04072
  -0.02463
  -0.03301
   0.03496
   0.02207
  -0.04187
  -0.00897
   0.04468
  -0.00500
  -0.04311
   0.01849
   0.03732
  -0.03017
  -0.02789
   0.03889
   0.01572
  -0.04381
  -0.00201
   0.04444
  -0.01189
  -0.04072
   0.02463
   0.03301
  -0.03496
  -0.02207
   0.04187
   0.00897
  -0.04468
   0.00500
   0.04311
  -0.01849
  -0.03732
   0.03017
   0.02789
  -0.03889
  -0.01572
   0.04381
   0.00201
  -0.04444
   0.01189
   0.04072
  -0.02463
  -0.03301
   0.03496
   0.02207
  -0.04187
  -0.00897
   0.04468
  -0.00500
  -0.04311
   0.01849
   0.03732
  -0.03017
  -0.02789
   0.03889
   0.01572
  -0.04381
  -0.00201
   0.04444
  -0.01189
  -0.04072
   0.02463
   0.03301
  -0.03496
  -0.02207
   0.04187
   0.00897
  -0.04468
   0.00500
   0.04311
  -0.01849
  -0.03732
   0.03017
   0.02789
  -0.03889
  -0.01572
   0.04381
   0.00201
  -0.04444
   0.01189
   0.04072
  -0.02463
  -0.03301
   0.03496
   0.02207
  -0.04187
  -0.00897
   0.04468
  -0.00500
  -0.04311
   0.01849
   0.03732
  -0.03017
  -0.02789
   0.03889
   0.01572
  -0.04381
  -0.00201
   0.04444
  -0.01189
  -0.04072
   0.02463
   0.03301
  -0.03496
  -0.02207
   0.04187
   0.00897
  -0.04468
   0.00500
   0.04311
  -0.01849
  -0.03732
   0.03017
   0.02789
  -0.03889
  -0.01572
   0.04381
   0.00201
  -0.04444
   0.01189
   0.04072
  -0.02463
  -0.03301
   0.03496
   0.02207
  -0.04187
  -0.00897
   0.04468
  -0.00500
  -0.04311
   0.01849
   0.03732
  -0.03017
  -0.02789
   0.03889
   0.01572
  -0.04381
  -0.00201
   0.04444
  -0.01189
  -0.04072
   0.02463
   0.03301
  -0.03496
  -0.02207
   0.04187
   0.00897
  -0.04468
   0.00500
   0.04311
  -0.01849
  -0.03732
   0.03017
   0.02789
  -0.03889
  -0.01572
   0.04381
   0.00201
  -0.04444
   0.01189
   0.04072
  -0.02463
  -0.03301
   0.03496
   0.02207
  -0.04187
  -0.00897
   0.04468
  -0.00500
  -0.04311
   0.01849
   0.03732
  -0.03017
  -0.02789
   0.03889
   0.01572
  -0.04381
  -0.00201
   0.04444
  -0.01189
  -0.04072
   0.02463
   0.03301
  -0.03496
  -0.02207
   0.04187
   0.00897
  -0.04468
   0.00500
   0.04311
  -0.01849
  -0.03732
   0.03017
   0.02789
  -0.03889
  -0.01572
   0.04381
   0.00201
  -0.04444
   0.01189
   0.04072
  -0.02463
  -0.03301
   0.03496
   0.02207
  -0.04187
  -0.00897
   0.04468
  -0.00500
  -0.04311
   0.01849
   0.03732
  -0.03017
  -0.02789
   0.03889
   0.01572
  -0.04381
  -0.00201
   0.04444
  -0.01189
  -0.04072
   0.02463
   0.03301
  -0.03496
  -0.02207
   0.04187
   0.00897
  -0.04468
   0.00500
   0.04311
  -0.01849
  -0.03732
   0.03017
   0.02789
  -0.03889
  -0.01572
   0.04381
   0.00201
  -0.04444
   0.01189
   0.04072
  -0.02463
  -0.03301
   0.03496
   0.02207
  -0.04187
  -0.00897
   0.04468
  -0.00500
  -0.04311
   0.01849
   0.03732
  -0.03017
  -0.02789
   0.03889
   0.01572
  -0.04381
  -0.00201
   0.04444
  -0.01189
  -0.04072
   0.02463
   0.03301
  -0.03496
  -0.02207
   0.04187
   0.00897
  -0.04468
   0.00500
   0.04311
  -0.01849
  -0.03732
   0.03017
   0.02789
  -0.03889
  -0.01572
   0.04381
   0.00201
  -0.04444
   0.01189
   0.04072
  -0.02463
  -0.03301
   0.03496
   0.02207
  -0.04187
  -0.00897
   0.04468
  -0.00500
  -0.04311
   0.01849
   0.03732
  -0.03017
  -0.02789
   0.03889
   0.01572
  -0.04381
  -0.00201
   0.04444
  -0.01189
  -0.04072
   0.02463
   0.03301
  -0.03496
  -0.02207
   0.04187
   0.00897
  -0.04468
   0.00500
   0.04311
  -0.01849
  -0.03732
   0.03017
   0.02789
  -0.03889
  -0.01572
   0.04381
   0.00201
  -0.04444
   0.01189
   0.04072
  -0.02463
  -0.03301
   0.03496
   0.02207
  -0.04187
  -0.00897
   0.04468
  -0.00500
  -0.04311
   0.01849
   0.03732
  -0.03017
  -0.02789
   0.03889
   0.01572
  -0.04381
  -0.00201
   0.04444
  -0.01189
  -0.04072
   0.02463
   0.03301
  -0.03496
  -0.02207
   0.04187
   0.00897
  -0.04468
   0.00500
   0.04311
  -0.01849
  -0.03732
   0.03017
   0.02789
  -0.03889
  -0.01572
   0.04381
   0.00201
  -0.04444
   0.01189
   0.04072
  -0.02463
  -0.03301
   0.03496
   0.02207
  -0.04187
  -0.00897
   0.04468
  -0.00500
  -0.04311
   0.01849
   0.03732
  -0.03017
  -0.02789
   0.03889
   0.01572
  -0.04381
  -0.00201
   0.04444
  -0.01189
  -0.04072
   0.02463
   0.03301
  -0.03496
  -0.02207
   0.04187
   0.00897
  -0.04468
   0.00500
   0.04311
  -0.01849
  -0.03732
   0.03017
   0.02789
  -0.03889
  -0.01572
   0.04381
   0.00201
  -0.04444
   0.01189
   0.04072
  -0.02463
  -0.03301
   0.03496
   0.02207
  -0.04187
  -0.00897
   0.04468
  -0.00500
  -0.04311
   0.01849
   0.03732
  -0.03017
  -0.02789
   0.03889
   0.01572
  -0.04381
  -0.00201
   0.04444
  -0.01189
  -0.04072
   0.02463
   0.03301
  -0.03496
  -0.02207
   0.04187
   0.00897
  -0.04468
   0.00500
