  -0.08639
   0.08639
   0.00000
  -0.08639
   0.08639
   0.00000
  -0.08639
   0.08639
  -0.00000
  -0.08639
   0.08639
  -0.00000
  -0.08639
   0.08639
  -0.00000
  -0.08639
   0.08639
  -0.00000
  -0.08639
   0.08639
   0.00000
  -0.08639
   0.08639
   0.00000
  -0.08639
   0.08639
   0.00000
  -0.08639
   0.08639
   0.00000
  -0.08639
   0.08639
   0.00000
  -0.08639
   0.08639
   0.00000
  -0.08639
   0.08639
   0.00000
  -0.08639
   0.08639
   0.00000
  -0.08639
   0.08639
   0.00000
  -0.08639
   0.08639
   0.00000
  -0.08639
   0.08639
   0.00000
  -0.08639
   0.08639
   0.00000
  -0.08639
   0.08639
   0.00000
  -0.08639
   0.08639
   0.00000
  -0.08639
   0.08639
   0.00000
  -0.08639
   0.08639
  -0.00000
  -0.08639
   0.08639
  -0.00000
  -0.08639
   0.08639
  -0.00000
  -0.08639
   0.08639
  -0.00000
  -0.08639
   0.08639
  -0.00000
  -0.08639
   0.08639
  -0.00000
  -0.08639
   0.08639
  -0.00000
  -0.08639
   0.08639
  -0.00000
  -0.08639
   0.08639
  -0.00000
  -0.08639
   0.08639
  -0.00000
  -0.08639
   0.08639
  -0.00000
  -0.08639
   0.08639
  -0.00000
  -0.08639
   0.08639
  -0.00000
  -0.08639
   0.08639
  -0.00000
  -0.08639
   0.08639
  -0.00000
  -0.08639
   0.08639
  -0.00000
  -0.08639
   0.08639
  -0.00000
  -0.08639
   0.08639
  -0.00000
  -0.08639
   0.08639
  -0.00000
  -0.08639
   0.08639
  -0.00000
  -0.08639
   0.08639
  -0.00000
  -0.08639
   0.08639
  -0.00000
  -0.08639
   0.08639
  -0.00000
  -0.08639
   0.08639
  -0.00000
  -0.08639
   0.08639
   0.00000
  -0.08639
   0.08639
   0.00000
  -0.08639
   0.08639
  -0.00000
  -0.08639
   0.08639
   0.00000
  -0.08639
   0.08639
   0.00000
  -0.08639
   0.08639
  -0.00000
  -0.08639
   0.08639
   0.00000
  -0.08639
   0.08639
   0.00000
  -0.08639
   0.08639
   0.00000
  -0.08639
   0.08639
   0.00000
  -0.08639
   0.08639
   0.00000
  -0.08639
   0.08639
   0.00000
  -0.08639
   0.08639
   0.00000
  -0.08639
   0.08639
   0.00000
  -0.08639
   0.08639
   0.00000
  -0.08639
   0.08639
   0.00000
  -0.08639
   0.08639
   0.00000
  -0.08639
   0.08639
  -0.00000
  -0.08639
   0.08639
  -0.00000
  -0.08639
   0.08639
  -0.00000
  -0.08639
   0.08639
  -0.00000
  -0.08639
   0.08639
