   0.09785
   0.03799
  -0.08310
  -0.07026
   0.05582
   0.09193
  -0.02013
  -0.09975
  -0.01860
   0.09253
   0.05452
  -0.07136
  -0.08223
   0.03943
   0.09754
  -0.00156
  -0.09814
  -0.03655
   0.08395
   0.06914
  -0.05711
  -0.09132
   0.02165
   0.09972
   0.01707
  -0.09310
  -0.05321
   0.07244
   0.08134
  -0.04086
  -0.09720
   0.00312
   0.09841
   0.03509
  -0.08479
  -0.06801
   0.05838
   0.09068
  -0.02317
  -0.09967
  -0.01553
   0.09365
   0.05189
  -0.07350
  -0.08042
   0.04227
   0.09684
  -0.00468
  -0.09865
  -0.03363
   0.08560
   0.06686
  -0.05964
  -0.09002
   0.02469
   0.09960
   0.01399
  -0.09417
  -0.05055
   0.07455
   0.07949
  -0.04368
  -0.09645
   0.00623
   0.09887
   0.03216
  -0.08639
  -0.06570
   0.06088
   0.08933
  -0.02619
  -0.09950
  -0.01244
   0.09467
   0.04920
  -0.07557
  -0.07854
   0.04508
   0.09604
  -0.00779
  -0.09907
  -0.03068
   0.08716
   0.06452
  -0.06211
  -0.08863
   0.02769
   0.09938
   0.01089
  -0.09515
  -0.04784
   0.07658
   0.07757
  -0.04646
  -0.09561
   0.00934
   0.09924
   0.02919
  -0.08790
  -0.06332
   0.06332
   0.08790
  -0.02919
  -0.09924
  -0.00934
   0.09561
   0.04646
  -0.07757
  -0.07658
   0.04784
   0.09515
  -0.01089
  -0.09938
  -0.02769
   0.08863
   0.06211
  -0.06452
  -0.08716
   0.03068
   0.09907
   0.00779
  -0.09604
  -0.04508
   0.07854
   0.07557
  -0.04920
  -0.09467
   0.01244
   0.09950
   0.02619
  -0.08933
  -0.06088
   0.06570
   0.08639
  -0.03216
  -0.09887
  -0.00623
   0.09645
   0.04368
  -0.07949
  -0.07455
   0.05055
   0.09417
  -0.01399
  -0.09960
  -0.02469
   0.09002
   0.05964
  -0.06686
  -0.08560
   0.03363
   0.09865
   0.00468
  -0.09684
  -0.04227
   0.08042
   0.07350
  -0.05189
  -0.09365
   0.01553
   0.09967
   0.02317
  -0.09068
  -0.05838
   0.06801
   0.08479
  -0.03509
  -0.09841
  -0.00312
   0.09720
   0.04086
  -0.08134
  -0.07244
   0.05321
   0.09310
  -0.01707
  -0.09972
  -0.02165
   0.09132
   0.05711
  -0.06914
  -0.08395
   0.03655
   0.09814
   0.00156
  -0.09754
  -0.03943
   0.08223
   0.07136
  -0.05452
  -0.09253
   0.01860
   0.09975
   0.02013
  -0.09193
  -0.05582
   0.07026
   0.08310
  -0.03799
  -0.09785
