   0.04646
   0.08223
   0.09907
   0.09310
   0.06570
   0.02317
  -0.02469
  -0.06686
  -0.09365
  -0.09887
  -0.08134
  -0.04508
   0.00156
   0.04784
   0.08310
   0.09924
   0.09253
   0.06452
   0.02165
  -0.02619
  -0.06801
  -0.09417
  -0.09865
  -0.08042
  -0.04368
   0.00312
   0.04920
   0.08395
   0.09938
   0.09193
   0.06332
   0.02013
  -0.02769
  -0.06914
  -0.09467
  -0.09841
  -0.07949
  -0.04227
   0.00468
   0.05055
   0.08479
   0.09950
   0.09132
   0.06211
   0.01860
  -0.02919
  -0.07026
  -0.09515
  -0.09814
  -0.07854
  -0.04086
   0.00623
   0.05189
   0.08560
   0.09960
   0.09068
   0.06088
   0.01707
  -0.03068
  -0.07136
  -0.09561
  -0.09785
  -0.07757
  -0.03943
   0.00779
   0.05321
   0.08639
   0.09967
   0.09002
   0.05964
   0.01553
  -0.03216
  -0.07244
  -0.09604
  -0.09754
  -0.07658
  -0.03799
   0.00934
   0.05452
   0.08716
   0.09972
   0.08933
   0.05838
   0.01399
  -0.03363
  -0.07350
  -0.09645
  -0.09720
  -0.07557
  -0.03655
   0.01089
   0.05582
   0.08790
   0.09975
   0.08863
   0.05711
   0.01244
  -0.03509
  -0.07455
  -0.09684
  -0.09684
  -0.07455
  -0.03509
   0.01244
   0.05711
   0.08863
   0.09975
   0.08790
   0.05582
   0.01089
  -0.03655
  -0.07557
  -0.09720
  -0.09645
  -0.07350
  -0.03363
   0.01399
   0.05838
   0.08933
   0.09972
   0.08716
   0.05452
   0.00934
  -0.03799
  -0.07658
  -0.09754
  -0.09604
  -0.07244
  -0.03216
   0.01553
   0.05964
   0.09002
   0.09967
   0.08639
   0.05321
   0.00779
  -0.03943
  -0.07757
  -0.09785
  -0.09561
  -0.07136
  -0.03068
   0.01707
   0.06088
   0.09068
   0.09960
   0.08560
   0.05189
   0.00623
  -0.04086
  -0.07854
  -0.09814
  -0.09515
  -0.07026
  -0.02919
   0.01860
   0.06211
   0.09132
   0.09950
   0.08479
   0.05055
   0.00468
  -0.04227
  -0.07949
  -0.09841
  -0.09467
  -0.06914
  -0.02769
   0.02013
   0.06332
   0.09193
   0.09938
   0.08395
   0.04920
   0.00312
  -0.04368
  -0.08042
  -0.09865
  -0.09417
  -0.06801
  -0.02619
   0.02165
   0.06452
   0.09253
   0.09924
   0.08310
   0.04784
   0.00156
  -0.04508
  -0.08134
  -0.09887
  -0.09365
  -0.06686
  -0.02469
   0.02317
   0.06570
   0.09310
   0.09907
   0.08223
   0.04646
