   0.09645
  -0.04920
  -0.07136
   0.08560
   0.02769
  -0.09972
   0.02317
   0.08790
  -0.06801
  -0.05321
   0.09515
   0.00468
  -0.09754
   0.04508
   0.07455
  -0.08310
  -0.03216
   0.09950
  -0.01860
  -0.09002
   0.06452
   0.05711
  -0.09365
  -0.00934
   0.09841
  -0.04086
  -0.07757
   0.08042
   0.03655
  -0.09907
   0.01399
   0.09193
  -0.06088
  -0.06088
   0.09193
   0.01399
  -0.09907
   0.03655
   0.08042
  -0.07757
  -0.04086
   0.09841
  -0.00934
  -0.09365
   0.05711
   0.06452
  -0.09002
  -0.01860
   0.09950
  -0.03216
  -0.08310
   0.07455
   0.04508
  -0.09754
   0.00468
   0.09515
  -0.05321
  -0.06801
   0.08790
   0.02317
  -0.09972
   0.02769
   0.08560
  -0.07136
  -0.04920
   0.09645
   0.00000
  -0.09645
   0.04920
   0.07136
  -0.08560
  -0.02769
   0.09972
  -0.02317
  -0.08790
   0.06801
   0.05321
  -0.09515
  -0.00468
   0.09754
  -0.04508
  -0.07455
   0.08310
   0.03216
  -0.09950
   0.01860
   0.09002
  -0.06452
  -0.05711
   0.09365
   0.00934
  -0.09841
   0.04086
   0.07757
  -0.08042
  -0.03655
   0.09907
  -0.01399
  -0.09193
   0.06088
   0.06088
  -0.09193
  -0.01399
   0.09907
  -0.03655
  -0.08042
   0.07757
   0.04086
  -0.09841
   0.00934
   0.09365
  -0.05711
  -0.06452
   0.09002
   0.01860
  -0.09950
   0.03216
   0.08310
  -0.07455
  -0.04508
   0.09754
  -0.00468
  -0.09515
   0.05321
   0.06801
  -0.08790
  -0.02317
   0.09972
  -0.02769
  -0.08560
   0.07136
   0.04920
  -0.09645
  -0.00000
   0.09645
  -0.04920
  -0.07136
   0.08560
   0.02769
  -0.09972
   0.02317
   0.08790
  -0.06801
  -0.05321
   0.09515
   0.00468
  -0.09754
   0.04508
   0.07455
  -0.08310
  -0.03216
   0.09950
  -0.01860
  -0.09002
   0.06452
   0.05711
  -0.09365
  -0.00934
   0.09841
  -0.04086
  -0.07757
   0.08042
   0.03655
  -0.09907
   0.01399
   0.09193
  -0.06088
  -0.06088
   0.09193
   0.01399
  -0.09907
   0.03655
   0.08042
  -0.07757
  -0.04086
   0.09841
  -0.00934
  -0.09365
   0.05711
   0.06452
  -0.09002
  -0.01860
   0.09950
  -0.03216
  -0.08310
   0.07455
   0.04508
  -0.09754
   0.00468
   0.09515
  -0.05321
  -0.06801
   0.08790
   0.02317
  -0.09972
   0.02769
   0.08560
  -0.07136
  -0.04920
   0.09645
