   0.07692
  -0.11510
   0.06227
   0.03981
  -0.11041
   0.09369
  -0.00289
  -0.09020
   0.11196
  -0.04518
  -0.05733
   0.11450
  -0.08112
  -0.01640
   0.10096
  -0.10568
   0.02682
   0.07324
  -0.11539
   0.06628
   0.03524
  -0.10889
   0.09644
  -0.00772
  -0.08710
   0.11304
  -0.04959
  -0.05308
   0.11377
  -0.08449
  -0.01160
   0.09853
  -0.10753
   0.03150
   0.06944
  -0.11547
   0.07019
   0.03060
  -0.10719
   0.09901
  -0.01254
  -0.08385
   0.11393
  -0.05391
  -0.04874
   0.11285
  -0.08772
  -0.00678
   0.09592
  -0.10920
   0.03613
   0.06551
  -0.11535
   0.07396
   0.02591
  -0.10530
   0.10141
  -0.01733
  -0.08045
   0.11462
  -0.05814
  -0.04431
   0.11172
  -0.09078
  -0.00195
   0.09314
  -0.11068
   0.04069
   0.06148
  -0.11502
   0.07761
   0.02118
  -0.10322
   0.10364
  -0.02210
  -0.07692
   0.11510
  -0.06227
  -0.03981
   0.11041
  -0.09369
   0.00289
   0.09020
  -0.11196
   0.04518
   0.05733
  -0.11450
   0.08112
   0.01640
  -0.10096
   0.10568
  -0.02682
  -0.07324
   0.11539
  -0.06628
  -0.03524
   0.10889
  -0.09644
   0.00772
   0.08710
  -0.11304
   0.04959
   0.05308
  -0.11377
   0.08449
   0.01160
  -0.09853
   0.10753
  -0.03150
  -0.06944
   0.11547
  -0.07019
  -0.03060
   0.10719
  -0.09901
   0.01254
   0.08385
  -0.11393
   0.05391
   0.04874
  -0.11285
   0.08772
   0.00678
  -0.09592
   0.10920
  -0.03613
  -0.06551
   0.11535
  -0.07396
  -0.02591
   0.10530
  -0.10141
   0.01733
   0.08045
  -0.11462
   0.05814
   0.04431
  -0.11172
   0.09078
   0.00195
  -0.09314
   0.11068
  -0.04069
  -0.06148
   0.11502
  -0.07761
  -0.02118
   0.10322
  -0.10364
   0.02210
