   0.02791
  -0.05490
   0.07844
  -0.09705
   0.10956
  -0.11519
   0.11358
  -0.10483
   0.08950
  -0.06854
   0.04328
  -0.01530
  -0.01365
   0.04173
  -0.06720
   0.08844
  -0.10412
   0.11327
  -0.11529
   0.11007
  -0.09794
   0.07965
  -0.05636
   0.02952
  -0.00083
  -0.02791
   0.05490
  -0.07844
   0.09705
  -0.10956
   0.11519
  -0.11358
   0.10483
  -0.08950
   0.06854
  -0.04328
   0.01530
   0.01365
  -0.04173
   0.06720
  -0.08844
   0.10412
  -0.11327
   0.11529
  -0.11007
   0.09794
  -0.07965
   0.05636
  -0.02952
   0.00083
   0.02791
  -0.05490
   0.07844
  -0.09705
   0.10956
  -0.11519
   0.11358
  -0.10483
   0.08950
  -0.06854
   0.04328
  -0.01530
  -0.01365
   0.04173
  -0.06720
   0.08844
  -0.10412
   0.11327
  -0.11529
   0.11007
  -0.09794
   0.07965
  -0.05636
   0.02952
  -0.00083
  -0.02791
   0.05490
  -0.07844
   0.09705
  -0.10956
   0.11519
  -0.11358
   0.10483
  -0.08950
   0.06854
  -0.04328
   0.01530
   0.01365
  -0.04173
   0.06720
  -0.08844
   0.10412
  -0.11327
   0.11529
  -0.11007
   0.09794
  -0.07965
   0.05636
  -0.02952
   0.00083
   0.02791
  -0.05490
   0.07844
  -0.09705
   0.10956
  -0.11519
   0.11358
  -0.10483
   0.08950
  -0.06854
   0.04328
  -0.01530
  -0.01365
   0.04173
  -0.06720
   0.08844
  -0.10412
   0.11327
  -0.11529
   0.11007
  -0.09794
   0.07965
  -0.05636
   0.02952
  -0.00083
  -0.02791
   0.05490
  -0.07844
   0.09705
  -0.10956
   0.11519
  -0.11358
   0.10483
  -0.08950
   0.06854
  -0.04328
   0.01530
   0.01365
  -0.04173
   0.06720
  -0.08844
   0.10412
  -0.11327
   0.11529
  -0.11007
   0.09794
  -0.07965
   0.05636
  -0.02952
   0.00083
