   0.08581
   0.11484
   0.06788
  -0.02400
  -0.10000
  -0.10982
  -0.04697
   0.04696
   0.10982
   0.10000
   0.02401
  -0.06787
  -0.11484
  -0.08581
  -0.00000
   0.08581
   0.11484
   0.06788
  -0.02400
  -0.10000
  -0.10982
  -0.04697
   0.04696
   0.10982
   0.10000
   0.02401
  -0.06787
  -0.11484
  -0.08581
  -0.00000
   0.08581
   0.11484
   0.06788
  -0.02400
  -0.10000
  -0.10982
  -0.04697
   0.04696
   0.10982
   0.10000
   0.02401
  -0.06787
  -0.11484
  -0.08581
  -0.00000
   0.08581
   0.11484
   0.06788
  -0.02400
  -0.10000
  -0.10982
  -0.04697
   0.04696
   0.10982
   0.10000
   0.02401
  -0.06787
  -0.11484
  -0.08581
  -0.00000
   0.08581
   0.11484
   0.06788
  -0.02400
  -0.10000
  -0.10982
  -0.04697
   0.04696
   0.10982
   0.10000
   0.02401
  -0.06787
  -0.11484
  -0.08581
  -0.00000
   0.08581
   0.11484
   0.06788
  -0.02400
  -0.10000
  -0.10982
  -0.04697
   0.04696
   0.10982
   0.10000
   0.02401
  -0.06787
  -0.11484
  -0.08581
  -0.00000
   0.08581
   0.11484
   0.06788
  -0.02400
  -0.10000
  -0.10982
  -0.04697
   0.04696
   0.10982
   0.10000
   0.02401
  -0.06787
  -0.11484
  -0.08581
  -0.00000
   0.08581
   0.11484
   0.06788
  -0.02400
  -0.10000
  -0.10982
  -0.04697
   0.04696
   0.10982
   0.10000
   0.02401
  -0.06787
  -0.11484
  -0.08581
  -0.00000
   0.08581
   0.11484
   0.06788
  -0.02400
  -0.10000
  -0.10982
  -0.04697
   0.04696
   0.10982
   0.10000
   0.02401
  -0.06787
  -0.11484
  -0.08581
  -0.00000
   0.08581
   0.11484
   0.06788
  -0.02400
  -0.10000
  -0.10982
  -0.04697
   0.04696
   0.10982
   0.10000
   0.02401
  -0.06787
  -0.11484
  -0.08581
  -0.00000
