  -0.08108
   0.00201
   0.08389
   0.11539
   0.07757
  -0.00684
  -0.08714
  -0.11510
  -0.07392
   0.01166
   0.09024
   0.11461
   0.07014
  -0.01646
  -0.09317
  -0.11392
  -0.06624
   0.02123
   0.09595
   0.11303
   0.06222
  -0.02597
  -0.09856
  -0.11194
  -0.05809
   0.03066
   0.10099
   0.11066
   0.05386
  -0.03529
  -0.10324
  -0.10918
  -0.04954
   0.03986
   0.10532
   0.10751
   0.04513
  -0.04437
  -0.10721
  -0.10565
  -0.04064
   0.04879
   0.10891
   0.10361
   0.03607
  -0.05313
  -0.11042
  -0.10138
  -0.03145
   0.05738
   0.11174
   0.09898
   0.02677
  -0.06152
  -0.11286
  -0.09640
  -0.02204
   0.06556
   0.11378
   0.09366
   0.01728
  -0.06948
  -0.11451
  -0.09075
  -0.01248
   0.07329
   0.11503
   0.08768
   0.00766
  -0.07696
  -0.11535
  -0.08446
  -0.00283
   0.08050
   0.11547
   0.08108
  -0.00201
  -0.08389
  -0.11539
  -0.07757
   0.00684
   0.08714
   0.11510
   0.07392
  -0.01166
  -0.09024
  -0.11461
  -0.07014
   0.01646
   0.09317
   0.11392
   0.06624
  -0.02123
  -0.09595
  -0.11303
  -0.06222
   0.02597
   0.09856
   0.11194
   0.05809
  -0.03066
  -0.10099
  -0.11066
  -0.05386
   0.03529
   0.10324
   0.10918
   0.04954
  -0.03986
  -0.10532
  -0.10751
  -0.04513
   0.04437
   0.10721
   0.10565
   0.04064
  -0.04879
  -0.10891
  -0.10361
  -0.03607
   0.05313
   0.11042
   0.10138
   0.03145
  -0.05738
  -0.11174
  -0.09898
  -0.02677
   0.06152
   0.11286
   0.09640
   0.02204
  -0.06556
  -0.11378
  -0.09366
  -0.01728
   0.06948
   0.11451
   0.09075
   0.01248
  -0.07329
  -0.11503
  -0.08768
  -0.00766
   0.07696
   0.11535
   0.08446
   0.00283
  -0.08050
  -0.11547
