   0.00892
  -0.11491
  -0.01374
   0.11434
   0.01853
  -0.11356
  -0.02328
   0.11259
   0.02800
  -0.11141
  -0.03266
   0.11005
   0.03727
  -0.10848
  -0.04182
   0.10673
   0.04629
  -0.10479
  -0.05068
   0.10267
   0.05498
  -0.10037
  -0.05918
   0.09789
   0.06328
  -0.09524
  -0.06727
   0.09242
   0.07114
  -0.08944
  -0.07489
   0.08630
   0.07850
  -0.08302
  -0.08198
   0.07958
   0.08531
  -0.07601
  -0.08850
   0.07230
   0.09153
  -0.06847
  -0.09439
   0.06452
   0.09710
  -0.06045
  -0.09963
   0.05628
   0.10198
  -0.05200
  -0.10416
   0.04764
   0.10616
  -0.04319
  -0.10797
   0.03867
   0.10959
  -0.03408
  -0.11102
   0.02943
   0.11225
  -0.02473
  -0.11328
   0.01999
   0.11412
  -0.01521
  -0.11476
   0.01040
   0.11519
  -0.00558
  -0.11543
   0.00074
   0.11546
   0.00410
  -0.11529
  -0.00892
   0.11491
   0.01374
  -0.11434
  -0.01853
   0.11356
   0.02328
  -0.11259
  -0.02800
   0.11141
   0.03266
  -0.11005
  -0.03727
   0.10848
   0.04182
  -0.10673
  -0.04629
   0.10479
   0.05068
  -0.10267
  -0.05498
   0.10037
   0.05918
  -0.09789
  -0.06328
   0.09524
   0.06727
  -0.09242
  -0.07114
   0.08944
   0.07489
  -0.08630
  -0.07850
   0.08302
   0.08198
  -0.07958
  -0.08531
   0.07601
   0.08850
  -0.07230
  -0.09153
   0.06847
   0.09439
  -0.06452
  -0.09710
   0.06045
   0.09963
  -0.05628
  -0.10198
   0.05200
   0.10416
  -0.04764
  -0.10616
   0.04319
   0.10797
  -0.03867
  -0.10959
   0.03408
   0.11102
  -0.02943
  -0.11225
   0.02473
   0.11328
  -0.01999
  -0.11412
   0.01521
   0.11476
  -0.01040
  -0.11519
   0.00558
   0.11543
  -0.00074
  -0.11546
  -0.00410
   0.11529
