   0.02894
  -0.09737
  -0.08912
   0.04229
   0.11526
   0.02894
  -0.09737
  -0.08912
   0.04229
   0.11526
   0.02894
  -0.09737
  -0.08912
   0.04229
   0.11526
   0.02894
  -0.09737
  -0.08912
   0.04229
   0.11526
   0.02894
  -0.09737
  -0.08912
   0.04229
   0.11526
   0.02894
  -0.09737
  -0.08912
   0.04229
   0.11526
   0.02894
  -0.09737
  -0.08912
   0.04229
   0.11526
   0.02894
  -0.09737
  -0.08912
   0.04229
   0.11526
   0.02894
  -0.09737
  -0.08912
   0.04229
   0.11526
   0.02894
  -0.09737
  -0.08912
   0.04229
   0.11526
   0.02894
  -0.09737
  -0.08912
   0.04229
   0.11526
   0.02894
  -0.09737
  -0.08912
   0.04229
   0.11526
   0.02894
  -0.09737
  -0.08912
   0.04229
   0.11526
   0.02894
  -0.09737
  -0.08912
   0.04229
   0.11526
   0.02894
  -0.09737
  -0.08912
   0.04229
   0.11526
   0.02894
  -0.09737
  -0.08912
   0.04229
   0.11526
   0.02894
  -0.09737
  -0.08912
   0.04229
   0.11526
   0.02894
  -0.09737
  -0.08912
   0.04229
   0.11526
   0.02894
  -0.09737
  -0.08912
   0.04229
   0.11526
   0.02894
  -0.09737
  -0.08912
   0.04229
   0.11526
   0.02894
  -0.09737
  -0.08912
   0.04229
   0.11526
   0.02894
  -0.09737
  -0.08912
   0.04229
   0.11526
   0.02894
  -0.09737
  -0.08912
   0.04229
   0.11526
   0.02894
  -0.09737
  -0.08912
   0.04229
   0.11526
   0.02894
  -0.09737
  -0.08912
   0.04229
   0.11526
   0.02894
  -0.09737
  -0.08912
   0.04229
   0.11526
   0.02894
  -0.09737
  -0.08912
   0.04229
   0.11526
   0.02894
  -0.09737
  -0.08912
   0.04229
   0.11526
   0.02894
  -0.09737
  -0.08912
   0.04229
   0.11526
   0.02894
  -0.09737
  -0.08912
   0.04229
   0.11526
