   0.11101
  -0.08531
   0.04181
   0.01041
  -0.06046
   0.09789
  -0.11491
   0.10796
  -0.07850
   0.03266
   0.01999
  -0.06848
   0.10267
  -0.11546
   0.10416
  -0.07114
   0.02327
   0.02944
  -0.07602
   0.10674
  -0.11519
   0.09962
  -0.06327
   0.01373
   0.03868
  -0.08302
   0.11005
  -0.11412
   0.09439
  -0.05497
   0.00409
   0.04765
  -0.08945
   0.11259
  -0.11225
   0.08849
  -0.04628
  -0.00558
   0.05628
  -0.09524
   0.11434
  -0.10958
   0.08197
  -0.03727
  -0.01522
   0.06452
  -0.10037
   0.11529
  -0.10616
   0.07488
  -0.02799
  -0.02474
   0.07231
  -0.10480
   0.11543
  -0.10198
   0.06726
  -0.01852
  -0.03409
   0.07959
  -0.10849
   0.11476
  -0.09709
   0.05917
  -0.00892
  -0.04320
   0.08631
  -0.11142
   0.11328
  -0.09152
   0.05067
   0.00075
  -0.05201
   0.09243
  -0.11356
   0.11101
  -0.08531
   0.04181
   0.01041
  -0.06046
   0.09789
  -0.11491
   0.10796
  -0.07850
   0.03266
   0.01999
  -0.06848
   0.10267
  -0.11546
   0.10416
  -0.07114
   0.02327
   0.02944
  -0.07602
   0.10674
  -0.11519
   0.09962
  -0.06327
   0.01373
   0.03868
  -0.08302
   0.11005
  -0.11412
   0.09439
  -0.05497
   0.00409
   0.04765
  -0.08945
   0.11259
  -0.11225
   0.08849
  -0.04628
  -0.00558
   0.05628
  -0.09524
   0.11434
  -0.10958
   0.08197
  -0.03727
  -0.01522
   0.06452
  -0.10037
   0.11529
  -0.10616
   0.07488
  -0.02799
  -0.02474
   0.07231
  -0.10480
   0.11543
  -0.10198
   0.06726
  -0.01852
  -0.03409
   0.07959
  -0.10849
   0.11476
  -0.09709
   0.05917
  -0.00892
  -0.04320
   0.08631
  -0.11142
   0.11328
  -0.09152
   0.05067
   0.00075
  -0.05201
   0.09243
  -0.11356
