   0.01898
   0.03771
   0.05538
   0.07150
   0.08562
   0.09734
   0.10634
   0.11235
   0.11522
   0.11487
   0.11129
   0.10460
   0.09498
   0.08270
   0.06810
   0.05159
   0.03364
   0.01475
  -0.00455
  -0.02373
  -0.04224
  -0.05957
  -0.07524
  -0.08879
  -0.09986
  -0.10813
  -0.11337
  -0.11544
  -0.11427
  -0.10991
  -0.10246
  -0.09215
  -0.07925
  -0.06414
  -0.04722
  -0.02899
  -0.00994
   0.00938
   0.02844
   0.04671
   0.06366
   0.07884
   0.09180
   0.10220
   0.10973
   0.11419
   0.11545
   0.11348
   0.10833
   0.10014
   0.08915
   0.07566
   0.06006
   0.04277
   0.02428
   0.00512
  -0.01419
  -0.03310
  -0.05109
  -0.06764
  -0.08230
  -0.09466
  -0.10436
  -0.11114
  -0.11481
  -0.11526
  -0.11248
  -0.10656
  -0.09765
  -0.08600
  -0.07195
  -0.05588
  -0.03824
  -0.01954
  -0.00028
   0.01898
   0.03771
   0.05538
   0.07150
   0.08562
   0.09734
   0.10634
   0.11235
   0.11522
   0.11487
   0.11129
   0.10460
   0.09498
   0.08270
   0.06810
   0.05159
   0.03364
   0.01475
  -0.00455
  -0.02373
  -0.04224
  -0.05957
  -0.07524
  -0.08879
  -0.09986
  -0.10813
  -0.11337
  -0.11544
  -0.11427
  -0.10991
  -0.10246
  -0.09215
  -0.07925
  -0.06414
  -0.04722
  -0.02899
  -0.00994
   0.00938
   0.02844
   0.04671
   0.06366
   0.07884
   0.09180
   0.10220
   0.10973
   0.11419
   0.11545
   0.11348
   0.10833
   0.10014
   0.08915
   0.07566
   0.06006
   0.04277
   0.02428
   0.00512
  -0.01419
  -0.03310
  -0.05109
  -0.06764
  -0.08230
  -0.09466
  -0.10436
  -0.11114
  -0.11481
  -0.11526
  -0.11248
  -0.10656
  -0.09765
  -0.08600
  -0.07195
  -0.05588
  -0.03824
  -0.01954
  -0.00028
