   0.07187
  -0.02853
  -0.10637
  -0.10009
  -0.01466
   0.08237
   0.11426
   0.05579
  -0.04679
  -0.11238
  -0.08909
   0.00465
   0.09471
   0.10988
   0.03815
  -0.06374
  -0.11523
  -0.07559
   0.02382
   0.10440
   0.10242
   0.01944
  -0.07891
  -0.11486
  -0.05998
   0.04233
   0.11117
   0.09209
   0.00019
  -0.09186
  -0.11127
  -0.04268
   0.05966
   0.11482
   0.07918
  -0.01907
  -0.10224
  -0.10456
  -0.02419
   0.07531
   0.11525
   0.06406
  -0.03780
  -0.10976
  -0.09493
  -0.00502
   0.08885
   0.11246
   0.04714
  -0.05546
  -0.11420
  -0.08263
   0.01429
   0.09991
   0.10652
   0.02890
  -0.07158
  -0.11545
  -0.06802
   0.03319
   0.10816
   0.09760
   0.00985
  -0.08568
  -0.11346
  -0.05151
   0.05117
   0.11339
   0.08594
  -0.00947
  -0.09739
  -0.10829
  -0.03356
   0.06772
   0.11544
   0.07187
  -0.02853
  -0.10637
  -0.10009
  -0.01466
   0.08237
   0.11426
   0.05579
  -0.04679
  -0.11238
  -0.08909
   0.00465
   0.09471
   0.10988
   0.03815
  -0.06374
  -0.11523
  -0.07559
   0.02382
   0.10440
   0.10242
   0.01944
  -0.07891
  -0.11486
  -0.05998
   0.04233
   0.11117
   0.09209
   0.00019
  -0.09186
  -0.11127
  -0.04268
   0.05966
   0.11482
   0.07918
  -0.01907
  -0.10224
  -0.10456
  -0.02419
   0.07531
   0.11525
   0.06406
  -0.03780
  -0.10976
  -0.09493
  -0.00502
   0.08885
   0.11246
   0.04714
  -0.05546
  -0.11420
  -0.08263
   0.01429
   0.09991
   0.10652
   0.02890
  -0.07158
  -0.11545
  -0.06802
   0.03319
   0.10816
   0.09760
   0.00985
  -0.08568
  -0.11346
  -0.05151
   0.05117
   0.11339
   0.08594
  -0.00947
  -0.09739
  -0.10829
  -0.03356
   0.06772
   0.11544
