   0.11277
   0.04103
  -0.10078
  -0.07048
   0.08019
   0.09391
  -0.05275
  -0.10932
   0.02081
   0.11540
   0.01290
  -0.11163
  -0.04552
   0.09833
   0.07425
  -0.07664
  -0.09664
   0.04841
   0.11078
  -0.01604
  -0.11547
  -0.01770
   0.11030
   0.04992
  -0.09571
  -0.07789
   0.07296
   0.09920
  -0.04397
  -0.11205
   0.01124
   0.11533
   0.02246
  -0.10877
  -0.05424
   0.09292
   0.08139
  -0.06914
  -0.10159
   0.03946
   0.11312
  -0.00641
  -0.11499
  -0.02718
   0.10705
   0.05846
  -0.08997
  -0.08475
   0.06521
   0.10380
  -0.03488
  -0.11399
   0.00158
   0.11445
   0.03186
  -0.10514
  -0.06258
   0.08686
   0.08796
  -0.06116
  -0.10583
   0.03024
   0.11466
   0.00326
  -0.11371
  -0.03648
   0.10305
   0.06659
  -0.08360
  -0.09101
   0.05701
   0.10767
  -0.02555
  -0.11513
  -0.00809
   0.11277
   0.04103
  -0.10078
  -0.07048
   0.08019
   0.09391
  -0.05275
  -0.10932
   0.02081
   0.11540
   0.01290
  -0.11163
  -0.04552
   0.09833
   0.07425
  -0.07664
  -0.09664
   0.04841
   0.11078
  -0.01604
  -0.11547
  -0.01770
   0.11030
   0.04992
  -0.09571
  -0.07789
   0.07296
   0.09920
  -0.04397
  -0.11205
   0.01124
   0.11533
   0.02246
  -0.10877
  -0.05424
   0.09292
   0.08139
  -0.06914
  -0.10159
   0.03946
   0.11312
  -0.00641
  -0.11499
  -0.02718
   0.10705
   0.05846
  -0.08997
  -0.08475
   0.06521
   0.10380
  -0.03488
  -0.11399
   0.00158
   0.11445
   0.03186
  -0.10514
  -0.06258
   0.08686
   0.08796
  -0.06116
  -0.10583
   0.03024
   0.11466
   0.00326
  -0.11371
  -0.03648
   0.10305
   0.06659
  -0.08360
  -0.09101
   0.05701
   0.10767
  -0.02555
  -0.11513
  -0.00809
