   0.02371
  -0.10991
  -0.04669
   0.10015
   0.06762
  -0.08601
  -0.08561
   0.06812
   0.09985
  -0.04724
  -0.10972
   0.02431
   0.11481
  -0.00031
  -0.11487
  -0.02371
   0.10991
   0.04669
  -0.10015
  -0.06762
   0.08601
   0.08561
  -0.06812
  -0.09985
   0.04724
   0.10972
  -0.02431
  -0.11481
   0.00031
   0.11487
   0.02371
  -0.10991
  -0.04669
   0.10015
   0.06762
  -0.08601
  -0.08561
   0.06812
   0.09985
  -0.04724
  -0.10972
   0.02431
   0.11481
  -0.00031
  -0.11487
  -0.02371
   0.10991
   0.04669
  -0.10015
  -0.06762
   0.08601
   0.08561
  -0.06812
  -0.09985
   0.04724
   0.10972
  -0.02431
  -0.11481
   0.00031
   0.11487
   0.02371
  -0.10991
  -0.04669
   0.10015
   0.06762
  -0.08601
  -0.08561
   0.06812
   0.09985
  -0.04724
  -0.10972
   0.02431
   0.11481
  -0.00031
  -0.11487
  -0.02371
   0.10991
   0.04669
  -0.10015
  -0.06762
   0.08601
   0.08561
  -0.06812
  -0.09985
   0.04724
   0.10972
  -0.02431
  -0.11481
   0.00031
   0.11487
   0.02371
  -0.10991
  -0.04669
   0.10015
   0.06762
  -0.08601
  -0.08561
   0.06812
   0.09985
  -0.04724
  -0.10972
   0.02431
   0.11481
  -0.00031
  -0.11487
  -0.02371
   0.10991
   0.04669
  -0.10015
  -0.06762
   0.08601
   0.08561
  -0.06812
  -0.09985
   0.04724
   0.10972
  -0.02431
  -0.11481
   0.00031
   0.11487
   0.02371
  -0.10991
  -0.04669
   0.10015
   0.06762
  -0.08601
  -0.08561
   0.06812
   0.09985
  -0.04724
  -0.10972
   0.02431
   0.11481
  -0.00031
  -0.11487
  -0.02371
   0.10991
   0.04669
  -0.10015
  -0.06762
   0.08601
   0.08561
  -0.06812
  -0.09985
   0.04724
   0.10972
  -0.02431
  -0.11481
   0.00031
   0.11487
