   0.04918
  -0.07725
  -0.10905
  -0.00727
   0.10342
   0.08742
  -0.03567
  -0.11506
  -0.05351
   0.07359
   0.11055
   0.01209
  -0.10118
  -0.09050
   0.03104
   0.11456
   0.05775
  -0.06980
  -0.11185
  -0.01689
   0.09876
   0.09343
  -0.02635
  -0.11385
  -0.06189
   0.06589
   0.11295
   0.02165
  -0.09617
  -0.09619
   0.02162
   0.11294
   0.06591
  -0.06186
  -0.11386
  -0.02638
   0.09341
   0.09878
  -0.01685
  -0.11184
  -0.06983
   0.05772
   0.11456
   0.03107
  -0.09048
  -0.10120
   0.01205
   0.11054
   0.07362
  -0.05348
  -0.11507
  -0.03570
   0.08740
   0.10344
  -0.00723
  -0.10904
  -0.07728
   0.04915
   0.11537
   0.04027
  -0.08416
  -0.10549
   0.00240
   0.10735
   0.08080
  -0.04473
  -0.11547
  -0.04476
   0.08078
   0.10737
   0.00244
  -0.10548
  -0.08419
   0.04023
   0.11537
   0.04918
  -0.07725
  -0.10905
  -0.00727
   0.10342
   0.08742
  -0.03567
  -0.11506
  -0.05351
   0.07359
   0.11055
   0.01209
  -0.10118
  -0.09050
   0.03104
   0.11456
   0.05775
  -0.06980
  -0.11185
  -0.01689
   0.09876
   0.09343
  -0.02635
  -0.11385
  -0.06189
   0.06589
   0.11295
   0.02165
  -0.09617
  -0.09619
   0.02162
   0.11294
   0.06591
  -0.06186
  -0.11386
  -0.02638
   0.09341
   0.09878
  -0.01685
  -0.11184
  -0.06983
   0.05772
   0.11456
   0.03107
  -0.09048
  -0.10120
   0.01205
   0.11054
   0.07362
  -0.05348
  -0.11507
  -0.03570
   0.08740
   0.10344
  -0.00723
  -0.10904
  -0.07728
   0.04915
   0.11537
   0.04027
  -0.08416
  -0.10549
   0.00240
   0.10735
   0.08080
  -0.04473
  -0.11547
  -0.04476
   0.08078
   0.10737
   0.00244
  -0.10548
  -0.08419
   0.04023
   0.11537
