  -0.01433
   0.11485
   0.00952
  -0.11525
  -0.00469
   0.11545
  -0.00014
  -0.11544
   0.00498
   0.11523
  -0.00980
  -0.11482
   0.01461
   0.11421
  -0.01940
  -0.11340
   0.02415
   0.11239
  -0.02885
  -0.11118
   0.03351
   0.10977
  -0.03811
  -0.10818
   0.04264
   0.10639
  -0.04709
  -0.10442
   0.05147
   0.10226
  -0.05575
  -0.09993
   0.05994
   0.09742
  -0.06402
  -0.09474
   0.06799
   0.09189
  -0.07183
  -0.08888
   0.07556
   0.08572
  -0.07915
  -0.08240
   0.08260
   0.07894
  -0.08591
  -0.07534
   0.08906
   0.07161
  -0.09206
  -0.06776
   0.09490
   0.06378
  -0.09757
  -0.05970
   0.10007
   0.05550
  -0.10240
  -0.05122
   0.10454
   0.04684
  -0.10650
  -0.04238
   0.10828
   0.03784
  -0.10986
  -0.03324
   0.11125
   0.02858
  -0.11245
  -0.02387
   0.11345
   0.01912
  -0.11425
  -0.01433
   0.11485
   0.00952
  -0.11525
  -0.00469
   0.11545
  -0.00014
  -0.11544
   0.00498
   0.11523
  -0.00980
  -0.11482
   0.01461
   0.11421
  -0.01940
  -0.11340
   0.02415
   0.11239
  -0.02885
  -0.11118
   0.03351
   0.10977
  -0.03811
  -0.10818
   0.04264
   0.10639
  -0.04709
  -0.10442
   0.05147
   0.10226
  -0.05575
  -0.09993
   0.05994
   0.09742
  -0.06402
  -0.09474
   0.06799
   0.09189
  -0.07183
  -0.08888
   0.07556
   0.08572
  -0.07915
  -0.08240
   0.08260
   0.07894
  -0.08591
  -0.07534
   0.08906
   0.07161
  -0.09206
  -0.06776
   0.09490
   0.06378
  -0.09757
  -0.05970
   0.10007
   0.05550
  -0.10240
  -0.05122
   0.10454
   0.04684
  -0.10650
  -0.04238
   0.10828
   0.03784
  -0.10986
  -0.03324
   0.11125
   0.02858
  -0.11245
  -0.02387
   0.11345
   0.01912
  -0.11425
