   0.11318
  -0.10174
   0.08162
  -0.05453
   0.02278
   0.01091
  -0.04367
   0.07270
  -0.09553
   0.11020
  -0.11546
   0.11087
  -0.09682
   0.07450
  -0.04582
   0.01323
   0.02049
  -0.05246
   0.07995
  -0.10062
   0.11270
  -0.11516
   0.10779
  -0.09121
   0.06686
  -0.03679
   0.00358
   0.02993
  -0.06088
   0.08664
  -0.10501
   0.11441
  -0.11404
   0.10394
  -0.08497
   0.05874
  -0.02750
  -0.00609
   0.03915
  -0.06888
   0.09273
  -0.10866
   0.11531
  -0.11213
   0.09937
  -0.07813
   0.05022
  -0.01802
  -0.01571
   0.04811
  -0.07639
   0.09816
  -0.11155
   0.11541
  -0.10943
   0.09410
  -0.07074
   0.04134
  -0.00841
  -0.02523
   0.05672
  -0.08337
   0.10290
  -0.11365
   0.11470
  -0.10596
   0.08817
  -0.06285
   0.03217
   0.00125
  -0.03457
   0.06494
  -0.08976
   0.10693
  -0.11496
   0.11318
  -0.10174
   0.08162
  -0.05453
   0.02278
   0.01091
  -0.04367
   0.07270
  -0.09553
   0.11020
  -0.11546
   0.11087
  -0.09682
   0.07450
  -0.04582
   0.01323
   0.02049
  -0.05246
   0.07995
  -0.10062
   0.11270
  -0.11516
   0.10779
  -0.09121
   0.06686
  -0.03679
   0.00358
   0.02993
  -0.06088
   0.08664
  -0.10501
   0.11441
  -0.11404
   0.10394
  -0.08497
   0.05874
  -0.02750
  -0.00609
   0.03915
  -0.06888
   0.09273
  -0.10866
   0.11531
  -0.11213
   0.09937
  -0.07813
   0.05022
  -0.01802
  -0.01571
   0.04811
  -0.07639
   0.09816
  -0.11155
   0.11541
  -0.10943
   0.09410
  -0.07074
   0.04134
  -0.00841
  -0.02523
   0.05672
  -0.08337
   0.10290
  -0.11365
   0.11470
  -0.10596
   0.08817
  -0.06285
   0.03217
   0.00125
  -0.03457
   0.06494
  -0.08976
   0.10693
  -0.11496
