   0.11423
   0.03798
  -0.09999
  -0.07546
   0.07172
   0.10233
  -0.03336
  -0.11484
  -0.00967
   0.11121
   0.05135
  -0.09197
  -0.08582
   0.05981
   0.10823
  -0.01925
  -0.11544
  -0.02402
   0.10644
   0.06391
  -0.08249
  -0.09482
   0.04696
   0.11242
  -0.00482
  -0.11423
  -0.03798
   0.09999
   0.07546
  -0.07172
  -0.10233
   0.03336
   0.11484
   0.00967
  -0.11121
  -0.05135
   0.09197
   0.08582
  -0.05981
  -0.10823
   0.01925
   0.11544
   0.02402
  -0.10644
  -0.06391
   0.08249
   0.09482
  -0.04696
  -0.11242
   0.00482
   0.11423
   0.03798
  -0.09999
  -0.07546
   0.07172
   0.10233
  -0.03336
  -0.11484
  -0.00967
   0.11121
   0.05135
  -0.09197
  -0.08582
   0.05981
   0.10823
  -0.01925
  -0.11544
  -0.02402
   0.10644
   0.06391
  -0.08249
  -0.09482
   0.04696
   0.11242
  -0.00482
  -0.11423
  -0.03798
   0.09999
   0.07546
  -0.07172
  -0.10233
   0.03336
   0.11484
   0.00967
  -0.11121
  -0.05135
   0.09197
   0.08582
  -0.05981
  -0.10823
   0.01925
   0.11544
   0.02402
  -0.10644
  -0.06391
   0.08249
   0.09482
  -0.04696
  -0.11242
   0.00482
   0.11423
   0.03798
  -0.09999
  -0.07546
   0.07172
   0.10233
  -0.03336
  -0.11484
  -0.00967
   0.11121
   0.05135
  -0.09197
  -0.08582
   0.05981
   0.10823
  -0.01925
  -0.11544
  -0.02402
   0.10644
   0.06391
  -0.08249
  -0.09482
   0.04696
   0.11242
  -0.00482
  -0.11423
  -0.03798
   0.09999
   0.07546
  -0.07172
  -0.10233
   0.03336
   0.11484
   0.00967
  -0.11121
  -0.05135
   0.09197
   0.08582
  -0.05981
  -0.10823
   0.01925
   0.11544
   0.02402
  -0.10644
  -0.06391
   0.08249
   0.09482
  -0.04696
  -0.11242
   0.00482
