   0.01200
  -0.02630
   0.04018
  -0.05343
   0.06584
  -0.07721
   0.08736
  -0.09614
   0.10340
  -0.10902
   0.11293
  -0.11506
   0.11537
  -0.11386
   0.11056
  -0.10552
   0.09881
  -0.09054
   0.08084
  -0.06987
   0.05780
  -0.04481
   0.03112
  -0.01694
   0.00249
   0.01200
  -0.02630
   0.04018
  -0.05343
   0.06584
  -0.07721
   0.08736
  -0.09614
   0.10340
  -0.10902
   0.11293
  -0.11506
   0.11537
  -0.11386
   0.11056
  -0.10552
   0.09881
  -0.09054
   0.08084
  -0.06987
   0.05780
  -0.04481
   0.03112
  -0.01694
   0.00249
   0.01200
  -0.02630
   0.04018
  -0.05343
   0.06584
  -0.07721
   0.08736
  -0.09614
   0.10340
  -0.10902
   0.11293
  -0.11506
   0.11537
  -0.11386
   0.11056
  -0.10552
   0.09881
  -0.09054
   0.08084
  -0.06987
   0.05780
  -0.04481
   0.03112
  -0.01694
   0.00249
   0.01200
  -0.02630
   0.04018
  -0.05343
   0.06584
  -0.07721
   0.08736
  -0.09614
   0.10340
  -0.10902
   0.11293
  -0.11506
   0.11537
  -0.11386
   0.11056
  -0.10552
   0.09881
  -0.09054
   0.08084
  -0.06987
   0.05780
  -0.04481
   0.03112
  -0.01694
   0.00249
   0.01200
  -0.02630
   0.04018
  -0.05343
   0.06584
  -0.07721
   0.08736
  -0.09614
   0.10340
  -0.10902
   0.11293
  -0.11506
   0.11537
  -0.11386
   0.11056
  -0.10552
   0.09881
  -0.09054
   0.08084
  -0.06987
   0.05780
  -0.04481
   0.03112
  -0.01694
   0.00249
   0.01200
  -0.02630
   0.04018
  -0.05343
   0.06584
  -0.07721
   0.08736
  -0.09614
   0.10340
  -0.10902
   0.11293
  -0.11506
   0.11537
  -0.11386
   0.11056
  -0.10552
   0.09881
  -0.09054
   0.08084
  -0.06987
   0.05780
  -0.04481
   0.03112
  -0.01694
   0.00249
