   0.10416
  -0.11529
   0.09790
  -0.05629
   0.00075
   0.05497
  -0.09709
   0.11519
  -0.10480
   0.06848
  -0.01522
  -0.04181
   0.08849
  -0.11328
   0.11005
  -0.07959
   0.02945
   0.02799
  -0.07849
   0.10958
  -0.11356
   0.08945
  -0.04321
  -0.01372
   0.06726
  -0.10416
   0.11529
  -0.09790
   0.05629
  -0.00075
  -0.05497
   0.09709
  -0.11519
   0.10480
  -0.06848
   0.01522
   0.04181
  -0.08849
   0.11328
  -0.11005
   0.07959
  -0.02945
  -0.02799
   0.07849
  -0.10958
   0.11356
  -0.08945
   0.04321
   0.01372
  -0.06726
   0.10416
  -0.11529
   0.09790
  -0.05629
   0.00075
   0.05497
  -0.09709
   0.11519
  -0.10480
   0.06848
  -0.01522
  -0.04181
   0.08849
  -0.11328
   0.11005
  -0.07959
   0.02945
   0.02799
  -0.07849
   0.10958
  -0.11356
   0.08945
  -0.04321
  -0.01372
   0.06726
  -0.10416
   0.11529
  -0.09790
   0.05629
  -0.00075
  -0.05497
   0.09709
  -0.11519
   0.10480
  -0.06848
   0.01522
   0.04181
  -0.08849
   0.11328
  -0.11005
   0.07959
  -0.02945
  -0.02799
   0.07849
  -0.10958
   0.11356
  -0.08945
   0.04321
   0.01372
  -0.06726
   0.10416
  -0.11529
   0.09790
  -0.05629
   0.00075
   0.05497
  -0.09709
   0.11519
  -0.10480
   0.06848
  -0.01522
  -0.04181
   0.08849
  -0.11328
   0.11005
  -0.07959
   0.02945
   0.02799
  -0.07849
   0.10958
  -0.11356
   0.08945
  -0.04321
  -0.01372
   0.06726
  -0.10416
   0.11529
  -0.09790
   0.05629
  -0.00075
  -0.05497
   0.09709
  -0.11519
   0.10480
  -0.06848
   0.01522
   0.04181
  -0.08849
   0.11328
  -0.11005
   0.07959
  -0.02945
  -0.02799
   0.07849
  -0.10958
   0.11356
  -0.08945
   0.04321
   0.01372
  -0.06726
