   0.07247
  -0.02964
  -0.01832
   0.06311
  -0.09698
   0.11409
  -0.11147
   0.08957
  -0.05219
   0.00579
   0.04162
  -0.08183
   0.10789
  -0.11530
   0.10277
  -0.07247
   0.02964
   0.01832
  -0.06311
   0.09698
  -0.11409
   0.11147
  -0.08957
   0.05219
  -0.00579
  -0.04162
   0.08183
  -0.10789
   0.11530
  -0.10277
   0.07247
  -0.02964
  -0.01832
   0.06311
  -0.09698
   0.11409
  -0.11147
   0.08957
  -0.05219
   0.00579
   0.04162
  -0.08183
   0.10789
  -0.11530
   0.10277
  -0.07247
   0.02964
   0.01832
  -0.06311
   0.09698
  -0.11409
   0.11147
  -0.08957
   0.05219
  -0.00579
  -0.04162
   0.08183
  -0.10789
   0.11530
  -0.10277
   0.07247
  -0.02964
  -0.01832
   0.06311
  -0.09698
   0.11409
  -0.11147
   0.08957
  -0.05219
   0.00579
   0.04162
  -0.08183
   0.10789
  -0.11530
   0.10277
  -0.07247
   0.02964
   0.01832
  -0.06311
   0.09698
  -0.11409
   0.11147
  -0.08957
   0.05219
  -0.00579
  -0.04162
   0.08183
  -0.10789
   0.11530
  -0.10277
   0.07247
  -0.02964
  -0.01832
   0.06311
  -0.09698
   0.11409
  -0.11147
   0.08957
  -0.05219
   0.00579
   0.04162
  -0.08183
   0.10789
  -0.11530
   0.10277
  -0.07247
   0.02964
   0.01832
  -0.06311
   0.09698
  -0.11409
   0.11147
  -0.08957
   0.05219
  -0.00579
  -0.04162
   0.08183
  -0.10789
   0.11530
  -0.10277
   0.07247
  -0.02964
  -0.01832
   0.06311
  -0.09698
   0.11409
  -0.11147
   0.08957
  -0.05219
   0.00579
   0.04162
  -0.08183
   0.10789
  -0.11530
   0.10277
  -0.07247
   0.02964
   0.01832
  -0.06311
   0.09698
  -0.11409
   0.11147
  -0.08957
   0.05219
  -0.00579
  -0.04162
   0.08183
  -0.10789
   0.11530
  -0.10277
