  -0.01019
  -0.11230
   0.04300
   0.09973
  -0.07214
  -0.07866
   0.09512
   0.05087
  -0.10998
  -0.01873
   0.11545
  -0.01500
  -0.11107
   0.04745
   0.09721
  -0.07585
  -0.07505
   0.09778
   0.04648
  -0.11136
  -0.01395
   0.11543
  -0.01978
  -0.10965
   0.05182
   0.09451
  -0.07943
  -0.07131
   0.10026
   0.04201
  -0.11254
  -0.00913
   0.11521
  -0.02453
  -0.10804
   0.05609
   0.09165
  -0.08287
  -0.06744
   0.10257
   0.03747
  -0.11352
  -0.00431
   0.11478
  -0.02923
  -0.10624
   0.06027
   0.08863
  -0.08616
  -0.06346
   0.10471
   0.03287
  -0.11431
   0.00053
   0.11415
  -0.03388
  -0.10425
   0.06434
   0.08546
  -0.08931
  -0.05936
   0.10665
   0.02820
  -0.11489
   0.00537
   0.11332
  -0.03847
  -0.10208
   0.06830
   0.08213
  -0.09229
  -0.05516
   0.10841
   0.02349
  -0.11527
   0.01019
   0.11230
  -0.04300
  -0.09973
   0.07214
   0.07866
  -0.09512
  -0.05087
   0.10998
   0.01873
  -0.11545
   0.01500
   0.11107
  -0.04745
  -0.09721
   0.07585
   0.07505
  -0.09778
  -0.04648
   0.11136
   0.01395
  -0.11543
   0.01978
   0.10965
  -0.05182
  -0.09451
   0.07943
   0.07131
  -0.10026
  -0.04201
   0.11254
   0.00913
  -0.11521
   0.02453
   0.10804
  -0.05609
  -0.09165
   0.08287
   0.06744
  -0.10257
  -0.03747
   0.11352
   0.00431
  -0.11478
   0.02923
   0.10624
  -0.06027
  -0.08863
   0.08616
   0.06346
  -0.10471
  -0.03287
   0.11431
  -0.00053
  -0.11415
   0.03388
   0.10425
  -0.06434
  -0.08546
   0.08931
   0.05936
  -0.10665
  -0.02820
   0.11489
  -0.00537
  -0.11332
   0.03847
   0.10208
  -0.06830
  -0.08213
   0.09229
   0.05516
  -0.10841
  -0.02349
   0.11527
