  -0.01865
   0.03740
  -0.05509
   0.07124
  -0.08540
   0.09717
  -0.10621
   0.11228
  -0.11520
   0.11490
  -0.11138
   0.10474
  -0.09517
   0.08293
  -0.06837
   0.05189
  -0.03396
   0.01508
   0.00422
  -0.02341
   0.04194
  -0.05929
   0.07499
  -0.08858
   0.09969
  -0.10801
   0.11331
  -0.11543
   0.11432
  -0.11001
   0.10261
  -0.09234
   0.07949
  -0.06441
   0.04752
  -0.02931
   0.01027
   0.00905
  -0.02812
   0.04641
  -0.06339
   0.07860
  -0.09160
   0.10204
  -0.10963
   0.11414
  -0.11546
   0.11354
  -0.10844
   0.10030
  -0.08936
   0.07591
  -0.06034
   0.04308
  -0.02461
   0.00545
   0.01386
  -0.03279
   0.05079
  -0.06738
   0.08207
  -0.09447
   0.10422
  -0.11105
   0.11477
  -0.11528
   0.11256
  -0.10668
   0.09782
  -0.08622
   0.07220
  -0.05616
   0.03855
  -0.01986
   0.00061
   0.01865
  -0.03740
   0.05509
  -0.07124
   0.08540
  -0.09717
   0.10621
  -0.11228
   0.11520
  -0.11490
   0.11138
  -0.10474
   0.09517
  -0.08293
   0.06837
  -0.05189
   0.03396
  -0.01508
  -0.00422
   0.02341
  -0.04194
   0.05929
  -0.07499
   0.08858
  -0.09969
   0.10801
  -0.11331
   0.11543
  -0.11432
   0.11001
  -0.10261
   0.09234
  -0.07949
   0.06441
  -0.04752
   0.02931
  -0.01027
  -0.00905
   0.02812
  -0.04641
   0.06339
  -0.07860
   0.09160
  -0.10204
   0.10963
  -0.11414
   0.11546
  -0.11354
   0.10844
  -0.10030
   0.08936
  -0.07591
   0.06034
  -0.04308
   0.02461
  -0.00545
  -0.01386
   0.03279
  -0.05079
   0.06738
  -0.08207
   0.09447
  -0.10422
   0.11105
  -0.11477
   0.11528
  -0.11256
   0.10668
  -0.09782
   0.08622
  -0.07220
   0.05616
  -0.03855
   0.01986
  -0.00061
