   0.11276
  -0.06263
  -0.06910
   0.11080
  -0.00814
  -0.10512
   0.08143
   0.04835
  -0.11514
   0.03191
   0.09289
  -0.09667
  -0.02549
   0.11444
  -0.05429
  -0.07660
   0.10769
   0.00152
  -0.10875
   0.07429
   0.05696
  -0.11400
   0.02252
   0.09830
  -0.09105
  -0.03483
   0.11533
  -0.04557
  -0.08356
   0.10382
   0.01118
  -0.11162
   0.06663
   0.06516
  -0.11206
   0.01296
   0.10303
  -0.08478
  -0.04392
   0.11540
  -0.03653
  -0.08993
   0.09923
   0.02076
  -0.11370
   0.05851
   0.07291
  -0.10934
   0.00331
   0.10703
  -0.07793
  -0.05270
   0.11467
  -0.02724
  -0.09568
   0.09394
   0.03019
  -0.11499
   0.04997
   0.08015
  -0.10585
  -0.00636
   0.11028
  -0.07052
  -0.06111
   0.11313
  -0.01775
  -0.10075
   0.08799
   0.03941
  -0.11547
   0.04109
   0.08682
  -0.10162
  -0.01598
   0.11276
  -0.06263
  -0.06910
   0.11080
  -0.00814
  -0.10512
   0.08143
   0.04835
  -0.11514
   0.03191
   0.09289
  -0.09667
  -0.02549
   0.11444
  -0.05429
  -0.07660
   0.10769
   0.00152
  -0.10875
   0.07429
   0.05696
  -0.11400
   0.02252
   0.09830
  -0.09105
  -0.03483
   0.11533
  -0.04557
  -0.08356
   0.10382
   0.01118
  -0.11162
   0.06663
   0.06516
  -0.11206
   0.01296
   0.10303
  -0.08478
  -0.04392
   0.11540
  -0.03653
  -0.08993
   0.09923
   0.02076
  -0.11370
   0.05851
   0.07291
  -0.10934
   0.00331
   0.10703
  -0.07793
  -0.05270
   0.11467
  -0.02724
  -0.09568
   0.09394
   0.03019
  -0.11499
   0.04997
   0.08015
  -0.10585
  -0.00636
   0.11028
  -0.07052
  -0.06111
   0.11313
  -0.01775
  -0.10075
   0.08799
   0.03941
  -0.11547
   0.04109
   0.08682
  -0.10162
  -0.01598
