  -0.04064
  -0.07757
  -0.10361
  -0.11510
  -0.11042
  -0.09024
  -0.05738
  -0.01646
   0.02677
   0.06624
   0.09641
   0.11303
   0.11378
   0.09855
   0.06948
   0.03065
  -0.01248
  -0.05386
  -0.08768
  -0.10918
  -0.11535
  -0.10532
  -0.08049
  -0.04436
  -0.00200
   0.04064
   0.07757
   0.10361
   0.11510
   0.11042
   0.09024
   0.05738
   0.01646
  -0.02677
  -0.06624
  -0.09641
  -0.11303
  -0.11378
  -0.09855
  -0.06948
  -0.03065
   0.01248
   0.05386
   0.08768
   0.10918
   0.11535
   0.10532
   0.08049
   0.04436
   0.00200
  -0.04064
  -0.07757
  -0.10361
  -0.11510
  -0.11042
  -0.09024
  -0.05738
  -0.01646
   0.02677
   0.06624
   0.09641
   0.11303
   0.11378
   0.09855
   0.06948
   0.03065
  -0.01248
  -0.05386
  -0.08768
  -0.10918
  -0.11535
  -0.10532
  -0.08049
  -0.04436
  -0.00200
   0.04064
   0.07757
   0.10361
   0.11510
   0.11042
   0.09024
   0.05738
   0.01646
  -0.02677
  -0.06624
  -0.09641
  -0.11303
  -0.11378
  -0.09855
  -0.06948
  -0.03065
   0.01248
   0.05386
   0.08768
   0.10918
   0.11535
   0.10532
   0.08049
   0.04436
   0.00200
  -0.04064
  -0.07757
  -0.10361
  -0.11510
  -0.11042
  -0.09024
  -0.05738
  -0.01646
   0.02677
   0.06624
   0.09641
   0.11303
   0.11378
   0.09855
   0.06948
   0.03065
  -0.01248
  -0.05386
  -0.08768
  -0.10918
  -0.11535
  -0.10532
  -0.08049
  -0.04436
  -0.00200
   0.04064
   0.07757
   0.10361
   0.11510
   0.11042
   0.09024
   0.05738
   0.01646
  -0.02677
  -0.06624
  -0.09641
  -0.11303
  -0.11378
  -0.09855
  -0.06948
  -0.03065
   0.01248
   0.05386
   0.08768
   0.10918
   0.11535
   0.10532
   0.08049
   0.04436
   0.00200
