   0.02483
  -0.10793
  -0.05636
   0.09147
   0.08308
  -0.06719
  -0.10272
   0.03718
   0.11358
  -0.00400
  -0.11475
  -0.02953
   0.10612
   0.06053
  -0.08843
  -0.08637
   0.06320
   0.10483
  -0.03257
  -0.11435
  -0.00084
   0.11411
   0.03418
  -0.10412
  -0.06460
   0.08525
   0.08950
  -0.05910
  -0.10677
   0.02790
   0.11492
   0.00567
  -0.11326
  -0.03876
   0.10194
   0.06855
  -0.08191
  -0.09248
   0.05489
   0.10852
  -0.02319
  -0.11529
  -0.01050
   0.11222
   0.04329
  -0.09958
  -0.07238
   0.07843
   0.09529
  -0.05059
  -0.11007
   0.01843
   0.11546
   0.01530
  -0.11099
  -0.04773
   0.09704
   0.07608
  -0.07481
  -0.09794
   0.04620
   0.11144
  -0.01364
  -0.11542
  -0.02008
   0.10956
   0.05209
  -0.09434
  -0.07965
   0.07107
   0.10042
  -0.04173
  -0.11261
   0.00883
   0.11519
   0.02483
  -0.10793
  -0.05636
   0.09147
   0.08308
  -0.06719
  -0.10272
   0.03718
   0.11358
  -0.00400
  -0.11475
  -0.02953
   0.10612
   0.06053
  -0.08843
  -0.08637
   0.06320
   0.10483
  -0.03257
  -0.11435
  -0.00084
   0.11411
   0.03418
  -0.10412
  -0.06460
   0.08525
   0.08950
  -0.05910
  -0.10677
   0.02790
   0.11492
   0.00567
  -0.11326
  -0.03876
   0.10194
   0.06855
  -0.08191
  -0.09248
   0.05489
   0.10852
  -0.02319
  -0.11529
  -0.01050
   0.11222
   0.04329
  -0.09958
  -0.07238
   0.07843
   0.09529
  -0.05059
  -0.11007
   0.01843
   0.11546
   0.01530
  -0.11099
  -0.04773
   0.09704
   0.07608
  -0.07481
  -0.09794
   0.04620
   0.11144
  -0.01364
  -0.11542
  -0.02008
   0.10956
   0.05209
  -0.09434
  -0.07965
   0.07107
   0.10042
  -0.04173
  -0.11261
   0.00883
   0.11519
