   0.07057
   0.03478
  -0.11026
   0.09108
   0.00630
  -0.09828
   0.10587
  -0.02257
  -0.08011
   0.11401
  -0.05002
  -0.05691
   0.11498
  -0.07433
  -0.03014
   0.10873
  -0.09397
  -0.00147
   0.09565
  -0.10771
   0.02729
   0.07656
  -0.11467
   0.05433
   0.05266
  -0.11444
   0.07797
   0.02544
  -0.10701
   0.09670
  -0.00336
  -0.09286
   0.10935
  -0.03196
  -0.07287
   0.11514
  -0.05855
  -0.04831
   0.11369
  -0.08146
  -0.02071
   0.10510
  -0.09926
   0.00820
   0.08990
  -0.11081
   0.03658
   0.06906
  -0.11540
   0.06267
   0.04387
  -0.11275
   0.08482
   0.01593
  -0.10300
   0.10164
  -0.01301
  -0.08679
   0.11207
  -0.04114
  -0.06512
   0.11547
  -0.06668
  -0.03936
   0.11160
  -0.08803
  -0.01113
   0.10073
  -0.10385
   0.01780
   0.08352
  -0.11314
   0.04562
   0.06107
  -0.11533
   0.07057
   0.03478
  -0.11026
   0.09108
   0.00630
  -0.09828
   0.10587
  -0.02257
  -0.08011
   0.11401
  -0.05002
  -0.05691
   0.11498
  -0.07433
  -0.03014
   0.10873
  -0.09397
  -0.00147
   0.09565
  -0.10771
   0.02729
   0.07656
  -0.11467
   0.05433
   0.05266
  -0.11444
   0.07797
   0.02544
  -0.10701
   0.09670
  -0.00336
  -0.09286
   0.10935
  -0.03196
  -0.07287
   0.11514
  -0.05855
  -0.04831
   0.11369
  -0.08146
  -0.02071
   0.10510
  -0.09926
   0.00820
   0.08990
  -0.11081
   0.03658
   0.06906
  -0.11540
   0.06267
   0.04387
  -0.11275
   0.08482
   0.01593
  -0.10300
   0.10164
  -0.01301
  -0.08679
   0.11207
  -0.04114
  -0.06512
   0.11547
  -0.06668
  -0.03936
   0.11160
  -0.08803
  -0.01113
   0.10073
  -0.10385
   0.01780
   0.08352
  -0.11314
   0.04562
   0.06107
  -0.11533
