  -0.07355
   0.11052
  -0.11056
   0.07366
  -0.01214
  -0.05343
   0.10115
  -0.11507
   0.09054
  -0.03575
  -0.03098
   0.08736
  -0.11455
   0.10346
  -0.05780
  -0.00718
   0.06976
  -0.10902
   0.11186
  -0.07732
   0.01694
   0.04910
  -0.09873
   0.11537
  -0.09346
   0.04032
   0.02630
  -0.08412
   0.11384
  -0.10552
   0.06193
   0.00235
  -0.06584
   0.10733
  -0.11296
   0.08084
  -0.02171
  -0.04468
   0.09614
  -0.11547
   0.09622
  -0.04481
  -0.02157
   0.08074
  -0.11293
   0.10739
  -0.06596
   0.00249
   0.06181
  -0.10546
   0.11387
  -0.08422
   0.02644
   0.04018
  -0.09337
   0.11537
  -0.09881
   0.04923
   0.01680
  -0.07721
   0.11182
  -0.10907
   0.06987
  -0.00732
  -0.05767
   0.10340
  -0.11457
   0.08746
  -0.03112
  -0.03561
   0.09045
  -0.11506
   0.10122
  -0.05356
  -0.01200
   0.07355
  -0.11052
   0.11056
  -0.07366
   0.01214
   0.05343
  -0.10115
   0.11507
  -0.09054
   0.03575
   0.03098
  -0.08736
   0.11455
  -0.10346
   0.05780
   0.00718
  -0.06976
   0.10902
  -0.11186
   0.07732
  -0.01694
  -0.04910
   0.09873
  -0.11537
   0.09346
  -0.04032
  -0.02630
   0.08412
  -0.11384
   0.10552
  -0.06193
  -0.00235
   0.06584
  -0.10733
   0.11296
  -0.08084
   0.02171
   0.04468
  -0.09614
   0.11547
  -0.09622
   0.04481
   0.02157
  -0.08074
   0.11293
  -0.10739
   0.06596
  -0.00249
  -0.06181
   0.10546
  -0.11387
   0.08422
  -0.02644
  -0.04018
   0.09337
  -0.11537
   0.09881
  -0.04923
  -0.01680
   0.07721
  -0.11182
   0.10907
  -0.06987
   0.00732
   0.05767
  -0.10340
   0.11457
  -0.08746
   0.03112
   0.03561
  -0.09045
   0.11506
  -0.10122
   0.05356
   0.01200
