  -0.09914
   0.09578
   0.01758
  -0.11075
   0.07673
   0.04541
  -0.11540
   0.05286
   0.07039
  -0.11279
   0.02566
   0.09094
  -0.10310
  -0.00314
   0.10578
  -0.08694
  -0.03175
   0.11397
  -0.06531
  -0.05836
   0.11500
  -0.03957
  -0.08130
   0.10881
  -0.01135
  -0.09914
   0.09578
   0.01758
  -0.11075
   0.07673
   0.04541
  -0.11540
   0.05286
   0.07039
  -0.11279
   0.02566
   0.09094
  -0.10310
  -0.00314
   0.10578
  -0.08694
  -0.03175
   0.11397
  -0.06531
  -0.05836
   0.11500
  -0.03957
  -0.08130
   0.10881
  -0.01135
  -0.09914
   0.09578
   0.01758
  -0.11075
   0.07673
   0.04541
  -0.11540
   0.05286
   0.07039
  -0.11279
   0.02566
   0.09094
  -0.10310
  -0.00314
   0.10578
  -0.08694
  -0.03175
   0.11397
  -0.06531
  -0.05836
   0.11500
  -0.03957
  -0.08130
   0.10881
  -0.01135
  -0.09914
   0.09578
   0.01758
  -0.11075
   0.07673
   0.04541
  -0.11540
   0.05286
   0.07039
  -0.11279
   0.02566
   0.09094
  -0.10310
  -0.00314
   0.10578
  -0.08694
  -0.03175
   0.11397
  -0.06531
  -0.05836
   0.11500
  -0.03957
  -0.08130
   0.10881
  -0.01135
  -0.09914
   0.09578
   0.01758
  -0.11075
   0.07673
   0.04541
  -0.11540
   0.05286
   0.07039
  -0.11279
   0.02566
   0.09094
  -0.10310
  -0.00314
   0.10578
  -0.08694
  -0.03175
   0.11397
  -0.06531
  -0.05836
   0.11500
  -0.03957
  -0.08130
   0.10881
  -0.01135
  -0.09914
   0.09578
   0.01758
  -0.11075
   0.07673
   0.04541
  -0.11540
   0.05286
   0.07039
  -0.11279
   0.02566
   0.09094
  -0.10310
  -0.00314
   0.10578
  -0.08694
  -0.03175
   0.11397
  -0.06531
  -0.05836
   0.11500
  -0.03957
  -0.08130
   0.10881
  -0.01135
