  -0.07922
  -0.00942
   0.09183
  -0.11347
   0.06003
   0.03314
  -0.10438
   0.10654
  -0.03820
  -0.05541
   0.11236
  -0.09496
   0.01471
   0.07527
  -0.11544
   0.07922
   0.00942
  -0.09183
   0.11347
  -0.06003
  -0.03314
   0.10438
  -0.10654
   0.03820
   0.05541
  -0.11236
   0.09496
  -0.01471
  -0.07527
   0.11544
  -0.07922
  -0.00942
   0.09183
  -0.11347
   0.06003
   0.03314
  -0.10438
   0.10654
  -0.03820
  -0.05541
   0.11236
  -0.09496
   0.01471
   0.07527
  -0.11544
   0.07922
   0.00942
  -0.09183
   0.11347
  -0.06003
  -0.03314
   0.10438
  -0.10654
   0.03820
   0.05541
  -0.11236
   0.09496
  -0.01471
  -0.07527
   0.11544
  -0.07922
  -0.00942
   0.09183
  -0.11347
   0.06003
   0.03314
  -0.10438
   0.10654
  -0.03820
  -0.05541
   0.11236
  -0.09496
   0.01471
   0.07527
  -0.11544
   0.07922
   0.00942
  -0.09183
   0.11347
  -0.06003
  -0.03314
   0.10438
  -0.10654
   0.03820
   0.05541
  -0.11236
   0.09496
  -0.01471
  -0.07527
   0.11544
  -0.07922
  -0.00942
   0.09183
  -0.11347
   0.06003
   0.03314
  -0.10438
   0.10654
  -0.03820
  -0.05541
   0.11236
  -0.09496
   0.01471
   0.07527
  -0.11544
   0.07922
   0.00942
  -0.09183
   0.11347
  -0.06003
  -0.03314
   0.10438
  -0.10654
   0.03820
   0.05541
  -0.11236
   0.09496
  -0.01471
  -0.07527
   0.11544
  -0.07922
  -0.00942
   0.09183
  -0.11347
   0.06003
   0.03314
  -0.10438
   0.10654
  -0.03820
  -0.05541
   0.11236
  -0.09496
   0.01471
   0.07527
  -0.11544
   0.07922
   0.00942
  -0.09183
   0.11347
  -0.06003
  -0.03314
   0.10438
  -0.10654
   0.03820
   0.05541
  -0.11236
   0.09496
  -0.01471
  -0.07527
   0.11544
