  -0.04985
  -0.00650
   0.06123
  -0.10082
   0.11547
  -0.10155
   0.06251
  -0.00800
  -0.04848
   0.09297
  -0.11446
   0.10764
  -0.07418
   0.02238
   0.03496
  -0.08366
   0.11165
  -0.11203
   0.08469
  -0.03640
  -0.02090
   0.07302
  -0.10708
   0.11465
  -0.09386
   0.04985
   0.00650
  -0.06123
   0.10082
  -0.11547
   0.10155
  -0.06251
   0.00800
   0.04848
  -0.09297
   0.11446
  -0.10764
   0.07418
  -0.02238
  -0.03496
   0.08366
  -0.11165
   0.11203
  -0.08469
   0.03640
   0.02090
  -0.07302
   0.10708
  -0.11465
   0.09386
  -0.04985
  -0.00650
   0.06123
  -0.10082
   0.11547
  -0.10155
   0.06251
  -0.00800
  -0.04848
   0.09297
  -0.11446
   0.10764
  -0.07418
   0.02238
   0.03496
  -0.08366
   0.11165
  -0.11203
   0.08469
  -0.03640
  -0.02090
   0.07302
  -0.10708
   0.11465
  -0.09386
   0.04985
   0.00650
  -0.06123
   0.10082
  -0.11547
   0.10155
  -0.06251
   0.00800
   0.04848
  -0.09297
   0.11446
  -0.10764
   0.07418
  -0.02238
  -0.03496
   0.08366
  -0.11165
   0.11203
  -0.08469
   0.03640
   0.02090
  -0.07302
   0.10708
  -0.11465
   0.09386
  -0.04985
  -0.00650
   0.06123
  -0.10082
   0.11547
  -0.10155
   0.06251
  -0.00800
  -0.04848
   0.09297
  -0.11446
   0.10764
  -0.07418
   0.02238
   0.03496
  -0.08366
   0.11165
  -0.11203
   0.08469
  -0.03640
  -0.02090
   0.07302
  -0.10708
   0.11465
  -0.09386
   0.04985
   0.00650
  -0.06123
   0.10082
  -0.11547
   0.10155
  -0.06251
   0.00800
   0.04848
  -0.09297
   0.11446
  -0.10764
   0.07418
  -0.02238
  -0.03496
   0.08366
  -0.11165
   0.11203
  -0.08469
   0.03640
   0.02090
  -0.07302
   0.10708
  -0.11465
   0.09386
