  -0.03007
  -0.09674
   0.08985
   0.04121
  -0.11532
   0.03007
   0.09674
  -0.08985
  -0.04121
   0.11532
  -0.03007
  -0.09674
   0.08985
   0.04121
  -0.11532
   0.03007
   0.09674
  -0.08985
  -0.04121
   0.11532
  -0.03007
  -0.09674
   0.08985
   0.04121
  -0.11532
   0.03007
   0.09674
  -0.08985
  -0.04121
   0.11532
  -0.03007
  -0.09674
   0.08985
   0.04121
  -0.11532
   0.03007
   0.09674
  -0.08985
  -0.04121
   0.11532
  -0.03007
  -0.09674
   0.08985
   0.04121
  -0.11532
   0.03007
   0.09674
  -0.08985
  -0.04121
   0.11532
  -0.03007
  -0.09674
   0.08985
   0.04121
  -0.11532
   0.03007
   0.09674
  -0.08985
  -0.04121
   0.11532
  -0.03007
  -0.09674
   0.08985
   0.04121
  -0.11532
   0.03007
   0.09674
  -0.08985
  -0.04121
   0.11532
  -0.03007
  -0.09674
   0.08985
   0.04121
  -0.11532
   0.03007
   0.09674
  -0.08985
  -0.04121
   0.11532
  -0.03007
  -0.09674
   0.08985
   0.04121
  -0.11532
   0.03007
   0.09674
  -0.08985
  -0.04121
   0.11532
  -0.03007
  -0.09674
   0.08985
   0.04121
  -0.11532
   0.03007
   0.09674
  -0.08985
  -0.04121
   0.11532
  -0.03007
  -0.09674
   0.08985
   0.04121
  -0.11532
   0.03007
   0.09674
  -0.08985
  -0.04121
   0.11532
  -0.03007
  -0.09674
   0.08985
   0.04121
  -0.11532
   0.03007
   0.09674
  -0.08985
  -0.04121
   0.11532
  -0.03007
  -0.09674
   0.08985
   0.04121
  -0.11532
   0.03007
   0.09674
  -0.08985
  -0.04121
   0.11532
  -0.03007
  -0.09674
   0.08985
   0.04121
  -0.11532
   0.03007
   0.09674
  -0.08985
  -0.04121
   0.11532
  -0.03007
  -0.09674
   0.08985
   0.04121
  -0.11532
   0.03007
   0.09674
  -0.08985
  -0.04121
   0.11532
