   0.00470
   0.10007
  -0.09742
  -0.00980
   0.10650
  -0.08889
  -0.02414
   0.11125
  -0.07895
  -0.03810
   0.11425
  -0.06776
  -0.05146
   0.11545
  -0.05551
  -0.06401
   0.11482
  -0.04238
  -0.07555
   0.11239
  -0.02859
  -0.08590
   0.10818
  -0.01434
  -0.09489
   0.10227
   0.00013
  -0.10239
   0.09474
   0.01460
  -0.10827
   0.08572
   0.02885
  -0.11245
   0.07535
   0.04263
  -0.11485
   0.06379
   0.05575
  -0.11544
   0.05122
   0.06798
  -0.11421
   0.03785
   0.07914
  -0.11118
   0.02388
   0.08906
  -0.10640
   0.00953
   0.09757
  -0.09993
  -0.00497
   0.10454
  -0.09189
  -0.01939
   0.10986
  -0.08241
  -0.03350
   0.11345
  -0.07162
  -0.04709
   0.11525
  -0.05970
  -0.05993
   0.11523
  -0.04684
  -0.07183
   0.11340
  -0.03325
  -0.08259
   0.10978
  -0.01913
  -0.09206
   0.10442
  -0.00470
  -0.10007
   0.09742
   0.00980
  -0.10650
   0.08889
   0.02414
  -0.11125
   0.07895
   0.03810
  -0.11425
   0.06776
   0.05146
  -0.11545
   0.05551
   0.06401
  -0.11482
   0.04238
   0.07555
  -0.11239
   0.02859
   0.08590
  -0.10818
   0.01434
   0.09489
  -0.10227
  -0.00013
   0.10239
  -0.09474
  -0.01460
   0.10827
  -0.08572
  -0.02885
   0.11245
  -0.07535
  -0.04263
   0.11485
  -0.06379
  -0.05575
   0.11544
  -0.05122
  -0.06798
   0.11421
  -0.03785
  -0.07914
   0.11118
  -0.02388
  -0.08906
   0.10640
  -0.00953
  -0.09757
   0.09993
   0.00497
  -0.10454
   0.09189
   0.01939
  -0.10986
   0.08241
   0.03350
  -0.11345
   0.07162
   0.04709
  -0.11525
   0.05970
   0.05993
  -0.11523
   0.04684
   0.07183
  -0.11340
   0.03325
   0.08259
  -0.10978
   0.01913
   0.09206
  -0.10442
