   0.11390
   0.10914
   0.10132
   0.09067
   0.07747
   0.06211
   0.04501
   0.02664
   0.00753
  -0.01179
  -0.03078
  -0.04891
  -0.06567
  -0.08059
  -0.09325
  -0.10330
  -0.11046
  -0.11452
  -0.11538
  -0.11301
  -0.10747
  -0.09891
  -0.08759
  -0.07382
  -0.05798
  -0.04051
  -0.02191
  -0.00270
   0.01659
   0.03541
   0.05325
   0.06959
   0.08398
   0.09602
   0.10537
   0.11177
   0.11504
   0.11509
   0.11191
   0.10560
   0.09633
   0.08437
   0.07004
   0.05375
   0.03595
   0.01715
  -0.00214
  -0.02136
  -0.03998
  -0.05749
  -0.07339
  -0.08723
  -0.09862
  -0.10726
  -0.11289
  -0.11536
  -0.11459
  -0.11062
  -0.10355
  -0.09358
  -0.08099
  -0.06613
  -0.04942
  -0.03132
  -0.01235
   0.00697
   0.02609
   0.04449
   0.06163
   0.07705
   0.09032
   0.10105
   0.10895
   0.11381
   0.11547
   0.11390
   0.10914
   0.10132
   0.09067
   0.07747
   0.06211
   0.04501
   0.02664
   0.00753
  -0.01179
  -0.03078
  -0.04891
  -0.06567
  -0.08059
  -0.09325
  -0.10330
  -0.11046
  -0.11452
  -0.11538
  -0.11301
  -0.10747
  -0.09891
  -0.08759
  -0.07382
  -0.05798
  -0.04051
  -0.02191
  -0.00270
   0.01659
   0.03541
   0.05325
   0.06959
   0.08398
   0.09602
   0.10537
   0.11177
   0.11504
   0.11509
   0.11191
   0.10560
   0.09633
   0.08437
   0.07004
   0.05375
   0.03595
   0.01715
  -0.00214
  -0.02136
  -0.03998
  -0.05749
  -0.07339
  -0.08723
  -0.09862
  -0.10726
  -0.11289
  -0.11536
  -0.11459
  -0.11062
  -0.10355
  -0.09358
  -0.08099
  -0.06613
  -0.04942
  -0.03132
  -0.01235
   0.00697
   0.02609
   0.04449
   0.06163
   0.07705
   0.09032
   0.10105
   0.10895
   0.11381
   0.11547
