  -0.05920
  -0.06450
   0.11412
  -0.03268
  -0.08629
   0.10617
  -0.00411
  -0.10266
   0.09154
   0.02471
  -0.11258
   0.07116
   0.05199
  -0.11543
   0.04631
   0.07600
  -0.11102
   0.01854
   0.09523
  -0.09964
  -0.01038
   0.10848
  -0.08199
  -0.03866
   0.11491
  -0.05920
  -0.06450
   0.11412
  -0.03268
  -0.08629
   0.10617
  -0.00411
  -0.10266
   0.09154
   0.02471
  -0.11258
   0.07116
   0.05199
  -0.11543
   0.04631
   0.07600
  -0.11102
   0.01854
   0.09523
  -0.09964
  -0.01038
   0.10848
  -0.08199
  -0.03866
   0.11491
  -0.05920
  -0.06450
   0.11412
  -0.03268
  -0.08629
   0.10617
  -0.00411
  -0.10266
   0.09154
   0.02471
  -0.11258
   0.07116
   0.05199
  -0.11543
   0.04631
   0.07600
  -0.11102
   0.01854
   0.09523
  -0.09964
  -0.01038
   0.10848
  -0.08199
  -0.03866
   0.11491
  -0.05920
  -0.06450
   0.11412
  -0.03268
  -0.08629
   0.10617
  -0.00411
  -0.10266
   0.09154
   0.02471
  -0.11258
   0.07116
   0.05199
  -0.11543
   0.04631
   0.07600
  -0.11102
   0.01854
   0.09523
  -0.09964
  -0.01038
   0.10848
  -0.08199
  -0.03866
   0.11491
  -0.05920
  -0.06450
   0.11412
  -0.03268
  -0.08629
   0.10617
  -0.00411
  -0.10266
   0.09154
   0.02471
  -0.11258
   0.07116
   0.05199
  -0.11543
   0.04631
   0.07600
  -0.11102
   0.01854
   0.09523
  -0.09964
  -0.01038
   0.10848
  -0.08199
  -0.03866
   0.11491
  -0.05920
  -0.06450
   0.11412
  -0.03268
  -0.08629
   0.10617
  -0.00411
  -0.10266
   0.09154
   0.02471
  -0.11258
   0.07116
   0.05199
  -0.11543
   0.04631
   0.07600
  -0.11102
   0.01854
   0.09523
  -0.09964
  -0.01038
   0.10848
  -0.08199
  -0.03866
   0.11491
