   0.08012
  -0.00148
  -0.07796
   0.11514
  -0.08991
   0.01594
   0.06667
  -0.11314
   0.09828
  -0.03015
  -0.05433
   0.10935
  -0.10510
   0.04388
   0.04113
  -0.10384
   0.11027
  -0.05692
  -0.02728
   0.09669
  -0.11369
   0.06906
   0.01300
  -0.08802
   0.11533
  -0.08012
   0.00148
   0.07796
  -0.11514
   0.08991
  -0.01594
  -0.06667
   0.11314
  -0.09828
   0.03015
   0.05433
  -0.10935
   0.10510
  -0.04388
  -0.04113
   0.10384
  -0.11027
   0.05692
   0.02728
  -0.09669
   0.11369
  -0.06906
  -0.01300
   0.08802
  -0.11533
   0.08012
  -0.00148
  -0.07796
   0.11514
  -0.08991
   0.01594
   0.06667
  -0.11314
   0.09828
  -0.03015
  -0.05433
   0.10935
  -0.10510
   0.04388
   0.04113
  -0.10384
   0.11027
  -0.05692
  -0.02728
   0.09669
  -0.11369
   0.06906
   0.01300
  -0.08802
   0.11533
  -0.08012
   0.00148
   0.07796
  -0.11514
   0.08991
  -0.01594
  -0.06667
   0.11314
  -0.09828
   0.03015
   0.05433
  -0.10935
   0.10510
  -0.04388
  -0.04113
   0.10384
  -0.11027
   0.05692
   0.02728
  -0.09669
   0.11369
  -0.06906
  -0.01300
   0.08802
  -0.11533
   0.08012
  -0.00148
  -0.07796
   0.11514
  -0.08991
   0.01594
   0.06667
  -0.11314
   0.09828
  -0.03015
  -0.05433
   0.10935
  -0.10510
   0.04388
   0.04113
  -0.10384
   0.11027
  -0.05692
  -0.02728
   0.09669
  -0.11369
   0.06906
   0.01300
  -0.08802
   0.11533
  -0.08012
   0.00148
   0.07796
  -0.11514
   0.08991
  -0.01594
  -0.06667
   0.11314
  -0.09828
   0.03015
   0.05433
  -0.10935
   0.10510
  -0.04388
  -0.04113
   0.10384
  -0.11027
   0.05692
   0.02728
  -0.09669
   0.11369
  -0.06906
  -0.01300
   0.08802
  -0.11533
