  -0.09927
  -0.09827
   0.00821
   0.10588
   0.08989
  -0.02258
  -0.11082
  -0.08010
   0.03660
   0.11401
   0.06904
  -0.05004
  -0.11541
  -0.05690
   0.06268
   0.11498
   0.04386
  -0.07434
  -0.11274
  -0.03012
   0.08483
   0.10873
   0.01591
  -0.09398
  -0.10300
  -0.00145
   0.10165
   0.09564
  -0.01303
  -0.10771
  -0.08678
   0.02731
   0.11208
   0.07654
  -0.04115
  -0.11468
  -0.06511
   0.05435
   0.11547
   0.05264
  -0.06669
  -0.11443
  -0.03934
   0.07798
   0.11160
   0.02543
  -0.08804
  -0.10700
  -0.01111
   0.09671
   0.10072
  -0.00338
  -0.10385
  -0.09285
   0.01782
   0.10936
   0.08351
  -0.03198
  -0.11314
  -0.07286
   0.04563
   0.11514
   0.06106
  -0.05857
  -0.11532
  -0.04829
   0.07058
   0.11369
   0.03476
  -0.08148
  -0.11026
  -0.02069
   0.09109
   0.10509
   0.00629
  -0.09927
  -0.09827
   0.00821
   0.10588
   0.08989
  -0.02258
  -0.11082
  -0.08010
   0.03660
   0.11401
   0.06904
  -0.05004
  -0.11541
  -0.05690
   0.06268
   0.11498
   0.04386
  -0.07434
  -0.11274
  -0.03012
   0.08483
   0.10873
   0.01591
  -0.09398
  -0.10300
  -0.00145
   0.10165
   0.09564
  -0.01303
  -0.10771
  -0.08678
   0.02731
   0.11208
   0.07654
  -0.04115
  -0.11468
  -0.06511
   0.05435
   0.11547
   0.05264
  -0.06669
  -0.11443
  -0.03934
   0.07798
   0.11160
   0.02543
  -0.08804
  -0.10700
  -0.01111
   0.09671
   0.10072
  -0.00338
  -0.10385
  -0.09285
   0.01782
   0.10936
   0.08351
  -0.03198
  -0.11314
  -0.07286
   0.04563
   0.11514
   0.06106
  -0.05857
  -0.11532
  -0.04829
   0.07058
   0.11369
   0.03476
  -0.08148
  -0.11026
  -0.02069
   0.09109
   0.10509
   0.00629
