  -0.11395
   0.10925
  -0.10148
   0.09087
  -0.07772
   0.06239
  -0.04531
   0.02696
  -0.00786
  -0.01146
   0.03046
  -0.04861
   0.06540
  -0.08035
   0.09306
  -0.10315
   0.11036
  -0.11448
   0.11539
  -0.11307
   0.10759
  -0.09908
   0.08781
  -0.07407
   0.05826
  -0.04082
   0.02224
  -0.00303
  -0.01626
   0.03510
  -0.05295
   0.06932
  -0.08375
   0.09584
  -0.10524
   0.11169
  -0.11501
   0.11511
  -0.11199
   0.10573
  -0.09651
   0.08459
  -0.07030
   0.05404
  -0.03626
   0.01747
   0.00181
  -0.02104
   0.03968
  -0.05720
   0.07313
  -0.08701
   0.09845
  -0.10713
   0.11282
  -0.11534
   0.11463
  -0.11072
   0.10370
  -0.09378
   0.08123
  -0.06640
   0.04972
  -0.03164
   0.01268
   0.00664
  -0.02577
   0.04418
  -0.06135
   0.07681
  -0.09011
   0.10089
  -0.10884
   0.11375
  -0.11547
   0.11395
  -0.10925
   0.10148
  -0.09087
   0.07772
  -0.06239
   0.04531
  -0.02696
   0.00786
   0.01146
  -0.03046
   0.04861
  -0.06540
   0.08035
  -0.09306
   0.10315
  -0.11036
   0.11448
  -0.11539
   0.11307
  -0.10759
   0.09908
  -0.08781
   0.07407
  -0.05826
   0.04082
  -0.02224
   0.00303
   0.01626
  -0.03510
   0.05295
  -0.06932
   0.08375
  -0.09584
   0.10524
  -0.11169
   0.11501
  -0.11511
   0.11199
  -0.10573
   0.09651
  -0.08459
   0.07030
  -0.05404
   0.03626
  -0.01747
  -0.00181
   0.02104
  -0.03968
   0.05720
  -0.07313
   0.08701
  -0.09845
   0.10713
  -0.11282
   0.11534
  -0.11463
   0.11072
  -0.10370
   0.09378
  -0.08123
   0.06640
  -0.04972
   0.03164
  -0.01268
  -0.00664
   0.02577
  -0.04418
   0.06135
  -0.07681
   0.09011
  -0.10089
   0.10884
  -0.11375
   0.11547
