  -0.02488
  -0.09701
   0.09251
   0.03252
  -0.11518
   0.04778
   0.08187
  -0.10486
  -0.00877
   0.11097
  -0.06859
  -0.06315
   0.11262
  -0.01536
  -0.10191
   0.08641
   0.04167
  -0.11546
   0.03882
   0.08840
  -0.10044
  -0.01837
   0.11325
  -0.06058
  -0.07102
   0.11009
  -0.00573
  -0.10610
   0.07970
   0.05054
  -0.11493
   0.02958
   0.09430
  -0.09533
  -0.02785
   0.11474
  -0.05214
  -0.07839
   0.10679
   0.00394
  -0.10954
   0.07242
   0.05905
  -0.11359
   0.02014
   0.09955
  -0.08954
  -0.03713
   0.11542
  -0.04334
  -0.08521
   0.10274
   0.01358
  -0.11221
   0.06464
   0.06714
  -0.11145
   0.01055
   0.10410
  -0.08312
  -0.04615
   0.11529
  -0.03423
  -0.09143
   0.09797
   0.02313
  -0.11410
   0.05641
   0.07477
  -0.10854
   0.00090
   0.10791
  -0.07613
  -0.05484
   0.11436
  -0.02488
  -0.09701
   0.09251
   0.03252
  -0.11518
   0.04778
   0.08187
  -0.10486
  -0.00877
   0.11097
  -0.06859
  -0.06315
   0.11262
  -0.01536
  -0.10191
   0.08641
   0.04167
  -0.11546
   0.03882
   0.08840
  -0.10044
  -0.01837
   0.11325
  -0.06058
  -0.07102
   0.11009
  -0.00573
  -0.10610
   0.07970
   0.05054
  -0.11493
   0.02958
   0.09430
  -0.09533
  -0.02785
   0.11474
  -0.05214
  -0.07839
   0.10679
   0.00394
  -0.10954
   0.07242
   0.05905
  -0.11359
   0.02014
   0.09955
  -0.08954
  -0.03713
   0.11542
  -0.04334
  -0.08521
   0.10274
   0.01358
  -0.11221
   0.06464
   0.06714
  -0.11145
   0.01055
   0.10410
  -0.08312
  -0.04615
   0.11529
  -0.03423
  -0.09143
   0.09797
   0.02313
  -0.11410
   0.05641
   0.07477
  -0.10854
   0.00090
   0.10791
  -0.07613
  -0.05484
   0.11436
