   0.09658
   0.10519
   0.01615
  -0.08788
  -0.11033
  -0.03035
   0.07780
   0.11373
   0.04408
  -0.06649
  -0.11534
  -0.05711
   0.05414
   0.11512
   0.06923
  -0.04093
  -0.11310
  -0.08027
   0.02707
   0.10928
   0.09004
  -0.01279
  -0.10375
  -0.09839
  -0.00169
   0.09658
   0.10519
   0.01615
  -0.08788
  -0.11033
  -0.03035
   0.07780
   0.11373
   0.04408
  -0.06649
  -0.11534
  -0.05711
   0.05414
   0.11512
   0.06923
  -0.04093
  -0.11310
  -0.08027
   0.02707
   0.10928
   0.09004
  -0.01279
  -0.10375
  -0.09839
  -0.00169
   0.09658
   0.10519
   0.01615
  -0.08788
  -0.11033
  -0.03035
   0.07780
   0.11373
   0.04408
  -0.06649
  -0.11534
  -0.05711
   0.05414
   0.11512
   0.06923
  -0.04093
  -0.11310
  -0.08027
   0.02707
   0.10928
   0.09004
  -0.01279
  -0.10375
  -0.09839
  -0.00169
   0.09658
   0.10519
   0.01615
  -0.08788
  -0.11033
  -0.03035
   0.07780
   0.11373
   0.04408
  -0.06649
  -0.11534
  -0.05711
   0.05414
   0.11512
   0.06923
  -0.04093
  -0.11310
  -0.08027
   0.02707
   0.10928
   0.09004
  -0.01279
  -0.10375
  -0.09839
  -0.00169
   0.09658
   0.10519
   0.01615
  -0.08788
  -0.11033
  -0.03035
   0.07780
   0.11373
   0.04408
  -0.06649
  -0.11534
  -0.05711
   0.05414
   0.11512
   0.06923
  -0.04093
  -0.11310
  -0.08027
   0.02707
   0.10928
   0.09004
  -0.01279
  -0.10375
  -0.09839
  -0.00169
   0.09658
   0.10519
   0.01615
  -0.08788
  -0.11033
  -0.03035
   0.07780
   0.11373
   0.04408
  -0.06649
  -0.11534
  -0.05711
   0.05414
   0.11512
   0.06923
  -0.04093
  -0.11310
  -0.08027
   0.02707
   0.10928
   0.09004
  -0.01279
  -0.10375
  -0.09839
  -0.00169
