   0.09667
   0.04557
  -0.02076
  -0.08015
  -0.11276
  -0.10769
  -0.06663
  -0.00331
   0.06112
   0.10512
   0.11400
   0.08478
   0.02723
  -0.03941
  -0.09289
  -0.11533
  -0.09923
  -0.04997
   0.01599
   0.07660
   0.11162
   0.10934
   0.07052
   0.00814
  -0.05696
  -0.10303
  -0.11467
  -0.08799
  -0.03191
   0.03483
   0.08994
   0.11499
   0.10161
   0.05428
  -0.01118
  -0.07291
  -0.11028
  -0.11080
  -0.07429
  -0.01296
   0.05271
   0.10076
   0.11514
   0.09104
   0.03653
  -0.03019
  -0.08683
  -0.11444
  -0.10382
  -0.05850
   0.00636
   0.06910
   0.10875
   0.11206
   0.07792
   0.01775
  -0.04836
  -0.09830
  -0.11540
  -0.09394
  -0.04108
   0.02550
   0.08356
   0.11370
   0.10585
   0.06262
  -0.00153
  -0.06517
  -0.10703
  -0.11313
  -0.08142
  -0.02251
   0.04392
   0.09568
   0.11547
   0.09667
   0.04557
  -0.02076
  -0.08015
  -0.11276
  -0.10769
  -0.06663
  -0.00331
   0.06112
   0.10512
   0.11400
   0.08478
   0.02723
  -0.03941
  -0.09289
  -0.11533
  -0.09923
  -0.04997
   0.01599
   0.07660
   0.11162
   0.10934
   0.07052
   0.00814
  -0.05696
  -0.10303
  -0.11467
  -0.08799
  -0.03191
   0.03483
   0.08994
   0.11499
   0.10161
   0.05428
  -0.01118
  -0.07291
  -0.11028
  -0.11080
  -0.07429
  -0.01296
   0.05271
   0.10076
   0.11514
   0.09104
   0.03653
  -0.03019
  -0.08683
  -0.11444
  -0.10382
  -0.05850
   0.00636
   0.06910
   0.10875
   0.11206
   0.07792
   0.01775
  -0.04836
  -0.09830
  -0.11540
  -0.09394
  -0.04108
   0.02550
   0.08356
   0.11370
   0.10585
   0.06262
  -0.00153
  -0.06517
  -0.10703
  -0.11313
  -0.08142
  -0.02251
   0.04392
   0.09568
   0.11547
