  -0.09366
  -0.03607
   0.03529
   0.09318
   0.11547
   0.09366
   0.03607
  -0.03529
  -0.09318
  -0.11547
  -0.09366
  -0.03607
   0.03529
   0.09318
   0.11547
   0.09366
   0.03607
  -0.03529
  -0.09318
  -0.11547
  -0.09366
  -0.03607
   0.03529
   0.09318
   0.11547
   0.09366
   0.03607
  -0.03529
  -0.09318
  -0.11547
  -0.09366
  -0.03607
   0.03529
   0.09318
   0.11547
   0.09366
   0.03607
  -0.03529
  -0.09318
  -0.11547
  -0.09366
  -0.03607
   0.03529
   0.09318
   0.11547
   0.09366
   0.03607
  -0.03529
  -0.09318
  -0.11547
  -0.09366
  -0.03607
   0.03529
   0.09318
   0.11547
   0.09366
   0.03607
  -0.03529
  -0.09318
  -0.11547
  -0.09366
  -0.03607
   0.03529
   0.09318
   0.11547
   0.09366
   0.03607
  -0.03529
  -0.09318
  -0.11547
  -0.09366
  -0.03607
   0.03529
   0.09318
   0.11547
   0.09366
   0.03607
  -0.03529
  -0.09318
  -0.11547
  -0.09366
  -0.03607
   0.03529
   0.09318
   0.11547
   0.09366
   0.03607
  -0.03529
  -0.09318
  -0.11547
  -0.09366
  -0.03607
   0.03529
   0.09318
   0.11547
   0.09366
   0.03607
  -0.03529
  -0.09318
  -0.11547
  -0.09366
  -0.03607
   0.03529
   0.09318
   0.11547
   0.09366
   0.03607
  -0.03529
  -0.09318
  -0.11547
  -0.09366
  -0.03607
   0.03529
   0.09318
   0.11547
   0.09366
   0.03607
  -0.03529
  -0.09318
  -0.11547
  -0.09366
  -0.03607
   0.03529
   0.09318
   0.11547
   0.09366
   0.03607
  -0.03529
  -0.09318
  -0.11547
  -0.09366
  -0.03607
   0.03529
   0.09318
   0.11547
   0.09366
   0.03607
  -0.03529
  -0.09318
  -0.11547
  -0.09366
  -0.03607
   0.03529
   0.09318
   0.11547
   0.09366
   0.03607
  -0.03529
  -0.09318
  -0.11547
