  -0.02894
   0.06409
  -0.09211
   0.10989
  -0.11544
   0.10815
  -0.08882
   0.05962
  -0.02378
  -0.01470
   0.05155
  -0.08266
   0.10458
  -0.11486
   0.11237
  -0.09737
   0.07154
  -0.03776
  -0.00023
   0.03819
  -0.07190
   0.09762
  -0.11247
   0.11481
  -0.10438
   0.08234
  -0.05114
   0.01424
   0.02423
  -0.06001
   0.08912
  -0.10831
   0.11545
  -0.10975
   0.09184
  -0.06371
   0.02849
   0.00989
  -0.04718
   0.07921
  -0.10244
   0.11426
  -0.11338
   0.09988
  -0.07528
   0.04229
  -0.00460
  -0.03360
   0.06806
  -0.09495
   0.11128
  -0.11523
   0.10636
  -0.08566
   0.05543
  -0.01903
  -0.01948
   0.05583
  -0.08597
   0.10654
  -0.11526
   0.11115
  -0.09469
   0.06768
  -0.03315
  -0.00507
   0.04272
  -0.07563
   0.10012
  -0.11347
   0.11420
  -0.10222
   0.07888
  -0.04676
   0.00943
   0.02894
  -0.06409
   0.09211
  -0.10989
   0.11544
  -0.10815
   0.08882
  -0.05962
   0.02378
   0.01470
  -0.05155
   0.08266
  -0.10458
   0.11486
  -0.11237
   0.09737
  -0.07154
   0.03776
   0.00023
  -0.03819
   0.07190
  -0.09762
   0.11247
  -0.11481
   0.10438
  -0.08234
   0.05114
  -0.01424
  -0.02423
   0.06001
  -0.08912
   0.10831
  -0.11545
   0.10975
  -0.09184
   0.06371
  -0.02849
  -0.00989
   0.04718
  -0.07921
   0.10244
  -0.11426
   0.11338
  -0.09988
   0.07528
  -0.04229
   0.00460
   0.03360
  -0.06806
   0.09495
  -0.11128
   0.11523
  -0.10636
   0.08566
  -0.05543
   0.01903
   0.01948
  -0.05583
   0.08597
  -0.10654
   0.11526
  -0.11115
   0.09469
  -0.06768
   0.03315
   0.00507
  -0.04272
   0.07563
  -0.10012
   0.11347
  -0.11420
   0.10222
  -0.07888
   0.04676
  -0.00943
