  -0.07555
  -0.01913
   0.09993
  -0.10827
   0.03810
   0.05970
  -0.11421
   0.08590
   0.00470
  -0.09190
   0.11245
  -0.05146
  -0.04685
   0.11118
  -0.09489
   0.00979
   0.08241
  -0.11485
   0.06401
   0.03325
  -0.10640
   0.10239
  -0.02414
  -0.07162
   0.11544
  -0.07555
  -0.01913
   0.09993
  -0.10827
   0.03810
   0.05970
  -0.11421
   0.08590
   0.00470
  -0.09190
   0.11245
  -0.05146
  -0.04685
   0.11118
  -0.09489
   0.00979
   0.08241
  -0.11485
   0.06401
   0.03325
  -0.10640
   0.10239
  -0.02414
  -0.07162
   0.11544
  -0.07555
  -0.01913
   0.09993
  -0.10827
   0.03810
   0.05970
  -0.11421
   0.08590
   0.00470
  -0.09190
   0.11245
  -0.05146
  -0.04685
   0.11118
  -0.09489
   0.00979
   0.08241
  -0.11485
   0.06401
   0.03325
  -0.10640
   0.10239
  -0.02414
  -0.07162
   0.11544
  -0.07555
  -0.01913
   0.09993
  -0.10827
   0.03810
   0.05970
  -0.11421
   0.08590
   0.00470
  -0.09190
   0.11245
  -0.05146
  -0.04685
   0.11118
  -0.09489
   0.00979
   0.08241
  -0.11485
   0.06401
   0.03325
  -0.10640
   0.10239
  -0.02414
  -0.07162
   0.11544
  -0.07555
  -0.01913
   0.09993
  -0.10827
   0.03810
   0.05970
  -0.11421
   0.08590
   0.00470
  -0.09190
   0.11245
  -0.05146
  -0.04685
   0.11118
  -0.09489
   0.00979
   0.08241
  -0.11485
   0.06401
   0.03325
  -0.10640
   0.10239
  -0.02414
  -0.07162
   0.11544
  -0.07555
  -0.01913
   0.09993
  -0.10827
   0.03810
   0.05970
  -0.11421
   0.08590
   0.00470
  -0.09190
   0.11245
  -0.05146
  -0.04685
   0.11118
  -0.09489
   0.00979
   0.08241
  -0.11485
   0.06401
   0.03325
  -0.10640
   0.10239
  -0.02414
  -0.07162
   0.11544
