   0.09038
   0.11189
   0.04492
  -0.05757
  -0.11454
  -0.08092
   0.01668
   0.10110
   0.10556
   0.02655
  -0.07346
  -0.11538
  -0.06606
   0.03550
   0.10899
   0.09628
   0.00744
  -0.08729
  -0.11299
  -0.04934
   0.05333
   0.11382
   0.08430
  -0.01188
  -0.09867
  -0.10743
  -0.03123
   0.06966
   0.11547
   0.06996
  -0.03087
  -0.10729
  -0.09887
  -0.01226
   0.08404
   0.11388
   0.05366
  -0.04899
  -0.11291
  -0.08753
   0.00706
   0.09607
   0.10911
   0.03586
  -0.06575
  -0.11536
  -0.07375
   0.02618
   0.10541
   0.10128
   0.01705
  -0.08066
  -0.11458
  -0.05790
   0.04457
   0.11180
   0.09061
  -0.00223
  -0.09331
  -0.11060
  -0.04043
   0.06171
   0.11505
   0.07740
  -0.02145
  -0.10334
  -0.10351
  -0.02182
   0.07712
   0.11508
   0.06203
  -0.04007
  -0.11049
  -0.09353
  -0.00261
   0.09038
   0.11189
   0.04492
  -0.05757
  -0.11454
  -0.08092
   0.01668
   0.10110
   0.10556
   0.02655
  -0.07346
  -0.11538
  -0.06606
   0.03550
   0.10899
   0.09628
   0.00744
  -0.08729
  -0.11299
  -0.04934
   0.05333
   0.11382
   0.08430
  -0.01188
  -0.09867
  -0.10743
  -0.03123
   0.06966
   0.11547
   0.06996
  -0.03087
  -0.10729
  -0.09887
  -0.01226
   0.08404
   0.11388
   0.05366
  -0.04899
  -0.11291
  -0.08753
   0.00706
   0.09607
   0.10911
   0.03586
  -0.06575
  -0.11536
  -0.07375
   0.02618
   0.10541
   0.10128
   0.01705
  -0.08066
  -0.11458
  -0.05790
   0.04457
   0.11180
   0.09061
  -0.00223
  -0.09331
  -0.11060
  -0.04043
   0.06171
   0.11505
   0.07740
  -0.02145
  -0.10334
  -0.10351
  -0.02182
   0.07712
   0.11508
   0.06203
  -0.04007
  -0.11049
  -0.09353
  -0.00261
