  -0.08221
  -0.11545
  -0.07934
   0.00442
   0.08553
   0.11527
   0.07576
  -0.00925
  -0.08871
  -0.11488
  -0.07205
   0.01406
   0.09173
   0.11429
   0.06820
  -0.01885
  -0.09458
  -0.11350
  -0.06424
   0.02360
   0.09727
   0.11251
   0.06017
  -0.02832
  -0.09979
  -0.11133
  -0.05599
   0.03298
   0.10214
   0.10995
   0.05171
  -0.03759
  -0.10430
  -0.10837
  -0.04734
   0.04212
   0.10629
   0.10661
   0.04289
  -0.04659
  -0.10808
  -0.10466
  -0.03836
   0.05097
   0.10969
   0.10252
   0.03377
  -0.05527
  -0.11110
  -0.10021
  -0.02911
   0.05946
   0.11232
   0.09771
   0.02441
  -0.06356
  -0.11335
  -0.09505
  -0.01966
   0.06754
   0.11417
   0.09222
   0.01488
  -0.07140
  -0.11479
  -0.08923
  -0.01007
   0.07514
   0.11522
   0.08609
   0.00525
  -0.07874
  -0.11544
  -0.08279
  -0.00041
   0.08221
   0.11545
   0.07934
  -0.00442
  -0.08553
  -0.11527
  -0.07576
   0.00925
   0.08871
   0.11488
   0.07205
  -0.01406
  -0.09173
  -0.11429
  -0.06820
   0.01885
   0.09458
   0.11350
   0.06424
  -0.02360
  -0.09727
  -0.11251
  -0.06017
   0.02832
   0.09979
   0.11133
   0.05599
  -0.03298
  -0.10214
  -0.10995
  -0.05171
   0.03759
   0.10430
   0.10837
   0.04734
  -0.04212
  -0.10629
  -0.10661
  -0.04289
   0.04659
   0.10808
   0.10466
   0.03836
  -0.05097
  -0.10969
  -0.10252
  -0.03377
   0.05527
   0.11110
   0.10021
   0.02911
  -0.05946
  -0.11232
  -0.09771
  -0.02441
   0.06356
   0.11335
   0.09505
   0.01966
  -0.06754
  -0.11417
  -0.09222
  -0.01488
   0.07140
   0.11479
   0.08923
   0.01007
  -0.07514
  -0.11522
  -0.08609
  -0.00525
   0.07874
   0.11544
   0.08279
   0.00041
