  -0.11205
   0.10159
  -0.08474
   0.06257
  -0.03647
   0.00808
   0.02082
  -0.04841
   0.07296
  -0.09293
   0.10705
  -0.11445
   0.11466
  -0.10767
   0.09390
  -0.07424
   0.04992
  -0.02245
  -0.00642
   0.03489
  -0.06117
   0.08360
  -0.10078
   0.11163
  -0.11547
   0.11205
  -0.10159
   0.08474
  -0.06257
   0.03647
  -0.00808
  -0.02082
   0.04841
  -0.07296
   0.09293
  -0.10705
   0.11445
  -0.11466
   0.10767
  -0.09390
   0.07424
  -0.04992
   0.02245
   0.00642
  -0.03489
   0.06117
  -0.08360
   0.10078
  -0.11163
   0.11547
  -0.11205
   0.10159
  -0.08474
   0.06257
  -0.03647
   0.00808
   0.02082
  -0.04841
   0.07296
  -0.09293
   0.10705
  -0.11445
   0.11466
  -0.10767
   0.09390
  -0.07424
   0.04992
  -0.02245
  -0.00642
   0.03489
  -0.06117
   0.08360
  -0.10078
   0.11163
  -0.11547
   0.11205
  -0.10159
   0.08474
  -0.06257
   0.03647
  -0.00808
  -0.02082
   0.04841
  -0.07296
   0.09293
  -0.10705
   0.11445
  -0.11466
   0.10767
  -0.09390
   0.07424
  -0.04992
   0.02245
   0.00642
  -0.03489
   0.06117
  -0.08360
   0.10078
  -0.11163
   0.11547
  -0.11205
   0.10159
  -0.08474
   0.06257
  -0.03647
   0.00808
   0.02082
  -0.04841
   0.07296
  -0.09293
   0.10705
  -0.11445
   0.11466
  -0.10767
   0.09390
  -0.07424
   0.04992
  -0.02245
  -0.00642
   0.03489
  -0.06117
   0.08360
  -0.10078
   0.11163
  -0.11547
   0.11205
  -0.10159
   0.08474
  -0.06257
   0.03647
  -0.00808
  -0.02082
   0.04841
  -0.07296
   0.09293
  -0.10705
   0.11445
  -0.11466
   0.10767
  -0.09390
   0.07424
  -0.04992
   0.02245
   0.00642
  -0.03489
   0.06117
  -0.08360
   0.10078
  -0.11163
   0.11547
