  -0.03557
  -0.04486
   0.10348
  -0.11181
   0.06580
   0.01219
  -0.08426
   0.11537
  -0.09042
   0.02152
   0.05784
  -0.10909
   0.10732
  -0.05339
  -0.02649
   0.09349
  -0.11505
   0.08070
  -0.00713
  -0.06991
   0.11297
  -0.10113
   0.04014
   0.04036
  -0.10125
   0.11292
  -0.06972
  -0.00737
   0.08088
  -0.11508
   0.09335
  -0.02625
  -0.05360
   0.10741
  -0.10901
   0.05763
   0.02176
  -0.09057
   0.11536
  -0.08409
   0.01195
   0.06600
  -0.11187
   0.10337
  -0.04463
  -0.03580
   0.09883
  -0.11383
   0.07351
   0.00254
  -0.07735
   0.11457
  -0.09611
   0.03094
   0.04927
  -0.10554
   0.11051
  -0.06177
  -0.01699
   0.08749
  -0.11547
   0.08733
  -0.01675
  -0.06197
   0.11058
  -0.10544
   0.04906
   0.03117
  -0.09624
   0.11454
  -0.07717
   0.00230
   0.07370
  -0.11387
   0.09871
  -0.03557
  -0.04486
   0.10348
  -0.11181
   0.06580
   0.01219
  -0.08426
   0.11537
  -0.09042
   0.02152
   0.05784
  -0.10909
   0.10732
  -0.05339
  -0.02649
   0.09349
  -0.11505
   0.08070
  -0.00713
  -0.06991
   0.11297
  -0.10113
   0.04014
   0.04036
  -0.10125
   0.11292
  -0.06972
  -0.00737
   0.08088
  -0.11508
   0.09335
  -0.02625
  -0.05360
   0.10741
  -0.10901
   0.05763
   0.02176
  -0.09057
   0.11536
  -0.08409
   0.01195
   0.06600
  -0.11187
   0.10337
  -0.04463
  -0.03580
   0.09883
  -0.11383
   0.07351
   0.00254
  -0.07735
   0.11457
  -0.09611
   0.03094
   0.04927
  -0.10554
   0.11051
  -0.06177
  -0.01699
   0.08749
  -0.11547
   0.08733
  -0.01675
  -0.06197
   0.11058
  -0.10544
   0.04906
   0.03117
  -0.09624
   0.11454
  -0.07717
   0.00230
   0.07370
  -0.11387
   0.09871
