  -0.08760
  -0.01716
   0.06162
   0.11046
   0.10561
   0.04943
  -0.03077
  -0.09601
  -0.11460
  -0.07748
  -0.00271
   0.07338
   0.11380
   0.09892
   0.03596
  -0.04447
  -0.10330
  -0.11192
  -0.06614
   0.01178
   0.08397
   0.11536
   0.09068
   0.02193
  -0.05748
  -0.10895
  -0.10747
  -0.05376
   0.02608
   0.09324
   0.11509
   0.08100
   0.00755
  -0.06958
  -0.11288
  -0.10133
  -0.04053
   0.03997
   0.10104
   0.11301
   0.07005
  -0.00696
  -0.08058
  -0.11504
  -0.09359
  -0.02666
   0.05323
   0.10725
   0.10914
   0.05799
  -0.02135
  -0.09031
  -0.11538
  -0.08438
  -0.01236
   0.06566
   0.11177
   0.10356
   0.04502
  -0.03540
  -0.09862
  -0.11390
  -0.07383
   0.00212
   0.07704
   0.11452
   0.09634
   0.03134
  -0.04890
  -0.10537
  -0.11063
  -0.06212
   0.01658
   0.08722
   0.11547
   0.08760
   0.01716
  -0.06162
  -0.11046
  -0.10561
  -0.04943
   0.03077
   0.09601
   0.11460
   0.07748
   0.00271
  -0.07338
  -0.11380
  -0.09892
  -0.03596
   0.04447
   0.10330
   0.11192
   0.06614
  -0.01178
  -0.08397
  -0.11536
  -0.09068
  -0.02193
   0.05748
   0.10895
   0.10747
   0.05376
  -0.02608
  -0.09324
  -0.11509
  -0.08100
  -0.00755
   0.06958
   0.11288
   0.10133
   0.04053
  -0.03997
  -0.10104
  -0.11301
  -0.07005
   0.00696
   0.08058
   0.11504
   0.09359
   0.02666
  -0.05323
  -0.10725
  -0.10914
  -0.05799
   0.02135
   0.09031
   0.11538
   0.08438
   0.01236
  -0.06566
  -0.11177
  -0.10356
  -0.04502
   0.03540
   0.09862
   0.11390
   0.07383
  -0.00212
  -0.07704
  -0.11452
  -0.09634
  -0.03134
   0.04890
   0.10537
   0.11063
   0.06212
  -0.01658
  -0.08722
  -0.11547
