  -0.02508
   0.09690
   0.09263
  -0.03232
  -0.11517
  -0.04796
   0.08173
   0.10494
  -0.00857
  -0.11092
  -0.06875
   0.06298
   0.11266
   0.01556
  -0.10182
  -0.08654
   0.04149
   0.11546
   0.03901
  -0.08827
  -0.10054
   0.01818
   0.11321
   0.06075
  -0.07086
  -0.11015
  -0.00593
   0.10602
   0.07984
  -0.05036
  -0.11495
  -0.02978
   0.09419
   0.09544
  -0.02765
  -0.11472
  -0.05232
   0.07824
   0.10687
  -0.00374
  -0.10948
  -0.07258
   0.05888
   0.11362
   0.02034
  -0.09945
  -0.08967
   0.03694
   0.11542
   0.04352
  -0.08507
  -0.10283
   0.01338
   0.11216
   0.06481
  -0.06698
  -0.11151
  -0.01075
   0.10401
   0.08326
  -0.04596
  -0.11531
  -0.03442
   0.09131
   0.09808
  -0.02294
  -0.11407
  -0.05659
   0.07462
   0.10860
   0.00110
  -0.10784
  -0.07628
   0.05467
   0.11439
   0.02508
  -0.09690
  -0.09263
   0.03232
   0.11517
   0.04796
  -0.08173
  -0.10494
   0.00857
   0.11092
   0.06875
  -0.06298
  -0.11266
  -0.01556
   0.10182
   0.08654
  -0.04149
  -0.11546
  -0.03901
   0.08827
   0.10054
  -0.01818
  -0.11321
  -0.06075
   0.07086
   0.11015
   0.00593
  -0.10602
  -0.07984
   0.05036
   0.11495
   0.02978
  -0.09419
  -0.09544
   0.02765
   0.11472
   0.05232
  -0.07824
  -0.10687
   0.00374
   0.10948
   0.07258
  -0.05888
  -0.11362
  -0.02034
   0.09945
   0.08967
  -0.03694
  -0.11542
  -0.04352
   0.08507
   0.10283
  -0.01338
  -0.11216
  -0.06481
   0.06698
   0.11151
   0.01075
  -0.10401
  -0.08326
   0.04596
   0.11531
   0.03442
  -0.09131
  -0.09808
   0.02294
   0.11407
   0.05659
  -0.07462
  -0.10860
  -0.00110
   0.10784
   0.07628
  -0.05467
  -0.11439
