  -0.11508
  -0.11389
  -0.11190
  -0.10912
  -0.10558
  -0.10130
  -0.09631
  -0.09064
  -0.08433
  -0.07744
  -0.07000
  -0.06207
  -0.05370
  -0.04496
  -0.03590
  -0.02659
  -0.01710
  -0.00748
   0.00219
   0.01184
   0.02141
   0.03083
   0.04003
   0.04896
   0.05753
   0.06571
   0.07343
   0.08062
   0.08726
   0.09328
   0.09865
   0.10332
   0.10728
   0.11047
   0.11290
   0.11453
   0.11536
   0.11538
   0.11459
   0.11299
   0.11061
   0.10745
   0.10353
   0.09889
   0.09355
   0.08756
   0.08096
   0.07378
   0.06609
   0.05793
   0.04937
   0.04047
   0.03127
   0.02186
   0.01230
   0.00265
  -0.00702
  -0.01664
  -0.02614
  -0.03546
  -0.04453
  -0.05329
  -0.06168
  -0.06963
  -0.07709
  -0.08402
  -0.09035
  -0.09605
  -0.10108
  -0.10539
  -0.10897
  -0.11178
  -0.11381
  -0.11505
  -0.11547
  -0.11508
  -0.11389
  -0.11190
  -0.10912
  -0.10558
  -0.10130
  -0.09631
  -0.09064
  -0.08433
  -0.07744
  -0.07000
  -0.06207
  -0.05370
  -0.04496
  -0.03590
  -0.02659
  -0.01710
  -0.00748
   0.00219
   0.01184
   0.02141
   0.03083
   0.04003
   0.04896
   0.05753
   0.06571
   0.07343
   0.08062
   0.08726
   0.09328
   0.09865
   0.10332
   0.10728
   0.11047
   0.11290
   0.11453
   0.11536
   0.11538
   0.11459
   0.11299
   0.11061
   0.10745
   0.10353
   0.09889
   0.09355
   0.08756
   0.08096
   0.07378
   0.06609
   0.05793
   0.04937
   0.04047
   0.03127
   0.02186
   0.01230
   0.00265
  -0.00702
  -0.01664
  -0.02614
  -0.03546
  -0.04453
  -0.05329
  -0.06168
  -0.06963
  -0.07709
  -0.08402
  -0.09035
  -0.09605
  -0.10108
  -0.10539
  -0.10897
  -0.11178
  -0.11381
  -0.11505
  -0.11547
