  -0.08732
   0.11387
  -0.05785
  -0.04013
   0.10900
  -0.09884
   0.01700
   0.07717
  -0.11537
   0.06992
   0.02624
  -0.10337
   0.10554
  -0.03118
  -0.06579
   0.11505
  -0.08088
  -0.01194
   0.09610
  -0.11058
   0.04487
   0.05338
  -0.11292
   0.09058
  -0.00255
  -0.08732
   0.11387
  -0.05785
  -0.04013
   0.10900
  -0.09884
   0.01700
   0.07717
  -0.11537
   0.06992
   0.02624
  -0.10337
   0.10554
  -0.03118
  -0.06579
   0.11505
  -0.08088
  -0.01194
   0.09610
  -0.11058
   0.04487
   0.05338
  -0.11292
   0.09058
  -0.00255
  -0.08732
   0.11387
  -0.05785
  -0.04013
   0.10900
  -0.09884
   0.01700
   0.07717
  -0.11537
   0.06992
   0.02624
  -0.10337
   0.10554
  -0.03118
  -0.06579
   0.11505
  -0.08088
  -0.01194
   0.09610
  -0.11058
   0.04487
   0.05338
  -0.11292
   0.09058
  -0.00255
  -0.08732
   0.11387
  -0.05785
  -0.04013
   0.10900
  -0.09884
   0.01700
   0.07717
  -0.11537
   0.06992
   0.02624
  -0.10337
   0.10554
  -0.03118
  -0.06579
   0.11505
  -0.08088
  -0.01194
   0.09610
  -0.11058
   0.04487
   0.05338
  -0.11292
   0.09058
  -0.00255
  -0.08732
   0.11387
  -0.05785
  -0.04013
   0.10900
  -0.09884
   0.01700
   0.07717
  -0.11537
   0.06992
   0.02624
  -0.10337
   0.10554
  -0.03118
  -0.06579
   0.11505
  -0.08088
  -0.01194
   0.09610
  -0.11058
   0.04487
   0.05338
  -0.11292
   0.09058
  -0.00255
  -0.08732
   0.11387
  -0.05785
  -0.04013
   0.10900
  -0.09884
   0.01700
   0.07717
  -0.11537
   0.06992
   0.02624
  -0.10337
   0.10554
  -0.03118
  -0.06579
   0.11505
  -0.08088
  -0.01194
   0.09610
  -0.11058
   0.04487
   0.05338
  -0.11292
   0.09058
  -0.00255
