   0.06272
  -0.10387
   0.11498
  -0.09282
   0.04381
   0.01787
  -0.07438
   0.10938
  -0.11273
   0.08348
  -0.03008
  -0.03202
   0.08486
  -0.11315
   0.10871
  -0.07282
   0.01587
   0.04568
  -0.09401
   0.11515
  -0.10297
   0.06102
  -0.00141
  -0.05861
   0.10167
  -0.11532
   0.09561
  -0.04825
  -0.01307
   0.07061
  -0.10773
   0.11368
  -0.08675
   0.03472
   0.02735
  -0.08151
   0.11209
  -0.11025
   0.07651
  -0.02064
  -0.04119
   0.09112
  -0.11468
   0.10507
  -0.06507
   0.00624
   0.05439
  -0.09929
   0.11547
  -0.09824
   0.05260
   0.00826
  -0.06673
   0.10589
  -0.11443
   0.08986
  -0.03930
  -0.02263
   0.07801
  -0.11083
   0.11159
  -0.08007
   0.02538
   0.03664
  -0.08807
   0.11402
  -0.10699
   0.06901
  -0.01107
  -0.05008
   0.09673
  -0.11541
   0.10070
  -0.05686
  -0.00343
   0.06272
  -0.10387
   0.11498
  -0.09282
   0.04381
   0.01787
  -0.07438
   0.10938
  -0.11273
   0.08348
  -0.03008
  -0.03202
   0.08486
  -0.11315
   0.10871
  -0.07282
   0.01587
   0.04568
  -0.09401
   0.11515
  -0.10297
   0.06102
  -0.00141
  -0.05861
   0.10167
  -0.11532
   0.09561
  -0.04825
  -0.01307
   0.07061
  -0.10773
   0.11368
  -0.08675
   0.03472
   0.02735
  -0.08151
   0.11209
  -0.11025
   0.07651
  -0.02064
  -0.04119
   0.09112
  -0.11468
   0.10507
  -0.06507
   0.00624
   0.05439
  -0.09929
   0.11547
  -0.09824
   0.05260
   0.00826
  -0.06673
   0.10589
  -0.11443
   0.08986
  -0.03930
  -0.02263
   0.07801
  -0.11083
   0.11159
  -0.08007
   0.02538
   0.03664
  -0.08807
   0.11402
  -0.10699
   0.06901
  -0.01107
  -0.05008
   0.09673
  -0.11541
   0.10070
  -0.05686
  -0.00343
