   0.11529
  -0.03263
  -0.10039
   0.07847
   0.06455
  -0.10795
  -0.01525
   0.11492
  -0.03724
  -0.09791
   0.08195
   0.06048
  -0.10957
  -0.01044
   0.11434
  -0.04178
  -0.09526
   0.08529
   0.05631
  -0.11100
  -0.00562
   0.11357
  -0.04625
  -0.09245
   0.08847
   0.05204
  -0.11224
  -0.00078
   0.11260
  -0.05064
  -0.08947
   0.09150
   0.04768
  -0.11328
   0.00405
   0.11142
  -0.05494
  -0.08633
   0.09437
   0.04323
  -0.11411
   0.00888
   0.11006
  -0.05915
  -0.08305
   0.09707
   0.03871
  -0.11475
   0.01370
   0.10850
  -0.06325
  -0.07961
   0.09961
   0.03412
  -0.11519
   0.01849
   0.10675
  -0.06724
  -0.07604
   0.10197
   0.02947
  -0.11543
   0.02324
   0.10481
  -0.07111
  -0.07233
   0.10415
   0.02477
  -0.11546
   0.02796
   0.10269
  -0.07486
  -0.06850
   0.10614
   0.02003
  -0.11529
   0.03263
   0.10039
  -0.07847
  -0.06455
   0.10795
   0.01525
  -0.11492
   0.03724
   0.09791
  -0.08195
  -0.06048
   0.10957
   0.01044
  -0.11434
   0.04178
   0.09526
  -0.08529
  -0.05631
   0.11100
   0.00562
  -0.11357
   0.04625
   0.09245
  -0.08847
  -0.05204
   0.11224
   0.00078
  -0.11260
   0.05064
   0.08947
  -0.09150
  -0.04768
   0.11328
  -0.00405
  -0.11142
   0.05494
   0.08633
  -0.09437
  -0.04323
   0.11411
  -0.00888
  -0.11006
   0.05915
   0.08305
  -0.09707
  -0.03871
   0.11475
  -0.01370
  -0.10850
   0.06325
   0.07961
  -0.09961
  -0.03412
   0.11519
  -0.01849
  -0.10675
   0.06724
   0.07604
  -0.10197
  -0.02947
   0.11543
  -0.02324
  -0.10481
   0.07111
   0.07233
  -0.10415
  -0.02477
   0.11546
  -0.02796
  -0.10269
   0.07486
   0.06850
  -0.10614
  -0.02003
