   0.03016
   0.10384
  -0.06908
  -0.07795
   0.09829
   0.04111
  -0.11370
   0.00149
   0.11314
  -0.04389
  -0.09669
   0.08013
   0.06666
  -0.10511
  -0.02727
   0.11533
  -0.01595
  -0.10935
   0.05693
   0.08801
  -0.08992
  -0.05431
   0.11027
   0.01299
  -0.11514
   0.03016
   0.10384
  -0.06908
  -0.07795
   0.09829
   0.04111
  -0.11370
   0.00149
   0.11314
  -0.04389
  -0.09669
   0.08013
   0.06666
  -0.10511
  -0.02727
   0.11533
  -0.01595
  -0.10935
   0.05693
   0.08801
  -0.08992
  -0.05431
   0.11027
   0.01299
  -0.11514
   0.03016
   0.10384
  -0.06908
  -0.07795
   0.09829
   0.04111
  -0.11370
   0.00149
   0.11314
  -0.04389
  -0.09669
   0.08013
   0.06666
  -0.10511
  -0.02727
   0.11533
  -0.01595
  -0.10935
   0.05693
   0.08801
  -0.08992
  -0.05431
   0.11027
   0.01299
  -0.11514
   0.03016
   0.10384
  -0.06908
  -0.07795
   0.09829
   0.04111
  -0.11370
   0.00149
   0.11314
  -0.04389
  -0.09669
   0.08013
   0.06666
  -0.10511
  -0.02727
   0.11533
  -0.01595
  -0.10935
   0.05693
   0.08801
  -0.08992
  -0.05431
   0.11027
   0.01299
  -0.11514
   0.03016
   0.10384
  -0.06908
  -0.07795
   0.09829
   0.04111
  -0.11370
   0.00149
   0.11314
  -0.04389
  -0.09669
   0.08013
   0.06666
  -0.10511
  -0.02727
   0.11533
  -0.01595
  -0.10935
   0.05693
   0.08801
  -0.08992
  -0.05431
   0.11027
   0.01299
  -0.11514
   0.03016
   0.10384
  -0.06908
  -0.07795
   0.09829
   0.04111
  -0.11370
   0.00149
   0.11314
  -0.04389
  -0.09669
   0.08013
   0.06666
  -0.10511
  -0.02727
   0.11533
  -0.01595
  -0.10935
   0.05693
   0.08801
  -0.08992
  -0.05431
   0.11027
   0.01299
  -0.11514
