   0.10565
   0.07756
   0.03607
  -0.01167
  -0.05739
  -0.09318
  -0.11286
  -0.11303
  -0.09365
  -0.05808
  -0.01247
   0.03530
   0.07696
   0.10532
   0.11547
   0.10565
   0.07756
   0.03607
  -0.01167
  -0.05739
  -0.09318
  -0.11286
  -0.11303
  -0.09365
  -0.05808
  -0.01247
   0.03530
   0.07696
   0.10532
   0.11547
   0.10565
   0.07756
   0.03607
  -0.01167
  -0.05739
  -0.09318
  -0.11286
  -0.11303
  -0.09365
  -0.05808
  -0.01247
   0.03530
   0.07696
   0.10532
   0.11547
   0.10565
   0.07756
   0.03607
  -0.01167
  -0.05739
  -0.09318
  -0.11286
  -0.11303
  -0.09365
  -0.05808
  -0.01247
   0.03530
   0.07696
   0.10532
   0.11547
   0.10565
   0.07756
   0.03607
  -0.01167
  -0.05739
  -0.09318
  -0.11286
  -0.11303
  -0.09365
  -0.05808
  -0.01247
   0.03530
   0.07696
   0.10532
   0.11547
   0.10565
   0.07756
   0.03607
  -0.01167
  -0.05739
  -0.09318
  -0.11286
  -0.11303
  -0.09365
  -0.05808
  -0.01247
   0.03530
   0.07696
   0.10532
   0.11547
   0.10565
   0.07756
   0.03607
  -0.01167
  -0.05739
  -0.09318
  -0.11286
  -0.11303
  -0.09365
  -0.05808
  -0.01247
   0.03530
   0.07696
   0.10532
   0.11547
   0.10565
   0.07756
   0.03607
  -0.01167
  -0.05739
  -0.09318
  -0.11286
  -0.11303
  -0.09365
  -0.05808
  -0.01247
   0.03530
   0.07696
   0.10532
   0.11547
   0.10565
   0.07756
   0.03607
  -0.01167
  -0.05739
  -0.09318
  -0.11286
  -0.11303
  -0.09365
  -0.05808
  -0.01247
   0.03530
   0.07696
   0.10532
   0.11547
   0.10565
   0.07756
   0.03607
  -0.01167
  -0.05739
  -0.09318
  -0.11286
  -0.11303
  -0.09365
  -0.05808
  -0.01247
   0.03530
   0.07696
   0.10532
   0.11547
