  -0.06539
   0.11036
  -0.10759
   0.05827
   0.01625
  -0.08375
   0.11501
  -0.09652
   0.03627
   0.03967
  -0.09845
   0.11464
  -0.08123
   0.01269
   0.06135
  -0.10884
   0.10925
  -0.06239
  -0.01145
   0.08035
  -0.11448
   0.09909
  -0.04083
  -0.03509
   0.09583
  -0.11512
   0.08460
  -0.01748
  -0.05720
   0.10713
  -0.11072
   0.06641
   0.00663
  -0.07680
   0.11375
  -0.10148
   0.04532
   0.03045
  -0.09305
   0.11539
  -0.08781
   0.02225
   0.05295
  -0.10523
   0.11200
  -0.07031
  -0.00180
   0.07312
  -0.11282
   0.10370
  -0.04973
  -0.02576
   0.09011
  -0.11547
   0.09088
  -0.02697
  -0.04860
   0.10315
  -0.11307
   0.07408
  -0.00304
  -0.06932
   0.11169
  -0.10574
   0.05405
   0.02103
  -0.08700
   0.11534
  -0.09378
   0.03165
   0.04417
  -0.10089
   0.11395
  -0.07772
   0.00787
   0.06539
  -0.11036
   0.10759
  -0.05827
  -0.01625
   0.08375
  -0.11501
   0.09652
  -0.03627
  -0.03967
   0.09845
  -0.11464
   0.08123
  -0.01269
  -0.06135
   0.10884
  -0.10925
   0.06239
   0.01145
  -0.08035
   0.11448
  -0.09909
   0.04083
   0.03509
  -0.09583
   0.11512
  -0.08460
   0.01748
   0.05720
  -0.10713
   0.11072
  -0.06641
  -0.00663
   0.07680
  -0.11375
   0.10148
  -0.04532
  -0.03045
   0.09305
  -0.11539
   0.08781
  -0.02225
  -0.05295
   0.10523
  -0.11200
   0.07031
   0.00180
  -0.07312
   0.11282
  -0.10370
   0.04973
   0.02576
  -0.09011
   0.11547
  -0.09088
   0.02697
   0.04860
  -0.10315
   0.11307
  -0.07408
   0.00304
   0.06932
  -0.11169
   0.10574
  -0.05405
  -0.02103
   0.08700
  -0.11534
   0.09378
  -0.03165
  -0.04417
   0.10089
  -0.11395
   0.07772
  -0.00787
