  -0.09623
   0.04034
   0.03095
  -0.09043
   0.11536
  -0.09623
   0.04034
   0.03095
  -0.09043
   0.11536
  -0.09623
   0.04034
   0.03095
  -0.09043
   0.11536
  -0.09623
   0.04034
   0.03095
  -0.09043
   0.11536
  -0.09623
   0.04034
   0.03095
  -0.09043
   0.11536
  -0.09623
   0.04034
   0.03095
  -0.09043
   0.11536
  -0.09623
   0.04034
   0.03095
  -0.09043
   0.11536
  -0.09623
   0.04034
   0.03095
  -0.09043
   0.11536
  -0.09623
   0.04034
   0.03095
  -0.09043
   0.11536
  -0.09623
   0.04034
   0.03095
  -0.09043
   0.11536
  -0.09623
   0.04034
   0.03095
  -0.09043
   0.11536
  -0.09623
   0.04034
   0.03095
  -0.09043
   0.11536
  -0.09623
   0.04034
   0.03095
  -0.09043
   0.11536
  -0.09623
   0.04034
   0.03095
  -0.09043
   0.11536
  -0.09623
   0.04034
   0.03095
  -0.09043
   0.11536
  -0.09623
   0.04034
   0.03095
  -0.09043
   0.11536
  -0.09623
   0.04034
   0.03095
  -0.09043
   0.11536
  -0.09623
   0.04034
   0.03095
  -0.09043
   0.11536
  -0.09623
   0.04034
   0.03095
  -0.09043
   0.11536
  -0.09623
   0.04034
   0.03095
  -0.09043
   0.11536
  -0.09623
   0.04034
   0.03095
  -0.09043
   0.11536
  -0.09623
   0.04034
   0.03095
  -0.09043
   0.11536
  -0.09623
   0.04034
   0.03095
  -0.09043
   0.11536
  -0.09623
   0.04034
   0.03095
  -0.09043
   0.11536
  -0.09623
   0.04034
   0.03095
  -0.09043
   0.11536
  -0.09623
   0.04034
   0.03095
  -0.09043
   0.11536
  -0.09623
   0.04034
   0.03095
  -0.09043
   0.11536
  -0.09623
   0.04034
   0.03095
  -0.09043
   0.11536
  -0.09623
   0.04034
   0.03095
  -0.09043
   0.11536
  -0.09623
   0.04034
   0.03095
  -0.09043
   0.11536
