   0.10200
  -0.09788
  -0.00412
   0.10200
  -0.09788
  -0.00412
   0.10200
  -0.09788
  -0.00412
   0.10200
  -0.09788
  -0.00412
   0.10200
  -0.09788
  -0.00412
   0.10200
  -0.09788
  -0.00412
   0.10200
  -0.09788
  -0.00412
   0.10200
  -0.09788
  -0.00412
   0.10200
  -0.09788
  -0.00412
   0.10200
  -0.09788
  -0.00412
   0.10200
  -0.09788
  -0.00412
   0.10200
  -0.09788
  -0.00412
   0.10200
  -0.09788
  -0.00412
   0.10200
  -0.09788
  -0.00412
   0.10200
  -0.09788
  -0.00412
   0.10200
  -0.09788
  -0.00412
   0.10200
  -0.09788
  -0.00412
   0.10200
  -0.09788
  -0.00412
   0.10200
  -0.09788
  -0.00412
   0.10200
  -0.09788
  -0.00412
   0.10200
  -0.09788
  -0.00412
   0.10200
  -0.09788
  -0.00412
   0.10200
  -0.09788
  -0.00412
   0.10200
  -0.09788
  -0.00412
   0.10200
  -0.09788
  -0.00412
   0.10200
  -0.09788
  -0.00412
   0.10200
  -0.09788
  -0.00412
   0.10200
  -0.09788
  -0.00412
   0.10200
  -0.09788
  -0.00412
   0.10200
  -0.09788
  -0.00412
   0.10200
  -0.09788
  -0.00412
   0.10200
  -0.09788
  -0.00412
   0.10200
  -0.09788
  -0.00412
   0.10200
  -0.09788
  -0.00412
   0.10200
  -0.09788
  -0.00412
   0.10200
  -0.09788
  -0.00412
   0.10200
  -0.09788
  -0.00412
   0.10200
  -0.09788
  -0.00412
   0.10200
  -0.09788
  -0.00412
   0.10200
  -0.09788
  -0.00412
   0.10200
  -0.09788
  -0.00412
   0.10200
  -0.09788
  -0.00412
   0.10200
  -0.09788
  -0.00412
   0.10200
  -0.09788
  -0.00412
   0.10200
  -0.09788
  -0.00412
   0.10200
  -0.09788
  -0.00412
   0.10200
  -0.09788
  -0.00412
   0.10200
  -0.09788
  -0.00412
   0.10200
  -0.09788
  -0.00412
   0.10200
  -0.09788
  -0.00412
