  -0.09695
   0.05044
   0.01067
  -0.06869
   0.10683
  -0.11408
   0.08832
  -0.03702
  -0.02499
   0.07978
  -0.11148
   0.11094
  -0.07831
   0.02302
   0.03893
  -0.08961
   0.11437
  -0.10605
   0.06705
  -0.00866
  -0.05224
   0.09803
  -0.11546
   0.09949
  -0.05474
  -0.00584
   0.06474
  -0.10491
   0.11473
  -0.09136
   0.04157
   0.02025
  -0.07621
   0.11013
  -0.11218
   0.08179
  -0.02774
  -0.03434
   0.08648
  -0.11361
   0.10787
  -0.07093
   0.01347
   0.04789
  -0.09539
   0.11530
  -0.10186
   0.05895
   0.00101
  -0.06068
   0.10279
  -0.11517
   0.09424
  -0.04604
  -0.01547
   0.07251
  -0.10858
   0.11323
  -0.08513
   0.03241
   0.02969
  -0.08320
   0.11265
  -0.10950
   0.07468
  -0.01826
  -0.04344
   0.09258
  -0.11494
   0.10405
  -0.06306
   0.00383
   0.05651
  -0.10050
   0.11542
  -0.09695
   0.05044
   0.01067
  -0.06869
   0.10683
  -0.11408
   0.08832
  -0.03702
  -0.02499
   0.07978
  -0.11148
   0.11094
  -0.07831
   0.02302
   0.03893
  -0.08961
   0.11437
  -0.10605
   0.06705
  -0.00866
  -0.05224
   0.09803
  -0.11546
   0.09949
  -0.05474
  -0.00584
   0.06474
  -0.10491
   0.11473
  -0.09136
   0.04157
   0.02025
  -0.07621
   0.11013
  -0.11218
   0.08179
  -0.02774
  -0.03434
   0.08648
  -0.11361
   0.10787
  -0.07093
   0.01347
   0.04789
  -0.09539
   0.11530
  -0.10186
   0.05895
   0.00101
  -0.06068
   0.10279
  -0.11517
   0.09424
  -0.04604
  -0.01547
   0.07251
  -0.10858
   0.11323
  -0.08513
   0.03241
   0.02969
  -0.08320
   0.11265
  -0.10950
   0.07468
  -0.01826
  -0.04344
   0.09258
  -0.11494
   0.10405
  -0.06306
   0.00383
   0.05651
  -0.10050
   0.11542
