   0.11143
  -0.09246
   0.06050
  -0.02005
  -0.02322
   0.06323
  -0.09436
   0.11223
  -0.11435
   0.10040
  -0.07235
   0.03414
   0.00886
  -0.05062
   0.08527
  -0.10795
   0.11546
  -0.10676
   0.08306
  -0.04770
   0.00563
   0.03722
  -0.07484
   0.10196
  -0.11475
   0.11143
  -0.09246
   0.06050
  -0.02005
  -0.02322
   0.06323
  -0.09436
   0.11223
  -0.11435
   0.10040
  -0.07235
   0.03414
   0.00886
  -0.05062
   0.08527
  -0.10795
   0.11546
  -0.10676
   0.08306
  -0.04770
   0.00563
   0.03722
  -0.07484
   0.10196
  -0.11475
   0.11143
  -0.09246
   0.06050
  -0.02005
  -0.02322
   0.06323
  -0.09436
   0.11223
  -0.11435
   0.10040
  -0.07235
   0.03414
   0.00886
  -0.05062
   0.08527
  -0.10795
   0.11546
  -0.10676
   0.08306
  -0.04770
   0.00563
   0.03722
  -0.07484
   0.10196
  -0.11475
   0.11143
  -0.09246
   0.06050
  -0.02005
  -0.02322
   0.06323
  -0.09436
   0.11223
  -0.11435
   0.10040
  -0.07235
   0.03414
   0.00886
  -0.05062
   0.08527
  -0.10795
   0.11546
  -0.10676
   0.08306
  -0.04770
   0.00563
   0.03722
  -0.07484
   0.10196
  -0.11475
   0.11143
  -0.09246
   0.06050
  -0.02005
  -0.02322
   0.06323
  -0.09436
   0.11223
  -0.11435
   0.10040
  -0.07235
   0.03414
   0.00886
  -0.05062
   0.08527
  -0.10795
   0.11546
  -0.10676
   0.08306
  -0.04770
   0.00563
   0.03722
  -0.07484
   0.10196
  -0.11475
   0.11143
  -0.09246
   0.06050
  -0.02005
  -0.02322
   0.06323
  -0.09436
   0.11223
  -0.11435
   0.10040
  -0.07235
   0.03414
   0.00886
  -0.05062
   0.08527
  -0.10795
   0.11546
  -0.10676
   0.08306
  -0.04770
   0.00563
   0.03722
  -0.07484
   0.10196
  -0.11475
