  -0.01474
  -0.02898
  -0.04276
  -0.05586
  -0.06809
  -0.07924
  -0.08914
  -0.09764
  -0.10460
  -0.10990
  -0.11348
  -0.11526
  -0.11522
  -0.11337
  -0.10973
  -0.10437
  -0.09735
  -0.08880
  -0.07885
  -0.06765
  -0.05539
  -0.04226
  -0.02845
  -0.01420
   0.00027
   0.01474
   0.02898
   0.04276
   0.05586
   0.06809
   0.07924
   0.08914
   0.09764
   0.10460
   0.10990
   0.11348
   0.11526
   0.11522
   0.11337
   0.10973
   0.10437
   0.09735
   0.08880
   0.07885
   0.06765
   0.05539
   0.04226
   0.02845
   0.01420
  -0.00027
  -0.01474
  -0.02898
  -0.04276
  -0.05586
  -0.06809
  -0.07924
  -0.08914
  -0.09764
  -0.10460
  -0.10990
  -0.11348
  -0.11526
  -0.11522
  -0.11337
  -0.10973
  -0.10437
  -0.09735
  -0.08880
  -0.07885
  -0.06765
  -0.05539
  -0.04226
  -0.02845
  -0.01420
   0.00027
   0.01474
   0.02898
   0.04276
   0.05586
   0.06809
   0.07924
   0.08914
   0.09764
   0.10460
   0.10990
   0.11348
   0.11526
   0.11522
   0.11337
   0.10973
   0.10437
   0.09735
   0.08880
   0.07885
   0.06765
   0.05539
   0.04226
   0.02845
   0.01420
  -0.00027
  -0.01474
  -0.02898
  -0.04276
  -0.05586
  -0.06809
  -0.07924
  -0.08914
  -0.09764
  -0.10460
  -0.10990
  -0.11348
  -0.11526
  -0.11522
  -0.11337
  -0.10973
  -0.10437
  -0.09735
  -0.08880
  -0.07885
  -0.06765
  -0.05539
  -0.04226
  -0.02845
  -0.01420
   0.00027
   0.01474
   0.02898
   0.04276
   0.05586
   0.06809
   0.07924
   0.08914
   0.09764
   0.10460
   0.10990
   0.11348
   0.11526
   0.11522
   0.11337
   0.10973
   0.10437
   0.09735
   0.08880
   0.07885
   0.06765
   0.05539
   0.04226
   0.02845
   0.01420
  -0.00027
