  -0.08612
  -0.00920
   0.09724
  -0.10839
   0.03382
   0.06749
  -0.11543
   0.07209
   0.02826
  -0.10627
   0.10023
  -0.01494
  -0.08217
   0.11430
  -0.05604
  -0.04654
   0.11231
  -0.08927
  -0.00437
   0.09455
  -0.10996
   0.03842
   0.06351
  -0.11521
   0.07580
   0.02355
  -0.10428
   0.10255
  -0.01972
  -0.07870
   0.11489
  -0.06022
  -0.04207
   0.11109
  -0.09226
   0.00047
   0.09169
  -0.11134
   0.04294
   0.05942
  -0.11479
   0.07939
   0.01879
  -0.10211
   0.10468
  -0.02447
  -0.07510
   0.11527
  -0.06429
  -0.03753
   0.10967
  -0.09508
   0.00530
   0.08867
  -0.11253
   0.04739
   0.05522
  -0.11416
   0.08283
   0.01401
  -0.09976
   0.10663
  -0.02917
  -0.07136
   0.11545
  -0.06825
  -0.03293
   0.10806
  -0.09774
   0.01013
   0.08550
  -0.11351
   0.05176
   0.05092
  -0.11334
   0.08612
   0.00920
  -0.09724
   0.10839
  -0.03382
  -0.06749
   0.11543
  -0.07209
  -0.02826
   0.10627
  -0.10023
   0.01494
   0.08217
  -0.11430
   0.05604
   0.04654
  -0.11231
   0.08927
   0.00437
  -0.09455
   0.10996
  -0.03842
  -0.06351
   0.11521
  -0.07580
  -0.02355
   0.10428
  -0.10255
   0.01972
   0.07870
  -0.11489
   0.06022
   0.04207
  -0.11109
   0.09226
  -0.00047
  -0.09169
   0.11134
  -0.04294
  -0.05942
   0.11479
  -0.07939
  -0.01879
   0.10211
  -0.10468
   0.02447
   0.07510
  -0.11527
   0.06429
   0.03753
  -0.10967
   0.09508
  -0.00530
  -0.08867
   0.11253
  -0.04739
  -0.05522
   0.11416
  -0.08283
  -0.01401
   0.09976
  -0.10663
   0.02917
   0.07136
  -0.11545
   0.06825
   0.03293
  -0.10806
   0.09774
  -0.01013
  -0.08550
   0.11351
  -0.05176
  -0.05092
   0.11334
