  -0.09140
   0.11011
  -0.03428
  -0.07098
   0.11530
  -0.06062
  -0.04610
   0.11324
  -0.08316
  -0.01832
   0.10407
  -0.10047
   0.01061
   0.08836
  -0.11147
   0.03887
   0.06710
  -0.11546
   0.06469
   0.04163
  -0.11220
   0.08644
   0.01353
  -0.10189
   0.10277
  -0.01541
  -0.08517
   0.11263
  -0.04339
  -0.06311
   0.11542
  -0.06864
  -0.03708
   0.11096
  -0.08957
  -0.00872
   0.09952
  -0.10488
   0.02019
   0.08183
  -0.11360
   0.04783
   0.05900
  -0.11518
   0.07246
   0.03247
  -0.10952
   0.09254
   0.00389
  -0.09698
   0.10681
  -0.02493
  -0.07835
   0.11437
  -0.05219
  -0.05480
   0.11473
  -0.07616
  -0.02780
   0.10789
  -0.09536
   0.00095
   0.09427
  -0.10855
   0.02963
   0.07473
  -0.11493
   0.05646
   0.05049
  -0.11409
   0.07973
   0.02308
  -0.10608
   0.09800
  -0.00578
  -0.09140
   0.11011
  -0.03428
  -0.07098
   0.11530
  -0.06062
  -0.04610
   0.11324
  -0.08316
  -0.01832
   0.10407
  -0.10047
   0.01061
   0.08836
  -0.11147
   0.03887
   0.06710
  -0.11546
   0.06469
   0.04163
  -0.11220
   0.08644
   0.01353
  -0.10189
   0.10277
  -0.01541
  -0.08517
   0.11263
  -0.04339
  -0.06311
   0.11542
  -0.06864
  -0.03708
   0.11096
  -0.08957
  -0.00872
   0.09952
  -0.10488
   0.02019
   0.08183
  -0.11360
   0.04783
   0.05900
  -0.11518
   0.07246
   0.03247
  -0.10952
   0.09254
   0.00389
  -0.09698
   0.10681
  -0.02493
  -0.07835
   0.11437
  -0.05219
  -0.05480
   0.11473
  -0.07616
  -0.02780
   0.10789
  -0.09536
   0.00095
   0.09427
  -0.10855
   0.02963
   0.07473
  -0.11493
   0.05646
   0.05049
  -0.11409
   0.07973
   0.02308
  -0.10608
   0.09800
  -0.00578
