   0.02620
   0.05335
   0.07714
   0.09608
   0.10899
   0.11505
   0.11388
   0.10556
   0.09060
   0.06995
   0.04490
   0.01704
  -0.01190
  -0.04009
  -0.06576
  -0.08730
  -0.10335
  -0.11291
  -0.11538
  -0.11059
  -0.09886
  -0.08091
  -0.05788
  -0.03121
  -0.00259
   0.02620
   0.05335
   0.07714
   0.09608
   0.10899
   0.11505
   0.11388
   0.10556
   0.09060
   0.06995
   0.04490
   0.01704
  -0.01190
  -0.04009
  -0.06576
  -0.08730
  -0.10335
  -0.11291
  -0.11538
  -0.11059
  -0.09886
  -0.08091
  -0.05788
  -0.03121
  -0.00259
   0.02620
   0.05335
   0.07714
   0.09608
   0.10899
   0.11505
   0.11388
   0.10556
   0.09060
   0.06995
   0.04490
   0.01704
  -0.01190
  -0.04009
  -0.06576
  -0.08730
  -0.10335
  -0.11291
  -0.11538
  -0.11059
  -0.09886
  -0.08091
  -0.05788
  -0.03121
  -0.00259
   0.02620
   0.05335
   0.07714
   0.09608
   0.10899
   0.11505
   0.11388
   0.10556
   0.09060
   0.06995
   0.04490
   0.01704
  -0.01190
  -0.04009
  -0.06576
  -0.08730
  -0.10335
  -0.11291
  -0.11538
  -0.11059
  -0.09886
  -0.08091
  -0.05788
  -0.03121
  -0.00259
   0.02620
   0.05335
   0.07714
   0.09608
   0.10899
   0.11505
   0.11388
   0.10556
   0.09060
   0.06995
   0.04490
   0.01704
  -0.01190
  -0.04009
  -0.06576
  -0.08730
  -0.10335
  -0.11291
  -0.11538
  -0.11059
  -0.09886
  -0.08091
  -0.05788
  -0.03121
  -0.00259
   0.02620
   0.05335
   0.07714
   0.09608
   0.10899
   0.11505
   0.11388
   0.10556
   0.09060
   0.06995
   0.04490
   0.01704
  -0.01190
  -0.04009
  -0.06576
  -0.08730
  -0.10335
  -0.11291
  -0.11538
  -0.11059
  -0.09886
  -0.08091
  -0.05788
  -0.03121
  -0.00259
