   0.11536
   0.11504
   0.11453
   0.11381
   0.11289
   0.11178
   0.11047
   0.10896
   0.10727
   0.10538
   0.10331
   0.10106
   0.09864
   0.09604
   0.09327
   0.09033
   0.08724
   0.08400
   0.08061
   0.07708
   0.07341
   0.06961
   0.06569
   0.06166
   0.05751
   0.05327
   0.04893
   0.04451
   0.04001
   0.03544
   0.03081
   0.02612
   0.02139
   0.01662
   0.01182
   0.00700
   0.00216
  -0.00267
  -0.00750
  -0.01232
  -0.01712
  -0.02189
  -0.02662
  -0.03130
  -0.03592
  -0.04049
  -0.04498
  -0.04940
  -0.05372
  -0.05796
  -0.06209
  -0.06611
  -0.07002
  -0.07380
  -0.07745
  -0.08097
  -0.08435
  -0.08758
  -0.09065
  -0.09357
  -0.09632
  -0.09890
  -0.10131
  -0.10354
  -0.10559
  -0.10745
  -0.10913
  -0.11062
  -0.11191
  -0.11300
  -0.11390
  -0.11459
  -0.11509
  -0.11538
  -0.11547
  -0.11536
  -0.11504
  -0.11453
  -0.11381
  -0.11289
  -0.11178
  -0.11047
  -0.10896
  -0.10727
  -0.10538
  -0.10331
  -0.10106
  -0.09864
  -0.09604
  -0.09327
  -0.09033
  -0.08724
  -0.08400
  -0.08061
  -0.07708
  -0.07341
  -0.06961
  -0.06569
  -0.06166
  -0.05751
  -0.05327
  -0.04893
  -0.04451
  -0.04001
  -0.03544
  -0.03081
  -0.02612
  -0.02139
  -0.01662
  -0.01182
  -0.00700
  -0.00216
   0.00267
   0.00750
   0.01232
   0.01712
   0.02189
   0.02662
   0.03130
   0.03592
   0.04049
   0.04498
   0.04940
   0.05372
   0.05796
   0.06209
   0.06611
   0.07002
   0.07380
   0.07745
   0.08097
   0.08435
   0.08758
   0.09065
   0.09357
   0.09632
   0.09890
   0.10131
   0.10354
   0.10559
   0.10745
   0.10913
   0.11062
   0.11191
   0.11300
   0.11390
   0.11459
   0.11509
   0.11538
   0.11547
