  -0.05899
   0.06064
   0.11518
   0.04608
  -0.07248
  -0.11324
  -0.03245
   0.08317
   0.10952
   0.01830
  -0.09256
  -0.10407
  -0.00387
   0.10048
   0.09697
  -0.01062
  -0.10682
  -0.08835
   0.02495
   0.11147
   0.07834
  -0.03888
  -0.11437
  -0.06709
   0.05220
   0.11546
   0.05478
  -0.06470
  -0.11473
  -0.04161
   0.07618
   0.11219
   0.02778
  -0.08645
  -0.10789
  -0.01351
   0.09537
   0.10188
  -0.00096
  -0.10277
  -0.09426
   0.01543
   0.10856
   0.08516
  -0.02965
  -0.11264
  -0.07472
   0.04340
   0.11493
   0.06309
  -0.05647
  -0.11542
  -0.05048
   0.06865
   0.11409
   0.03706
  -0.07975
  -0.11095
  -0.02306
   0.08958
   0.10607
   0.00870
  -0.09801
  -0.09951
   0.00580
   0.10489
   0.09139
  -0.02021
  -0.11011
  -0.08182
   0.03430
   0.11360
   0.07097
  -0.04785
  -0.11530
  -0.05899
   0.06064
   0.11518
   0.04608
  -0.07248
  -0.11324
  -0.03245
   0.08317
   0.10952
   0.01830
  -0.09256
  -0.10407
  -0.00387
   0.10048
   0.09697
  -0.01062
  -0.10682
  -0.08835
   0.02495
   0.11147
   0.07834
  -0.03888
  -0.11437
  -0.06709
   0.05220
   0.11546
   0.05478
  -0.06470
  -0.11473
  -0.04161
   0.07618
   0.11219
   0.02778
  -0.08645
  -0.10789
  -0.01351
   0.09537
   0.10188
  -0.00096
  -0.10277
  -0.09426
   0.01543
   0.10856
   0.08516
  -0.02965
  -0.11264
  -0.07472
   0.04340
   0.11493
   0.06309
  -0.05647
  -0.11542
  -0.05048
   0.06865
   0.11409
   0.03706
  -0.07975
  -0.11095
  -0.02306
   0.08958
   0.10607
   0.00870
  -0.09801
  -0.09951
   0.00580
   0.10489
   0.09139
  -0.02021
  -0.11011
  -0.08182
   0.03430
   0.11360
   0.07097
  -0.04785
  -0.11530
