   0.11545
  -0.00948
  -0.11426
   0.02383
   0.11127
  -0.03780
  -0.10652
   0.05118
   0.10009
  -0.06375
  -0.09209
   0.07531
   0.08263
  -0.08569
  -0.07187
   0.09471
   0.05997
  -0.10225
  -0.04713
   0.10816
   0.03355
  -0.11238
  -0.01944
   0.11482
   0.00502
  -0.11545
   0.00948
   0.11426
  -0.02383
  -0.11127
   0.03780
   0.10652
  -0.05118
  -0.10009
   0.06375
   0.09209
  -0.07531
  -0.08263
   0.08569
   0.07187
  -0.09471
  -0.05997
   0.10225
   0.04713
  -0.10816
  -0.03355
   0.11238
   0.01944
  -0.11482
  -0.00502
   0.11545
  -0.00948
  -0.11426
   0.02383
   0.11127
  -0.03780
  -0.10652
   0.05118
   0.10009
  -0.06375
  -0.09209
   0.07531
   0.08263
  -0.08569
  -0.07187
   0.09471
   0.05997
  -0.10225
  -0.04713
   0.10816
   0.03355
  -0.11238
  -0.01944
   0.11482
   0.00502
  -0.11545
   0.00948
   0.11426
  -0.02383
  -0.11127
   0.03780
   0.10652
  -0.05118
  -0.10009
   0.06375
   0.09209
  -0.07531
  -0.08263
   0.08569
   0.07187
  -0.09471
  -0.05997
   0.10225
   0.04713
  -0.10816
  -0.03355
   0.11238
   0.01944
  -0.11482
  -0.00502
   0.11545
  -0.00948
  -0.11426
   0.02383
   0.11127
  -0.03780
  -0.10652
   0.05118
   0.10009
  -0.06375
  -0.09209
   0.07531
   0.08263
  -0.08569
  -0.07187
   0.09471
   0.05997
  -0.10225
  -0.04713
   0.10816
   0.03355
  -0.11238
  -0.01944
   0.11482
   0.00502
  -0.11545
   0.00948
   0.11426
  -0.02383
  -0.11127
   0.03780
   0.10652
  -0.05118
  -0.10009
   0.06375
   0.09209
  -0.07531
  -0.08263
   0.08569
   0.07187
  -0.09471
  -0.05997
   0.10225
   0.04713
  -0.10816
  -0.03355
   0.11238
   0.01944
  -0.11482
  -0.00502
