  -0.11312
  -0.05274
   0.08476
   0.09832
  -0.03188
  -0.11547
  -0.03023
   0.09921
   0.08358
  -0.05425
  -0.11277
  -0.00639
   0.10933
   0.06519
  -0.07426
  -0.10514
   0.01772
   0.11466
   0.04396
  -0.09102
  -0.09291
   0.04105
   0.11499
   0.02079
  -0.10381
  -0.07663
   0.06259
   0.11029
  -0.00328
  -0.11205
  -0.05699
   0.08140
   0.10077
  -0.02720
  -0.11540
  -0.03487
   0.09665
   0.08685
  -0.04994
  -0.11371
  -0.01122
   0.10767
   0.06913
  -0.07049
  -0.10704
   0.01292
   0.11399
   0.04839
  -0.08797
  -0.09570
   0.03650
   0.11533
   0.02553
  -0.10160
  -0.08018
   0.05848
   0.11163
   0.00156
  -0.11079
  -0.06115
   0.07790
   0.10304
  -0.02248
  -0.11513
  -0.03945
   0.09392
   0.08996
  -0.04554
  -0.11445
  -0.01602
   0.10583
   0.07294
  -0.06660
  -0.10876
   0.00811
   0.11312
   0.05274
  -0.08476
  -0.09832
   0.03188
   0.11547
   0.03023
  -0.09921
  -0.08358
   0.05425
   0.11277
   0.00639
  -0.10933
  -0.06519
   0.07426
   0.10514
  -0.01772
  -0.11466
  -0.04396
   0.09102
   0.09291
  -0.04105
  -0.11499
  -0.02079
   0.10381
   0.07663
  -0.06259
  -0.11029
   0.00328
   0.11205
   0.05699
  -0.08140
  -0.10077
   0.02720
   0.11540
   0.03487
  -0.09665
  -0.08685
   0.04994
   0.11371
   0.01122
  -0.10767
  -0.06913
   0.07049
   0.10704
  -0.01292
  -0.11399
  -0.04839
   0.08797
   0.09570
  -0.03650
  -0.11533
  -0.02553
   0.10160
   0.08018
  -0.05848
  -0.11163
  -0.00156
   0.11079
   0.06115
  -0.07790
  -0.10304
   0.02248
   0.11513
   0.03945
  -0.09392
  -0.08996
   0.04554
   0.11445
   0.01602
  -0.10583
  -0.07294
   0.06660
   0.10876
  -0.00811
