   0.11246
   0.10241
   0.08592
   0.06404
   0.03813
   0.00983
  -0.01909
  -0.04681
  -0.07159
  -0.09187
  -0.10638
  -0.11421
  -0.11486
  -0.10829
  -0.09491
  -0.07558
  -0.05149
  -0.02417
   0.00467
   0.03321
   0.05967
   0.08238
   0.09992
   0.11117
   0.11544
   0.11246
   0.10241
   0.08592
   0.06404
   0.03813
   0.00983
  -0.01909
  -0.04681
  -0.07159
  -0.09187
  -0.10638
  -0.11421
  -0.11486
  -0.10829
  -0.09491
  -0.07558
  -0.05149
  -0.02417
   0.00467
   0.03321
   0.05967
   0.08238
   0.09992
   0.11117
   0.11544
   0.11246
   0.10241
   0.08592
   0.06404
   0.03813
   0.00983
  -0.01909
  -0.04681
  -0.07159
  -0.09187
  -0.10638
  -0.11421
  -0.11486
  -0.10829
  -0.09491
  -0.07558
  -0.05149
  -0.02417
   0.00467
   0.03321
   0.05967
   0.08238
   0.09992
   0.11117
   0.11544
   0.11246
   0.10241
   0.08592
   0.06404
   0.03813
   0.00983
  -0.01909
  -0.04681
  -0.07159
  -0.09187
  -0.10638
  -0.11421
  -0.11486
  -0.10829
  -0.09491
  -0.07558
  -0.05149
  -0.02417
   0.00467
   0.03321
   0.05967
   0.08238
   0.09992
   0.11117
   0.11544
   0.11246
   0.10241
   0.08592
   0.06404
   0.03813
   0.00983
  -0.01909
  -0.04681
  -0.07159
  -0.09187
  -0.10638
  -0.11421
  -0.11486
  -0.10829
  -0.09491
  -0.07558
  -0.05149
  -0.02417
   0.00467
   0.03321
   0.05967
   0.08238
   0.09992
   0.11117
   0.11544
   0.11246
   0.10241
   0.08592
   0.06404
   0.03813
   0.00983
  -0.01909
  -0.04681
  -0.07159
  -0.09187
  -0.10638
  -0.11421
  -0.11486
  -0.10829
  -0.09491
  -0.07558
  -0.05149
  -0.02417
   0.00467
   0.03321
   0.05967
   0.08238
   0.09992
   0.11117
   0.11544
