  -0.03441
  -0.06480
  -0.08966
  -0.10686
  -0.11495
  -0.11322
  -0.10182
  -0.08174
  -0.05468
  -0.02295
   0.01074
   0.04351
   0.07257
   0.09543
   0.11015
   0.11546
   0.11092
   0.09691
   0.07463
   0.04598
   0.01340
  -0.02032
  -0.05231
  -0.07983
  -0.10054
  -0.11266
  -0.11517
  -0.10785
  -0.09132
  -0.06699
  -0.03695
  -0.00375
   0.02976
   0.06074
   0.08653
   0.10494
   0.11438
   0.11407
   0.10402
   0.08508
   0.05889
   0.02767
  -0.00592
  -0.03899
  -0.06874
  -0.09263
  -0.10860
  -0.11531
  -0.11217
  -0.09945
  -0.07825
  -0.05037
  -0.01819
   0.01555
   0.04795
   0.07627
   0.09807
   0.11150
   0.11542
   0.10948
   0.09420
   0.07087
   0.04150
   0.00858
  -0.02507
  -0.05657
  -0.08325
  -0.10283
  -0.11362
  -0.11472
  -0.10602
  -0.08828
  -0.06300
  -0.03234
   0.00108
   0.03441
   0.06480
   0.08966
   0.10686
   0.11495
   0.11322
   0.10182
   0.08174
   0.05468
   0.02295
  -0.01074
  -0.04351
  -0.07257
  -0.09543
  -0.11015
  -0.11546
  -0.11092
  -0.09691
  -0.07463
  -0.04598
  -0.01340
   0.02032
   0.05231
   0.07983
   0.10054
   0.11266
   0.11517
   0.10785
   0.09132
   0.06699
   0.03695
   0.00375
  -0.02976
  -0.06074
  -0.08653
  -0.10494
  -0.11438
  -0.11407
  -0.10402
  -0.08508
  -0.05889
  -0.02767
   0.00592
   0.03899
   0.06874
   0.09263
   0.10860
   0.11531
   0.11217
   0.09945
   0.07825
   0.05037
   0.01819
  -0.01555
  -0.04795
  -0.07627
  -0.09807
  -0.11150
  -0.11542
  -0.10948
  -0.09420
  -0.07087
  -0.04150
  -0.00858
   0.02507
   0.05657
   0.08325
   0.10283
   0.11362
   0.11472
   0.10602
   0.08828
   0.06300
   0.03234
  -0.00108
