   0.09517
  -0.03397
  -0.04193
   0.09969
  -0.11432
   0.07950
  -0.01028
  -0.06338
   0.10963
  -0.10844
   0.06035
   0.01386
  -0.08206
   0.11477
  -0.09783
   0.03856
   0.03739
  -0.09716
   0.11490
  -0.08293
   0.01509
   0.05928
  -0.10801
   0.11001
  -0.06442
  -0.00904
   0.07859
  -0.11414
   0.10031
  -0.04308
  -0.03278
   0.09446
  -0.11528
   0.08622
  -0.01987
  -0.05508
   0.10621
  -0.11138
   0.06837
   0.00422
  -0.07498
   0.11331
  -0.10262
   0.04753
   0.02811
  -0.09160
   0.11546
  -0.08937
   0.02461
   0.05079
  -0.10421
   0.11256
  -0.07221
   0.00062
   0.07124
  -0.11228
   0.10474
  -0.05190
  -0.02340
   0.08857
  -0.11543
   0.09235
  -0.02932
  -0.04640
   0.10204
  -0.11354
   0.07592
  -0.00546
  -0.06737
   0.11105
  -0.10669
   0.05617
   0.01864
  -0.08539
   0.11520
  -0.09517
   0.03397
   0.04193
  -0.09969
   0.11432
  -0.07950
   0.01028
   0.06338
  -0.10963
   0.10844
  -0.06035
  -0.01386
   0.08206
  -0.11477
   0.09783
  -0.03856
  -0.03739
   0.09716
  -0.11490
   0.08293
  -0.01509
  -0.05928
   0.10801
  -0.11001
   0.06442
   0.00904
  -0.07859
   0.11414
  -0.10031
   0.04308
   0.03278
  -0.09446
   0.11528
  -0.08622
   0.01987
   0.05508
  -0.10621
   0.11138
  -0.06837
  -0.00422
   0.07498
  -0.11331
   0.10262
  -0.04753
  -0.02811
   0.09160
  -0.11546
   0.08937
  -0.02461
  -0.05079
   0.10421
  -0.11256
   0.07221
  -0.00062
  -0.07124
   0.11228
  -0.10474
   0.05190
   0.02340
  -0.08857
   0.11543
  -0.09235
   0.02932
   0.04640
  -0.10204
   0.11354
  -0.07592
   0.00546
   0.06737
  -0.11105
   0.10669
  -0.05617
  -0.01864
   0.08539
  -0.11520
