  -0.00509
  -0.00992
  -0.01472
  -0.01951
  -0.02426
  -0.02896
  -0.03362
  -0.03821
  -0.04274
  -0.04720
  -0.05157
  -0.05585
  -0.06003
  -0.06411
  -0.06808
  -0.07192
  -0.07564
  -0.07923
  -0.08268
  -0.08598
  -0.08913
  -0.09213
  -0.09496
  -0.09763
  -0.10013
  -0.10245
  -0.10459
  -0.10655
  -0.10832
  -0.10990
  -0.11128
  -0.11248
  -0.11347
  -0.11427
  -0.11486
  -0.11526
  -0.11545
  -0.11544
  -0.11523
  -0.11481
  -0.11419
  -0.11338
  -0.11236
  -0.11115
  -0.10974
  -0.10814
  -0.10635
  -0.10437
  -0.10221
  -0.09987
  -0.09736
  -0.09467
  -0.09182
  -0.08881
  -0.08564
  -0.08232
  -0.07886
  -0.07526
  -0.07152
  -0.06767
  -0.06369
  -0.05960
  -0.05540
  -0.05111
  -0.04673
  -0.04227
  -0.03773
  -0.03313
  -0.02847
  -0.02376
  -0.01901
  -0.01422
  -0.00941
  -0.00458
   0.00025
   0.00509
   0.00992
   0.01472
   0.01951
   0.02426
   0.02896
   0.03362
   0.03821
   0.04274
   0.04720
   0.05157
   0.05585
   0.06003
   0.06411
   0.06808
   0.07192
   0.07564
   0.07923
   0.08268
   0.08598
   0.08913
   0.09213
   0.09496
   0.09763
   0.10013
   0.10245
   0.10459
   0.10655
   0.10832
   0.10990
   0.11128
   0.11248
   0.11347
   0.11427
   0.11486
   0.11526
   0.11545
   0.11544
   0.11523
   0.11481
   0.11419
   0.11338
   0.11236
   0.11115
   0.10974
   0.10814
   0.10635
   0.10437
   0.10221
   0.09987
   0.09736
   0.09467
   0.09182
   0.08881
   0.08564
   0.08232
   0.07886
   0.07526
   0.07152
   0.06767
   0.06369
   0.05960
   0.05540
   0.05111
   0.04673
   0.04227
   0.03773
   0.03313
   0.02847
   0.02376
   0.01901
   0.01422
   0.00941
   0.00458
  -0.00025
