  -0.06754
  -0.10969
  -0.10994
  -0.06820
  -0.00041
   0.06754
   0.10969
   0.10994
   0.06820
   0.00041
  -0.06754
  -0.10969
  -0.10994
  -0.06820
  -0.00041
   0.06754
   0.10969
   0.10994
   0.06820
   0.00041
  -0.06754
  -0.10969
  -0.10994
  -0.06820
  -0.00041
   0.06754
   0.10969
   0.10994
   0.06820
   0.00041
  -0.06754
  -0.10969
  -0.10994
  -0.06820
  -0.00041
   0.06754
   0.10969
   0.10994
   0.06820
   0.00041
  -0.06754
  -0.10969
  -0.10994
  -0.06820
  -0.00041
   0.06754
   0.10969
   0.10994
   0.06820
   0.00041
  -0.06754
  -0.10969
  -0.10994
  -0.06820
  -0.00041
   0.06754
   0.10969
   0.10994
   0.06820
   0.00041
  -0.06754
  -0.10969
  -0.10994
  -0.06820
  -0.00041
   0.06754
   0.10969
   0.10994
   0.06820
   0.00041
  -0.06754
  -0.10969
  -0.10994
  -0.06820
  -0.00041
   0.06754
   0.10969
   0.10994
   0.06820
   0.00041
  -0.06754
  -0.10969
  -0.10994
  -0.06820
  -0.00041
   0.06754
   0.10969
   0.10994
   0.06820
   0.00041
  -0.06754
  -0.10969
  -0.10994
  -0.06820
  -0.00041
   0.06754
   0.10969
   0.10994
   0.06820
   0.00041
  -0.06754
  -0.10969
  -0.10994
  -0.06820
  -0.00041
   0.06754
   0.10969
   0.10994
   0.06820
   0.00041
  -0.06754
  -0.10969
  -0.10994
  -0.06820
  -0.00041
   0.06754
   0.10969
   0.10994
   0.06820
   0.00041
  -0.06754
  -0.10969
  -0.10994
  -0.06820
  -0.00041
   0.06754
   0.10969
   0.10994
   0.06820
   0.00041
  -0.06754
  -0.10969
  -0.10994
  -0.06820
  -0.00041
   0.06754
   0.10969
   0.10994
   0.06820
   0.00041
  -0.06754
  -0.10969
  -0.10994
  -0.06820
  -0.00041
   0.06754
   0.10969
   0.10994
   0.06820
   0.00041
