   0.09042
   0.11297
   0.05360
  -0.04464
  -0.11051
  -0.09624
  -0.01218
   0.08071
   0.11507
   0.06599
  -0.03094
  -0.10544
  -0.10348
  -0.02648
   0.06972
   0.11536
   0.07735
  -0.01675
  -0.09871
  -0.10908
  -0.04036
   0.05764
   0.11383
   0.08749
  -0.00230
  -0.09042
  -0.11297
  -0.05360
   0.04464
   0.11051
   0.09624
   0.01218
  -0.08071
  -0.11507
  -0.06599
   0.03094
   0.10544
   0.10348
   0.02648
  -0.06972
  -0.11536
  -0.07735
   0.01675
   0.09871
   0.10908
   0.04036
  -0.05764
  -0.11383
  -0.08749
   0.00230
   0.09042
   0.11297
   0.05360
  -0.04464
  -0.11051
  -0.09624
  -0.01218
   0.08071
   0.11507
   0.06599
  -0.03094
  -0.10544
  -0.10348
  -0.02648
   0.06972
   0.11536
   0.07735
  -0.01675
  -0.09871
  -0.10908
  -0.04036
   0.05764
   0.11383
   0.08749
  -0.00230
  -0.09042
  -0.11297
  -0.05360
   0.04464
   0.11051
   0.09624
   0.01218
  -0.08071
  -0.11507
  -0.06599
   0.03094
   0.10544
   0.10348
   0.02648
  -0.06972
  -0.11536
  -0.07735
   0.01675
   0.09871
   0.10908
   0.04036
  -0.05764
  -0.11383
  -0.08749
   0.00230
   0.09042
   0.11297
   0.05360
  -0.04464
  -0.11051
  -0.09624
  -0.01218
   0.08071
   0.11507
   0.06599
  -0.03094
  -0.10544
  -0.10348
  -0.02648
   0.06972
   0.11536
   0.07735
  -0.01675
  -0.09871
  -0.10908
  -0.04036
   0.05764
   0.11383
   0.08749
  -0.00230
  -0.09042
  -0.11297
  -0.05360
   0.04464
   0.11051
   0.09624
   0.01218
  -0.08071
  -0.11507
  -0.06599
   0.03094
   0.10544
   0.10348
   0.02648
  -0.06972
  -0.11536
  -0.07735
   0.01675
   0.09871
   0.10908
   0.04036
  -0.05764
  -0.11383
  -0.08749
   0.00230
