  -0.03795
  -0.07170
  -0.09748
  -0.11241
  -0.11484
  -0.10449
  -0.08252
  -0.05137
  -0.01450
   0.02398
   0.05979
   0.08895
   0.10822
   0.11544
   0.10983
   0.09199
   0.06393
   0.02875
  -0.00963
  -0.04694
  -0.07902
  -0.10232
  -0.11423
  -0.11343
  -0.10002
  -0.07547
  -0.04254
  -0.00487
   0.03335
   0.06785
   0.09480
   0.11121
   0.11524
   0.10646
   0.08583
   0.05566
   0.01929
  -0.01923
  -0.05560
  -0.08579
  -0.10644
  -0.11524
  -0.11122
  -0.09484
  -0.06790
  -0.03340
   0.00480
   0.04248
   0.07543
   0.09998
   0.11342
   0.11424
   0.10234
   0.07907
   0.04699
   0.00969
  -0.02869
  -0.06387
  -0.09196
  -0.10981
  -0.11545
  -0.10824
  -0.08899
  -0.05984
  -0.02404
   0.01444
   0.05131
   0.08248
   0.10447
   0.11483
   0.11243
   0.09751
   0.07175
   0.03800
   0.00003
  -0.03795
  -0.07170
  -0.09748
  -0.11241
  -0.11484
  -0.10449
  -0.08252
  -0.05137
  -0.01450
   0.02398
   0.05979
   0.08895
   0.10822
   0.11544
   0.10983
   0.09199
   0.06393
   0.02875
  -0.00963
  -0.04694
  -0.07902
  -0.10232
  -0.11423
  -0.11343
  -0.10002
  -0.07547
  -0.04254
  -0.00487
   0.03335
   0.06785
   0.09480
   0.11121
   0.11524
   0.10646
   0.08583
   0.05566
   0.01929
  -0.01923
  -0.05560
  -0.08579
  -0.10644
  -0.11524
  -0.11122
  -0.09484
  -0.06790
  -0.03340
   0.00480
   0.04248
   0.07543
   0.09998
   0.11342
   0.11424
   0.10234
   0.07907
   0.04699
   0.00969
  -0.02869
  -0.06387
  -0.09196
  -0.10981
  -0.11545
  -0.10824
  -0.08899
  -0.05984
  -0.02404
   0.01444
   0.05131
   0.08248
   0.10447
   0.11483
   0.11243
   0.09751
   0.07175
   0.03800
   0.00003
