   0.04660
   0.08554
   0.10969
   0.11488
   0.10020
   0.06820
   0.02440
  -0.02361
  -0.06754
  -0.09980
  -0.11479
  -0.10994
  -0.08608
  -0.04733
  -0.00040
   0.04660
   0.08554
   0.10969
   0.11488
   0.10020
   0.06820
   0.02440
  -0.02361
  -0.06754
  -0.09980
  -0.11479
  -0.10994
  -0.08608
  -0.04733
  -0.00040
   0.04660
   0.08554
   0.10969
   0.11488
   0.10020
   0.06820
   0.02440
  -0.02361
  -0.06754
  -0.09980
  -0.11479
  -0.10994
  -0.08608
  -0.04733
  -0.00040
   0.04660
   0.08554
   0.10969
   0.11488
   0.10020
   0.06820
   0.02440
  -0.02361
  -0.06754
  -0.09980
  -0.11479
  -0.10994
  -0.08608
  -0.04733
  -0.00040
   0.04660
   0.08554
   0.10969
   0.11488
   0.10020
   0.06820
   0.02440
  -0.02361
  -0.06754
  -0.09980
  -0.11479
  -0.10994
  -0.08608
  -0.04733
  -0.00040
   0.04660
   0.08554
   0.10969
   0.11488
   0.10020
   0.06820
   0.02440
  -0.02361
  -0.06754
  -0.09980
  -0.11479
  -0.10994
  -0.08608
  -0.04733
  -0.00040
   0.04660
   0.08554
   0.10969
   0.11488
   0.10020
   0.06820
   0.02440
  -0.02361
  -0.06754
  -0.09980
  -0.11479
  -0.10994
  -0.08608
  -0.04733
  -0.00040
   0.04660
   0.08554
   0.10969
   0.11488
   0.10020
   0.06820
   0.02440
  -0.02361
  -0.06754
  -0.09980
  -0.11479
  -0.10994
  -0.08608
  -0.04733
  -0.00040
   0.04660
   0.08554
   0.10969
   0.11488
   0.10020
   0.06820
   0.02440
  -0.02361
  -0.06754
  -0.09980
  -0.11479
  -0.10994
  -0.08608
  -0.04733
  -0.00040
   0.04660
   0.08554
   0.10969
   0.11488
   0.10020
   0.06820
   0.02440
  -0.02361
  -0.06754
  -0.09980
  -0.11479
  -0.10994
  -0.08608
  -0.04733
  -0.00040
