  -0.03672
  -0.09557
   0.08812
   0.04818
  -0.11403
   0.01315
   0.10696
  -0.07068
  -0.06894
   0.10776
   0.01099
  -0.11367
   0.05015
   0.08669
  -0.09678
  -0.03464
   0.11541
  -0.02743
  -0.10066
   0.08156
   0.05679
  -0.11211
   0.00351
   0.11022
  -0.06279
  -0.07645
   0.10391
   0.02057
  -0.11497
   0.04127
   0.09277
  -0.09117
  -0.04374
   0.11469
  -0.01795
  -0.10504
   0.07444
   0.06500
  -0.10940
  -0.00616
   0.11272
  -0.05446
  -0.08342
   0.09933
   0.03000
  -0.11546
   0.03210
   0.09820
  -0.08492
  -0.05253
   0.11317
  -0.00834
  -0.10868
   0.06679
   0.07276
  -0.10593
  -0.01579
   0.11442
  -0.04575
  -0.08981
   0.09405
   0.03923
  -0.11515
   0.02271
   0.10294
  -0.07807
  -0.06095
   0.11085
   0.00133
  -0.11157
   0.05868
   0.08001
  -0.10171
  -0.02531
   0.11532
  -0.03672
  -0.09557
   0.08812
   0.04818
  -0.11403
   0.01315
   0.10696
  -0.07068
  -0.06894
   0.10776
   0.01099
  -0.11367
   0.05015
   0.08669
  -0.09678
  -0.03464
   0.11541
  -0.02743
  -0.10066
   0.08156
   0.05679
  -0.11211
   0.00351
   0.11022
  -0.06279
  -0.07645
   0.10391
   0.02057
  -0.11497
   0.04127
   0.09277
  -0.09117
  -0.04374
   0.11469
  -0.01795
  -0.10504
   0.07444
   0.06500
  -0.10940
  -0.00616
   0.11272
  -0.05446
  -0.08342
   0.09933
   0.03000
  -0.11546
   0.03210
   0.09820
  -0.08492
  -0.05253
   0.11317
  -0.00834
  -0.10868
   0.06679
   0.07276
  -0.10593
  -0.01579
   0.11442
  -0.04575
  -0.08981
   0.09405
   0.03923
  -0.11515
   0.02271
   0.10294
  -0.07807
  -0.06095
   0.11085
   0.00133
  -0.11157
   0.05868
   0.08001
  -0.10171
  -0.02531
   0.11532
