   0.10276
   0.06467
   0.01059
  -0.04612
  -0.09141
  -0.11409
  -0.10855
  -0.07615
  -0.02492
   0.03248
   0.08185
   0.11096
   0.11263
   0.08643
   0.03885
  -0.01834
  -0.07099
  -0.10608
  -0.11493
  -0.09535
  -0.05217
   0.00391
   0.05902
   0.09953
   0.11542
   0.10276
   0.06467
   0.01059
  -0.04612
  -0.09141
  -0.11409
  -0.10855
  -0.07615
  -0.02492
   0.03248
   0.08185
   0.11096
   0.11263
   0.08643
   0.03885
  -0.01834
  -0.07099
  -0.10608
  -0.11493
  -0.09535
  -0.05217
   0.00391
   0.05902
   0.09953
   0.11542
   0.10276
   0.06467
   0.01059
  -0.04612
  -0.09141
  -0.11409
  -0.10855
  -0.07615
  -0.02492
   0.03248
   0.08185
   0.11096
   0.11263
   0.08643
   0.03885
  -0.01834
  -0.07099
  -0.10608
  -0.11493
  -0.09535
  -0.05217
   0.00391
   0.05902
   0.09953
   0.11542
   0.10276
   0.06467
   0.01059
  -0.04612
  -0.09141
  -0.11409
  -0.10855
  -0.07615
  -0.02492
   0.03248
   0.08185
   0.11096
   0.11263
   0.08643
   0.03885
  -0.01834
  -0.07099
  -0.10608
  -0.11493
  -0.09535
  -0.05217
   0.00391
   0.05902
   0.09953
   0.11542
   0.10276
   0.06467
   0.01059
  -0.04612
  -0.09141
  -0.11409
  -0.10855
  -0.07615
  -0.02492
   0.03248
   0.08185
   0.11096
   0.11263
   0.08643
   0.03885
  -0.01834
  -0.07099
  -0.10608
  -0.11493
  -0.09535
  -0.05217
   0.00391
   0.05902
   0.09953
   0.11542
   0.10276
   0.06467
   0.01059
  -0.04612
  -0.09141
  -0.11409
  -0.10855
  -0.07615
  -0.02492
   0.03248
   0.08185
   0.11096
   0.11263
   0.08643
   0.03885
  -0.01834
  -0.07099
  -0.10608
  -0.11493
  -0.09535
  -0.05217
   0.00391
   0.05902
   0.09953
   0.11542
