  -0.11458
  -0.01193
   0.11508
   0.00711
  -0.11537
  -0.00228
   0.11547
  -0.00256
  -0.11536
   0.00739
   0.11505
  -0.01221
  -0.11454
   0.01701
   0.11383
  -0.02178
  -0.11292
   0.02650
   0.11181
  -0.03119
  -0.11050
   0.03582
   0.10900
  -0.04038
  -0.10731
   0.04488
   0.10543
  -0.04929
  -0.10337
   0.05362
   0.10112
  -0.05786
  -0.09870
   0.06199
   0.09610
  -0.06602
  -0.09333
   0.06993
   0.09041
  -0.07371
  -0.08732
   0.07737
   0.08408
  -0.08089
  -0.08069
   0.08427
   0.07716
  -0.08750
  -0.07349
   0.09058
   0.06970
  -0.09350
  -0.06578
   0.09626
   0.06175
  -0.09884
  -0.05761
   0.10125
   0.05337
  -0.10349
  -0.04904
   0.10554
   0.04462
  -0.10741
  -0.04012
   0.10909
   0.03555
  -0.11058
  -0.03092
   0.11188
   0.02623
  -0.11298
  -0.02150
   0.11388
   0.01673
  -0.11458
  -0.01193
   0.11508
   0.00711
  -0.11537
  -0.00228
   0.11547
  -0.00256
  -0.11536
   0.00739
   0.11505
  -0.01221
  -0.11454
   0.01701
   0.11383
  -0.02178
  -0.11292
   0.02650
   0.11181
  -0.03119
  -0.11050
   0.03582
   0.10900
  -0.04038
  -0.10731
   0.04488
   0.10543
  -0.04929
  -0.10337
   0.05362
   0.10112
  -0.05786
  -0.09870
   0.06199
   0.09610
  -0.06602
  -0.09333
   0.06993
   0.09041
  -0.07371
  -0.08732
   0.07737
   0.08408
  -0.08089
  -0.08069
   0.08427
   0.07716
  -0.08750
  -0.07349
   0.09058
   0.06970
  -0.09350
  -0.06578
   0.09626
   0.06175
  -0.09884
  -0.05761
   0.10125
   0.05337
  -0.10349
  -0.04904
   0.10554
   0.04462
  -0.10741
  -0.04012
   0.10909
   0.03555
  -0.11058
  -0.03092
   0.11188
   0.02623
  -0.11298
  -0.02150
   0.11388
   0.01673
