  -0.05974
  -0.10229
  -0.11525
  -0.09487
  -0.04705
   0.01438
   0.07165
   0.10820
   0.11344
   0.08587
   0.03346
  -0.02863
  -0.08244
  -0.11240
  -0.10985
  -0.07552
  -0.01934
   0.04243
   0.09192
   0.11483
   0.10452
   0.06397
   0.00492
  -0.05555
  -0.09996
  -0.11545
  -0.09754
  -0.05142
   0.00957
   0.06780
   0.10641
   0.11424
   0.08903
   0.03806
  -0.02392
  -0.07898
  -0.11119
  -0.11124
  -0.07911
  -0.02409
   0.03789
   0.08891
   0.11422
   0.10648
   0.06794
   0.00975
  -0.05126
  -0.09745
  -0.11544
  -0.10004
  -0.05571
   0.00475
   0.06383
   0.10444
   0.11485
   0.09203
   0.04259
  -0.01917
  -0.07538
  -0.10979
  -0.11244
  -0.08256
  -0.02880
   0.03329
   0.08575
   0.11341
   0.10826
   0.07179
   0.01456
  -0.04689
  -0.09477
  -0.11524
  -0.10237
  -0.05989
  -0.00009
   0.05974
   0.10229
   0.11525
   0.09487
   0.04705
  -0.01438
  -0.07165
  -0.10820
  -0.11344
  -0.08587
  -0.03346
   0.02863
   0.08244
   0.11240
   0.10985
   0.07552
   0.01934
  -0.04243
  -0.09192
  -0.11483
  -0.10452
  -0.06397
  -0.00492
   0.05555
   0.09996
   0.11545
   0.09754
   0.05142
  -0.00957
  -0.06780
  -0.10641
  -0.11424
  -0.08903
  -0.03806
   0.02392
   0.07898
   0.11119
   0.11124
   0.07911
   0.02409
  -0.03789
  -0.08891
  -0.11422
  -0.10648
  -0.06794
  -0.00975
   0.05126
   0.09745
   0.11544
   0.10004
   0.05571
  -0.00475
  -0.06383
  -0.10444
  -0.11485
  -0.09203
  -0.04259
   0.01917
   0.07538
   0.10979
   0.11244
   0.08256
   0.02880
  -0.03329
  -0.08575
  -0.11341
  -0.10826
  -0.07179
  -0.01456
   0.04689
   0.09477
   0.11524
   0.10237
   0.05989
   0.00009
