   0.05462
   0.07262
  -0.11090
   0.01334
   0.10057
  -0.09128
  -0.02982
   0.11439
  -0.05884
  -0.06879
   0.11215
  -0.01813
  -0.09810
   0.09416
   0.02512
  -0.11363
   0.06295
   0.06485
  -0.11321
   0.02289
   0.09547
  -0.09688
  -0.02038
   0.11267
  -0.06694
  -0.06079
   0.11406
  -0.02761
  -0.09266
   0.09942
   0.01560
  -0.11152
   0.07083
   0.05663
  -0.11471
   0.03228
   0.08969
  -0.10180
  -0.01080
   0.11017
  -0.07458
  -0.05236
   0.11516
  -0.03689
  -0.08657
   0.10399
   0.00598
  -0.10862
   0.07821
   0.04801
  -0.11542
   0.04144
   0.08329
  -0.10600
  -0.00114
   0.10688
  -0.08170
  -0.04357
   0.11546
  -0.04592
  -0.07987
   0.10782
  -0.00369
  -0.10496
   0.08504
   0.03905
  -0.11531
   0.05032
   0.07631
  -0.10946
   0.00852
   0.10285
  -0.08824
  -0.03447
   0.11495
  -0.05462
  -0.07262
   0.11090
  -0.01334
  -0.10057
   0.09128
   0.02982
  -0.11439
   0.05884
   0.06879
  -0.11215
   0.01813
   0.09810
  -0.09416
  -0.02512
   0.11363
  -0.06295
  -0.06485
   0.11321
  -0.02289
  -0.09547
   0.09688
   0.02038
  -0.11267
   0.06694
   0.06079
  -0.11406
   0.02761
   0.09266
  -0.09942
  -0.01560
   0.11152
  -0.07083
  -0.05663
   0.11471
  -0.03228
  -0.08969
   0.10180
   0.01080
  -0.11017
   0.07458
   0.05236
  -0.11516
   0.03689
   0.08657
  -0.10399
  -0.00598
   0.10862
  -0.07821
  -0.04801
   0.11542
  -0.04144
  -0.08329
   0.10600
   0.00114
  -0.10688
   0.08170
   0.04357
  -0.11546
   0.04592
   0.07987
  -0.10782
   0.00369
   0.10496
  -0.08504
  -0.03905
   0.11531
  -0.05032
  -0.07631
   0.10946
  -0.00852
  -0.10285
   0.08824
   0.03447
  -0.11495
