   0.07136
   0.11231
   0.10468
   0.05176
  -0.02355
  -0.08868
  -0.11543
  -0.09225
  -0.02916
   0.04654
   0.10211
   0.11351
   0.07580
   0.00530
  -0.06750
  -0.11109
  -0.10663
  -0.05603
   0.01880
   0.08550
   0.11521
   0.09508
   0.03382
  -0.04208
  -0.09977
  -0.11430
  -0.07938
  -0.01012
   0.06351
   0.10967
   0.10839
   0.06021
  -0.01401
  -0.08218
  -0.11479
  -0.09774
  -0.03841
   0.03754
   0.09725
   0.11488
   0.08282
   0.01493
  -0.05942
  -0.10807
  -0.10996
  -0.06429
   0.00920
   0.07871
   0.11416
   0.10023
   0.04294
  -0.03293
  -0.09455
  -0.11527
  -0.08612
  -0.01971
   0.05522
   0.10627
   0.11134
   0.06825
  -0.00437
  -0.07510
  -0.11334
  -0.10254
  -0.04739
   0.02827
   0.09169
   0.11545
   0.08927
   0.02446
  -0.05093
  -0.10428
  -0.11252
  -0.07209
  -0.00046
   0.07136
   0.11231
   0.10468
   0.05176
  -0.02355
  -0.08868
  -0.11543
  -0.09225
  -0.02916
   0.04654
   0.10211
   0.11351
   0.07580
   0.00530
  -0.06750
  -0.11109
  -0.10663
  -0.05603
   0.01880
   0.08550
   0.11521
   0.09508
   0.03382
  -0.04208
  -0.09977
  -0.11430
  -0.07938
  -0.01012
   0.06351
   0.10967
   0.10839
   0.06021
  -0.01401
  -0.08218
  -0.11479
  -0.09774
  -0.03841
   0.03754
   0.09725
   0.11488
   0.08282
   0.01493
  -0.05942
  -0.10807
  -0.10996
  -0.06429
   0.00920
   0.07871
   0.11416
   0.10023
   0.04294
  -0.03293
  -0.09455
  -0.11527
  -0.08612
  -0.01971
   0.05522
   0.10627
   0.11134
   0.06825
  -0.00437
  -0.07510
  -0.11334
  -0.10254
  -0.04739
   0.02827
   0.09169
   0.11545
   0.08927
   0.02446
  -0.05093
  -0.10428
  -0.11252
  -0.07209
  -0.00046
