  -0.11482
   0.00503
   0.11545
   0.00947
  -0.11426
  -0.02382
   0.11127
   0.03779
  -0.10652
  -0.05117
   0.10010
   0.06374
  -0.09209
  -0.07530
   0.08264
   0.08568
  -0.07188
  -0.09471
   0.05998
   0.10224
  -0.04714
  -0.10816
   0.03356
   0.11237
  -0.01945
  -0.11482
   0.00503
   0.11545
   0.00947
  -0.11426
  -0.02382
   0.11127
   0.03779
  -0.10652
  -0.05117
   0.10010
   0.06374
  -0.09209
  -0.07530
   0.08264
   0.08568
  -0.07188
  -0.09471
   0.05998
   0.10224
  -0.04714
  -0.10816
   0.03356
   0.11237
  -0.01945
  -0.11482
   0.00503
   0.11545
   0.00947
  -0.11426
  -0.02382
   0.11127
   0.03779
  -0.10652
  -0.05117
   0.10010
   0.06374
  -0.09209
  -0.07530
   0.08264
   0.08568
  -0.07188
  -0.09471
   0.05998
   0.10224
  -0.04714
  -0.10816
   0.03356
   0.11237
  -0.01945
  -0.11482
   0.00503
   0.11545
   0.00947
  -0.11426
  -0.02382
   0.11127
   0.03779
  -0.10652
  -0.05117
   0.10010
   0.06374
  -0.09209
  -0.07530
   0.08264
   0.08568
  -0.07188
  -0.09471
   0.05998
   0.10224
  -0.04714
  -0.10816
   0.03356
   0.11237
  -0.01945
  -0.11482
   0.00503
   0.11545
   0.00947
  -0.11426
  -0.02382
   0.11127
   0.03779
  -0.10652
  -0.05117
   0.10010
   0.06374
  -0.09209
  -0.07530
   0.08264
   0.08568
  -0.07188
  -0.09471
   0.05998
   0.10224
  -0.04714
  -0.10816
   0.03356
   0.11237
  -0.01945
  -0.11482
   0.00503
   0.11545
   0.00947
  -0.11426
  -0.02382
   0.11127
   0.03779
  -0.10652
  -0.05117
   0.10010
   0.06374
  -0.09209
  -0.07530
   0.08264
   0.08568
  -0.07188
  -0.09471
   0.05998
   0.10224
  -0.04714
  -0.10816
   0.03356
   0.11237
  -0.01945
