   0.11484
  -0.11244
   0.10825
  -0.10236
   0.09486
  -0.08586
   0.07550
  -0.06396
   0.05141
  -0.03804
   0.02408
  -0.00973
  -0.00476
   0.01919
  -0.03331
   0.04690
  -0.05976
   0.07167
  -0.08245
   0.09193
  -0.09996
   0.10642
  -0.11120
   0.11422
  -0.11544
   0.11484
  -0.11244
   0.10825
  -0.10236
   0.09486
  -0.08586
   0.07550
  -0.06396
   0.05141
  -0.03804
   0.02408
  -0.00973
  -0.00476
   0.01919
  -0.03331
   0.04690
  -0.05976
   0.07167
  -0.08245
   0.09193
  -0.09996
   0.10642
  -0.11120
   0.11422
  -0.11544
   0.11484
  -0.11244
   0.10825
  -0.10236
   0.09486
  -0.08586
   0.07550
  -0.06396
   0.05141
  -0.03804
   0.02408
  -0.00973
  -0.00476
   0.01919
  -0.03331
   0.04690
  -0.05976
   0.07167
  -0.08245
   0.09193
  -0.09996
   0.10642
  -0.11120
   0.11422
  -0.11544
   0.11484
  -0.11244
   0.10825
  -0.10236
   0.09486
  -0.08586
   0.07550
  -0.06396
   0.05141
  -0.03804
   0.02408
  -0.00973
  -0.00476
   0.01919
  -0.03331
   0.04690
  -0.05976
   0.07167
  -0.08245
   0.09193
  -0.09996
   0.10642
  -0.11120
   0.11422
  -0.11544
   0.11484
  -0.11244
   0.10825
  -0.10236
   0.09486
  -0.08586
   0.07550
  -0.06396
   0.05141
  -0.03804
   0.02408
  -0.00973
  -0.00476
   0.01919
  -0.03331
   0.04690
  -0.05976
   0.07167
  -0.08245
   0.09193
  -0.09996
   0.10642
  -0.11120
   0.11422
  -0.11544
   0.11484
  -0.11244
   0.10825
  -0.10236
   0.09486
  -0.08586
   0.07550
  -0.06396
   0.05141
  -0.03804
   0.02408
  -0.00973
  -0.00476
   0.01919
  -0.03331
   0.04690
  -0.05976
   0.07167
  -0.08245
   0.09193
  -0.09996
   0.10642
  -0.11120
   0.11422
  -0.11544
