   0.06556
  -0.04954
  -0.11510
  -0.06556
   0.04954
   0.11510
   0.06556
  -0.04954
  -0.11510
  -0.06556
   0.04954
   0.11510
   0.06556
  -0.04954
  -0.11510
  -0.06556
   0.04954
   0.11510
   0.06556
  -0.04954
  -0.11510
  -0.06556
   0.04954
   0.11510
   0.06556
  -0.04954
  -0.11510
  -0.06556
   0.04954
   0.11510
   0.06556
  -0.04954
  -0.11510
  -0.06556
   0.04954
   0.11510
   0.06556
  -0.04954
  -0.11510
  -0.06556
   0.04954
   0.11510
   0.06556
  -0.04954
  -0.11510
  -0.06556
   0.04954
   0.11510
   0.06556
  -0.04954
  -0.11510
  -0.06556
   0.04954
   0.11510
   0.06556
  -0.04954
  -0.11510
  -0.06556
   0.04954
   0.11510
   0.06556
  -0.04954
  -0.11510
  -0.06556
   0.04954
   0.11510
   0.06556
  -0.04954
  -0.11510
  -0.06556
   0.04954
   0.11510
   0.06556
  -0.04954
  -0.11510
  -0.06556
   0.04954
   0.11510
   0.06556
  -0.04954
  -0.11510
  -0.06556
   0.04954
   0.11510
   0.06556
  -0.04954
  -0.11510
  -0.06556
   0.04954
   0.11510
   0.06556
  -0.04954
  -0.11510
  -0.06556
   0.04954
   0.11510
   0.06556
  -0.04954
  -0.11510
  -0.06556
   0.04954
   0.11510
   0.06556
  -0.04954
  -0.11510
  -0.06556
   0.04954
   0.11510
   0.06556
  -0.04954
  -0.11510
  -0.06556
   0.04954
   0.11510
   0.06556
  -0.04954
  -0.11510
  -0.06556
   0.04954
   0.11510
   0.06556
  -0.04954
  -0.11510
  -0.06556
   0.04954
   0.11510
   0.06556
  -0.04954
  -0.11510
  -0.06556
   0.04954
   0.11510
   0.06556
  -0.04954
  -0.11510
  -0.06556
   0.04954
   0.11510
   0.06556
  -0.04954
  -0.11510
  -0.06556
   0.04954
   0.11510
   0.06556
  -0.04954
  -0.11510
  -0.06556
   0.04954
   0.11510
