  -0.00647
  -0.11077
   0.05706
   0.08471
  -0.09574
  -0.04098
   0.11446
  -0.01129
  -0.10930
   0.06121
   0.08135
  -0.09836
  -0.03642
   0.11500
  -0.01609
  -0.10765
   0.06526
   0.07784
  -0.10081
  -0.03180
   0.11533
  -0.02087
  -0.10580
   0.06919
   0.07420
  -0.10308
  -0.02713
   0.11547
  -0.02561
  -0.10377
   0.07300
   0.07043
  -0.10517
  -0.02240
   0.11540
  -0.03030
  -0.10156
   0.07668
   0.06654
  -0.10707
  -0.01764
   0.11513
  -0.03494
  -0.09917
   0.08023
   0.06253
  -0.10879
  -0.01285
   0.11465
  -0.03952
  -0.09661
   0.08364
   0.05841
  -0.11031
  -0.00803
   0.11398
  -0.04402
  -0.09387
   0.08690
   0.05419
  -0.11165
  -0.00320
   0.11311
  -0.04846
  -0.09098
   0.09001
   0.04987
  -0.11278
   0.00164
   0.11203
  -0.05280
  -0.08792
   0.09296
   0.04547
  -0.11372
   0.00647
   0.11077
  -0.05706
  -0.08471
   0.09574
   0.04098
  -0.11446
   0.01129
   0.10930
  -0.06121
  -0.08135
   0.09836
   0.03642
  -0.11500
   0.01609
   0.10765
  -0.06526
  -0.07784
   0.10081
   0.03180
  -0.11533
   0.02087
   0.10580
  -0.06919
  -0.07420
   0.10308
   0.02713
  -0.11547
   0.02561
   0.10377
  -0.07300
  -0.07043
   0.10517
   0.02240
  -0.11540
   0.03030
   0.10156
  -0.07668
  -0.06654
   0.10707
   0.01764
  -0.11513
   0.03494
   0.09917
  -0.08023
  -0.06253
   0.10879
   0.01285
  -0.11465
   0.03952
   0.09661
  -0.08364
  -0.05841
   0.11031
   0.00803
  -0.11398
   0.04402
   0.09387
  -0.08690
  -0.05419
   0.11165
   0.00320
  -0.11311
   0.04846
   0.09098
  -0.09001
  -0.04987
   0.11278
  -0.00164
  -0.11203
   0.05280
   0.08792
  -0.09296
  -0.04547
   0.11372
