   0.05413
   0.06126
  -0.11540
   0.05413
   0.06126
  -0.11540
   0.05413
   0.06126
  -0.11540
   0.05413
   0.06126
  -0.11540
   0.05413
   0.06126
  -0.11540
   0.05413
   0.06126
  -0.11540
   0.05413
   0.06126
  -0.11540
   0.05413
   0.06126
  -0.11540
   0.05413
   0.06126
  -0.11540
   0.05413
   0.06126
  -0.11540
   0.05413
   0.06126
  -0.11540
   0.05413
   0.06126
  -0.11540
   0.05413
   0.06126
  -0.11540
   0.05413
   0.06126
  -0.11540
   0.05413
   0.06126
  -0.11540
   0.05413
   0.06126
  -0.11540
   0.05413
   0.06126
  -0.11540
   0.05413
   0.06126
  -0.11540
   0.05413
   0.06126
  -0.11540
   0.05413
   0.06126
  -0.11540
   0.05413
   0.06126
  -0.11540
   0.05413
   0.06126
  -0.11540
   0.05413
   0.06126
  -0.11540
   0.05413
   0.06126
  -0.11540
   0.05413
   0.06126
  -0.11540
   0.05413
   0.06126
  -0.11540
   0.05413
   0.06126
  -0.11540
   0.05413
   0.06126
  -0.11540
   0.05413
   0.06126
  -0.11540
   0.05413
   0.06126
  -0.11540
   0.05413
   0.06126
  -0.11540
   0.05413
   0.06126
  -0.11540
   0.05413
   0.06126
  -0.11540
   0.05413
   0.06126
  -0.11540
   0.05413
   0.06126
  -0.11540
   0.05413
   0.06126
  -0.11540
   0.05413
   0.06126
  -0.11540
   0.05413
   0.06126
  -0.11540
   0.05413
   0.06126
  -0.11540
   0.05413
   0.06126
  -0.11540
   0.05413
   0.06126
  -0.11540
   0.05413
   0.06126
  -0.11540
   0.05413
   0.06126
  -0.11540
   0.05413
   0.06126
  -0.11540
   0.05413
   0.06126
  -0.11540
   0.05413
   0.06126
  -0.11540
   0.05413
   0.06126
  -0.11540
   0.05413
   0.06126
  -0.11540
   0.05413
   0.06126
  -0.11540
   0.05413
   0.06126
  -0.11540
