   0.01232
   0.02369
   0.03322
   0.04018
   0.04402
   0.04445
   0.04144
   0.03521
   0.02625
   0.01526
   0.00308
  -0.00933
  -0.02102
  -0.03108
  -0.03873
  -0.04338
  -0.04467
  -0.04249
  -0.03702
  -0.02868
  -0.01812
  -0.00615
   0.00629
   0.01825
   0.02879
   0.03710
   0.04254
   0.04467
   0.04335
   0.03866
   0.03098
   0.02090
   0.00919
  -0.00322
  -0.01539
  -0.02636
  -0.03529
  -0.04149
  -0.04447
  -0.04400
  -0.04012
  -0.03313
  -0.02357
  -0.01219
   0.00014
   0.01246
   0.02381
   0.03332
   0.04024
   0.04405
   0.04444
   0.04138
   0.03512
   0.02614
   0.01513
   0.00294
  -0.00947
  -0.02114
  -0.03118
  -0.03880
  -0.04342
  -0.04466
  -0.04245
  -0.03695
  -0.02858
  -0.01799
  -0.00601
   0.00643
   0.01838
   0.02890
   0.03718
   0.04258
   0.04468
   0.04331
   0.03859
   0.03088
   0.02077
   0.00906
  -0.00336
  -0.01552
  -0.02648
  -0.03538
  -0.04154
  -0.04448
  -0.04397
  -0.04006
  -0.03304
  -0.02345
  -0.01205
   0.00028
   0.01259
   0.02393
   0.03341
   0.04030
   0.04407
   0.04442
   0.04133
   0.03503
   0.02602
   0.01499
   0.00280
  -0.00960
  -0.02127
  -0.03128
  -0.03887
  -0.04345
  -0.04466
  -0.04241
  -0.03687
  -0.02847
  -0.01786
  -0.00587
   0.00657
   0.01850
   0.02901
   0.03726
   0.04262
   0.04468
   0.04328
   0.03852
   0.03078
   0.02065
   0.00892
  -0.00350
  -0.01565
  -0.02659
  -0.03547
  -0.04159
  -0.04449
  -0.04395
  -0.03999
  -0.03294
  -0.02333
  -0.01192
   0.00042
   0.01273
   0.02405
   0.03350
   0.04036
   0.04409
   0.04441
   0.04128
   0.03495
   0.02591
   0.01486
   0.00266
  -0.00974
  -0.02139
  -0.03138
  -0.03894
  -0.04348
  -0.04465
  -0.04236
  -0.03679
  -0.02836
  -0.01774
  -0.00574
   0.00671
   0.01863
   0.02911
   0.03734
   0.04266
   0.04469
   0.04324
   0.03845
   0.03068
   0.02052
   0.00878
  -0.00364
  -0.01578
  -0.02670
  -0.03555
  -0.04164
  -0.04451
  -0.04392
  -0.03993
  -0.03285
  -0.02321
  -0.01178
   0.00056
   0.01286
   0.02417
   0.03360
   0.04042
   0.04412
   0.04439
   0.04122
   0.03486
   0.02579
   0.01473
   0.00252
  -0.00988
  -0.02151
  -0.03148
  -0.03901
  -0.04352
  -0.04465
  -0.04232
  -0.03671
  -0.02825
  -0.01761
  -0.00560
   0.00685
   0.01876
   0.02922
   0.03741
   0.04271
   0.04469
   0.04321
   0.03838
   0.03057
   0.02040
   0.00864
  -0.00378
  -0.01592
  -0.02682
  -0.03564
  -0.04169
  -0.04452
  -0.04390
  -0.03987
  -0.03275
  -0.02309
  -0.01165
   0.00070
   0.01300
   0.02428
   0.03369
   0.04048
   0.04414
   0.04437
   0.04117
   0.03477
   0.02568
   0.01460
   0.00238
  -0.01001
  -0.02164
  -0.03158
  -0.03908
  -0.04355
  -0.04464
  -0.04227
  -0.03663
  -0.02814
  -0.01748
  -0.00546
   0.00699
   0.01889
   0.02932
   0.03749
   0.04275
   0.04469
   0.04317
   0.03831
   0.03047
   0.02027
   0.00851
  -0.00392
  -0.01605
  -0.02693
  -0.03572
  -0.04174
  -0.04453
  -0.04387
  -0.03980
  -0.03266
  -0.02297
  -0.01151
   0.00084
   0.01313
   0.02440
   0.03378
   0.04054
   0.04416
   0.04436
   0.04111
   0.03468
   0.02556
   0.01446
   0.00224
  -0.01015
  -0.02176
  -0.03168
  -0.03915
  -0.04358
  -0.04463
  -0.04223
  -0.03655
  -0.02803
  -0.01735
  -0.00532
   0.00712
   0.01901
   0.02943
   0.03757
   0.04279
   0.04469
   0.04314
   0.03823
   0.03037
   0.02015
   0.00837
  -0.00406
  -0.01618
  -0.02704
  -0.03580
  -0.04179
  -0.04454
  -0.04384
  -0.03974
  -0.03256
  -0.02285
  -0.01138
   0.00098
   0.01326
   0.02452
   0.03387
   0.04060
   0.04418
   0.04434
   0.04106
   0.03459
   0.02545
   0.01433
   0.00210
  -0.01029
  -0.02188
  -0.03178
  -0.03921
  -0.04361
  -0.04462
  -0.04218
  -0.03646
  -0.02792
  -0.01722
  -0.00518
   0.00726
   0.01914
   0.02954
   0.03764
   0.04283
   0.04470
   0.04310
   0.03816
   0.03027
   0.02002
   0.00823
  -0.00420
  -0.01631
  -0.02715
  -0.03589
  -0.04184
  -0.04456
  -0.04381
  -0.03968
  -0.03246
  -0.02273
  -0.01124
   0.00112
   0.01340
   0.02464
   0.03396
   0.04066
   0.04420
   0.04432
   0.04100
   0.03451
   0.02533
   0.01420
   0.00196
  -0.01042
  -0.02200
  -0.03188
  -0.03928
  -0.04364
  -0.04462
  -0.04213
  -0.03638
  -0.02781
  -0.01709
  -0.00504
   0.00740
   0.01927
   0.02964
   0.03772
   0.04287
   0.04470
   0.04306
   0.03809
   0.03016
   0.01990
   0.00809
  -0.00434
  -0.01644
  -0.02726
  -0.03597
  -0.04189
  -0.04457
  -0.04379
  -0.03961
  -0.03237
  -0.02261
  -0.01111
   0.00126
   0.01353
   0.02475
   0.03406
   0.04072
   0.04422
   0.04430
   0.04095
   0.03442
   0.02522
   0.01407
   0.00182
  -0.01056
  -0.02213
  -0.03198
  -0.03935
  -0.04367
  -0.04461
  -0.04209
  -0.03630
  -0.02770
  -0.01696
  -0.00490
   0.00754
   0.01939
   0.02975
   0.03779
   0.04291
   0.04470
   0.04302
   0.03801
   0.03006
   0.01977
   0.00795
  -0.00448
  -0.01657
  -0.02737
  -0.03605
  -0.04194
  -0.04458
  -0.04376
  -0.03955
  -0.03227
  -0.02249
  -0.01097
   0.00140
   0.01367
   0.02487
   0.03415
   0.04078
   0.04424
   0.04428
   0.04089
   0.03433
   0.02510
   0.01393
   0.00168
  -0.01070
  -0.02225
  -0.03207
  -0.03941
  -0.04370
  -0.04460
  -0.04204
  -0.03622
  -0.02759
  -0.01683
  -0.00476
   0.00768
   0.01952
   0.02985
   0.03787
   0.04295
   0.04470
   0.04299
   0.03794
   0.02995
   0.01965
   0.00782
  -0.00462
  -0.01670
  -0.02748
  -0.03614
  -0.04199
  -0.04459
  -0.04373
  -0.03948
  -0.03217
  -0.02237
  -0.01083
   0.00154
   0.01380
   0.02499
   0.03424
   0.04083
   0.04426
   0.04426
   0.04083
   0.03424
   0.02499
   0.01380
   0.00154
  -0.01083
  -0.02237
  -0.03217
  -0.03948
  -0.04373
  -0.04459
  -0.04199
  -0.03614
  -0.02748
  -0.01670
  -0.00462
   0.00782
   0.01965
   0.02995
   0.03794
   0.04299
   0.04470
   0.04295
   0.03787
   0.02985
   0.01952
   0.00768
  -0.00476
  -0.01683
  -0.02759
  -0.03622
  -0.04204
  -0.04460
  -0.04370
  -0.03941
  -0.03207
  -0.02225
  -0.01070
   0.00168
   0.01393
   0.02510
   0.03433
   0.04089
   0.04428
   0.04424
   0.04078
   0.03415
   0.02487
   0.01367
   0.00140
  -0.01097
  -0.02249
  -0.03227
  -0.03955
  -0.04376
  -0.04458
  -0.04194
  -0.03605
  -0.02737
  -0.01657
  -0.00448
   0.00795
   0.01977
   0.03006
   0.03801
   0.04302
   0.04470
   0.04291
   0.03779
   0.02975
   0.01939
   0.00754
  -0.00490
  -0.01696
  -0.02770
  -0.03630
  -0.04209
  -0.04461
  -0.04367
  -0.03935
  -0.03198
  -0.02213
  -0.01056
   0.00182
   0.01407
   0.02522
   0.03442
   0.04095
   0.04430
   0.04422
   0.04072
   0.03406
   0.02475
   0.01353
   0.00126
  -0.01111
  -0.02261
  -0.03237
  -0.03961
  -0.04379
  -0.04457
  -0.04189
  -0.03597
  -0.02726
  -0.01644
  -0.00434
   0.00809
   0.01990
   0.03016
   0.03809
   0.04306
   0.04470
   0.04287
   0.03772
   0.02964
   0.01927
   0.00740
  -0.00504
  -0.01709
  -0.02781
  -0.03638
  -0.04213
  -0.04462
  -0.04364
  -0.03928
  -0.03188
  -0.02200
  -0.01042
   0.00196
   0.01420
   0.02533
   0.03451
   0.04100
   0.04432
   0.04420
   0.04066
   0.03396
   0.02464
   0.01340
   0.00112
  -0.01124
  -0.02273
  -0.03246
  -0.03968
  -0.04381
  -0.04456
  -0.04184
  -0.03589
  -0.02715
  -0.01631
  -0.00420
   0.00823
   0.02002
   0.03027
   0.03816
   0.04310
   0.04470
   0.04283
   0.03764
   0.02954
   0.01914
   0.00726
  -0.00518
  -0.01722
  -0.02792
  -0.03646
  -0.04218
  -0.04462
  -0.04361
  -0.03921
  -0.03178
  -0.02188
  -0.01029
   0.00210
   0.01433
   0.02545
   0.03459
   0.04106
   0.04434
   0.04418
   0.04060
   0.03387
   0.02452
   0.01326
   0.00098
  -0.01138
  -0.02285
  -0.03256
  -0.03974
  -0.04384
  -0.04454
  -0.04179
  -0.03580
  -0.02704
  -0.01618
  -0.00406
   0.00837
   0.02015
   0.03037
   0.03823
   0.04314
   0.04469
   0.04279
   0.03757
   0.02943
   0.01901
   0.00712
  -0.00532
  -0.01735
  -0.02803
  -0.03655
  -0.04223
  -0.04463
  -0.04358
  -0.03915
  -0.03168
  -0.02176
  -0.01015
   0.00224
   0.01446
   0.02556
   0.03468
   0.04111
   0.04436
   0.04416
   0.04054
   0.03378
   0.02440
   0.01313
   0.00084
  -0.01151
  -0.02297
  -0.03266
  -0.03980
  -0.04387
  -0.04453
  -0.04174
  -0.03572
  -0.02693
  -0.01605
  -0.00392
   0.00851
   0.02027
   0.03047
   0.03831
   0.04317
   0.04469
   0.04275
   0.03749
   0.02932
   0.01889
   0.00699
  -0.00546
  -0.01748
  -0.02814
  -0.03663
  -0.04227
  -0.04464
  -0.04355
  -0.03908
  -0.03158
  -0.02164
  -0.01001
   0.00238
   0.01460
   0.02568
   0.03477
   0.04117
   0.04437
   0.04414
   0.04048
   0.03369
   0.02428
   0.01300
   0.00070
  -0.01165
  -0.02309
  -0.03275
  -0.03987
  -0.04390
  -0.04452
  -0.04169
  -0.03564
  -0.02682
  -0.01592
  -0.00378
   0.00864
   0.02040
   0.03057
   0.03838
   0.04321
   0.04469
   0.04271
   0.03741
   0.02922
   0.01876
   0.00685
  -0.00560
  -0.01761
  -0.02825
  -0.03671
  -0.04232
  -0.04465
  -0.04352
  -0.03901
  -0.03148
  -0.02151
  -0.00988
   0.00252
   0.01473
   0.02579
   0.03486
   0.04122
   0.04439
   0.04412
   0.04042
   0.03360
   0.02417
   0.01286
   0.00056
  -0.01178
  -0.02321
  -0.03285
  -0.03993
  -0.04392
  -0.04451
  -0.04164
  -0.03555
  -0.02670
  -0.01578
  -0.00364
   0.00878
   0.02052
   0.03068
   0.03845
   0.04324
   0.04469
   0.04266
   0.03734
   0.02911
   0.01863
   0.00671
  -0.00574
  -0.01774
  -0.02836
  -0.03679
  -0.04236
  -0.04465
  -0.04348
  -0.03894
  -0.03138
  -0.02139
  -0.00974
   0.00266
   0.01486
   0.02591
   0.03495
   0.04128
   0.04441
   0.04409
   0.04036
   0.03350
   0.02405
   0.01273
   0.00042
  -0.01192
  -0.02333
  -0.03294
  -0.03999
  -0.04395
  -0.04449
  -0.04159
  -0.03547
  -0.02659
  -0.01565
  -0.00350
   0.00892
   0.02065
   0.03078
   0.03852
   0.04328
   0.04468
   0.04262
   0.03726
   0.02901
   0.01850
   0.00657
  -0.00587
  -0.01786
  -0.02847
  -0.03687
  -0.04241
  -0.04466
  -0.04345
  -0.03887
  -0.03128
  -0.02127
  -0.00960
   0.00280
   0.01499
   0.02602
   0.03503
   0.04133
   0.04442
   0.04407
   0.04030
   0.03341
   0.02393
   0.01259
   0.00028
  -0.01205
  -0.02345
  -0.03304
  -0.04006
  -0.04397
  -0.04448
  -0.04154
  -0.03538
  -0.02648
  -0.01552
  -0.00336
   0.00906
   0.02077
   0.03088
   0.03859
   0.04331
   0.04468
   0.04258
   0.03718
   0.02890
   0.01838
   0.00643
  -0.00601
  -0.01799
  -0.02858
  -0.03695
  -0.04245
  -0.04466
  -0.04342
  -0.03880
  -0.03118
  -0.02114
  -0.00947
   0.00294
   0.01513
   0.02614
   0.03512
   0.04138
   0.04444
   0.04405
   0.04024
   0.03332
   0.02381
   0.01246
   0.00014
  -0.01219
  -0.02357
  -0.03313
  -0.04012
  -0.04400
  -0.04447
  -0.04149
  -0.03529
  -0.02636
  -0.01539
  -0.00322
   0.00919
   0.02090
   0.03098
   0.03866
   0.04335
   0.04467
   0.04254
   0.03710
   0.02879
   0.01825
   0.00629
  -0.00615
  -0.01812
  -0.02868
  -0.03702
  -0.04249
  -0.04467
  -0.04338
  -0.03873
  -0.03108
  -0.02102
  -0.00933
   0.00308
   0.01526
   0.02625
   0.03521
   0.04144
   0.04445
   0.04402
   0.04018
   0.03322
   0.02369
   0.01232
