  -0.02249
  -0.03887
  -0.04470
  -0.03838
  -0.02164
   0.00098
   0.02333
   0.03935
   0.04467
   0.03787
   0.02077
  -0.00196
  -0.02417
  -0.03980
  -0.04463
  -0.03734
  -0.01990
   0.00294
   0.02499
   0.04024
   0.04457
   0.03679
   0.01901
  -0.00392
  -0.02579
  -0.04066
  -0.04448
  -0.03622
  -0.01812
   0.00490
   0.02659
   0.04106
   0.04437
   0.03564
   0.01722
  -0.00587
  -0.02737
  -0.04144
  -0.04424
  -0.03503
  -0.01631
   0.00685
   0.02814
   0.04179
   0.04409
   0.03442
   0.01539
  -0.00782
  -0.02890
  -0.04213
  -0.04392
  -0.03378
  -0.01446
   0.00878
   0.02964
   0.04245
   0.04373
   0.03313
   0.01353
  -0.00974
  -0.03037
  -0.04275
  -0.04352
  -0.03246
  -0.01259
   0.01070
   0.03108
   0.04302
   0.04328
   0.03178
   0.01165
  -0.01165
  -0.03178
  -0.04328
  -0.04302
  -0.03108
  -0.01070
   0.01259
   0.03246
   0.04352
   0.04275
   0.03037
   0.00974
  -0.01353
  -0.03313
  -0.04373
  -0.04245
  -0.02964
  -0.00878
   0.01446
   0.03378
   0.04392
   0.04213
   0.02890
   0.00782
  -0.01539
  -0.03442
  -0.04409
  -0.04179
  -0.02814
  -0.00685
   0.01631
   0.03503
   0.04424
   0.04144
   0.02737
   0.00587
  -0.01722
  -0.03564
  -0.04437
  -0.04106
  -0.02659
  -0.00490
   0.01812
   0.03622
   0.04448
   0.04066
   0.02579
   0.00392
  -0.01901
  -0.03679
  -0.04457
  -0.04024
  -0.02499
  -0.00294
   0.01990
   0.03734
   0.04463
   0.03980
   0.02417
   0.00196
  -0.02077
  -0.03787
  -0.04467
  -0.03935
  -0.02333
  -0.00098
   0.02164
   0.03838
   0.04470
   0.03887
   0.02249
   0.00000
  -0.02249
  -0.03887
  -0.04470
  -0.03838
  -0.02164
   0.00098
   0.02333
   0.03935
   0.04467
   0.03787
   0.02077
  -0.00196
  -0.02417
  -0.03980
  -0.04463
  -0.03734
  -0.01990
   0.00294
   0.02499
   0.04024
   0.04457
   0.03679
   0.01901
  -0.00392
  -0.02579
  -0.04066
  -0.04448
  -0.03622
  -0.01812
   0.00490
   0.02659
   0.04106
   0.04437
   0.03564
   0.01722
  -0.00587
  -0.02737
  -0.04144
  -0.04424
  -0.03503
  -0.01631
   0.00685
   0.02814
   0.04179
   0.04409
   0.03442
   0.01539
  -0.00782
  -0.02890
  -0.04213
  -0.04392
  -0.03378
  -0.01446
   0.00878
   0.02964
   0.04245
   0.04373
   0.03313
   0.01353
  -0.00974
  -0.03037
  -0.04275
  -0.04352
  -0.03246
  -0.01259
   0.01070
   0.03108
   0.04302
   0.04328
   0.03178
   0.01165
  -0.01165
  -0.03178
  -0.04328
  -0.04302
  -0.03108
  -0.01070
   0.01259
   0.03246
   0.04352
   0.04275
   0.03037
   0.00974
  -0.01353
  -0.03313
  -0.04373
  -0.04245
  -0.02964
  -0.00878
   0.01446
   0.03378
   0.04392
   0.04213
   0.02890
   0.00782
  -0.01539
  -0.03442
  -0.04409
  -0.04179
  -0.02814
  -0.00685
   0.01631
   0.03503
   0.04424
   0.04144
   0.02737
   0.00587
  -0.01722
  -0.03564
  -0.04437
  -0.04106
  -0.02659
  -0.00490
   0.01812
   0.03622
   0.04448
   0.04066
   0.02579
   0.00392
  -0.01901
  -0.03679
  -0.04457
  -0.04024
  -0.02499
  -0.00294
   0.01990
   0.03734
   0.04463
   0.03980
   0.02417
   0.00196
  -0.02077
  -0.03787
  -0.04467
  -0.03935
  -0.02333
  -0.00098
   0.02164
   0.03838
   0.04470
   0.03887
   0.02249
   0.00000
  -0.02249
  -0.03887
  -0.04470
  -0.03838
  -0.02164
   0.00098
   0.02333
   0.03935
   0.04467
   0.03787
   0.02077
  -0.00196
  -0.02417
  -0.03980
  -0.04463
  -0.03734
  -0.01990
   0.00294
   0.02499
   0.04024
   0.04457
   0.03679
   0.01901
  -0.00392
  -0.02579
  -0.04066
  -0.04448
  -0.03622
  -0.01812
   0.00490
   0.02659
   0.04106
   0.04437
   0.03564
   0.01722
  -0.00587
  -0.02737
  -0.04144
  -0.04424
  -0.03503
  -0.01631
   0.00685
   0.02814
   0.04179
   0.04409
   0.03442
   0.01539
  -0.00782
  -0.02890
  -0.04213
  -0.04392
  -0.03378
  -0.01446
   0.00878
   0.02964
   0.04245
   0.04373
   0.03313
   0.01353
  -0.00974
  -0.03037
  -0.04275
  -0.04352
  -0.03246
  -0.01259
   0.01070
   0.03108
   0.04302
   0.04328
   0.03178
   0.01165
  -0.01165
  -0.03178
  -0.04328
  -0.04302
  -0.03108
  -0.01070
   0.01259
   0.03246
   0.04352
   0.04275
   0.03037
   0.00974
  -0.01353
  -0.03313
  -0.04373
  -0.04245
  -0.02964
  -0.00878
   0.01446
   0.03378
   0.04392
   0.04213
   0.02890
   0.00782
  -0.01539
  -0.03442
  -0.04409
  -0.04179
  -0.02814
  -0.00685
   0.01631
   0.03503
   0.04424
   0.04144
   0.02737
   0.00587
  -0.01722
  -0.03564
  -0.04437
  -0.04106
  -0.02659
  -0.00490
   0.01812
   0.03622
   0.04448
   0.04066
   0.02579
   0.00392
  -0.01901
  -0.03679
  -0.04457
  -0.04024
  -0.02499
  -0.00294
   0.01990
   0.03734
   0.04463
   0.03980
   0.02417
   0.00196
  -0.02077
  -0.03787
  -0.04467
  -0.03935
  -0.02333
  -0.00098
   0.02164
   0.03838
   0.04470
   0.03887
   0.02249
   0.00000
  -0.02249
  -0.03887
  -0.04470
  -0.03838
  -0.02164
   0.00098
   0.02333
   0.03935
   0.04467
   0.03787
   0.02077
  -0.00196
  -0.02417
  -0.03980
  -0.04463
  -0.03734
  -0.01990
   0.00294
   0.02499
   0.04024
   0.04457
   0.03679
   0.01901
  -0.00392
  -0.02579
  -0.04066
  -0.04448
  -0.03622
  -0.01812
   0.00490
   0.02659
   0.04106
   0.04437
   0.03564
   0.01722
  -0.00587
  -0.02737
  -0.04144
  -0.04424
  -0.03503
  -0.01631
   0.00685
   0.02814
   0.04179
   0.04409
   0.03442
   0.01539
  -0.00782
  -0.02890
  -0.04213
  -0.04392
  -0.03378
  -0.01446
   0.00878
   0.02964
   0.04245
   0.04373
   0.03313
   0.01353
  -0.00974
  -0.03037
  -0.04275
  -0.04352
  -0.03246
  -0.01259
   0.01070
   0.03108
   0.04302
   0.04328
   0.03178
   0.01165
  -0.01165
  -0.03178
  -0.04328
  -0.04302
  -0.03108
  -0.01070
   0.01259
   0.03246
   0.04352
   0.04275
   0.03037
   0.00974
  -0.01353
  -0.03313
  -0.04373
  -0.04245
  -0.02964
  -0.00878
   0.01446
   0.03378
   0.04392
   0.04213
   0.02890
   0.00782
  -0.01539
  -0.03442
  -0.04409
  -0.04179
  -0.02814
  -0.00685
   0.01631
   0.03503
   0.04424
   0.04144
   0.02737
   0.00587
  -0.01722
  -0.03564
  -0.04437
  -0.04106
  -0.02659
  -0.00490
   0.01812
   0.03622
   0.04448
   0.04066
   0.02579
   0.00392
  -0.01901
  -0.03679
  -0.04457
  -0.04024
  -0.02499
  -0.00294
   0.01990
   0.03734
   0.04463
   0.03980
   0.02417
   0.00196
  -0.02077
  -0.03787
  -0.04467
  -0.03935
  -0.02333
  -0.00098
   0.02164
   0.03838
   0.04470
   0.03887
   0.02249
   0.00000
  -0.02249
  -0.03887
  -0.04470
  -0.03838
  -0.02164
   0.00098
   0.02333
   0.03935
   0.04467
   0.03787
   0.02077
  -0.00196
  -0.02417
  -0.03980
  -0.04463
  -0.03734
  -0.01990
   0.00294
   0.02499
   0.04024
   0.04457
   0.03679
   0.01901
  -0.00392
  -0.02579
  -0.04066
  -0.04448
  -0.03622
  -0.01812
   0.00490
   0.02659
   0.04106
   0.04437
   0.03564
   0.01722
  -0.00587
  -0.02737
  -0.04144
  -0.04424
  -0.03503
  -0.01631
   0.00685
   0.02814
   0.04179
   0.04409
   0.03442
   0.01539
  -0.00782
  -0.02890
  -0.04213
  -0.04392
  -0.03378
  -0.01446
   0.00878
   0.02964
   0.04245
   0.04373
   0.03313
   0.01353
  -0.00974
  -0.03037
  -0.04275
  -0.04352
  -0.03246
  -0.01259
   0.01070
   0.03108
   0.04302
   0.04328
   0.03178
   0.01165
  -0.01165
  -0.03178
  -0.04328
  -0.04302
  -0.03108
  -0.01070
   0.01259
   0.03246
   0.04352
   0.04275
   0.03037
   0.00974
  -0.01353
  -0.03313
  -0.04373
  -0.04245
  -0.02964
  -0.00878
   0.01446
   0.03378
   0.04392
   0.04213
   0.02890
   0.00782
  -0.01539
  -0.03442
  -0.04409
  -0.04179
  -0.02814
  -0.00685
   0.01631
   0.03503
   0.04424
   0.04144
   0.02737
   0.00587
  -0.01722
  -0.03564
  -0.04437
  -0.04106
  -0.02659
  -0.00490
   0.01812
   0.03622
   0.04448
   0.04066
   0.02579
   0.00392
  -0.01901
  -0.03679
  -0.04457
  -0.04024
  -0.02499
  -0.00294
   0.01990
   0.03734
   0.04463
   0.03980
   0.02417
   0.00196
  -0.02077
  -0.03787
  -0.04467
  -0.03935
  -0.02333
  -0.00098
   0.02164
   0.03838
   0.04470
   0.03887
   0.02249
   0.00000
  -0.02249
  -0.03887
  -0.04470
  -0.03838
  -0.02164
   0.00098
   0.02333
   0.03935
   0.04467
   0.03787
   0.02077
  -0.00196
  -0.02417
  -0.03980
  -0.04463
  -0.03734
  -0.01990
   0.00294
   0.02499
   0.04024
   0.04457
   0.03679
   0.01901
  -0.00392
  -0.02579
  -0.04066
  -0.04448
  -0.03622
  -0.01812
   0.00490
   0.02659
   0.04106
   0.04437
   0.03564
   0.01722
  -0.00587
  -0.02737
  -0.04144
  -0.04424
  -0.03503
  -0.01631
   0.00685
   0.02814
   0.04179
   0.04409
   0.03442
   0.01539
  -0.00782
  -0.02890
  -0.04213
  -0.04392
  -0.03378
  -0.01446
   0.00878
   0.02964
   0.04245
   0.04373
   0.03313
   0.01353
  -0.00974
  -0.03037
  -0.04275
  -0.04352
  -0.03246
  -0.01259
   0.01070
   0.03108
   0.04302
   0.04328
   0.03178
   0.01165
  -0.01165
  -0.03178
  -0.04328
  -0.04302
  -0.03108
  -0.01070
   0.01259
   0.03246
   0.04352
   0.04275
   0.03037
   0.00974
  -0.01353
  -0.03313
  -0.04373
  -0.04245
  -0.02964
  -0.00878
   0.01446
   0.03378
   0.04392
   0.04213
   0.02890
   0.00782
  -0.01539
  -0.03442
  -0.04409
  -0.04179
  -0.02814
  -0.00685
   0.01631
   0.03503
   0.04424
   0.04144
   0.02737
   0.00587
  -0.01722
  -0.03564
  -0.04437
  -0.04106
  -0.02659
  -0.00490
   0.01812
   0.03622
   0.04448
   0.04066
   0.02579
   0.00392
  -0.01901
  -0.03679
  -0.04457
  -0.04024
  -0.02499
  -0.00294
   0.01990
   0.03734
   0.04463
   0.03980
   0.02417
   0.00196
  -0.02077
  -0.03787
  -0.04467
  -0.03935
  -0.02333
  -0.00098
   0.02164
   0.03838
   0.04470
   0.03887
   0.02249
   0.00000
  -0.02249
  -0.03887
  -0.04470
  -0.03838
  -0.02164
   0.00098
   0.02333
   0.03935
   0.04467
   0.03787
   0.02077
  -0.00196
  -0.02417
  -0.03980
  -0.04463
  -0.03734
  -0.01990
   0.00294
   0.02499
   0.04024
   0.04457
   0.03679
   0.01901
  -0.00392
  -0.02579
  -0.04066
  -0.04448
  -0.03622
  -0.01812
   0.00490
   0.02659
   0.04106
   0.04437
   0.03564
   0.01722
  -0.00587
  -0.02737
  -0.04144
  -0.04424
  -0.03503
  -0.01631
   0.00685
   0.02814
   0.04179
   0.04409
   0.03442
   0.01539
  -0.00782
  -0.02890
  -0.04213
  -0.04392
  -0.03378
  -0.01446
   0.00878
   0.02964
   0.04245
   0.04373
   0.03313
   0.01353
  -0.00974
  -0.03037
  -0.04275
  -0.04352
  -0.03246
  -0.01259
   0.01070
   0.03108
   0.04302
   0.04328
   0.03178
   0.01165
  -0.01165
  -0.03178
  -0.04328
  -0.04302
  -0.03108
  -0.01070
   0.01259
   0.03246
   0.04352
   0.04275
   0.03037
   0.00974
  -0.01353
  -0.03313
  -0.04373
  -0.04245
  -0.02964
  -0.00878
   0.01446
   0.03378
   0.04392
   0.04213
   0.02890
   0.00782
  -0.01539
  -0.03442
  -0.04409
  -0.04179
  -0.02814
  -0.00685
   0.01631
   0.03503
   0.04424
   0.04144
   0.02737
   0.00587
  -0.01722
  -0.03564
  -0.04437
  -0.04106
  -0.02659
  -0.00490
   0.01812
   0.03622
   0.04448
   0.04066
   0.02579
   0.00392
  -0.01901
  -0.03679
  -0.04457
  -0.04024
  -0.02499
  -0.00294
   0.01990
   0.03734
   0.04463
   0.03980
   0.02417
   0.00196
  -0.02077
  -0.03787
  -0.04467
  -0.03935
  -0.02333
  -0.00098
   0.02164
   0.03838
   0.04470
   0.03887
   0.02249
