   0.04453
   0.00768
  -0.04321
  -0.01513
   0.04060
   0.02213
  -0.03679
  -0.02847
   0.03188
   0.03396
  -0.02602
  -0.03845
   0.01939
   0.04179
  -0.01219
  -0.04390
   0.00462
   0.04469
   0.00308
  -0.04416
  -0.01070
   0.04232
   0.01799
  -0.03921
  -0.02475
   0.03495
   0.03078
  -0.02964
  -0.03589
   0.02345
   0.03993
  -0.01657
  -0.04279
   0.00919
   0.04437
  -0.00154
  -0.04464
  -0.00615
   0.04358
   0.01367
  -0.04122
  -0.02077
   0.03764
   0.02726
  -0.03294
  -0.03294
   0.02726
   0.03764
  -0.02077
  -0.04122
   0.01367
   0.04358
  -0.00615
  -0.04464
  -0.00154
   0.04437
   0.00919
  -0.04279
  -0.01657
   0.03993
   0.02345
  -0.03589
  -0.02964
   0.03078
   0.03495
  -0.02475
  -0.03921
   0.01799
   0.04232
  -0.01070
  -0.04416
   0.00308
   0.04469
   0.00462
  -0.04390
  -0.01219
   0.04179
   0.01939
  -0.03845
  -0.02602
   0.03396
   0.03188
  -0.02847
  -0.03679
   0.02213
   0.04060
  -0.01513
  -0.04321
   0.00768
   0.04453
  -0.00000
  -0.04453
  -0.00768
   0.04321
   0.01513
  -0.04060
  -0.02213
   0.03679
   0.02847
  -0.03188
  -0.03396
   0.02602
   0.03845
  -0.01939
  -0.04179
   0.01219
   0.04390
  -0.00462
  -0.04469
  -0.00308
   0.04416
   0.01070
  -0.04232
  -0.01799
   0.03921
   0.02475
  -0.03495
  -0.03078
   0.02964
   0.03589
  -0.02345
  -0.03993
   0.01657
   0.04279
  -0.00919
  -0.04437
   0.00154
   0.04464
   0.00615
  -0.04358
  -0.01367
   0.04122
   0.02077
  -0.03764
  -0.02726
   0.03294
   0.03294
  -0.02726
  -0.03764
   0.02077
   0.04122
  -0.01367
  -0.04358
   0.00615
   0.04464
   0.00154
  -0.04437
  -0.00919
   0.04279
   0.01657
  -0.03993
  -0.02345
   0.03589
   0.02964
  -0.03078
  -0.03495
   0.02475
   0.03921
  -0.01799
  -0.04232
   0.01070
   0.04416
  -0.00308
  -0.04469
  -0.00462
   0.04390
   0.01219
  -0.04179
  -0.01939
   0.03845
   0.02602
  -0.03396
  -0.03188
   0.02847
   0.03679
  -0.02213
  -0.04060
   0.01513
   0.04321
  -0.00768
  -0.04453
   0.00000
   0.04453
   0.00768
  -0.04321
  -0.01513
   0.04060
   0.02213
  -0.03679
  -0.02847
   0.03188
   0.03396
  -0.02602
  -0.03845
   0.01939
   0.04179
  -0.01219
  -0.04390
   0.00462
   0.04469
   0.00308
  -0.04416
  -0.01070
   0.04232
   0.01799
  -0.03921
  -0.02475
   0.03495
   0.03078
  -0.02964
  -0.03589
   0.02345
   0.03993
  -0.01657
  -0.04279
   0.00919
   0.04437
  -0.00154
  -0.04464
  -0.00615
   0.04358
   0.01367
  -0.04122
  -0.02077
   0.03764
   0.02726
  -0.03294
  -0.03294
   0.02726
   0.03764
  -0.02077
  -0.04122
   0.01367
   0.04358
  -0.00615
  -0.04464
  -0.00154
   0.04437
   0.00919
  -0.04279
  -0.01657
   0.03993
   0.02345
  -0.03589
  -0.02964
   0.03078
   0.03495
  -0.02475
  -0.03921
   0.01799
   0.04232
  -0.01070
  -0.04416
   0.00308
   0.04469
   0.00462
  -0.04390
  -0.01219
   0.04179
   0.01939
  -0.03845
  -0.02602
   0.03396
   0.03188
  -0.02847
  -0.03679
   0.02213
   0.04060
  -0.01513
  -0.04321
   0.00768
   0.04453
   0.00000
  -0.04453
  -0.00768
   0.04321
   0.01513
  -0.04060
  -0.02213
   0.03679
   0.02847
  -0.03188
  -0.03396
   0.02602
   0.03845
  -0.01939
  -0.04179
   0.01219
   0.04390
  -0.00462
  -0.04469
  -0.00308
   0.04416
   0.01070
  -0.04232
  -0.01799
   0.03921
   0.02475
  -0.03495
  -0.03078
   0.02964
   0.03589
  -0.02345
  -0.03993
   0.01657
   0.04279
  -0.00919
  -0.04437
   0.00154
   0.04464
   0.00615
  -0.04358
  -0.01367
   0.04122
   0.02077
  -0.03764
  -0.02726
   0.03294
   0.03294
  -0.02726
  -0.03764
   0.02077
   0.04122
  -0.01367
  -0.04358
   0.00615
   0.04464
   0.00154
  -0.04437
  -0.00919
   0.04279
   0.01657
  -0.03993
  -0.02345
   0.03589
   0.02964
  -0.03078
  -0.03495
   0.02475
   0.03921
  -0.01799
  -0.04232
   0.01070
   0.04416
  -0.00308
  -0.04469
  -0.00462
   0.04390
   0.01219
  -0.04179
  -0.01939
   0.03845
   0.02602
  -0.03396
  -0.03188
   0.02847
   0.03679
  -0.02213
  -0.04060
   0.01513
   0.04321
  -0.00768
  -0.04453
   0.00000
   0.04453
   0.00768
  -0.04321
  -0.01513
   0.04060
   0.02213
  -0.03679
  -0.02847
   0.03188
   0.03396
  -0.02602
  -0.03845
   0.01939
   0.04179
  -0.01219
  -0.04390
   0.00462
   0.04469
   0.00308
  -0.04416
  -0.01070
   0.04232
   0.01799
  -0.03921
  -0.02475
   0.03495
   0.03078
  -0.02964
  -0.03589
   0.02345
   0.03993
  -0.01657
  -0.04279
   0.00919
   0.04437
  -0.00154
  -0.04464
  -0.00615
   0.04358
   0.01367
  -0.04122
  -0.02077
   0.03764
   0.02726
  -0.03294
  -0.03294
   0.02726
   0.03764
  -0.02077
  -0.04122
   0.01367
   0.04358
  -0.00615
  -0.04464
  -0.00154
   0.04437
   0.00919
  -0.04279
  -0.01657
   0.03993
   0.02345
  -0.03589
  -0.02964
   0.03078
   0.03495
  -0.02475
  -0.03921
   0.01799
   0.04232
  -0.01070
  -0.04416
   0.00308
   0.04469
   0.00462
  -0.04390
  -0.01219
   0.04179
   0.01939
  -0.03845
  -0.02602
   0.03396
   0.03188
  -0.02847
  -0.03679
   0.02213
   0.04060
  -0.01513
  -0.04321
   0.00768
   0.04453
  -0.00000
  -0.04453
  -0.00768
   0.04321
   0.01513
  -0.04060
  -0.02213
   0.03679
   0.02847
  -0.03188
  -0.03396
   0.02602
   0.03845
  -0.01939
  -0.04179
   0.01219
   0.04390
  -0.00462
  -0.04469
  -0.00308
   0.04416
   0.01070
  -0.04232
  -0.01799
   0.03921
   0.02475
  -0.03495
  -0.03078
   0.02964
   0.03589
  -0.02345
  -0.03993
   0.01657
   0.04279
  -0.00919
  -0.04437
   0.00154
   0.04464
   0.00615
  -0.04358
  -0.01367
   0.04122
   0.02077
  -0.03764
  -0.02726
   0.03294
   0.03294
  -0.02726
  -0.03764
   0.02077
   0.04122
  -0.01367
  -0.04358
   0.00615
   0.04464
   0.00154
  -0.04437
  -0.00919
   0.04279
   0.01657
  -0.03993
  -0.02345
   0.03589
   0.02964
  -0.03078
  -0.03495
   0.02475
   0.03921
  -0.01799
  -0.04232
   0.01070
   0.04416
  -0.00308
  -0.04469
  -0.00462
   0.04390
   0.01219
  -0.04179
  -0.01939
   0.03845
   0.02602
  -0.03396
  -0.03188
   0.02847
   0.03679
  -0.02213
  -0.04060
   0.01513
   0.04321
  -0.00768
  -0.04453
   0.00000
   0.04453
   0.00768
  -0.04321
  -0.01513
   0.04060
   0.02213
  -0.03679
  -0.02847
   0.03188
   0.03396
  -0.02602
  -0.03845
   0.01939
   0.04179
  -0.01219
  -0.04390
   0.00462
   0.04469
   0.00308
  -0.04416
  -0.01070
   0.04232
   0.01799
  -0.03921
  -0.02475
   0.03495
   0.03078
  -0.02964
  -0.03589
   0.02345
   0.03993
  -0.01657
  -0.04279
   0.00919
   0.04437
  -0.00154
  -0.04464
  -0.00615
   0.04358
   0.01367
  -0.04122
  -0.02077
   0.03764
   0.02726
  -0.03294
  -0.03294
   0.02726
   0.03764
  -0.02077
  -0.04122
   0.01367
   0.04358
  -0.00615
  -0.04464
  -0.00154
   0.04437
   0.00919
  -0.04279
  -0.01657
   0.03993
   0.02345
  -0.03589
  -0.02964
   0.03078
   0.03495
  -0.02475
  -0.03921
   0.01799
   0.04232
  -0.01070
  -0.04416
   0.00308
   0.04469
   0.00462
  -0.04390
  -0.01219
   0.04179
   0.01939
  -0.03845
  -0.02602
   0.03396
   0.03188
  -0.02847
  -0.03679
   0.02213
   0.04060
  -0.01513
  -0.04321
   0.00768
   0.04453
  -0.00000
  -0.04453
  -0.00768
   0.04321
   0.01513
  -0.04060
  -0.02213
   0.03679
   0.02847
  -0.03188
  -0.03396
   0.02602
   0.03845
  -0.01939
  -0.04179
   0.01219
   0.04390
  -0.00462
  -0.04469
  -0.00308
   0.04416
   0.01070
  -0.04232
  -0.01799
   0.03921
   0.02475
  -0.03495
  -0.03078
   0.02964
   0.03589
  -0.02345
  -0.03993
   0.01657
   0.04279
  -0.00919
  -0.04437
   0.00154
   0.04464
   0.00615
  -0.04358
  -0.01367
   0.04122
   0.02077
  -0.03764
  -0.02726
   0.03294
   0.03294
  -0.02726
  -0.03764
   0.02077
   0.04122
  -0.01367
  -0.04358
   0.00615
   0.04464
   0.00154
  -0.04437
  -0.00919
   0.04279
   0.01657
  -0.03993
  -0.02345
   0.03589
   0.02964
  -0.03078
  -0.03495
   0.02475
   0.03921
  -0.01799
  -0.04232
   0.01070
   0.04416
  -0.00308
  -0.04469
  -0.00462
   0.04390
   0.01219
  -0.04179
  -0.01939
   0.03845
   0.02602
  -0.03396
  -0.03188
   0.02847
   0.03679
  -0.02213
  -0.04060
   0.01513
   0.04321
  -0.00768
  -0.04453
   0.00000
   0.04453
   0.00768
  -0.04321
  -0.01513
   0.04060
   0.02213
  -0.03679
  -0.02847
   0.03188
   0.03396
  -0.02602
  -0.03845
   0.01939
   0.04179
  -0.01219
  -0.04390
   0.00462
   0.04469
   0.00308
  -0.04416
  -0.01070
   0.04232
   0.01799
  -0.03921
  -0.02475
   0.03495
   0.03078
  -0.02964
  -0.03589
   0.02345
   0.03993
  -0.01657
  -0.04279
   0.00919
   0.04437
  -0.00154
  -0.04464
  -0.00615
   0.04358
   0.01367
  -0.04122
  -0.02077
   0.03764
   0.02726
  -0.03294
  -0.03294
   0.02726
   0.03764
  -0.02077
  -0.04122
   0.01367
   0.04358
  -0.00615
  -0.04464
  -0.00154
   0.04437
   0.00919
  -0.04279
  -0.01657
   0.03993
   0.02345
  -0.03589
  -0.02964
   0.03078
   0.03495
  -0.02475
  -0.03921
   0.01799
   0.04232
  -0.01070
  -0.04416
   0.00308
   0.04469
   0.00462
  -0.04390
  -0.01219
   0.04179
   0.01939
  -0.03845
  -0.02602
   0.03396
   0.03188
  -0.02847
  -0.03679
   0.02213
   0.04060
  -0.01513
  -0.04321
   0.00768
   0.04453
  -0.00000
  -0.04453
  -0.00768
   0.04321
   0.01513
  -0.04060
  -0.02213
   0.03679
   0.02847
  -0.03188
  -0.03396
   0.02602
   0.03845
  -0.01939
  -0.04179
   0.01219
   0.04390
  -0.00462
  -0.04469
  -0.00308
   0.04416
   0.01070
  -0.04232
  -0.01799
   0.03921
   0.02475
  -0.03495
  -0.03078
   0.02964
   0.03589
  -0.02345
  -0.03993
   0.01657
   0.04279
  -0.00919
  -0.04437
   0.00154
   0.04464
   0.00615
  -0.04358
  -0.01367
   0.04122
   0.02077
  -0.03764
  -0.02726
   0.03294
   0.03294
  -0.02726
  -0.03764
   0.02077
   0.04122
  -0.01367
  -0.04358
   0.00615
   0.04464
   0.00154
  -0.04437
  -0.00919
   0.04279
   0.01657
  -0.03993
  -0.02345
   0.03589
   0.02964
  -0.03078
  -0.03495
   0.02475
   0.03921
  -0.01799
  -0.04232
   0.01070
   0.04416
  -0.00308
  -0.04469
  -0.00462
   0.04390
   0.01219
  -0.04179
  -0.01939
   0.03845
   0.02602
  -0.03396
  -0.03188
   0.02847
   0.03679
  -0.02213
  -0.04060
   0.01513
   0.04321
  -0.00768
  -0.04453
   0.00000
   0.04453
   0.00768
  -0.04321
  -0.01513
   0.04060
   0.02213
  -0.03679
  -0.02847
   0.03188
   0.03396
  -0.02602
  -0.03845
   0.01939
   0.04179
  -0.01219
  -0.04390
   0.00462
   0.04469
   0.00308
  -0.04416
  -0.01070
   0.04232
   0.01799
  -0.03921
  -0.02475
   0.03495
   0.03078
  -0.02964
  -0.03589
   0.02345
   0.03993
  -0.01657
  -0.04279
   0.00919
   0.04437
  -0.00154
  -0.04464
  -0.00615
   0.04358
   0.01367
  -0.04122
  -0.02077
   0.03764
   0.02726
  -0.03294
  -0.03294
   0.02726
   0.03764
  -0.02077
  -0.04122
   0.01367
   0.04358
  -0.00615
  -0.04464
  -0.00154
   0.04437
   0.00919
  -0.04279
  -0.01657
   0.03993
   0.02345
  -0.03589
  -0.02964
   0.03078
   0.03495
  -0.02475
  -0.03921
   0.01799
   0.04232
  -0.01070
  -0.04416
   0.00308
   0.04469
   0.00462
  -0.04390
  -0.01219
   0.04179
   0.01939
  -0.03845
  -0.02602
   0.03396
   0.03188
  -0.02847
  -0.03679
   0.02213
   0.04060
  -0.01513
  -0.04321
   0.00768
   0.04453
