   0.00364
  -0.00726
   0.01083
  -0.01433
   0.01774
  -0.02102
   0.02417
  -0.02715
   0.02995
  -0.03256
   0.03495
  -0.03710
   0.03901
  -0.04066
   0.04204
  -0.04314
   0.04395
  -0.04447
   0.04469
  -0.04462
   0.04424
  -0.04358
   0.04262
  -0.04138
   0.03987
  -0.03809
   0.03605
  -0.03378
   0.03128
  -0.02858
   0.02568
  -0.02261
   0.01939
  -0.01605
   0.01259
  -0.00906
   0.00546
  -0.00182
  -0.00182
   0.00546
  -0.00906
   0.01259
  -0.01605
   0.01939
  -0.02261
   0.02568
  -0.02858
   0.03128
  -0.03378
   0.03605
  -0.03809
   0.03987
  -0.04138
   0.04262
  -0.04358
   0.04424
  -0.04462
   0.04469
  -0.04447
   0.04395
  -0.04314
   0.04204
  -0.04066
   0.03901
  -0.03710
   0.03495
  -0.03256
   0.02995
  -0.02715
   0.02417
  -0.02102
   0.01774
  -0.01433
   0.01083
  -0.00726
   0.00364
   0.00000
  -0.00364
   0.00726
  -0.01083
   0.01433
  -0.01774
   0.02102
  -0.02417
   0.02715
  -0.02995
   0.03256
  -0.03495
   0.03710
  -0.03901
   0.04066
  -0.04204
   0.04314
  -0.04395
   0.04447
  -0.04469
   0.04462
  -0.04424
   0.04358
  -0.04262
   0.04138
  -0.03987
   0.03809
  -0.03605
   0.03378
  -0.03128
   0.02858
  -0.02568
   0.02261
  -0.01939
   0.01605
  -0.01259
   0.00906
  -0.00546
   0.00182
   0.00182
  -0.00546
   0.00906
  -0.01259
   0.01605
  -0.01939
   0.02261
  -0.02568
   0.02858
  -0.03128
   0.03378
  -0.03605
   0.03809
  -0.03987
   0.04138
  -0.04262
   0.04358
  -0.04424
   0.04462
  -0.04469
   0.04447
  -0.04395
   0.04314
  -0.04204
   0.04066
  -0.03901
   0.03710
  -0.03495
   0.03256
  -0.02995
   0.02715
  -0.02417
   0.02102
  -0.01774
   0.01433
  -0.01083
   0.00726
  -0.00364
  -0.00000
   0.00364
  -0.00726
   0.01083
  -0.01433
   0.01774
  -0.02102
   0.02417
  -0.02715
   0.02995
  -0.03256
   0.03495
  -0.03710
   0.03901
  -0.04066
   0.04204
  -0.04314
   0.04395
  -0.04447
   0.04469
  -0.04462
   0.04424
  -0.04358
   0.04262
  -0.04138
   0.03987
  -0.03809
   0.03605
  -0.03378
   0.03128
  -0.02858
   0.02568
  -0.02261
   0.01939
  -0.01605
   0.01259
  -0.00906
   0.00546
  -0.00182
  -0.00182
   0.00546
  -0.00906
   0.01259
  -0.01605
   0.01939
  -0.02261
   0.02568
  -0.02858
   0.03128
  -0.03378
   0.03605
  -0.03809
   0.03987
  -0.04138
   0.04262
  -0.04358
   0.04424
  -0.04462
   0.04469
  -0.04447
   0.04395
  -0.04314
   0.04204
  -0.04066
   0.03901
  -0.03710
   0.03495
  -0.03256
   0.02995
  -0.02715
   0.02417
  -0.02102
   0.01774
  -0.01433
   0.01083
  -0.00726
   0.00364
   0.00000
  -0.00364
   0.00726
  -0.01083
   0.01433
  -0.01774
   0.02102
  -0.02417
   0.02715
  -0.02995
   0.03256
  -0.03495
   0.03710
  -0.03901
   0.04066
  -0.04204
   0.04314
  -0.04395
   0.04447
  -0.04469
   0.04462
  -0.04424
   0.04358
  -0.04262
   0.04138
  -0.03987
   0.03809
  -0.03605
   0.03378
  -0.03128
   0.02858
  -0.02568
   0.02261
  -0.01939
   0.01605
  -0.01259
   0.00906
  -0.00546
   0.00182
   0.00182
  -0.00546
   0.00906
  -0.01259
   0.01605
  -0.01939
   0.02261
  -0.02568
   0.02858
  -0.03128
   0.03378
  -0.03605
   0.03809
  -0.03987
   0.04138
  -0.04262
   0.04358
  -0.04424
   0.04462
  -0.04469
   0.04447
  -0.04395
   0.04314
  -0.04204
   0.04066
  -0.03901
   0.03710
  -0.03495
   0.03256
  -0.02995
   0.02715
  -0.02417
   0.02102
  -0.01774
   0.01433
  -0.01083
   0.00726
  -0.00364
  -0.00000
   0.00364
  -0.00726
   0.01083
  -0.01433
   0.01774
  -0.02102
   0.02417
  -0.02715
   0.02995
  -0.03256
   0.03495
  -0.03710
   0.03901
  -0.04066
   0.04204
  -0.04314
   0.04395
  -0.04447
   0.04469
  -0.04462
   0.04424
  -0.04358
   0.04262
  -0.04138
   0.03987
  -0.03809
   0.03605
  -0.03378
   0.03128
  -0.02858
   0.02568
  -0.02261
   0.01939
  -0.01605
   0.01259
  -0.00906
   0.00546
  -0.00182
  -0.00182
   0.00546
  -0.00906
   0.01259
  -0.01605
   0.01939
  -0.02261
   0.02568
  -0.02858
   0.03128
  -0.03378
   0.03605
  -0.03809
   0.03987
  -0.04138
   0.04262
  -0.04358
   0.04424
  -0.04462
   0.04469
  -0.04447
   0.04395
  -0.04314
   0.04204
  -0.04066
   0.03901
  -0.03710
   0.03495
  -0.03256
   0.02995
  -0.02715
   0.02417
  -0.02102
   0.01774
  -0.01433
   0.01083
  -0.00726
   0.00364
   0.00000
  -0.00364
   0.00726
  -0.01083
   0.01433
  -0.01774
   0.02102
  -0.02417
   0.02715
  -0.02995
   0.03256
  -0.03495
   0.03710
  -0.03901
   0.04066
  -0.04204
   0.04314
  -0.04395
   0.04447
  -0.04469
   0.04462
  -0.04424
   0.04358
  -0.04262
   0.04138
  -0.03987
   0.03809
  -0.03605
   0.03378
  -0.03128
   0.02858
  -0.02568
   0.02261
  -0.01939
   0.01605
  -0.01259
   0.00906
  -0.00546
   0.00182
   0.00182
  -0.00546
   0.00906
  -0.01259
   0.01605
  -0.01939
   0.02261
  -0.02568
   0.02858
  -0.03128
   0.03378
  -0.03605
   0.03809
  -0.03987
   0.04138
  -0.04262
   0.04358
  -0.04424
   0.04462
  -0.04469
   0.04447
  -0.04395
   0.04314
  -0.04204
   0.04066
  -0.03901
   0.03710
  -0.03495
   0.03256
  -0.02995
   0.02715
  -0.02417
   0.02102
  -0.01774
   0.01433
  -0.01083
   0.00726
  -0.00364
  -0.00000
   0.00364
  -0.00726
   0.01083
  -0.01433
   0.01774
  -0.02102
   0.02417
  -0.02715
   0.02995
  -0.03256
   0.03495
  -0.03710
   0.03901
  -0.04066
   0.04204
  -0.04314
   0.04395
  -0.04447
   0.04469
  -0.04462
   0.04424
  -0.04358
   0.04262
  -0.04138
   0.03987
  -0.03809
   0.03605
  -0.03378
   0.03128
  -0.02858
   0.02568
  -0.02261
   0.01939
  -0.01605
   0.01259
  -0.00906
   0.00546
  -0.00182
  -0.00182
   0.00546
  -0.00906
   0.01259
  -0.01605
   0.01939
  -0.02261
   0.02568
  -0.02858
   0.03128
  -0.03378
   0.03605
  -0.03809
   0.03987
  -0.04138
   0.04262
  -0.04358
   0.04424
  -0.04462
   0.04469
  -0.04447
   0.04395
  -0.04314
   0.04204
  -0.04066
   0.03901
  -0.03710
   0.03495
  -0.03256
   0.02995
  -0.02715
   0.02417
  -0.02102
   0.01774
  -0.01433
   0.01083
  -0.00726
   0.00364
   0.00000
  -0.00364
   0.00726
  -0.01083
   0.01433
  -0.01774
   0.02102
  -0.02417
   0.02715
  -0.02995
   0.03256
  -0.03495
   0.03710
  -0.03901
   0.04066
  -0.04204
   0.04314
  -0.04395
   0.04447
  -0.04469
   0.04462
  -0.04424
   0.04358
  -0.04262
   0.04138
  -0.03987
   0.03809
  -0.03605
   0.03378
  -0.03128
   0.02858
  -0.02568
   0.02261
  -0.01939
   0.01605
  -0.01259
   0.00906
  -0.00546
   0.00182
   0.00182
  -0.00546
   0.00906
  -0.01259
   0.01605
  -0.01939
   0.02261
  -0.02568
   0.02858
  -0.03128
   0.03378
  -0.03605
   0.03809
  -0.03987
   0.04138
  -0.04262
   0.04358
  -0.04424
   0.04462
  -0.04469
   0.04447
  -0.04395
   0.04314
  -0.04204
   0.04066
  -0.03901
   0.03710
  -0.03495
   0.03256
  -0.02995
   0.02715
  -0.02417
   0.02102
  -0.01774
   0.01433
  -0.01083
   0.00726
  -0.00364
  -0.00000
   0.00364
  -0.00726
   0.01083
  -0.01433
   0.01774
  -0.02102
   0.02417
  -0.02715
   0.02995
  -0.03256
   0.03495
  -0.03710
   0.03901
  -0.04066
   0.04204
  -0.04314
   0.04395
  -0.04447
   0.04469
  -0.04462
   0.04424
  -0.04358
   0.04262
  -0.04138
   0.03987
  -0.03809
   0.03605
  -0.03378
   0.03128
  -0.02858
   0.02568
  -0.02261
   0.01939
  -0.01605
   0.01259
  -0.00906
   0.00546
  -0.00182
  -0.00182
   0.00546
  -0.00906
   0.01259
  -0.01605
   0.01939
  -0.02261
   0.02568
  -0.02858
   0.03128
  -0.03378
   0.03605
  -0.03809
   0.03987
  -0.04138
   0.04262
  -0.04358
   0.04424
  -0.04462
   0.04469
  -0.04447
   0.04395
  -0.04314
   0.04204
  -0.04066
   0.03901
  -0.03710
   0.03495
  -0.03256
   0.02995
  -0.02715
   0.02417
  -0.02102
   0.01774
  -0.01433
   0.01083
  -0.00726
   0.00364
   0.00000
  -0.00364
   0.00726
  -0.01083
   0.01433
  -0.01774
   0.02102
  -0.02417
   0.02715
  -0.02995
   0.03256
  -0.03495
   0.03710
  -0.03901
   0.04066
  -0.04204
   0.04314
  -0.04395
   0.04447
  -0.04469
   0.04462
  -0.04424
   0.04358
  -0.04262
   0.04138
  -0.03987
   0.03809
  -0.03605
   0.03378
  -0.03128
   0.02858
  -0.02568
   0.02261
  -0.01939
   0.01605
  -0.01259
   0.00906
  -0.00546
   0.00182
   0.00182
  -0.00546
   0.00906
  -0.01259
   0.01605
  -0.01939
   0.02261
  -0.02568
   0.02858
  -0.03128
   0.03378
  -0.03605
   0.03809
  -0.03987
   0.04138
  -0.04262
   0.04358
  -0.04424
   0.04462
  -0.04469
   0.04447
  -0.04395
   0.04314
  -0.04204
   0.04066
  -0.03901
   0.03710
  -0.03495
   0.03256
  -0.02995
   0.02715
  -0.02417
   0.02102
  -0.01774
   0.01433
  -0.01083
   0.00726
  -0.00364
  -0.00000
   0.00364
  -0.00726
   0.01083
  -0.01433
   0.01774
  -0.02102
   0.02417
  -0.02715
   0.02995
  -0.03256
   0.03495
  -0.03710
   0.03901
  -0.04066
   0.04204
  -0.04314
   0.04395
  -0.04447
   0.04469
  -0.04462
   0.04424
  -0.04358
   0.04262
  -0.04138
   0.03987
  -0.03809
   0.03605
  -0.03378
   0.03128
  -0.02858
   0.02568
  -0.02261
   0.01939
  -0.01605
   0.01259
  -0.00906
   0.00546
  -0.00182
  -0.00182
   0.00546
  -0.00906
   0.01259
  -0.01605
   0.01939
  -0.02261
   0.02568
  -0.02858
   0.03128
  -0.03378
   0.03605
  -0.03809
   0.03987
  -0.04138
   0.04262
  -0.04358
   0.04424
  -0.04462
   0.04469
  -0.04447
   0.04395
  -0.04314
   0.04204
  -0.04066
   0.03901
  -0.03710
   0.03495
  -0.03256
   0.02995
  -0.02715
   0.02417
  -0.02102
   0.01774
  -0.01433
   0.01083
  -0.00726
   0.00364
   0.00000
  -0.00364
   0.00726
  -0.01083
   0.01433
  -0.01774
   0.02102
  -0.02417
   0.02715
  -0.02995
   0.03256
  -0.03495
   0.03710
  -0.03901
   0.04066
  -0.04204
   0.04314
  -0.04395
   0.04447
  -0.04469
   0.04462
  -0.04424
   0.04358
  -0.04262
   0.04138
  -0.03987
   0.03809
  -0.03605
   0.03378
  -0.03128
   0.02858
  -0.02568
   0.02261
  -0.01939
   0.01605
  -0.01259
   0.00906
  -0.00546
   0.00182
   0.00182
  -0.00546
   0.00906
  -0.01259
   0.01605
  -0.01939
   0.02261
  -0.02568
   0.02858
  -0.03128
   0.03378
  -0.03605
   0.03809
  -0.03987
   0.04138
  -0.04262
   0.04358
  -0.04424
   0.04462
  -0.04469
   0.04447
  -0.04395
   0.04314
  -0.04204
   0.04066
  -0.03901
   0.03710
  -0.03495
   0.03256
  -0.02995
   0.02715
  -0.02417
   0.02102
  -0.01774
   0.01433
  -0.01083
   0.00726
  -0.00364
  -0.00000
   0.00364
  -0.00726
   0.01083
  -0.01433
   0.01774
  -0.02102
   0.02417
  -0.02715
   0.02995
  -0.03256
   0.03495
  -0.03710
   0.03901
  -0.04066
   0.04204
  -0.04314
   0.04395
  -0.04447
   0.04469
  -0.04462
   0.04424
  -0.04358
   0.04262
  -0.04138
   0.03987
  -0.03809
   0.03605
  -0.03378
   0.03128
  -0.02858
   0.02568
  -0.02261
   0.01939
  -0.01605
   0.01259
  -0.00906
   0.00546
  -0.00182
  -0.00182
   0.00546
  -0.00906
   0.01259
  -0.01605
   0.01939
  -0.02261
   0.02568
  -0.02858
   0.03128
  -0.03378
   0.03605
  -0.03809
   0.03987
  -0.04138
   0.04262
  -0.04358
   0.04424
  -0.04462
   0.04469
  -0.04447
   0.04395
  -0.04314
   0.04204
  -0.04066
   0.03901
  -0.03710
   0.03495
  -0.03256
   0.02995
  -0.02715
   0.02417
  -0.02102
   0.01774
  -0.01433
   0.01083
  -0.00726
   0.00364
